0 1
0 2
0 3
0 4
1 6
1 7
1 8
1 9
1 35
1 50
1 73
1 74
1 75
1 77
1 87
1 104
1 111
1 123
1 131
1 142
1 144
1 146
1 150
1 152
1 168
1 190
1 191
1 198
1 202
1 210
1 261
1 262
1 263
1 264
1 265
1 266
1 267
1 268
1 269
1 270
1 271
1 272
1 273
1 274
1 275
1 276
1 277
1 278
1 279
1 280
1 281
1 282
1 283
1 284
1 285
1 286
1 287
1 288
1 289
1 290
1 291
1 292
1 293
1 294
1 295
1 296
1 297
1 298
1 299
1 300
1 301
1 302
1 303
1 304
1 305
1 306
1 307
1 308
1 309
1 310
1 311
1 312
1 313
1 314
1 315
1 316
1 317
1 318
1 319
1 320
1 321
1 322
1 323
1 324
1 325
1 326
1 327
1 328
1 329
1 330
1 331
1 332
1 333
1 334
1 335
1 336
1 337
1 338
1 339
1 340
1 341
1 342
1 343
1 344
1 345
1 346
1 347
1 348
1 349
1 350
1 351
1 352
1 353
1 354
1 355
1 356
1 357
1 358
1 359
1 360
1 361
1 362
1 363
1 364
1 365
1 366
1 367
1 368
1 369
1 370
1 371
1 372
1 373
1 374
1 375
1 376
1 377
1 378
1 379
1 380
1 381
1 382
2 73
2 142
2 226
2 268
2 406
2 481
2 544
2 623
2 741
2 867
2 904
2 987
2 1054
2 1120
2 1299
2 1336
2 1407
2 1470
2 1586
2 1587
2 1588
3 8
3 24
3 31
3 87
3 198
3 239
3 253
3 273
3 284
3 312
3 385
3 472
3 640
3 672
3 705
3 725
3 747
3 942
3 994
3 1211
3 1241
3 1302
3 1394
3 1428
3 1467
3 1493
3 1524
3 1526
3 1573
3 1583
3 1696
3 1698
3 1712
3 1737
3 1738
3 1739
3 1740
3 1741
3 1742
3 1743
4 74
4 195
4 495
4 1300
4 1811
6 30
6 31
6 33
6 35
6 38
6 45
6 47
6 49
6 50
6 51
6 54
6 56
6 60
6 61
6 62
6 63
6 64
6 65
6 66
6 67
6 68
6 69
6 70
7 30
7 70
7 74
7 115
7 146
7 175
7 190
7 196
7 446
7 456
8 33
8 74
8 84
8 108
8 119
8 199
8 267
8 527
9 74
9 122
9 130
9 147
9 148
9 149
9 154
9 174
9 201
9 205
9 278
9 287
9 587
9 801
9 815
9 818
10 146
10 277
10 296
10 1138
10 1141
10 1144
10 1145
10 1146
10 1149
10 1150
10 1152
10 1153
10 1154
10 1155
10 1156
10 1157
10 1158
10 1160
10 1161
10 1163
11 30
11 190
11 835
11 1010
11 1299
11 1303
11 1304
11 1305
11 1306
11 1309
11 1310
11 1311
11 1312
12 68
12 1165
12 1167
13 147
13 197
13 721
13 829
13 1163
14 190
14 527
15 1509
16 115
16 290
16 334
16 605
16 672
16 1163
17 134
17 1311
17 1606
18 74
18 146
18 1256
19 74
19 146
19 205
20 45
20 74
20 190
20 295
20 1654
21 277
21 1176
21 1217
21 1600
21 1677
21 1678
21 1679
22 74
22 287
22 1527
22 1682
23 190
23 1157
23 1216
23 1661
23 1717
23 1718
23 1720
23 1721
24 267
24 702
24 1684
24 1768
25 74
25 274
25 1216
25 1515
25 1527
26 1287
27 1677
27 1722
27 1732
27 1885
28 54
28 74
29 295
29 710
29 1141
29 1225
29 1717
29 1894
30 74
30 436
30 894
30 969
30 1334
30 1398
30 1416
30 1544
30 1579
30 1902
31 75
31 262
31 407
31 835
31 1185
31 1273
31 1566
33 136
33 159
33 333
33 402
33 437
33 567
33 594
33 615
33 1122
33 1134
33 1513
33 1736
33 1871
34 277
35 75
35 80
35 1015
35 1197
35 1215
35 1218
35 1361
35 1649
35 1707
35 1774
35 1894
35 1930
35 1947
37 1692
37 1767
38 47
38 306
38 944
38 1302
38 1306
38 1375
38 1381
38 1389
38 1513
38 1518
38 1626
38 1796
39 74
39 290
40 1078
41 1236
41 1256
41 1712
43 1826
44 201
44 1903
45 272
45 454
45 585
45 669
45 753
45 1098
45 1397
45 1984
46 195
46 290
46 1684
47 262
47 412
47 726
47 1221
47 1645
47 1735
47 1815
47 1968
47 1995
49 205
49 627
49 678
49 1062
49 1201
49 1216
49 1353
49 1496
49 1780
49 1848
49 1939
50 861
50 932
50 1132
50 1833
51 82
51 195
51 521
51 691
51 1551
52 1654
53 456
53 1730
54 128
54 263
54 729
54 1076
54 1110
54 1220
54 1278
54 1309
54 1401
54 1968
56 216
56 346
56 817
56 859
56 992
56 1122
56 1713
56 1903
56 1959
60 123
60 283
60 510
60 542
60 618
60 768
60 1553
60 1697
61 702
61 777
61 872
61 1055
61 1203
62 190
62 501
62 661
62 993
62 1000
63 76
63 84
63 437
63 933
63 1781
63 1886
64 200
64 262
64 653
64 997
64 1460
64 1461
64 1850
65 75
65 235
65 304
65 1288
65 1526
65 1785
66 152
66 390
66 807
66 1152
66 1807
67 73
67 1187
67 1713
67 1984
68 328
68 868
68 1815
69 220
69 273
69 670
69 1736
70 157
70 629
70 912
73 74
73 84
73 108
73 115
73 119
73 122
73 123
73 127
73 128
73 129
73 130
73 134
73 136
73 138
74 75
74 78
74 81
74 85
74 91
74 118
74 145
74 159
74 164
74 190
74 192
74 194
74 209
74 215
74 224
74 240
74 261
74 262
74 269
74 299
74 383
74 385
74 386
74 388
74 389
74 423
74 432
74 484
74 498
74 503
74 505
74 511
74 530
74 551
74 556
74 584
74 585
74 586
74 587
74 588
74 589
74 590
74 591
74 592
74 593
74 594
74 595
74 596
74 597
74 598
74 599
74 600
74 601
74 602
74 603
74 604
74 605
74 606
74 607
74 608
74 609
74 610
74 611
74 612
74 613
74 614
74 615
74 616
74 617
74 618
74 619
74 620
74 621
74 622
74 623
74 624
74 625
74 626
74 627
74 628
74 629
74 630
74 631
74 632
74 633
74 634
74 635
74 636
74 637
74 638
74 639
74 640
74 641
74 642
74 643
74 644
74 645
74 646
74 647
74 648
74 649
74 650
74 651
74 652
74 653
74 654
74 655
74 656
74 657
74 658
74 659
74 660
74 661
74 662
74 663
74 664
74 665
75 108
75 147
75 196
75 197
75 199
75 294
75 605
75 672
75 702
75 710
75 711
75 721
75 729
76 123
76 148
76 149
76 267
76 272
76 287
76 294
76 587
76 710
77 128
77 134
77 149
77 456
77 620
77 1194
77 1326
78 148
78 321
78 1144
79 267
79 1026
79 1102
79 1160
79 1168
79 1397
80 190
81 278
81 672
81 896
81 1156
82 190
82 1100
82 1217
82 1522
82 1525
83 190
84 106
84 193
84 217
84 231
84 366
84 383
84 560
84 634
84 655
84 687
84 871
84 951
84 1030
84 1032
84 1053
84 1117
84 1146
84 1245
84 1277
84 1333
84 1346
84 1357
84 1418
84 1428
84 1677
84 1745
84 1788
85 246
85 277
85 1164
85 1219
85 1687
86 190
86 1397
86 1626
86 1758
88 1731
90 1213
91 896
91 1217
91 1527
91 1863
92 205
94 119
95 1200
96 456
96 1772
96 1935
97 1522
97 1944
97 1945
98 154
98 274
98 818
98 1149
102 1615
102 1881
102 1899
103 1972
106 284
108 1186
108 1197
108 1716
108 1984
108 1989
111 1202
111 1718
113 1815
113 1938
115 564
115 789
115 822
115 917
115 1594
115 1915
115 1938
117 1663
117 1897
118 201
118 1915
119 358
119 1090
119 1111
119 1117
119 1204
119 1312
119 1546
121 1236
121 1838
122 419
122 1031
122 1471
122 1692
123 404
125 1452
125 1938
127 209
127 275
127 698
127 1054
127 1709
128 149
128 702
128 1516
129 506
129 675
129 1114
129 1396
129 1485
129 1695
129 1994
130 200
130 908
130 1290
130 1831
131 302
131 1859
134 274
134 650
134 1270
136 300
136 576
136 601
136 1137
138 190
138 859
138 1167
138 1319
142 146
142 147
142 148
142 149
142 152
142 154
142 172
142 174
142 175
142 177
142 178
142 179
142 180
142 181
142 182
142 185
142 186
142 187
142 188
142 189
143 272
143 1093
143 1097
143 1098
143 1099
144 267
144 274
144 896
144 1200
144 1202
144 1211
144 1213
145 147
145 190
145 197
145 267
145 912
145 1216
145 1217
145 1218
145 1219
145 1223
145 1224
145 1225
145 1229
145 1231
145 1233
145 1234
146 157
146 192
146 207
146 220
146 330
146 384
146 495
146 517
146 677
146 682
146 699
146 745
146 750
146 797
146 818
146 869
146 894
146 991
146 998
146 1033
146 1041
146 1048
146 1061
146 1119
146 1155
146 1261
146 1262
146 1263
146 1264
146 1265
146 1266
146 1267
146 1268
147 180
147 185
147 254
147 271
147 319
147 324
147 336
147 383
147 456
147 463
147 578
147 591
147 683
147 688
147 805
147 861
147 1099
147 1219
147 1293
147 1294
147 1295
147 1296
147 1297
147 1298
148 232
148 272
148 383
148 407
148 454
148 900
148 1046
148 1065
148 1295
148 1370
148 1449
148 1451
148 1452
148 1453
149 213
149 245
149 248
149 262
149 277
149 281
149 283
149 517
149 590
149 598
149 651
149 652
149 685
149 722
149 989
149 1029
149 1204
149 1229
149 1300
149 1504
149 1534
149 1575
149 1576
149 1577
150 277
150 321
150 1026
150 1055
150 1154
150 1160
150 1595
151 190
151 197
151 1297
151 1500
151 1626
152 193
152 269
152 303
152 400
152 511
152 879
152 894
152 1060
152 1296
152 1479
152 1564
152 1621
152 1657
152 1690
152 1691
153 334
154 248
154 264
154 286
154 329
154 585
154 671
154 760
154 776
154 1002
154 1027
154 1094
154 1103
154 1174
154 1269
154 1540
154 1590
154 1728
154 1729
154 1730
154 1731
155 201
155 284
155 1233
155 1286
156 190
156 1167
156 1176
157 178
157 1102
158 1819
159 1298
160 1326
160 1922
161 1738
162 1166
163 1661
163 1819
164 1211
164 1667
165 1086
166 1138
166 1141
167 1164
170 587
171 1097
171 1106
172 226
172 279
172 683
172 824
172 1292
172 1583
172 1885
174 672
174 903
174 965
174 1889
175 219
175 281
175 1031
175 1451
176 729
176 1167
177 255
177 414
177 534
177 1612
177 1621
178 326
178 682
178 1085
179 248
179 472
179 1738
179 1747
180 190
180 497
180 1135
180 1490
181 414
181 456
181 980
181 1079
181 1201
181 1379
182 725
182 1027
182 1754
182 1909
182 1946
185 912
185 1518
185 1809
186 413
186 970
186 1243
186 1635
187 407
187 1358
187 1602
187 1636
188 585
188 1237
188 1395
188 1972
189 201
189 317
189 1153
189 1534
190 191
190 192
190 193
190 194
190 195
190 196
190 197
190 198
190 199
190 200
190 201
190 202
190 203
190 204
190 205
190 206
190 207
190 208
190 209
190 210
190 211
190 212
190 213
190 214
190 215
190 216
190 217
190 218
190 219
190 220
190 221
190 222
190 223
190 224
190 225
190 226
190 227
190 228
190 229
190 230
190 231
190 232
190 233
190 234
190 235
190 236
190 237
190 238
190 239
190 240
190 241
190 242
190 243
190 244
190 245
190 246
190 247
190 248
190 249
190 250
190 251
190 252
190 253
190 254
190 255
190 256
190 257
190 258
190 259
190 260
191 195
191 284
191 1099
191 1124
191 1128
193 321
193 1229
193 1299
194 195
194 196
194 1165
194 1223
194 1235
194 1265
194 1299
195 261
195 263
195 282
195 395
195 396
195 433
195 474
195 522
195 599
195 680
195 687
195 736
195 896
195 937
195 967
195 1037
195 1173
195 1217
195 1231
195 1247
195 1408
195 1463
195 1510
195 1511
195 1512
195 1513
195 1514
195 1515
195 1516
195 1517
196 207
196 292
196 342
196 413
196 469
196 590
196 612
196 631
196 663
196 709
196 788
196 792
196 860
196 871
196 894
196 931
196 954
196 1093
196 1100
196 1154
196 1322
196 1404
196 1522
196 1547
196 1566
196 1567
196 1568
196 1569
196 1570
197 296
197 304
197 397
197 1071
197 1652
198 200
198 1515
198 1646
198 1654
198 1694
198 1695
198 1696
199 273
199 276
199 415
199 498
199 673
199 1024
199 1301
199 1702
200 222
200 383
200 492
200 550
200 666
200 670
200 674
200 758
200 781
200 1311
200 1352
200 1489
200 1495
200 1516
200 1568
200 1613
200 1649
200 1687
200 1757
200 1764
200 1765
200 1766
201 283
201 495
201 640
201 1039
201 1456
201 1687
201 1714
201 1764
201 1768
201 1789
201 1800
202 321
202 1715
204 1730
204 1828
204 1829
204 1831
205 217
205 380
205 503
205 556
205 619
205 625
205 698
205 771
205 825
205 984
205 1168
205 1195
205 1266
205 1380
205 1841
205 1842
206 1663
206 1758
206 1844
207 277
208 1167
208 1780
208 1861
209 1299
209 1492
209 1648
209 1871
210 281
210 1216
211 1303
211 1615
212 1877
212 1939
213 1426
214 1663
214 1941
215 711
215 1948
216 1898
217 1165
217 1612
220 912
225 1155
227 1431
227 1722
229 1218
230 1167
230 1901
231 1615
231 1990
233 818
233 1105
233 1110
233 1202
233 1901
233 1958
234 1294
234 1636
235 815
235 1138
235 1303
238 1951
240 829
242 272
242 1708
242 1954
243 268
243 306
243 399
243 1806
245 1803
246 262
246 279
246 371
246 667
246 1607
246 1996
248 1835
249 272
250 1509
251 328
251 410
251 1227
251 1985
252 1217
255 1110
256 921
256 1174
256 1210
256 1318
258 1681
258 1762
260 692
260 1015
260 1471
260 1969
261 274
261 281
261 294
261 302
261 711
261 829
261 835
261 837
262 587
262 605
262 610
262 864
262 871
263 278
263 446
263 610
263 729
263 1010
263 1015
264 274
264 672
264 1078
264 1085
264 1086
264 1087
265 1164
265 1165
265 1166
265 1167
265 1168
265 1171
265 1176
266 1235
266 1236
266 1237
266 1240
267 780
267 900
267 990
267 1009
267 1135
267 1144
267 1260
268 272
268 587
270 1149
271 1518
271 1520
272 588
272 720
272 1158
272 1164
272 1425
272 1437
272 1519
272 1557
272 1558
272 1559
272 1560
272 1561
273 296
273 1235
273 1303
274 388
274 395
274 416
274 511
274 732
274 783
274 827
274 864
274 1611
274 1612
274 1613
274 1614
275 1166
275 1492
275 1615
275 1618
276 896
276 1527
276 1609
276 1644
276 1645
276 1646
276 1647
277 289
277 371
277 404
277 452
277 475
277 500
277 514
277 593
277 600
277 646
277 676
277 730
277 769
277 859
277 901
277 992
277 1050
277 1198
277 1364
277 1404
277 1589
277 1608
277 1648
277 1649
277 1650
278 345
278 399
278 584
278 654
278 796
278 1003
278 1004
278 1101
278 1186
278 1435
279 829
279 1224
279 1263
279 1492
279 1663
279 1664
280 331
280 1648
280 1666
280 1667
281 296
281 470
281 493
281 667
281 896
281 1008
281 1156
281 1247
281 1540
281 1671
281 1672
281 1673
281 1674
282 1522
282 1715
282 1716
283 294
283 1626
283 1722
283 1732
283 1733
283 1735
283 1736
284 307
284 403
284 429
284 445
284 506
284 593
284 667
284 692
284 698
284 784
284 858
284 921
284 941
284 950
284 1034
284 1070
284 1344
284 1558
284 1720
284 1753
284 1754
284 1755
284 1756
284 1757
284 1758
284 1759
284 1760
284 1761
285 295
285 1768
286 896
286 1612
286 1771
286 1772
287 586
287 621
287 1031
287 1540
288 1681
289 290
289 1823
290 472
290 495
290 694
290 697
290 734
290 823
290 946
290 960
290 1004
290 1161
290 1256
290 1257
290 1374
290 1381
290 1567
290 1571
290 1590
290 1828
290 1834
290 1835
290 1836
290 1837
290 1838
291 1165
291 1452
291 1843
292 1200
292 1758
293 1153
293 1626
294 788
294 1087
294 1625
294 1705
294 1864
294 1865
295 322
295 384
295 394
295 509
295 520
295 606
295 902
295 1078
295 1219
295 1805
295 1843
296 724
296 869
296 1394
296 1697
296 1833
297 1303
298 1527
298 1715
299 1166
299 1289
299 1724
300 1452
300 1651
300 1767
300 1902
301 331
301 1722
301 1785
301 1861
302 525
302 560
302 666
302 781
302 796
302 829
302 998
302 1004
302 1021
302 1102
302 1115
302 1133
302 1287
302 1373
302 1395
302 1476
302 1587
302 1749
302 1756
302 1761
303 317
303 1161
304 1715
304 1839
305 1779
306 1666
306 1772
307 1202
307 1612
308 1831
308 1888
311 1774
315 1287
315 1878
317 674
317 697
317 1477
317 1682
318 1217
318 1645
318 1722
321 712
321 1107
321 1735
323 614
324 1304
324 1865
325 1634
326 1614
327 383
327 462
327 625
327 865
327 903
327 1185
327 1895
327 1978
328 815
328 1733
328 1780
330 1636
331 500
331 588
331 733
331 912
331 1120
331 1471
331 1711
331 1878
331 1898
331 1899
331 1905
332 1216
333 620
333 1930
334 387
334 414
334 736
334 1418
334 1498
334 1842
334 1859
335 1615
336 1696
336 1722
336 1987
337 1217
338 1864
341 1511
342 1626
343 1606
344 1010
345 1218
347 1102
348 1820
349 1299
350 1879
352 864
352 1863
353 711
353 1155
355 1990
358 1595
358 1690
359 1157
361 1124
368 1717
368 1895
370 672
373 1881
375 1100
377 1726
377 1877
378 710
379 1938
383 896
383 912
384 620
384 1026
384 1055
385 1194
386 1256
387 1287
387 1289
388 614
388 1144
389 1426
390 1106
390 1431
390 1433
391 1141
391 1600
391 1602
392 1609
394 1584
394 1692
396 1722
397 1826
397 1839
398 1171
398 1658
399 620
399 729
400 1522
400 1720
401 1737
402 614
402 1087
402 1219
402 1635
402 1869
403 1707
404 1105
404 1110
405 1829
405 1872
406 1158
407 829
407 1726
407 1819
408 896
409 1145
410 660
411 1663
411 1709
411 1834
411 1937
414 1156
414 1273
415 1721
416 702
416 1833
418 1263
418 1303
418 1309
418 1358
418 1641
418 1773
418 1889
419 1887
421 587
421 1237
422 896
422 1664
423 1612
423 1902
424 1958
426 1984
426 1987
429 1756
430 1894
432 1087
433 1800
433 1872
434 1304
437 1912
438 605
438 1216
440 1492
441 1878
443 1303
443 1518
444 729
445 1357
445 1717
446 932
446 1003
446 1102
446 1451
446 1730
448 1157
448 1732
449 1978
449 1995
450 837
451 1652
451 1689
452 835
452 1299
452 1758
453 1781
455 587
455 1010
455 1731
456 488
456 1690
458 1820
459 1779
461 1520
465 1217
465 1916
466 1678
467 912
468 1217
470 1819
470 1922
472 1718
473 1708
476 1819
477 1098
478 1128
478 1859
479 896
480 1881
483 1939
487 1156
489 1945
495 527
495 1010
495 1165
495 1298
495 1357
495 1358
496 835
496 896
496 1026
496 1299
497 1312
497 1662
497 1762
498 1128
498 1661
498 1785
499 1690
500 1500
501 1216
501 1218
501 1576
503 1299
503 1859
504 1150
504 1716
504 1838
504 1888
504 1895
506 1299
507 1218
507 1431
507 1868
507 1915
508 1651
509 1326
510 1604
511 1217
512 1303
512 1737
512 1953
513 1110
514 1015
514 1708
515 587
515 702
516 1930
517 1720
517 1782
517 1793
520 1146
520 1213
520 1718
521 1644
521 1648
523 1815
524 660
524 1426
524 1717
526 1216
526 1218
527 672
527 894
527 1020
527 1847
527 1967
527 1972
528 1793
529 1916
530 1694
530 1988
532 1216
532 1522
534 1998
535 1684
536 835
536 1216
536 1921
538 1299
539 1717
541 1223
541 1306
542 837
542 1987
543 1900
545 1762
546 1901
547 1941
551 1098
551 1102
551 1819
552 1306
552 1989
553 1654
553 1897
554 1695
555 1303
558 912
559 1431
561 1735
566 1953
573 1680
575 1287
575 1667
576 1576
579 1998
584 711
584 864
584 1100
584 1102
584 1105
584 1106
584 1110
585 1164
585 1235
585 1273
585 1286
586 1093
586 1641
587 651
587 837
587 882
587 920
587 930
587 1059
587 1367
587 1404
587 1657
587 1658
587 1659
587 1660
587 1661
587 1662
589 1236
589 1666
589 1682
589 1707
589 1708
589 1709
590 1738
590 1800
590 1803
591 1100
591 1309
592 614
592 1164
593 1722
594 1085
594 1299
594 1815
594 1877
596 610
596 1200
596 1692
597 1826
599 1304
600 1921
601 1717
601 1733
602 1235
603 1771
603 1803
603 1946
604 1154
604 1216
604 1709
605 611
605 725
605 868
605 1049
605 1261
605 1286
605 1416
605 1954
608 1509
608 1647
609 896
609 1217
610 670
611 1677
614 618
614 660
614 739
614 1694
615 1615
615 1818
615 1888
617 1240
620 1042
620 1341
620 1376
620 1413
620 1497
620 1695
620 1879
621 1844
623 837
624 1708
625 1231
625 1947
626 1106
626 1236
626 1664
626 1728
628 1145
628 1576
628 1998
630 1225
632 1298
636 896
637 1216
637 1899
641 1078
642 864
643 1995
645 1216
649 1309
650 1664
652 1236
652 1648
652 1715
653 1218
656 1929
658 1725
659 1772
660 966
662 1106
666 1236
666 1304
666 1433
667 1138
667 1141
667 1166
667 1634
667 1635
667 1636
668 1224
668 1651
669 710
669 818
669 1078
669 1097
669 1168
669 1218
669 1223
669 1357
669 1634
669 1680
669 1681
670 1102
670 1224
670 1303
670 1500
670 1518
670 1648
670 1680
670 1750
672 1159
672 1163
673 1097
674 1679
674 1722
674 1818
679 1729
680 1721
680 1879
681 1725
681 1738
681 1841
682 1868
682 1876
683 1306
684 1881
685 1527
688 721
688 1152
688 1294
688 1879
689 1684
691 1773
691 1960
692 1299
692 1895
693 1737
694 864
694 1433
696 1939
699 1168
700 1663
701 1085
701 1839
701 1898
702 776
702 1004
702 1300
702 1383
705 1312
706 801
708 1800
710 1216
710 1556
710 1755
710 1773
710 1897
711 834
711 1052
711 1132
711 1391
711 1571
711 1628
711 1659
711 1757
711 1859
711 1861
711 1912
711 1985
711 1986
713 1707
715 1171
716 1865
717 1687
718 1951
719 1750
721 927
721 1157
721 1217
721 1235
721 1681
721 1696
721 1713
722 1527
724 1712
724 1938
725 1767
725 1839
725 1984
727 1609
728 1309
729 735
729 836
729 1177
729 1345
729 1398
729 1600
731 1299
733 1015
734 1240
734 1823
734 1953
735 1995
736 1492
739 1634
743 1987
746 1793
751 1992
752 1654
755 1312
755 1946
756 1823
757 1997
758 1994
766 1286
766 1426
767 1831
769 1998
772 801
772 1888
777 1166
777 1654
777 1684
778 1682
778 1684
779 896
779 1263
779 1500
779 1644
781 1722
781 1876
782 801
782 1776
783 1662
783 1782
783 1903
784 837
784 1100
784 1158
785 1164
786 1654
786 1717
786 1915
787 1952
788 1992
793 1492
795 1156
795 1826
795 1829
798 1916
800 871
801 1205
801 1304
801 1426
802 1102
804 896
810 1634
811 1609
815 864
815 980
819 1492
822 1015
823 1299
823 1584
824 1168
825 1305
825 1684
826 1202
826 1725
827 1138
827 1951
829 1189
829 1291
829 1440
831 1895
832 1026
833 1026
834 1078
835 1205
835 1272
835 1496
835 1509
835 1511
835 1729
835 1762
835 1765
835 1834
835 1930
835 1943
835 1996
837 1105
837 1284
837 1304
837 1601
837 1651
837 1674
837 1726
837 1765
837 1779
837 1861
837 1912
841 1835
844 1708
847 1715
848 896
849 1781
851 1236
852 1233
853 1663
854 1297
855 1150
856 1105
859 1171
859 1527
860 1164
860 1200
860 1518
860 1694
860 1711
861 1305
861 1648
861 1722
861 1724
861 1726
861 1793
862 1223
862 1326
862 1664
862 1876
863 1823
864 932
864 1284
864 1527
864 1588
864 1804
864 1828
864 1904
864 1922
865 1167
866 1153
866 1733
868 1973
869 1641
870 871
870 1614
871 1120
871 1533
871 1574
871 1587
871 1625
871 1675
871 1899
871 1925
871 1935
871 1982
872 1231
872 1358
872 1738
872 1897
872 1912
872 1943
873 1873
875 1128
877 1311
877 1869
879 1894
880 1219
881 1654
883 1299
883 1953
884 1715
885 1171
885 1216
888 1869
890 1099
892 1895
892 1988
894 1235
894 1299
896 1301
896 1431
896 1494
896 1603
896 1604
898 1326
904 1644
905 1511
905 1864
906 1492
906 1520
907 1681
909 1929
910 1717
910 1729
911 1982
912 1058
912 1181
912 1224
914 1720
916 1660
917 1218
917 1297
917 1595
917 1634
917 1771
917 1954
922 1820
925 1895
926 1634
931 1511
931 1687
931 1689
932 1658
932 1666
932 1722
932 1724
932 1725
932 1726
933 1782
934 1106
934 1289
934 1358
934 1689
937 1820
938 1010
938 1153
938 1828
938 1901
939 1842
940 1728
940 1815
940 1937
941 1358
941 1828
942 1219
943 1988
945 1937
948 1225
948 1940
950 1218
950 1948
950 1988
951 1977
952 1326
952 1869
953 1164
953 1836
954 1128
955 1236
956 1724
957 1664
957 1903
961 1527
963 1692
964 1166
966 1771
968 1146
968 1960
973 1663
975 1093
977 1776
980 1171
985 1286
986 1236
988 1929
989 1711
989 1712
990 1767
992 1881
993 1093
993 1237
993 1667
993 1871
994 1299
994 1737
994 1937
994 1938
995 1216
995 1943
996 1952
997 1785
997 1939
999 1879
1000 1729
1003 1994
1009 1707
1010 1069
1010 1111
1010 1149
1010 1659
1010 1977
1011 1240
1012 1728
1015 1617
1015 1691
1015 1744
1017 1887
1019 1876
1020 1712
1024 1663
1025 1236
1025 1660
1025 1737
1025 1876
1026 1135
1026 1269
1026 1341
1026 1602
1026 1622
1026 1654
1026 1886
1026 1887
1026 1888
1027 1716
1027 1889
1029 1930
1031 1164
1031 1711
1031 1973
1032 1682
1032 1977
1033 1762
1036 1100
1036 1881
1038 1707
1040 1093
1041 1988
1042 1311
1042 1707
1043 1164
1043 1236
1044 1102
1048 1659
1049 1098
1049 1511
1050 1947
1052 1766
1055 1185
1055 1347
1056 1520
1058 1213
1058 1878
1059 1160
1059 1636
1064 1839
1065 1144
1065 1614
1065 1635
1065 1696
1065 1841
1065 1897
1065 1898
1066 1155
1066 1736
1067 1294
1067 1733
1067 1750
1067 1948
1071 1667
1072 1124
1072 1724
1073 1234
1073 1299
1073 1576
1073 1793
1077 1263
1078 1195
1078 1376
1078 1671
1078 1945
1078 1990
1079 1900
1080 1171
1080 1515
1084 1737
1084 1978
1085 1217
1085 1299
1085 1363
1085 1744
1085 1970
1086 1150
1086 1654
1086 1755
1087 1404
1088 1724
1088 1869
1089 1509
1089 1711
1089 1939
1090 1885
1093 1611
1094 1772
1095 1838
1095 1889
1096 1602
1096 1738
1097 1773
1099 1835
1101 1520
1101 1819
1102 1159
1102 1258
1102 1305
1102 1452
1102 1890
1102 1953
1103 1935
1104 1152
1104 1216
1104 1948
1105 1108
1105 1196
1105 1646
1106 1116
1106 1929
1107 1219
1107 1525
1107 1658
1107 1766
1107 1900
1108 1948
1109 1397
1110 1766
1110 1772
1110 1909
1112 1692
1115 1646
1117 1304
1117 1609
1118 1236
1118 1951
1119 1978
1120 1945
1121 1223
1121 1681
1122 1946
1124 1222
1124 1586
1124 1765
1125 1843
1127 1800
1128 1990
1129 1233
1131 1168
1132 1779
1132 1780
1132 1781
1135 1154
1135 1692
1135 1776
1137 1167
1137 1935
1137 1991
1138 1191
1138 1356
1138 1474
1138 1589
1138 1661
1139 1615
1139 1679
1141 1525
1141 1618
1145 1185
1145 1878
1146 1617
1149 1301
1150 1424
1150 1617
1150 1789
1152 1356
1153 1355
1154 1160
1156 1159
1158 1378
1161 1206
1161 1932
1163 1628
1164 1176
1164 1184
1164 1826
1165 1474
1165 1606
1165 1630
1166 1274
1166 1335
1166 1900
1166 1940
1167 1223
1167 1280
1167 1830
1167 1860
1168 1795
1168 1946
1171 1218
1171 1317
1171 1373
1171 1379
1171 1425
1171 1524
1171 1721
1171 1868
1171 1891
1171 1947
1171 1952
1172 1894
1172 1992
1173 1202
1173 1938
1173 1989
1174 1679
1174 1834
1176 1528
1176 1680
1180 1707
1180 1941
1180 1984
1183 1492
1183 1737
1184 1265
1184 1667
1185 1310
1185 1397
1185 1687
1186 1306
1186 1695
1186 1712
1187 1312
1187 1694
1188 1733
1194 1299
1194 1373
1194 1388
1195 1273
1195 1299
1196 1297
1196 1310
1199 1224
1199 1299
1200 1290
1200 1310
1200 1572
1200 1635
1200 1706
1201 1943
1202 1246
1202 1473
1202 1680
1202 1843
1202 1934
1211 1239
1211 1643
1213 1818
1215 1826
1216 1335
1216 1555
1216 1864
1216 1885
1216 1928
1216 1929
1217 1552
1217 1581
1217 1934
1218 1353
1218 1461
1218 1496
1218 1554
1218 1633
1218 1955
1219 1438
1219 1836
1219 1857
1219 1966
1220 1240
1220 1618
1220 1636
1220 1718
1220 1873
1220 1935
1222 1728
1223 1433
1223 1608
1223 1641
1223 1709
1223 1805
1223 1846
1223 1852
1223 1957
1225 1310
1225 1501
1229 1312
1229 1589
1229 1644
1230 1397
1230 1868
1230 1972
1231 1433
1233 1658
1234 1302
1234 1725
1234 1838
1235 1563
1235 1568
1235 1692
1236 1754
1236 1879
1237 1302
1237 1749
1237 1805
1237 1887
1238 1426
1240 1265
1240 1398
1240 1973
1241 1779
1242 1299
1242 1887
1247 1304
1248 1768
1253 1645
1254 1682
1254 1709
1256 1646
1256 1717
1258 1358
1258 1953
1259 1299
1260 1602
1261 1691
1261 1912
1262 1303
1262 1836
1263 1539
1265 1368
1269 1305
1269 1831
1270 1872
1270 1889
1271 1895
1272 1662
1273 1590
1274 1684
1275 1738
1275 1818
1276 1299
1276 1834
1277 1609
1278 1900
1281 1299
1283 1304
1287 1374
1287 1375
1289 1337
1289 1417
1289 1483
1289 1972
1290 1492
1293 1722
1294 1381
1294 1907
1297 1647
1298 1654
1299 1359
1299 1444
1299 1472
1299 1492
1299 1493
1299 1494
1299 1495
1299 1496
1299 1497
1299 1498
1299 1499
1299 1500
1300 1662
1300 1773
1300 1774
1300 1776
1301 1357
1301 1872
1301 1873
1302 1584
1303 1418
1303 1577
1303 1841
1303 1881
1304 1517
1304 1971
1304 1973
1304 1976
1306 1621
1306 1976
1309 1323
1309 1369
1309 1998
1311 1860
1312 1618
1321 1803
1326 1774
1326 1794
1326 1945
1331 1885
1333 1815
1334 1897
1335 1660
1335 1785
1336 1636
1336 1941
1339 1731
1342 1525
1342 1869
1342 1878
1346 1982
1347 1958
1349 1881
1352 1732
1355 1717
1356 1844
1357 1520
1358 1647
1360 1648
1363 1722
1371 1522
1371 1903
1373 1678
1373 1730
1373 1833
1385 1829
1386 1397
1386 1944
1387 1984
1390 1762
1394 1576
1395 1732
1397 1574
1397 1986
1402 1707
1403 1948
1404 1707
1404 1878
1406 1736
1407 1960
1408 1618
1414 1940
1418 1823
1419 1600
1421 1735
1421 1836
1421 1989
1423 1863
1424 1780
1424 1921
1427 1815
1428 1871
1430 1511
1430 1903
1431 1590
1433 1573
1434 1868
1435 1865
1436 1765
1437 1818
1437 1902
1439 1515
1441 1943
1442 1615
1442 1722
1442 1994
1450 1452
1452 1914
1452 1991
1453 1820
1463 1953
1467 1609
1468 1725
1468 1935
1469 1728
1471 1635
1471 1868
1472 1921
1473 1663
1473 1835
1476 1731
1487 1793
1492 1541
1492 1804
1492 1901
1493 1756
1495 1922
1498 1915
1501 1648
1501 1684
1503 1864
1505 1750
1506 1658
1510 1952
1511 1907
1511 1925
1513 1766
1514 1782
1516 1525
1519 1615
1520 1679
1520 1782
1522 1601
1522 1677
1525 1544
1525 1877
1527 1578
1527 1642
1527 1829
1527 1858
1529 1815
1531 1634
1531 1800
1532 1691
1534 1982
1536 1722
1537 1990
1538 1658
1538 1664
1538 1717
1539 1894
1543 1793
1543 1877
1543 1948
1548 1843
1557 1715
1558 1721
1559 1960
1560 1663
1563 1937
1564 1793
1566 1689
1567 1659
1571 1658
1571 1768
1571 1987
1576 1630
1576 1740
1578 1652
1579 1953
1581 1873
1581 1898
1584 1642
1584 1901
1586 1868
1589 1678
1589 1899
1589 1900
1590 1771
1591 1861
1593 1844
1594 1842
1595 1704
1595 1765
1600 1722
1600 1757
1602 1707
1604 1810
1604 1916
1604 1987
1606 1609
1606 1633
1606 1713
1607 1865
1609 1613
1609 1709
1611 1888
1614 1733
1615 1634
1615 1869
1615 1872
1621 1916
1623 1992
1626 1962
1627 1838
1629 1718
1634 1706
1635 1998
1637 1717
1641 1865
1642 1722
1642 1737
1645 1917
1647 1678
1648 1666
1649 1728
1649 1958
1650 1762
1651 1789
1651 1964
1652 1771
1652 1854
1654 1660
1654 1921
1656 1915
1657 1663
1657 1997
1658 1841
1659 1956
1660 1997
1663 1803
1663 1899
1663 1972
1663 1986
1664 1876
1666 1985
1667 1944
1671 1997
1672 1815
1672 1977
1673 1982
1678 1757
1678 1884
1680 1830
1680 1992
1681 1776
1684 1817
1684 1883
1684 1945
1687 1960
1689 1897
1690 1958
1691 1724
1698 1948
1699 1948
1704 1902
1705 1715
1706 1915
1707 1817
1707 1969
1708 1737
1708 1873
1708 1941
1709 1946
1709 1967
1711 1818
1711 1903
1712 1761
1713 1728
1713 1839
1714 1951
1715 1821
1715 1921
1716 1808
1718 1732
1722 1819
1722 1820
1722 1821
1723 1732
1723 1803
1723 1947
1725 1793
1728 1781
1731 1757
1732 1787
1732 1830
1732 1850
1732 1918
1732 1948
1736 1951
1738 1953
1738 1991
1749 1944
1749 1997
1750 1768
1751 1998
1753 1902
1756 1954
1756 1957
1767 1902
1768 1801
1768 1821
1773 1948
1774 1928
1774 1959
1785 1991
1791 1839
1793 1877
1793 1905
1794 1989
1796 1940
1804 1868
1807 1819
1813 1922
1815 1911
1815 1931
1817 1929
1818 1995
1819 1833
1823 1842
1823 1869
1828 1931
1829 1978
1835 1959
1836 1974
1837 1998
1839 1973
1843 1916
1843 1994
1844 1935
1849 1899
1853 1899
1863 1868
1863 1938
1869 1944
1869 1998
1871 1918
1873 1910
1876 1885
1876 1908
1884 1938
1895 1940
1897 1954
1899 1937
1910 1990
1930 1968
1931 1946
1932 1991
1934 1958
1939 1988
1951 1954
1952 1958
1977 1998
