0 1
0 3
1 6
1 7
1 8
1 9
1 35
1 50
1 73
1 74
1 75
1 300
3 8
3 24
3 31
3 87
3 198
3 239
3 253
3 273
3 284
3 312
3 385
3 472
3 640
3 672
3 705
3 725
3 747
3 942
3 994
3 1211
3 1241
3 1302
3 1394
3 1428
3 1467
3 1493
3 1524
3 1526
3 1573
3 1583
3 1696
3 1698
3 1712
3 1737
3 1738
3 1739
3 1740
3 1741
3 1742
3 1743
6 31
11 300
30 1902
31 75
31 262
31 407
31 835
31 1185
31 1273
31 1566
37 1767
75 725
136 300
161 1738
179 1738
182 725
198 1696
220 300
300 585
300 656
300 677
300 812
300 918
300 955
300 1340
300 1342
300 1428
300 1435
300 1452
300 1551
300 1651
300 1767
300 1902
336 1696
401 1737
423 1902
512 1737
512 1953
517 725
557 725
566 1953
590 1738
605 725
681 1738
693 1737
721 1696
725 838
725 863
725 1120
725 1767
725 1839
725 1913
725 1961
725 1984
734 1953
872 1738
883 1953
990 1767
994 1737
1025 1737
1065 1696
1084 1737
1096 1738
1102 1953
1183 1737
1258 1953
1275 1738
1437 1902
1463 1953
1579 1953
1642 1737
1704 1902
1708 1737
1738 1953
1738 1991
1753 1902
1767 1902
