0 3
1 198
3 8
3 24
3 31
3 87
3 198
3 239
3 253
3 273
3 284
3 312
3 385
3 472
3 640
3 672
3 705
3 725
3 747
3 942
3 994
10 198
64 200
75 711
85 1687
95 198
130 200
169 198
190 198
190 200
198 200
198 263
198 268
198 396
198 501
198 842
198 881
198 937
198 994
198 1515
198 1617
198 1646
198 1654
198 1694
198 1695
198 1696
198 1697
200 222
200 383
200 492
200 550
200 666
200 670
200 674
200 758
200 781
200 1311
200 1352
200 1489
200 1495
200 1516
200 1568
200 1613
200 1649
200 1687
200 1757
200 1764
200 1765
200 1766
201 1687
208 1861
215 711
251 1985
261 711
280 1666
284 1757
301 1861
306 1666
353 711
584 711
587 1659
589 1666
711 834
711 1052
711 1132
711 1391
711 1571
711 1628
711 1659
711 1757
711 1859
711 1861
711 1912
711 1985
711 1986
717 1687
739 1985
787 1985
837 1861
842 1985
889 1985
931 1687
932 1666
1010 1659
1048 1659
1185 1687
1333 1757
1567 1659
1591 1861
1600 1757
1648 1666
1659 1956
1666 1985
1678 1757
1687 1960
1731 1757
1757 1942
