1 190
7 190
11 190
12 1167
14 190
20 190
23 190
23 1718
27 1732
62 190
73 138
74 190
79 1395
80 190
82 190
83 190
86 190
111 1718
138 190
138 859
138 1167
138 1319
142 188
145 190
151 190
156 190
156 1167
176 1167
180 190
188 585
188 1237
188 1395
188 1972
190 191
190 192
190 193
190 194
190 195
190 196
190 197
190 198
190 199
190 200
190 201
190 202
190 203
190 204
190 205
190 206
190 207
190 208
190 209
190 210
190 211
190 212
190 213
204 1830
208 1167
215 1948
216 1395
226 1830
230 1167
265 1167
283 1732
302 1395
418 1773
448 1732
472 1718
520 1718
573 1680
669 1395
669 1680
670 1680
691 1773
695 1395
710 1773
751 1992
788 1992
865 1167
950 1948
1006 1830
1067 1948
1097 1773
1104 1948
1108 1948
1137 1167
1167 1223
1167 1280
1167 1830
1167 1860
1172 1992
1176 1680
1202 1680
1220 1718
1300 1773
1352 1732
1395 1732
1395 1913
1403 1948
1441 1830
1543 1948
1623 1992
1629 1718
1680 1830
1680 1992
1698 1948
1699 1948
1718 1732
1723 1732
1732 1787
1732 1830
1732 1850
1732 1918
1732 1948
1773 1948
