0 1
1 6
1 7
1 8
1 9
1 35
1 50
1 73
1 74
1 75
1 77
1 87
1 104
1 111
1 123
1 131
1 142
1 144
1 146
1 150
1 152
1 168
1 190
1 191
1 198
1 202
1 210
1 261
1 262
1 263
1 264
1 265
1 266
1 267
1 268
1 269
1 270
1 271
1 272
1 273
1 274
1 275
1 276
1 277
1 278
1 279
1 280
1 281
1 282
1 283
1 284
1 285
1 286
1 287
1 288
1 289
1 290
1 291
1 292
1 293
1 294
1 295
1 296
1 297
1 298
1 299
1 300
1 301
1 302
1 303
1 304
1 305
1 306
1 307
1 308
1 309
1 310
1 311
1 312
1 313
1 314
1 315
1 316
1 317
1 318
1 319
1 320
1 321
1 322
1 323
1 324
1 325
1 326
1 327
1 328
1 329
1 330
1 331
1 332
1 333
1 334
1 335
1 336
1 337
1 338
10 277
21 277
34 277
37 1198
85 277
144 1198
149 277
150 277
207 277
236 1198
277 289
277 371
277 404
277 452
277 475
277 500
277 514
277 593
277 600
277 646
277 676
277 730
277 769
277 859
277 901
277 992
277 1050
277 1198
277 1364
277 1404
277 1589
277 1608
277 1648
277 1649
277 1650
520 1198
780 1198
825 1198
859 1198
1198 1703
