0 1
1 6
1 7
1 8
1 9
1 35
1 50
1 73
1 74
1 75
1 77
1 87
1 104
1 111
1 123
1 131
1 142
1 144
1 146
1 150
1 152
1 168
1 190
1 191
1 198
1 202
1 210
1 261
1 262
1 263
1 264
1 265
1 266
1 267
1 268
1 269
1 270
1 271
1 272
1 273
1 274
1 275
1 276
1 277
1 278
1 279
1 280
1 281
1 282
1 283
1 284
1 285
1 286
1 287
1 288
1 289
1 290
1 291
1 292
1 293
1 294
1 295
1 296
1 297
1 298
1 299
1 300
1 301
1 302
1 303
1 304
1 305
1 306
1 307
1 308
16 1000
62 1000
75 191
76 191
80 191
132 191
144 191
154 1729
155 191
190 191
191 195
191 203
191 265
191 266
191 268
191 269
191 284
191 293
191 305
191 310
191 347
191 381
191 384
191 386
191 393
191 595
191 629
191 678
191 685
191 694
191 696
191 737
191 742
191 753
191 776
191 849
191 894
191 1000
191 1099
191 1117
191 1118
191 1119
191 1120
191 1121
191 1122
191 1123
191 1124
191 1125
191 1126
191 1127
191 1128
191 1129
191 1130
191 1131
225 1685
263 1000
384 1000
590 1000
679 1729
777 1685
835 1729
910 1729
924 1000
1000 1495
1000 1685
1000 1729
1459 1685
1628 1685
