1 190
7 190
11 190
12 1167
14 190
20 190
21 1176
23 190
23 1718
27 1732
43 1826
62 190
73 138
74 190
80 190
82 190
83 190
85 1164
86 190
111 1718
138 190
138 859
138 1167
138 1319
145 190
151 190
156 190
156 1167
156 1176
167 1164
176 1167
180 190
190 191
190 192
190 193
204 1830
208 1167
215 1948
226 1830
230 1167
265 1164
265 1167
265 1176
272 1164
283 1732
397 1826
418 1773
448 1732
472 1718
520 1718
573 1680
585 1164
592 1164
597 1826
669 1680
670 1680
691 1773
710 1773
751 1992
785 1164
788 1992
795 1826
860 1164
865 1167
950 1948
953 1164
1006 1830
1031 1164
1043 1164
1067 1948
1097 1773
1104 1948
1108 1948
1137 1167
1164 1176
1164 1184
1164 1826
1167 1223
1167 1280
1167 1830
1167 1860
1172 1992
1176 1528
1176 1680
1202 1680
1215 1826
1220 1718
1300 1773
1352 1732
1395 1732
1403 1948
1441 1830
1543 1948
1623 1992
1629 1718
1680 1830
1680 1992
1698 1948
1699 1948
1718 1732
1723 1732
1732 1787
1732 1830
1732 1850
1732 1918
1732 1948
1773 1948
