1 263
6 71
7 263
29 999
34 263
41 1236
54 263
71 241
71 460
71 906
71 999
75 263
83 263
85 263
99 263
104 263
121 1236
144 263
159 263
195 263
198 263
223 263
226 263
247 263
261 263
263 264
263 266
263 270
263 271
263 278
263 285
263 304
263 383
263 384
263 385
263 387
263 391
263 394
263 398
263 402
263 446
263 453
263 476
263 496
263 504
263 506
263 528
263 556
263 584
263 585
263 610
263 615
263 616
263 625
263 631
263 667
263 668
263 675
263 678
263 683
263 729
263 744
263 782
263 783
263 870
263 873
263 875
263 895
263 897
263 935
263 948
263 984
263 985
263 989
263 990
263 991
263 992
263 993
263 994
263 995
263 996
263 997
263 998
263 999
263 1000
263 1001
263 1002
263 1003
263 1004
263 1005
263 1006
263 1007
263 1008
263 1009
263 1010
263 1011
263 1012
263 1013
263 1014
263 1015
263 1016
263 1017
263 1018
263 1019
263 1020
263 1021
263 1022
263 1023
263 1024
266 1236
271 1521
297 999
350 1879
399 999
536 999
589 1236
620 1879
626 1236
652 1236
666 1236
680 1879
688 1879
783 1521
785 1521
851 1236
955 1236
986 1236
996 999
999 1251
999 1521
999 1879
1025 1236
1043 1236
1118 1236
1236 1754
1236 1879
1521 1581
