0 1
0 2
0 3
0 4
1 6
1 7
1 8
1 9
1 35
1 50
1 73
1 74
1 75
1 77
1 87
1 104
1 111
1 123
1 131
1 142
1 144
1 146
1 150
1 152
1 168
1 190
1 191
1 198
1 202
1 210
1 261
1 262
1 263
1 264
1 265
1 266
1 267
1 268
1 269
1 270
1 271
1 272
1 273
1 274
1 275
1 276
1 277
1 278
1 279
1 280
1 281
1 282
1 283
1 284
1 285
1 286
1 287
1 288
1 289
1 290
1 291
1 292
1 293
1 294
1 295
1 296
1 297
1 298
1 299
1 300
1 301
1 302
1 303
1 304
1 305
1 306
1 307
1 308
1 309
1 310
1 311
1 312
1 313
1 314
1 315
1 316
1 317
1 318
1 319
1 320
1 321
1 322
1 323
1 324
1 325
1 326
1 327
1 328
1 329
1 330
1 331
1 332
1 333
1 334
1 335
1 336
1 337
1 338
1 339
1 340
1 341
1 342
1 343
1 344
1 345
1 346
1 347
1 348
1 349
1 350
1 351
1 352
1 353
1 354
1 355
1 356
1 357
1 358
1 359
1 360
1 361
1 362
1 363
1 364
1 365
1 366
1 367
1 368
1 369
1 370
1 371
1 372
1 373
1 374
1 375
1 376
1 377
1 378
1 379
1 380
1 381
1 382
2 73
2 142
2 226
2 268
2 406
2 481
2 544
2 623
2 741
2 867
2 904
2 987
2 1054
2 1120
2 1299
2 1336
2 1407
2 1470
2 1586
2 1587
2 1588
3 8
3 24
3 31
3 87
3 198
3 239
3 253
3 273
3 284
3 312
3 385
3 472
3 640
3 672
3 705
3 725
3 747
3 942
3 994
3 1211
3 1241
3 1302
3 1394
3 1428
3 1467
3 1493
3 1524
3 1526
3 1573
3 1583
3 1696
3 1698
3 1712
3 1737
3 1738
3 1739
3 1740
3 1741
3 1742
3 1743
4 74
4 195
4 495
4 1300
4 1811
6 7
6 8
6 9
6 10
6 11
6 12
6 13
6 14
6 15
6 16
6 17
6 18
6 19
6 20
6 21
6 22
6 23
6 24
6 25
6 26
6 27
6 28
6 29
6 30
6 31
6 32
6 33
6 34
6 35
6 36
6 37
6 38
6 39
6 40
6 41
6 42
6 43
6 44
6 45
6 46
6 47
6 48
6 49
6 50
6 51
6 52
6 53
6 54
6 55
6 56
6 57
6 58
6 59
6 60
6 61
6 62
6 63
6 64
6 65
6 66
6 67
6 68
6 69
6 70
6 71
6 72
7 70
7 73
7 74
7 448
8 10
8 73
8 74
9 74
9 139
9 147
9 148
9 150
9 201
9 205
9 278
9 287
9 587
9 801
10 22
10 76
10 89
10 121
10 143
10 146
10 150
10 160
10 198
10 202
10 215
10 233
10 236
10 265
10 277
10 296
10 384
10 393
10 483
10 496
10 585
10 642
10 799
10 836
10 868
10 922
10 990
10 1051
10 1066
10 1077
10 1117
10 1132
10 1133
10 1134
10 1135
10 1136
10 1137
10 1138
10 1139
10 1140
10 1141
10 1142
10 1143
10 1144
10 1145
10 1146
10 1147
10 1148
10 1149
10 1150
10 1151
10 1152
10 1153
10 1154
10 1155
10 1156
10 1157
10 1158
10 1159
10 1160
10 1161
10 1162
10 1163
11 1303
11 1304
11 1307
11 1309
11 1310
11 1311
12 73
13 147
13 197
13 721
13 1163
15 73
16 1163
17 1311
18 74
19 74
19 145
19 150
19 205
20 74
20 353
20 1654
21 73
22 74
22 287
22 1682
23 628
23 1157
23 1661
24 1768
25 74
25 274
27 1722
28 74
29 1225
30 74
33 1736
37 1692
39 74
43 1826
44 201
44 1903
45 585
45 1984
46 195
47 1995
49 205
49 627
49 678
49 1062
49 1201
49 1216
49 1353
49 1496
49 1780
49 1848
49 1939
50 861
50 932
50 1132
50 1833
51 195
52 73
52 1654
53 1791
54 1309
56 216
56 346
56 817
56 859
56 992
56 1122
56 1713
56 1903
56 1959
57 585
57 704
57 1596
57 1809
58 151
58 1043
58 1307
58 1789
60 123
60 283
60 510
60 542
60 618
60 768
60 1553
60 1697
61 702
61 777
61 872
61 1055
61 1203
64 200
65 304
66 152
66 390
66 807
66 1152
66 1807
67 73
67 1187
67 1713
67 1984
68 868
69 220
69 273
69 670
69 1736
70 157
70 629
70 912
71 241
71 460
71 906
71 999
73 74
73 75
73 76
73 77
73 78
73 79
73 80
73 81
73 82
73 83
73 84
73 85
73 86
73 87
73 88
73 89
73 90
73 91
73 92
73 93
73 94
73 95
73 96
73 97
73 98
73 99
73 100
73 101
73 102
73 103
73 104
73 105
73 106
73 107
73 108
73 109
73 110
73 111
73 112
73 113
73 114
73 115
73 116
73 117
73 118
73 119
73 120
73 121
73 122
73 123
73 124
73 125
73 126
73 127
73 128
73 129
73 130
73 131
73 132
73 133
73 134
73 135
73 136
73 137
73 138
73 139
73 140
73 141
74 75
74 78
74 81
74 85
74 91
74 118
74 145
74 159
74 164
74 190
74 192
74 194
74 209
74 215
74 224
74 240
74 261
74 262
74 269
74 299
74 383
74 385
74 386
74 388
74 389
74 423
74 432
74 484
74 498
74 503
74 505
74 511
74 530
74 551
74 556
74 584
74 585
74 586
74 587
74 588
74 589
74 590
74 591
74 592
74 593
74 594
74 595
74 596
74 597
74 598
74 599
74 600
74 601
74 602
74 603
74 604
74 605
74 606
74 607
74 608
74 609
74 610
74 611
74 612
74 613
74 614
74 615
74 616
74 617
74 618
74 619
74 620
74 621
74 622
74 623
74 624
74 625
74 626
74 627
74 628
74 629
74 630
74 631
74 632
74 633
74 634
74 635
74 636
74 637
74 638
74 639
74 640
74 641
74 642
74 643
74 644
74 645
74 646
74 647
74 648
74 649
74 650
74 651
74 652
74 653
74 654
74 655
74 656
74 657
74 658
74 659
74 660
74 661
74 662
74 663
74 664
74 665
75 137
75 147
75 191
75 197
75 721
76 78
76 145
76 148
76 191
76 287
76 587
76 596
78 81
78 92
78 148
78 155
78 161
78 168
78 194
78 262
78 265
78 321
78 458
78 770
78 808
78 819
78 887
78 992
78 1001
78 1071
78 1090
78 1144
78 1381
78 1382
78 1383
78 1384
79 1160
80 191
81 278
82 145
85 1164
85 1232
85 1687
86 304
88 304
92 205
93 192
95 198
96 1935
97 1944
98 274
100 1137
102 1881
104 140
104 150
105 868
105 1791
108 1984
117 1897
118 201
121 1838
122 1692
124 153
124 448
124 1052
124 1184
124 1261
124 1810
125 140
127 1709
129 506
129 675
129 1114
129 1396
129 1485
129 1695
129 1994
130 200
131 302
132 191
134 274
136 1137
137 340
137 411
137 1205
137 1867
138 190
138 859
138 1167
138 1319
139 165
139 681
139 1479
140 970
140 1376
141 448
142 145
142 147
142 148
142 150
142 180
142 182
142 185
142 186
142 188
142 189
144 191
144 274
145 147
145 190
145 197
145 219
145 267
145 273
145 322
145 343
145 345
145 359
145 383
145 420
145 477
145 531
145 532
145 534
145 535
145 609
145 627
145 633
145 713
145 733
145 785
145 827
145 860
145 876
145 895
145 912
145 958
145 1048
145 1065
145 1137
145 1216
145 1217
145 1218
145 1219
145 1220
145 1221
145 1222
145 1223
145 1224
145 1225
145 1226
145 1227
145 1228
145 1229
145 1230
145 1231
145 1232
145 1233
145 1234
146 192
146 1155
147 180
147 185
147 254
147 271
147 319
147 324
147 336
147 383
147 456
147 463
147 578
147 591
147 683
147 688
147 805
147 861
147 1099
147 1219
147 1293
147 1294
147 1295
147 1296
147 1297
147 1298
148 232
148 272
148 383
148 407
148 454
148 900
148 1046
148 1065
148 1295
148 1370
148 1449
148 1451
148 1452
148 1453
150 151
150 277
150 321
150 344
150 360
150 410
150 423
150 508
150 559
150 565
150 588
150 644
150 667
150 677
150 822
150 824
150 900
150 915
150 936
150 939
150 978
150 1026
150 1043
150 1055
150 1060
150 1154
150 1160
150 1175
150 1184
150 1284
150 1373
150 1438
150 1449
150 1466
150 1578
150 1589
150 1590
150 1591
150 1592
150 1593
150 1594
150 1595
151 197
151 1297
153 868
154 585
155 191
155 201
155 1233
156 1791
158 1819
158 1821
161 1738
163 1162
163 1661
163 1819
164 1667
167 1164
169 198
170 587
179 1738
180 190
180 497
180 1135
180 1490
182 725
182 1027
182 1754
182 1909
182 1946
185 912
185 1518
185 1809
186 413
186 970
186 1243
186 1635
188 585
188 1237
188 1395
188 1972
189 201
189 317
189 1153
189 1534
190 191
190 192
190 195
190 197
190 198
190 200
190 201
190 205
191 195
191 203
191 265
191 266
191 268
191 269
191 284
191 293
191 305
191 310
191 347
191 381
191 384
191 386
191 393
191 595
191 629
191 678
191 685
191 694
191 696
191 737
191 742
191 753
191 776
191 849
191 894
191 1000
191 1099
191 1117
191 1118
191 1119
191 1120
191 1121
191 1122
191 1123
191 1124
191 1125
191 1126
191 1127
191 1128
191 1129
191 1130
191 1131
192 264
192 383
192 903
192 940
192 1001
192 1214
192 1340
192 1341
194 195
194 1223
194 1235
195 261
195 263
195 282
195 395
195 396
195 433
195 474
195 522
195 599
195 680
195 687
195 736
195 896
195 937
195 967
195 1037
195 1173
195 1217
195 1231
195 1247
195 1408
195 1463
195 1510
195 1511
195 1512
195 1513
195 1514
195 1515
195 1516
195 1517
197 296
197 304
197 397
197 1071
197 1652
198 200
198 263
198 268
198 396
198 501
198 842
198 881
198 937
198 994
198 1515
198 1617
198 1646
198 1654
198 1694
198 1695
198 1696
198 1697
200 222
200 383
200 492
200 550
200 666
200 670
200 674
200 758
200 781
200 1311
200 1352
200 1489
200 1495
200 1516
200 1568
200 1613
200 1649
200 1687
200 1757
200 1764
200 1765
200 1766
201 283
201 495
201 640
201 1039
201 1456
201 1687
201 1714
201 1764
201 1768
201 1789
201 1800
202 907
205 217
205 380
205 503
205 556
205 619
205 625
205 698
205 771
205 825
205 984
205 1168
205 1195
205 1266
205 1380
205 1841
205 1842
206 1844
208 1780
211 1303
213 1426
225 1155
227 1722
231 1990
235 1303
238 1951
242 1954
247 448
258 1681
261 274
261 302
261 585
262 587
262 868
262 882
263 278
263 304
263 585
264 274
265 1164
266 1235
267 1144
268 587
269 907
271 1151
272 1164
273 296
273 596
273 1235
273 1303
274 388
274 395
274 416
274 511
274 732
274 783
274 827
274 864
274 1611
274 1612
274 1613
274 1614
275 585
275 1137
276 628
276 1646
278 345
278 399
278 584
278 654
278 796
278 1003
278 1004
278 1101
278 1186
278 1435
279 868
280 1667
281 296
283 1722
283 1736
284 1756
285 1768
286 1771
287 586
287 621
287 1031
287 1540
288 1681
289 1823
290 1161
290 1838
296 724
296 869
296 1394
296 1697
296 1833
297 1303
300 585
301 1722
302 525
302 560
302 666
302 781
302 796
302 829
302 998
302 1004
302 1021
302 1102
302 1115
302 1133
302 1287
302 1373
302 1395
302 1476
302 1587
302 1749
302 1756
302 1761
303 317
303 1161
304 525
304 611
304 1481
304 1715
304 1839
305 1307
308 448
311 585
315 1878
317 674
317 697
317 1477
317 1682
318 1722
324 1304
325 1147
328 1780
331 1711
331 1878
334 1842
336 1722
348 1820
353 586
353 711
353 1155
353 1469
353 1534
353 1598
353 1996
355 1990
359 1157
361 1124
373 1881
383 882
383 907
387 585
388 1144
389 1426
394 1692
396 1722
397 1826
397 1839
397 1840
398 1232
401 1737
402 1635
402 1869
407 1819
409 1145
411 1709
416 1833
418 1151
418 1303
418 1309
421 587
424 882
426 1984
429 1756
434 1304
441 1878
442 907
443 1303
448 736
448 1083
448 1157
448 1196
448 1328
448 1732
448 1775
449 1307
449 1995
451 1652
451 1689
455 587
458 1820
470 1819
476 1819
478 1128
480 1881
497 1662
498 1128
498 1661
501 596
502 628
504 1150
504 1838
512 1303
512 1737
512 1953
515 587
516 882
518 1976
523 868
524 1307
524 1426
530 1694
533 907
534 1998
538 1976
541 1223
551 1819
553 1654
553 1897
554 1695
555 1303
563 585
566 1953
573 868
575 1667
579 1998
584 585
585 669
585 677
585 683
585 693
585 777
585 778
585 889
585 986
585 990
585 1028
585 1135
585 1164
585 1235
585 1259
585 1269
585 1270
585 1271
585 1272
585 1273
585 1274
585 1275
585 1276
585 1277
585 1278
585 1279
585 1280
585 1281
585 1282
585 1283
585 1284
585 1285
585 1286
587 651
587 837
587 882
587 920
587 930
587 1059
587 1367
587 1404
587 1657
587 1658
587 1659
587 1660
587 1661
587 1662
589 1682
589 1709
590 1738
591 1307
591 1309
592 1164
593 1722
596 610
596 704
596 860
596 1200
596 1228
596 1366
596 1692
596 1741
597 1826
599 1304
602 1235
603 1771
603 1946
604 1709
605 868
605 1954
614 1694
615 1162
615 1818
620 1695
621 1844
628 698
628 1145
628 1242
628 1516
628 1576
628 1599
628 1630
628 1998
630 1225
640 1151
643 1840
643 1995
649 1309
658 1725
666 1304
667 1635
669 1223
669 1681
670 1303
670 1750
672 1163
674 1722
674 1818
681 1725
681 1738
681 1841
684 1881
688 721
692 1840
693 1737
694 1665
701 1839
706 801
710 1897
711 1659
717 1687
718 1951
719 1750
721 927
721 1157
721 1217
721 1235
721 1681
721 1696
721 1713
725 1839
725 1984
728 1309
734 1823
734 1953
735 1995
752 1654
755 1946
756 1823
757 1997
766 1426
769 1998
772 801
777 1654
778 1682
781 1722
782 801
782 1776
783 1662
783 1903
785 1164
786 1654
795 1826
801 1205
801 1304
801 1426
826 1725
827 1951
837 1304
852 1233
854 1297
855 1150
856 868
860 907
860 1164
860 1694
860 1711
861 1722
862 1223
863 1823
868 920
868 941
868 1665
868 1973
871 1935
872 1738
872 1897
873 1232
875 1128
877 1311
877 1869
881 1654
882 1052
882 1151
883 1953
888 1869
894 1235
907 935
907 1021
907 1355
907 1362
907 1419
907 1438
907 1681
907 1760
907 1821
907 1840
907 1917
916 1660
917 1297
917 1771
917 1954
919 1232
922 1820
931 1687
931 1689
932 1722
932 1725
934 1689
937 1820
939 1842
948 1225
952 1869
953 1164
954 1128
957 1903
963 1692
966 1771
973 1162
977 1776
989 1711
992 1881
993 1667
994 1737
1002 1307
1010 1659
1025 1660
1025 1737
1026 1654
1031 1164
1031 1711
1031 1973
1032 1682
1036 1881
1042 1311
1043 1164
1048 1659
1052 1766
1058 1878
1059 1160
1064 1839
1065 1144
1065 1635
1065 1841
1065 1897
1066 1155
1066 1736
1067 1750
1071 1667
1072 1124
1073 1234
1078 1990
1084 1737
1086 1150
1086 1654
1088 1869
1089 1711
1095 1838
1096 1738
1101 1819
1102 1953
1103 1935
1105 1646
1107 1766
1110 1766
1112 1692
1115 1646
1117 1304
1118 1951
1121 1223
1121 1681
1122 1946
1124 1222
1124 1586
1124 1765
1128 1990
1129 1233
1132 1780
1135 1692
1135 1776
1137 1167
1137 1849
1137 1935
1137 1976
1137 1991
1138 1661
1145 1185
1145 1878
1147 1172
1147 1360
1147 1424
1150 1424
1150 1617
1150 1789
1154 1160
1161 1206
1161 1932
1162 1301
1163 1628
1164 1176
1164 1184
1164 1826
1167 1223
1168 1946
1180 1984
1183 1737
1184 1667
1185 1310
1185 1687
1186 1695
1187 1694
1195 1665
1196 1297
1196 1310
1196 1665
1200 1310
1200 1635
1213 1818
1215 1826
1220 1935
1223 1433
1223 1608
1223 1641
1223 1709
1223 1805
1223 1846
1223 1852
1223 1957
1225 1310
1225 1501
1233 1658
1234 1302
1234 1725
1234 1838
1235 1563
1235 1568
1235 1692
1238 1426
1240 1973
1247 1304
1248 1768
1254 1682
1254 1709
1256 1646
1258 1953
1262 1303
1272 1662
1275 1738
1275 1818
1283 1304
1293 1722
1297 1647
1298 1654
1300 1662
1300 1776
1303 1418
1303 1577
1303 1841
1303 1881
1304 1517
1304 1971
1304 1973
1304 1976
1306 1976
1307 1643
1309 1323
1309 1369
1309 1998
1311 1860
1334 1897
1335 1660
1342 1869
1342 1878
1349 1881
1356 1844
1363 1722
1371 1903
1373 1833
1386 1944
1387 1984
1398 1840
1404 1878
1406 1736
1418 1823
1424 1780
1430 1903
1437 1818
1442 1722
1453 1820
1463 1953
1468 1725
1468 1935
1471 1635
1493 1756
1505 1750
1513 1766
1536 1722
1537 1990
1566 1689
1567 1659
1571 1768
1578 1652
1579 1953
1590 1771
1593 1844
1594 1842
1600 1722
1609 1709
1615 1869
1627 1838
1635 1998
1642 1722
1642 1737
1652 1771
1652 1854
1654 1660
1654 1921
1657 1997
1658 1841
1659 1956
1660 1997
1665 1706
1667 1944
1671 1997
1681 1776
1687 1960
1689 1897
1708 1737
1709 1946
1709 1967
1711 1818
1711 1903
1713 1839
1714 1951
1715 1821
1722 1819
1722 1820
1722 1821
1725 1793
1736 1951
1738 1953
1738 1991
1749 1944
1749 1997
1750 1768
1751 1998
1756 1954
1756 1957
1768 1801
1768 1821
1791 1839
1791 1917
1807 1819
1818 1995
1819 1833
1821 1933
1823 1842
1823 1869
1837 1998
1839 1973
1844 1935
1869 1944
1869 1998
1897 1954
1910 1990
1931 1946
1951 1954
1977 1998
