18 1280
21 337
23 192
50 1598
52 668
58 1598
88 961
96 205
97 597
101 105
105 930
105 1015
105 1082
105 1168
105 1220
105 1506
105 1923
106 112
112 254
112 621
112 780
112 1046
112 1178
112 1220
112 1396
112 1831
114 668
132 1672
138 451
153 585
158 345
167 1597
177 192
184 205
187 192
189 1554
190 192
191 337
192 350
192 511
192 842
192 993
192 994
192 995
197 205
201 1554
205 745
205 899
205 986
205 1069
205 1207
205 1220
205 1795
205 1914
211 1280
221 1280
230 842
234 345
246 249
249 303
249 508
249 607
249 627
249 629
249 900
249 958
249 1220
249 1552
249 1560
249 1642
250 602
257 1554
260 337
266 1672
282 842
283 1598
310 345
311 585
312 1280
321 1597
323 345
331 337
337 346
337 350
337 585
337 605
337 610
337 668
337 713
337 834
337 961
337 963
337 1014
337 1115
337 1199
337 1294
337 1405
337 1487
337 1517
337 1664
345 347
345 474
345 654
345 1059
345 1096
345 1138
345 1219
345 1220
345 1221
345 1222
352 451
361 585
364 602
369 1280
383 451
447 451
451 695
451 703
451 756
451 857
451 978
451 1203
451 1220
451 1621
451 1885
483 1554
509 1777
513 602
522 585
547 585
551 1157
585 630
585 683
585 845
585 912
585 1031
585 1130
585 1135
585 1245
585 1530
585 1746
585 1761
597 598
597 599
597 600
597 601
597 602
597 603
597 604
597 605
597 606
602 700
602 842
602 980
602 1144
602 1208
602 1668
603 1672
663 1597
665 668
668 720
668 739
668 1024
668 1111
668 1138
668 1220
668 1420
668 1688
668 1921
668 1922
668 1923
725 1597
782 1777
807 1672
838 842
842 949
842 1027
842 1220
842 1393
842 1598
842 1786
875 1598
899 1672
916 1280
928 1777
938 1597
956 961
961 1100
961 1138
961 1338
961 1526
961 1662
961 1907
993 1777
1044 1280
1054 1220
1054 1598
1104 1157
1154 1157
1157 1208
1157 1220
1157 1458
1157 1691
1157 1935
1174 1280
1175 1554
1191 1554
1220 1280
1220 1554
1220 1597
1220 1672
1220 1777
1220 1935
1270 1280
1276 1280
1280 1880
1345 1777
1346 1672
1349 1554
1362 1672
1387 1777
1521 1777
1554 1594
1554 1937
1594 1597
1597 1600
1597 1616
1598 1894
1654 1777
1723 1777
1732 1777
1777 1943
