11 352
14 26
18 1610
26 149
26 215
26 398
26 601
26 833
26 931
26 1002
28 1362
38 601
44 49
49 208
49 446
49 455
49 508
49 902
49 1107
49 1110
49 1126
49 1323
49 1471
49 1581
49 1652
49 1692
49 1728
49 1732
65 1321
92 352
97 597
114 1224
127 1224
146 1781
158 352
171 1283
205 1795
215 1490
221 1283
233 1780
251 1778
251 1781
257 601
257 1367
263 1367
279 1367
288 1367
294 1490
311 1916
320 1367
326 1692
333 1490
352 381
352 412
352 451
352 1154
352 1241
352 1472
352 1507
352 1767
365 1610
374 1692
388 1692
421 1916
423 1321
448 1674
450 1778
464 1362
465 1692
485 1362
488 1692
495 1321
499 1321
515 1778
522 1767
530 1916
533 1778
534 925
542 925
544 1610
549 1610
572 1224
597 598
597 599
597 600
597 601
597 602
597 603
597 604
597 605
597 606
601 925
601 1224
601 1367
601 1610
601 1635
601 1674
601 1758
601 1767
601 1778
601 1779
601 1780
601 1781
619 1283
630 1795
646 1779
705 1692
721 1224
742 1781
745 1767
751 1674
755 1779
774 1767
791 1490
799 1778
812 1781
813 1321
825 1224
849 1916
858 1610
874 1362
879 1321
879 1778
900 1283
923 925
925 939
925 1144
925 1153
925 1555
925 1566
925 1738
925 1907
925 1945
932 1367
933 1778
971 1224
973 1490
975 1692
981 1283
992 1916
1058 1779
1064 1778
1067 1916
1083 1321
1093 1780
1094 1780
1110 1781
1132 1767
1132 1781
1133 1692
1143 1795
1164 1674
1164 1692
1165 1283
1177 1778
1199 1778
1214 1321
1218 1490
1223 1224
1224 1278
1224 1488
1224 1635
1224 1669
1224 1894
1224 1938
1251 1367
1254 1321
1272 1781
1274 1362
1275 1283
1283 1605
1283 1692
1283 1739
1283 1740
1321 1767
1344 1916
1360 1362
1362 1672
1362 1692
1362 1886
1362 1970
1367 1548
1367 1719
1367 1879
1367 1905
1367 1945
1367 1970
1379 1795
1431 1692
1434 1692
1483 1767
1490 1660
1490 1691
1490 1767
1490 1895
1521 1778
1536 1779
1555 1767
1564 1780
1568 1674
1583 1692
1608 1610
1609 1610
1610 1739
1610 1873
1610 1982
1618 1781
1643 1780
1647 1916
1692 1698
1692 1718
1692 1767
1736 1767
1758 1767
1767 1772
1767 1794
1767 1795
1767 1916
1778 1832
1779 1870
1780 1949
1795 1796
1795 1797
1850 1916
1882 1916
1894 1916
1916 1952
