2 193
4 124
19 184
22 849
30 1818
46 462
73 133
75 184
94 1390
110 1549
122 124
122 133
124 133
124 183
124 557
124 759
124 839
124 887
124 1300
124 1380
124 1386
124 1415
124 1602
124 1683
124 1786
125 1845
127 184
133 193
133 304
133 393
133 446
133 460
133 485
133 646
133 652
133 659
133 823
133 918
133 1524
133 1809
133 1966
151 1549
152 1787
159 848
159 849
178 184
182 1549
184 205
184 212
184 308
184 425
184 641
184 659
184 819
184 834
184 894
184 911
184 1167
184 1212
184 1213
184 1214
187 193
191 1272
193 252
193 323
193 732
193 1218
193 1506
193 1573
193 1587
193 1668
193 1746
193 1749
196 849
210 652
222 1787
232 460
313 848
313 1787
326 652
328 652
329 905
350 1272
354 1934
359 460
379 1272
428 1818
437 1549
457 460
457 462
460 1187
460 1500
460 1524
460 1582
460 1754
462 659
462 669
462 771
462 1018
462 1197
462 1347
462 1410
462 1840
462 1857
480 652
482 905
497 1722
515 1818
516 1272
541 848
548 1921
552 1934
565 849
577 659
581 1818
605 1845
636 1390
649 652
652 761
652 1096
652 1444
652 1782
652 1973
654 848
655 659
659 848
659 849
659 905
659 1272
659 1364
659 1372
659 1390
659 1549
659 1722
659 1787
659 1818
659 1845
659 1921
659 1934
668 1921
692 1973
724 1390
731 1787
733 1973
738 1390
752 1818
757 1364
765 1390
771 849
848 1114
849 865
849 1073
849 1275
849 1287
849 1916
882 1272
887 1364
905 906
905 907
905 908
905 909
905 910
905 911
905 912
905 913
909 1845
915 1272
917 1818
930 1272
939 1722
996 1818
1032 1845
1040 1272
1065 1921
1076 1787
1081 1364
1087 1722
1146 1934
1162 1549
1168 1722
1199 1390
1201 1722
1211 1934
1272 1384
1272 1478
1272 1587
1272 1781
1272 1808
1288 1549
1355 1818
1360 1364
1364 1501
1364 1782
1364 1807
1383 1722
1390 1391
1390 1392
1390 1393
1390 1394
1435 1973
1464 1921
1481 1934
1535 1934
1548 1549
1549 1635
1701 1722
1722 1752
1722 1753
1722 1754
1747 1934
1785 1787
1787 1793
1787 1935
1787 1956
1789 1818
1789 1845
1812 1921
1818 1820
1818 1854
1844 1845
1945 1973
1973 1978
