11 352
14 25
21 1204
24 1154
25 564
25 693
25 748
25 809
25 901
25 967
25 1093
25 1154
25 1482
27 32
28 1154
32 98
32 143
32 159
32 195
32 299
32 387
32 866
32 1154
32 1640
55 677
58 174
66 174
79 1156
92 352
94 1287
114 1075
123 1287
127 1204
145 639
158 352
169 174
171 1075
173 1156
174 666
174 851
174 936
174 1154
174 1250
174 1694
174 1784
175 1156
189 209
204 639
208 209
209 679
209 680
209 681
209 682
209 683
209 684
209 685
209 686
209 687
210 718
252 1162
257 1075
259 283
263 639
274 283
283 630
283 687
283 816
283 1019
283 1175
283 1210
283 1582
283 1598
283 1887
283 1996
309 1154
312 1154
338 1160
343 1155
352 381
352 412
352 451
352 1154
352 1241
352 1472
352 1507
352 1767
360 504
364 1156
369 1154
370 374
372 639
374 514
374 858
374 1139
374 1143
374 1154
374 1546
374 1692
381 1159
426 1719
430 718
484 718
488 677
491 1155
496 504
497 1719
504 610
504 687
504 979
504 1135
504 1173
504 1185
504 1387
504 1398
517 1156
539 1159
551 1159
579 1204
592 639
613 718
613 1204
622 1719
637 639
639 646
639 1154
639 1163
639 1173
639 1206
639 1241
639 1331
639 1371
639 1381
639 1496
639 1531
646 1075
673 677
677 891
677 1154
686 1719
687 718
687 984
687 1075
687 1154
687 1204
687 1287
687 1493
687 1561
687 1675
687 1719
687 1792
710 1287
716 718
718 1380
718 1400
718 1417
718 1659
722 1160
734 1155
740 1075
760 1155
762 1075
780 1154
783 1160
784 1159
799 1204
803 1158
809 1287
834 1719
849 1287
860 1155
935 1160
942 1155
954 1156
986 1075
998 1204
1032 1155
1055 1204
1070 1075
1075 1106
1075 1196
1075 1731
1075 1834
1076 1158
1096 1160
1130 1155
1140 1162
1154 1155
1154 1156
1154 1157
1154 1158
1154 1159
1154 1160
1154 1161
1154 1162
1155 1225
1155 1296
1155 1349
1155 1471
1155 1639
1155 1874
1155 1885
1155 1941
1156 1184
1156 1718
1156 1741
1156 1989
1158 1263
1158 1403
1158 1622
1158 1664
1158 1703
1158 1974
1159 1199
1159 1211
1159 1370
1159 1463
1159 1857
1160 1589
1160 1803
1162 1549
1162 1555
1162 1754
1162 1926
1204 1260
1204 1637
1204 1640
1204 1715
1287 1288
1297 1719
1351 1719
1367 1719
1531 1719
1621 1719
1712 1719
1717 1719
