0 13
2 73
2 425
2 1542
3 890
3 895
4 847
5 517
6 993
7 517
7 780
7 1007
7 1918
9 1125
9 1804
9 1995
10 48
10 1007
11 309
11 352
11 395
11 1537
11 1885
12 1469
12 1941
13 51
13 167
13 1153
13 1422
13 1529
13 1611
13 1726
13 1842
13 1926
14 15
14 16
14 20
14 22
14 24
15 84
15 487
15 1196
15 1918
15 1955
15 1976
16 96
16 304
16 347
16 583
16 1064
16 1507
16 1759
17 367
17 550
18 204
18 1610
20 322
20 587
20 636
20 887
20 1042
20 1110
20 1256
20 1259
20 1454
20 1462
20 1668
20 1907
20 1942
21 189
21 692
21 1145
21 1204
21 1544
22 188
22 244
22 269
22 379
22 562
22 802
22 849
22 1098
22 1109
22 1110
23 419
24 173
24 258
24 433
24 606
24 882
24 1077
24 1131
24 1154
24 1348
24 1469
24 1604
24 1747
24 1748
24 1749
25 901
25 967
25 1093
25 1154
25 1482
26 1002
27 28
27 31
27 32
28 74
28 115
28 353
28 453
28 654
28 1154
28 1362
28 1602
28 1830
29 295
29 942
31 73
31 96
31 226
31 509
31 755
31 874
31 1114
31 1266
31 1354
31 1972
32 98
32 143
32 159
32 195
32 299
32 387
32 866
32 1154
32 1640
33 1984
34 1100
34 1629
35 113
37 416
38 1145
38 1627
39 1823
39 1988
40 465
41 989
41 1361
42 517
44 47
44 48
44 49
44 57
45 1478
45 1496
46 742
46 1500
47 226
47 338
47 442
47 472
47 688
47 689
47 690
47 691
47 692
48 400
48 491
48 691
48 695
48 1234
48 1493
48 1863
49 208
49 446
49 455
49 508
49 902
49 1107
49 1110
49 1126
49 1323
49 1471
49 1581
49 1652
49 1692
49 1728
49 1732
50 433
50 1259
50 1336
50 1369
51 979
51 1951
52 814
52 928
52 1498
53 1161
54 1627
55 677
55 1219
56 216
57 480
57 584
57 693
57 860
57 982
57 1130
57 1134
57 1508
57 1637
57 1928
58 174
58 409
58 1538
60 61
61 75
61 646
61 1053
61 1099
61 1181
61 1356
61 1383
61 1398
61 1476
62 997
62 1145
63 1747
65 489
65 810
65 823
65 1321
65 1995
66 174
66 1658
67 68
67 69
67 70
67 71
67 72
67 73
67 74
67 75
67 76
67 77
68 524
68 1498
69 350
69 367
71 1942
72 566
72 1016
72 1902
73 133
73 425
73 453
73 552
73 765
73 785
73 858
73 904
73 982
73 1145
73 1211
73 1235
73 1489
73 1725
73 1750
74 1050
75 629
75 1456
75 1646
75 1728
76 113
76 500
77 698
78 83
79 176
79 208
79 1003
80 1002
81 1531
83 235
83 544
83 610
83 719
83 720
83 721
83 722
84 1573
84 1705
85 805
86 87
87 1181
87 1485
87 1594
87 1702
87 1736
87 1773
88 326
88 465
88 928
88 1265
89 407
90 566
90 1432
91 367
92 352
93 94
94 432
94 512
94 646
94 1015
94 1271
94 1287
94 1390
94 1521
94 1605
94 1642
94 1706
95 513
96 431
96 1496
97 213
97 414
97 1705
99 1648
100 1421
100 1633
102 567
102 1174
103 1638
103 1667
104 552
104 868
106 113
107 407
107 681
107 813
107 880
107 1125
107 1648
107 1864
108 993
108 1705
109 407
109 1040
109 1537
110 1264
110 1680
110 1792
111 619
111 621
112 621
112 780
113 902
113 991
113 1576
113 1641
113 1660
113 1759
113 1863
113 1881
114 416
114 1871
115 414
115 416
116 1195
116 1524
118 739
119 707
119 1326
119 1736
120 1426
121 507
121 1498
122 123
122 124
122 125
122 126
122 127
122 128
122 129
122 130
122 131
122 132
122 133
122 134
123 1573
123 1658
123 1749
124 133
124 1300
124 1683
125 513
125 1395
125 1747
126 780
127 847
127 1204
129 1173
130 280
130 704
130 707
130 708
131 167
131 577
131 853
131 1498
132 698
133 193
133 304
133 393
133 446
133 460
133 485
133 646
133 652
133 659
133 823
133 918
133 1524
133 1809
133 1966
134 1116
135 140
136 1629
137 674
137 895
138 1681
139 707
139 979
139 1871
140 305
140 605
140 882
140 1240
140 1388
140 1391
140 1592
140 1883
140 1943
143 167
145 639
145 1748
146 401
146 420
147 151
148 350
150 410
150 853
151 170
151 227
151 791
151 861
151 1078
151 1518
151 1533
151 1549
151 1581
151 1696
151 1755
154 1561
155 156
155 162
155 167
156 417
156 454
156 520
156 642
156 991
156 1192
156 1351
156 1387
156 1759
158 342
158 349
158 350
158 352
159 449
159 847
160 967
161 933
161 1625
162 306
162 389
162 458
162 819
162 856
162 879
162 1356
162 1413
162 1887
162 1925
162 1989
163 329
163 982
163 1278
164 419
164 1195
165 481
165 1399
165 1918
166 280
166 1197
167 293
167 442
167 636
167 877
167 993
167 1073
167 1282
167 1597
167 1605
167 1736
167 1869
167 1982
168 349
168 420
168 1077
168 1093
169 170
169 173
169 174
169 176
170 300
170 590
170 647
170 813
170 1049
170 1305
170 1404
170 1499
170 1589
170 1658
170 1871
170 1903
170 1911
170 1940
170 1953
171 393
171 1213
171 1742
172 749
173 210
173 566
173 631
173 789
173 976
173 1156
173 1196
173 1198
173 1217
173 1676
173 1802
174 666
174 851
174 936
174 1154
174 1250
174 1694
174 1784
175 1042
175 1744
176 661
176 792
176 841
176 1076
176 1277
176 1308
176 1730
176 1776
176 1937
177 1537
177 1931
178 185
178 186
179 1736
179 1918
180 646
180 1748
180 1967
181 966
181 1421
182 864
183 1145
183 1918
184 308
184 425
184 1213
185 241
185 707
185 1021
185 1091
185 1263
185 1329
185 1504
185 1505
186 428
186 501
186 777
186 1081
186 1181
186 1341
187 188
187 189
187 190
187 191
187 192
187 193
187 194
187 195
187 196
188 401
188 524
188 1050
189 209
189 742
189 771
189 955
189 1002
189 1338
189 1379
189 1395
189 1554
189 1589
189 1617
189 1745
189 1846
190 1625
191 993
191 1161
191 1195
191 1272
192 350
192 993
192 994
193 1573
193 1587
193 1746
193 1749
194 1001
194 1813
196 1034
196 1812
197 204
198 1620
199 431
199 1369
200 296
200 1542
201 552
201 773
201 1016
201 1489
203 221
204 639
204 793
204 798
204 835
204 916
204 1222
204 1301
204 1675
204 1980
206 965
208 209
208 210
208 211
208 212
208 213
208 214
208 215
208 216
208 217
208 218
208 219
208 220
209 681
209 687
210 489
210 708
210 718
211 395
211 692
211 1095
212 619
212 1429
212 1496
213 304
213 530
213 638
213 1026
213 1065
214 1107
215 455
216 307
216 587
216 712
216 1120
216 1301
216 1359
216 1363
216 1642
216 1911
217 324
217 349
217 1300
218 589
218 617
218 1021
218 1837
219 708
219 901
220 1348
220 1820
221 236
221 314
221 430
221 544
221 843
221 910
221 988
221 1280
221 1283
221 1482
221 1499
221 1774
223 380
223 1489
224 1237
225 1110
225 1425
225 1556
226 312
226 314
226 982
227 1700
229 721
229 1939
229 1967
230 772
230 1110
230 1161
230 1513
233 1077
233 1382
236 1034
237 238
237 245
238 624
238 753
238 982
238 1101
238 1507
238 1664
239 805
240 744
240 877
240 1259
241 1174
241 1540
241 1705
242 847
243 349
243 1044
245 250
245 323
245 491
245 762
245 881
245 902
245 1214
245 1459
245 1650
245 1806
245 1861
245 1969
247 263
247 264
248 482
249 508
249 629
250 482
250 567
250 853
250 972
252 857
252 1003
252 1162
254 840
254 880
254 1395
254 1924
255 1646
258 676
258 1537
258 1747
259 283
259 773
260 1395
261 1809
262 349
262 1093
262 1116
262 1456
263 639
263 642
263 822
263 1181
263 1211
263 1306
263 1367
263 1427
263 1839
264 402
264 508
264 645
264 1101
264 1232
264 1273
264 1404
264 1511
264 1720
266 1513
267 707
267 827
267 1432
267 1864
268 773
269 1395
269 1542
271 455
271 545
272 420
272 823
272 1621
272 1864
274 279
274 280
274 281
274 283
274 285
275 965
275 1032
276 1681
277 372
277 707
277 742
278 435
278 1445
278 1736
279 355
279 372
279 576
279 845
279 1035
279 1087
279 1367
279 1911
280 392
280 777
280 945
280 1273
281 447
281 685
281 755
281 813
281 988
281 1227
281 1318
281 1793
281 1865
282 864
282 880
282 1374
282 1939
283 630
283 687
283 816
283 1019
283 1175
283 1210
283 1582
283 1598
283 1887
283 1996
284 517
284 1077
285 319
285 672
285 874
285 892
285 911
285 1041
285 1221
285 1251
285 1252
285 1820
285 1946
286 606
286 1732
286 1746
287 290
287 295
287 296
290 327
290 346
290 551
290 968
290 1282
290 1665
290 1676
290 1689
291 749
291 805
291 1323
292 342
293 772
293 1007
294 1544
295 498
295 738
295 741
295 803
295 959
295 1290
295 1358
295 1403
295 1737
295 1790
295 1854
295 1918
296 508
296 1030
296 1384
296 1415
296 1455
296 1485
296 1868
298 1861
300 409
300 429
300 1646
301 880
301 1125
301 1382
301 1432
302 965
303 513
303 1145
307 308
307 309
307 312
307 314
308 332
308 366
308 953
308 1142
308 1282
308 1972
309 355
309 401
309 494
309 689
309 692
309 708
309 814
309 895
309 1007
309 1154
309 1286
309 1445
309 1566
309 1686
310 1381
310 1382
312 503
312 1018
312 1154
312 1194
312 1280
312 1522
312 1624
312 1993
313 1561
314 437
314 1231
314 1579
314 1842
314 1868
314 1882
316 997
316 1654
317 321
317 324
317 326
317 328
317 329
318 1583
319 840
319 1050
320 401
320 692
320 965
321 347
321 491
321 1037
321 1089
321 1210
321 1304
321 1597
321 1834
322 1700
323 1259
323 1986
324 491
324 492
324 493
324 494
324 495
325 826
325 1728
326 423
326 469
326 652
326 785
326 1168
326 1382
326 1479
326 1654
326 1692
326 1734
326 1735
326 1759
328 472
328 630
328 652
328 957
328 1437
328 1658
328 1929
329 348
329 453
329 464
329 493
329 905
329 1136
329 1425
329 1711
329 1712
330 1289
331 335
332 1093
333 525
333 760
333 1381
334 507
334 1806
335 643
335 644
335 645
335 646
335 647
335 648
336 864
336 1399
337 350
337 1115
338 592
338 857
338 1050
338 1160
338 1197
338 1381
339 1395
340 1125
341 972
342 553
342 770
342 1494
342 1619
342 1711
342 1712
343 1155
343 1431
343 1538
344 734
344 1469
345 1219
346 1003
346 1048
346 1812
348 989
348 1042
349 384
349 617
349 780
349 808
349 1216
349 1228
349 1279
349 1336
349 1411
349 1615
349 1616
349 1967
350 466
350 1272
350 1606
352 381
352 412
352 451
352 1154
352 1241
352 1472
352 1507
352 1767
354 813
354 890
357 993
357 1163
357 1282
357 1728
359 637
359 698
359 1732
360 1556
361 1939
362 1040
364 830
364 1968
365 1542
365 1610
365 1638
366 1469
367 408
367 684
367 954
367 1128
367 1377
367 1435
367 1436
367 1591
368 965
368 1804
369 491
369 1154
369 1348
370 372
370 373
370 374
372 387
372 436
372 508
372 579
372 639
372 864
372 898
372 918
372 979
372 1034
372 1289
372 1418
372 1700
372 1744
372 1801
373 549
373 834
373 916
373 1065
373 1177
373 1309
373 1586
373 1639
374 514
374 858
374 1139
374 1143
374 1154
374 1546
374 1692
375 1587
377 491
377 1418
377 1421
378 1145
379 481
379 1272
380 381
380 382
380 383
380 384
380 385
380 386
380 387
380 388
380 389
380 390
380 391
381 1048
381 1159
381 1763
383 898
383 1663
383 1732
383 1924
384 773
385 760
385 1349
386 790
386 890
386 1654
387 1749
388 1259
388 1289
388 1620
388 1681
389 549
389 551
389 770
389 953
389 1008
389 1293
389 1301
389 1686
389 1759
389 1868
389 1931
389 1988
392 393
392 395
392 401
392 406
392 407
393 628
393 644
393 703
395 508
395 536
395 689
395 716
395 751
395 871
395 1084
395 1529
395 1675
396 434
396 989
396 1044
397 1193
397 1237
397 1700
399 1583
399 1627
399 1942
399 1984
401 449
401 767
401 992
401 1016
401 1100
401 1368
401 1542
401 1764
402 813
403 436
403 1432
404 734
405 890
405 1736
405 1941
406 512
406 1530
406 1614
406 1746
406 1773
406 1884
406 1929
407 619
407 771
407 870
407 1356
407 1562
407 1602
408 1349
409 410
409 411
409 412
409 413
409 414
409 415
409 416
409 417
409 418
409 419
409 420
409 421
410 505
410 506
410 507
410 508
410 509
410 510
410 511
410 512
410 513
410 514
410 515
410 516
411 1116
413 1456
414 987
415 1323
416 432
416 461
416 722
416 791
416 956
416 1171
416 1303
416 1384
418 513
418 826
418 898
418 1648
418 1746
419 445
419 667
419 727
419 896
419 923
419 1021
419 1117
419 1992
419 1994
420 488
420 878
420 1099
420 1271
420 1304
420 1371
420 1380
420 1568
420 1820
420 1938
421 425
422 425
422 429
422 431
422 433
422 434
422 435
423 1321
423 1432
423 1496
424 481
424 1016
424 1658
425 750
425 790
425 994
425 1076
425 1177
425 1360
425 1488
425 1657
427 1005
429 614
429 681
429 823
429 885
429 955
429 1132
429 1138
429 1233
429 1265
429 1337
429 1369
430 718
431 568
431 586
431 692
431 767
431 1606
431 1644
431 1843
431 1956
432 1163
433 467
433 822
433 846
434 627
434 1202
434 1249
434 1358
434 1413
434 1434
434 1798
434 1820
435 559
435 684
435 949
435 1439
435 1643
435 1689
435 1718
435 1736
436 437
436 438
436 439
436 440
436 441
436 442
436 443
436 444
436 445
436 446
437 749
437 1382
439 1531
441 1445
441 1995
442 692
442 1005
443 1077
444 780
444 1677
446 1482
447 449
447 455
448 524
449 487
449 532
449 775
449 1231
449 1232
449 1233
449 1234
450 524
451 857
451 1621
451 1885
452 489
452 979
452 1654
455 656
455 953
455 975
455 1012
455 1525
455 1577
455 1879
456 1638
458 942
459 1801
460 1500
460 1524
462 1197
464 827
464 1115
464 1523
465 982
465 1127
465 1692
465 1990
466 1864
466 1967
468 772
469 880
470 928
471 962
471 1193
472 577
472 1636
473 760
475 919
475 1523
475 1540
475 1728
477 479
477 481
477 482
477 485
478 1228
478 1967
479 508
479 1008
479 1510
480 933
481 500
481 565
481 770
481 806
481 1139
481 1166
481 1893
481 1922
481 1993
482 491
482 879
482 905
482 923
482 975
482 1419
482 1507
482 1660
482 1896
484 718
484 1638
485 908
485 956
485 1127
485 1138
485 1176
485 1362
486 487
486 488
486 489
486 490
487 1125
487 1663
488 677
488 1542
489 577
489 631
489 638
489 836
489 881
489 923
489 970
489 1051
489 1471
489 1582
489 1583
490 592
490 933
491 742
491 850
491 989
491 1126
491 1155
491 1374
491 1790
491 1994
492 1374
493 994
493 997
494 1629
495 1321
496 500
497 1523
498 1654
498 1995
499 1321
500 1400
500 1493
500 1653
501 698
502 619
502 1745
502 1951
503 1652
504 687
504 979
504 1173
505 780
506 1125
507 1236
507 1379
507 1508
507 1521
507 1650
507 1878
508 850
508 885
508 1008
508 1304
508 1350
508 1432
508 1746
508 1763
508 1993
509 994
509 1007
509 1044
509 1667
510 1336
511 1382
511 1540
512 977
512 1737
513 602
513 705
513 1345
514 721
514 1197
515 825
515 1107
516 1272
517 646
517 695
517 954
517 1056
517 1156
517 1341
517 1514
517 1879
518 566
520 524
520 525
521 1747
523 1326
523 1431
524 823
524 889
524 975
524 1113
524 1198
524 1694
525 611
525 717
525 825
525 1135
525 1312
525 1571
525 1756
525 1769
525 1872
525 1989
526 1005
527 965
527 966
527 967
528 533
529 1072
530 1418
531 637
531 805
531 928
531 1100
531 1265
533 922
533 1736
533 1778
534 989
534 1001
535 1537
535 1700
537 1131
537 1197
538 1648
539 1159
539 1747
540 545
540 549
541 1625
543 734
543 1308
543 1763
544 1610
544 1912
545 621
545 654
545 707
545 810
545 962
545 1507
545 1525
545 1548
545 1636
545 1679
545 1808
545 1900
546 721
546 1115
546 1744
547 1742
548 566
548 621
548 1921
548 1986
549 629
549 721
549 827
549 840
549 882
549 967
549 1170
549 1326
549 1368
549 1477
549 1556
549 1610
549 1658
550 551
550 552
550 553
550 554
550 555
550 556
550 557
550 558
550 559
550 560
551 1157
551 1159
552 628
552 972
552 1050
552 1124
552 1201
552 1335
552 1509
552 1812
552 1934
552 1953
554 1042
555 1657
555 1658
557 962
558 749
558 1093
561 566
561 567
562 868
562 1482
564 1326
565 742
565 895
565 1173
566 1031
566 1256
567 582
567 1269
567 1375
567 1729
567 1791
567 1967
568 810
568 813
568 814
569 1681
570 1382
571 573
571 577
572 1523
573 804
573 1064
573 1813
575 1072
575 1456
576 1131
577 629
577 659
577 682
577 846
577 922
577 1054
577 1148
577 1404
577 1425
577 1450
578 823
578 1170
579 813
579 1204
579 1556
580 1431
581 1951
582 1361
583 1745
583 1761
584 877
584 1228
585 1746
585 1761
586 840
587 592
589 1381
590 1131
592 639
592 845
592 1334
592 1343
592 1388
592 1635
592 1765
592 1890
594 1228
594 1376
595 1968
596 942
597 606
599 993
599 1072
600 982
600 1042
601 1610
601 1779
603 1621
604 1792
606 1424
606 1558
606 1828
609 825
609 1513
610 1326
612 1540
613 718
613 1204
613 1705
614 1823
615 857
616 1924
617 1425
618 1042
618 1812
619 700
619 753
619 923
619 1003
619 1065
619 1281
619 1282
619 1283
619 1284
621 1772
621 1873
621 1936
624 1237
624 1874
626 744
627 895
627 1489
627 1745
628 629
629 846
629 879
629 1006
629 1393
629 1519
629 1553
629 1768
629 1804
630 1496
630 1542
631 1219
631 1657
631 1663
632 1931
634 770
634 1725
635 1206
635 1967
636 1627
637 638
637 639
637 640
637 641
637 642
638 646
638 1423
639 646
639 1154
639 1163
639 1173
639 1206
639 1241
639 1331
639 1371
639 1381
639 1496
639 1531
641 805
643 901
646 698
646 991
646 1075
646 1192
646 1663
646 1705
646 1714
646 1736
646 1779
648 810
648 1823
651 707
651 744
651 1429
651 1445
652 1973
653 919
654 1032
656 962
656 979
656 1621
656 1625
657 823
657 1161
659 1272
659 1921
660 1745
663 681
663 1131
666 1395
668 739
668 1921
669 765
669 770
669 772
672 895
672 983
673 674
673 675
673 676
673 677
674 778
674 963
674 1078
674 1179
674 1247
674 1290
674 1499
674 1631
674 1739
674 1942
675 742
675 766
675 1284
675 1678
675 1698
675 1709
675 1936
676 707
676 824
676 912
676 1403
676 1417
676 1555
676 1707
676 1832
677 891
677 1154
678 877
679 810
681 1018
681 1089
681 1207
681 1254
681 1458
681 1567
682 1040
682 1748
683 1048
683 1289
684 1583
684 1636
684 1658
686 1093
687 718
687 984
687 1075
687 1154
687 1204
687 1287
687 1493
687 1561
687 1675
687 1719
687 1792
688 708
688 1761
689 1627
690 1152
691 1259
691 1810
691 1812
691 1813
692 838
692 868
692 938
692 953
692 1185
692 1667
692 1714
692 1852
692 1918
692 1973
694 1542
695 777
696 1110
696 1163
698 899
698 952
698 1029
698 1298
698 1394
698 1887
699 983
699 1107
700 1050
700 1193
704 854
704 938
704 1036
704 1282
704 1366
705 1538
705 1680
707 850
707 884
707 1540
707 1759
707 1966
708 714
708 1379
708 1408
708 1580
711 1107
714 1431
714 1657
715 1445
716 718
717 1348
718 1380
718 1400
718 1417
718 1659
719 1174
720 1421
720 1425
720 1573
720 1809
720 1810
721 777
721 920
721 1093
721 1219
721 1224
721 1279
721 1516
721 1604
721 1938
722 1160
724 1429
724 1432
724 1725
724 1792
727 966
729 1941
730 810
730 1197
730 1265
730 1513
731 1500
731 1680
732 962
733 1806
733 1973
734 969
734 1155
734 1790
734 1886
734 1887
736 1523
737 1924
738 1482
739 740
739 741
739 742
741 1382
742 805
742 812
742 1285
742 1523
742 1648
742 1781
742 1783
742 1903
743 1259
743 1336
743 1744
744 808
744 988
744 1188
744 1293
744 1393
744 1570
744 1759
744 1848
746 749
747 1874
748 773
749 1436
749 1448
749 1830
750 933
751 965
751 1174
752 1107
752 1228
753 826
754 1763
755 1779
756 760
760 1039
760 1155
760 1279
760 1337
760 1363
760 1372
760 1617
760 1868
762 1016
762 1482
762 1652
762 1761
763 790
763 1206
764 1195
765 829
765 832
765 839
765 1390
765 1494
765 1782
765 1846
765 1953
766 1308
768 1170
768 1173
768 1174
770 933
770 975
770 1021
770 1095
770 1227
770 1468
770 1616
770 1681
770 1924
771 1531
771 1746
772 882
772 1064
772 1474
772 1865
772 1866
773 774
773 775
773 776
773 777
773 778
774 1425
775 1197
775 1681
777 870
777 930
777 965
777 1065
777 1094
777 1256
777 1630
777 1903
779 1050
779 1264
779 1349
780 990
780 1130
780 1141
780 1154
780 1174
780 1198
780 1743
780 1980
783 1160
783 1657
784 1159
786 1801
788 1369
788 1426
790 791
790 792
790 793
790 794
790 795
790 796
791 1489
792 840
792 1478
792 1496
793 1170
795 847
796 947
796 1152
796 1648
798 1496
798 1801
799 1204
800 1219
800 1654
802 805
803 1158
803 1225
804 823
804 1874
805 903
805 904
806 1918
806 1941
807 962
807 982
807 1625
807 1941
810 975
810 1091
810 1175
810 1311
810 1895
811 1228
811 1264
811 1348
812 967
812 1700
812 1745
813 830
813 874
813 995
813 1048
813 1185
813 1321
813 1530
813 1944
813 1984
814 992
814 1089
814 1340
814 1473
814 1996
815 1265
815 1629
816 840
816 1984
817 1423
819 1864
820 1077
820 1423
821 823
821 825
821 826
821 827
821 830
822 1813
823 997
823 1138
823 1361
823 1436
823 1454
823 1456
824 825
825 826
825 919
825 1098
825 1144
825 1174
825 1224
825 1512
825 1571
825 1646
825 1769
825 1823
825 1928
826 1470
826 1504
827 1165
827 1645
830 835
830 1136
830 1487
833 1225
833 1812
833 1939
833 1995
836 1654
836 1761
838 840
839 1032
840 915
840 952
840 1088
840 1341
840 1358
840 1471
841 1629
843 1431
844 1152
846 1583
847 982
847 1056
847 1089
847 1102
847 1539
847 1928
850 857
850 1289
850 1542
850 1648
850 1871
851 1264
851 1646
852 853
852 857
853 913
853 1062
853 1139
853 1350
853 1759
853 1892
854 972
855 1912
856 1007
856 1652
857 1488
857 1615
857 1746
857 1911
858 1610
858 1854
859 1744
860 880
860 1155
861 864
861 868
863 1426
864 1217
864 1233
864 1285
864 1384
864 1512
864 1731
865 1725
866 928
867 1115
867 1331
868 1073
868 1246
868 1645
868 1870
870 1040
870 1228
870 1482
871 1942
872 1265
872 1725
872 1864
875 1469
876 877
877 1051
877 1450
877 1800
877 1869
877 1895
877 1976
878 1237
878 1418
879 1321
880 881
880 882
880 883
880 884
880 885
880 886
882 1021
882 1193
882 1272
882 1308
882 1376
882 1431
882 1498
882 1629
882 1740
882 1995
883 1429
885 895
887 1652
888 1418
890 915
890 1110
890 1404
890 1900
895 934
895 1232
895 1566
896 898
896 901
898 1765
899 1170
899 1677
899 1748
900 1477
901 1339
901 1401
901 1736
901 1797
901 1836
902 1544
903 1282
903 1680
904 1095
904 1705
907 1116
910 1331
912 1173
914 919
915 1272
915 1282
915 1813
917 1652
919 1054
919 1127
919 1393
919 1541
919 1869
919 1914
920 1003
920 1040
920 1042
921 1195
921 1820
922 1556
922 1725
923 928
923 933
928 1041
928 1174
928 1355
928 1562
928 1777
928 1785
929 1225
929 1561
930 1193
930 1272
931 1115
931 1116
933 1103
933 1778
933 1901
935 1110
935 1160
937 1728
938 1968
940 1737
941 983
942 1117
942 1155
942 1168
942 1511
942 1578
942 1635
942 1762
942 1893
943 947
947 1110
947 1164
947 1185
947 1211
947 1416
947 1607
951 1131
952 1040
952 1072
953 1537
953 1587
956 962
959 1498
961 1100
962 1452
962 1622
964 997
965 1315
966 1050
966 1064
966 1535
966 1618
966 1659
966 1754
966 1769
966 1776
967 1101
967 1142
967 1510
967 1575
967 1826
967 1907
969 1225
969 1625
970 1376
971 1939
972 1089
972 1188
972 1234
973 1034
975 1197
976 1456
976 1747
977 978
977 979
977 980
977 981
978 1658
978 1763
979 1109
979 1135
979 1218
979 1685
979 1936
979 1937
980 1050
980 1349
982 983
982 984
982 985
982 986
982 987
983 1071
983 1120
983 1122
983 1309
983 1828
983 1886
985 1496
986 1163
987 1513
988 989
989 1350
989 1412
989 1473
989 1486
989 1637
989 1726
990 1032
990 1331
990 1667
990 1806
991 1003
992 1725
993 1083
993 1273
993 1359
993 1466
993 1777
994 1018
994 1046
994 1407
994 1673
994 1821
995 1742
995 1792
996 1587
996 1763
997 1026
997 1411
997 1508
997 1690
997 1772
997 1822
998 1204
1000 1001
1000 1002
1000 1003
1000 1005
1001 1113
1001 1215
1001 1232
1001 1270
1001 1308
1003 1092
1003 1411
1003 1412
1004 1885
1005 1122
1005 1449
1005 1453
1005 1812
1005 1822
1005 1925
1006 1107
1007 1495
1007 1528
1007 1760
1007 1970
1008 1161
1008 1282
1008 1456
1008 1749
1010 1193
1010 1732
1011 1381
1013 1418
1013 1436
1015 1747
1016 1017
1016 1018
1016 1019
1016 1020
1016 1021
1017 1968
1020 1986
1025 1737
1031 1627
1032 1155
1032 1231
1032 1327
1032 1845
1032 1915
1034 1058
1034 1363
1034 1366
1034 1499
1034 1703
1035 1680
1037 1820
1040 1272
1040 1754
1040 1785
1040 1877
1041 1093
1041 1163
1042 1479
1042 1499
1043 1044
1044 1070
1044 1280
1044 1519
1044 1736
1046 1048
1048 1184
1048 1375
1048 1768
1048 1791
1048 1965
1049 1376
1050 1197
1050 1237
1050 1546
1050 1621
1051 1418
1053 1116
1055 1204
1055 1942
1058 1779
1059 1163
1059 1456
1064 1308
1064 1942
1065 1921
1066 1667
1067 1349
1067 1736
1068 1381
1068 1489
1069 1621
1070 1072
1070 1077
1072 1265
1072 1359
1072 1408
1072 1619
1072 1641
1073 1381
1074 1170
1076 1158
1078 1629
1080 1425
1080 1621
1080 1941
1080 1967
1082 1418
1082 1629
1082 1813
1083 1321
1085 1145
1085 1228
1085 1482
1085 1658
1088 1381
1088 1423
1088 1425
1088 1426
1091 1489
1092 1636
1093 1130
1093 1502
1093 1780
1094 1667
1094 1902
1095 1096
1095 1097
1095 1098
1095 1099
1096 1160
1096 1300
1096 1349
1096 1524
1096 1864
1097 1399
1099 1195
1099 1348
1100 1101
1100 1102
1100 1103
1102 1627
1103 1282
1103 1742
1104 1157
1104 1500
1107 1221
1107 1250
1107 1459
1107 1991
1109 1336
1110 1116
1110 1399
1110 1482
1110 1500
1110 1576
1110 1638
1110 1639
1110 1761
1110 1781
1110 1968
1113 1944
1114 1423
1115 1253
1115 1691
1115 1825
1115 1866
1115 1942
1115 1955
1116 1213
1116 1232
1116 1534
1116 1553
1116 1608
1116 1808
1121 1498
1122 1336
1122 1583
1124 1125
1125 1534
1125 1802
1125 1918
1125 1919
1125 1923
1126 1235
1127 1587
1130 1155
1131 1345
1131 1615
1132 1885
1136 1161
1136 1331
1139 1537
1140 1162
1140 1681
1141 1237
1141 1746
1144 1761
1145 1437
1145 1789
1145 1935
1146 1326
1148 1425
1149 1174
1149 1219
1149 1939
1150 1326
1151 1152
1152 1171
1152 1486
1152 1940
1152 1942
1154 1155
1154 1156
1154 1157
1154 1158
1154 1159
1154 1160
1154 1161
1154 1162
1155 1225
1155 1296
1155 1349
1155 1471
1155 1639
1155 1874
1155 1885
1155 1941
1157 1208
1157 1220
1157 1458
1157 1691
1157 1935
1158 1263
1158 1403
1158 1622
1158 1664
1158 1703
1158 1974
1159 1199
1159 1211
1159 1370
1159 1463
1159 1857
1160 1589
1160 1803
1161 1548
1161 1591
1161 1870
1162 1549
1162 1555
1162 1754
1162 1926
1163 1201
1163 1506
1163 1799
1163 1805
1163 1974
1164 1193
1164 1823
1165 1213
1165 1748
1166 1228
1166 1638
1166 1939
1168 1300
1168 1648
1168 1988
1169 1871
1170 1388
1170 1440
1170 1508
1170 1668
1170 1669
1172 1705
1172 1876
1173 1198
1173 1408
1173 1899
1174 1280
1174 1407
1174 1633
1174 1826
1174 1991
1175 1432
1176 1308
1177 1456
1178 1544
1180 1513
1181 1988
1183 1265
1183 1629
1185 1265
1185 1336
1186 1426
1186 1456
1187 1300
1187 1436
1188 1667
1189 1806
1190 1193
1192 1636
1192 1792
1193 1245
1193 1673
1194 1195
1194 1197
1195 1312
1195 1483
1195 1759
1195 1994
1196 1421
1197 1771
1197 1915
1198 1663
1200 1801
1202 1531
1204 1260
1204 1637
1204 1640
1204 1715
1206 1664
1206 1972
1207 1323
1210 1436
1210 1763
1211 1902
1213 1497
1213 1586
1213 1935
1214 1321
1216 1658
1217 1792
1218 1801
1219 1358
1219 1366
1219 1416
1219 1659
1222 1663
1223 1225
1224 1278
1225 1630
1225 1906
1225 1913
1225 1926
1225 1965
1226 1749
1227 1399
1227 1627
1228 1229
1228 1230
1230 1763
1235 1338
1235 1566
1235 1660
1235 1964
1236 1237
1237 1770
1237 1997
1244 1988
1247 1732
1254 1321
1256 1259
1259 1363
1259 1649
1259 1789
1260 1264
1260 1265
1261 1861
1261 1876
1262 1763
1263 1902
1264 1403
1264 1696
1264 1759
1264 1765
1264 1840
1264 1856
1265 1330
1265 1578
1265 1625
1265 1639
1266 1349
1266 1544
1267 1680
1269 1587
1272 1384
1272 1478
1272 1587
1272 1781
1272 1808
1273 1810
1274 1636
1276 1278
1277 1620
1278 1622
1278 1684
1278 1759
1278 1960
1281 1705
1282 1393
1282 1407
1282 1414
1282 1875
1282 1876
1282 1877
1284 1995
1286 1349
1289 1290
1289 1291
1289 1292
1292 1744
1294 1667
1296 1300
1299 1627
1299 1942
1300 1351
1300 1473
1300 1759
1300 1771
1300 1776
1300 1802
1300 1893
1301 1587
1302 1523
1304 1423
1304 1573
1304 1728
1304 1813
1304 1912
1305 1854
1307 1573
1308 1309
1308 1310
1308 1311
1308 1312
1308 1313
1308 1314
1308 1315
1310 1861
1310 1995
1311 1399
1313 1700
1314 1348
1315 1654
1317 1806
1318 1469
1319 1728
1319 1885
1320 1620
1321 1767
1322 1426
1322 1431
1322 1680
1323 1703
1323 1838
1323 1928
1323 1961
1324 1968
1325 1326
1325 1812
1326 1535
1326 1675
1326 1714
1326 1797
1328 1683
1330 1537
1330 1744
1331 1509
1331 1679
1331 1741
1331 1940
1332 1381
1332 1583
1332 1918
1333 1336
1335 1864
1336 1337
1337 1648
1339 1820
1340 1531
1341 1813
1347 1348
1347 1349
1348 1401
1348 1751
1349 1509
1349 1554
1349 1691
1350 1646
1351 1361
1351 1746
1351 1984
1352 1381
1353 1489
1353 1988
1357 1861
1357 1944
1360 1361
1361 1402
1361 1791
1365 1524
1365 1823
1368 1735
1371 1376
1372 1374
1372 1376
1373 1429
1374 1414
1374 1622
1374 1841
1374 1917
1375 1747
1376 1501
1376 1740
1378 1561
1379 1425
1381 1803
1382 1640
1388 1783
1388 1986
1392 1620
1392 1902
1395 1439
1395 1596
1395 1903
1396 1854
1397 1523
1397 1524
1398 1681
1399 1643
1400 1638
1408 1728
1415 1482
1415 1542
1418 1516
1421 1460
1421 1918
1421 1945
1422 1761
1423 1516
1423 1546
1423 1819
1423 1820
1425 1624
1425 1631
1425 1960
1425 1965
1425 1986
1426 1618
1426 1724
1426 1803
1426 1967
1429 1482
1429 1526
1430 1431
1431 1457
1431 1624
1431 1644
1431 1692
1432 1433
1432 1434
1433 1538
1433 1728
1435 1513
1435 1973
1436 1538
1436 1627
1436 1645
1436 1675
1436 1676
1436 1677
1436 1678
1436 1679
1436 1680
1440 1629
1440 1918
1441 1968
1444 1681
1445 1571
1445 1588
1445 1897
1450 1496
1450 1587
1456 1615
1456 1755
1456 1774
1459 1636
1461 1871
1462 1680
1464 1921
1468 1496
1469 1743
1469 1903
1470 1732
1471 1477
1471 1478
1474 1633
1475 1732
1477 1557
1477 1604
1478 1539
1478 1660
1482 1493
1482 1573
1482 1974
1483 1542
1484 1573
1485 1498
1489 1522
1494 1742
1494 1823
1498 1505
1498 1790
1498 1791
1499 1633
1500 1750
1500 1769
1500 1935
1501 1620
1504 1813
1506 1942
1512 1801
1513 1642
1513 1759
1513 1760
1514 1918
1518 1931
1518 1984
1521 1540
1524 1878
1525 1876
1529 1804
1530 1625
1530 1742
1531 1719
1531 1828
1531 1829
1532 1652
1533 1939
1536 1779
1537 1568
1537 1742
1537 1918
1537 1964
1537 1965
1538 1539
1540 1656
1540 1830
1540 1957
1542 1933
1544 1714
1544 1775
1544 1942
1550 1871
1552 1629
1556 1557
1560 1747
1560 1967
1561 1619
1561 1653
1561 1938
1564 1633
1568 1621
1569 1573
1573 1851
1575 1680
1581 1746
1583 1643
1583 1692
1583 1789
1583 1835
1586 1939
1603 1871
1604 1809
1608 1610
1609 1610
1610 1739
1610 1873
1610 1982
1611 1820
1612 1874
1613 1700
1613 1725
1616 1621
1616 1648
1616 1951
1620 1644
1620 1813
1621 1630
1621 1719
1625 1788
1625 1927
1627 1635
1627 1708
1629 1650
1630 1804
1631 1749
1631 1812
1632 1861
1634 1638
1634 1657
1636 1819
1636 1878
1637 1680
1638 1689
1638 1776
1640 1804
1643 1967
1646 1879
1649 1820
1652 1694
1652 1765
1653 1677
1654 1683
1654 1772
1654 1777
1654 1969
1654 1982
1657 1884
1658 1686
1658 1853
1661 1931
1663 1726
1663 1922
1666 1737
1667 1675
1667 1702
1670 1854
1673 1742
1675 1967
1677 1741
1678 1801
1680 1841
1681 1826
1681 1904
1681 1966
1683 1743
1683 1872
1685 1924
1698 1700
1699 1745
1700 1911
1700 1938
1700 1953
1701 1744
1701 1745
1701 1746
1704 1861
1705 1962
1725 1726
1725 1727
1728 1743
1731 1732
1732 1777
1732 1852
1733 1735
1734 1745
1734 1804
1735 1992
1736 1767
1736 1919
1740 1902
1741 1742
1742 1811
1746 1875
1747 1934
1748 1847
1749 1843
1750 1801
1753 1968
1756 1810
1759 1813
1759 1902
1759 1912
1764 1812
1771 1823
1779 1870
1782 1783
1783 1866
1783 1911
1783 1919
1797 1871
1797 1885
1797 1995
1799 1806
1801 1865
1801 1930
1801 1953
1805 1854
1805 1967
1810 1813
1810 1964
1812 1875
1812 1921
1812 1939
1813 1951
1818 1820
1818 1854
1820 1836
1820 1878
1833 1944
1853 1854
1854 1905
1860 1861
1861 1898
1862 1864
1863 1942
1864 1918
1871 1873
1876 1980
1883 1912
1891 1912
1896 1912
1900 1951
1917 1988
1936 1944
1936 1986
1939 1998
1941 1945
1945 1973
1966 1967
1973 1978
1978 1986
1984 1993
