0 11
2 38
2 1542
2 1570
3 175
3 888
3 889
4 124
4 623
4 1000
4 1196
4 1624
6 439
7 608
7 1918
8 936
9 356
9 1804
10 304
10 334
10 1012
10 1015
11 77
11 91
11 100
11 309
11 352
11 395
11 483
11 609
11 1452
11 1537
11 1885
12 1469
12 1941
13 167
13 1153
13 1611
13 1926
14 16
14 17
14 24
15 1196
15 1918
15 1955
16 96
16 304
16 347
16 583
16 1064
16 1507
16 1759
17 367
17 550
17 630
17 1363
17 1872
18 169
18 526
19 184
19 1428
20 322
20 1042
20 1259
20 1942
21 1145
21 1544
22 849
22 1109
23 192
23 1712
23 1961
24 173
24 258
24 433
24 606
24 882
24 1077
24 1131
24 1154
24 1348
24 1469
24 1604
24 1747
24 1748
24 1749
25 693
25 901
25 1093
25 1482
27 29
27 31
29 295
29 710
29 942
29 1130
29 1256
29 1505
29 1539
29 1570
29 1858
30 322
30 1818
31 73
31 96
31 226
31 509
31 755
31 874
31 1114
31 1266
31 1354
31 1972
32 143
33 888
33 1659
34 1629
35 556
36 37
36 38
37 206
37 368
37 416
37 572
37 665
37 703
37 917
37 1171
37 1570
37 1582
38 211
38 362
38 412
38 518
38 532
38 601
38 829
38 1051
38 1145
38 1258
38 1627
38 1962
39 526
39 1966
40 465
41 670
41 1784
42 518
43 641
43 1460
45 516
45 1478
45 1551
46 356
47 442
47 688
48 1863
49 446
49 1692
50 433
50 1259
51 740
51 1316
52 1498
53 655
53 878
57 693
57 860
58 242
58 1030
60 61
61 75
61 646
61 1053
61 1099
61 1181
61 1356
61 1383
61 1398
61 1476
62 604
62 832
62 997
62 1144
62 1145
62 1147
63 1794
64 522
64 1802
65 1929
68 1498
70 1372
70 1550
71 971
71 1942
73 133
73 1145
75 184
75 629
75 733
75 1646
76 386
76 1851
77 698
78 83
79 370
79 1156
80 706
80 1461
81 1893
82 1696
83 235
83 544
83 610
83 719
83 720
83 721
83 722
84 1337
84 1433
84 1522
84 1705
85 805
86 87
87 1181
87 1485
87 1594
87 1702
87 1736
87 1773
88 465
88 693
89 608
89 1175
89 1221
89 1776
90 706
90 1550
92 522
92 1144
93 94
93 95
93 96
93 97
93 98
93 99
93 100
94 646
94 1015
94 1271
94 1390
94 1642
95 148
95 190
95 513
95 594
95 753
95 852
95 1141
95 1428
95 1602
95 1671
95 1772
95 1799
95 1827
96 205
96 1055
97 213
97 733
97 936
97 1705
99 1451
103 155
103 767
103 953
103 1638
103 1667
104 1221
105 1015
106 114
107 681
107 1816
107 1864
108 1705
109 845
109 1040
109 1537
110 1039
111 604
111 622
111 623
112 254
113 1863
113 1881
114 191
114 416
114 668
114 866
114 876
114 1075
114 1224
114 1359
114 1601
114 1871
116 427
116 1195
118 1713
119 1038
119 1326
119 1736
120 595
120 1319
120 1570
121 503
121 1498
122 124
122 127
122 133
122 134
123 522
123 1749
124 133
124 183
124 557
124 759
124 839
124 887
124 1300
124 1380
124 1386
124 1415
124 1602
124 1683
124 1786
125 1258
125 1543
125 1845
127 184
127 250
127 511
127 847
127 1204
127 1224
128 1768
130 705
130 706
131 167
131 853
131 1498
131 1881
132 698
133 193
133 304
133 393
133 446
133 460
133 485
133 646
133 652
133 659
133 823
133 918
133 1524
133 1809
133 1966
134 580
134 946
134 981
134 1116
134 1379
134 1507
134 1579
134 1843
134 1884
135 140
135 143
136 1087
136 1629
137 674
138 1079
140 305
140 605
140 882
140 1240
140 1388
140 1391
140 1592
140 1883
140 1943
141 1802
142 1021
143 167
143 960
143 1191
143 1365
143 1632
144 1875
145 1559
145 1748
145 1829
146 1236
146 1682
146 1776
147 148
147 153
148 166
148 350
148 364
148 757
148 844
148 923
148 958
148 1371
148 1907
148 1919
148 1935
149 330
150 853
150 1180
150 1460
150 1841
151 1696
152 427
152 1787
153 287
153 580
153 581
153 582
153 583
153 584
153 585
153 586
154 1622
154 1873
155 156
155 157
155 158
155 159
155 160
155 161
155 162
155 163
155 164
155 165
155 166
155 167
155 168
156 1192
156 1351
157 322
158 340
158 341
158 342
158 343
158 344
158 345
158 346
158 347
158 348
158 349
158 350
158 351
158 352
158 353
158 354
159 845
159 848
159 849
160 163
160 276
160 293
160 967
160 1521
160 1824
161 1625
162 1413
162 1925
163 307
163 936
164 419
164 595
164 640
164 717
164 1164
164 1195
164 1285
164 1521
164 1696
164 1752
164 1842
164 1915
164 1964
165 1413
165 1428
165 1918
166 1147
166 1197
167 293
167 442
167 636
167 877
167 993
167 1073
167 1282
167 1597
167 1605
167 1736
167 1869
167 1982
168 534
168 1077
168 1093
169 170
169 171
169 172
169 173
169 174
169 175
169 176
169 177
171 393
171 655
171 1075
171 1213
172 999
173 631
173 1156
173 1196
173 1802
174 936
174 1784
175 622
175 638
175 733
175 837
175 1000
175 1042
175 1156
175 1461
175 1516
175 1651
175 1744
175 1756
175 1894
176 1308
176 1776
177 192
177 426
177 1109
177 1537
177 1931
178 179
178 180
178 181
178 182
178 183
178 184
178 185
178 186
179 1736
179 1918
180 646
180 1748
181 421
181 1316
181 1821
183 229
183 1030
183 1145
183 1898
183 1918
184 205
184 212
184 308
184 425
184 641
184 659
184 819
184 834
184 894
184 911
184 1167
184 1212
184 1213
184 1214
185 1021
185 1329
186 777
187 190
187 192
188 604
188 884
188 1776
190 192
190 292
190 356
190 370
190 388
190 509
190 622
190 845
190 867
190 927
190 1363
190 1591
190 1625
190 1955
191 1195
191 1272
192 350
192 511
192 842
192 993
192 994
192 995
193 1749
195 1472
196 849
196 1034
196 1153
196 1829
197 205
200 402
200 1542
200 1910
201 773
201 1021
201 1555
202 641
202 1316
203 221
203 229
205 745
205 899
205 986
205 1069
205 1207
205 1220
205 1795
205 1914
206 965
207 1577
207 1591
208 211
208 213
209 681
210 652
211 395
211 692
211 784
211 863
211 1006
211 1095
211 1280
211 1407
211 1848
212 1429
212 1827
213 304
213 530
213 638
213 1026
213 1065
214 1236
215 1490
216 307
216 1120
216 1363
216 1642
217 1834
218 1021
219 901
220 1348
221 236
221 314
221 430
221 544
221 843
221 910
221 988
221 1280
221 1283
221 1482
221 1499
221 1774
222 1599
222 1787
223 1534
225 1251
225 1556
226 1015
226 1147
228 1236
228 1319
228 1821
229 721
229 1315
229 1408
229 1457
229 1833
229 1890
229 1922
229 1939
229 1967
230 341
230 772
230 1559
232 460
233 884
233 1077
234 604
235 1153
236 1034
237 242
238 753
239 805
240 516
240 877
240 1259
241 557
241 1705
242 594
242 630
242 714
242 847
242 960
242 1009
242 1059
242 1504
242 1559
242 1588
243 740
244 623
244 884
244 1139
245 881
245 1214
249 629
249 1642
250 853
250 1807
251 1881
252 949
252 970
253 254
254 388
254 548
254 729
254 840
254 880
254 897
254 1395
254 1516
254 1553
254 1924
255 1646
257 1045
257 1075
258 1109
258 1537
259 773
259 1570
259 1829
260 740
260 1841
261 1419
261 1809
262 470
262 1093
264 402
264 1273
266 854
266 1419
267 827
267 1864
268 773
269 1542
271 1236
272 860
272 1030
272 1087
272 1756
272 1864
272 1893
274 278
275 965
277 1276
278 298
278 435
278 520
278 939
278 1445
278 1736
279 845
279 1087
280 777
280 1273
281 988
282 518
283 1175
284 1077
284 1080
284 1451
284 1606
285 1221
285 1251
286 606
286 1143
286 1740
287 292
288 1698
289 1236
291 805
292 342
292 399
292 940
292 944
292 1090
292 1324
292 1467
292 1530
292 1720
293 772
294 1386
294 1490
294 1544
294 1551
295 498
295 1358
295 1918
296 1030
297 298
297 299
297 300
297 301
297 302
297 303
297 304
297 305
297 306
299 631
299 1316
300 429
300 949
300 1120
300 1646
302 845
302 965
303 1145
304 670
304 808
304 828
304 903
304 1313
304 1397
304 1457
304 1470
304 1522
304 1541
304 1713
304 1974
305 1045
305 1461
305 1882
306 1926
307 308
307 309
307 310
307 311
307 312
307 313
307 314
307 315
307 316
308 953
308 1142
310 1380
312 503
312 1522
312 1624
313 848
313 1787
314 1882
315 1966
316 546
316 622
316 952
316 997
316 1147
316 1172
316 1316
316 1635
316 1641
316 1654
316 1704
316 1711
316 1970
317 322
317 330
318 1583
318 1852
320 965
320 1106
321 1597
321 1834
322 531
322 689
322 724
322 759
322 764
322 1312
322 1572
322 1661
322 1700
323 1259
326 423
326 652
326 1692
328 652
328 957
328 1929
329 905
329 1712
330 641
330 726
330 768
330 1289
330 1508
330 1558
330 1563
330 1865
331 334
331 335
332 1093
332 1659
333 670
333 1490
334 392
334 507
334 644
334 1414
334 1642
334 1660
334 1717
334 1806
335 643
335 644
335 645
335 646
335 647
335 648
338 1197
339 1221
340 697
340 751
340 952
340 969
340 1125
340 1345
340 1379
340 1401
340 1729
341 394
341 667
341 728
341 732
341 820
341 972
341 1267
341 1775
342 553
342 1712
343 439
344 424
344 1469
345 1221
346 1027
347 1329
348 439
348 1042
349 808
350 1272
350 1606
351 1971
352 1472
352 1767
353 386
354 1934
355 356
356 615
356 771
356 776
356 804
356 1108
356 1298
356 1607
356 1764
357 386
357 595
359 460
359 637
359 698
360 1175
360 1556
362 593
362 1040
362 1276
363 539
363 1577
364 641
364 1156
365 936
365 957
365 999
365 1542
365 1638
366 1469
367 408
367 1591
368 604
368 965
368 1297
368 1740
368 1804
369 473
369 518
369 1348
370 371
370 372
370 373
370 374
370 375
370 376
370 377
370 378
370 379
371 1080
371 1961
372 1034
372 1744
373 549
374 514
374 1139
374 1143
374 1692
375 1209
376 1104
376 1258
377 1413
377 1419
378 878
378 1145
378 1624
379 1271
379 1272
379 1273
379 1274
380 386
381 693
381 1894
382 1852
383 845
384 773
384 1251
384 1961
386 790
386 890
386 1067
386 1140
386 1465
386 1654
386 1661
387 693
387 1079
387 1749
388 538
388 1079
388 1259
388 1543
388 1692
389 549
389 953
389 1931
390 1852
392 393
392 402
392 403
392 408
393 628
393 644
393 703
397 1193
399 540
399 1012
399 1583
399 1698
399 1942
401 767
401 1542
402 813
402 1274
402 1520
402 1691
402 1710
403 436
403 516
403 831
403 968
403 1432
403 1892
404 733
405 1736
405 1941
406 1929
407 1562
408 1022
408 1085
408 1307
408 1349
408 1444
408 1451
409 421
410 509
410 510
410 514
410 516
411 1143
412 522
417 1351
417 1731
418 1071
419 1021
420 878
420 1271
420 1380
420 1938
421 425
421 694
421 716
421 763
421 980
421 1167
421 1578
421 1718
421 1916
421 1917
422 423
422 424
422 426
422 427
422 429
422 433
423 641
423 644
423 1321
423 1432
423 1496
423 1693
424 481
424 649
424 929
424 1016
424 1363
424 1388
424 1444
424 1450
424 1658
425 1360
425 1657
426 779
426 793
426 887
426 1257
426 1375
426 1546
426 1715
426 1719
427 466
427 631
427 872
427 899
427 940
427 1005
427 1473
427 1943
428 970
428 1147
428 1818
429 614
429 681
429 823
429 885
429 955
429 1132
429 1138
429 1233
429 1265
429 1337
429 1369
430 1461
431 767
431 1606
433 467
433 822
433 846
434 1358
434 1413
435 949
435 1439
435 1736
436 439
436 441
436 442
436 446
438 970
438 1358
439 695
439 821
439 1058
439 1092
439 1223
439 1531
439 1661
441 509
441 626
441 820
441 1445
441 1987
441 1995
442 692
442 980
442 1005
442 1071
442 1227
442 1433
442 1630
442 1703
442 1852
442 1963
443 1077
443 1926
444 1175
446 594
446 769
446 955
446 1417
446 1482
446 1483
446 1509
446 1605
446 1615
446 1623
446 1637
452 1577
455 953
455 1012
455 1577
455 1879
456 473
456 1153
456 1638
457 460
458 503
460 1187
460 1500
460 1524
460 1582
460 1754
461 1180
462 659
462 1197
463 688
464 753
464 827
465 982
465 1127
465 1692
465 1990
466 889
466 1864
467 470
467 473
468 772
468 1651
470 516
470 928
471 670
471 1120
471 1193
472 1413
472 1606
473 588
473 760
473 771
473 968
473 1516
473 1541
476 1372
476 1380
476 1451
477 485
479 1510
480 652
481 1139
481 1893
482 905
482 1419
483 526
483 1555
484 1104
484 1638
485 908
485 956
485 1127
485 1138
485 1176
485 1362
487 608
487 694
487 1460
487 1661
488 1542
488 1692
489 631
489 836
489 881
489 970
489 1583
492 1929
493 997
493 1611
494 608
494 1629
495 1606
495 1889
496 498
496 503
497 1719
498 748
498 1139
498 1211
498 1378
498 1483
498 1654
498 1755
498 1995
501 698
501 740
501 1372
503 548
503 930
503 1139
503 1652
505 1413
507 1236
508 885
509 657
509 706
509 994
509 1007
509 1044
509 1049
509 1221
509 1608
509 1667
509 1777
510 846
510 1017
510 1055
510 1088
510 1336
511 1472
513 705
514 593
514 694
514 721
514 970
514 973
514 1015
514 1139
514 1189
514 1197
514 1251
514 1606
514 1802
514 1851
515 1522
515 1818
516 1144
516 1202
516 1272
516 1392
516 1505
516 1525
516 1558
516 1887
516 1947
517 646
517 1156
517 1879
518 566
518 1687
518 1724
519 1316
519 1319
520 522
520 526
522 585
522 727
522 1767
523 1106
523 1326
523 1460
524 889
525 1756
526 878
526 1005
527 965
527 970
528 533
528 534
528 538
528 539
529 1472
529 1659
531 580
531 637
531 805
531 927
531 1606
532 824
532 1087
532 1712
533 922
533 1736
533 1778
534 925
534 953
534 989
534 1001
534 1215
534 1240
534 1416
534 1640
535 881
535 1537
536 1316
536 1386
537 1131
537 1197
537 1385
538 683
538 712
538 1008
538 1080
538 1102
538 1557
538 1648
539 658
539 846
539 1080
539 1159
539 1260
539 1312
539 1553
539 1747
540 541
540 542
540 543
540 544
540 545
540 546
540 547
540 548
540 549
541 848
541 1385
541 1625
542 1109
542 1522
543 1308
543 1635
544 1863
546 721
546 1744
547 1251
548 1921
549 629
549 721
549 827
549 840
549 882
549 967
549 1170
549 1326
549 1368
549 1477
549 1556
549 1610
549 1658
550 553
550 556
550 557
551 867
552 1934
553 576
553 815
553 878
553 1102
553 1230
553 1370
553 1491
553 1492
554 1042
555 608
555 1657
556 586
556 821
556 851
556 975
556 1363
556 1541
556 1547
557 599
557 962
557 1049
557 1053
557 1067
557 1202
557 1249
557 1419
557 1919
557 1920
558 836
558 1093
559 1251
559 1894
560 1519
562 878
562 1482
562 1875
563 1611
563 1651
564 1326
565 849
567 1269
569 999
569 1591
570 1385
572 836
576 1131
576 1132
576 1133
577 629
577 659
578 1170
578 1712
579 1556
579 1879
580 623
580 1039
580 1319
580 1363
580 1404
580 1431
580 1515
580 1586
580 1611
580 1661
580 1821
581 1012
581 1818
582 1461
582 1893
583 1351
584 877
584 1297
585 845
587 593
587 595
588 970
590 1131
591 1133
592 845
592 1635
593 1103
594 1251
595 710
595 1076
595 1146
595 1168
595 1647
595 1754
595 1928
595 1968
597 604
597 606
600 1042
600 1258
600 1698
601 1635
601 1767
601 1779
602 1144
603 740
603 1519
604 695
604 1256
604 1516
604 1706
604 1792
605 1845
605 1898
606 1424
606 1558
606 1828
607 608
608 1358
608 1497
608 1512
608 1922
610 1326
612 888
612 1829
613 1039
613 1705
615 1713
616 885
616 1337
616 1794
618 836
618 1042
618 1659
618 1807
619 753
620 1189
621 1873
622 767
622 1006
622 1073
622 1088
622 1120
622 1273
622 1534
622 1719
622 1875
622 1882
622 1925
623 822
623 1342
623 1517
623 1753
623 1803
623 1930
623 1937
624 1386
624 1817
628 629
628 631
629 846
629 879
629 1006
629 1393
629 1519
629 1553
629 1768
629 1804
630 1045
630 1542
631 641
631 778
631 1219
631 1239
631 1517
631 1657
631 1663
631 1774
631 1889
632 1659
632 1931
633 1550
636 1390
636 1816
636 1920
637 638
637 639
637 640
637 641
637 642
638 646
638 999
638 1087
638 1132
638 1423
638 1570
639 646
640 1461
641 805
641 1037
641 1098
641 1130
641 1153
641 1543
641 1776
641 1808
641 1933
642 1319
642 1938
643 901
643 1080
643 1834
643 1881
645 693
646 698
646 991
646 1075
646 1192
646 1663
646 1705
646 1714
646 1736
646 1779
647 1543
649 652
651 1429
652 761
652 1096
652 1444
652 1782
652 1973
653 1372
653 1642
653 1756
654 848
654 1030
655 656
655 657
655 658
655 659
655 660
655 661
655 662
655 663
655 664
656 1622
656 1623
656 1624
656 1625
657 1961
658 733
658 1611
659 848
659 849
659 905
659 1272
659 1364
659 1372
659 1390
659 1549
659 1722
659 1787
659 1818
659 1845
659 1921
659 1934
660 1642
660 1955
661 1142
661 1817
662 889
663 681
663 1131
663 1147
663 1597
664 1025
665 670
668 1921
669 766
669 767
669 769
669 772
670 871
670 935
670 1137
670 1766
670 1915
672 1712
673 674
674 778
674 963
674 1078
674 1179
674 1247
674 1290
674 1499
674 1631
674 1739
674 1942
675 766
675 1698
676 824
676 1555
678 877
678 1133
678 1834
679 1276
681 1018
681 1089
681 1207
681 1254
681 1458
681 1567
682 1040
682 1748
684 1583
686 1093
686 1719
687 1075
687 1719
688 708
688 1404
688 1516
688 1761
689 1698
690 1153
691 1259
691 1807
692 953
692 1667
692 1852
692 1918
693 694
693 695
693 696
693 697
694 1025
694 1114
694 1236
694 1269
694 1472
694 1542
694 1551
694 1637
694 1660
694 1835
695 777
698 899
698 952
698 1029
698 1298
698 1394
698 1887
699 705
700 1027
700 1193
700 1624
700 1807
702 1419
703 1039
704 854
705 869
705 1149
705 1223
705 1538
705 1666
705 1680
705 1692
706 1097
706 1438
706 1711
706 1715
706 1822
707 884
707 1966
711 1104
711 1106
712 1180
712 1642
713 1599
714 1657
714 1752
717 1348
718 1380
718 1659
720 949
720 1809
720 1881
721 777
721 920
721 1093
721 1219
721 1224
721 1279
721 1516
721 1604
721 1938
722 1623
722 1926
724 1271
724 1390
724 1429
725 1597
728 1451
729 1941
730 867
730 1197
731 1000
731 1015
731 1787
733 801
733 843
733 872
733 1105
733 1806
733 1952
733 1973
737 1543
738 1390
738 1482
739 740
740 1075
740 1263
740 1299
740 1714
742 805
743 1259
743 1744
744 808
744 988
744 1570
745 1767
746 753
748 773
748 1875
751 965
751 1955
752 1818
752 1893
752 1894
753 826
753 908
753 1886
753 1989
755 1779
757 832
757 1851
758 1821
759 1419
760 1039
760 1337
760 1363
760 1372
762 1000
762 1075
762 1482
763 1209
764 1195
764 1419
764 1929
765 829
765 832
765 839
765 1390
766 945
766 1308
766 1584
766 1650
766 1676
766 1679
766 1907
767 935
767 1702
768 1170
768 1175
769 914
769 1054
769 1148
769 1249
769 1409
769 1932
770 1021
771 849
771 1419
772 882
772 1064
772 1474
772 1865
772 1866
773 774
773 775
773 776
773 777
773 778
774 1767
774 1816
775 1197
775 1351
777 870
777 930
777 965
777 1065
777 1094
777 1256
777 1630
777 1903
778 1192
779 1829
781 1682
782 1439
782 1777
783 1657
784 878
784 1925
786 808
786 1212
788 1651
791 1490
792 1273
792 1478
793 1170
793 1209
793 1316
793 1661
795 1834
798 1147
802 805
802 808
803 936
803 1104
804 845
805 903
805 904
806 1918
806 1941
807 1611
807 1625
807 1941
808 875
808 1307
808 1310
808 1481
808 1679
808 1716
808 1844
808 1879
809 860
809 1132
809 1776
809 1875
810 1175
810 1311
811 1348
815 1212
815 1629
816 1522
816 1622
817 957
817 988
817 1423
817 1559
818 1045
818 1966
819 1864
819 1882
820 1071
820 1077
820 1143
820 1423
821 824
821 827
821 829
823 997
824 825
824 1274
824 1368
824 1405
824 1483
824 1530
824 1870
824 1923
825 1144
825 1646
827 1165
827 1645
828 1894
829 841
829 876
829 878
829 1080
829 1132
829 1239
829 1327
829 1550
829 1577
829 1817
829 1819
831 1055
832 833
832 834
832 835
832 836
832 837
834 884
834 1719
835 1079
835 1510
835 1543
836 1055
836 1109
836 1274
836 1354
836 1437
836 1654
836 1761
836 1846
836 1850
837 1180
838 839
839 985
839 1032
839 1263
839 1371
839 1397
839 1501
839 1502
839 1503
840 1358
841 1451
841 1629
842 949
842 1027
842 1786
843 1358
843 1817
844 1816
845 918
845 1453
845 1454
846 1583
848 1114
849 865
849 1073
849 1275
849 1287
849 1916
850 1542
851 1251
851 1646
852 853
852 854
852 860
853 913
853 1062
853 1139
853 1350
853 1759
853 1892
854 971
854 972
854 973
854 974
854 975
854 976
855 1380
858 1905
859 1744
860 880
860 1108
860 1155
860 1273
860 1303
860 1567
860 1695
860 1837
860 1945
861 867
863 1559
864 1731
865 1570
867 892
867 978
867 1115
867 1136
867 1331
867 1437
870 1040
870 1482
871 1682
871 1942
872 1864
875 1132
875 1469
876 877
876 878
877 1051
877 1450
877 1800
877 1869
877 1895
877 1976
878 1121
878 1237
878 1329
878 1418
878 1570
878 1690
878 1691
879 988
879 1132
879 1768
880 881
880 882
880 884
880 885
881 1020
881 1055
882 1021
882 1193
882 1272
882 1308
882 1376
882 1431
882 1498
882 1629
882 1740
882 1995
883 1429
884 992
884 1118
884 1139
884 1564
884 1644
884 1950
885 895
885 1010
885 1028
885 1096
887 1000
888 945
888 954
888 1121
888 1418
888 1516
888 1790
888 1836
889 1363
889 1465
889 1486
889 1592
889 1760
889 1860
891 1139
891 1731
891 1740
891 1816
891 1841
892 1258
892 1413
894 1756
896 901
899 1012
899 1170
899 1748
900 953
900 1477
901 1339
901 1401
901 1736
901 1797
901 1836
902 1544
902 1982
904 1705
905 906
905 907
905 908
905 909
905 910
905 911
905 912
905 913
906 1740
907 1562
908 1012
909 949
909 1845
910 1360
910 1898
912 1055
915 1272
915 1971
917 1027
917 1143
917 1818
918 1358
920 1038
920 1039
920 1040
920 1042
921 1195
922 1556
922 1682
923 927
925 1144
925 1153
925 1555
927 1709
927 1837
928 1562
928 1777
929 1221
929 1510
930 1193
930 1272
934 936
935 949
936 1086
936 1661
937 1133
938 1045
938 1597
940 1875
941 1768
941 1926
942 1635
942 1893
944 1329
945 1276
945 1428
945 1713
945 1961
946 1087
948 1316
948 1881
949 950
949 951
949 952
949 953
949 954
949 955
951 1131
951 1351
951 1551
952 1040
952 1611
953 1205
953 1537
953 1548
953 1557
953 1587
953 1741
953 1828
953 1833
954 1156
956 957
957 1257
957 1481
957 1611
957 1981
959 1147
959 1498
960 1106
962 1622
964 997
964 999
965 1315
966 1659
966 1776
967 1142
967 1510
968 1661
969 1625
970 1376
970 1443
970 1666
970 1987
971 999
971 1020
971 1030
971 1087
971 1224
971 1574
971 1797
971 1833
971 1886
971 1939
971 1965
973 1034
973 1490
973 1609
974 1297
974 1451
975 1045
975 1197
975 1692
976 1543
979 1109
980 1623
980 1784
983 1071
983 1120
985 1144
985 1784
985 1889
986 1075
988 989
988 990
988 991
988 992
990 1132
990 1667
991 1274
991 1559
991 1905
992 1873
992 1926
993 1273
993 1777
994 1821
996 1818
997 1026
997 1411
997 1508
997 1690
997 1772
997 1822
999 1151
999 1368
999 1396
1000 1001
1000 1002
1000 1003
1000 1004
1000 1005
1000 1006
1001 1308
1004 1276
1005 1925
1007 1970
1008 1551
1008 1749
1009 1337
1010 1193
1010 1534
1011 1180
1012 1060
1012 1205
1012 1449
1012 1450
1012 1451
1012 1452
1015 1446
1015 1747
1015 1799
1015 1888
1015 1974
1016 1021
1017 1624
1018 1559
1018 1611
1021 1822
1024 1025
1024 1027
1025 1168
1025 1737
1025 1895
1027 1281
1027 1322
1027 1352
1027 1708
1027 1776
1030 1738
1030 1946
1032 1845
1034 1058
1034 1363
1034 1366
1034 1499
1034 1703
1036 1712
1036 1784
1037 1209
1038 1081
1038 1347
1038 1451
1038 1670
1039 1053
1039 1455
1040 1272
1040 1754
1040 1785
1040 1877
1041 1093
1042 1479
1042 1499
1043 1045
1044 1519
1044 1736
1045 1136
1045 1358
1045 1444
1045 1717
1048 1768
1050 1197
1051 1910
1052 1623
1053 1591
1054 1599
1055 1204
1055 1405
1055 1463
1055 1510
1055 1535
1055 1562
1055 1600
1055 1898
1055 1942
1057 1192
1057 1271
1057 1534
1058 1439
1058 1779
1059 1879
1060 1276
1061 1562
1064 1308
1064 1942
1064 1955
1065 1079
1065 1893
1065 1921
1066 1667
1067 1337
1067 1736
1069 1696
1070 1071
1070 1075
1070 1077
1071 1293
1071 1301
1071 1579
1073 1599
1074 1170
1075 1106
1075 1196
1075 1731
1075 1834
1076 1787
1076 1817
1076 1910
1078 1629
1079 1080
1079 1081
1079 1082
1079 1083
1079 1084
1080 1175
1080 1425
1080 1621
1080 1843
1080 1866
1080 1883
1080 1910
1080 1926
1080 1941
1080 1967
1082 1629
1085 1145
1085 1482
1087 1183
1087 1312
1087 1552
1087 1661
1087 1722
1087 1836
1088 1423
1091 1133
1092 1635
1093 1130
1093 1502
1093 1780
1094 1316
1094 1667
1096 1863
1096 1864
1097 1624
1098 1251
1098 1879
1099 1195
1099 1348
1101 1147
1101 1271
1102 1439
1104 1157
1104 1317
1104 1500
1104 1661
1104 1702
1104 1909
1104 1950
1105 1271
1106 1371
1106 1662
1106 1760
1107 1221
1108 1966
1109 1119
1109 1262
1109 1336
1109 1406
1109 1923
1110 1482
1110 1638
1113 1863
1114 1423
1115 1942
1115 1955
1116 1213
1116 1534
1117 1698
1118 1120
1119 1358
1119 1363
1119 1570
1120 1526
1121 1498
1122 1583
1125 1534
1125 1802
1125 1918
1127 1682
1127 1938
1131 1345
1131 1615
1132 1150
1132 1274
1132 1302
1132 1767
1132 1781
1132 1841
1132 1885
1133 1291
1133 1692
1134 1139
1134 1142
1134 1143
1135 1752
1136 1329
1139 1276
1139 1294
1139 1424
1139 1537
1139 1836
1139 1881
1139 1987
1141 1961
1142 1661
1142 1743
1142 1891
1142 1892
1143 1188
1143 1415
1143 1514
1143 1642
1143 1662
1143 1795
1144 1146
1144 1233
1144 1434
1144 1761
1144 1927
1145 1437
1145 1789
1145 1935
1146 1326
1146 1934
1147 1483
1148 1460
1148 1461
1150 1326
1151 1153
1152 1942
1153 1304
1153 1305
1153 1306
1153 1307
1154 1156
1155 1941
1156 1184
1156 1718
1156 1741
1156 1989
1158 1622
1161 1591
1162 1555
1162 1926
1164 1193
1164 1692
1164 1740
1165 1213
1165 1380
1165 1606
1165 1748
1166 1638
1168 1273
1168 1955
1170 1388
1170 1440
1170 1508
1170 1668
1170 1669
1171 1439
1172 1705
1175 1432
1175 1554
1175 1913
1176 1308
1178 1544
1179 1180
1180 1392
1180 1513
1180 1514
1180 1515
1180 1516
1180 1517
1183 1629
1184 1189
1185 1609
1188 1667
1189 1335
1189 1528
1189 1671
1189 1733
1189 1734
1189 1790
1189 1806
1190 1192
1190 1193
1191 1879
1192 1288
1192 1493
1192 1636
1192 1792
1192 1832
1193 1245
1193 1673
1194 1195
1194 1196
1194 1197
1195 1312
1195 1483
1195 1759
1195 1994
1196 1421
1196 1435
1196 1567
1196 1594
1196 1708
1196 1721
1197 1771
1197 1915
1199 1390
1201 1622
1202 1372
1209 1352
1209 1363
1209 1846
1209 1913
1209 1919
1211 1934
1212 1417
1212 1464
1212 1568
1212 1751
1213 1497
1213 1586
1213 1935
1214 1266
1214 1321
1214 1404
1214 1446
1214 1447
1214 1448
1216 1768
1218 1319
1218 1490
1218 1929
1219 1358
1219 1659
1220 1597
1220 1777
1221 1576
1222 1635
1222 1841
1224 1635
1224 1894
1224 1938
1225 1926
1226 1519
1226 1749
1227 1898
1230 1863
1233 1882
1236 1237
1239 1591
1243 1635
1246 1433
1247 1269
1247 1784
1250 1251
1251 1285
1251 1367
1251 1368
1252 1297
1256 1258
1256 1259
1258 1346
1258 1398
1258 1422
1258 1448
1258 1501
1258 1753
1259 1363
1259 1649
1259 1789
1260 1269
1262 1624
1264 1696
1265 1625
1266 1544
1269 1341
1269 1587
1270 1926
1271 1532
1271 1814
1271 1879
1272 1384
1272 1478
1272 1587
1272 1781
1272 1808
1273 1320
1273 1451
1273 1473
1273 1529
1273 1810
1274 1309
1274 1362
1274 1438
1274 1439
1274 1624
1274 1636
1274 1682
1274 1819
1274 1905
1274 1961
1275 1821
1276 1277
1276 1278
1276 1279
1276 1280
1277 1920
1278 1622
1281 1705
1282 1875
1283 1692
1283 1740
1288 1372
1291 1925
1292 1559
1292 1744
1294 1599
1294 1667
1294 1682
1295 1591
1296 1297
1297 1406
1297 1506
1297 1532
1297 1719
1299 1622
1299 1942
1300 1351
1300 1776
1300 1802
1300 1893
1302 1622
1303 1651
1304 1337
1304 1423
1304 1611
1305 1555
1307 1550
1308 1309
1308 1310
1308 1311
1308 1312
1308 1313
1308 1314
1308 1315
1310 1543
1310 1570
1311 1399
1311 1400
1311 1401
1312 1570
1312 1929
1314 1348
1315 1929
1316 1726
1316 1884
1317 1606
1318 1469
1319 1728
1319 1885
1319 1922
1321 1767
1323 1961
1325 1326
1326 1535
1326 1675
1326 1714
1326 1797
1327 1966
1328 1682
1328 1683
1329 1494
1330 1537
1330 1611
1330 1744
1332 1583
1332 1918
1333 1337
1335 1609
1335 1864
1336 1337
1337 1539
1337 1648
1337 1649
1343 1360
1344 1385
1345 1577
1345 1777
1346 1920
1347 1348
1347 1351
1348 1401
1348 1751
1350 1646
1351 1361
1351 1671
1351 1719
1351 1746
1351 1984
1352 1570
1353 1534
1355 1818
1357 1827
1358 1483
1358 1516
1358 1929
1358 1989
1360 1361
1360 1362
1360 1363
1360 1364
1360 1365
1360 1366
1362 1692
1362 1970
1363 1609
1363 1807
1364 1807
1365 1682
1367 1719
1367 1879
1367 1905
1367 1970
1368 1713
1372 1373
1372 1374
1372 1375
1372 1376
1373 1429
1373 1696
1373 1802
1373 1875
1374 1622
1374 1841
1376 1740
1377 1472
1380 1676
1384 1385
1385 1504
1385 1776
1385 1900
1386 1499
1386 1799
1387 1777
1390 1391
1390 1392
1390 1393
1390 1394
1393 1460
1395 1439
1397 1522
1398 1543
1400 1519
1400 1638
1405 1611
1406 1433
1406 1834
1410 1635
1411 1522
1411 1559
1413 1516
1413 1628
1413 1837
1413 1850
1414 1562
1415 1482
1415 1542
1416 1510
1416 1834
1418 1516
1419 1558
1419 1632
1419 1948
1420 1863
1421 1460
1421 1918
1423 1516
1423 1546
1423 1819
1423 1820
1424 1816
1424 1817
1425 1624
1428 1714
1429 1482
1429 1526
1431 1624
1431 1692
1432 1433
1433 1538
1433 1614
1433 1728
1434 1692
1434 1925
1435 1756
1439 1440
1440 1629
1440 1918
1441 1889
1442 1461
1447 1570
1447 1929
1450 1651
1450 1966
1451 1483
1451 1547
1451 1760
1451 1892
1454 1609
1459 1882
1460 1516
1460 1569
1461 1579
1461 1615
1461 1871
1461 1993
1463 1623
1464 1921
1465 1712
1466 1651
1467 1510
1469 1743
1469 1903
1470 1635
1470 1827
1471 1472
1471 1477
1471 1478
1472 1757
1472 1758
1474 1816
1477 1557
1477 1604
1478 1539
1478 1660
1479 1802
1481 1879
1481 1934
1482 1493
1482 1573
1482 1974
1483 1542
1483 1551
1483 1767
1485 1498
1486 1562
1489 1522
1490 1660
1490 1691
1490 1767
1490 1895
1493 1821
1498 1505
1498 1790
1498 1791
1501 1955
1506 1942
1509 1756
1510 1511
1510 1512
1512 1591
1513 1642
1514 1756
1514 1918
1514 1955
1516 1559
1516 1599
1516 1659
1516 1829
1516 1873
1517 1611
1518 1931
1518 1955
1519 1565
1521 1777
1522 1865
1522 1907
1522 1936
1525 1570
1529 1804
1530 1625
1531 1719
1531 1829
1532 1651
1533 1821
1533 1893
1534 1579
1534 1589
1534 1933
1535 1821
1535 1934
1536 1779
1537 1568
1537 1742
1537 1918
1537 1964
1537 1965
1542 1933
1543 1678
1543 1729
1543 1867
1544 1714
1544 1775
1544 1942
1548 1550
1548 1551
1549 1635
1550 1871
1551 1771
1552 1629
1555 1572
1555 1668
1555 1767
1555 1782
1555 1895
1556 1557
1559 1869
1559 1947
1559 1948
1561 1938
1562 1603
1562 1695
1562 1762
1564 1776
1565 1881
1566 1829
1569 1570
1570 1647
1573 1851
1574 1577
1577 1647
1579 1925
1581 1768
1581 1961
1583 1643
1583 1692
1583 1789
1583 1835
1586 1893
1588 1834
1590 1894
1591 1592
1591 1593
1594 1597
1597 1600
1597 1616
1598 1894
1599 1604
1599 1867
1599 1868
1604 1809
1605 1606
1606 1858
1606 1975
1608 1609
1608 1611
1609 1610
1609 1887
1610 1873
1610 1982
1611 1784
1611 1820
1611 1887
1611 1971
1613 1622
1621 1719
1622 1776
1624 1857
1625 1788
1625 1927
1626 1971
1627 1635
1629 1650
1630 1804
1631 1749
1631 1851
1634 1638
1634 1657
1638 1689
1638 1776
1640 1804
1641 1642
1642 1776
1642 1797
1642 1981
1643 1817
1646 1879
1647 1961
1654 1683
1654 1777
1654 1982
1657 1884
1661 1701
1661 1816
1661 1931
1661 1950
1667 1675
1667 1702
1680 1841
1681 1966
1683 1743
1683 1872
1686 1696
1692 1698
1692 1718
1692 1767
1695 1696
1696 1848
1698 1699
1698 1700
1698 1701
1700 1938
1701 1744
1704 1882
1705 1962
1709 1829
1710 1841
1712 1719
1713 1753
1715 1807
1716 1776
1716 1879
1717 1719
1722 1752
1723 1777
1726 1740
1731 1732
1732 1777
1732 1852
1734 1804
1736 1767
1736 1919
1740 1785
1740 1902
1740 1947
1743 1889
1746 1875
1747 1934
1748 1847
1749 1843
1752 1884
1756 1810
1756 1865
1756 1904
1756 1930
1758 1767
1758 1970
1762 1863
1766 1873
1767 1772
1767 1794
1767 1795
1767 1916
1776 1893
1777 1943
1779 1870
1784 1843
1785 1786
1785 1787
1787 1793
1787 1935
1787 1956
1789 1794
1789 1818
1789 1845
1789 1852
1789 1910
1793 1794
1802 1883
1802 1906
1803 1966
1812 1875
1812 1921
1814 1879
1817 1975
1818 1820
1818 1854
1821 1903
1829 1842
1829 1959
1832 1851
1834 1835
1844 1845
1847 1852
1852 1975
1854 1905
1861 1898
1862 1863
1862 1864
1863 1927
1863 1942
1864 1918
1866 1894
1871 1873
1872 1873
1877 1929
1878 1982
1879 1993
1882 1916
1882 1927
1882 1954
1894 1916
1894 1960
1897 1961
1925 1954
1926 1992
1927 1929
1941 1945
1947 1971
1966 1967
1971 1972
1981 1982
