0 13
1 759
2 73
2 425
2 1542
2 1570
2 1981
4 571
4 847
4 906
4 1584
5 110
5 1026
5 1097
5 1246
7 110
7 780
8 391
8 1743
9 318
9 617
9 906
9 1135
9 1804
9 1995
10 48
10 1013
11 91
11 352
11 395
11 609
11 1537
11 1885
13 51
13 167
13 1153
13 1422
13 1529
13 1611
13 1726
13 1842
13 1926
14 15
14 16
14 17
14 18
14 19
14 20
14 21
14 22
14 23
14 24
14 25
14 26
15 1955
16 347
16 1064
18 81
18 526
18 1059
18 1350
19 453
20 636
20 1454
20 1462
20 1942
21 189
21 1057
21 1145
21 1204
22 379
22 562
22 849
23 192
23 366
23 419
23 614
23 1047
23 1266
23 1393
23 1628
23 1679
23 1704
23 1712
23 1793
23 1961
24 258
24 1131
25 901
26 398
26 1002
27 29
27 35
28 353
28 453
29 295
29 710
29 942
29 1130
29 1256
29 1505
29 1539
29 1570
29 1858
31 73
31 874
32 159
32 195
32 299
32 387
34 110
34 1100
34 1750
34 1798
35 113
35 159
35 317
35 497
35 556
35 754
35 804
35 1020
35 1464
35 1604
35 1947
37 1171
37 1570
37 1582
38 1145
39 46
39 141
39 526
41 1216
41 1361
42 270
42 519
43 1460
43 1553
44 46
44 48
44 51
44 53
44 54
44 55
46 356
46 462
46 494
46 742
46 1028
46 1449
46 1499
46 1500
47 338
47 472
48 400
48 491
48 691
48 695
48 1234
48 1493
48 1863
49 446
49 508
49 1126
49 1581
50 152
50 560
50 1336
51 239
51 740
51 800
51 819
51 874
51 979
51 1064
51 1121
51 1316
51 1499
51 1567
51 1569
51 1951
52 906
52 928
53 97
53 98
53 336
53 655
53 665
53 871
53 878
53 938
53 1161
54 58
54 163
54 228
54 241
54 391
54 520
54 722
54 748
54 913
54 1626
54 1627
54 1628
55 284
55 677
55 690
55 819
55 1056
55 1094
55 1219
55 1532
55 1919
56 874
56 875
58 174
58 409
60 63
61 1356
61 1398
62 1145
62 1147
62 1149
63 259
63 394
63 467
63 798
63 1024
63 1238
63 1270
63 1580
63 1747
63 1794
63 1914
65 318
65 823
65 1929
65 1995
66 174
66 562
66 906
66 1525
67 68
67 69
67 70
67 71
67 72
67 73
67 74
67 75
67 76
67 77
68 524
68 1981
69 350
70 415
70 1687
71 971
71 1942
72 1902
73 133
73 425
73 453
73 552
73 765
73 785
73 858
73 904
73 982
73 1145
73 1211
73 1235
73 1489
73 1725
73 1750
74 800
74 1054
75 629
75 1616
76 1026
78 81
79 1279
79 1930
80 1002
80 1461
81 227
81 980
81 1059
81 1074
81 1531
81 1893
84 1216
84 1705
85 759
85 805
85 1427
85 1903
85 1904
86 91
87 1773
88 609
88 928
88 1210
88 1847
89 463
90 1432
90 1462
91 367
91 487
91 493
91 1518
91 1568
91 1675
91 1797
92 352
92 561
94 512
94 1605
94 1642
95 513
96 774
97 414
97 1705
98 1990
100 1633
102 159
102 1174
103 1406
104 560
104 1062
104 1082
104 1616
104 1670
104 1903
105 1082
106 107
106 108
106 109
106 110
106 111
106 112
106 113
106 114
106 115
106 116
107 1525
107 1864
108 735
108 1705
109 1537
110 250
110 591
110 759
110 783
110 850
110 1039
110 1141
110 1264
110 1353
110 1549
110 1680
110 1792
110 1815
111 384
111 617
111 619
112 780
112 1178
114 876
114 1224
115 414
116 1223
116 1398
116 1524
116 1695
117 118
117 119
117 120
117 121
118 277
118 739
119 1178
119 1326
120 200
120 203
120 333
120 378
120 560
120 595
120 802
120 819
120 1053
120 1058
120 1319
120 1426
120 1570
120 1684
120 1987
121 507
121 555
121 635
121 1764
122 123
122 124
122 125
122 126
122 127
122 128
122 129
122 130
122 131
122 132
122 133
122 134
124 133
124 557
124 759
125 513
126 780
126 784
127 250
127 847
127 1204
127 1224
129 662
129 1173
129 1243
130 704
131 1037
132 831
132 914
132 1904
132 1969
132 1983
133 193
133 304
133 393
133 446
133 460
133 485
133 646
133 652
133 659
133 823
133 918
133 1524
133 1809
133 1966
134 1843
135 141
135 142
136 1788
139 876
139 979
141 319
141 440
141 1009
141 1447
141 1802
142 618
142 1021
142 1151
142 1296
142 1301
142 1302
142 1303
144 519
146 1617
146 1781
147 152
148 350
148 844
150 410
150 1427
150 1460
151 1549
151 1581
152 179
152 427
152 798
152 1211
152 1787
152 1822
152 1890
153 581
154 774
154 1033
155 158
155 159
155 168
156 454
157 1847
157 1945
158 340
158 341
158 342
158 343
158 344
158 345
158 346
158 347
158 348
158 349
158 350
158 351
158 352
158 353
158 354
159 449
159 703
159 807
159 844
159 845
159 846
159 847
159 848
159 849
159 850
159 851
161 933
162 819
162 1356
162 1925
163 444
163 1119
164 1285
165 1126
166 657
166 1147
166 1197
167 636
167 1282
167 1605
167 1869
168 349
168 420
168 534
168 828
168 1077
168 1092
168 1093
168 1094
169 174
169 177
170 300
170 1903
171 393
172 636
172 999
172 1270
173 1676
174 666
174 851
174 936
174 1154
174 1250
174 1694
174 1784
175 1461
177 192
177 426
177 502
177 647
177 671
177 844
177 1109
177 1262
177 1416
177 1537
177 1695
177 1793
177 1931
178 180
178 185
179 1716
180 315
180 646
180 1084
180 1134
180 1172
180 1315
180 1353
180 1406
180 1526
180 1748
180 1842
180 1967
181 1541
182 358
182 1495
182 1549
183 1145
183 1246
184 308
184 425
184 819
184 1214
185 241
185 707
185 1021
185 1091
185 1263
185 1329
185 1504
185 1505
186 1341
187 189
187 195
188 217
188 524
189 209
189 742
189 771
189 955
189 1002
189 1338
189 1379
189 1395
189 1554
189 1589
189 1617
189 1745
189 1846
190 1955
192 350
192 994
193 1746
194 1001
195 212
195 241
195 1182
195 1472
195 1639
196 849
196 1250
196 1411
196 1812
197 203
198 217
198 1026
199 327
200 296
200 821
200 1216
200 1495
200 1542
200 1553
201 266
201 1489
201 1554
202 1171
202 1465
203 221
203 222
203 223
203 224
203 225
203 226
203 227
203 228
203 229
203 230
204 835
204 1222
204 1980
205 986
207 248
207 831
207 1149
207 1302
207 1393
208 209
208 217
209 679
209 680
209 681
209 682
209 683
209 684
209 685
209 686
209 687
210 652
211 395
211 784
211 1848
212 560
212 619
212 1825
212 1826
213 530
213 1026
215 1655
216 712
216 1120
216 1642
217 324
217 349
217 785
217 796
217 1150
217 1300
217 1304
217 1834
218 617
219 901
220 1690
222 800
223 277
223 343
223 609
223 1489
224 1237
224 1773
225 1556
226 1147
227 1253
228 547
228 822
228 1798
229 1967
230 341
230 579
230 772
233 599
233 831
233 1216
233 1798
234 822
236 1037
237 238
237 239
237 240
237 241
237 242
237 243
237 244
237 245
238 1101
239 805
239 1581
239 1990
241 270
241 271
241 472
241 543
241 557
241 1174
241 1246
241 1536
241 1540
241 1705
241 1974
242 847
242 1059
243 349
243 1101
244 354
244 1406
244 1691
245 250
245 491
245 1214
245 1969
246 248
246 250
247 258
247 262
248 482
248 963
248 986
248 1102
248 1247
248 1373
248 1566
248 1567
248 1797
248 1937
248 1963
249 508
249 607
249 629
249 1642
250 482
250 567
250 602
250 614
250 754
250 853
250 952
250 972
250 1807
251 1778
251 1781
252 949
252 1243
252 1447
254 1553
255 1647
257 1554
258 676
258 1109
258 1122
258 1537
258 1747
258 1819
259 1570
261 1809
262 349
262 470
262 736
262 1093
262 1116
262 1455
262 1456
262 1729
262 1953
263 822
263 1211
263 1427
264 508
264 1101
264 1511
265 266
265 270
266 757
266 854
266 912
266 1419
266 1447
266 1513
266 1672
266 1715
266 1771
267 562
267 827
267 1432
267 1798
267 1864
268 906
268 1057
269 1542
270 447
270 492
270 1187
270 1901
271 543
271 1295
271 1687
272 823
272 1420
272 1864
274 277
276 635
277 311
277 372
277 707
277 713
277 742
277 834
277 1067
277 1276
278 298
279 355
282 1374
283 1210
283 1582
285 874
286 415
286 1447
286 1746
286 1843
287 296
288 346
288 1101
288 1750
290 327
290 346
290 1282
290 1676
290 1689
291 786
291 805
292 342
292 940
292 1530
293 772
294 347
294 1805
295 1790
296 508
296 1030
296 1384
296 1415
296 1455
296 1485
296 1868
297 298
297 299
297 300
298 560
298 616
298 728
298 1353
298 1387
298 1415
298 1733
298 1861
299 511
299 631
299 1020
299 1166
299 1169
299 1316
299 1365
299 1613
299 1614
299 1615
300 409
300 429
300 447
300 511
300 584
300 949
300 1054
300 1085
300 1117
300 1120
300 1199
300 1298
300 1384
300 1646
300 1711
300 1799
301 1430
301 1432
302 344
302 1097
303 331
303 513
303 1145
304 808
304 1541
304 1974
305 1461
305 1882
305 1994
307 308
308 332
308 366
308 953
308 1142
308 1282
308 1972
309 355
310 338
310 1381
311 358
311 735
313 562
313 848
313 874
313 1805
314 1882
315 926
316 1147
317 318
317 327
318 519
318 904
318 1101
318 1227
318 1242
318 1333
318 1464
318 1583
318 1631
318 1852
318 1878
321 347
321 491
321 1037
321 1210
322 759
324 491
325 826
326 469
326 652
327 1250
327 1446
328 472
328 652
328 1929
329 453
329 905
330 768
330 1289
331 332
331 333
331 334
331 335
331 336
331 337
331 338
331 339
333 379
333 1381
333 1764
334 507
334 1642
336 1279
336 1838
337 346
337 350
337 963
338 527
338 592
338 857
338 1050
338 1057
338 1160
338 1172
338 1197
338 1356
338 1381
338 1427
338 1575
338 1584
338 1615
338 1904
340 697
340 751
340 952
340 969
340 1125
340 1345
340 1379
340 1401
340 1729
341 394
341 667
341 728
341 732
341 820
341 972
341 1267
341 1775
342 553
342 770
342 1494
342 1619
342 1711
342 1712
343 439
343 464
343 1155
343 1431
343 1538
343 1962
344 424
344 521
344 734
344 937
344 1410
344 1457
344 1469
344 1793
344 1865
345 347
345 1059
345 1222
346 558
346 579
346 837
346 1003
346 1027
346 1037
346 1048
346 1378
346 1688
346 1797
346 1812
347 452
347 869
347 1329
347 1487
347 1637
347 1668
348 1615
348 1978
349 384
349 617
349 780
349 808
349 1216
349 1228
349 1279
349 1336
349 1411
349 1615
349 1616
349 1967
350 466
350 1272
350 1606
351 689
351 1202
351 1971
352 381
352 412
352 451
352 1154
352 1241
352 1472
352 1507
352 1767
353 386
353 870
353 1066
354 461
354 471
354 591
354 813
354 890
354 1564
354 1934
355 356
355 357
355 358
355 359
355 360
355 361
355 362
355 363
356 1764
357 1282
358 530
358 536
358 547
358 559
358 610
358 630
358 940
358 952
358 1062
358 1063
358 1064
358 1065
359 444
359 1119
359 1932
360 1556
363 1655
364 398
364 1750
365 807
365 999
365 1542
366 571
367 1436
368 1302
368 1804
368 1805
369 491
369 1378
369 1454
370 377
370 379
371 822
372 387
372 508
372 579
372 979
372 1289
374 858
375 1655
375 1963
377 491
377 725
377 1413
377 1414
377 1415
377 1416
377 1417
377 1418
377 1419
377 1420
377 1421
377 1422
378 878
378 1145
378 1302
378 1980
379 481
379 1270
379 1271
379 1272
379 1273
379 1274
379 1275
380 384
380 387
380 391
381 547
381 560
381 1048
383 1663
383 1838
384 398
384 628
384 638
384 773
384 835
384 1076
384 1081
384 1082
384 1251
384 1710
384 1961
385 391
386 790
386 1465
387 693
387 850
387 1079
387 1247
387 1488
387 1749
388 915
388 1289
389 1931
390 415
391 541
391 554
391 1105
391 1468
391 1862
391 1936
392 393
392 395
392 398
393 628
393 644
393 703
395 508
395 536
395 689
395 716
395 751
395 871
395 1084
395 1529
395 1675
397 1237
398 634
398 691
398 908
398 1317
398 1613
399 1942
400 1860
400 1974
401 449
401 1100
401 1542
401 1764
402 1691
403 831
403 1432
404 735
405 963
405 1963
406 512
406 1530
406 1746
406 1773
406 1929
407 619
407 1356
409 410
409 411
409 412
409 413
409 414
409 415
409 416
409 417
409 418
409 419
409 420
409 421
410 505
410 506
410 507
410 508
410 509
410 510
410 511
410 512
410 513
410 514
410 515
410 516
411 735
412 1750
413 459
413 812
413 865
413 1191
413 1305
413 1456
413 1532
413 1586
414 987
415 440
415 511
415 582
415 728
415 1323
415 1512
415 1580
416 1171
417 1178
418 513
418 826
418 1746
418 1788
419 727
419 1994
420 878
420 1938
421 425
422 425
422 426
423 1432
425 750
425 790
425 994
425 1076
425 1177
425 1360
425 1488
425 1657
426 779
426 793
426 887
426 1257
426 1375
426 1546
426 1715
426 1719
427 940
428 1147
428 1350
428 1378
429 823
429 885
430 1461
431 1843
432 626
432 1932
433 822
434 1798
435 559
435 949
435 1643
435 1689
436 444
436 446
437 1549
438 1097
438 1243
438 1356
438 1357
439 821
439 1058
439 1223
441 626
441 1995
442 1963
444 743
444 780
444 956
444 1031
444 1175
444 1677
444 1975
445 527
445 1497
446 594
446 769
446 955
446 1417
446 1482
446 1483
446 1509
446 1605
446 1615
446 1623
446 1637
447 449
447 453
447 454
448 524
449 487
449 532
449 775
449 1231
449 1232
449 1233
449 1234
450 524
450 1778
451 1885
452 979
452 1655
453 728
453 846
453 1128
453 1176
453 1284
454 1427
454 1474
454 1475
454 1488
455 1525
457 463
458 940
460 1524
460 1582
461 547
462 1197
463 688
463 1047
463 1279
464 827
464 1687
465 1990
466 1254
466 1864
466 1967
467 469
467 472
467 475
468 772
469 689
469 763
469 880
469 1302
469 1475
469 1515
469 1588
470 928
471 1120
472 475
472 577
472 793
472 1270
472 1413
472 1606
472 1636
472 1814
473 1541
474 1223
474 1406
475 647
475 679
475 919
475 1262
475 1523
475 1540
475 1728
475 1771
476 1676
476 1870
477 479
477 485
478 1228
478 1967
479 508
479 1008
479 1510
480 652
480 933
482 491
482 905
483 526
483 1554
484 547
484 1454
485 908
485 956
485 1127
485 1138
485 1176
485 1362
487 1460
487 1663
488 547
488 1542
489 1582
490 592
490 933
490 1825
491 742
491 850
491 989
491 1126
491 1155
491 1374
491 1790
491 1994
492 1253
492 1374
492 1929
493 821
493 994
493 1959
494 1243
497 1511
497 1616
497 1716
498 1211
498 1378
498 1995
499 876
499 1843
502 543
502 619
502 1178
502 1745
504 979
504 1135
504 1173
504 1398
505 562
505 780
505 835
506 1465
507 1236
507 1379
507 1508
507 1521
507 1650
507 1878
508 850
508 885
508 1008
508 1304
508 1350
508 1432
508 1746
508 1763
508 1993
509 657
509 994
510 1336
511 1541
512 909
512 977
512 1388
512 1737
512 1833
512 1866
513 602
513 705
513 1345
514 1197
515 1082
515 1223
515 1778
516 1525
517 1341
518 1687
519 1240
519 1316
519 1317
519 1318
519 1319
519 1320
520 524
520 526
520 527
521 786
521 1295
522 727
523 1013
523 1326
523 1460
524 823
524 889
524 975
524 1113
524 1198
524 1694
525 1135
526 878
526 1005
527 723
527 964
527 965
527 966
527 967
527 968
527 969
527 970
528 530
529 1690
530 671
530 762
530 828
530 1333
530 1418
530 1535
530 1753
530 1916
531 805
531 928
531 1100
531 1930
533 1778
534 1001
535 1537
537 581
537 1131
537 1197
538 712
539 1553
540 543
540 547
541 848
542 1582
543 734
543 841
543 1184
543 1266
543 1308
543 1635
543 1763
544 800
544 1250
545 1525
546 875
547 585
547 644
547 1251
547 1340
547 1468
547 1742
548 1921
549 629
549 827
549 1170
549 1326
549 1556
550 555
550 557
550 558
550 559
550 560
551 1210
551 1716
551 1860
552 1812
553 878
553 1492
555 608
555 1447
555 1468
555 1502
555 1656
555 1657
555 1658
556 821
556 1541
557 599
557 962
557 1049
557 1053
557 1067
557 1202
557 1249
557 1419
557 1919
557 1920
558 749
558 836
558 1041
558 1093
558 1130
558 1136
558 1560
559 654
559 1251
559 1686
559 1894
560 663
560 834
560 1368
560 1507
560 1518
560 1519
561 562
561 563
561 564
561 565
561 566
561 567
561 568
561 569
561 570
562 868
562 878
562 923
562 926
562 1123
562 1430
562 1442
562 1465
562 1482
562 1847
562 1860
562 1875
563 1670
564 1326
565 617
565 742
565 849
565 1173
565 1825
565 1904
567 1967
568 819
569 999
570 1026
570 1054
570 1897
571 572
571 573
571 574
571 575
571 576
571 577
571 578
571 579
572 858
572 1224
573 1064
574 727
576 906
576 1131
577 629
577 1054
578 579
578 759
578 823
578 1170
578 1420
578 1495
579 626
579 663
579 813
579 980
579 1204
579 1243
579 1334
579 1438
579 1462
579 1556
579 1879
580 1039
581 906
581 951
581 1012
581 1179
581 1404
581 1782
581 1818
581 1951
581 1992
582 1361
582 1461
583 1745
584 635
584 1228
585 1135
585 1530
585 1746
587 592
589 1250
589 1381
590 657
590 1131
590 1427
591 1430
592 639
592 845
592 1334
592 1343
592 1388
592 1635
592 1765
592 1890
594 1228
594 1378
595 1647
596 1974
596 1980
597 598
597 599
598 1014
598 1059
598 1775
599 916
599 937
599 993
599 1072
599 1548
599 1751
600 1980
601 1224
601 1778
601 1781
604 1792
605 1963
607 608
607 609
607 610
608 1497
609 825
609 1097
609 1121
609 1234
609 1262
609 1427
609 1513
609 1773
609 1855
610 1246
610 1326
613 1039
613 1204
613 1705
616 885
616 1492
617 1425
617 1480
618 1465
618 1807
618 1812
619 700
619 753
619 923
619 1003
619 1065
619 1281
619 1282
619 1283
619 1284
620 1357
620 1575
622 1120
622 1882
622 1925
623 822
623 1930
624 1237
625 626
626 743
626 744
626 745
627 662
627 1489
627 1745
628 629
628 635
628 636
629 846
629 879
629 1006
629 1393
629 1519
629 1553
629 1768
629 1804
630 1542
630 1869
631 1663
632 1931
634 1492
634 1725
635 834
635 1203
635 1206
635 1208
635 1954
635 1967
636 850
636 1010
636 1033
636 1250
636 1390
636 1627
636 1678
636 1816
636 1920
636 1930
638 999
638 1570
639 1173
639 1381
640 915
640 1461
641 805
641 1037
642 1938
643 901
643 1210
643 1695
644 1216
646 1663
646 1705
648 807
648 1963
649 652
650 1788
652 761
652 1096
652 1444
652 1782
652 1973
653 874
653 1061
653 1642
654 774
654 848
654 1033
655 657
655 662
656 979
656 1454
656 1623
657 823
657 1161
657 1480
657 1961
659 848
659 849
659 905
659 1549
659 1921
660 844
660 1642
660 1745
660 1955
662 889
662 946
662 1017
662 1484
662 1530
662 1714
662 1729
663 990
663 1131
663 1147
664 1058
664 1223
664 1825
666 1398
667 1990
668 739
668 1420
668 1688
668 1921
669 765
669 768
669 772
671 1530
673 675
674 963
674 1942
675 742
675 766
675 1284
675 1678
675 1698
675 1709
675 1936
676 1832
679 1553
681 1254
682 1341
683 844
683 1048
683 1289
683 1750
684 1798
684 1969
685 1393
686 1059
686 1101
686 1743
687 1204
687 1792
690 835
691 1807
691 1812
694 1542
695 1119
696 1788
697 784
697 1059
697 1605
700 1027
700 1420
700 1807
702 786
703 1039
703 1350
703 1886
704 854
704 938
704 1036
704 1282
704 1366
705 1149
705 1223
706 1097
706 1438
707 850
709 712
712 794
712 1180
712 1366
712 1626
712 1642
713 1210
715 1356
717 1716
719 758
719 1174
719 1357
720 949
720 1809
721 1224
721 1279
721 1938
722 1062
722 1160
722 1430
722 1623
723 727
724 1432
724 1725
724 1792
725 1981
727 755
727 966
727 1108
727 1210
727 1242
727 1405
727 1664
727 1665
728 735
728 1932
730 1197
730 1796
731 1341
733 1952
734 1790
734 1886
735 1114
735 1270
735 1452
736 1285
737 874
739 740
739 741
739 742
741 1059
741 1980
742 805
742 812
742 1285
742 1523
742 1648
742 1781
742 1783
742 1903
743 1336
743 1689
744 808
744 1393
744 1570
744 1848
747 858
749 1436
750 933
750 1295
751 1174
751 1211
751 1955
752 1059
752 1228
753 826
753 1886
754 1764
755 1581
756 758
756 759
758 791
758 978
758 1043
758 1222
758 1486
758 1734
758 1821
759 1419
760 1039
760 1279
760 1617
763 790
763 1210
763 1211
764 1929
765 829
765 832
765 839
765 1390
765 1494
765 1782
765 1846
765 1953
766 1584
766 1676
768 915
768 918
768 1056
768 1170
768 1171
768 1172
768 1173
768 1174
768 1175
768 1176
768 1177
768 1178
769 914
769 1054
769 1932
770 933
770 1616
771 849
771 1223
771 1746
772 882
772 1064
772 1474
772 1865
772 1866
773 774
774 1064
774 1425
774 1767
774 1816
775 1058
775 1197
777 1903
779 1264
780 990
780 1130
780 1141
780 1154
780 1174
780 1198
780 1743
780 1980
782 1462
783 1160
783 1530
784 878
784 1081
784 1159
784 1176
784 1238
784 1403
784 1463
784 1710
784 1914
784 1925
785 786
786 808
786 930
786 1212
786 1727
786 1801
786 1915
790 791
790 792
790 793
790 794
790 795
790 796
791 1489
792 1119
792 1302
793 1170
793 1246
795 847
795 1584
796 819
796 821
796 947
797 800
798 1147
799 821
799 1204
799 1778
800 1146
800 1219
800 1392
800 1446
800 1654
800 1999
802 805
802 807
802 808
803 1584
803 1945
804 823
805 903
805 904
807 962
807 982
807 1129
807 1183
807 1611
807 1625
807 1672
807 1941
808 875
808 1307
808 1310
808 1481
808 1679
808 1716
808 1844
808 1879
809 831
811 844
811 1228
811 1264
812 1745
812 1781
812 1848
813 874
813 1048
813 1530
813 1944
815 1341
817 1378
819 1086
819 1295
819 1310
819 1341
819 1557
819 1567
819 1864
819 1882
821 822
821 823
821 824
821 825
821 826
821 827
821 828
821 829
821 830
821 831
822 1333
822 1730
822 1813
823 997
823 1138
823 1361
823 1436
823 1454
823 1456
824 1530
824 1870
825 826
825 1174
825 1224
826 1470
826 1504
827 1165
827 1645
829 876
829 878
830 835
831 917
831 1055
831 1184
831 1453
831 1892
832 835
833 1013
833 1812
833 1995
834 915
834 1135
835 1076
835 1079
835 1327
835 1510
835 1543
837 1411
840 915
840 1341
842 949
842 1027
842 1393
844 955
844 1047
844 1118
844 1152
844 1514
844 1589
844 1816
845 1454
846 986
846 1064
846 1798
846 1843
847 982
847 1056
847 1089
847 1102
847 1539
847 1928
848 1114
849 865
849 1073
849 1275
849 1287
849 1916
850 857
850 906
850 1085
850 1101
850 1289
850 1410
850 1447
850 1509
850 1542
850 1648
850 1655
850 1656
850 1869
850 1870
850 1871
851 1264
852 858
853 1062
853 1350
854 971
855 1411
856 1243
857 1615
857 1746
858 991
858 1442
858 1610
858 1709
858 1766
858 1854
858 1905
859 875
859 1059
860 1695
860 1945
862 1495
862 1616
864 1285
865 1254
865 1570
865 1725
866 928
866 1058
868 1246
868 1870
869 1064
870 1228
871 1942
872 1725
872 1864
874 1304
874 1362
875 945
875 1132
875 1469
875 1598
875 1835
876 877
876 878
876 879
877 1869
878 1121
878 1237
878 1329
878 1418
878 1570
878 1690
878 1691
879 1778
880 885
882 1995
885 895
885 1010
885 1028
885 1096
887 1838
888 1790
889 1465
889 1860
890 915
891 1356
892 1959
896 901
899 1170
901 1339
901 1401
901 1736
901 1797
901 1836
903 1282
904 1553
904 1705
904 1963
905 906
905 907
905 908
905 909
905 910
905 911
905 912
905 913
906 1121
906 1267
906 1503
906 1740
908 1605
909 949
910 1826
910 1897
911 1033
912 1173
914 915
914 916
914 917
914 918
914 919
914 920
914 921
914 922
915 1026
915 1052
915 1148
915 1215
915 1272
915 1282
915 1813
915 1866
915 1971
917 1027
919 1054
919 1393
919 1541
919 1869
920 1039
922 1279
922 1556
922 1725
923 926
923 928
923 933
924 1497
925 1945
928 1041
928 1174
928 1355
928 1562
928 1777
928 1785
933 1103
933 1778
933 1901
935 949
935 1160
935 1904
937 1406
940 1056
940 1579
940 1737
940 1844
940 1875
942 1511
943 947
944 1764
947 1110
947 1164
947 1185
947 1211
947 1416
947 1607
949 950
949 951
949 952
949 953
949 954
949 955
951 1131
953 1537
955 1285
955 1605
957 1981
959 1147
961 1100
964 999
966 1064
967 1101
967 1575
967 1826
969 1743
971 999
971 1020
971 1030
971 1087
971 1224
971 1574
971 1797
971 1833
971 1886
971 1939
971 1965
974 1058
975 1197
976 1691
977 979
979 1109
979 1135
979 1218
979 1685
979 1936
979 1937
980 1178
980 1246
980 1623
980 1932
982 986
983 1120
983 1886
984 1690
984 1838
986 1075
986 1163
986 1164
986 1165
986 1166
986 1167
986 1168
986 1169
987 1495
988 990
989 1350
990 1032
990 1132
990 1331
990 1667
990 1806
992 1725
994 1018
994 1046
994 1407
994 1673
994 1821
995 1398
995 1792
996 1575
997 1026
997 1411
997 1690
998 1204
999 1151
999 1368
999 1396
1000 1001
1000 1002
1001 1113
1001 1215
1001 1232
1001 1270
1001 1308
1003 1411
1004 1885
1005 1812
1005 1925
1007 1495
1008 1126
1008 1282
1011 1381
1013 1418
1013 1436
1014 1279
1014 1350
1014 1465
1015 1974
1019 1825
1023 1216
1024 1026
1024 1027
1026 1059
1026 1788
1026 1892
1026 1928
1026 1954
1027 1281
1027 1322
1027 1352
1027 1708
1027 1776
1028 1378
1033 1056
1034 1058
1035 1647
1036 1250
1037 1209
1037 1252
1037 1355
1037 1760
1037 1820
1037 1935
1038 1670
1039 1053
1039 1455
1046 1048
1048 1184
1048 1375
1048 1768
1048 1791
1048 1965
1049 1350
1049 1932
1050 1197
1050 1237
1052 1623
1052 1847
1054 1220
1054 1598
1054 1599
1054 1600
1055 1204
1055 1942
1056 1057
1056 1058
1056 1059
1056 1061
1057 1190
1057 1192
1057 1271
1057 1327
1057 1338
1057 1534
1058 1439
1058 1779
1059 1163
1059 1338
1059 1456
1059 1879
1061 1222
1061 1231
1061 1562
1061 1844
1061 1946
1062 1334
1062 1906
1063 1815
1064 1268
1064 1308
1064 1368
1064 1687
1064 1778
1064 1942
1064 1955
1064 1969
1065 1246
1065 1670
1065 1921
1068 1222
1068 1381
1068 1489
1073 1381
1074 1170
1079 1082
1080 1843
1080 1967
1082 1218
1082 1296
1082 1418
1082 1614
1082 1626
1082 1629
1082 1813
1083 1617
1084 1584
1085 1145
1085 1228
1086 1815
1088 1381
1088 1427
1090 1815
1091 1489
1094 1902
1095 1097
1096 1160
1096 1524
1096 1864
1096 1983
1097 1399
1097 1435
1097 1624
1097 1714
1100 1101
1100 1102
1100 1103
1101 1147
1101 1271
1101 1368
1101 1541
1101 1878
1102 1978
1103 1282
1103 1838
1107 1250
1107 1991
1109 1119
1109 1336
1109 1406
1110 1781
1112 1978
1113 1944
1114 1743
1115 1253
1115 1691
1115 1825
1115 1942
1115 1955
1116 1553
1117 1126
1117 1295
1118 1119
1118 1120
1119 1284
1119 1358
1119 1363
1119 1388
1119 1398
1119 1570
1119 1978
1120 1526
1121 1497
1122 1253
1122 1336
1123 1869
1124 1126
1126 1205
1126 1235
1127 1938
1129 1357
1131 1345
1131 1615
1132 1302
1132 1781
1132 1885
1134 1135
1135 1752
1135 1949
1137 1341
1138 1959
1139 1537
1140 1932
1141 1237
1141 1615
1141 1746
1142 1743
1143 1642
1145 1437
1145 1789
1145 1935
1146 1326
1147 1483
1148 1398
1148 1460
1148 1461
1148 1462
1149 1174
1149 1219
1149 1939
1150 1326
1152 1171
1152 1942
1154 1160
1155 1885
1157 1691
1158 1974
1159 1211
1160 1589
1160 1803
1161 1870
1162 1549
1163 1805
1163 1974
1165 1676
1166 1228
1168 1870
1168 1955
1170 1388
1170 1440
1170 1508
1170 1668
1170 1669
1171 1389
1171 1439
1171 1814
1172 1705
1173 1198
1173 1408
1173 1899
1174 1280
1174 1407
1174 1633
1174 1826
1174 1991
1175 1432
1175 1554
1177 1778
1178 1241
1178 1544
1178 1770
1178 1771
1183 1302
1183 1581
1185 1336
1186 1643
1187 1436
1187 1438
1189 1790
1191 1554
1192 1792
1192 1832
1194 1197
1195 1994
1197 1771
1197 1915
1198 1663
1199 1356
1199 1778
1200 1860
1200 1990
1201 1695
1204 1260
1204 1637
1204 1640
1204 1715
1210 1339
1210 1436
1210 1594
1210 1763
1210 1933
1211 1607
1211 1708
1211 1902
1211 1934
1211 1975
1213 1497
1214 1266
1214 1321
1214 1404
1214 1446
1214 1447
1214 1448
1216 1252
1216 1658
1216 1768
1217 1792
1218 1929
1220 1554
1222 1302
1222 1434
1222 1465
1222 1526
1222 1566
1222 1612
1222 1635
1222 1663
1222 1838
1222 1841
1223 1224
1223 1225
1224 1278
1224 1488
1224 1635
1224 1669
1224 1894
1224 1938
1227 1465
1228 1229
1228 1230
1233 1882
1236 1237
1237 1770
1237 1997
1239 1541
1240 1243
1241 1495
1241 1605
1241 1643
1241 1716
1242 1246
1243 1586
1243 1608
1243 1635
1243 1733
1246 1397
1246 1407
1246 1433
1249 1743
1250 1251
1250 1252
1250 1253
1250 1254
1250 1255
1251 1285
1252 1420
1253 1407
1253 1567
1253 1927
1254 1321
1254 1322
1255 1427
1255 1530
1257 1285
1258 1398
1260 1264
1262 1285
1263 1902
1264 1403
1264 1696
1264 1759
1264 1765
1264 1840
1264 1856
1268 1295
1269 1341
1270 1280
1270 1357
1270 1366
1270 1734
1270 1926
1270 1987
1272 1781
1274 1438
1276 1279
1277 1427
1277 1605
1278 1684
1279 1332
1279 1463
1279 1892
1279 1897
1281 1705
1282 1393
1282 1407
1282 1414
1282 1875
1282 1876
1282 1877
1283 1605
1284 1995
1285 1286
1286 1356
1288 1549
1288 1670
1289 1290
1289 1291
1289 1292
1291 1925
1293 1295
1295 1591
1297 1406
1298 1690
1299 1942
1302 1466
1302 1523
1302 1530
1302 1622
1302 1789
1302 1952
1305 1643
1307 1691
1310 1465
1310 1570
1310 1995
1312 1553
1312 1570
1312 1929
1315 1832
1315 1929
1317 1690
1317 1805
1319 1885
1320 1617
1322 1764
1323 1838
1325 1326
1325 1356
1325 1812
1325 1832
1326 1535
1326 1675
1326 1714
1326 1797
1330 1537
1332 1381
1332 1582
1333 1336
1334 1393
1335 1864
1336 1337
1338 1341
1339 1897
1340 1903
1341 1379
1341 1813
1345 1838
1347 1350
1349 1554
1349 1691
1350 1646
1350 1755
1350 1992
1351 1361
1351 1746
1352 1381
1352 1570
1353 1489
1353 1974
1355 1406
1355 1788
1356 1717
1357 1536
1357 1827
1357 1861
1357 1944
1358 1929
1360 1361
1361 1402
1361 1791
1362 1886
1363 1807
1364 1807
1365 1524
1367 1945
1372 1374
1373 1438
1374 1414
1374 1622
1374 1841
1374 1917
1375 1980
1378 1561
1378 1612
1380 1676
1381 1803
1387 1959
1388 1783
1390 1393
1392 1902
1393 1415
1393 1460
1393 1901
1393 1983
1395 1903
1396 1860
1397 1524
1397 1525
1398 1543
1398 1673
1398 1681
1399 1643
1401 1798
1402 1406
1406 1433
1406 1834
1407 1575
1411 1467
1411 1522
1411 1559
1411 1569
1415 1542
1416 1897
1420 1782
1420 1863
1421 1460
1421 1945
1426 1967
1427 1481
1427 1588
1427 1945
1430 1431
1432 1433
1432 1434
1434 1925
1436 1538
1436 1627
1436 1645
1436 1675
1436 1676
1436 1677
1436 1678
1436 1679
1436 1680
1437 1790
1438 1950
1440 1764
1442 1461
1445 1897
1447 1492
1447 1536
1447 1570
1447 1689
1447 1760
1447 1797
1447 1929
1447 1932
1449 1525
1453 1465
1454 1572
1454 1609
1454 1718
1456 1615
1459 1525
1459 1882
1460 1516
1460 1569
1461 1579
1461 1615
1461 1871
1461 1993
1462 1679
1462 1680
1462 1765
1463 1623
1464 1921
1465 1595
1465 1712
1466 1511
1468 1495
1469 1743
1469 1903
1470 1963
1474 1633
1479 1584
1481 1716
1481 1983
1482 1974
1483 1542
1488 1798
1488 1886
1489 1522
1490 1691
1492 1710
1492 1911
1495 1615
1497 1791
1497 1797
1497 1977
1498 1790
1499 1633
1500 1750
1501 1955
1502 1689
1503 1511
1503 1750
1505 1655
1506 1942
1508 1832
1510 1511
1511 1797
1511 1799
1513 1642
1514 1955
1518 1931
1518 1955
1521 1778
1524 1878
1525 1570
1525 1578
1525 1595
1525 1876
1526 1974
1529 1804
1530 1566
1530 1625
1530 1742
1530 1959
1535 1860
1537 1568
1537 1742
1537 1918
1537 1964
1537 1965
1539 1860
1541 1637
1541 1669
1541 1914
1541 1977
1542 1933
1544 1942
1548 1549
1549 1635
1554 1594
1554 1937
1556 1557
1557 1670
1559 1869
1560 1967
1561 1938
1562 1695
1564 1584
1564 1633
1565 1843
1569 1570
1570 1647
1574 1575
1575 1680
1577 1647
1578 1581
1579 1925
1581 1656
1581 1706
1581 1746
1581 1768
1581 1961
1581 1979
1582 1615
1582 1936
1583 1643
1584 1585
1584 1586
1585 1687
1588 1750
1596 1963
1597 1616
1601 1655
1601 1670
1604 1647
1604 1655
1604 1809
1605 1606
1605 1607
1613 1643
1613 1725
1615 1670
1615 1796
1615 1798
1615 1843
1615 1990
1616 1621
1616 1648
1616 1951
1618 1781
1625 1788
1630 1804
1630 1815
1631 1812
1638 1689
1639 1684
1639 1687
1639 1688
1639 1689
1640 1804
1641 1642
1641 1643
1642 1776
1642 1797
1642 1981
1643 1780
1643 1817
1643 1900
1643 1967
1647 1916
1647 1961
1654 1969
1661 1931
1663 1726
1663 1922
1670 1854
1675 1967
1676 1751
1679 1832
1681 1826
1681 1904
1683 1743
1684 1685
1684 1686
1688 1811
1688 1840
1689 1708
1689 1914
1690 1846
1695 1696
1696 1848
1697 1815
1699 1745
1700 1938
1701 1745
1701 1746
1702 1825
1704 1882
1705 1962
1714 1930
1715 1790
1715 1807
1716 1776
1716 1879
1716 1892
1725 1726
1725 1727
1726 1788
1728 1743
1734 1745
1734 1804
1740 1902
1741 1743
1743 1889
1746 1875
1748 1847
1749 1843
1750 1799
1750 1800
1750 1801
1755 1991
1756 1904
1756 1930
1759 1902
1764 1812
1766 1796
1766 1945
1772 1773
1778 1832
1779 1870
1782 1783
1783 1866
1783 1911
1783 1919
1784 1843
1785 1788
1795 1796
1795 1797
1797 1825
1797 1848
1797 1871
1797 1885
1797 1995
1801 1930
1805 1854
1805 1967
1812 1875
1812 1921
1812 1939
1821 1903
1825 1865
1826 1884
1826 1940
1829 1959
1832 1851
1832 1956
1833 1944
1835 1848
1837 1838
1838 1895
1847 1852
1848 1849
1856 1991
1860 1861
1862 1864
1863 1942
1864 1918
1869 1987
1876 1980
1877 1929
1882 1916
1882 1927
1882 1954
1897 1961
1903 1908
1916 1952
1925 1954
1927 1929
1936 1944
1941 1945
1945 1973
1966 1967
1973 1978
1978 1986
1981 1982
1987 1994
