1 759
2 1542
3 625
3 895
4 487
4 847
4 906
4 1584
4 1624
6 439
7 608
7 1631
8 936
9 802
9 906
9 1125
10 939
10 1011
10 1014
11 91
11 100
11 395
12 1941
13 1926
14 15
14 23
15 84
15 487
15 1196
15 1918
15 1955
15 1976
18 526
18 1476
18 1610
19 320
20 322
20 1454
20 1668
22 562
22 802
22 1098
23 192
23 366
23 419
23 614
23 1047
23 1266
23 1393
23 1628
23 1679
23 1704
23 1712
23 1793
23 1961
24 1348
25 693
25 809
25 901
25 967
25 1093
25 1482
27 32
27 35
29 942
30 322
30 1476
31 1972
32 98
32 143
32 159
32 195
32 299
32 387
32 866
32 1154
32 1640
34 1100
34 1750
34 1798
35 113
35 159
35 317
35 497
35 556
35 754
35 804
35 1020
35 1464
35 1604
35 1947
37 416
37 703
38 518
38 532
38 829
38 1258
39 46
39 141
39 526
39 1966
41 989
42 518
44 46
44 53
44 54
44 58
44 59
45 1478
45 1551
46 356
46 462
46 494
46 742
46 1028
46 1449
46 1499
46 1500
48 491
48 1234
48 1493
49 208
49 508
49 1126
49 1471
50 560
50 1332
50 1369
50 1394
52 814
52 906
52 1979
53 97
53 98
53 336
53 655
53 665
53 871
53 878
53 938
53 1161
54 58
54 163
54 228
54 241
54 391
54 520
54 722
54 748
54 913
54 1626
54 1627
54 1628
55 284
55 1219
56 150
56 284
56 870
56 872
57 693
58 174
58 242
58 397
58 409
58 896
58 1030
58 1538
58 1566
58 1598
59 458
59 529
59 1094
59 1257
59 1576
59 1603
59 1842
61 1476
62 532
62 604
62 1147
62 1148
63 1914
65 359
66 562
66 906
67 69
69 121
69 171
69 350
69 364
69 365
69 366
69 367
69 368
69 369
71 1183
73 765
73 904
73 1750
75 574
75 1646
78 79
78 80
78 81
78 82
78 83
78 84
78 85
79 111
79 136
79 176
79 208
79 251
79 336
79 370
79 643
79 1003
79 1156
79 1182
79 1186
79 1230
79 1234
79 1279
79 1352
79 1669
79 1930
80 706
80 922
80 1461
82 870
82 1199
82 1476
83 544
83 720
83 721
84 1337
85 759
85 1394
85 1427
85 1903
85 1904
86 90
86 91
88 693
88 1210
88 1265
88 1847
89 463
89 608
89 1175
89 1548
90 293
90 566
90 706
90 1322
90 1432
90 1462
90 1464
90 1550
90 1565
90 1650
90 1709
90 1718
90 1837
91 367
91 487
91 493
91 1518
91 1568
91 1675
91 1797
93 99
93 100
94 512
94 1271
94 1287
95 148
95 513
96 385
96 774
96 1650
97 213
97 936
97 1245
98 574
99 137
99 643
99 1451
99 1558
99 1648
100 197
100 394
100 794
100 1056
100 1294
100 1417
100 1421
100 1633
101 102
101 103
101 104
101 105
102 159
102 567
103 155
103 244
103 394
103 767
103 953
103 1233
103 1406
103 1449
103 1532
103 1638
103 1667
103 1913
104 194
104 560
104 1903
106 107
106 108
106 109
106 110
106 111
106 112
106 113
106 114
106 115
106 116
107 1125
108 1138
109 1060
110 759
110 850
110 1549
110 1680
111 247
111 384
111 604
111 617
111 618
111 619
111 620
111 621
111 622
111 623
111 624
112 254
112 621
112 1046
114 416
115 416
116 1695
118 277
118 739
120 560
120 802
120 1319
120 1684
121 503
121 635
121 1662
121 1760
121 1764
122 123
122 124
122 125
122 126
122 127
122 128
122 129
122 130
122 131
122 132
122 133
122 134
123 1287
124 759
125 487
125 513
125 664
125 792
125 1088
125 1121
125 1258
125 1395
125 1412
125 1543
125 1697
125 1747
125 1845
126 779
126 784
127 847
129 1173
130 703
130 706
131 544
132 1904
133 918
133 1809
133 1966
134 946
134 1379
134 1843
135 136
135 139
135 141
135 145
136 267
136 1087
136 1629
136 1788
137 895
138 696
138 1079
139 565
139 648
139 707
139 851
139 876
139 908
139 979
139 1298
139 1520
139 1871
140 1240
140 1883
141 319
141 440
141 1009
141 1447
141 1802
142 618
145 165
145 288
145 437
145 502
145 520
145 639
145 771
145 981
145 1167
145 1353
145 1539
145 1559
145 1721
145 1748
145 1829
145 1915
146 904
147 148
147 150
148 166
148 350
148 364
148 757
148 844
148 923
148 958
148 1371
148 1907
148 1919
148 1935
150 410
150 440
150 483
150 853
150 932
150 1180
150 1427
150 1460
150 1841
151 1549
153 581
153 586
154 774
154 1679
155 159
155 162
155 163
156 454
156 1192
156 1387
157 322
157 502
157 1847
158 354
159 449
159 703
159 807
159 844
159 845
159 846
159 847
159 848
159 849
159 850
159 851
160 163
160 967
161 1625
162 306
162 389
162 458
162 819
162 856
162 879
162 1356
162 1413
162 1887
162 1925
162 1989
163 181
163 307
163 329
163 444
163 643
163 936
163 982
163 1119
163 1278
163 1586
163 1702
164 1285
165 481
165 1126
165 1866
166 1147
166 1197
167 1869
168 828
168 1093
169 176
170 300
170 1903
171 1283
171 1742
172 999
172 1704
173 210
173 1156
174 936
174 1694
175 1156
175 1461
176 661
176 792
176 841
176 1076
176 1277
176 1308
176 1730
176 1776
176 1937
177 192
177 502
177 844
177 1695
177 1793
179 1716
180 1315
180 1967
181 625
182 1255
182 1410
182 1549
184 1212
184 1214
185 1263
185 1329
187 192
187 194
188 604
188 1371
189 209
189 742
189 1379
189 1745
190 192
190 1625
192 350
192 511
192 842
192 993
192 994
192 995
193 1587
193 1668
194 548
194 643
194 755
194 1001
194 1813
194 1917
195 1182
195 1472
195 1639
198 738
199 1369
199 1371
200 296
200 821
200 1542
200 1650
200 1910
201 266
202 1880
203 221
203 228
205 1207
205 1914
206 703
207 1577
208 209
208 210
208 211
208 212
208 213
208 214
208 215
208 216
208 217
208 218
208 219
208 220
209 679
209 680
209 681
209 682
209 683
209 684
209 685
209 686
209 687
210 269
210 489
210 515
210 652
210 708
210 718
210 1449
210 1632
210 1919
211 395
211 784
212 560
212 1429
212 1825
213 304
213 530
213 638
213 1026
213 1065
214 605
214 852
214 968
214 1107
214 1236
214 1403
214 1416
215 1655
216 307
216 1120
217 324
217 796
217 1834
218 1837
219 901
220 1348
220 1690
221 236
221 314
221 430
221 544
221 843
221 910
221 988
221 1280
221 1283
221 1482
221 1499
221 1774
222 1760
223 277
223 1536
225 696
225 1425
226 461
226 1147
228 265
228 320
228 547
228 630
228 642
228 654
228 811
228 822
228 1236
228 1319
228 1366
228 1694
228 1798
228 1821
228 1822
229 721
229 1315
229 1967
230 772
230 1476
231 232
232 457
232 460
232 1177
232 1292
232 1479
233 599
233 1798
234 604
236 738
237 238
237 243
238 624
238 753
238 982
238 1101
238 1507
238 1664
240 744
240 939
240 1138
241 543
241 1536
241 1974
242 847
243 349
243 642
243 671
243 740
243 1044
243 1101
243 1340
243 1506
244 354
244 746
244 1691
245 491
245 762
245 1214
245 1650
246 247
246 249
246 251
247 258
247 259
247 260
247 261
247 262
247 263
247 264
248 482
249 303
249 508
249 607
249 627
249 629
249 900
249 958
249 1220
249 1552
249 1560
249 1642
250 482
250 567
251 812
251 1230
251 1778
251 1781
251 1881
252 857
252 949
252 970
252 1003
252 1447
253 254
254 388
254 548
254 729
254 840
254 880
254 897
254 1395
254 1516
254 1553
254 1924
255 1646
256 1694
257 1352
258 676
258 1122
259 1710
261 1166
261 1809
262 1093
263 1427
264 508
264 1101
265 266
265 268
266 757
266 854
266 912
266 1419
266 1447
266 1513
266 1672
266 1715
266 1771
267 562
267 827
267 1798
268 615
268 773
268 806
268 906
268 1057
268 1168
268 1612
268 1935
268 1993
269 1542
270 1901
271 543
272 1420
272 1621
273 764
273 1029
274 277
274 284
276 635
276 1410
277 311
277 372
277 707
277 713
277 742
277 834
277 1067
277 1276
278 435
278 939
280 945
281 1793
282 518
282 738
282 1374
283 1175
283 1210
284 517
284 1077
284 1080
284 1451
284 1606
284 1717
286 1322
286 1447
286 1843
287 288
287 296
288 301
288 346
288 458
288 572
288 645
288 945
288 1101
288 1367
288 1486
288 1698
288 1750
292 940
293 772
293 1352
294 1551
294 1805
295 738
295 1790
296 508
296 1030
296 1384
296 1415
296 1455
296 1485
296 1868
297 298
297 299
297 300
297 301
297 302
297 303
297 304
297 305
297 306
298 560
298 1387
299 1166
300 409
300 429
300 447
300 511
300 584
300 949
300 1054
300 1085
300 1117
300 1120
300 1199
300 1298
300 1384
300 1646
300 1711
300 1799
301 1125
301 1430
301 1965
303 513
303 1410
304 808
304 828
304 1974
305 1461
305 1994
306 1926
307 308
307 309
307 310
307 311
307 312
307 313
307 314
307 315
307 316
308 953
308 1972
309 814
309 895
312 503
312 1624
313 562
313 848
313 1122
313 1694
313 1805
315 926
315 1880
315 1966
316 546
316 1147
316 1704
317 320
317 322
317 324
318 904
318 1101
318 1631
319 840
320 401
320 692
320 965
320 1106
320 1114
320 1242
320 1367
320 1928
321 491
321 1210
321 1834
322 531
322 689
322 724
322 759
322 764
322 1312
322 1572
322 1661
322 1700
323 586
323 1176
323 1424
323 1644
323 1986
324 491
324 492
324 493
324 494
324 495
325 826
325 1138
325 1371
326 1479
326 1735
329 1425
330 1289
331 335
332 1093
332 1877
333 1764
335 643
335 644
335 645
335 646
335 647
335 648
336 1137
336 1279
337 1014
337 1199
338 857
338 1197
338 1427
338 1584
338 1904
340 1125
340 1379
342 553
343 439
344 424
344 1410
344 1793
345 1138
345 1219
346 1003
346 1378
346 1688
347 1329
347 1668
348 439
348 989
348 1914
349 808
349 1279
349 1967
352 1472
353 870
354 461
354 471
354 591
354 813
354 890
354 1564
354 1934
355 359
356 1764
357 1662
358 547
358 940
359 444
359 460
359 637
359 698
359 1088
359 1119
359 1129
359 1340
359 1732
359 1932
360 1175
360 1417
361 828
362 593
363 539
363 1577
363 1655
364 830
364 1156
364 1750
365 936
365 999
365 1542
365 1610
368 604
368 1805
369 473
369 491
369 518
369 1098
369 1154
369 1172
369 1280
369 1322
369 1348
369 1375
369 1378
369 1454
369 1668
369 1770
370 371
370 373
370 374
370 377
371 818
371 822
371 1080
371 1628
371 1961
372 508
372 918
372 1289
373 549
373 834
373 916
373 1065
373 1177
373 1309
373 1586
373 1639
374 514
374 858
374 1139
374 1143
374 1154
374 1546
374 1692
375 1587
375 1655
376 1258
377 491
377 725
377 1413
377 1414
377 1415
377 1416
377 1417
377 1418
377 1419
377 1420
377 1421
377 1422
378 878
378 1624
379 481
379 1271
380 385
381 547
381 560
381 693
382 1166
383 1122
383 1663
384 1710
385 391
385 760
385 1088
385 1172
385 1349
385 1717
387 693
387 850
387 1079
388 538
388 1079
388 1289
388 1543
389 953
392 395
393 703
394 1410
395 508
395 536
395 689
395 716
395 751
395 871
395 1084
395 1529
395 1675
396 989
398 634
400 1860
400 1866
400 1974
401 767
401 1100
401 1368
401 1542
401 1764
402 1691
402 1710
404 738
405 1941
406 512
407 870
409 416
410 505
410 508
410 510
410 512
410 513
410 514
412 1750
416 432
416 461
416 722
416 791
416 956
416 1171
416 1303
416 1384
418 513
418 826
419 1994
420 878
420 1271
420 1371
420 1938
422 424
422 429
422 435
424 481
424 649
424 929
424 1016
424 1363
424 1388
424 1444
424 1450
424 1658
426 779
427 872
427 940
428 970
428 1147
428 1378
428 1476
429 614
429 681
429 823
429 885
429 955
429 1132
429 1138
429 1233
429 1265
429 1337
429 1369
430 913
430 1461
430 1479
431 568
431 586
431 767
431 1644
431 1843
432 1769
434 1798
435 559
435 684
435 949
435 1439
435 1643
435 1689
435 1718
435 1736
436 439
437 1549
438 939
438 970
439 695
439 821
439 1058
439 1092
439 1223
439 1531
439 1661
443 913
443 1417
443 1926
444 1175
446 769
446 1417
446 1482
446 1509
447 454
449 487
449 532
449 1234
451 703
451 857
451 1621
452 904
452 1577
452 1655
453 1176
454 1427
454 1474
454 1475
454 1488
455 953
455 1577
456 473
456 1263
456 1545
457 458
457 461
457 463
458 495
458 503
458 541
458 799
458 806
458 897
458 938
458 939
458 940
458 941
458 942
461 499
461 547
461 665
461 716
461 879
461 1180
461 1384
461 1458
461 1459
462 1197
462 1410
463 688
463 1047
463 1279
464 827
464 1523
466 1254
466 1967
467 473
468 746
468 772
468 1240
471 1120
471 1234
471 1914
473 588
473 760
473 771
473 968
473 1516
473 1541
474 1029
475 1523
476 1774
476 1870
477 478
477 479
477 481
477 482
478 1228
478 1310
478 1320
478 1578
478 1803
478 1967
479 508
479 1008
479 1510
481 500
481 565
481 770
481 806
481 1139
481 1166
481 1893
481 1922
481 1993
482 491
482 879
482 905
482 923
482 975
482 1419
482 1507
482 1660
482 1896
483 526
484 547
484 1454
484 1639
485 1138
485 1176
486 487
486 488
486 489
486 490
487 608
487 625
487 647
487 694
487 746
487 1051
487 1125
487 1460
487 1660
487 1661
487 1662
487 1663
488 547
488 1479
488 1542
488 1960
489 970
489 1471
490 1825
491 742
491 850
491 989
491 1126
491 1155
491 1374
491 1790
491 1994
492 1060
492 1374
493 821
494 608
496 502
496 503
497 1523
497 1716
498 1378
499 828
499 1843
500 1493
501 1650
502 543
502 600
502 619
502 984
502 991
502 1046
502 1094
502 1178
502 1528
502 1745
502 1769
502 1950
502 1951
503 548
503 930
503 1139
503 1652
504 1173
504 1185
504 1387
505 562
505 780
505 835
505 866
505 952
505 1031
505 1313
505 1413
505 1508
505 1922
505 1950
506 1125
507 1379
507 1650
508 850
508 885
508 1008
508 1304
508 1350
508 1432
508 1746
508 1763
508 1993
509 706
509 1667
510 846
510 1017
510 1055
510 1088
510 1336
511 1472
512 909
512 977
512 1388
512 1737
512 1833
512 1866
513 602
513 705
513 1345
514 593
514 694
514 721
514 970
514 973
514 1015
514 1139
514 1189
514 1197
514 1251
514 1606
514 1802
514 1851
517 1156
518 566
518 1687
518 1724
519 1240
519 1319
520 526
524 1694
525 1769
526 878
526 1005
527 967
527 970
528 532
528 538
528 539
529 1472
529 1690
530 762
530 828
531 1100
531 1265
531 1322
531 1509
531 1914
531 1930
532 824
532 1087
532 1325
532 1471
532 1607
532 1712
533 922
534 953
534 989
534 1240
536 1387
537 581
537 1023
537 1197
538 683
538 712
538 1008
538 1080
538 1102
538 1557
538 1648
539 658
539 846
539 1080
539 1159
539 1260
539 1312
539 1553
539 1747
540 543
540 544
540 546
540 547
541 848
541 1625
542 1774
543 734
543 841
543 1184
543 1266
543 1308
543 1635
543 1763
544 800
544 1250
544 1539
544 1610
544 1782
544 1863
544 1901
544 1908
544 1912
545 621
545 1548
545 1679
546 721
546 875
546 1115
546 1298
546 1303
546 1412
546 1721
546 1744
546 1839
547 585
547 644
547 1251
547 1340
547 1468
547 1742
548 621
548 1877
548 1986
549 721
549 827
549 840
549 967
549 1368
549 1477
549 1610
550 553
550 560
551 1210
551 1716
551 1860
552 1509
553 576
553 815
553 878
553 1102
553 1230
553 1370
553 1491
553 1492
554 1315
555 608
555 1447
555 1656
556 586
556 821
557 599
558 1093
560 663
560 834
560 1368
560 1507
560 1518
560 1519
561 562
561 565
561 567
561 568
561 570
562 868
562 878
562 923
562 926
562 1123
562 1430
562 1442
562 1465
562 1482
562 1847
562 1860
562 1875
563 1371
565 617
565 742
565 809
565 849
565 879
565 895
565 1129
565 1173
565 1708
565 1825
565 1904
565 1972
567 582
567 1269
567 1375
567 1729
567 1791
567 1967
568 809
568 810
568 811
568 812
568 813
568 814
568 815
568 816
568 817
568 818
568 819
568 820
569 999
569 1185
570 643
570 1026
570 1054
570 1198
570 1382
570 1385
570 1602
570 1878
570 1897
571 574
572 1523
574 648
574 727
574 816
574 1130
574 1416
574 1493
574 1592
576 906
577 922
577 1148
577 1425
578 696
578 759
578 1420
580 1319
581 906
581 951
581 1012
581 1179
581 1404
581 1782
581 1818
581 1951
581 1992
582 1461
583 634
583 1745
583 1761
584 635
584 1098
585 1245
585 1761
586 840
586 1188
586 1191
586 1267
586 1913
586 1927
587 593
588 720
588 970
588 1424
590 1427
590 1669
591 1430
593 1103
594 1060
594 1378
596 942
596 1974
597 599
597 604
598 1014
599 916
599 937
599 993
599 1072
599 1548
599 1751
600 1183
600 1258
600 1493
600 1679
601 1610
602 1668
603 620
603 828
603 1519
603 1621
604 695
604 1256
604 1516
604 1706
604 1792
605 738
605 1845
606 1424
606 1828
607 608
608 1358
608 1497
608 1512
608 1922
609 1234
609 1427
611 612
612 888
612 1199
612 1205
612 1540
612 1829
612 1997
614 720
614 1662
615 857
616 1337
617 1425
618 726
618 789
618 836
618 1042
618 1465
618 1659
618 1807
618 1812
619 1003
619 1283
620 713
620 726
620 799
620 968
620 1189
620 1357
620 1575
620 1613
621 1772
621 1873
621 1936
622 767
622 1088
622 1120
623 1930
625 626
625 627
626 744
627 895
627 1098
627 1509
627 1745
628 634
628 635
629 1519
630 1542
630 1869
631 1219
631 1239
631 1663
631 1774
632 1004
633 1536
634 770
634 1085
634 1322
634 1415
634 1492
634 1665
634 1725
635 834
635 1203
635 1206
635 1208
635 1954
635 1967
636 850
636 1930
638 946
638 999
638 1423
639 1173
639 1371
640 1461
641 1098
641 1543
642 1319
642 1938
643 696
643 901
643 904
643 974
643 1080
643 1210
643 1695
643 1834
643 1880
643 1881
645 693
646 1192
646 1663
647 1543
648 1014
648 1046
650 1960
651 744
651 1429
654 774
654 848
654 1029
656 1322
656 1454
656 1621
656 1624
656 1625
659 848
659 1549
659 1845
660 844
660 1745
660 1914
661 1965
662 946
663 1147
664 1825
664 1880
668 720
668 739
668 1138
668 1420
668 1688
669 765
669 767
669 769
669 772
670 1137
671 1417
672 895
673 675
673 676
674 1631
675 742
675 766
675 1284
675 1678
675 1698
675 1709
675 1936
676 707
676 824
676 912
676 1403
676 1417
676 1555
676 1707
676 1832
678 1834
680 1770
681 1207
681 1254
682 1965
683 844
683 1289
683 1750
684 1798
685 1417
686 1093
686 1101
687 1287
687 1493
688 1761
689 1332
691 1810
692 838
692 953
692 1185
692 1667
693 694
693 695
693 696
693 697
694 1472
694 1542
694 1551
695 1138
696 1004
696 1010
696 1110
696 1163
696 1248
696 1455
696 1679
696 1788
697 784
698 1029
698 1394
700 1420
700 1624
701 1668
703 1039
703 1350
703 1846
703 1886
705 1680
706 1097
706 1438
706 1711
706 1715
706 1822
707 850
707 1966
708 1379
710 1183
710 1287
710 1548
710 1631
712 1626
713 1210
717 1348
717 1716
718 1417
720 949
720 1108
720 1421
720 1425
720 1545
720 1573
720 1809
720 1810
720 1881
721 777
721 920
721 1093
721 1219
721 1224
721 1279
721 1516
721 1604
721 1938
722 1430
722 1926
724 1271
724 1429
725 738
725 1046
726 1901
727 1210
729 1769
729 1941
730 796
730 870
730 1197
730 1265
730 1880
730 1965
731 1680
731 1972
732 1185
733 872
734 1790
736 1285
736 1523
737 1543
738 1390
738 1481
738 1482
738 1483
738 1484
739 740
739 741
739 742
740 1263
742 805
742 812
742 1285
742 1523
742 1648
742 1781
742 1783
742 1903
743 1595
744 808
744 988
744 1188
744 1293
744 1393
744 1570
744 1759
744 1848
746 747
746 748
746 749
746 750
746 751
746 752
746 753
746 754
746 755
751 1185
751 1866
753 826
754 1764
755 973
756 759
759 1419
760 1279
760 1337
761 762
761 764
762 1000
762 1016
762 1075
762 1150
762 1313
762 1482
762 1503
762 1652
762 1761
762 1958
763 1186
763 1207
763 1210
764 771
764 951
764 1195
764 1263
764 1387
764 1419
764 1453
764 1471
764 1772
764 1929
765 829
765 832
765 839
765 1390
765 1494
765 1782
765 1846
765 1953
766 945
766 1584
766 1650
766 1679
767 935
767 1702
768 918
768 1173
768 1175
768 1176
769 914
769 1054
769 1148
769 1249
769 1409
769 1932
772 882
772 1064
772 1474
772 1865
772 1866
773 774
774 1064
774 1425
774 1767
774 1816
775 1197
776 802
777 870
777 1903
778 1137
778 1192
779 960
779 1020
779 1050
779 1199
779 1264
779 1294
779 1349
779 1604
779 1727
779 1829
781 1004
784 878
784 1081
784 1159
784 1176
784 1238
784 1403
784 1463
784 1710
784 1914
784 1925
786 808
786 1212
788 1369
788 1545
789 1880
790 796
791 1240
792 840
792 1185
792 1478
792 1650
795 847
795 1584
795 1834
796 819
796 821
796 947
796 1108
796 1152
796 1648
796 1878
798 1147
798 1770
799 821
799 1352
800 1219
802 803
802 804
802 805
802 806
802 807
802 808
803 936
803 1584
805 904
806 1941
807 1183
807 1625
807 1941
808 875
808 1307
808 1310
808 1481
808 1679
808 1716
808 1844
808 1879
809 831
809 860
809 1121
809 1132
809 1194
809 1287
809 1514
809 1776
809 1782
809 1875
810 1175
811 844
811 1348
812 967
812 1394
812 1745
813 830
813 1185
814 992
814 1089
814 1340
814 1473
814 1996
815 1060
815 1212
815 1265
816 840
817 1378
817 1423
818 1417
818 1966
820 1423
821 822
821 823
821 824
821 825
821 826
821 827
821 828
821 829
821 830
821 831
823 1138
823 1454
824 1368
824 1870
825 826
825 1098
825 1646
825 1769
826 1470
826 1504
827 1165
827 1645
828 950
828 1653
828 1800
828 1894
829 841
829 876
829 878
829 1080
829 1132
829 1239
829 1327
829 1550
829 1577
829 1817
829 1819
830 835
830 1136
830 1487
835 1079
835 1543
836 1761
838 839
838 840
838 841
838 842
838 843
839 1263
839 1371
840 915
840 952
840 1088
840 1341
840 1358
840 1471
841 1029
842 949
844 955
844 1047
844 1118
844 1152
844 1514
844 1589
844 1816
845 918
845 1454
846 1798
846 1843
847 982
847 1056
847 1089
847 1102
847 1539
847 1928
848 1114
849 1287
850 857
850 906
850 1085
850 1101
850 1289
850 1410
850 1447
850 1509
850 1542
850 1648
850 1655
850 1656
850 1869
850 1870
850 1871
851 1646
852 857
852 859
853 913
854 973
854 974
857 1488
857 1615
857 1746
857 1911
858 1610
859 875
859 1059
859 1442
859 1744
859 1866
860 1695
860 1837
864 1285
865 1254
866 1877
868 1870
870 1040
870 1140
870 1228
870 1482
870 1842
872 883
872 932
872 1265
872 1725
872 1864
875 945
876 878
877 1869
878 1121
878 1237
878 1329
878 1418
878 1570
878 1690
878 1691
883 1429
884 1644
885 895
888 945
888 1790
889 1760
889 1860
892 1258
895 934
895 1232
895 1566
896 901
900 953
900 1283
900 1352
900 1477
901 1339
901 1401
901 1736
901 1797
901 1836
903 1680
904 1095
904 1458
904 1553
904 1705
904 1963
904 1992
905 906
905 913
906 1121
906 1267
906 1503
906 1740
907 1207
908 1479
909 949
909 1770
909 1845
910 1668
912 1173
913 955
913 1105
913 1312
913 1416
914 918
914 922
915 1148
915 1866
917 1239
918 1358
918 1479
918 1923
919 1869
919 1914
920 1003
922 1279
922 1449
922 1464
922 1556
922 1682
922 1725
923 926
925 939
927 1837
933 1901
934 936
935 949
935 1098
935 1904
936 1086
936 1661
938 1960
939 1141
939 1325
939 1400
939 1722
940 1056
940 1579
940 1737
940 1844
940 1875
941 1774
941 1926
942 1117
942 1155
942 1168
942 1511
942 1578
942 1635
942 1762
942 1893
943 945
943 946
944 1137
944 1329
944 1764
945 1276
945 1346
945 1428
945 1701
945 1713
945 1961
946 1085
946 1086
946 1087
946 1088
947 1185
949 950
949 951
949 952
949 953
949 954
949 955
951 1551
951 1760
951 1866
952 1234
953 1205
953 1537
953 1548
953 1557
953 1587
953 1741
953 1828
953 1833
954 1156
955 1285
959 1147
960 1694
961 1100
961 1138
961 1662
964 999
965 1315
966 1769
967 1101
967 1142
967 1510
967 1575
967 1826
967 1907
968 1710
969 1625
970 1376
970 1443
970 1666
970 1987
971 999
971 1965
972 1234
973 1034
973 1252
973 1490
973 1607
973 1609
974 1022
974 1058
974 1297
974 1307
974 1451
974 1782
975 1197
976 1543
976 1669
976 1691
980 1704
981 1283
983 1120
983 1122
983 1828
984 1644
984 1690
986 1166
988 989
989 1350
989 1412
989 1473
989 1486
989 1637
989 1726
990 1667
991 1003
991 1708
992 1926
994 1046
995 1742
995 1901
996 1587
997 1690
999 1151
999 1368
999 1396
1000 1003
1000 1004
1003 1092
1003 1411
1003 1412
1004 1276
1004 1604
1004 1885
1005 1122
1007 1760
1008 1126
1008 1551
1008 1828
1008 1960
1009 1337
1010 1199
1010 1394
1011 1180
1011 1381
1011 1471
1011 1711
1012 1060
1014 1279
1014 1350
1014 1464
1014 1465
1014 1466
1014 1467
1014 1468
1015 1974
1017 1624
1017 1626
1019 1825
1020 1240
1020 1536
1020 1986
1022 1023
1023 1216
1023 1275
1023 1417
1027 1322
1027 1352
1027 1708
1028 1378
1028 1379
1029 1437
1029 1866
1031 1148
1032 1845
1035 1680
1036 1877
1037 1760
1040 1877
1041 1093
1041 1595
1042 1479
1044 1519
1046 1047
1046 1048
1046 1049
1048 1965
1050 1197
1050 1621
1051 1910
1052 1631
1052 1847
1056 1060
1057 1192
1057 1271
1060 1088
1060 1276
1063 1387
1064 1368
1065 1079
1066 1667
1067 1337
1069 1621
1072 1265
1075 1834
1076 1910
1079 1080
1079 1081
1079 1082
1079 1083
1079 1084
1080 1175
1080 1425
1080 1621
1080 1843
1080 1866
1080 1883
1080 1910
1080 1926
1080 1941
1080 1967
1082 1626
1084 1584
1085 1482
1086 1199
1087 1183
1088 1381
1088 1394
1088 1423
1088 1424
1088 1425
1088 1426
1088 1427
1093 1130
1093 1502
1093 1780
1094 1667
1095 1098
1096 1650
1097 1624
1098 1251
1098 1260
1098 1467
1098 1601
1098 1879
1099 1348
1099 1410
1100 1101
1100 1102
1100 1103
1101 1147
1101 1271
1101 1368
1101 1541
1101 1878
1102 1186
1102 1417
1102 1548
1103 1493
1103 1742
1105 1271
1106 1371
1106 1662
1106 1760
1108 1966
1110 1482
1110 1639
1110 1761
1114 1423
1115 1691
1115 1825
1115 1866
1117 1126
1118 1120
1118 1122
1120 1526
1122 1253
1122 1309
1122 1322
1122 1336
1122 1569
1122 1583
1123 1774
1123 1869
1124 1125
1124 1126
1125 1534
1125 1802
1125 1918
1125 1919
1125 1923
1126 1205
1126 1235
1127 1587
1127 1938
1134 1137
1134 1138
1136 1329
1136 1332
1137 1199
1137 1341
1137 1890
1137 1907
1138 1959
1139 1424
1140 1662
1140 1877
1141 1234
1141 1239
1143 1662
1144 1761
1147 1483
1148 1240
1148 1286
1148 1398
1148 1425
1148 1460
1148 1461
1148 1462
1148 1463
1149 1219
1150 1186
1154 1156
1155 1471
1155 1639
1155 1941
1156 1184
1156 1718
1156 1741
1156 1989
1157 1691
1158 1263
1158 1974
1159 1199
1161 1548
1161 1870
1162 1549
1162 1926
1163 1805
1163 1974
1165 1283
1166 1228
1166 1388
1166 1638
1166 1842
1166 1896
1166 1939
1167 1901
1168 1870
1169 1914
1170 1668
1170 1669
1173 1198
1173 1408
1173 1899
1175 1432
1175 1554
1175 1913
1176 1284
1176 1308
1176 1347
1178 1770
1179 1182
1179 1183
1182 1248
1182 1268
1182 1579
1183 1257
1183 1265
1183 1302
1183 1581
1183 1629
1183 1703
1184 1185
1184 1186
1185 1265
1185 1336
1185 1609
1186 1426
1186 1456
1186 1643
1188 1667
1189 1790
1190 1192
1192 1288
1192 1493
1192 1636
1192 1792
1192 1832
1193 1245
1194 1197
1194 1199
1195 1994
1196 1708
1197 1771
1197 1915
1198 1663
1199 1356
1199 1390
1199 1706
1199 1778
1200 1394
1200 1860
1201 1695
1205 1368
1206 1972
1207 1323
1207 1486
1207 1493
1209 1352
1210 1339
1210 1436
1210 1594
1210 1763
1210 1933
1211 1708
1212 1417
1212 1464
1212 1568
1212 1751
1214 1266
1214 1321
1214 1404
1214 1446
1214 1447
1214 1448
1215 1880
1218 1319
1219 1358
1219 1366
1219 1416
1219 1659
1222 1663
1224 1669
1224 1938
1225 1926
1225 1965
1226 1519
1227 1234
1227 1631
1232 1548
1234 1558
1234 1892
1237 1770
1238 1239
1239 1528
1239 1541
1239 1591
1239 1975
1240 1241
1240 1242
1240 1243
1241 1716
1242 1245
1245 1304
1245 1639
1250 1254
1250 1255
1251 1285
1251 1368
1252 1420
1254 1321
1254 1322
1255 1353
1255 1427
1255 1520
1255 1530
1255 1833
1256 1258
1257 1285
1258 1346
1258 1398
1258 1422
1258 1448
1258 1501
1258 1753
1260 1263
1260 1265
1261 1877
1262 1285
1262 1624
1263 1416
1263 1467
1263 1902
1263 1975
1265 1330
1265 1578
1265 1625
1265 1639
1267 1680
1268 1387
1269 1587
1270 1926
1271 1532
1271 1814
1271 1879
1272 1478
1272 1587
1273 1810
1274 1624
1275 1283
1276 1279
1277 1427
1278 1684
1278 1960
1279 1332
1279 1463
1279 1892
1279 1897
1280 1880
1282 1877
1283 1605
1283 1692
1283 1739
1283 1740
1285 1286
1287 1288
1288 1549
1289 1290
1289 1291
1289 1292
1294 1667
1298 1352
1298 1690
1301 1587
1302 1523
1304 1337
1304 1423
1305 1424
1307 1332
1307 1691
1308 1315
1310 1543
1312 1410
1312 1471
1312 1626
1312 1704
1314 1348
1314 1710
1314 1828
1315 1322
1315 1347
1315 1455
1315 1654
1315 1832
1315 1929
1317 1690
1317 1805
1319 1728
1319 1885
1319 1922
1322 1426
1322 1431
1322 1595
1322 1680
1322 1764
1322 1819
1322 1866
1322 1979
1327 1545
1327 1965
1327 1966
1329 1494
1330 1668
1330 1837
1331 1509
1331 1679
1332 1339
1332 1381
1332 1582
1332 1583
1332 1918
1333 1337
1336 1337
1337 1539
1337 1648
1337 1649
1340 1368
1340 1669
1340 1903
1341 1379
1345 1577
1347 1348
1348 1401
1348 1751
1349 1509
1349 1691
1350 1646
1352 1381
1352 1453
1352 1570
1352 1987
1353 1704
1353 1974
1357 1536
1359 1631
1365 1476
1365 1662
1367 1548
1368 1713
1368 1735
1368 1844
1371 1376
1371 1443
1372 1374
1373 1429
1374 1414
1374 1622
1374 1841
1374 1917
1377 1472
1378 1561
1378 1612
1379 1425
1379 1673
1379 1795
1387 1777
1387 1959
1388 1986
1389 1883
1390 1394
1393 1901
1394 1923
1395 1903
1396 1860
1397 1523
1398 1543
1400 1519
1401 1798
1406 1834
1407 1901
1408 1536
1409 1410
1410 1635
1412 1493
1412 1656
1413 1837
1415 1482
1415 1542
1416 1639
1416 1834
1417 1564
1420 1782
1420 1863
1422 1761
1423 1516
1423 1546
1423 1819
1423 1820
1424 1816
1424 1817
1425 1624
1425 1631
1425 1960
1425 1965
1425 1986
1426 1967
1427 1481
1427 1588
1427 1945
1429 1482
1429 1526
1430 1431
1431 1624
1431 1644
1436 1679
1436 1680
1437 1790
1440 1764
1442 1461
1442 1656
1447 1492
1447 1536
1447 1570
1447 1689
1447 1760
1447 1797
1447 1929
1447 1932
1450 1479
1450 1587
1450 1966
1451 1760
1454 1572
1454 1609
1454 1718
1456 1774
1459 1880
1461 1579
1461 1615
1461 1871
1461 1993
1462 1679
1462 1680
1464 1650
1465 1595
1468 1493
1469 1903
1471 1472
1471 1473
1471 1474
1471 1475
1471 1476
1471 1477
1471 1478
1471 1479
1472 1757
1472 1758
1475 1760
1476 1506
1477 1557
1477 1604
1478 1539
1478 1660
1479 1584
1479 1644
1479 1665
1479 1802
1481 1716
1482 1493
1482 1573
1482 1974
1483 1542
1483 1545
1483 1551
1483 1626
1485 1536
1485 1770
1487 1769
1488 1798
1490 1691
1492 1710
1493 1564
1493 1821
1494 1742
1498 1790
1500 1750
1500 1769
1503 1750
1505 1655
1507 1509
1509 1527
1509 1756
1509 1800
1512 1710
1513 1760
1515 1545
1519 1565
1525 1595
1526 1974
1530 1625
1530 1742
1531 1828
1535 1860
1536 1640
1536 1779
1537 1742
1537 1965
1539 1860
1540 1656
1541 1669
1541 1914
1542 1933
1543 1678
1543 1729
1543 1867
1545 1937
1548 1549
1548 1550
1548 1551
1548 1552
1549 1635
1551 1771
1555 1668
1559 1869
1560 1967
1561 1938
1562 1695
1564 1584
1565 1843
1568 1621
1574 1577
1575 1680
1577 1647
1581 1656
1581 1979
1584 1585
1584 1586
1586 1960
1588 1750
1588 1834
1589 1708
1594 1595
1595 1799
1596 1880
1601 1655
1604 1639
1604 1655
1604 1809
1608 1610
1609 1610
1610 1739
1610 1873
1610 1982
1615 1798
1615 1843
1616 1621
1620 1644
1621 1630
1621 1719
1624 1857
1625 1788
1625 1927
1626 1971
1627 1708
1629 1650
1631 1749
1631 1812
1631 1851
1637 1680
1639 1684
1639 1687
1639 1688
1639 1689
1641 1644
1643 1967
1644 1900
1646 1879
1650 1723
1652 1694
1660 1669
1663 1726
1663 1922
1667 1675
1667 1702
1669 1892
1673 1742
1675 1967
1678 1972
1679 1729
1679 1832
1679 1877
1680 1841
1681 1904
1681 1966
1684 1685
1684 1686
1688 1811
1688 1840
1689 1708
1689 1914
1690 1846
1695 1696
1697 1883
1699 1745
1700 1938
1701 1745
1702 1825
1704 1861
1704 1882
1708 1709
1710 1841
1714 1930
1715 1790
1716 1776
1716 1879
1716 1892
1733 1735
1734 1745
1735 1992
1741 1742
1742 1811
1748 1847
1749 1843
1750 1799
1750 1800
1750 1801
1754 1769
1756 1810
1756 1904
1756 1930
1757 1965
1764 1812
1765 1979
1770 1915
1772 1774
1779 1870
1783 1866
1784 1843
1787 1793
1789 1845
1789 1910
1793 1794
1797 1825
1801 1930
1802 1883
1803 1966
1805 1854
1805 1967
1810 1813
1810 1964
1821 1903
1825 1865
1828 1850
1834 1835
1837 1838
1837 1839
1837 1840
1844 1845
1847 1852
1860 1861
1866 1894
1869 1987
1877 1929
1883 1912
1883 1919
1894 1960
1900 1958
1901 1962
1903 1908
1926 1992
1936 1986
1941 1945
1958 1996
1966 1967
1971 1972
1976 1979
1978 1986
1987 1994
