0 2
0 13
1 759
2 38
2 73
2 193
2 425
2 493
2 1542
2 1570
2 1981
3 625
3 890
3 895
4 124
4 487
4 697
4 1624
6 650
8 1202
9 802
9 1125
10 48
10 1008
10 1010
10 1012
11 91
11 309
11 352
11 395
11 1885
12 1238
13 51
13 167
13 1153
13 1422
13 1529
13 1611
13 1726
13 1842
13 1926
14 15
15 84
15 487
15 1196
15 1918
15 1955
15 1976
16 583
17 1872
18 204
18 450
18 1350
19 320
20 1462
20 1942
22 379
22 802
22 1098
22 1109
23 1393
23 1704
23 1961
24 433
24 1131
24 1154
24 1748
24 1749
25 809
25 1154
26 931
27 28
27 31
27 32
28 74
28 115
28 353
28 453
28 654
28 1154
28 1362
28 1602
28 1830
29 295
29 1130
29 1539
29 1570
31 73
31 96
31 226
31 509
31 755
31 874
31 1114
31 1266
31 1354
31 1972
32 98
32 143
32 159
32 195
32 299
32 387
32 866
32 1154
32 1640
34 1100
35 556
37 368
37 416
37 703
37 1570
38 829
38 1258
39 141
39 1823
41 610
41 1533
44 45
44 46
44 47
44 48
44 49
44 50
44 51
44 52
44 53
44 54
44 55
44 56
44 57
44 58
44 59
45 516
45 600
45 894
45 1051
45 1340
45 1478
45 1496
45 1521
45 1551
46 1499
47 226
47 338
47 442
47 472
47 688
47 689
47 690
47 691
47 692
48 400
48 491
48 691
48 695
48 1234
48 1493
48 1863
49 208
49 446
49 455
49 508
49 902
49 1107
49 1110
49 1126
49 1323
49 1471
49 1581
49 1652
49 1692
49 1728
49 1732
50 152
50 361
50 433
50 560
50 793
50 1036
50 1190
50 1259
50 1281
50 1332
50 1336
50 1369
50 1384
50 1394
50 1598
51 239
51 740
51 800
51 819
51 874
51 979
51 1064
51 1121
51 1316
51 1499
51 1567
51 1569
51 1951
52 661
52 668
52 814
52 906
52 928
52 1498
52 1979
53 97
53 98
53 336
53 655
53 665
53 871
53 878
53 938
53 1161
54 913
54 1626
55 284
55 677
55 690
55 819
55 1056
55 1094
55 1219
55 1532
55 1919
56 873
56 875
57 1130
57 1637
58 174
58 896
59 458
59 529
59 1094
59 1257
59 1576
59 1603
59 1842
61 1383
62 1148
62 1149
62 1150
63 259
63 1238
64 583
65 810
65 1321
66 174
66 1525
66 1539
69 368
70 415
70 1550
71 1183
71 1942
73 765
74 800
74 1019
75 1456
75 1728
76 873
76 1031
77 698
78 82
79 176
79 1156
79 1352
82 870
82 985
82 1199
82 1476
82 1696
82 1985
83 610
83 719
84 1337
84 1573
85 759
86 91
90 1432
90 1462
90 1550
90 1650
91 367
91 487
91 493
91 1518
91 1568
91 1675
91 1797
92 352
92 561
95 513
95 1827
96 205
96 385
96 431
96 1055
96 1650
97 213
97 1310
98 294
107 959
107 1125
107 1525
107 1816
108 1138
108 1190
109 1060
110 759
110 1264
110 1549
110 1792
112 254
114 416
114 1601
115 416
115 468
116 427
116 1195
117 118
117 119
117 120
117 121
118 277
118 1129
120 200
120 203
120 333
120 378
120 560
120 595
120 802
120 819
120 1053
120 1058
120 1319
120 1426
120 1570
120 1684
120 1987
121 555
121 1662
121 1760
121 1764
122 123
122 124
122 125
122 126
122 127
122 128
122 129
122 130
122 131
122 132
122 133
122 134
123 964
123 1573
123 1749
124 133
124 183
124 557
124 759
124 839
124 887
124 1300
124 1380
124 1386
124 1415
124 1602
124 1683
124 1786
125 487
125 513
125 664
125 792
125 1088
125 1121
125 1258
125 1395
125 1412
125 1543
125 1697
125 1747
125 1845
126 784
127 184
127 250
127 511
127 847
127 1204
127 1224
128 1768
129 1243
129 1342
130 703
130 708
131 577
132 698
132 1089
132 1672
132 1983
133 659
133 918
134 946
135 141
135 142
137 895
141 319
141 440
141 1009
141 1447
141 1802
142 618
142 1021
142 1151
142 1296
142 1301
142 1302
142 1303
144 1875
145 639
145 1539
145 1748
146 401
146 1236
146 1682
146 1781
148 166
148 1371
149 468
150 1841
151 1533
151 1549
152 427
153 583
154 1561
154 1622
155 162
155 166
158 352
159 703
159 848
162 306
162 389
162 458
162 819
162 856
162 879
162 1356
162 1413
162 1887
162 1925
162 1989
163 307
164 595
164 1164
164 1195
166 280
166 437
166 457
166 657
166 1147
166 1197
166 1335
166 1404
169 174
169 176
170 1404
170 1499
171 1008
171 1517
171 1742
172 1704
173 976
173 1156
174 666
174 851
174 936
174 1154
174 1250
174 1694
174 1784
175 638
175 1156
175 1744
176 661
176 792
176 841
176 1076
176 1277
176 1308
176 1730
176 1776
176 1937
177 426
177 1109
177 1931
178 186
180 1172
180 1748
181 625
181 719
181 1316
181 1541
182 864
182 1249
182 1410
182 1549
183 1898
184 205
184 212
184 659
186 428
186 501
186 777
186 1081
186 1181
186 1341
188 401
188 697
188 1371
190 1591
191 1195
192 842
193 252
193 1573
193 1749
194 755
195 212
196 1164
196 1411
197 203
197 204
197 205
197 207
198 738
198 1128
199 294
199 431
199 1371
200 212
200 296
200 402
200 1650
201 1957
202 1316
202 1465
203 221
203 222
203 223
203 224
203 225
203 226
203 227
203 228
203 229
203 230
204 639
204 793
204 798
204 835
204 916
204 1222
204 1301
204 1675
204 1980
205 745
205 899
205 986
205 1069
205 1207
205 1220
205 1795
205 1914
206 361
206 703
207 248
207 339
207 719
207 831
207 911
207 1149
207 1302
207 1393
207 1397
207 1480
207 1577
207 1591
207 1751
208 212
208 213
209 685
209 686
209 687
210 708
210 718
211 395
211 784
211 1095
212 560
212 576
212 619
212 1429
212 1496
212 1588
212 1825
212 1826
212 1827
213 304
213 530
213 638
213 1026
213 1065
214 968
214 1107
214 1236
214 1403
215 1252
215 1490
216 307
217 1150
217 1300
219 708
221 988
221 1499
222 800
222 1760
223 277
223 1535
223 1536
225 1251
226 461
226 1172
227 1700
228 320
228 547
228 1236
230 842
233 1711
235 741
236 719
236 738
236 1036
237 239
239 594
239 805
239 1581
239 1919
239 1990
240 1138
240 1637
241 271
241 557
241 1536
241 1974
243 740
244 1517
245 881
245 1650
246 249
246 252
247 259
247 262
247 263
248 482
248 1567
249 303
249 508
249 607
249 627
249 629
249 900
249 958
249 1220
249 1552
249 1560
249 1642
250 482
251 1778
251 1781
252 404
252 494
252 857
252 949
252 970
252 1003
252 1162
252 1243
252 1383
252 1447
252 1665
252 1853
253 254
254 388
254 548
254 729
254 840
254 880
254 897
254 1395
254 1516
254 1553
254 1924
255 685
255 912
257 725
257 1045
257 1352
258 1109
259 283
259 640
259 773
259 1570
259 1706
259 1710
259 1829
260 740
260 1841
262 349
262 470
262 736
262 1093
262 1116
262 1455
262 1456
262 1729
262 1953
263 639
263 642
263 822
263 1181
263 1211
263 1306
263 1367
263 1427
263 1839
264 402
264 508
264 1404
265 271
266 912
266 1447
266 1672
267 1432
268 1612
268 1993
269 755
269 1906
270 1901
271 455
271 543
271 545
271 638
271 799
271 1236
271 1295
271 1687
271 1715
271 1811
272 1621
274 277
274 285
274 286
275 1535
275 1601
276 964
276 1410
277 311
277 372
277 707
277 713
277 742
277 834
277 1067
277 1276
278 1445
279 372
279 576
281 685
281 755
281 988
281 1865
282 738
282 842
282 864
283 687
283 1019
285 319
285 672
285 874
285 892
285 911
285 1041
285 1221
285 1251
285 1252
285 1820
285 1946
286 415
286 440
286 606
286 1143
286 1322
286 1447
286 1494
286 1706
286 1732
286 1740
286 1746
286 1843
287 294
287 295
287 296
289 1236
289 1401
290 968
290 1665
290 1689
293 1352
294 347
294 653
294 931
294 1386
294 1490
294 1544
294 1551
294 1640
294 1755
294 1805
295 498
295 738
295 741
295 803
295 959
295 1290
295 1358
295 1403
295 1737
295 1790
295 1854
295 1918
296 508
296 1030
296 1384
296 1415
296 1455
296 1485
296 1868
299 1316
300 429
300 1199
300 1711
301 1125
301 1432
301 1965
302 931
303 513
303 1188
303 1410
304 1541
304 1974
305 1045
306 896
307 308
307 309
307 310
307 311
307 312
307 313
307 314
307 315
307 316
308 1142
309 355
309 401
309 494
309 689
309 692
309 708
309 814
309 895
309 1007
309 1154
309 1286
309 1445
309 1566
309 1686
310 1383
311 931
312 1154
312 1624
312 1993
313 848
313 1403
313 1561
313 1665
316 1172
316 1316
316 1704
316 1711
317 320
318 1333
319 840
320 401
320 692
320 965
320 1106
320 1114
320 1242
320 1367
320 1928
321 1089
322 759
322 1312
322 1572
322 1661
322 1700
323 1176
325 1138
325 1371
325 1728
326 469
329 1711
330 1289
330 1865
332 1862
333 379
333 525
333 1490
333 1764
333 1785
336 864
337 610
337 1199
337 1517
338 592
338 857
338 1160
338 1172
339 818
339 1791
340 697
340 1125
340 1401
342 553
342 1711
344 1410
344 1865
345 1138
347 1637
349 1411
351 1202
352 381
352 412
352 451
352 1154
352 1241
352 1472
352 1507
352 1767
354 461
354 890
355 360
355 361
356 1764
357 595
357 1163
357 1662
357 1728
357 1853
358 547
358 559
358 610
359 698
359 1129
359 1932
360 492
360 504
360 672
360 899
360 1047
360 1175
360 1191
360 1227
360 1417
360 1556
361 585
361 713
361 828
361 1078
361 1939
363 539
364 1156
364 1164
364 1968
367 1128
367 1591
368 604
368 965
368 1297
368 1302
368 1740
368 1804
368 1805
369 1098
369 1154
369 1172
370 372
370 374
370 379
371 818
371 1961
372 387
372 436
372 508
372 579
372 639
372 864
372 898
372 918
372 979
372 1034
372 1289
372 1418
372 1700
372 1744
372 1801
373 1309
374 514
374 858
374 1139
374 1143
374 1154
374 1546
374 1692
375 1209
376 1258
376 1342
377 725
377 1418
378 575
378 1302
378 1624
378 1853
379 481
379 1270
379 1271
379 1272
379 1273
379 1274
379 1275
380 385
381 547
381 1763
382 1130
383 1663
384 638
384 1251
384 1961
385 391
385 760
385 1088
385 1172
385 1349
385 1717
386 790
386 890
386 1465
386 1661
387 1749
388 538
388 1289
388 1693
389 1008
389 1931
390 415
390 959
391 1862
392 395
392 401
392 402
393 703
394 1410
395 508
395 536
395 689
395 716
395 751
395 871
395 1084
395 1529
395 1675
396 862
397 1700
399 540
399 575
399 1012
399 1942
400 1974
401 449
401 767
401 992
401 1016
401 1100
401 1368
401 1542
401 1764
402 813
402 1274
402 1520
402 1691
402 1710
403 436
403 968
403 1432
404 738
405 890
405 931
405 1906
407 1562
409 415
409 416
410 505
410 508
410 510
410 513
411 862
411 1862
413 865
413 1456
415 440
415 511
415 582
415 728
415 1323
415 1512
415 1580
416 432
416 461
416 722
416 791
416 956
416 1171
416 1303
416 1384
418 513
418 650
418 1031
418 1401
419 896
419 1992
420 1371
422 426
422 427
422 429
422 431
422 433
423 1321
423 1432
423 1693
425 790
426 779
426 793
426 887
426 1257
426 1375
426 1546
426 1715
426 1719
427 466
427 631
427 872
427 899
427 940
427 1005
427 1473
427 1943
428 970
428 1089
428 1350
429 614
429 681
429 823
429 885
429 955
429 1132
429 1138
429 1233
429 1265
429 1337
429 1369
430 718
430 913
431 568
431 586
431 692
431 767
431 1606
431 1644
431 1843
431 1956
432 1163
432 1932
433 467
433 822
433 846
434 1202
434 1249
435 559
435 1439
435 1689
436 437
436 438
436 439
436 440
436 441
436 442
436 443
436 444
436 445
436 446
437 1549
438 970
438 1243
439 1661
441 1445
443 913
444 1031
444 1677
446 1637
447 450
448 862
448 1674
448 1872
449 487
450 524
450 833
450 980
450 1487
450 1723
450 1771
450 1778
451 703
451 857
451 1621
451 1885
453 1128
453 1176
455 1012
455 1525
456 1281
457 461
459 1801
461 499
461 547
461 665
461 716
461 879
461 1180
461 1384
461 1458
461 1459
462 659
462 1410
464 1281
464 1523
467 468
467 469
467 476
468 647
468 746
468 772
468 1240
468 1569
468 1651
468 1729
469 689
469 763
469 880
469 1302
469 1475
469 1515
469 1588
472 577
472 1636
473 968
473 1541
475 1523
475 1728
476 729
476 792
476 1372
476 1380
476 1451
476 1676
476 1714
476 1715
476 1774
476 1870
477 478
477 482
478 1228
478 1310
478 1320
478 1578
478 1803
478 1967
479 508
479 1008
479 1510
480 1697
481 1993
482 491
482 879
482 905
482 923
482 975
482 1419
482 1507
482 1660
482 1896
484 547
484 718
485 1138
485 1176
486 487
486 488
486 489
486 490
487 608
487 625
487 647
487 694
487 746
487 1051
487 1125
487 1460
487 1660
487 1661
487 1662
487 1663
488 547
489 577
489 638
489 836
489 881
489 970
490 592
491 1790
492 1060
493 1697
494 1243
495 1321
496 498
497 1523
497 1719
498 748
498 1139
498 1211
498 1378
498 1483
498 1654
498 1755
498 1995
499 873
499 1321
501 698
501 740
501 1650
502 984
502 1951
503 1652
504 610
504 687
504 1185
505 562
505 780
505 835
505 866
505 952
505 1031
505 1313
505 1413
505 1508
505 1922
505 1950
506 1125
506 1465
507 1236
507 1650
508 850
508 885
508 1008
508 1304
508 1350
508 1432
508 1746
508 1763
508 1993
510 846
510 1017
510 1055
510 1088
510 1336
511 1541
512 1737
513 602
513 705
513 1345
514 970
514 1251
515 1107
515 1778
516 1202
516 1525
517 1156
517 1341
517 1514
519 1316
520 525
521 697
525 611
525 717
525 825
525 1135
525 1312
525 1571
525 1756
525 1769
525 1872
525 1989
527 964
527 968
527 970
528 533
528 538
528 539
530 1333
530 1418
530 1535
531 1100
532 824
533 922
533 1736
533 1778
535 881
535 1700
536 1316
536 1327
537 1131
538 683
538 712
538 1008
538 1080
538 1102
538 1557
538 1648
539 658
539 846
539 1080
539 1159
539 1260
539 1312
539 1553
539 1747
540 541
540 542
540 543
540 544
540 545
540 546
540 547
540 548
540 549
541 848
542 1109
543 1763
544 800
544 1539
544 1901
545 810
545 1525
545 1636
546 875
546 1412
546 1744
547 585
547 644
547 1251
547 1340
547 1468
547 1742
548 1921
549 840
549 1170
550 553
550 555
550 556
550 557
550 559
551 984
551 1157
553 576
553 815
553 878
553 1102
553 1230
553 1370
553 1491
553 1492
554 1957
555 608
555 1447
555 1468
555 1502
555 1656
555 1657
555 1658
556 586
556 821
556 851
556 975
556 1363
556 1541
556 1547
557 599
557 962
557 1049
557 1053
557 1067
557 1202
557 1249
557 1419
557 1919
557 1920
558 836
558 1130
559 654
559 1251
559 1686
559 1894
561 562
561 563
561 564
561 565
561 566
561 567
561 568
561 569
561 570
562 1442
562 1465
562 1875
563 1371
564 1327
565 809
565 879
565 895
565 1129
566 1031
567 1791
568 809
568 810
568 811
568 812
568 813
568 814
568 815
568 816
568 817
568 818
568 819
568 820
569 1185
569 1591
571 575
571 576
571 577
572 836
572 1523
574 1130
575 1072
575 1455
575 1456
575 1457
576 755
576 899
576 906
576 1128
576 1129
576 1130
576 1131
576 1132
576 1133
577 629
577 659
577 682
577 846
577 922
577 1054
577 1148
577 1404
577 1425
577 1450
578 759
578 1170
579 1243
579 1438
579 1462
580 1404
580 1661
581 1012
581 1404
581 1951
581 1992
583 634
583 798
583 1169
583 1351
583 1403
583 1449
583 1745
583 1761
584 1098
584 1281
585 912
585 1031
585 1130
586 840
586 1188
587 592
587 595
588 970
590 1131
590 1404
590 1527
591 1133
592 639
592 845
592 1334
592 1343
592 1388
592 1635
592 1765
592 1890
594 1060
594 1251
595 710
595 1076
595 1146
595 1168
595 1647
595 1754
595 1928
595 1968
596 1333
596 1974
599 1751
600 1183
600 1258
601 1674
601 1778
601 1781
602 842
603 740
603 741
603 1621
603 1672
604 1792
605 738
605 1898
606 1828
607 610
610 653
610 699
610 1217
610 1246
610 1326
610 1480
611 612
612 888
612 1199
612 1205
612 1540
612 1829
612 1997
613 718
614 1662
614 1823
615 857
616 1337
616 1612
618 836
618 1465
619 1281
620 968
622 1719
622 1875
623 1342
623 1517
624 1817
625 626
625 627
627 725
627 895
627 1098
629 879
629 1393
629 1768
630 862
630 1045
630 1309
630 1527
631 1517
631 1663
632 1931
633 1536
633 1550
633 1634
634 1665
635 1206
636 1010
636 1816
636 1920
637 638
637 639
638 646
638 873
638 946
638 999
638 1087
638 1132
638 1423
638 1570
639 646
639 1154
639 1163
639 1173
639 1206
639 1241
639 1331
639 1371
639 1381
639 1496
639 1531
641 1098
641 1130
641 1933
642 1697
644 1036
645 741
646 698
646 1663
648 810
648 896
648 1823
649 650
649 653
650 748
650 751
650 879
650 1103
650 1788
650 1960
651 719
651 1429
651 1445
651 1637
653 815
653 874
653 919
653 1061
653 1096
653 1372
653 1450
653 1569
653 1642
653 1756
654 848
654 1031
655 659
656 1621
656 1622
656 1624
657 1961
658 1596
659 848
659 849
659 905
659 1272
659 1364
659 1372
659 1390
659 1549
659 1722
659 1787
659 1818
659 1845
659 1921
659 1934
661 1142
661 1817
661 1965
662 946
663 1131
664 1383
666 1128
668 1138
668 1921
669 765
672 895
674 1499
674 1942
676 824
676 912
676 1403
676 1832
677 1154
678 1133
678 1711
679 810
681 1089
681 1567
682 1341
682 1748
682 1965
683 1289
684 1636
685 1393
685 1400
685 1417
686 691
686 730
686 1059
686 1093
686 1101
686 1292
686 1719
686 1743
686 1846
687 718
687 984
687 1075
687 1154
687 1204
687 1287
687 1493
687 1561
687 1675
687 1719
687 1792
688 708
688 1404
689 1332
690 1152
690 1499
692 1185
693 697
694 1236
694 1637
695 1138
695 1637
696 1010
696 1163
697 730
697 784
697 911
697 1059
697 1480
697 1488
697 1605
698 899
698 952
698 1029
698 1298
698 1394
698 1887
699 1107
700 964
700 1624
700 1862
701 1249
701 1853
703 1039
703 1350
703 1846
703 1886
704 1036
705 1149
706 1438
706 1711
708 714
708 1379
708 1408
708 1580
710 1183
711 1107
712 1626
713 1711
715 1401
715 1442
715 1445
716 718
718 1380
718 1400
718 1417
718 1659
719 758
719 1174
719 1357
720 1573
722 968
722 1160
722 1172
723 725
724 1429
724 1432
724 1792
725 738
725 902
725 1046
725 1053
725 1579
725 1592
726 1252
726 1901
727 755
727 1665
728 1932
729 1665
730 810
730 1965
731 873
731 1341
732 1185
732 1596
733 1952
734 1790
736 1523
738 1390
738 1481
738 1482
738 1483
738 1484
739 740
739 741
740 1075
740 1263
740 1299
740 1714
741 900
741 910
741 1059
741 1382
741 1980
742 1523
742 1781
743 1689
743 1744
744 988
744 1188
744 1393
744 1570
746 755
747 1634
748 1875
750 1836
751 862
751 1185
751 1674
752 1107
754 1763
754 1764
755 973
755 1179
755 1298
755 1581
755 1779
756 759
757 1364
759 1419
760 1337
762 1150
762 1652
763 790
763 1206
763 1209
764 1195
765 829
765 832
765 839
765 1390
765 1494
765 1782
765 1846
765 1953
766 1650
768 918
768 1170
768 1172
768 1176
769 1148
769 1249
769 1932
770 1095
771 1993
772 1865
774 1816
776 802
779 1199
779 1264
780 1130
780 1154
781 1682
782 1439
782 1462
783 1160
784 878
784 1081
784 1159
784 1176
784 1238
784 1403
784 1463
784 1710
784 1914
784 1925
786 1801
788 1426
790 791
790 792
790 793
790 794
790 795
790 796
791 1490
792 840
792 862
792 1089
792 1119
792 1185
792 1273
792 1302
792 1478
792 1496
792 1650
793 1170
793 1209
793 1316
793 1661
794 1596
796 1152
797 800
798 931
798 1801
799 1352
799 1778
799 1906
800 1146
800 1219
800 1392
800 1446
800 1654
800 1999
802 803
802 804
802 805
802 806
802 807
802 808
804 1865
807 1129
807 1183
807 1672
808 875
808 1310
809 831
809 860
809 1121
809 1132
809 1194
809 1287
809 1514
809 1776
809 1782
809 1875
810 975
810 1091
810 1175
810 1311
810 1895
811 1264
812 1008
812 1700
812 1781
813 1185
813 1321
814 1089
815 1060
815 1341
816 840
816 1622
817 988
817 1423
818 995
818 1045
818 1417
818 1566
818 1612
818 1717
818 1836
818 1907
818 1966
819 1310
819 1341
819 1567
820 1423
821 824
821 829
822 1333
823 1138
823 1456
824 825
824 1274
824 1368
824 1405
824 1483
824 1530
824 1870
824 1923
825 1098
825 1823
829 841
829 876
829 878
829 1080
829 1132
829 1239
829 1327
829 1550
829 1577
829 1817
829 1819
831 1055
832 836
834 1401
834 1719
835 1327
835 1510
836 1055
836 1109
836 1274
836 1354
836 1437
836 1654
836 1761
836 1846
836 1850
837 1411
838 840
838 842
839 1371
840 915
840 952
840 1088
840 1341
840 1358
840 1471
842 949
842 1027
842 1220
842 1393
842 1598
842 1786
843 1164
843 1817
844 1152
844 1514
844 1816
845 918
847 1089
847 1539
848 1114
849 865
850 857
850 1289
850 1410
850 1447
851 1251
851 1264
852 857
853 913
853 1350
854 976
855 1411
856 1243
856 1652
857 1488
857 1615
857 1746
857 1911
858 1442
858 1905
859 875
859 1442
859 1744
860 1567
861 862
861 864
861 865
862 1495
862 1616
862 1892
863 1036
863 1426
864 1217
864 1233
864 1285
864 1384
864 1512
864 1731
865 1200
865 1254
865 1568
865 1570
865 1725
865 1867
865 1976
867 1331
871 1089
871 1682
871 1942
875 945
875 1132
875 1469
875 1598
875 1835
876 879
878 1418
878 1570
879 964
879 988
879 1132
879 1321
879 1527
879 1637
879 1693
879 1768
879 1778
880 881
881 1020
881 1055
883 1429
885 895
885 1010
887 1364
887 1533
887 1652
888 1418
888 1790
888 1836
889 1465
889 1760
890 915
890 1110
890 1404
890 1900
891 1816
891 1841
892 1258
895 934
895 1232
895 1566
896 897
896 898
896 899
896 900
896 901
896 902
897 1533
899 1012
899 1170
899 1442
899 1517
899 1672
899 1677
899 1711
899 1748
899 1785
900 1352
900 1569
901 1401
901 1836
902 1572
902 1634
904 1095
904 1992
905 912
905 913
907 1442
907 1562
908 1012
910 1331
910 1826
910 1898
911 1403
911 1612
912 1055
912 1173
913 955
913 1105
913 1312
913 1416
914 918
915 1148
917 1652
918 1358
918 1479
918 1923
919 1393
919 1541
921 1195
921 1403
922 1682
923 931
924 1872
928 1562
928 1785
929 1510
929 1561
931 1114
931 1115
931 1116
931 1117
933 1778
933 1901
935 1098
935 1160
935 1957
936 1661
937 1133
937 1172
937 1728
938 1045
938 1968
940 1737
940 1875
941 1768
943 946
944 1764
945 1961
946 1085
946 1086
946 1087
946 1088
947 1164
947 1185
948 1316
950 1202
951 1131
951 1760
953 1828
954 1156
956 959
959 1147
959 1229
959 1453
959 1498
959 1592
959 1923
959 1987
961 1100
961 1138
961 1662
962 1622
964 996
964 997
964 998
964 999
966 1535
967 1142
967 1510
967 1826
968 1307
968 1661
968 1710
968 1772
970 1376
970 1443
970 1666
970 1987
971 1965
972 1089
972 1188
973 1252
973 1490
973 1609
975 1045
975 1527
976 1456
976 1543
976 1669
976 1691
976 1747
978 1763
979 1109
980 1704
980 1932
982 984
983 1309
983 1828
984 1448
984 1480
984 1644
984 1690
984 1838
986 1163
986 1164
988 989
988 990
988 991
988 992
989 1350
989 1412
989 1637
990 1132
990 1331
991 1008
991 1274
991 1905
993 1466
995 1249
995 1742
995 1792
995 1901
996 1763
997 1411
1003 1411
1003 1412
1004 1885
1006 1107
1007 1760
1008 1126
1008 1161
1008 1282
1008 1403
1008 1456
1008 1551
1008 1706
1008 1749
1008 1782
1008 1828
1008 1960
1009 1337
1010 1193
1010 1199
1010 1394
1010 1534
1010 1557
1010 1732
1011 1711
1012 1060
1012 1205
1012 1449
1012 1450
1012 1451
1012 1452
1013 1418
1014 1350
1014 1465
1014 1466
1015 1974
1016 1019
1017 1624
1017 1626
1017 1968
1019 1569
1019 1825
1020 1536
1025 1737
1027 1281
1027 1352
1031 1035
1031 1148
1031 1338
1031 1627
1031 1709
1032 1327
1034 1499
1036 1241
1036 1250
1036 1712
1036 1784
1036 1877
1037 1209
1037 1252
1037 1760
1040 1785
1041 1163
1042 1499
1043 1045
1045 1136
1045 1358
1045 1444
1045 1717
1048 1768
1048 1791
1048 1965
1049 1350
1049 1932
1050 1621
1051 1418
1051 1601
1053 1591
1054 1600
1055 1204
1055 1405
1055 1463
1055 1510
1055 1535
1055 1562
1055 1600
1055 1898
1055 1942
1056 1060
1057 1190
1057 1327
1058 1439
1059 1163
1059 1456
1060 1088
1060 1276
1061 1562
1062 1906
1064 1778
1064 1942
1065 1921
1067 1337
1069 1252
1069 1621
1073 1711
1074 1170
1076 1817
1080 1621
1081 1364
1081 1412
1082 1418
1082 1626
1083 1321
1084 1539
1086 1199
1087 1183
1087 1312
1087 1661
1087 1836
1088 1423
1088 1426
1089 1090
1089 1091
1091 1133
1092 1636
1093 1130
1094 1316
1095 1096
1095 1097
1095 1098
1095 1099
1096 1160
1096 1300
1096 1650
1096 1983
1097 1624
1098 1251
1098 1260
1098 1467
1098 1601
1098 1879
1099 1195
1099 1410
1100 1101
1100 1102
1100 1103
1101 1541
1102 1439
1103 1742
1104 1157
1104 1661
1106 1371
1106 1662
1106 1760
1107 1221
1107 1250
1107 1459
1107 1991
1109 1119
1109 1262
1109 1336
1109 1406
1109 1923
1110 1781
1110 1968
1114 1423
1115 1942
1117 1527
1117 1751
1119 1570
1122 1309
1122 1569
1124 1125
1125 1534
1125 1802
1125 1918
1125 1919
1125 1923
1127 1682
1128 1268
1128 1830
1129 1357
1129 1891
1130 1155
1131 1345
1131 1615
1132 1150
1132 1274
1132 1302
1132 1767
1132 1781
1132 1841
1132 1885
1133 1291
1133 1692
1134 1138
1134 1142
1136 1331
1136 1332
1137 1199
1137 1341
1138 1959
1139 1836
1140 1662
1140 1932
1141 1961
1142 1661
1142 1743
1142 1891
1142 1892
1143 1188
1143 1514
1143 1662
1145 1789
1146 1327
1146 1572
1148 1240
1148 1286
1148 1398
1148 1425
1148 1460
1148 1461
1148 1462
1148 1463
1149 1174
1149 1219
1149 1939
1150 1186
1150 1326
1150 1715
1151 1152
1152 1171
1152 1486
1152 1940
1152 1942
1154 1155
1154 1156
1154 1157
1154 1158
1154 1159
1154 1160
1154 1161
1154 1162
1155 1885
1156 1184
1156 1718
1156 1741
1156 1989
1157 1208
1157 1220
1157 1458
1157 1691
1157 1935
1158 1403
1158 1622
1158 1974
1159 1199
1160 1589
1160 1803
1161 1591
1162 1549
1163 1201
1163 1506
1163 1799
1163 1805
1163 1974
1164 1193
1164 1533
1164 1569
1164 1674
1164 1692
1164 1740
1164 1823
1165 1748
1167 1901
1168 1300
1170 1388
1170 1440
1170 1508
1170 1668
1170 1669
1171 1439
1172 1569
1172 1705
1172 1876
1172 1957
1174 1826
1175 1432
1176 1284
1176 1308
1176 1347
1177 1456
1177 1778
1179 1183
1180 1514
1180 1517
1183 1257
1183 1265
1183 1302
1183 1581
1183 1629
1183 1703
1184 1185
1184 1188
1185 1265
1185 1336
1185 1609
1186 1426
1186 1456
1187 1300
1187 1438
1188 1268
1188 1442
1188 1467
1188 1667
1188 1724
1189 1790
1190 1191
1190 1192
1190 1193
1191 1383
1191 1992
1192 1636
1192 1792
1192 1832
1194 1195
1194 1199
1195 1312
1195 1483
1195 1759
1195 1994
1196 1567
1198 1663
1199 1356
1199 1390
1199 1706
1199 1778
1200 1801
1201 1622
1202 1338
1202 1372
1202 1531
1202 1532
1204 1637
1206 1664
1206 1972
1208 1466
1209 1352
1209 1363
1209 1846
1209 1913
1209 1919
1210 1763
1210 1933
1212 1751
1214 1321
1214 1404
1214 1447
1216 1252
1216 1768
1217 1792
1218 1490
1218 1801
1220 1672
1222 1302
1222 1465
1222 1612
1222 1663
1222 1841
1225 1906
1225 1965
1226 1749
1227 1465
1227 1898
1229 1342
1230 1763
1232 1697
1236 1237
1238 1239
1239 1541
1239 1591
1240 1243
1241 1310
1241 1342
1243 1586
1243 1608
1243 1635
1243 1733
1248 1249
1249 1743
1250 1251
1250 1252
1251 1285
1251 1367
1251 1368
1252 1297
1252 1420
1252 1707
1252 1962
1253 1567
1254 1321
1256 1258
1258 1346
1258 1398
1258 1422
1258 1448
1258 1501
1258 1753
1259 1649
1259 1789
1260 1264
1262 1624
1262 1763
1264 1403
1264 1696
1264 1759
1264 1765
1264 1840
1264 1856
1269 1341
1272 1781
1274 1309
1274 1362
1274 1438
1274 1439
1274 1624
1274 1636
1274 1682
1274 1819
1274 1905
1274 1961
1275 1567
1277 1920
1278 1622
1278 1684
1279 1332
1281 1354
1281 1414
1281 1705
1282 1393
1282 1875
1284 1872
1286 1527
1288 1549
1288 1865
1289 1290
1289 1291
1289 1292
1292 1744
1294 1682
1295 1591
1296 1300
1297 1719
1298 1309
1298 1352
1299 1310
1299 1622
1299 1942
1300 1351
1300 1473
1300 1759
1300 1771
1300 1776
1300 1802
1300 1893
1302 1466
1302 1523
1302 1530
1302 1622
1302 1789
1302 1952
1304 1337
1304 1423
1304 1573
1304 1728
1307 1332
1307 1550
1307 1573
1308 1309
1308 1310
1308 1312
1309 1339
1309 1463
1309 1480
1309 1518
1309 1862
1310 1465
1310 1543
1310 1570
1310 1861
1310 1933
1310 1995
1311 1401
1312 1410
1312 1471
1312 1553
1312 1570
1312 1626
1312 1704
1312 1906
1312 1929
1313 1700
1314 1828
1315 1832
1316 1726
1316 1884
1319 1728
1319 1885
1321 1767
1322 1426
1322 1764
1323 1961
1324 1968
1325 1832
1326 1535
1327 1401
1327 1545
1327 1596
1327 1965
1327 1966
1328 1682
1330 1649
1330 1744
1330 1933
1331 1509
1331 1679
1331 1741
1331 1940
1332 1339
1332 1381
1332 1582
1332 1583
1332 1918
1333 1334
1333 1335
1333 1336
1333 1337
1334 1393
1335 1609
1336 1337
1337 1539
1337 1648
1337 1649
1338 1341
1341 1379
1341 1813
1342 1403
1342 1717
1346 1672
1346 1920
1347 1350
1348 1401
1348 1751
1350 1646
1350 1755
1350 1992
1351 1719
1352 1381
1352 1453
1352 1570
1352 1987
1353 1704
1353 1974
1357 1536
1357 1827
1360 1364
1361 1791
1362 1672
1363 1609
1364 1501
1364 1782
1364 1807
1365 1662
1365 1682
1365 1823
1367 1719
1367 1905
1371 1376
1371 1443
1373 1429
1373 1438
1373 1785
1373 1875
1374 1622
1374 1841
1375 1572
1378 1561
1378 1612
1383 1722
1386 1499
1390 1393
1393 1415
1393 1460
1393 1901
1393 1983
1395 1439
1395 1596
1397 1523
1397 1525
1397 1527
1401 1798
1401 1927
1402 1403
1402 1404
1403 1512
1403 1791
1404 1569
1404 1762
1404 1856
1407 1901
1408 1536
1408 1728
1409 1410
1410 1635
1411 1467
1411 1522
1411 1559
1411 1569
1412 1493
1412 1502
1412 1656
1412 1734
1414 1562
1416 1510
1418 1516
1423 1516
1423 1546
1423 1819
1423 1820
1424 1816
1424 1817
1425 1624
1425 1965
1426 1618
1426 1724
1426 1803
1426 1967
1429 1482
1429 1526
1431 1624
1432 1433
1432 1434
1433 1728
1436 1677
1437 1790
1438 1950
1439 1440
1440 1764
1441 1499
1441 1968
1442 1461
1442 1592
1442 1656
1442 1686
1442 1824
1445 1571
1445 1588
1445 1897
1447 1492
1447 1536
1447 1570
1447 1689
1447 1760
1447 1797
1447 1929
1447 1932
1449 1525
1451 1760
1453 1465
1454 1572
1454 1609
1456 1615
1456 1755
1456 1774
1458 1533
1459 1525
1459 1636
1460 1569
1461 1993
1462 1679
1462 1680
1462 1765
1464 1650
1464 1921
1465 1595
1465 1712
1466 1511
1466 1565
1466 1651
1467 1510
1470 1827
1474 1816
1474 1957
1475 1760
1478 1539
1479 1665
1481 1983
1482 1573
1482 1974
1483 1626
1484 1573
1485 1536
1486 1562
1490 1660
1490 1691
1490 1767
1490 1895
1494 1742
1494 1823
1497 1791
1498 1790
1498 1791
1499 1633
1499 1634
1502 1689
1504 1533
1506 1942
1508 1832
1509 1527
1510 1511
1510 1512
1512 1591
1512 1801
1513 1760
1514 1756
1514 1918
1514 1953
1514 1955
1517 1611
1518 1931
1521 1778
1521 1933
1522 1865
1525 1570
1525 1578
1525 1595
1525 1876
1526 1974
1527 1819
1527 1859
1530 1742
1531 1719
1531 1828
1532 1652
1533 1772
1533 1821
1533 1893
1533 1939
1534 1933
1535 1608
1535 1821
1535 1824
1535 1860
1535 1934
1535 1947
1536 1640
1536 1779
1537 1742
1537 1965
1538 1539
1539 1860
1540 1957
1541 1637
1541 1669
1541 1914
1541 1977
1542 1933
1544 1942
1548 1549
1548 1550
1549 1635
1550 1871
1552 1567
1555 1572
1561 1619
1561 1653
1561 1938
1562 1603
1562 1695
1562 1762
1567 1568
1568 1621
1568 1674
1569 1570
1569 1571
1569 1572
1569 1573
1570 1647
1573 1851
1581 1768
1581 1961
1583 1789
1589 1791
1591 1592
1591 1593
1592 1634
1594 1596
1596 1880
1596 1963
1597 1600
1600 1899
1601 1655
1601 1670
1608 1609
1609 1610
1609 1887
1612 1874
1613 1622
1613 1700
1616 1621
1616 1951
1618 1781
1621 1630
1621 1719
1622 1776
1624 1857
1626 1971
1629 1650
1631 1749
1634 1638
1634 1657
1634 1814
1636 1819
1636 1878
1637 1680
1638 1689
1639 1684
1639 1689
1643 1817
1647 1961
1649 1820
1650 1723
1652 1694
1652 1765
1653 1677
1658 1853
1661 1701
1661 1816
1661 1931
1661 1950
1663 1726
1663 1922
1666 1737
1673 1742
1676 1751
1677 1741
1678 1801
1679 1832
1680 1841
1681 1826
1683 1872
1684 1685
1684 1686
1689 1708
1689 1914
1697 1815
1697 1883
1698 1700
1700 1911
1700 1938
1700 1953
1701 1744
1704 1861
1704 1882
1710 1841
1712 1719
1715 1790
1717 1719
1721 1872
1728 1743
1735 1992
1740 1785
1741 1742
1742 1811
1746 1875
1748 1847
1749 1843
1750 1801
1751 1895
1753 1968
1754 1836
1756 1865
1757 1965
1758 1906
1764 1812
1765 1853
1771 1823
1778 1832
1785 1786
1785 1787
1785 1788
1789 1794
1789 1818
1789 1845
1789 1852
1789 1910
1791 1857
1797 1885
1801 1865
1801 1930
1801 1953
1802 1906
1803 1872
1812 1875
1812 1921
1813 1951
1817 1975
1820 1836
1825 1865
1826 1884
1826 1940
1828 1850
1832 1851
1832 1956
1853 1854
1854 1905
1856 1992
1861 1898
1862 1863
1862 1864
1863 1942
1872 1873
1879 1993
1897 1961
1899 1933
1900 1951
1901 1962
1913 1957
1916 1952
1919 1957
1922 1993
1926 1992
1984 1993
