0 6
3 891
6 89
6 439
6 650
6 701
6 833
6 993
6 1114
8 1552
8 1743
9 318
10 1012
16 583
27 31
27 35
31 73
31 96
31 226
31 509
31 755
31 874
31 1114
31 1266
31 1354
31 1972
35 113
35 159
35 317
35 497
35 556
35 754
35 804
35 1020
35 1464
35 1604
35 1947
37 206
38 1627
39 46
44 46
46 356
46 462
46 494
46 742
46 1028
46 1449
46 1499
46 1500
48 1234
54 1627
55 1094
56 591
59 1094
64 583
65 318
66 591
66 1525
70 1114
73 904
75 1616
77 700
79 1234
80 922
88 1847
101 103
103 155
103 244
103 394
103 767
103 953
103 1233
103 1406
103 1449
103 1532
103 1638
103 1667
103 1913
104 1616
107 1525
108 735
110 591
110 783
126 783
137 206
142 1021
145 1721
146 904
149 330
152 1787
153 583
157 1847
163 307
163 329
165 1399
168 1094
173 210
183 1898
185 1021
185 1504
193 323
197 206
199 327
201 1021
202 1465
206 361
206 417
206 703
206 737
206 948
206 965
206 1226
206 1227
208 210
210 269
210 489
210 515
210 652
210 708
210 718
210 1449
210 1632
210 1919
216 307
217 324
218 1021
222 323
222 1468
222 1787
223 591
242 1504
245 323
249 1552
252 1665
254 1924
274 281
281 447
281 685
281 755
281 813
281 988
281 1227
281 1318
281 1793
281 1865
290 327
290 1665
305 569
307 308
307 309
307 310
307 311
307 312
307 313
307 314
307 315
307 316
311 735
313 562
313 848
313 874
313 891
313 1114
313 1122
313 1403
313 1459
313 1561
313 1665
313 1694
313 1787
313 1805
317 318
317 319
317 320
317 321
317 322
317 323
317 324
317 325
317 326
317 327
317 328
317 329
317 330
318 519
318 904
318 1101
318 1227
318 1242
318 1333
318 1464
318 1583
318 1631
318 1852
318 1878
320 1114
321 347
321 491
321 1037
321 1089
321 1210
321 1304
321 1597
321 1834
323 345
323 586
323 590
323 781
323 1176
323 1259
323 1424
323 1628
323 1644
323 1986
324 491
324 492
324 493
324 494
324 495
325 1552
327 1250
327 1446
328 472
328 630
328 652
328 957
328 1437
328 1658
328 1929
329 348
329 453
329 464
329 493
329 905
329 1136
329 1425
329 1711
330 641
330 726
330 768
330 1289
330 1508
330 1558
330 1563
330 1865
336 1399
342 770
349 1616
354 591
355 360
360 492
360 504
360 672
360 899
360 1047
360 1175
360 1191
360 1227
360 1417
360 1556
362 1721
364 1468
382 1852
383 1468
383 1924
386 1465
389 770
390 1852
391 1468
399 569
399 1012
399 1583
399 1627
404 735
411 735
419 1021
427 1005
442 1005
442 1227
442 1852
449 1234
452 904
455 975
455 1012
455 1525
471 1234
481 770
482 975
489 1583
490 1504
497 1616
502 1094
506 1465
507 1878
516 1525
524 975
526 1005
533 922
545 1525
546 1721
547 1468
555 1468
556 975
561 569
562 1465
562 1847
569 999
569 1099
569 1185
569 1227
569 1260
569 1591
569 1681
570 1878
577 922
581 1012
583 634
583 798
583 1169
583 1351
583 1403
583 1449
583 1745
583 1761
587 591
591 1133
591 1430
591 1449
591 1458
591 1630
602 700
605 1898
609 1234
616 1924
618 1465
619 700
631 778
634 770
634 1665
636 1627
643 904
659 1787
669 770
674 778
677 891
679 1891
682 1721
684 1583
686 1743
689 1627
692 1852
694 1114
695 783
700 964
700 1027
700 1050
700 1193
700 1227
700 1407
700 1420
700 1624
700 1807
700 1862
727 1665
728 735
729 1665
731 1787
735 1114
735 1270
735 1452
737 1924
763 783
770 933
770 975
770 1021
770 1095
770 1227
770 1468
770 1616
770 1681
770 1924
773 778
777 1094
778 1137
778 1192
778 1286
778 1449
778 1758
780 1743
783 944
783 1114
783 1160
783 1530
783 1657
794 975
796 1878
805 904
810 975
826 1504
843 1721
846 1583
848 1114
854 975
862 1616
882 1021
889 1465
891 1028
891 1139
891 1356
891 1409
891 1604
891 1731
891 1740
891 1816
891 1841
893 1891
899 1012
904 1095
904 1458
904 1553
904 1705
904 1963
904 1992
908 1012
910 1898
914 922
922 1279
922 1449
922 1464
922 1556
922 1682
922 1725
930 1114
931 1114
952 1234
969 1743
972 1234
975 1045
975 1111
975 1197
975 1527
975 1692
987 1094
1000 1005
1005 1122
1005 1449
1005 1453
1005 1812
1005 1822
1005 1925
1012 1060
1012 1205
1012 1449
1012 1450
1012 1451
1012 1452
1014 1465
1014 1468
1016 1021
1021 1822
1031 1627
1052 1847
1055 1898
1076 1787
1083 1891
1087 1552
1094 1316
1094 1449
1094 1667
1094 1780
1094 1849
1094 1902
1097 1399
1101 1878
1102 1627
1110 1399
1114 1423
1114 1449
1114 1743
1122 1583
1129 1891
1141 1234
1142 1743
1142 1891
1196 1721
1201 1721
1222 1465
1227 1234
1227 1399
1227 1449
1227 1465
1227 1627
1227 1631
1227 1891
1227 1898
1234 1558
1234 1892
1249 1743
1299 1627
1310 1465
1311 1399
1332 1583
1385 1504
1392 1721
1397 1525
1399 1643
1436 1627
1449 1504
1449 1525
1449 1552
1449 1721
1453 1465
1459 1525
1465 1595
1465 1712
1468 1493
1468 1494
1468 1495
1468 1496
1469 1743
1479 1665
1501 1721
1504 1533
1504 1723
1504 1813
1524 1878
1525 1570
1525 1578
1525 1595
1525 1876
1548 1552
1552 1567
1552 1629
1552 1630
1583 1643
1583 1692
1583 1789
1583 1835
1597 1616
1616 1621
1616 1648
1616 1951
1627 1635
1627 1708
1628 1721
1636 1878
1673 1878
1683 1743
1685 1924
1721 1872
1728 1743
1732 1852
1741 1743
1743 1889
1748 1847
1785 1787
1787 1793
1787 1935
1787 1956
1789 1852
1820 1878
1847 1852
1852 1975
1861 1898
1878 1982
1891 1912
