7 780
11 309
11 1885
12 1941
14 24
14 25
18 204
18 1350
24 173
24 258
24 433
24 606
24 882
24 1077
24 1131
24 1154
24 1348
24 1469
24 1604
24 1747
24 1748
24 1749
25 564
25 693
25 748
25 809
25 901
25 967
25 1093
25 1154
25 1482
27 28
28 74
28 115
28 353
28 453
28 654
28 1154
28 1362
28 1602
28 1830
32 387
32 1154
44 49
49 208
49 446
49 455
49 508
49 902
49 1107
49 1110
49 1126
49 1323
49 1471
49 1581
49 1652
49 1692
49 1728
49 1732
51 979
53 1161
55 677
58 174
66 174
69 369
79 370
79 1156
81 1531
90 1432
112 780
118 277
126 780
133 918
135 145
139 979
145 165
145 288
145 437
145 502
145 520
145 639
145 771
145 981
145 1167
145 1353
145 1539
145 1559
145 1721
145 1748
145 1829
145 1915
150 410
169 174
173 1156
174 666
174 851
174 936
174 1154
174 1250
174 1694
174 1784
175 1156
175 1744
182 864
190 370
191 1161
193 1746
195 1639
196 1034
197 204
204 639
204 793
204 798
204 835
204 916
204 1222
204 1301
204 1675
204 1980
209 687
223 277
226 312
227 1700
230 579
230 1161
236 1034
240 1241
249 508
252 1162
263 639
264 508
267 1432
274 277
274 279
277 311
277 372
277 707
277 713
277 742
277 834
277 1067
277 1276
279 355
279 372
279 576
279 845
279 1035
279 1087
279 1367
279 1911
282 864
283 687
286 1746
287 288
288 301
288 346
288 458
288 572
288 645
288 945
288 1101
288 1367
288 1486
288 1698
288 1750
296 508
301 1432
307 309
307 312
309 355
309 401
309 494
309 689
309 692
309 708
309 814
309 895
309 1007
309 1154
309 1286
309 1445
309 1566
309 1686
310 1381
312 503
312 1018
312 1154
312 1194
312 1280
312 1522
312 1624
312 1993
322 1700
330 1289
333 760
333 1381
336 864
338 1160
338 1381
343 1155
346 579
349 780
352 1154
352 1241
359 637
364 1156
369 473
369 491
369 518
369 1098
369 1154
369 1172
369 1280
369 1322
369 1348
369 1375
369 1378
369 1454
369 1668
369 1770
370 371
370 372
370 373
370 374
370 375
370 376
370 377
370 378
370 379
372 387
372 436
372 508
372 579
372 639
372 864
372 898
372 918
372 979
372 1034
372 1289
372 1418
372 1700
372 1744
372 1801
373 1639
374 1154
377 1418
380 387
381 1159
383 898
385 760
387 693
387 850
387 1079
387 1247
387 1488
387 1749
388 1289
395 508
397 1700
403 436
403 1432
405 1941
406 1746
409 410
410 505
410 506
410 507
410 508
410 509
410 510
410 511
410 512
410 513
410 514
410 515
410 516
418 898
418 1746
423 1432
428 1350
429 885
436 437
436 438
436 439
436 440
436 441
436 442
436 443
436 444
436 445
436 446
439 1531
444 780
451 1885
452 979
459 1801
473 760
479 508
484 1639
488 677
491 1155
504 687
504 979
505 780
508 850
508 885
508 1008
508 1304
508 1350
508 1432
508 1746
508 1763
508 1993
517 1156
530 1418
531 637
535 1700
539 1159
546 1744
551 1157
551 1159
571 579
578 579
579 626
579 663
579 813
579 980
579 1204
579 1243
579 1334
579 1438
579 1462
579 1556
579 1879
585 1746
589 1241
589 1381
592 639
616 885
637 638
637 639
637 640
637 641
637 642
639 646
639 1154
639 1163
639 1173
639 1206
639 1241
639 1331
639 1371
639 1381
639 1496
639 1531
656 979
657 1161
673 677
677 891
677 1154
683 1289
687 718
687 984
687 1075
687 1154
687 1204
687 1287
687 1493
687 1561
687 1675
687 1719
687 1792
703 1350
722 1160
724 1432
729 1941
734 1155
743 1744
756 760
760 1039
760 1155
760 1279
760 1337
760 1363
760 1372
760 1617
760 1868
768 918
771 1531
771 1746
780 990
780 1130
780 1141
780 1154
780 1174
780 1198
780 1743
780 1980
783 1160
784 1159
786 1801
798 1801
803 1158
806 1941
807 1941
812 1700
845 918
850 1289
853 1350
857 1746
859 1744
860 1155
861 864
864 1217
864 1233
864 1285
864 1384
864 1512
864 1731
878 1418
880 885
885 895
885 1010
885 1028
885 1096
888 1418
896 898
898 1765
914 918
917 1241
918 1358
918 1479
918 1923
935 1160
942 1155
954 1156
973 1034
977 979
979 1109
979 1135
979 1218
979 1685
979 1936
979 1937
989 1350
1004 1885
1008 1161
1009 1241
1011 1381
1013 1418
1014 1350
1032 1155
1034 1058
1034 1363
1034 1366
1034 1499
1034 1703
1036 1241
1047 1241
1049 1350
1051 1418
1068 1381
1073 1381
1076 1158
1080 1941
1082 1418
1088 1381
1096 1160
1104 1157
1110 1639
1130 1155
1132 1885
1136 1161
1140 1162
1141 1746
1154 1155
1154 1156
1154 1157
1154 1158
1154 1159
1154 1160
1154 1161
1154 1162
1155 1225
1155 1296
1155 1349
1155 1471
1155 1639
1155 1874
1155 1885
1155 1941
1156 1184
1156 1718
1156 1741
1156 1989
1157 1208
1157 1220
1157 1458
1157 1691
1157 1935
1158 1263
1158 1403
1158 1622
1158 1664
1158 1703
1158 1974
1159 1199
1159 1211
1159 1370
1159 1463
1159 1857
1160 1589
1160 1803
1161 1548
1161 1591
1161 1870
1162 1549
1162 1555
1162 1754
1162 1926
1175 1432
1178 1241
1200 1801
1202 1531
1218 1801
1240 1241
1241 1310
1241 1342
1241 1495
1241 1605
1241 1643
1241 1716
1245 1639
1265 1639
1289 1290
1289 1291
1289 1292
1292 1744
1313 1700
1319 1885
1330 1744
1332 1381
1340 1531
1347 1350
1350 1646
1350 1755
1350 1992
1351 1746
1352 1381
1381 1803
1416 1639
1418 1516
1432 1433
1432 1434
1512 1801
1531 1719
1531 1828
1531 1829
1581 1746
1604 1639
1613 1700
1639 1684
1639 1687
1639 1688
1639 1689
1678 1801
1698 1700
1700 1911
1700 1938
1700 1953
1701 1744
1701 1746
1746 1875
1750 1801
1797 1885
1801 1865
1801 1930
1801 1953
1941 1945
