0 2
2 38
2 73
2 193
2 425
2 493
2 1542
2 1570
2 1981
9 802
14 26
18 1610
21 1145
22 802
26 149
26 215
26 398
26 601
26 833
26 931
26 1002
35 556
36 38
38 211
38 362
38 412
38 518
38 532
38 601
38 829
38 1051
38 1145
38 1258
38 1627
38 1962
40 257
41 1216
43 1553
61 1053
62 532
62 1145
65 823
71 971
73 133
73 1145
74 1053
77 257
80 412
84 1216
90 1565
97 597
100 197
106 114
107 1017
114 191
114 416
114 668
114 866
114 876
114 1075
114 1224
114 1359
114 1601
114 1871
116 1223
117 118
117 119
117 120
117 121
120 200
120 203
120 333
120 378
120 560
120 595
120 802
120 819
120 1053
120 1058
120 1319
120 1426
120 1570
120 1684
120 1987
122 127
122 133
124 133
127 184
127 250
127 511
127 847
127 1204
127 1224
128 501
132 831
133 193
133 304
133 393
133 446
133 460
133 485
133 646
133 823
146 1781
161 412
164 595
171 257
175 1894
182 1495
183 1145
184 212
186 501
195 212
197 198
197 199
197 200
197 201
197 202
197 203
197 204
197 205
197 206
197 207
200 212
200 296
200 390
200 402
200 501
200 821
200 944
200 1017
200 1216
200 1495
200 1542
200 1553
200 1565
200 1650
200 1910
205 1069
207 831
208 212
212 560
212 576
212 619
212 1429
212 1496
212 1588
212 1825
212 1826
212 1827
217 796
222 1017
226 1017
228 822
228 1319
233 831
233 1216
233 1780
234 822
251 1778
251 1781
253 257
254 1553
257 601
257 725
257 1045
257 1069
257 1075
257 1208
257 1352
257 1367
257 1554
257 1937
263 822
264 402
267 827
267 1987
272 823
287 296
291 501
292 944
296 508
296 1030
296 1384
296 1415
296 1455
296 1485
296 1868
302 501
303 1145
303 1565
305 1045
325 826
331 333
333 339
333 379
333 525
333 670
333 760
333 934
333 1381
333 1490
333 1764
333 1785
349 1216
352 412
357 595
364 830
365 1610
371 822
378 1145
378 1758
380 390
381 1894
387 1488
390 415
390 457
390 684
390 959
390 1167
390 1852
392 402
402 813
402 1274
402 1520
402 1691
402 1710
403 831
409 412
412 456
412 522
412 633
412 737
412 756
412 1455
412 1750
418 826
425 1488
429 823
433 822
439 821
439 1223
441 1987
448 1674
449 532
450 1778
454 1488
464 827
474 1223
493 821
496 501
501 698
501 740
501 1372
501 1457
501 1650
501 1724
510 1017
515 1223
515 1778
519 1319
524 823
528 532
532 824
532 1087
532 1325
532 1471
532 1607
532 1712
533 1778
534 925
537 1017
539 1553
542 925
544 1610
549 827
549 1610
550 556
556 586
556 821
556 851
556 975
556 1363
556 1541
556 1547
557 1053
559 1894
572 1224
578 823
578 1495
580 1319
587 595
595 710
595 1076
595 1146
595 1168
595 1647
595 1754
595 1928
595 1968
597 598
597 599
597 600
597 601
597 602
597 603
597 604
597 605
597 606
601 925
601 1224
601 1367
601 1610
601 1635
601 1674
601 1758
601 1767
601 1778
601 1779
601 1780
601 1781
623 822
629 1553
630 1045
642 1319
644 1216
646 1779
657 823
658 1758
662 1017
664 1223
679 1553
683 1758
697 1488
705 1223
721 1224
725 1053
730 796
742 1781
751 1674
752 1894
753 826
755 1779
765 829
771 1223
776 802
778 1758
783 944
788 1426
790 796
791 1488
796 819
796 821
796 947
796 1108
796 1152
796 1648
796 1878
799 821
799 1778
802 803
802 804
802 805
802 806
802 807
802 808
804 823
809 831
812 1781
813 830
818 1045
821 822
821 823
821 824
821 825
821 826
821 827
821 828
821 829
821 830
821 831
822 1333
822 1730
822 1813
823 997
823 1138
823 1361
823 1436
823 1454
823 1456
825 826
825 1224
826 1470
826 1504
827 1165
827 1645
828 1894
829 841
829 876
829 878
829 1080
829 1132
829 1239
829 1327
829 1550
829 1577
829 1817
829 1819
830 835
830 1136
830 1487
831 917
831 1055
831 1184
831 1453
831 1892
854 971
857 1488
858 1610
862 1495
863 1426
879 1778
886 1069
904 1553
917 1565
923 925
925 939
925 1144
925 1153
925 1555
925 1566
925 1738
925 1907
925 1945
933 1778
938 1045
943 944
944 1041
944 1137
944 1329
944 1334
944 1764
944 1950
959 1987
970 1987
971 999
971 1020
971 1030
971 1087
971 1224
971 1574
971 1797
971 1833
971 1886
971 1939
971 1965
975 1045
985 1053
987 1495
1007 1495
1016 1017
1017 1624
1017 1626
1017 1968
1018 1758
1023 1216
1039 1053
1043 1045
1045 1136
1045 1358
1045 1444
1045 1717
1051 1910
1053 1070
1053 1116
1053 1591
1053 1707
1058 1779
1064 1778
1069 1252
1069 1435
1069 1621
1069 1696
1069 1707
1069 1814
1069 1824
1076 1910
1080 1910
1085 1145
1088 1426
1093 1780
1094 1780
1110 1781
1116 1553
1132 1781
1139 1987
1145 1437
1145 1789
1145 1935
1164 1674
1167 1565
1177 1778
1186 1426
1199 1778
1216 1252
1216 1658
1216 1768
1218 1319
1223 1224
1223 1225
1224 1278
1224 1488
1224 1635
1224 1669
1224 1894
1224 1938
1241 1495
1270 1987
1272 1781
1278 1684
1306 1488
1312 1553
1319 1728
1319 1885
1319 1922
1322 1426
1352 1987
1389 1758
1426 1618
1426 1724
1426 1803
1426 1967
1466 1565
1468 1495
1472 1758
1488 1798
1488 1886
1495 1615
1519 1565
1521 1778
1536 1779
1564 1780
1565 1568
1565 1808
1565 1843
1565 1881
1568 1674
1590 1894
1598 1894
1608 1610
1609 1610
1610 1739
1610 1873
1610 1982
1618 1781
1639 1684
1640 1758
1643 1780
1684 1685
1684 1686
1758 1767
1758 1906
1758 1970
1778 1832
1779 1870
1780 1949
1789 1910
1866 1894
1869 1987
1894 1916
1894 1960
1987 1994
