0 6
4 697
6 89
6 439
6 650
6 701
6 833
6 993
6 1114
7 608
13 1153
22 188
22 1098
24 173
25 809
29 1130
29 1858
33 588
36 43
43 382
43 480
43 641
43 679
43 1086
43 1136
43 1460
43 1553
43 1614
43 1940
50 1384
57 1130
67 70
68 1588
69 364
70 89
70 399
70 415
70 716
70 886
70 1114
70 1230
70 1372
70 1550
70 1687
76 1301
79 176
81 1893
85 805
86 87
86 88
86 89
86 90
86 91
86 92
89 220
89 273
89 407
89 463
89 608
89 611
89 647
89 801
89 1175
89 1221
89 1384
89 1548
89 1776
89 1858
92 1301
94 1642
103 1638
104 1221
107 407
109 407
121 1384
125 1543
131 1037
132 273
135 142
135 146
142 618
142 1021
142 1151
142 1296
142 1301
142 1302
142 1303
146 401
146 420
146 904
146 1236
146 1617
146 1682
146 1776
146 1781
148 364
149 330
154 1622
158 340
162 389
169 173
169 176
170 1589
173 210
173 566
173 631
173 789
173 976
173 1156
173 1196
173 1198
173 1217
173 1676
173 1802
176 661
176 792
176 841
176 1076
176 1277
176 1308
176 1730
176 1776
176 1937
179 1716
181 966
184 641
184 911
187 188
188 217
188 401
188 524
188 604
188 611
188 697
188 884
188 1050
188 1371
188 1776
189 1589
193 1587
194 548
196 1153
197 202
202 641
202 736
202 1171
202 1261
202 1316
202 1465
202 1592
202 1880
204 1301
207 911
208 220
212 1588
216 1301
216 1642
220 1256
220 1348
220 1365
220 1640
220 1690
220 1820
235 1153
236 1037
239 805
242 1588
249 1642
254 548
265 273
272 1893
273 432
273 764
273 956
273 1029
273 1136
283 1175
285 911
285 1221
291 805
296 1384
299 631
300 1384
303 1564
305 911
306 801
317 330
321 1037
325 1858
326 423
330 641
330 726
330 768
330 1289
330 1508
330 1558
330 1563
330 1865
334 1642
339 1221
340 697
340 751
340 952
340 969
340 1125
340 1345
340 1379
340 1401
340 1729
345 1221
346 1027
346 1037
354 1564
359 637
360 1175
364 398
364 563
364 602
364 641
364 775
364 830
364 1156
364 1164
364 1301
364 1468
364 1750
364 1968
365 1564
365 1638
369 1098
375 1587
380 389
382 801
382 1130
383 1564
387 1488
388 1384
388 1543
389 549
389 551
389 770
389 953
389 1008
389 1293
389 1301
389 1686
389 1759
389 1868
389 1931
389 1988
392 407
407 619
407 771
407 870
407 1356
407 1562
407 1602
416 1384
422 423
423 641
423 644
423 1321
423 1432
423 1496
423 1693
425 1488
425 1657
427 631
444 1175
454 1488
456 1153
456 1638
457 463
461 1384
463 688
463 1047
463 1279
469 1588
473 588
481 1893
484 1638
487 608
489 631
494 608
497 1716
503 548
509 1221
521 697
527 966
529 1858
531 637
531 805
540 548
545 1548
545 1808
548 566
548 621
548 797
548 893
548 921
548 1284
548 1301
548 1877
548 1921
548 1986
551 563
551 1716
555 608
555 1657
558 1130
561 563
563 1203
563 1339
563 1371
563 1611
563 1651
563 1670
563 1754
565 809
568 809
574 1130
576 1130
582 1893
584 1098
584 1808
585 1130
587 588
588 720
588 970
588 1301
588 1424
588 1927
599 1548
607 608
608 1358
608 1497
608 1512
608 1922
627 1098
628 631
631 641
631 778
631 1219
631 1239
631 1517
631 1657
631 1663
631 1774
631 1889
637 638
637 639
637 640
637 641
637 642
641 805
641 1037
641 1098
641 1130
641 1153
641 1543
641 1776
641 1808
641 1933
647 1543
653 1642
656 1622
660 1642
672 1384
684 1808
690 1153
693 697
697 730
697 784
697 911
697 1059
697 1480
697 1488
697 1605
700 1027
710 1548
712 1642
714 801
714 1657
717 1716
727 966
733 801
737 1543
742 805
752 1893
768 1175
780 1130
783 1657
791 1488
797 801
801 1201
801 1267
801 1294
801 1354
802 805
805 903
805 904
808 1716
809 831
809 860
809 1121
809 1132
809 1194
809 1287
809 1514
809 1776
809 1782
809 1875
810 1175
816 1622
825 1098
835 1543
842 1027
844 1589
857 1488
864 1384
884 1564
905 911
911 1033
911 1403
911 1443
911 1470
911 1563
911 1612
917 1027
925 1153
929 1221
935 1098
942 1893
948 1301
953 1548
953 1587
960 1384
962 1622
966 1050
966 1064
966 1535
966 1618
966 1659
966 1754
966 1769
966 1776
976 1543
996 1587
1024 1027
1027 1281
1027 1322
1027 1352
1027 1708
1027 1776
1035 1301
1037 1209
1037 1252
1037 1355
1037 1760
1037 1820
1037 1935
1041 1858
1065 1893
1071 1301
1080 1175
1093 1130
1095 1098
1096 1858
1098 1251
1098 1260
1098 1467
1098 1601
1098 1879
1102 1548
1107 1221
1110 1638
1116 1808
1127 1301
1127 1587
1130 1155
1143 1642
1151 1153
1153 1304
1153 1305
1153 1306
1153 1307
1158 1622
1160 1589
1161 1548
1166 1638
1175 1432
1175 1554
1175 1913
1187 1301
1201 1622
1210 1933
1221 1576
1224 1488
1232 1548
1241 1716
1262 1564
1269 1587
1272 1384
1272 1587
1272 1808
1278 1622
1299 1622
1300 1776
1300 1893
1301 1587
1301 1588
1301 1589
1301 1590
1302 1622
1306 1488
1310 1543
1310 1933
1330 1933
1367 1548
1374 1622
1384 1385
1385 1776
1398 1543
1400 1638
1417 1564
1427 1588
1437 1588
1445 1588
1450 1587
1481 1716
1488 1798
1488 1886
1493 1564
1513 1642
1521 1933
1529 1589
1533 1893
1534 1589
1534 1933
1542 1933
1543 1678
1543 1729
1543 1867
1548 1549
1548 1550
1548 1551
1548 1552
1564 1584
1564 1633
1564 1776
1564 1780
1565 1808
1586 1893
1588 1750
1588 1834
1589 1699
1589 1708
1589 1791
1590 1894
1590 1940
1606 1858
1613 1622
1622 1776
1634 1638
1634 1657
1638 1689
1638 1776
1641 1642
1642 1776
1642 1797
1642 1981
1657 1884
1716 1776
1716 1879
1716 1892
1776 1893
1899 1933
