0 10
2 193
2 425
3 894
4 124
5 517
5 1097
7 517
7 1918
10 48
10 226
10 304
10 334
10 939
10 1007
10 1008
10 1009
10 1010
10 1011
10 1012
10 1013
10 1014
10 1015
11 309
14 16
14 19
15 1918
16 96
16 304
16 347
16 583
16 1064
16 1507
16 1759
18 204
19 184
19 320
19 453
19 603
19 1428
21 692
21 1544
22 849
22 1098
29 1130
30 1818
32 387
36 43
39 1966
41 670
42 517
43 382
43 480
43 641
43 679
43 1086
43 1136
43 1460
43 1553
43 1614
43 1940
45 894
46 462
47 442
47 692
49 446
49 508
51 819
51 979
53 655
53 938
55 819
57 1130
61 75
61 646
62 991
65 823
67 72
67 75
70 1372
72 566
72 590
72 1016
72 1347
72 1714
72 1902
73 133
73 425
75 138
75 184
75 574
75 629
75 733
75 886
75 1448
75 1456
75 1616
75 1646
75 1724
75 1728
79 370
79 1930
84 1522
84 1705
89 1776
94 646
94 1390
96 205
96 431
96 991
97 213
97 1705
98 118
103 1667
104 868
108 1705
110 1549
113 991
114 1075
116 1524
117 118
118 277
118 702
118 739
118 1129
118 1713
118 1714
119 1326
120 819
122 124
122 127
122 133
124 133
124 183
124 557
124 759
124 839
124 887
124 1300
124 1380
124 1386
124 1415
124 1602
124 1683
124 1786
125 1543
125 1845
127 184
127 250
127 511
127 847
127 1204
127 1224
129 1173
131 577
131 1037
133 193
133 304
133 393
133 446
133 460
133 485
133 646
133 652
133 659
133 823
133 918
133 1524
133 1809
133 1966
139 979
140 305
145 639
145 1167
146 1776
149 330
151 1549
152 1787
156 991
156 1192
159 848
159 849
162 819
164 1964
165 1918
167 442
168 828
171 393
171 655
171 1075
171 1213
173 631
175 1744
176 1776
178 179
178 180
178 181
178 182
178 183
178 184
178 185
178 186
179 1918
180 646
181 1541
182 864
182 1549
183 1918
184 205
184 212
184 308
184 425
184 641
184 659
184 819
184 834
184 894
184 911
184 1167
184 1212
184 1213
184 1214
187 193
188 1776
190 370
191 1272
193 252
193 323
193 732
193 1218
193 1506
193 1573
193 1587
193 1668
193 1746
193 1749
195 212
196 849
196 1034
197 202
197 204
197 205
198 938
199 431
200 212
202 641
202 736
202 1171
202 1261
202 1316
202 1465
202 1592
202 1880
204 639
204 793
204 798
204 835
204 916
204 1222
204 1301
204 1675
204 1980
205 745
205 899
205 986
205 1069
205 1207
205 1220
205 1795
205 1914
208 212
208 213
210 652
211 692
212 560
212 576
212 619
212 1429
212 1496
212 1588
212 1825
212 1826
212 1827
213 304
213 530
213 638
213 1026
213 1065
222 1787
226 632
229 1457
230 579
236 1034
236 1037
241 1705
245 1214
249 508
257 1075
260 632
263 639
264 508
272 823
274 279
277 372
277 834
279 355
279 372
279 576
279 845
279 1035
279 1087
279 1367
279 1911
282 864
284 517
289 969
289 1457
294 1544
295 1918
296 508
297 304
297 305
299 631
301 894
302 1097
304 670
304 808
304 828
304 903
304 1313
304 1397
304 1457
304 1470
304 1522
304 1541
304 1713
304 1974
305 569
305 911
305 987
305 1045
305 1461
305 1714
305 1882
305 1994
307 308
307 309
308 332
308 366
308 953
308 1142
308 1282
308 1972
309 355
309 401
309 494
309 689
309 692
309 708
309 814
309 895
309 1007
309 1154
309 1286
309 1445
309 1566
309 1686
312 1522
313 848
313 1787
315 1966
317 330
320 692
321 1037
326 423
326 652
328 652
329 905
330 641
330 726
330 768
330 1289
330 1508
330 1558
330 1563
330 1865
333 670
335 646
336 864
337 834
339 938
340 969
344 1457
346 579
346 1037
350 1272
354 1934
357 1163
361 828
364 641
366 1470
369 1098
370 371
370 372
370 373
370 374
370 375
370 376
370 377
370 378
370 379
372 387
372 436
372 508
372 579
372 639
372 864
372 898
372 918
372 979
372 1034
372 1289
372 1418
372 1700
372 1744
372 1801
373 834
377 1418
379 1272
380 387
382 1130
383 898
387 693
387 850
387 1079
387 1247
387 1488
387 1749
388 1543
390 1167
392 393
392 405
393 628
393 644
393 703
395 508
400 894
405 890
405 931
405 963
405 1714
405 1736
405 1906
405 1941
405 1963
410 508
418 898
421 425
421 1167
422 423
422 425
422 431
423 641
423 644
423 1321
423 1432
423 1496
423 1693
425 750
425 790
425 994
425 1076
425 1177
425 1360
425 1488
425 1657
427 631
428 1818
429 823
431 568
431 586
431 692
431 767
431 1606
431 1644
431 1843
431 1956
432 1163
436 442
436 446
437 1549
438 1097
442 692
442 980
442 1005
442 1071
442 1227
442 1433
442 1630
442 1703
442 1852
442 1963
446 594
446 769
446 955
446 1417
446 1482
446 1483
446 1509
446 1605
446 1615
446 1623
446 1637
452 979
457 462
458 938
460 1524
462 659
462 669
462 771
462 1018
462 1197
462 1347
462 1410
462 1840
462 1857
471 670
472 577
473 1541
476 1372
476 1714
477 485
479 508
480 652
482 905
483 1167
485 908
485 956
485 1127
485 1138
485 1176
485 1362
489 577
489 631
497 1722
499 828
501 1372
501 1457
502 991
504 979
504 1173
504 1185
505 1313
508 850
508 885
508 1008
508 1304
508 1350
508 1432
508 1746
508 1763
508 1993
509 1667
511 1541
515 1522
515 1818
516 1272
517 646
517 695
517 954
517 1056
517 1156
517 1341
517 1514
517 1879
523 1326
524 823
527 969
528 535
530 828
530 1418
531 1930
535 881
535 1328
535 1537
535 1700
535 1714
541 848
542 1522
546 1744
548 1921
549 1326
552 1934
556 1541
558 1130
560 834
562 868
564 1326
565 849
565 1173
568 819
569 1185
571 577
571 579
574 1130
575 1457
576 1130
577 629
577 659
577 682
577 846
577 922
577 1054
577 1148
577 1404
577 1425
577 1450
578 579
578 823
579 626
579 663
579 813
579 980
579 1204
579 1243
579 1334
579 1438
579 1462
579 1556
579 1879
581 1818
584 1098
585 1130
592 639
601 1779
603 828
603 1313
605 1845
609 1097
610 1326
613 1705
623 1930
627 1098
628 631
628 632
631 641
631 778
631 1219
631 1239
631 1517
631 1657
631 1663
631 1774
631 1889
632 724
632 1004
632 1659
632 1714
632 1931
635 834
636 1390
636 1930
637 639
637 641
638 646
639 646
639 1154
639 1163
639 1173
639 1206
639 1241
639 1331
639 1371
639 1381
639 1496
639 1531
641 805
641 1037
641 1098
641 1130
641 1153
641 1543
641 1776
641 1808
641 1933
646 698
646 991
646 1075
646 1192
646 1663
646 1705
646 1714
646 1736
646 1779
647 1543
649 652
652 761
652 1096
652 1444
652 1782
652 1973
653 1372
654 848
655 656
655 657
655 658
655 659
655 660
655 661
655 662
655 663
655 664
656 979
657 823
659 848
659 849
659 905
659 1272
659 1364
659 1372
659 1390
659 1549
659 1722
659 1787
659 1818
659 1845
659 1921
659 1934
662 1714
665 670
668 1921
670 871
670 935
670 1137
670 1766
670 1915
687 1075
689 834
692 838
692 868
692 938
692 953
692 1185
692 1667
692 1714
692 1852
692 1918
692 1973
696 1163
704 938
706 1097
707 1966
717 903
724 1390
731 1787
732 1185
732 1964
734 969
737 1543
738 1390
740 1075
740 1714
743 1744
751 1185
752 1818
755 1779
757 1364
760 1372
762 1075
762 1313
765 1390
768 1173
771 849
778 1192
780 1130
786 1212
792 1185
796 819
804 823
805 903
806 1918
809 1776
813 1185
815 1212
816 1522
818 1966
819 1086
819 1295
819 1310
819 1341
819 1557
819 1567
819 1864
819 1882
821 823
821 828
823 997
823 1138
823 1361
823 1436
823 1454
823 1456
825 1098
826 1470
828 950
828 1653
828 1800
828 1894
832 834
834 884
834 915
834 1135
834 1396
834 1401
834 1580
834 1628
834 1719
835 1543
841 894
848 1114
849 865
849 1073
849 1275
849 1287
849 1916
858 991
859 1744
861 864
861 868
864 1217
864 1233
864 1285
864 1384
864 1512
864 1731
867 1331
868 1073
868 1246
868 1645
868 1870
878 1418
882 1272
887 1364
888 1418
894 1578
894 1756
896 898
898 1765
902 1544
903 1282
903 1680
903 1947
904 1705
905 906
905 907
905 908
905 909
905 910
905 911
905 912
905 913
909 1845
910 1331
911 1470
912 1173
915 1272
917 1818
919 1541
930 1272
935 1098
938 1045
938 1597
938 1960
938 1968
939 1722
947 1185
966 1776
969 1218
969 1225
969 1347
969 1625
969 1714
969 1743
973 1034
976 1543
977 979
979 1109
979 1135
979 1218
986 1075
986 1163
986 1167
988 991
990 1331
990 1667
991 1003
991 1008
991 1274
991 1559
991 1708
991 1905
991 1922
996 1818
1013 1418
1027 1776
1032 1845
1034 1058
1034 1363
1034 1366
1034 1499
1034 1703
1037 1209
1037 1252
1037 1355
1037 1760
1037 1820
1037 1935
1040 1272
1041 1163
1051 1418
1057 1192
1058 1779
1059 1163
1065 1921
1066 1667
1070 1075
1075 1106
1075 1196
1075 1731
1075 1834
1076 1787
1081 1364
1082 1418
1087 1722
1093 1130
1094 1667
1095 1097
1095 1098
1096 1524
1097 1399
1097 1435
1097 1624
1097 1714
1098 1251
1098 1260
1098 1467
1098 1601
1098 1879
1101 1541
1108 1966
1116 1213
1125 1918
1130 1155
1136 1331
1146 1326
1146 1934
1150 1326
1162 1549
1163 1201
1163 1506
1163 1799
1163 1805
1163 1974
1165 1213
1167 1565
1167 1738
1167 1901
1167 1998
1168 1722
1172 1705
1173 1198
1173 1408
1173 1899
1178 1544
1184 1185
1185 1265
1185 1336
1185 1609
1188 1667
1190 1192
1192 1288
1192 1493
1192 1636
1192 1792
1192 1832
1199 1390
1201 1722
1202 1372
1210 1933
1211 1934
1212 1417
1212 1464
1212 1568
1212 1751
1213 1497
1213 1586
1213 1935
1214 1266
1214 1321
1214 1404
1214 1446
1214 1447
1214 1448
1235 1964
1239 1541
1244 1964
1266 1544
1272 1384
1272 1478
1272 1587
1272 1781
1272 1808
1281 1705
1288 1372
1288 1549
1292 1744
1294 1667
1300 1776
1308 1313
1310 1543
1310 1933
1313 1407
1313 1700
1313 1997
1325 1326
1326 1535
1326 1675
1326 1714
1326 1797
1327 1966
1330 1744
1330 1933
1331 1509
1331 1679
1331 1741
1331 1940
1332 1918
1355 1818
1360 1364
1364 1501
1364 1782
1364 1807
1365 1524
1372 1373
1372 1374
1372 1375
1372 1376
1383 1722
1385 1776
1390 1391
1390 1392
1390 1393
1390 1394
1397 1522
1397 1524
1398 1543
1411 1522
1416 1457
1418 1516
1421 1918
1428 1714
1431 1457
1440 1918
1450 1966
1457 1518
1457 1868
1464 1921
1470 1635
1470 1732
1470 1827
1470 1963
1481 1934
1489 1522
1514 1918
1521 1933
1522 1865
1522 1907
1522 1936
1524 1878
1534 1933
1535 1934
1536 1779
1537 1918
1537 1964
1541 1637
1541 1669
1541 1914
1541 1977
1542 1933
1543 1678
1543 1729
1543 1867
1544 1714
1544 1775
1544 1942
1548 1549
1549 1635
1564 1776
1622 1776
1638 1776
1642 1776
1667 1675
1667 1702
1681 1966
1701 1722
1701 1744
1705 1962
1714 1930
1714 1964
1716 1776
1722 1752
1722 1753
1722 1754
1747 1934
1756 1930
1776 1893
1779 1870
1785 1787
1787 1793
1787 1935
1787 1956
1789 1818
1789 1845
1801 1930
1803 1966
1810 1964
1812 1921
1818 1820
1818 1854
1844 1845
1864 1918
1899 1933
1966 1967
