0 3
0 9
0 11
3 175
3 625
3 887
3 888
3 889
3 890
3 891
3 892
3 893
3 894
3 895
9 318
9 356
9 617
9 782
9 802
9 906
9 1125
9 1135
9 1483
9 1607
9 1804
9 1995
11 77
11 91
11 100
11 309
11 352
11 395
11 483
11 609
11 1452
11 1537
11 1885
14 20
14 22
15 1955
17 1363
18 169
18 1350
20 322
20 587
20 636
20 887
20 1042
20 1110
20 1256
20 1259
20 1454
20 1462
20 1668
20 1907
20 1942
22 188
22 244
22 269
22 379
22 562
22 802
22 849
22 1098
22 1109
22 1110
28 1362
31 509
40 465
41 1576
44 49
45 1551
46 1500
48 1234
49 208
49 446
49 455
49 508
49 902
49 1107
49 1110
49 1126
49 1323
49 1471
49 1581
49 1652
49 1692
49 1728
49 1732
50 1384
50 1394
54 1626
59 1576
63 1794
64 522
64 1686
65 359
65 1321
67 77
68 743
73 1489
75 733
77 257
77 303
77 698
77 699
77 700
79 111
79 1234
80 1855
85 1394
85 1427
86 91
87 1736
87 1773
88 326
88 465
88 609
89 1384
90 1718
91 367
91 487
91 493
91 1518
91 1568
91 1675
91 1797
92 522
95 190
96 774
97 733
103 767
103 1638
106 111
109 1060
111 247
111 384
111 604
111 617
111 618
111 619
111 620
111 621
111 622
111 623
111 624
113 1576
116 1195
119 1736
120 1426
121 1384
123 522
125 1088
125 1543
130 705
134 946
134 1116
138 696
138 1079
138 1681
144 1875
148 757
150 1427
154 774
162 1925
164 1164
164 1195
165 1399
167 1736
169 170
169 171
169 172
169 173
169 174
169 175
169 176
169 177
171 1283
175 622
175 638
175 733
175 837
175 1000
175 1042
175 1156
175 1461
175 1516
175 1651
175 1744
175 1756
175 1894
179 1736
182 1255
187 190
190 192
190 292
190 356
190 370
190 388
190 509
190 622
190 845
190 867
190 927
190 1363
190 1591
190 1625
190 1955
191 1195
195 1639
196 1164
198 738
198 1620
201 1489
201 1555
202 1261
203 223
203 230
205 745
205 1795
207 1591
211 1006
215 1490
216 1363
221 1283
223 277
223 282
223 343
223 380
223 591
223 609
223 1140
223 1201
223 1489
223 1534
223 1535
223 1536
224 488
224 1773
225 696
225 1110
230 341
230 579
230 772
230 842
230 1110
230 1161
230 1476
230 1513
230 1558
230 1559
236 738
249 508
254 388
254 840
262 1116
263 1427
264 508
264 1273
266 757
268 1993
272 1756
275 1535
276 1681
278 1736
280 1273
282 738
287 292
288 1698
291 1323
292 342
292 399
292 940
292 944
292 1090
292 1324
292 1467
292 1530
292 1720
294 1490
294 1551
295 498
295 738
296 508
296 1384
300 1384
302 757
305 1882
307 316
309 1686
310 745
310 1381
312 1993
314 1882
315 757
316 546
316 622
316 952
316 997
316 1147
316 1172
316 1316
316 1635
316 1641
316 1654
316 1704
316 1711
316 1970
317 326
318 1583
319 840
323 1424
326 423
326 469
326 652
326 785
326 1168
326 1382
326 1479
326 1654
326 1692
326 1734
326 1735
326 1759
330 1289
333 1381
333 1490
336 1399
338 1381
338 1427
343 1431
346 837
352 1767
355 359
359 444
359 460
359 637
359 698
359 1088
359 1119
359 1129
359 1340
359 1732
359 1932
363 537
364 1164
364 1968
365 1638
365 1707
367 1591
370 374
372 508
372 1289
373 1639
374 514
374 858
374 1139
374 1143
374 1154
374 1546
374 1692
375 743
378 1758
379 1273
380 388
385 1088
387 1079
388 537
388 538
388 743
388 757
388 915
388 1079
388 1205
388 1259
388 1261
388 1289
388 1384
388 1397
388 1543
388 1620
388 1681
388 1686
388 1692
388 1693
389 1686
395 508
399 1583
399 1698
400 537
401 767
404 733
404 738
405 1736
406 1773
410 508
410 509
411 1116
411 1718
412 522
415 1323
416 1384
420 488
421 1718
423 1321
423 1693
424 1363
428 1350
429 1132
431 767
435 1718
435 1736
441 509
444 743
445 537
446 1483
449 1234
454 1427
455 975
456 1261
456 1545
456 1638
460 1500
461 1384
464 1362
465 982
465 1127
465 1692
465 1990
468 1651
471 1234
477 479
479 508
479 1008
479 1510
481 1993
482 975
483 1555
484 1638
484 1639
485 1362
486 488
488 547
488 677
488 1146
488 1318
488 1479
488 1542
488 1692
488 1960
489 1583
492 1060
493 757
495 1321
496 498
498 748
498 1139
498 1211
498 1378
498 1483
498 1654
498 1755
498 1995
499 1321
503 1652
508 850
508 885
508 1008
508 1304
508 1350
508 1432
508 1746
508 1763
508 1993
509 657
509 706
509 994
509 1007
509 1044
509 1049
509 1221
509 1608
509 1667
509 1777
510 1088
513 705
520 522
522 585
522 727
522 1767
523 1431
524 975
525 1756
528 537
528 538
530 1535
532 824
533 1736
537 581
537 642
537 666
537 1017
537 1023
537 1131
537 1197
537 1385
538 683
538 712
538 1008
538 1080
538 1102
538 1557
538 1648
549 840
556 975
556 1363
559 1686
562 1875
563 1339
563 1651
569 1591
569 1681
576 1132
576 1133
578 696
580 1363
580 1431
583 1761
585 1761
586 840
588 1424
589 1381
590 1427
591 1133
594 1060
595 1968
600 1698
601 1758
601 1767
605 738
606 1424
607 609
609 825
609 1097
609 1121
609 1234
609 1262
609 1427
609 1513
609 1773
609 1855
612 1205
616 1794
619 1283
622 767
622 1006
622 1073
622 1088
622 1120
622 1273
622 1534
622 1719
622 1875
622 1882
622 1925
626 743
626 745
627 1489
629 1006
630 1795
638 946
638 1132
638 1423
639 1381
641 1543
643 696
646 1736
647 1543
653 1756
654 774
658 733
658 1758
660 1955
662 946
663 757
669 767
670 1766
672 1384
672 1766
675 1698
676 824
676 1555
676 1707
678 1133
683 1289
683 1758
684 1583
688 1761
689 1698
693 696
694 1551
696 1004
696 1010
696 1110
696 1163
696 1248
696 1455
696 1679
696 1788
698 1394
699 705
703 1350
705 869
705 1149
705 1223
705 1538
705 1666
705 1680
705 1692
712 1626
714 1261
714 1431
720 1545
725 738
731 1500
733 801
733 843
733 872
733 1105
733 1806
733 1952
733 1973
737 1543
738 1390
738 1481
738 1482
738 1483
738 1484
743 985
743 987
743 1259
743 1336
743 1595
743 1685
743 1689
743 1744
745 1108
745 1767
747 1766
748 1875
751 1955
756 757
757 794
757 832
757 1051
757 1364
757 1664
757 1851
760 1363
762 1652
762 1761
764 1195
767 935
767 1702
770 975
770 1681
771 1855
771 1993
773 774
774 1064
774 1425
774 1767
774 1816
775 1681
778 1758
784 1925
788 1426
788 1545
788 1651
791 1205
791 1489
791 1490
792 840
792 1273
794 975
809 1132
809 1875
810 975
812 1394
813 1321
815 1060
816 840
817 1423
819 1882
820 1423
821 824
824 825
824 1274
824 1368
824 1405
824 1483
824 1530
824 1870
824 1923
829 1132
832 837
835 1079
835 1543
836 1761
837 1180
837 1298
837 1397
837 1411
837 1729
838 840
840 915
840 952
840 1088
840 1341
840 1358
840 1471
843 1164
843 1431
846 1583
850 1289
853 1350
854 975
856 1652
858 1766
860 1273
863 1426
864 1384
874 1362
875 1132
879 1132
879 1321
879 1693
882 1431
887 1652
889 1363
890 1110
894 1756
900 1283
901 1339
901 1736
907 1116
917 1652
921 1195
925 1555
931 1116
935 1110
937 1133
938 1968
940 1875
943 946
946 1085
946 1086
946 1087
946 1088
947 1110
947 1164
951 1551
952 1234
953 1205
960 1384
966 1535
972 1234
973 1490
975 1045
975 1111
975 1197
975 1527
975 1692
976 1543
981 1283
986 1164
987 1855
989 1350
990 1132
993 1273
998 1205
1000 1006
1005 1925
1006 1107
1006 1108
1006 1262
1006 1446
1006 1580
1006 1935
1008 1551
1010 1394
1011 1381
1012 1060
1012 1205
1014 1350
1017 1626
1017 1968
1018 1758
1034 1363
1044 1736
1049 1350
1053 1116
1053 1591
1053 1707
1055 1535
1056 1060
1060 1088
1060 1276
1064 1955
1065 1079
1067 1736
1068 1381
1068 1489
1069 1707
1073 1381
1079 1080
1079 1081
1079 1082
1079 1083
1079 1084
1082 1626
1083 1321
1083 1855
1088 1381
1088 1394
1088 1423
1088 1424
1088 1425
1088 1426
1088 1427
1091 1133
1091 1489
1097 1399
1099 1195
1104 1500
1110 1116
1110 1399
1110 1482
1110 1500
1110 1576
1110 1638
1110 1639
1110 1761
1110 1781
1110 1968
1114 1423
1115 1955
1116 1213
1116 1232
1116 1534
1116 1553
1116 1608
1116 1808
1117 1698
1117 1766
1119 1363
1122 1583
1126 1205
1132 1150
1132 1274
1132 1302
1132 1767
1132 1781
1132 1841
1132 1885
1133 1291
1133 1692
1139 1424
1140 1681
1141 1234
1143 1795
1144 1761
1147 1483
1155 1639
1156 1718
1161 1591
1162 1555
1164 1193
1164 1533
1164 1569
1164 1674
1164 1692
1164 1740
1164 1823
1165 1283
1166 1638
1168 1273
1168 1955
1186 1426
1194 1195
1195 1312
1195 1483
1195 1759
1195 1994
1200 1394
1205 1368
1205 1485
1205 1486
1207 1323
1209 1363
1210 1339
1214 1321
1218 1490
1221 1576
1227 1234
1227 1399
1231 1766
1233 1882
1234 1558
1234 1892
1239 1591
1245 1639
1250 1255
1252 1707
1254 1321
1255 1353
1255 1427
1255 1520
1255 1530
1255 1833
1259 1363
1260 1261
1261 1835
1261 1842
1261 1844
1261 1861
1261 1876
1261 1877
1265 1639
1268 1766
1272 1384
1273 1320
1273 1451
1273 1473
1273 1529
1273 1810
1274 1362
1275 1283
1277 1427
1277 1620
1282 1875
1283 1605
1283 1692
1283 1739
1283 1740
1289 1290
1289 1291
1289 1292
1291 1925
1295 1591
1303 1651
1304 1423
1305 1424
1305 1555
1309 1339
1310 1543
1311 1399
1312 1626
1320 1620
1321 1767
1322 1426
1322 1431
1323 1703
1323 1838
1323 1928
1323 1961
1324 1968
1326 1535
1327 1545
1332 1339
1332 1381
1332 1583
1338 1339
1339 1483
1339 1724
1339 1820
1339 1897
1347 1350
1350 1646
1350 1755
1350 1992
1352 1381
1353 1489
1358 1483
1360 1362
1360 1363
1362 1672
1362 1692
1362 1886
1362 1970
1363 1609
1363 1807
1373 1875
1379 1795
1381 1803
1384 1385
1389 1758
1390 1394
1392 1620
1394 1923
1398 1543
1398 1681
1399 1643
1400 1638
1416 1639
1422 1761
1423 1516
1423 1546
1423 1819
1423 1820
1424 1816
1424 1817
1426 1618
1426 1724
1426 1803
1426 1967
1427 1481
1427 1588
1427 1945
1430 1431
1431 1457
1431 1624
1431 1644
1431 1692
1434 1692
1434 1925
1435 1756
1441 1968
1442 1686
1444 1681
1450 1651
1451 1483
1454 1718
1458 1718
1459 1855
1459 1882
1461 1993
1466 1651
1472 1758
1483 1542
1483 1545
1483 1551
1483 1626
1483 1707
1483 1766
1483 1767
1489 1522
1490 1660
1490 1691
1490 1767
1490 1895
1500 1750
1500 1769
1500 1935
1501 1620
1501 1955
1509 1756
1512 1591
1514 1756
1514 1955
1515 1545
1518 1955
1532 1651
1532 1652
1535 1608
1535 1821
1535 1824
1535 1860
1535 1934
1535 1947
1543 1678
1543 1729
1543 1867
1545 1937
1548 1551
1551 1771
1555 1572
1555 1668
1555 1767
1555 1782
1555 1895
1574 1576
1576 1628
1576 1954
1579 1925
1583 1643
1583 1692
1583 1789
1583 1835
1591 1592
1591 1593
1604 1639
1620 1644
1620 1813
1626 1971
1634 1638
1638 1689
1638 1776
1639 1684
1639 1687
1639 1688
1639 1689
1640 1758
1652 1694
1652 1765
1658 1686
1671 1718
1681 1826
1681 1904
1681 1966
1684 1686
1686 1696
1692 1698
1692 1718
1692 1767
1698 1699
1698 1700
1698 1701
1704 1882
1706 1707
1717 1718
1736 1767
1736 1919
1746 1875
1753 1968
1756 1810
1756 1865
1756 1904
1756 1930
1758 1767
1758 1906
1758 1970
1766 1796
1766 1830
1766 1873
1766 1945
1767 1772
1767 1794
1767 1795
1767 1916
1772 1773
1789 1794
1793 1794
1795 1796
1795 1797
1812 1875
1879 1993
1882 1916
1882 1927
1882 1954
1922 1993
1925 1954
1984 1993
