0 2
2 38
2 73
2 193
2 425
2 493
2 1542
2 1570
2 1981
14 22
18 526
22 188
22 244
22 269
22 379
22 562
22 802
22 849
22 1098
22 1109
22 1110
23 419
24 173
25 1482
26 931
27 29
27 32
29 295
29 710
29 942
29 1130
29 1256
29 1505
29 1539
29 1570
29 1858
32 98
32 143
32 159
32 195
32 299
32 387
32 866
32 1154
32 1640
35 556
35 804
36 37
37 206
37 368
37 416
37 572
37 665
37 703
37 917
37 1171
37 1570
37 1582
39 526
41 1216
41 1361
43 1614
44 53
44 55
50 560
51 819
51 1121
51 1316
51 1569
52 928
53 97
53 98
53 336
53 655
53 665
53 871
53 878
53 938
53 1161
54 913
55 284
55 677
55 690
55 819
55 1056
55 1094
55 1219
55 1532
55 1919
57 584
60 66
61 1053
63 259
65 489
65 823
66 174
66 196
66 562
66 591
66 596
66 906
66 1525
66 1539
66 1658
66 1943
68 524
74 1053
76 804
79 1352
84 1216
88 928
88 1847
90 1565
90 1650
92 561
95 148
96 1650
97 924
104 560
104 868
105 930
107 1017
110 850
111 619
114 876
115 468
116 1195
117 118
117 119
117 120
117 121
120 200
120 203
120 333
120 378
120 560
120 595
120 802
120 819
120 1053
120 1058
120 1319
120 1426
120 1570
120 1684
120 1987
125 1121
126 784
127 511
131 577
132 831
133 823
135 143
136 267
139 876
141 1447
143 167
143 960
143 1191
143 1365
143 1632
144 1875
146 420
147 148
148 166
148 350
148 364
148 757
148 844
148 923
148 958
148 1371
148 1907
148 1919
148 1935
149 468
150 932
153 584
157 1847
159 850
161 933
162 819
163 1119
164 419
164 1195
166 657
168 420
168 828
169 173
173 210
173 566
173 631
173 789
173 976
173 1156
173 1196
173 1198
173 1217
173 1676
173 1802
176 1308
180 1172
181 1316
182 1495
184 819
184 1214
185 1329
188 524
190 927
191 1195
192 511
196 1411
197 200
197 203
200 212
200 296
200 390
200 402
200 501
200 821
200 944
200 1017
200 1216
200 1495
200 1542
200 1553
200 1565
200 1650
200 1910
202 1316
202 1465
203 221
203 222
203 223
203 224
203 225
203 226
203 227
203 228
203 229
203 230
206 948
207 831
210 489
211 784
212 560
212 619
220 1690
221 1482
221 1774
222 1017
224 1237
226 1017
226 1172
228 822
228 1319
233 831
233 1216
234 822
240 744
244 1691
245 881
245 1214
245 1650
247 259
247 261
248 482
250 482
252 1447
255 1647
257 1352
259 283
259 640
259 773
259 1570
259 1706
259 1710
259 1829
261 923
261 941
261 1066
261 1166
261 1187
261 1419
261 1733
261 1809
263 822
265 267
266 1447
267 562
267 707
267 827
267 1318
267 1432
267 1798
267 1864
267 1987
272 420
272 823
286 1447
287 296
290 1689
293 1352
294 931
296 508
296 1030
296 1384
296 1415
296 1455
296 1485
296 1868
297 298
297 299
297 300
297 301
297 302
297 303
297 304
297 305
297 306
298 560
299 511
299 631
299 1020
299 1166
299 1169
299 1316
299 1365
299 1613
299 1614
299 1615
300 511
300 584
301 1430
302 931
303 1565
304 828
307 313
311 931
313 562
313 848
313 874
313 891
313 1114
313 1122
313 1403
313 1459
313 1561
313 1665
313 1694
313 1787
313 1805
316 1172
316 1316
322 1312
325 826
331 333
333 339
333 379
333 525
333 670
333 760
333 934
333 1381
333 1490
333 1764
333 1785
338 1172
342 553
347 1329
349 1216
349 1411
356 804
359 1119
361 828
364 830
369 1172
371 822
372 1418
376 932
377 1418
378 878
380 390
381 560
385 1172
386 1465
387 850
390 415
390 457
390 684
390 959
390 1167
390 1852
397 1237
398 1613
400 932
400 1860
402 1691
403 831
405 931
406 1614
407 619
409 419
409 420
410 505
410 511
413 865
415 511
418 826
419 445
419 667
419 727
419 896
419 923
419 1021
419 1117
419 1992
419 1994
420 488
420 878
420 1099
420 1271
420 1304
420 1371
420 1380
420 1568
420 1820
420 1938
424 929
427 631
429 823
430 913
433 822
435 1689
439 821
439 1058
443 913
446 1482
448 524
448 929
450 524
452 489
467 468
468 647
468 746
468 772
468 1240
468 1569
468 1651
468 1729
470 928
472 577
476 1774
477 482
480 933
482 491
482 879
482 905
482 923
482 975
482 1419
482 1507
482 1660
482 1896
483 526
486 487
486 488
486 489
486 490
489 577
489 631
489 638
489 836
489 881
489 923
489 970
489 1051
489 1471
489 1582
489 1583
490 933
491 850
493 821
495 1889
499 828
499 876
501 1650
502 619
503 930
505 562
505 780
505 835
505 866
505 952
505 1031
505 1313
505 1413
505 1508
505 1922
505 1950
506 1465
507 1650
508 850
509 657
510 1017
511 614
511 1382
511 1472
511 1540
511 1541
519 1316
519 1319
520 524
520 526
523 924
524 823
524 889
524 975
524 1113
524 1198
524 1694
525 1312
526 878
526 1005
529 1121
529 1690
530 828
530 1418
531 927
531 928
532 824
534 925
535 881
536 1316
537 1017
539 1312
542 925
542 1613
542 1774
543 1308
550 553
550 556
550 560
551 1860
553 576
553 815
553 878
553 1102
553 1230
553 1370
553 1491
553 1492
555 1447
556 586
556 821
556 851
556 975
556 1363
556 1541
556 1547
557 1053
558 836
560 663
560 834
560 1368
560 1507
560 1518
560 1519
561 562
561 563
561 564
561 565
561 566
561 567
561 568
561 569
561 570
562 868
562 878
562 923
562 926
562 1123
562 1430
562 1442
562 1465
562 1482
562 1847
562 1860
562 1875
568 819
571 577
572 836
573 804
577 629
577 659
577 682
577 846
577 922
577 1054
577 1148
577 1404
577 1425
577 1450
578 823
578 1495
580 1319
582 1361
583 1169
584 635
584 877
584 923
584 1098
584 1228
584 1281
584 1297
584 1366
584 1630
584 1808
590 657
591 1430
595 1647
601 925
603 828
609 1121
618 836
618 1465
619 700
619 753
619 923
619 1003
619 1065
619 1281
619 1282
619 1283
619 1284
620 1613
622 1875
623 822
624 1237
626 744
628 631
631 641
631 778
631 1219
631 1239
631 1517
631 1657
631 1663
631 1774
631 1889
636 850
638 1570
642 1319
644 1216
651 744
653 1569
655 657
657 823
657 1161
657 1480
657 1961
662 1017
664 1058
676 824
692 868
695 1119
697 784
707 850
715 1442
722 1172
722 1430
725 1053
738 1482
743 1689
744 808
744 988
744 1188
744 1293
744 1393
744 1570
744 1759
744 1848
748 1875
750 933
753 826
762 1482
764 1195
766 1308
766 1650
768 1172
770 933
775 1058
777 930
784 878
784 1081
784 1159
784 1176
784 1238
784 1403
784 1463
784 1710
784 1914
784 1925
786 930
788 1426
792 1119
792 1650
793 1316
796 819
796 821
798 931
799 821
799 1352
802 804
804 823
804 841
804 845
804 1840
804 1865
804 1874
804 1989
809 831
809 1121
809 1875
813 830
819 1086
819 1295
819 1310
819 1341
819 1557
819 1567
819 1864
819 1882
821 822
821 823
821 824
821 825
821 826
821 827
821 828
821 829
821 830
821 831
822 1333
822 1730
822 1813
823 997
823 1138
823 1361
823 1436
823 1454
823 1456
824 825
824 1274
824 1368
824 1405
824 1483
824 1530
824 1870
824 1923
825 826
826 1470
826 1504
828 950
828 1653
828 1800
828 1894
829 876
829 878
829 1239
830 835
830 1136
830 1487
831 917
831 1055
831 1184
831 1453
831 1892
832 836
836 1055
836 1109
836 1274
836 1354
836 1437
836 1654
836 1761
836 1846
836 1850
837 1411
849 865
850 857
850 906
850 1085
850 1101
850 1289
850 1410
850 1447
850 1509
850 1542
850 1648
850 1655
850 1656
850 1869
850 1870
850 1871
853 913
855 1411
858 1442
859 1442
861 865
861 868
862 1495
863 1426
865 1200
865 1254
865 1568
865 1570
865 1725
865 1867
865 1976
866 928
866 1058
868 1073
868 1246
868 1645
868 1870
870 1482
872 932
876 877
876 878
876 879
878 1121
878 1237
878 1329
878 1418
878 1570
878 1690
878 1691
880 881
881 1020
881 1055
882 1308
888 1121
888 1418
889 1465
889 1860
899 1442
900 1352
900 1569
905 913
906 1121
907 1442
913 955
913 1105
913 1312
913 1416
917 1239
917 1565
921 1195
923 924
923 925
923 926
923 927
923 928
923 929
923 930
923 931
923 932
923 933
924 1198
924 1497
924 1872
925 939
925 1144
925 1153
925 1555
925 1566
925 1738
925 1907
925 1945
927 1709
927 1837
928 1041
928 1174
928 1355
928 1562
928 1777
928 1785
929 958
929 1221
929 1225
929 1487
929 1510
929 1561
930 1114
930 1193
930 1272
931 1114
931 1115
931 1116
931 1117
932 1096
932 1343
932 1367
932 1473
933 1103
933 1778
933 1901
937 1172
940 1875
941 1774
943 948
944 1329
948 1052
948 1301
948 1316
948 1881
954 1614
974 1058
976 1691
984 1690
985 1053
985 1889
986 1169
987 1495
997 1411
997 1690
1001 1308
1003 1411
1007 1495
1013 1418
1014 1465
1016 1017
1017 1624
1017 1626
1017 1968
1019 1569
1023 1216
1027 1352
1034 1058
1035 1647
1039 1053
1050 1237
1051 1418
1051 1910
1052 1847
1053 1070
1053 1116
1053 1591
1053 1707
1056 1058
1058 1439
1058 1779
1064 1308
1076 1910
1080 1910
1082 1418
1082 1614
1085 1482
1087 1312
1088 1426
1094 1316
1096 1650
1099 1195
1109 1119
1110 1482
1115 1691
1118 1119
1118 1121
1119 1284
1119 1358
1119 1363
1119 1388
1119 1398
1119 1570
1119 1978
1121 1497
1121 1498
1122 1569
1123 1774
1136 1329
1141 1237
1141 1239
1157 1691
1164 1569
1167 1565
1169 1871
1169 1914
1172 1569
1172 1705
1172 1876
1172 1957
1176 1308
1186 1426
1188 1442
1194 1195
1195 1312
1195 1483
1195 1759
1195 1994
1200 1860
1208 1613
1209 1352
1214 1266
1214 1321
1214 1404
1214 1446
1214 1447
1214 1448
1216 1252
1216 1658
1216 1768
1218 1319
1222 1465
1227 1465
1236 1237
1237 1770
1237 1997
1238 1239
1239 1528
1239 1541
1239 1591
1239 1975
1241 1495
1278 1684
1282 1875
1298 1352
1298 1690
1307 1691
1308 1309
1308 1310
1308 1311
1308 1312
1308 1313
1308 1314
1308 1315
1310 1465
1310 1570
1312 1410
1312 1471
1312 1553
1312 1570
1312 1626
1312 1704
1312 1906
1312 1929
1316 1726
1316 1884
1317 1690
1319 1728
1319 1885
1319 1922
1322 1426
1325 1613
1329 1494
1349 1691
1351 1361
1352 1381
1352 1453
1352 1570
1352 1987
1360 1361
1361 1402
1361 1791
1373 1875
1396 1860
1404 1569
1411 1467
1411 1522
1411 1559
1411 1569
1415 1482
1418 1516
1426 1618
1426 1724
1426 1803
1426 1967
1429 1482
1430 1431
1433 1614
1441 1889
1442 1461
1442 1592
1442 1656
1442 1686
1442 1824
1447 1492
1447 1536
1447 1570
1447 1689
1447 1760
1447 1797
1447 1929
1447 1932
1453 1465
1456 1774
1460 1569
1464 1650
1465 1595
1465 1712
1466 1565
1468 1495
1482 1493
1482 1573
1482 1974
1490 1691
1495 1615
1502 1689
1519 1565
1525 1570
1535 1860
1539 1860
1565 1568
1565 1808
1565 1843
1565 1881
1569 1570
1569 1571
1569 1572
1569 1573
1570 1647
1577 1647
1604 1647
1613 1622
1613 1643
1613 1700
1613 1725
1629 1650
1638 1689
1639 1684
1639 1689
1647 1916
1647 1961
1650 1723
1684 1685
1684 1686
1689 1708
1689 1914
1690 1846
1743 1889
1746 1875
1748 1847
1772 1774
1789 1910
1812 1875
1847 1852
1860 1861
