4 697
5 517
5 1026
6 650
7 517
9 617
9 1135
10 1010
11 77
14 21
18 81
18 1059
18 1280
19 320
21 98
21 189
21 337
21 394
21 615
21 692
21 869
21 1057
21 1145
21 1204
21 1544
29 1130
30 1405
36 40
37 665
40 257
40 411
40 464
40 465
40 466
41 610
42 517
43 1086
44 52
49 455
52 661
52 668
52 814
52 906
52 928
52 1498
52 1979
53 665
57 1130
57 1637
58 242
58 1566
62 1150
64 522
65 1321
67 77
69 350
74 311
74 1054
75 1456
75 1646
76 1026
77 257
77 303
77 698
77 699
77 700
78 81
79 1352
80 605
81 227
81 980
81 1059
81 1074
81 1531
81 1893
82 1199
83 610
83 720
89 1221
89 1548
92 522
92 1664
94 1271
97 1245
100 1294
101 105
104 1221
105 930
105 1015
105 1082
105 1168
105 1220
105 1506
105 1923
106 112
111 617
112 254
112 621
112 780
112 1046
112 1178
112 1220
112 1396
112 1831
114 191
114 668
114 876
114 1075
115 752
120 378
123 522
123 964
128 1768
132 1672
138 451
138 1405
139 565
139 876
140 605
142 1302
143 1191
144 1566
145 288
147 153
148 350
148 1935
150 932
153 287
153 580
153 581
153 582
153 583
153 584
153 585
153 586
154 1622
155 162
157 1945
158 345
158 350
161 1625
162 306
162 389
162 458
162 819
162 856
162 879
162 1356
162 1413
162 1887
162 1925
162 1989
171 257
171 1075
171 1517
175 638
176 1937
181 1566
187 191
188 697
189 1338
190 1625
191 337
191 357
191 392
191 993
191 1161
191 1195
191 1272
192 350
192 842
193 1746
198 1026
205 1069
205 1220
207 1302
209 683
211 1280
213 638
213 1026
214 605
215 455
217 1150
218 617
221 988
221 1280
225 1251
226 665
228 320
230 842
234 345
235 741
237 242
238 1664
240 1637
242 594
242 630
242 714
242 847
242 960
242 1009
242 1059
242 1504
242 1559
242 1588
244 1517
246 249
247 260
247 263
248 482
248 963
248 1566
248 1937
249 303
249 508
249 607
249 627
249 629
249 900
249 958
249 1220
249 1552
249 1560
249 1642
250 482
253 254
253 255
253 256
253 257
255 912
255 1646
257 601
257 725
257 1045
257 1069
257 1075
257 1208
257 1352
257 1367
257 1554
257 1937
260 337
260 632
260 740
260 1041
260 1317
260 1375
260 1395
260 1839
260 1841
260 1842
262 1456
263 639
263 642
263 822
263 1181
263 1211
263 1306
263 1367
263 1427
263 1839
266 912
266 1672
268 1935
268 1993
271 455
271 638
272 1420
274 279
275 1111
276 964
277 311
277 713
279 355
279 372
279 576
279 845
279 1035
279 1087
279 1367
279 1911
281 988
282 842
284 517
285 1221
285 1251
286 1746
287 288
288 301
288 346
288 458
288 572
288 645
288 945
288 1101
288 1367
288 1486
288 1698
288 1750
292 1530
293 1352
295 741
300 1054
300 1199
300 1646
303 331
303 1566
305 1045
307 311
309 1566
310 345
311 358
311 585
311 589
311 695
311 735
311 931
311 1799
311 1916
311 1996
312 1280
312 1993
316 1970
317 320
320 401
320 692
320 965
320 1106
320 1114
320 1242
320 1367
320 1928
323 345
331 332
331 333
331 334
331 335
331 336
331 337
331 338
331 339
337 346
337 350
337 585
337 605
337 610
337 668
337 713
337 834
337 961
337 963
337 1014
337 1115
337 1199
337 1294
337 1405
337 1487
337 1517
337 1664
339 1208
339 1221
340 697
345 347
345 474
345 654
345 1059
345 1096
345 1138
345 1219
345 1220
345 1221
345 1222
346 1688
347 1487
347 1637
349 617
350 466
350 1272
350 1606
352 451
357 1163
358 610
360 1191
361 585
361 713
368 1302
369 1280
370 378
376 932
377 725
377 1420
378 456
378 575
378 616
378 878
378 1041
378 1145
378 1302
378 1624
378 1632
378 1758
378 1853
378 1980
379 1271
382 1130
383 451
384 638
384 1251
388 1693
400 932
405 963
406 1530
406 1746
412 522
413 1191
413 1456
418 650
418 1746
420 1271
423 1321
423 1693
426 1719
429 1132
432 1163
446 1637
447 451
447 455
448 713
450 1487
451 695
451 703
451 756
451 857
451 978
451 1203
451 1220
451 1621
451 1885
455 656
455 953
455 975
455 1012
455 1525
455 1577
455 1879
461 665
461 879
464 752
464 1115
464 1523
469 1302
474 665
475 1523
477 482
481 565
481 1993
482 491
482 879
482 905
482 923
482 975
482 1419
482 1507
482 1660
482 1896
489 638
495 1321
497 1523
497 1719
499 876
499 1321
504 610
504 1135
508 1746
508 1993
509 1221
509 1777
514 1251
517 646
517 695
517 954
517 1056
517 1156
517 1341
517 1514
517 1879
520 522
521 697
522 585
522 727
522 1767
525 1135
527 964
538 683
541 1625
545 1548
546 1115
547 585
547 1251
548 1921
558 1130
559 1251
561 565
565 617
565 742
565 809
565 849
565 879
565 895
565 1129
565 1173
565 1708
565 1825
565 1904
565 1972
570 1026
570 1054
572 1523
574 1130
575 1456
576 1130
576 1132
577 1054
578 1420
579 1879
583 1761
585 630
585 683
585 845
585 912
585 1031
585 1130
585 1135
585 1245
585 1530
585 1746
585 1761
586 1191
588 720
590 1527
594 1251
597 598
597 605
598 1014
598 1059
598 1775
599 1548
601 1367
602 842
602 1208
603 741
603 1672
605 738
605 1335
605 1845
605 1898
605 1913
605 1963
607 610
610 653
610 699
610 1217
610 1246
610 1326
610 1480
612 1199
614 720
617 1425
617 1480
620 713
622 1719
623 1517
623 1937
627 725
629 879
629 1768
630 1045
630 1527
631 1517
635 1208
636 1010
637 638
638 646
638 873
638 946
638 999
638 1087
638 1132
638 1423
638 1570
639 1163
641 1130
645 741
645 752
646 1075
649 650
650 748
650 751
650 879
650 1103
650 1788
650 1960
651 1637
656 1622
656 1625
659 1921
662 1530
665 666
665 667
665 668
665 669
665 670
665 671
665 672
668 720
668 739
668 1024
668 1111
668 1138
668 1220
668 1420
668 1688
668 1921
668 1922
668 1923
671 1530
674 963
676 912
683 844
683 981
683 1048
683 1102
683 1289
683 1318
683 1592
683 1619
683 1750
683 1758
686 1059
686 1719
687 1075
687 1719
688 1761
693 697
694 1637
695 1637
696 1010
696 1163
697 730
697 784
697 911
697 1059
697 1480
697 1488
697 1605
700 964
700 1420
709 713
710 1548
713 998
713 1063
713 1210
713 1599
713 1711
720 949
720 1108
720 1421
720 1425
720 1545
720 1573
720 1809
720 1810
720 1881
723 725
724 1271
725 738
725 902
725 1046
725 1053
725 1579
725 1592
725 1597
725 1734
725 1981
727 1405
727 1664
736 1405
736 1523
738 1481
739 741
740 1075
741 900
741 910
741 1059
741 1382
741 1980
742 1523
744 988
746 752
751 752
752 893
752 1059
752 1091
752 1107
752 1228
752 1818
752 1893
752 1894
757 1664
762 1075
762 1150
762 1761
763 1208
769 1054
771 1405
771 1746
771 1993
776 1405
779 1199
779 1294
780 1130
782 1777
783 1530
791 1487
792 1302
799 1352
801 1294
803 1945
807 1625
807 1672
808 1481
808 1879
809 1132
813 1321
813 1530
816 1622
817 988
818 1045
818 1566
819 1086
823 1456
824 1405
824 1530
825 1646
829 876
829 1132
830 1487
834 1135
834 1719
836 1761
838 842
842 949
842 1027
842 1220
842 1393
842 1598
842 1786
851 1251
851 1646
852 859
857 1746
858 1905
859 875
859 1059
859 1442
859 1744
859 1866
860 1945
867 1115
869 1935
872 932
875 1132
876 877
876 878
876 879
879 964
879 988
879 1132
879 1321
879 1527
879 1637
879 1693
879 1768
879 1778
885 1010
886 1069
895 1566
899 1517
899 1672
900 1352
905 912
912 1055
912 1173
915 1026
916 1280
919 1054
923 932
925 1566
925 1945
928 1777
929 1221
929 1487
931 1115
932 1096
932 1343
932 1367
932 1473
936 1086
938 1045
941 1768
946 1086
953 1548
957 1481
961 1338
962 1622
964 996
964 997
964 998
964 999
969 1625
975 1045
975 1111
975 1527
976 1456
979 1135
979 1937
986 1075
986 1163
988 989
988 990
988 991
988 992
989 1637
990 1132
991 1708
991 1905
993 1777
997 1026
1006 1935
1007 1970
1008 1456
1010 1193
1010 1199
1010 1394
1010 1534
1010 1557
1010 1732
1020 1481
1024 1026
1026 1059
1026 1788
1026 1892
1026 1928
1026 1954
1027 1352
1027 1708
1031 1338
1037 1935
1041 1163
1043 1045
1044 1280
1045 1136
1045 1358
1045 1444
1045 1717
1048 1768
1054 1220
1054 1598
1054 1599
1054 1600
1055 1405
1056 1059
1057 1271
1057 1338
1059 1163
1059 1338
1059 1456
1059 1879
1065 1921
1069 1252
1069 1435
1069 1621
1069 1696
1069 1707
1069 1814
1069 1824
1070 1075
1075 1106
1075 1196
1075 1731
1075 1834
1083 1321
1086 1199
1086 1815
1093 1130
1098 1251
1098 1879
1101 1271
1102 1548
1103 1935
1105 1271
1107 1221
1110 1761
1111 1112
1111 1113
1115 1253
1115 1691
1115 1825
1115 1866
1115 1942
1115 1955
1117 1527
1130 1155
1132 1150
1132 1274
1132 1302
1132 1767
1132 1781
1132 1841
1132 1885
1134 1135
1135 1752
1135 1949
1137 1199
1139 1294
1141 1746
1144 1761
1145 1789
1145 1935
1150 1186
1150 1326
1150 1715
1157 1208
1157 1220
1157 1935
1158 1622
1158 1664
1159 1199
1161 1548
1163 1201
1163 1506
1163 1799
1163 1805
1163 1974
1174 1280
1177 1456
1180 1517
1183 1302
1186 1456
1190 1191
1191 1292
1191 1317
1191 1383
1191 1554
1191 1879
1191 1992
1193 1245
1194 1199
1196 1708
1199 1356
1199 1390
1199 1706
1199 1778
1201 1622
1202 1338
1204 1637
1206 1664
1208 1466
1208 1613
1209 1352
1211 1708
1213 1935
1214 1321
1216 1768
1217 1405
1220 1280
1220 1554
1220 1597
1220 1672
1220 1777
1220 1935
1221 1576
1222 1302
1222 1566
1232 1548
1235 1338
1235 1566
1242 1245
1245 1304
1245 1639
1250 1251
1251 1285
1251 1367
1251 1368
1252 1420
1254 1321
1255 1530
1259 1789
1265 1625
1270 1280
1271 1532
1271 1814
1271 1879
1274 1905
1276 1280
1278 1622
1280 1880
1286 1527
1290 1566
1293 1294
1294 1599
1294 1640
1294 1667
1294 1682
1297 1719
1298 1338
1298 1352
1299 1622
1302 1466
1302 1523
1302 1530
1302 1622
1302 1789
1302 1952
1321 1767
1338 1339
1338 1340
1338 1341
1345 1777
1346 1672
1350 1646
1351 1719
1351 1746
1352 1381
1352 1453
1352 1570
1352 1987
1362 1672
1362 1970
1367 1548
1367 1719
1367 1879
1367 1905
1367 1945
1367 1970
1374 1622
1387 1777
1397 1523
1397 1527
1402 1405
1405 1459
1405 1611
1405 1738
1420 1782
1420 1863
1421 1945
1422 1761
1427 1481
1427 1945
1444 1664
1456 1615
1456 1755
1456 1774
1461 1993
1464 1921
1481 1586
1481 1607
1481 1716
1481 1879
1481 1934
1481 1983
1487 1769
1500 1935
1509 1527
1517 1611
1521 1777
1527 1819
1527 1859
1530 1566
1530 1625
1530 1742
1530 1959
1531 1719
1541 1637
1545 1937
1548 1549
1548 1550
1548 1551
1548 1552
1554 1937
1566 1829
1581 1746
1581 1768
1583 1789
1589 1708
1613 1622
1621 1719
1622 1776
1625 1788
1625 1927
1627 1708
1637 1680
1639 1688
1646 1879
1654 1777
1688 1811
1688 1840
1689 1708
1701 1746
1708 1709
1712 1719
1716 1879
1717 1719
1723 1777
1732 1777
1746 1875
1758 1970
1766 1945
1777 1943
1787 1935
1789 1794
1789 1818
1789 1845
1789 1852
1789 1910
1812 1921
1814 1879
1854 1905
1879 1993
1922 1993
1935 1936
1941 1945
1945 1973
1984 1993
