4 571
5 1246
5 1799
9 356
9 1125
17 550
18 81
18 169
19 453
21 1204
23 1266
23 1704
28 453
31 755
31 874
31 1266
33 1984
40 411
41 1784
42 270
43 1940
46 356
46 1499
50 1384
51 874
51 1499
56 874
57 584
58 409
62 666
65 234
65 647
65 1321
66 1525
73 453
74 1050
74 1054
75 1646
77 698
78 81
79 1352
81 227
81 980
81 1059
81 1074
81 1531
81 1893
82 1199
85 1903
86 92
88 1210
89 647
89 1384
92 107
92 352
92 522
92 561
92 747
92 1144
92 1301
92 1507
92 1664
95 1799
97 414
104 234
104 1903
106 107
106 108
106 109
106 110
106 111
106 112
106 113
106 114
106 115
106 116
107 407
107 477
107 666
107 681
107 813
107 880
107 897
107 959
107 1017
107 1125
107 1525
107 1648
107 1816
107 1864
108 735
112 1178
114 1871
115 414
115 1296
119 1178
121 1384
127 511
127 1204
129 1243
132 698
138 451
139 1298
139 1871
142 1296
147 151
151 170
151 227
151 791
151 861
151 1078
151 1518
151 1533
151 1549
151 1581
151 1696
151 1755
153 584
155 161
156 454
158 354
159 449
161 412
161 447
161 515
161 933
161 1625
162 389
166 1404
169 170
169 171
169 172
169 173
169 174
169 175
169 176
169 177
170 300
170 590
170 647
170 813
170 1049
170 1305
170 1404
170 1499
170 1589
170 1658
170 1871
170 1903
170 1911
170 1940
170 1953
171 1953
172 1703
172 1704
174 666
174 1784
175 837
177 647
179 1716
183 1246
188 1050
189 1338
189 1589
190 356
190 867
192 511
192 995
194 755
197 198
197 201
198 217
198 551
198 614
198 738
198 938
198 1026
198 1128
198 1620
200 402
200 1017
201 266
201 447
201 452
201 552
201 773
201 1016
201 1021
201 1397
201 1489
201 1554
201 1555
201 1628
201 1957
203 230
205 1795
216 1120
216 1911
220 1690
221 1499
222 1017
225 1296
225 1556
226 1017
229 1408
230 341
230 579
230 772
230 842
230 1110
230 1161
230 1476
230 1513
230 1558
230 1559
231 234
232 1292
233 1711
234 345
234 447
234 604
234 822
234 1607
235 1049
241 270
241 1246
244 354
250 602
252 949
252 1243
254 880
254 897
255 1646
257 1352
262 1953
264 402
264 1404
265 270
267 1864
269 755
270 447
270 492
270 1187
270 1901
272 1864
276 448
276 456
279 1911
281 447
281 755
281 813
282 880
283 1210
285 874
286 1143
287 290
290 327
290 346
290 551
290 968
290 1282
290 1665
290 1676
290 1689
292 1530
293 1352
295 959
296 1384
297 298
297 299
297 300
297 301
297 302
297 303
297 304
297 305
297 306
299 511
300 409
300 429
300 447
300 511
300 584
300 949
300 1054
300 1085
300 1117
300 1120
300 1199
300 1298
300 1384
300 1646
300 1711
300 1799
301 880
301 1125
303 447
311 735
311 1799
313 874
316 546
316 1704
316 1711
319 1050
321 1210
329 453
329 1711
334 644
335 644
335 647
337 1199
338 1050
340 1125
342 1711
346 579
346 837
346 1048
352 451
354 461
354 471
354 591
354 813
354 890
354 1564
354 1934
355 356
356 615
356 771
356 776
356 804
356 1108
356 1298
356 1607
356 1764
359 698
360 1556
364 563
364 602
364 830
366 571
370 374
372 579
373 1309
374 514
374 858
374 1139
374 1143
374 1154
374 1546
374 1692
378 456
380 389
381 1048
383 451
388 1384
389 549
389 551
389 770
389 953
389 1008
389 1293
389 1301
389 1686
389 1759
389 1868
389 1931
389 1988
390 959
392 402
393 644
399 1984
400 1049
400 1860
401 449
402 813
402 1274
402 1520
402 1691
402 1710
404 735
406 1530
408 1085
409 410
409 411
409 412
409 413
409 414
409 415
409 416
409 417
409 418
409 419
409 420
409 421
410 511
411 457
411 735
411 862
411 1116
411 1143
411 1408
411 1718
411 1753
411 1862
411 1867
412 456
413 1305
414 987
415 511
416 1384
417 1178
419 1117
421 980
422 429
423 644
423 1321
429 614
429 681
429 823
429 885
429 955
429 1132
429 1138
429 1233
429 1265
429 1337
429 1369
431 568
432 626
435 949
437 1953
438 1243
441 626
442 980
442 1703
446 1623
447 448
447 449
447 450
447 451
447 452
447 453
447 454
447 455
447 456
448 524
448 713
448 862
448 929
448 1388
448 1674
448 1872
449 487
449 532
449 775
449 1231
449 1232
449 1233
449 1234
450 980
450 1723
451 695
451 703
451 756
451 857
451 978
451 1203
451 1220
451 1621
451 1885
453 728
453 846
453 1128
453 1176
453 1284
454 1427
454 1474
454 1475
454 1488
455 1525
456 473
456 1153
456 1261
456 1263
456 1281
456 1347
456 1518
456 1545
456 1618
456 1638
458 897
461 1384
464 1266
466 1864
468 647
469 880
471 1120
475 647
477 478
477 479
477 480
477 481
477 482
477 483
477 484
477 485
480 551
487 647
487 1125
492 1723
494 1117
494 1243
495 1321
497 1716
499 1321
501 698
502 1178
504 1185
506 1125
509 1049
510 1017
511 614
511 1382
511 1472
511 1540
511 1541
512 977
513 602
516 1525
521 1266
529 1690
537 666
537 1017
540 546
543 1266
545 1525
546 721
546 875
546 1115
546 1298
546 1303
546 1412
546 1721
546 1744
546 1839
547 644
549 1556
550 551
550 552
550 553
550 554
550 555
550 556
550 557
550 558
550 559
550 560
551 563
551 644
551 867
551 980
551 984
551 1157
551 1159
551 1210
551 1266
551 1292
551 1716
551 1723
551 1860
552 1050
552 1953
557 1049
561 563
561 568
562 1860
563 1203
563 1339
563 1371
563 1611
563 1651
563 1670
563 1754
568 809
568 810
568 811
568 812
568 813
568 814
568 815
568 816
568 817
568 818
568 819
568 820
569 1185
570 1054
571 572
571 573
571 574
571 575
571 576
571 577
571 578
571 579
572 666
576 755
577 1054
577 1404
578 579
579 626
579 663
579 813
579 980
579 1204
579 1243
579 1334
579 1438
579 1462
579 1556
579 1879
580 1404
581 1404
584 635
584 877
584 923
584 1098
584 1228
584 1281
584 1297
584 1366
584 1630
584 1808
585 1530
590 647
590 1404
597 602
602 700
602 842
602 980
602 1144
602 1208
602 1668
610 1246
612 1199
613 1204
622 1120
625 626
626 743
626 744
626 745
630 1309
630 1795
634 1085
636 1816
643 1210
644 654
644 726
644 1036
644 1215
644 1216
646 698
647 1543
647 1671
653 874
656 1623
658 1305
662 1017
662 1530
663 1703
665 666
666 793
666 1128
666 1395
666 1396
666 1397
666 1398
671 1530
672 1384
674 1499
678 1711
683 1048
686 1292
687 1204
688 1404
689 1117
690 1499
692 1185
698 899
698 952
698 1029
698 1298
698 1394
698 1887
700 1050
706 1438
706 1711
708 1408
713 1210
713 1711
717 1716
720 949
722 1623
727 755
727 1210
728 735
730 867
732 1185
735 1114
735 1270
735 1452
737 874
737 1049
742 1903
746 755
751 1185
754 1703
755 973
755 1179
755 1298
755 1581
755 1779
763 1210
765 1953
768 1178
769 1054
774 1816
777 1903
779 1050
779 1199
782 1296
783 1530
792 1185
793 1246
794 980
794 1305
799 1204
799 1352
806 1940
808 1716
813 830
813 874
813 995
813 1048
813 1185
813 1321
813 1530
813 1944
813 1984
816 1984
818 995
819 1864
820 1143
821 830
824 1530
825 1646
830 835
830 1136
830 1487
832 837
837 1180
837 1298
837 1397
837 1411
837 1729
842 949
844 1589
844 1816
846 995
850 1085
850 1871
851 1646
856 1243
857 1911
860 880
861 867
864 1384
867 892
867 978
867 1115
867 1136
867 1331
867 1437
868 1246
872 1864
874 1304
874 1362
878 1690
879 1321
880 881
880 882
880 883
880 884
880 885
880 886
889 1860
890 1404
891 1816
896 897
897 1533
899 1711
900 1352
909 949
917 1143
917 1292
917 1911
919 1054
922 1556
931 1117
935 949
942 1117
946 1085
947 1185
949 950
949 951
949 952
949 953
949 954
949 955
956 959
958 1305
958 1408
959 1147
959 1229
959 1453
959 1498
959 1592
959 1923
959 1987
960 1384
961 1338
966 1050
977 978
977 979
977 980
977 981
980 1050
980 1178
980 1246
980 1349
980 1623
980 1704
980 1784
980 1932
983 1120
983 1309
984 1690
985 1784
995 1112
995 1249
995 1398
995 1448
995 1727
995 1742
995 1792
995 1888
995 1901
997 1690
998 1204
1010 1199
1011 1711
1015 1799
1016 1017
1017 1624
1017 1626
1017 1968
1027 1352
1031 1338
1034 1499
1034 1703
1036 1784
1042 1499
1046 1048
1046 1049
1048 1184
1048 1375
1048 1768
1048 1791
1048 1965
1049 1247
1049 1350
1049 1376
1049 1932
1049 1948
1050 1197
1050 1237
1050 1546
1050 1621
1052 1623
1054 1220
1054 1598
1054 1599
1054 1600
1055 1204
1057 1338
1059 1338
1065 1246
1072 1408
1073 1711
1082 1296
1083 1321
1085 1145
1085 1228
1085 1482
1085 1658
1086 1199
1090 1953
1096 1864
1104 1157
1112 1940
1113 1944
1117 1126
1117 1194
1117 1295
1117 1527
1117 1698
1117 1751
1117 1766
1118 1120
1120 1526
1122 1309
1124 1125
1125 1534
1125 1802
1125 1918
1125 1919
1125 1923
1134 1143
1137 1199
1143 1188
1143 1415
1143 1514
1143 1642
1143 1662
1143 1795
1152 1940
1153 1305
1154 1157
1155 1296
1157 1208
1157 1220
1157 1458
1157 1691
1157 1935
1158 1703
1159 1199
1160 1589
1163 1799
1169 1871
1173 1408
1178 1241
1178 1544
1178 1770
1178 1771
1183 1703
1184 1185
1185 1265
1185 1336
1185 1609
1187 1298
1187 1438
1191 1292
1194 1199
1199 1356
1199 1390
1199 1706
1199 1778
1200 1860
1201 1723
1202 1338
1204 1260
1204 1637
1204 1640
1204 1715
1209 1352
1210 1339
1210 1436
1210 1594
1210 1763
1210 1933
1214 1266
1214 1321
1214 1404
1235 1338
1240 1243
1241 1716
1242 1246
1243 1586
1243 1608
1243 1635
1243 1733
1246 1397
1246 1407
1246 1433
1247 1703
1247 1784
1254 1321
1255 1530
1260 1266
1266 1349
1266 1544
1272 1384
1274 1309
1274 1438
1289 1292
1292 1559
1292 1744
1292 1909
1296 1297
1296 1298
1296 1299
1296 1300
1298 1309
1298 1338
1298 1352
1298 1480
1298 1690
1298 1703
1298 1706
1301 1589
1302 1530
1305 1346
1305 1389
1305 1424
1305 1526
1305 1555
1305 1643
1305 1854
1308 1309
1309 1339
1309 1463
1309 1480
1309 1518
1309 1862
1312 1704
1317 1690
1321 1767
1323 1703
1331 1940
1335 1864
1338 1339
1338 1340
1338 1341
1340 1903
1350 1646
1351 1984
1352 1381
1352 1453
1352 1570
1352 1987
1353 1704
1357 1944
1373 1438
1375 1940
1379 1795
1384 1385
1386 1499
1386 1799
1395 1903
1396 1860
1397 1525
1402 1404
1402 1408
1404 1569
1404 1762
1404 1856
1408 1536
1408 1728
1424 1816
1438 1950
1441 1499
1449 1525
1459 1525
1461 1871
1463 1623
1469 1903
1474 1816
1481 1716
1492 1911
1499 1633
1499 1634
1504 1723
1511 1799
1514 1953
1518 1984
1525 1570
1525 1578
1525 1595
1525 1876
1529 1589
1530 1566
1530 1625
1530 1742
1530 1959
1534 1589
1535 1860
1539 1860
1550 1871
1556 1557
1589 1699
1589 1708
1589 1791
1590 1940
1595 1799
1603 1871
1611 1784
1646 1879
1650 1723
1661 1816
1690 1846
1700 1911
1700 1953
1704 1861
1704 1882
1716 1776
1716 1879
1716 1892
1723 1777
1750 1799
1767 1795
1771 1911
1783 1911
1784 1843
1795 1796
1795 1797
1797 1871
1799 1806
1801 1953
1821 1903
1826 1940
1833 1944
1860 1861
1862 1864
1864 1918
1871 1873
1903 1908
1911 1917
1936 1944
1984 1993
