8 1400
11 395
73 1211
98 272
102 1174
115 752
152 1211
158 340
186 1081
206 965
211 395
241 1174
263 1211
265 272
272 420
272 751
272 823
272 860
272 1030
272 1087
272 1420
272 1621
272 1756
272 1864
272 1893
275 965
302 965
320 965
340 697
340 751
340 952
340 969
340 1125
340 1345
340 1379
340 1401
340 1729
368 965
384 1081
392 395
395 508
395 536
395 689
395 716
395 751
395 871
395 1084
395 1529
395 1675
448 1674
452 1081
464 752
498 1211
500 1400
527 965
601 1674
645 752
650 751
685 1400
718 1400
719 1174
737 1400
746 751
746 752
751 752
751 862
751 965
751 1081
751 1174
751 1185
751 1211
751 1400
751 1674
751 1866
751 1887
751 1955
752 893
752 1059
752 1091
752 1107
752 1228
752 1818
752 1893
752 1894
763 1211
768 1174
777 965
780 1174
784 1081
825 1174
928 1174
939 1400
947 1211
965 1315
1038 1081
1079 1081
1081 1330
1081 1364
1081 1412
1081 1593
1149 1174
1159 1211
1164 1674
1174 1280
1174 1407
1174 1633
1174 1826
1174 1991
1211 1607
1211 1708
1211 1902
1211 1934
1211 1975
1311 1400
1400 1519
1400 1638
1400 1892
1400 1908
1568 1674
