2 493
24 1131
53 655
91 493
95 148
147 148
148 166
148 350
148 364
148 757
148 844
148 923
148 958
148 1371
148 1907
148 1919
148 1935
171 655
180 315
192 994
200 821
217 324
266 757
302 757
307 315
315 679
315 757
315 926
315 1256
315 1501
315 1645
315 1880
315 1966
317 324
324 491
324 492
324 493
324 494
324 495
329 493
388 757
425 994
439 821
466 663
493 757
493 795
493 821
493 994
493 997
493 1229
493 1257
493 1611
493 1697
493 1959
509 994
537 1131
556 821
560 663
576 1131
579 663
590 1131
655 656
655 657
655 658
655 659
655 660
655 661
655 662
655 663
655 664
663 681
663 757
663 788
663 990
663 1099
663 1131
663 1147
663 1597
663 1703
756 757
757 794
757 832
757 1051
757 1364
757 1664
757 1851
785 788
788 1218
788 1299
788 1369
788 1391
788 1426
788 1545
788 1651
788 1738
796 821
799 821
821 822
821 823
821 824
821 825
821 826
821 827
821 828
821 829
821 830
821 831
951 1131
994 1018
994 1046
994 1407
994 1673
994 1821
1131 1345
1131 1615
