0 5
5 27
5 110
5 336
5 517
5 1026
5 1097
5 1246
5 1799
5 1842
13 1842
23 419
59 1842
155 164
164 419
164 595
164 640
164 717
164 1164
164 1195
164 1285
164 1521
164 1696
164 1752
164 1842
164 1915
164 1964
180 1842
196 1164
202 1261
236 640
259 640
260 1842
261 1166
299 1166
314 1842
349 1228
363 640
364 1164
382 1166
388 1261
409 419
419 445
419 667
419 727
419 896
419 923
419 1021
419 1117
419 1992
419 1994
456 1261
478 1228
481 1166
493 1229
584 1228
594 1228
637 640
640 915
640 1052
640 1083
640 1230
640 1267
640 1461
714 1261
736 1285
742 1285
752 1228
811 1228
843 1164
864 1285
870 1228
870 1842
947 1164
955 1285
959 1229
986 1164
986 1166
1085 1228
1164 1193
1164 1533
1164 1569
1164 1674
1164 1692
1164 1740
1164 1823
1166 1228
1166 1388
1166 1638
1166 1842
1166 1896
1166 1939
1228 1229
1228 1230
1229 1303
1229 1342
1251 1285
1257 1285
1260 1261
1261 1835
1261 1842
1261 1844
1261 1861
1261 1876
1261 1877
1262 1285
1285 1286
1829 1842
