11 100
64 671
93 100
100 197
100 394
100 794
100 1056
100 1294
100 1417
100 1421
100 1633
139 648
177 671
184 1212
210 718
243 671
248 1102
335 648
355 360
360 492
360 504
360 672
360 899
360 1047
360 1175
360 1191
360 1227
360 1417
360 1556
370 377
377 491
377 725
377 1413
377 1414
377 1415
377 1416
377 1417
377 1418
377 1419
377 1420
377 1421
377 1422
430 718
435 1439
436 443
443 913
443 1070
443 1077
443 1198
443 1417
443 1926
446 1417
484 718
530 671
537 1023
538 1102
553 1102
574 648
613 718
648 807
648 810
648 896
648 1014
648 1046
648 1102
648 1127
648 1823
648 1962
648 1963
665 671
671 871
671 1417
671 1528
671 1529
671 1530
676 1417
683 1102
685 1417
687 718
716 718
718 1380
718 1400
718 1417
718 1659
782 1439
786 1212
815 1212
818 1417
847 1102
1022 1023
1023 1216
1023 1275
1023 1417
1058 1439
1100 1102
1102 1186
1102 1303
1102 1304
1102 1307
1102 1415
1102 1417
1102 1439
1102 1548
1102 1627
1102 1978
1171 1439
1212 1417
1212 1464
1212 1568
1212 1751
1274 1439
1395 1439
1417 1564
1439 1440
