0 2
2 38
2 73
2 193
2 425
2 493
2 1542
2 1570
2 1981
3 895
4 124
5 517
6 650
7 517
9 1135
10 304
11 1885
14 16
14 21
16 96
16 304
16 347
16 583
16 1064
16 1507
16 1759
18 169
18 1280
19 453
21 98
21 189
21 337
21 394
21 615
21 692
21 869
21 1057
21 1145
21 1204
21 1544
22 379
22 849
23 1961
25 809
28 453
28 1362
30 1405
31 73
31 1354
37 368
39 1966
41 610
41 670
41 1784
42 517
44 52
44 58
45 1478
46 462
50 361
52 661
52 668
52 814
52 906
52 928
52 1498
52 1979
54 58
56 875
57 982
57 1637
58 174
58 242
58 397
58 409
58 896
58 1030
58 1538
58 1566
58 1598
60 61
61 75
61 646
61 1053
61 1099
61 1181
61 1356
61 1383
61 1398
61 1476
62 1149
62 1150
63 1024
64 522
64 671
65 234
65 1321
66 174
67 68
67 69
67 70
67 71
67 72
67 73
67 74
67 75
67 76
67 77
69 350
69 368
70 1372
71 1183
73 133
73 425
73 453
73 552
73 765
73 785
73 858
73 904
73 982
73 1145
73 1211
73 1235
73 1489
73 1725
73 1750
74 311
74 1054
76 1031
77 698
79 1003
80 339
80 605
83 610
83 720
84 1705
87 1736
88 961
92 522
92 1664
93 94
94 432
94 512
94 646
94 1015
94 1271
94 1287
94 1390
94 1521
94 1605
94 1642
94 1706
97 1245
97 1354
97 1705
97 1923
100 197
104 234
104 1850
105 1220
105 1923
106 112
108 1705
109 845
110 783
110 1549
112 254
112 621
112 780
112 1046
112 1178
112 1220
112 1396
112 1831
114 191
114 668
114 876
114 1075
116 1524
118 739
118 1713
119 1736
120 378
122 124
122 125
122 133
123 522
123 785
123 964
123 1738
124 133
124 183
124 557
124 759
124 839
124 887
124 1300
124 1380
124 1386
124 1415
124 1602
124 1683
124 1786
125 487
125 513
125 664
125 792
125 1088
125 1121
125 1258
125 1395
125 1412
125 1543
125 1697
125 1747
125 1845
126 783
128 1768
129 662
132 698
133 193
133 304
133 393
133 446
133 460
133 485
133 646
133 652
133 659
133 823
133 918
133 1524
133 1809
133 1966
135 142
135 144
137 895
138 1405
139 851
139 876
140 605
142 618
142 1021
142 1151
142 1296
142 1301
142 1302
142 1303
143 1632
144 519
144 1566
144 1757
144 1875
144 1922
145 288
145 1829
146 1682
146 1781
147 153
148 350
148 1935
150 1841
151 1549
153 287
153 580
153 581
153 582
153 583
153 584
153 585
153 586
154 1622
155 162
158 345
158 346
158 350
159 845
159 848
159 849
159 851
161 1625
162 306
162 389
162 458
162 819
162 856
162 879
162 1356
162 1413
162 1887
162 1925
162 1989
163 181
163 982
163 1119
167 1597
167 1736
169 170
169 171
169 172
169 173
169 174
169 175
169 176
169 177
171 393
171 1075
171 1517
174 666
174 851
174 936
174 1154
174 1250
174 1694
174 1784
175 638
175 837
176 792
177 671
178 180
178 181
179 1736
180 315
180 646
180 1084
180 1134
180 1172
180 1315
180 1353
180 1406
180 1526
180 1748
180 1842
180 1967
181 421
181 625
181 719
181 966
181 1316
181 1421
181 1541
181 1566
181 1821
182 1549
184 659
184 911
187 191
189 1554
189 1846
190 292
190 845
190 1625
191 337
191 357
191 392
191 993
191 1161
191 1195
191 1272
192 350
192 842
193 323
193 1746
196 849
196 1812
196 1829
197 198
197 199
197 200
197 201
197 202
197 203
197 204
197 205
197 206
197 207
200 402
201 1489
201 1554
204 1980
205 1220
206 361
207 248
207 339
207 719
207 831
207 911
207 1149
207 1302
207 1393
207 1397
207 1480
207 1577
207 1591
207 1751
209 683
210 652
210 1632
211 1280
212 576
213 304
213 638
214 605
217 785
217 1150
221 988
221 1280
222 323
223 1489
226 461
226 982
229 1457
230 842
231 234
234 345
234 447
234 604
234 822
234 1607
235 1024
238 982
238 1664
240 1637
241 1705
241 1974
243 671
244 1517
245 323
246 249
248 482
248 963
248 1566
249 303
249 508
249 607
249 627
249 629
249 900
249 958
249 1220
249 1552
249 1560
249 1642
250 482
251 1778
251 1781
252 1003
252 1853
255 912
257 1075
257 1554
259 1829
260 337
260 1841
264 402
266 912
268 1935
269 1738
271 638
272 1420
275 1111
276 964
277 311
278 1736
279 576
279 845
281 988
282 842
284 517
285 911
286 1746
287 288
287 290
287 292
288 301
288 346
288 458
288 572
288 645
288 945
288 1101
288 1367
288 1486
288 1698
288 1750
289 1457
290 327
290 346
290 551
290 968
290 1282
290 1665
290 1676
290 1689
292 342
292 399
292 940
292 944
292 1090
292 1324
292 1467
292 1530
292 1720
297 298
297 299
297 300
297 301
297 302
297 303
297 304
297 305
297 306
298 616
300 429
300 1054
302 845
303 1566
304 670
304 808
304 828
304 903
304 1313
304 1397
304 1457
304 1470
304 1522
304 1541
304 1713
304 1974
305 911
307 311
309 895
309 1566
310 345
311 358
311 585
311 589
311 695
311 735
311 931
311 1799
311 1916
311 1996
312 1280
313 848
315 1966
317 323
321 1597
323 345
323 586
323 590
323 781
323 1176
323 1259
323 1424
323 1628
323 1644
323 1986
326 469
326 652
326 785
328 652
329 453
331 335
331 337
331 339
333 339
333 379
333 670
335 643
335 644
335 645
335 646
335 647
335 648
337 346
337 350
337 585
337 605
337 610
337 668
337 713
337 834
337 961
337 963
337 1014
337 1115
337 1199
337 1294
337 1405
337 1487
337 1517
337 1664
339 483
339 818
339 938
339 1208
339 1221
339 1395
339 1791
344 1457
345 347
345 474
345 654
345 1059
345 1096
345 1138
345 1219
345 1220
345 1221
345 1222
346 558
346 579
346 837
346 1003
346 1027
346 1037
346 1048
346 1378
346 1688
346 1797
346 1812
347 1487
347 1637
350 466
350 1272
350 1606
354 461
354 1934
355 361
356 776
357 1853
358 610
359 637
359 698
359 1119
361 585
361 713
361 828
361 1078
361 1939
362 1024
363 1577
368 604
368 965
368 1297
368 1302
368 1740
368 1804
368 1805
369 1280
369 1378
370 378
370 379
371 1961
373 1309
377 1420
378 456
378 575
378 616
378 878
378 1041
378 1145
378 1302
378 1624
378 1632
378 1758
378 1853
378 1980
379 481
379 1270
379 1271
379 1272
379 1273
379 1274
379 1275
383 845
383 1663
384 638
384 1961
386 790
388 1693
392 393
392 402
393 628
393 644
393 703
400 1974
402 813
402 1274
402 1520
402 1691
402 1710
405 963
405 1736
406 1530
406 1746
412 522
416 461
418 650
418 1031
418 1746
422 429
423 1321
423 1693
425 790
428 1378
429 614
429 681
429 823
429 885
429 955
429 1132
429 1138
429 1233
429 1265
429 1337
429 1369
435 1439
435 1736
437 1549
444 1031
446 1637
447 453
450 1487
450 1778
451 1220
451 1885
452 1577
453 728
453 846
453 1128
453 1176
453 1284
455 1577
457 461
457 462
460 1524
461 499
461 547
461 665
461 716
461 879
461 1180
461 1384
461 1458
461 1459
462 659
462 669
462 771
462 1018
462 1197
462 1347
462 1410
462 1840
462 1857
464 1115
464 1362
464 1523
465 982
467 469
467 474
469 689
469 763
469 880
469 1302
469 1475
469 1515
469 1588
471 670
472 1636
474 665
474 1029
474 1223
474 1353
474 1406
475 1523
476 792
476 1372
477 482
480 652
482 491
482 879
482 905
482 923
482 975
482 1419
482 1507
482 1660
482 1896
483 1554
485 1362
487 1663
489 638
489 836
495 1321
497 1523
497 1722
498 1378
499 876
499 1321
501 698
501 1372
501 1457
504 610
504 1135
504 1185
505 1031
505 1313
508 1746
509 1777
515 1778
517 646
517 695
517 954
517 1056
517 1156
517 1341
517 1514
517 1879
520 522
522 585
522 727
522 1767
525 1135
527 964
530 671
531 637
533 1736
533 1778
538 683
541 848
541 1625
542 776
545 1636
546 875
546 1115
547 585
552 1812
552 1934
553 576
556 851
558 836
565 809
565 849
565 879
565 895
566 1031
568 809
569 1185
570 1054
571 576
572 836
572 1523
575 1457
576 755
576 899
576 906
576 1128
576 1129
576 1130
576 1131
576 1132
576 1133
577 659
577 1054
578 1354
578 1420
579 1438
585 630
585 683
585 845
585 912
585 1031
585 1130
585 1135
585 1245
585 1530
585 1746
585 1761
588 720
590 1527
592 845
594 1378
596 1974
596 1980
597 605
599 1751
600 982
600 1183
600 1980
601 1778
601 1781
602 842
603 1313
605 738
605 1335
605 1845
605 1898
605 1913
605 1963
607 610
610 653
610 699
610 1217
610 1246
610 1326
610 1480
611 616
612 1829
613 1705
614 720
615 1713
616 699
616 885
616 1318
616 1337
616 1492
616 1612
616 1794
616 1924
618 836
618 1812
619 1003
623 1517
627 662
627 895
627 1489
629 879
629 1768
630 1309
630 1527
631 1517
631 1663
634 1725
637 638
637 639
637 640
637 641
637 642
638 646
638 873
638 946
638 999
638 1087
638 1132
638 1423
638 1570
639 646
645 1738
646 698
646 991
646 1075
646 1192
646 1663
646 1705
646 1714
646 1736
646 1779
649 650
649 652
650 748
650 751
650 879
650 1103
650 1788
650 1960
651 1637
652 761
652 1096
652 1444
652 1782
652 1973
653 1372
654 848
654 1031
655 659
655 662
656 1622
656 1625
657 1961
659 848
659 849
659 905
659 1272
659 1364
659 1372
659 1390
659 1549
659 1722
659 1787
659 1818
659 1845
659 1921
659 1934
662 889
662 946
662 1017
662 1484
662 1530
662 1714
662 1729
663 1597
665 668
665 670
665 671
668 720
668 739
668 1024
668 1111
668 1138
668 1220
668 1420
668 1688
668 1921
668 1922
668 1923
670 871
670 935
670 1137
670 1766
670 1915
671 871
671 1417
671 1528
671 1529
671 1530
672 895
674 963
676 912
683 844
683 981
683 1048
683 1102
683 1289
683 1318
683 1592
683 1619
683 1750
683 1758
684 1636
686 1846
687 1075
691 1812
692 1185
694 1637
695 783
695 1119
695 1637
697 911
698 899
698 952
698 1029
698 1298
698 1394
698 1887
700 964
700 1420
701 1853
703 1846
705 1149
706 1438
707 1966
710 1183
710 1632
717 903
720 949
720 1108
720 1421
720 1425
720 1545
720 1573
720 1809
720 1810
720 1881
724 1725
725 1597
726 1923
727 1405
727 1664
732 1185
733 1952
736 1405
736 1523
739 740
739 741
739 742
740 1075
741 1980
742 1523
742 1781
744 988
751 1185
757 1364
757 1664
760 1372
762 1075
762 1150
762 1313
763 783
763 790
765 1846
769 1054
771 849
771 1405
771 1746
773 776
776 802
776 1405
779 1829
780 1980
781 1682
782 1439
782 1777
783 944
783 1114
783 1160
783 1530
783 1657
785 786
785 787
785 788
785 789
788 1738
790 791
790 792
790 793
790 794
790 795
790 796
791 1487
791 1489
792 840
792 862
792 1089
792 1119
792 1185
792 1273
792 1302
792 1478
792 1496
792 1650
799 1778
801 1354
804 845
805 903
807 982
807 1183
807 1625
808 875
809 831
809 860
809 1121
809 1132
809 1194
809 1287
809 1514
809 1776
809 1782
809 1875
812 1781
813 1185
813 1321
813 1530
816 1622
817 988
817 1378
818 1566
818 1966
824 1274
824 1405
824 1530
824 1923
829 876
829 1132
829 1577
830 1487
832 836
832 837
833 1812
834 1135
836 1055
836 1109
836 1274
836 1354
836 1437
836 1654
836 1761
836 1846
836 1850
837 1180
837 1298
837 1397
837 1411
837 1729
838 842
842 949
842 1027
842 1220
842 1393
842 1598
842 1786
845 918
845 1453
845 1454
847 982
848 1114
849 865
849 1073
849 1275
849 1287
849 1916
851 1251
851 1264
851 1290
851 1646
857 1746
858 1905
859 875
865 1725
867 1115
869 1935
871 1682
872 1725
874 1362
875 945
875 1132
875 1469
875 1598
875 1835
876 877
876 878
876 879
879 964
879 988
879 1132
879 1321
879 1527
879 1637
879 1693
879 1768
879 1778
885 895
887 1364
891 1841
895 934
895 1232
895 1566
899 1517
901 1736
903 1282
903 1680
903 1947
904 1705
905 911
905 912
911 1033
911 1403
911 1443
911 1470
911 1563
911 1612
912 1055
912 1173
916 1280
918 1923
919 1054
920 1003
922 1682
922 1725
925 1566
925 1738
928 1777
929 1487
931 1115
933 1778
938 1597
939 1722
941 1768
945 1713
945 1961
947 1185
954 1846
956 961
959 1923
961 1100
961 1138
961 1338
961 1526
961 1662
961 1907
962 1622
964 996
964 997
964 998
964 999
969 1625
975 1111
975 1527
979 1135
980 1784
982 983
982 984
982 985
982 986
982 987
983 1309
985 1784
986 1075
988 989
988 990
988 991
988 992
989 1637
990 1132
991 1003
991 1274
991 1905
992 1725
993 1466
993 1777
1000 1003
1003 1092
1003 1411
1003 1412
1004 1885
1005 1812
1006 1935
1014 1466
1015 1974
1024 1025
1024 1026
1024 1027
1024 1028
1028 1378
1030 1738
1031 1035
1031 1148
1031 1338
1031 1627
1031 1709
1036 1784
1037 1935
1044 1280
1044 1736
1048 1768
1054 1220
1054 1598
1054 1599
1054 1600
1055 1405
1058 1439
1064 1778
1067 1736
1068 1489
1070 1075
1075 1106
1075 1196
1075 1731
1075 1834
1081 1364
1083 1321
1087 1183
1087 1722
1091 1489
1092 1636
1096 1524
1102 1439
1103 1935
1108 1966
1109 1119
1109 1923
1110 1781
1111 1112
1111 1113
1115 1253
1115 1691
1115 1825
1115 1866
1115 1942
1115 1955
1117 1527
1117 1751
1118 1119
1119 1284
1119 1358
1119 1363
1119 1388
1119 1398
1119 1570
1119 1978
1122 1309
1125 1923
1127 1682
1132 1150
1132 1274
1132 1302
1132 1767
1132 1781
1132 1841
1132 1885
1134 1135
1135 1752
1135 1949
1141 1746
1141 1961
1145 1789
1145 1935
1146 1934
1149 1174
1149 1219
1149 1939
1150 1186
1150 1326
1150 1715
1155 1885
1157 1220
1157 1935
1158 1622
1158 1664
1158 1974
1162 1549
1163 1974
1167 1738
1168 1722
1171 1439
1172 1705
1174 1280
1175 1554
1177 1778
1179 1183
1180 1517
1183 1257
1183 1265
1183 1302
1183 1581
1183 1629
1183 1703
1184 1185
1185 1265
1185 1336
1185 1609
1187 1438
1191 1554
1192 1636
1193 1245
1198 1663
1199 1778
1201 1622
1201 1722
1202 1372
1204 1637
1206 1664
1208 1466
1209 1846
1211 1934
1212 1751
1213 1935
1214 1321
1216 1768
1217 1405
1220 1280
1220 1554
1220 1597
1220 1672
1220 1777
1220 1935
1222 1302
1222 1566
1222 1663
1222 1841
1235 1566
1242 1245
1245 1304
1245 1639
1247 1784
1252 1420
1254 1321
1255 1530
1259 1789
1265 1625
1270 1280
1272 1478
1272 1781
1274 1309
1274 1362
1274 1438
1274 1439
1274 1624
1274 1636
1274 1682
1274 1819
1274 1905
1274 1961
1276 1280
1278 1622
1280 1880
1281 1354
1281 1705
1286 1527
1288 1372
1288 1549
1290 1566
1294 1682
1298 1309
1299 1622
1302 1466
1302 1523
1302 1530
1302 1622
1302 1789
1302 1952
1308 1309
1308 1313
1309 1339
1309 1463
1309 1480
1309 1518
1309 1862
1313 1407
1313 1700
1313 1997
1319 1885
1321 1767
1323 1961
1325 1812
1327 1966
1328 1682
1345 1577
1345 1777
1348 1751
1349 1554
1351 1746
1353 1489
1353 1974
1359 1923
1360 1362
1360 1364
1362 1672
1362 1692
1362 1886
1362 1970
1364 1501
1364 1782
1364 1807
1365 1524
1365 1682
1367 1905
1368 1713
1372 1373
1372 1374
1372 1375
1372 1376
1373 1438
1374 1622
1374 1841
1375 1980
1378 1561
1378 1612
1383 1722
1387 1777
1394 1923
1395 1439
1397 1523
1397 1524
1397 1527
1402 1405
1405 1459
1405 1611
1405 1738
1413 1850
1416 1457
1419 1632
1420 1782
1420 1863
1431 1457
1438 1950
1439 1440
1444 1664
1450 1966
1457 1518
1457 1868
1459 1636
1466 1511
1466 1565
1466 1651
1471 1478
1478 1539
1478 1660
1481 1934
1482 1974
1487 1769
1489 1522
1500 1935
1509 1527
1516 1829
1517 1611
1521 1777
1521 1778
1524 1878
1526 1974
1527 1819
1527 1859
1530 1566
1530 1625
1530 1742
1530 1959
1531 1829
1535 1934
1541 1637
1548 1549
1549 1635
1554 1594
1554 1937
1566 1829
1571 1738
1574 1577
1577 1647
1581 1746
1581 1768
1581 1961
1583 1789
1594 1597
1597 1600
1597 1616
1604 1850
1611 1784
1613 1622
1613 1725
1618 1781
1622 1776
1625 1788
1625 1927
1631 1812
1632 1861
1636 1819
1636 1878
1637 1680
1647 1961
1654 1777
1658 1853
1663 1726
1663 1922
1666 1738
1676 1751
1680 1841
1681 1966
1690 1846
1701 1722
1701 1746
1705 1962
1709 1829
1710 1841
1713 1753
1722 1752
1722 1753
1722 1754
1723 1777
1725 1726
1725 1727
1732 1777
1736 1767
1736 1919
1738 1857
1746 1875
1747 1934
1751 1895
1764 1812
1765 1853
1777 1943
1778 1832
1784 1843
1787 1935
1789 1794
1789 1818
1789 1845
1789 1852
1789 1910
1797 1885
1803 1966
1812 1875
1812 1921
1812 1939
1828 1850
1829 1842
1829 1959
1850 1916
1853 1854
1854 1905
1876 1980
1897 1961
1916 1952
1935 1936
1966 1967
