0 10
0 13
2 493
4 847
5 1799
9 356
9 1125
10 48
10 226
10 304
10 334
10 939
10 1007
10 1008
10 1009
10 1010
10 1011
10 1012
10 1013
10 1014
10 1015
11 352
11 395
13 51
13 167
13 1153
13 1422
13 1529
13 1611
13 1726
13 1842
13 1926
18 169
18 204
18 450
19 453
20 1462
24 1748
28 453
30 1405
31 755
32 387
32 1640
34 1100
37 416
38 412
38 1627
40 411
41 1784
42 270
43 1940
45 1496
46 356
46 1499
49 455
49 508
49 1728
51 979
51 1499
54 520
54 1627
57 584
58 409
62 666
62 991
65 234
65 647
65 1321
70 415
71 1330
73 453
74 1054
75 1646
75 1728
79 370
79 1186
80 412
81 1531
82 1199
84 1573
85 1903
89 647
89 1548
90 1432
90 1462
91 493
92 107
92 352
95 1799
96 991
96 1496
97 414
97 1245
100 1417
104 234
104 1903
106 107
106 108
106 109
106 110
106 111
106 112
106 113
106 114
106 115
106 116
107 407
107 477
107 666
107 681
107 813
107 880
107 897
107 959
107 1017
107 1125
107 1525
107 1648
107 1816
107 1864
110 1353
111 619
113 991
114 416
114 1871
115 414
115 416
115 1296
115 1640
118 277
123 1407
123 1573
124 1415
127 847
129 1173
130 704
131 1608
133 918
135 136
135 137
135 138
135 139
135 140
135 141
135 142
135 143
135 144
135 145
135 146
138 1405
139 979
139 1298
139 1871
142 1296
144 1875
145 165
145 288
145 437
145 502
145 520
145 639
145 771
145 981
145 1167
145 1353
145 1539
145 1559
145 1721
145 1748
145 1829
145 1915
147 151
151 170
151 227
151 791
151 861
151 1078
151 1518
151 1533
151 1549
151 1581
151 1696
151 1755
153 584
155 165
156 454
156 520
156 991
158 352
158 354
159 449
159 807
159 847
161 412
161 447
162 389
162 1887
164 1915
165 481
165 1126
165 1399
165 1413
165 1428
165 1866
165 1918
166 1404
167 1282
169 170
169 171
169 172
169 173
169 174
169 175
169 176
169 177
170 300
170 590
170 647
170 813
170 1049
170 1305
170 1404
170 1499
170 1589
170 1658
170 1871
170 1903
170 1911
170 1940
170 1953
171 1008
171 1517
171 1953
174 666
174 1784
175 837
177 647
180 1353
180 1748
182 864
184 308
184 1167
188 217
189 1338
189 1589
190 356
190 370
192 995
193 1573
194 755
194 1813
197 201
197 204
198 217
200 402
200 1017
201 266
201 447
201 452
201 552
201 773
201 1016
201 1021
201 1397
201 1489
201 1554
201 1555
201 1628
201 1957
203 230
204 639
204 793
204 798
204 835
204 916
204 1222
204 1301
204 1675
204 1980
207 248
208 217
211 395
211 1407
212 619
212 1496
214 1403
215 455
216 1120
216 1911
217 324
217 349
217 785
217 796
217 1150
217 1300
217 1304
217 1834
220 1640
220 1690
221 1499
222 1017
223 277
225 1296
225 1556
226 1017
230 341
230 579
230 772
230 842
230 1110
230 1161
230 1476
230 1513
230 1558
230 1559
231 234
233 1711
234 345
234 447
234 604
234 822
234 1607
235 1049
241 270
242 847
244 354
244 1517
246 248
246 249
247 263
248 482
248 963
248 986
248 1102
248 1247
248 1373
248 1566
248 1567
248 1797
248 1937
248 1963
249 303
249 508
249 607
249 627
249 629
249 900
249 958
249 1220
249 1552
249 1560
249 1642
251 812
252 949
254 880
254 897
255 1646
256 1414
262 1953
263 639
263 642
263 822
263 1181
263 1211
263 1306
263 1367
263 1427
263 1839
264 402
264 508
264 1404
265 270
267 1432
267 1864
268 1993
269 755
270 447
270 492
270 1187
270 1901
271 455
272 1864
274 277
276 448
277 311
277 372
277 707
277 713
277 742
277 834
277 1067
277 1276
278 520
279 372
279 1911
281 447
281 755
281 813
282 864
282 880
283 1887
286 415
287 288
287 290
288 301
288 346
288 458
288 572
288 645
288 945
288 1101
288 1367
288 1486
288 1698
288 1750
290 327
290 346
290 551
290 968
290 1282
290 1665
290 1676
290 1689
292 1530
293 1353
294 1640
295 1403
296 508
296 1415
297 298
297 299
297 300
297 301
297 302
297 303
297 304
297 305
297 306
298 1353
298 1415
300 409
300 429
300 447
300 511
300 584
300 949
300 1054
300 1085
300 1117
300 1120
300 1199
300 1298
300 1384
300 1646
300 1711
300 1799
301 880
301 1125
301 1432
302 633
303 447
304 903
307 308
308 332
308 366
308 953
308 1142
308 1282
308 1972
310 1381
311 1799
312 1018
312 1993
313 1403
316 546
316 1711
317 321
321 347
321 491
321 1037
321 1089
321 1210
321 1304
321 1597
321 1834
324 493
325 1728
327 1446
328 957
329 453
329 493
329 1711
330 1289
332 1877
333 1381
334 1414
335 647
336 864
337 1199
337 1405
337 1517
338 592
338 1381
340 1125
342 553
342 1711
346 579
346 837
346 1048
348 1978
351 1971
352 381
352 412
352 451
352 1154
352 1241
352 1472
352 1507
352 1767
354 461
354 471
354 591
354 813
354 890
354 1564
354 1934
355 356
356 615
356 771
356 776
356 804
356 1108
356 1298
356 1607
356 1764
357 1282
357 1728
359 637
360 1417
360 1556
364 563
364 830
365 807
365 957
370 371
370 372
370 373
370 374
370 375
370 376
370 377
370 378
370 379
372 387
372 436
372 508
372 579
372 639
372 864
372 898
372 918
372 979
372 1034
372 1289
372 1418
372 1700
372 1744
372 1801
373 1309
377 1414
377 1415
377 1417
377 1418
380 387
380 389
381 1048
381 1763
387 693
387 850
387 1079
387 1247
387 1488
387 1749
388 1289
389 549
389 551
389 770
389 953
389 1008
389 1293
389 1301
389 1686
389 1759
389 1868
389 1931
389 1988
390 415
390 1167
392 395
392 402
395 508
395 536
395 689
395 716
395 751
395 871
395 1084
395 1529
395 1675
396 1414
399 1627
400 1049
400 1915
401 449
401 1100
402 813
402 1274
402 1520
402 1691
402 1710
403 436
403 1432
406 1530
407 619
408 1085
409 410
409 411
409 412
409 413
409 414
409 415
409 416
409 417
409 418
409 419
409 420
409 421
410 508
411 457
411 735
411 862
411 1116
411 1143
411 1408
411 1718
411 1753
411 1862
411 1867
412 456
412 522
412 633
412 737
412 756
412 1455
412 1750
413 812
413 1305
414 987
415 440
415 511
415 582
415 728
415 1323
415 1512
415 1580
416 432
416 461
416 722
416 791
416 956
416 1171
416 1303
416 1384
418 513
418 650
418 826
418 898
418 1031
418 1071
418 1123
418 1401
418 1648
418 1746
418 1788
419 1117
420 1304
421 1167
422 429
423 1321
423 1432
423 1496
429 614
429 681
429 823
429 885
429 955
429 1132
429 1138
429 1233
429 1265
429 1337
429 1369
432 626
435 949
435 1439
436 437
436 438
436 439
436 440
436 441
436 442
436 443
436 444
436 445
436 446
437 1415
437 1953
439 1531
441 626
443 1417
446 1417
447 448
447 449
447 450
447 451
447 452
447 453
447 454
447 455
447 456
448 524
448 713
448 862
448 929
448 1388
448 1674
448 1872
449 487
449 532
449 775
449 1231
449 1232
449 1233
449 1234
450 524
450 833
450 980
450 1487
450 1723
450 1771
450 1778
452 979
453 728
453 846
453 1128
453 1176
453 1284
454 1427
454 1474
454 1475
454 1488
455 656
455 953
455 975
455 1012
455 1525
455 1577
455 1879
458 897
462 1018
466 663
466 1864
468 647
469 880
471 1120
471 1915
474 1353
475 647
475 1728
477 478
477 479
477 480
477 481
477 482
477 483
477 484
477 485
479 508
479 1008
481 1993
483 1167
487 647
487 1125
488 1960
490 592
493 757
493 795
493 821
493 994
493 997
493 1229
493 1257
493 1611
493 1697
493 1959
494 1117
495 1321
499 1321
502 619
502 991
504 979
504 1173
504 1185
506 1125
508 850
508 885
508 1008
508 1304
508 1350
508 1432
508 1746
508 1763
508 1993
509 1049
509 1608
510 1017
516 1887
520 521
520 522
520 523
520 524
520 525
520 526
520 527
529 1690
530 1418
531 637
531 1100
534 1640
537 666
537 1017
538 1008
538 1102
540 546
543 1763
544 1782
544 1912
545 1548
546 721
546 875
546 1115
546 1298
546 1303
546 1412
546 1721
546 1744
546 1839
548 1877
549 1556
550 553
551 563
552 1953
553 576
553 815
553 878
553 1102
553 1230
553 1370
553 1491
553 1492
557 1049
560 663
561 563
562 1875
563 1203
563 1339
563 1371
563 1611
563 1651
563 1670
563 1754
565 1173
568 812
568 813
569 1185
570 1054
571 578
571 579
572 666
573 1813
576 755
577 1054
577 1404
578 579
578 696
578 759
578 823
578 1170
578 1354
578 1420
578 1495
578 1712
579 626
579 663
579 813
579 980
579 1204
579 1243
579 1334
579 1438
579 1462
579 1556
579 1879
580 1404
580 1611
581 1404
581 1782
583 1403
584 635
584 877
584 923
584 1098
584 1228
584 1281
584 1297
584 1366
584 1630
584 1808
585 1245
585 1530
587 592
589 1381
590 647
590 1404
592 639
592 845
592 1334
592 1343
592 1388
592 1635
592 1765
592 1890
599 1548
612 1199
614 1414
614 1446
619 700
619 753
619 923
619 1003
619 1065
619 1281
619 1282
619 1283
619 1284
622 1120
622 1875
623 1517
625 626
626 743
626 744
626 745
627 1407
628 633
630 1309
630 1496
631 1517
633 789
633 866
633 1022
633 1536
633 1550
633 1607
633 1634
634 1085
634 1415
635 1206
636 1627
636 1816
637 638
637 639
637 640
637 641
637 642
638 1423
639 646
639 1154
639 1163
639 1173
639 1206
639 1241
639 1331
639 1371
639 1381
639 1496
639 1531
646 991
647 1543
647 1671
648 807
648 1102
650 1960
652 1782
655 663
656 979
658 1305
658 1611
662 1017
662 1530
663 681
663 757
663 788
663 990
663 1099
663 1131
663 1147
663 1597
663 1703
665 666
666 793
666 1128
666 1395
666 1396
666 1397
666 1398
670 1915
671 1417
671 1530
674 1499
676 1403
676 1417
678 1711
681 1018
682 1748
683 1048
683 1102
683 1289
685 1417
688 1404
689 1117
689 1627
690 1499
691 1018
691 1415
691 1813
692 1185
695 1608
698 1298
698 1887
700 1407
704 854
704 938
704 1036
704 1282
704 1366
706 1438
706 1711
710 1548
713 1711
717 903
718 1417
720 949
720 1573
724 1432
727 755
727 1405
732 1185
734 1887
736 1405
737 1049
742 812
742 1903
746 755
748 1875
751 1185
751 1887
754 1763
755 973
755 1179
755 1298
755 1581
755 1779
763 1186
763 1206
765 1782
765 1953
768 918
768 1173
769 1054
771 1405
771 1531
771 1993
774 1816
776 1405
777 1903
779 1199
782 1296
782 1439
782 1462
783 1530
784 1403
786 1915
792 1185
792 1496
793 1018
794 1305
795 847
798 1496
800 1446
802 807
805 903
806 1940
807 962
807 982
807 1129
807 1183
807 1611
807 1625
807 1672
807 1941
809 1782
809 1875
812 967
812 1008
812 1394
812 1700
812 1745
812 1781
812 1848
813 830
813 874
813 995
813 1048
813 1185
813 1321
813 1530
813 1944
813 1984
817 957
817 1423
818 995
818 1417
819 1864
820 1423
821 830
822 1813
824 1405
824 1530
825 1646
830 835
830 1136
830 1487
832 837
837 1180
837 1298
837 1397
837 1411
837 1729
842 949
844 1589
844 1816
845 918
846 995
847 982
847 1056
847 1089
847 1102
847 1539
847 1928
850 1085
850 1289
850 1871
851 1646
855 1912
857 1911
858 991
860 880
861 864
864 1217
864 1233
864 1285
864 1384
864 1512
864 1731
866 1877
872 1864
874 1304
878 1418
878 1690
879 1321
880 881
880 882
880 883
880 884
880 885
880 886
887 1330
888 1418
890 1404
891 1816
896 897
897 1533
899 1517
899 1711
899 1748
903 1282
903 1680
903 1947
909 949
909 1887
911 1403
912 1173
914 918
915 1282
915 1813
915 1971
917 1911
918 1358
918 1479
918 1923
919 1054
921 1403
922 1556
931 1117
935 949
937 1728
938 1960
940 1875
942 1117
946 1085
947 1185
949 950
949 951
949 952
949 953
949 954
949 955
952 1611
953 1548
956 957
957 1257
957 1481
957 1611
957 1981
958 1305
961 1100
961 1338
974 1782
977 979
978 1763
979 1109
979 1135
979 1218
979 1685
979 1936
979 1937
980 1784
981 1330
983 1120
983 1309
984 1690
985 1496
985 1784
986 1167
988 991
991 1003
991 1008
991 1274
991 1559
991 1708
991 1905
991 1922
994 1018
994 1407
995 1112
995 1249
995 1398
995 1448
995 1727
995 1742
995 1792
995 1888
995 1901
996 1407
996 1763
997 1690
1006 1446
1008 1126
1008 1161
1008 1282
1008 1403
1008 1456
1008 1551
1008 1706
1008 1749
1008 1782
1008 1828
1008 1960
1010 1199
1011 1381
1011 1711
1013 1418
1015 1446
1015 1799
1016 1017
1016 1018
1017 1624
1017 1626
1017 1968
1018 1559
1018 1611
1018 1758
1023 1417
1031 1338
1031 1627
1032 1915
1034 1499
1036 1784
1036 1877
1040 1877
1042 1499
1046 1048
1046 1049
1048 1184
1048 1375
1048 1768
1048 1791
1048 1965
1049 1247
1049 1350
1049 1376
1049 1932
1049 1948
1051 1418
1054 1220
1054 1598
1054 1599
1054 1600
1055 1405
1057 1338
1058 1439
1059 1338
1068 1381
1073 1381
1073 1711
1081 1330
1082 1296
1082 1418
1082 1813
1083 1321
1085 1145
1085 1228
1085 1482
1085 1658
1086 1199
1088 1381
1088 1423
1090 1953
1096 1864
1100 1101
1100 1102
1100 1103
1102 1186
1102 1303
1102 1304
1102 1307
1102 1415
1102 1417
1102 1439
1102 1548
1102 1627
1102 1978
1103 1282
1112 1940
1112 1978
1113 1944
1114 1423
1116 1608
1117 1126
1117 1194
1117 1295
1117 1527
1117 1698
1117 1751
1117 1766
1118 1120
1119 1978
1120 1526
1122 1309
1124 1125
1125 1534
1125 1802
1125 1918
1125 1919
1125 1923
1136 1330
1137 1199
1140 1877
1143 1415
1148 1462
1150 1186
1152 1940
1153 1304
1153 1305
1155 1296
1158 1403
1159 1199
1160 1589
1161 1548
1163 1799
1165 1748
1167 1565
1167 1738
1167 1901
1167 1998
1169 1871
1171 1439
1172 1876
1173 1198
1173 1408
1173 1899
1174 1407
1175 1432
1180 1517
1184 1185
1184 1186
1185 1265
1185 1336
1185 1609
1186 1426
1186 1456
1186 1643
1187 1298
1187 1304
1187 1438
1193 1245
1194 1199
1197 1915
1199 1356
1199 1390
1199 1706
1199 1778
1202 1338
1202 1531
1204 1640
1206 1664
1206 1972
1210 1763
1212 1417
1214 1321
1214 1404
1214 1446
1217 1405
1227 1627
1230 1763
1232 1548
1235 1338
1242 1245
1243 1608
1245 1304
1245 1639
1246 1407
1247 1784
1253 1407
1254 1321
1255 1353
1255 1530
1261 1876
1261 1877
1262 1763
1264 1403
1265 1330
1274 1309
1274 1438
1274 1439
1278 1960
1281 1414
1282 1393
1282 1407
1282 1414
1282 1875
1282 1876
1282 1877
1289 1290
1289 1291
1289 1292
1294 1640
1296 1297
1296 1298
1296 1299
1296 1300
1298 1309
1298 1338
1298 1352
1298 1480
1298 1690
1298 1703
1298 1706
1299 1627
1301 1589
1302 1530
1304 1337
1304 1423
1304 1446
1304 1573
1304 1611
1304 1640
1304 1728
1304 1813
1304 1912
1305 1346
1305 1389
1305 1424
1305 1526
1305 1555
1305 1643
1305 1854
1307 1573
1308 1309
1309 1339
1309 1463
1309 1480
1309 1518
1309 1862
1313 1407
1317 1690
1319 1728
1321 1767
1330 1537
1330 1611
1330 1649
1330 1668
1330 1744
1330 1837
1330 1933
1331 1940
1332 1381
1335 1864
1338 1339
1338 1340
1338 1341
1340 1531
1340 1903
1341 1813
1342 1403
1350 1646
1352 1381
1353 1489
1353 1534
1353 1704
1353 1974
1353 1988
1357 1944
1364 1782
1366 1608
1367 1548
1373 1438
1373 1875
1374 1414
1375 1940
1381 1803
1382 1640
1386 1499
1386 1799
1393 1415
1395 1439
1395 1903
1402 1403
1402 1404
1402 1405
1402 1407
1403 1512
1403 1791
1404 1569
1404 1762
1404 1856
1405 1459
1405 1611
1405 1738
1407 1575
1407 1901
1408 1728
1414 1485
1414 1562
1414 1563
1415 1482
1415 1542
1417 1564
1418 1516
1420 1782
1423 1516
1423 1546
1423 1819
1423 1820
1424 1816
1425 1960
1432 1433
1432 1434
1433 1728
1436 1627
1438 1950
1439 1440
1441 1499
1450 1496
1461 1871
1461 1993
1462 1679
1462 1680
1462 1765
1468 1496
1469 1903
1474 1816
1482 1573
1484 1573
1492 1911
1499 1633
1499 1634
1504 1813
1511 1799
1514 1953
1517 1611
1525 1876
1529 1589
1530 1566
1530 1625
1530 1742
1530 1959
1531 1719
1531 1828
1531 1829
1534 1589
1535 1608
1536 1640
1546 1887
1547 1640
1548 1549
1548 1550
1548 1551
1548 1552
1550 1871
1555 1782
1556 1557
1569 1573
1573 1851
1586 1960
1589 1699
1589 1708
1589 1791
1590 1940
1595 1799
1603 1871
1608 1609
1608 1610
1608 1611
1609 1887
1611 1784
1611 1820
1611 1887
1611 1971
1620 1813
1626 1971
1627 1635
1627 1708
1640 1758
1640 1804
1646 1879
1661 1816
1679 1877
1690 1846
1700 1911
1700 1953
1728 1743
1746 1875
1748 1847
1750 1799
1759 1813
1759 1912
1770 1915
1771 1911
1782 1783
1783 1911
1784 1843
1797 1871
1799 1806
1801 1953
1810 1813
1812 1875
1813 1951
1821 1903
1826 1940
1833 1944
1862 1864
1864 1918
1871 1873
1876 1980
1877 1929
1879 1993
1883 1912
1891 1912
1894 1960
1896 1912
1903 1908
1911 1917
1922 1993
1936 1944
1947 1971
1971 1972
1973 1978
1978 1986
1984 1993
