0 1
0 10
0 13
1 759
1 1247
1 1256
4 847
4 1624
6 993
8 811
8 936
10 48
10 226
10 304
10 334
10 939
10 1007
10 1008
10 1009
10 1010
10 1011
10 1012
10 1013
10 1014
10 1015
13 51
13 167
13 1153
13 1422
13 1529
13 1611
13 1726
13 1842
13 1926
16 96
16 583
18 169
20 636
20 1256
20 1259
20 1942
21 1145
22 379
22 849
23 1393
23 1961
24 1749
26 601
26 1002
28 1362
29 295
29 1256
31 96
31 1354
32 143
32 159
33 1984
34 1100
35 113
35 159
35 754
38 412
38 532
38 601
38 1145
38 1258
40 257
44 48
45 1551
47 442
47 690
48 400
48 491
48 691
48 695
48 1234
48 1493
48 1863
49 1126
50 560
50 1259
53 97
53 655
53 1161
54 1626
55 690
55 1094
59 1094
59 1257
60 61
60 62
60 63
60 64
60 65
60 66
62 80
62 104
62 399
62 532
62 604
62 666
62 832
62 991
62 997
62 1144
62 1145
62 1146
62 1147
62 1148
62 1149
62 1150
64 583
65 171
65 234
67 69
67 70
69 121
69 171
69 350
69 364
69 365
69 366
69 367
69 368
69 369
70 89
70 399
70 415
70 716
70 886
70 1114
70 1230
70 1372
70 1550
70 1687
71 996
71 1103
71 1942
72 566
73 552
73 858
73 1145
75 733
75 1456
75 1616
75 1724
76 113
76 1074
77 257
77 699
78 79
78 80
78 81
78 82
78 83
78 84
78 85
79 1003
80 131
80 339
80 412
80 432
80 605
80 706
80 811
80 922
80 1002
80 1074
80 1461
80 1724
80 1855
81 1074
84 1705
85 1903
87 1736
89 220
89 273
89 1221
90 293
90 566
93 96
93 97
94 432
94 1605
94 1706
96 205
96 385
96 431
96 564
96 774
96 991
96 1055
96 1496
96 1650
97 213
97 414
97 597
97 733
97 924
97 936
97 1245
97 1256
97 1310
97 1354
97 1440
97 1705
97 1923
101 103
101 104
101 105
102 159
102 1074
103 155
103 244
103 394
103 767
103 953
103 1233
103 1406
103 1449
103 1532
103 1638
103 1667
103 1913
104 194
104 234
104 552
104 560
104 667
104 699
104 729
104 789
104 868
104 1062
104 1082
104 1221
104 1616
104 1670
104 1850
104 1903
105 930
105 1015
105 1082
105 1168
105 1220
105 1506
105 1923
106 113
107 666
108 993
108 1705
109 845
109 1103
112 1046
112 1178
113 902
113 991
113 1576
113 1641
113 1660
113 1759
113 1863
113 1881
115 414
116 1547
119 1178
119 1736
120 560
123 1407
123 1749
125 1258
126 784
127 847
129 432
129 1342
130 704
131 167
132 273
133 393
135 143
138 1079
139 851
140 605
143 167
143 960
143 1191
143 1365
143 1632
144 1875
144 1922
145 502
145 1559
146 1682
152 1787
153 583
154 1561
155 156
155 157
155 158
155 159
155 160
155 161
155 162
155 163
155 164
155 165
155 166
155 167
155 168
156 991
157 502
157 1922
159 449
159 703
159 807
159 844
159 845
159 846
159 847
159 848
159 849
159 850
159 851
160 293
161 412
162 389
163 936
164 419
164 595
164 640
164 717
164 1164
164 1195
164 1285
164 1521
164 1696
164 1752
164 1842
164 1915
164 1964
165 1126
166 1147
167 293
167 442
167 636
167 877
167 993
167 1073
167 1282
167 1597
167 1605
167 1736
167 1869
167 1982
168 1094
169 170
169 171
169 172
169 173
169 174
169 175
169 176
169 177
170 1903
171 257
171 393
171 655
171 1008
171 1075
171 1213
171 1256
171 1283
171 1517
171 1547
171 1742
171 1953
172 636
173 566
173 789
174 666
174 851
174 936
175 733
177 502
179 1736
180 315
183 921
183 1145
184 308
184 911
184 1213
187 194
189 1002
190 292
190 845
191 993
191 1161
192 993
193 1749
194 548
194 643
194 755
194 1001
194 1813
194 1917
196 849
200 402
201 552
204 916
207 911
207 1149
207 1393
208 213
208 220
211 784
211 1407
212 560
213 304
213 530
213 638
213 1026
213 1065
214 605
214 1403
217 1150
220 1256
220 1348
220 1365
220 1640
220 1690
220 1820
221 988
222 1787
224 1706
225 1512
226 1147
228 811
229 1922
230 1161
230 1559
231 234
234 345
234 447
234 604
234 822
234 1607
235 667
240 877
240 939
240 1259
241 1705
242 847
242 1559
244 1517
250 754
251 812
251 1778
252 1003
253 257
254 729
256 1414
257 601
257 725
257 1045
257 1069
257 1075
257 1208
257 1352
257 1367
257 1554
257 1937
258 676
259 1706
261 1066
262 1456
264 402
265 273
273 432
273 764
273 956
273 1029
273 1136
276 1528
278 939
278 1736
279 845
281 988
285 911
285 1221
286 1706
287 290
287 292
287 293
287 295
288 1698
289 699
290 327
290 346
290 551
290 968
290 1282
290 1665
290 1676
290 1689
291 754
292 342
292 399
292 940
292 944
292 1090
292 1324
292 1467
292 1530
292 1720
293 630
293 750
293 772
293 1007
293 1352
293 1353
294 1551
295 498
295 738
295 741
295 803
295 959
295 1290
295 1358
295 1403
295 1737
295 1790
295 1854
295 1918
298 560
302 845
303 1145
304 903
305 569
305 911
305 1045
307 308
307 313
307 315
308 332
308 366
308 953
308 1142
308 1282
308 1972
310 432
312 1624
313 562
313 848
313 874
313 891
313 1114
313 1122
313 1403
313 1459
313 1561
313 1665
313 1694
313 1787
313 1805
315 679
315 757
315 926
315 1256
315 1501
315 1645
315 1880
315 1966
316 997
316 1147
316 1635
318 1583
323 1259
332 1877
333 379
334 1414
336 811
337 605
337 1014
337 1517
339 1221
339 1791
341 667
341 1775
345 1221
346 1003
349 1616
352 412
353 1066
357 993
357 1282
358 1062
362 593
365 807
365 936
370 379
371 1961
373 916
373 1309
374 858
376 1258
376 1342
377 1414
378 1145
378 1624
379 481
379 1270
379 1271
379 1272
379 1273
379 1274
379 1275
380 389
381 560
383 845
384 1082
384 1961
387 1079
387 1749
388 538
388 1079
388 1259
389 549
389 551
389 770
389 953
389 1008
389 1293
389 1301
389 1686
389 1759
389 1868
389 1931
389 1988
392 393
392 399
392 402
393 628
393 644
393 703
396 1257
396 1414
399 540
399 569
399 575
399 754
399 1012
399 1583
399 1627
399 1698
399 1775
399 1942
399 1984
401 1100
402 813
402 1274
402 1520
402 1691
402 1710
404 733
405 1736
409 412
409 414
412 456
412 522
412 633
412 737
412 756
412 1455
412 1750
413 812
413 1456
414 987
415 1512
416 432
417 1074
417 1178
419 667
422 432
426 1257
428 1147
432 596
432 626
432 673
432 1163
432 1422
432 1769
432 1932
435 1439
435 1736
436 442
438 939
441 626
442 692
442 980
442 1005
442 1071
442 1227
442 1433
442 1630
442 1703
442 1852
442 1963
446 1605
449 532
450 1778
458 939
464 1362
472 1636
476 729
477 479
478 1310
479 508
479 1008
479 1510
481 1922
485 1362
488 1146
488 1960
489 1583
491 1126
493 997
493 1257
496 497
496 498
496 499
496 500
496 501
496 502
496 503
496 504
497 1616
501 1724
502 543
502 600
502 619
502 984
502 991
502 1046
502 1094
502 1178
502 1528
502 1745
502 1769
502 1950
502 1951
505 1922
508 1008
509 1221
512 1737
514 593
515 1082
515 1778
518 566
518 1724
523 924
523 1013
523 1066
528 532
528 538
531 1100
532 824
532 1087
532 1325
532 1471
532 1607
532 1712
533 1736
533 1778
537 666
538 683
538 712
538 1008
538 1080
538 1102
538 1557
538 1648
540 541
540 542
540 543
540 544
540 545
540 546
540 547
540 548
540 549
543 1635
544 1782
545 1636
548 566
548 921
548 1877
550 552
550 560
551 984
552 628
552 972
552 1050
552 1124
552 1201
552 1335
552 1509
552 1812
552 1934
552 1953
556 851
556 1547
560 663
560 834
560 1368
560 1507
560 1518
560 1519
561 566
561 569
562 868
562 1875
563 1670
565 849
565 1708
566 1031
566 1256
567 1791
568 811
568 812
569 999
569 1099
569 1185
569 1227
569 1260
569 1591
569 1681
572 666
572 858
575 1456
577 1148
578 1354
579 626
579 1438
581 1782
583 634
583 798
583 1169
583 1351
583 1403
583 1449
583 1745
583 1761
584 877
585 845
585 1245
587 593
592 845
592 1635
593 1103
595 1146
597 601
597 605
598 1014
598 1775
599 916
599 993
600 1258
600 1698
601 925
601 1224
601 1367
601 1610
601 1635
601 1674
601 1758
601 1767
601 1778
601 1779
601 1780
601 1781
604 1256
604 1706
605 738
605 1335
605 1845
605 1898
605 1913
605 1963
608 1512
608 1922
609 1855
610 699
613 1705
614 1414
616 699
618 789
619 1003
619 1282
622 1875
623 1342
623 1517
625 626
626 743
626 744
626 745
627 1407
628 636
629 1393
630 1045
630 1309
631 1517
633 789
636 850
636 1010
636 1033
636 1250
636 1390
636 1627
636 1678
636 1816
636 1920
636 1930
646 991
646 1705
646 1736
648 807
648 1014
648 1046
650 1103
650 1960
652 1782
655 656
655 657
655 658
655 659
655 660
655 661
655 662
655 663
655 664
656 1624
657 1161
657 1961
658 733
659 849
659 1787
663 1147
664 1775
665 666
665 667
666 793
666 1128
666 1395
666 1396
666 1397
666 1398
667 869
667 1043
667 1112
667 1896
667 1990
668 1922
671 1528
673 676
674 1942
675 1698
676 707
676 824
676 912
676 1403
676 1417
676 1555
676 1707
676 1832
678 877
684 1583
684 1636
685 1393
687 984
687 1561
689 1698
690 835
690 1152
690 1153
690 1256
690 1499
690 1501
691 1259
692 868
694 1551
697 784
697 911
697 1605
699 705
699 983
699 1107
699 1949
700 1407
700 1624
704 854
704 938
704 1036
704 1282
704 1366
705 1149
706 1438
712 1626
714 754
717 903
722 1062
723 729
725 1046
729 1665
729 1769
729 1941
731 1787
733 801
733 843
733 872
733 1105
733 1806
733 1952
733 1973
742 812
742 1903
743 1259
744 988
744 1293
744 1393
746 754
747 858
748 1875
754 1344
754 1703
754 1762
754 1763
754 1764
757 832
762 1150
765 832
765 1782
768 1178
769 1148
770 1616
771 849
771 1855
777 1094
777 1256
777 1903
781 1682
782 1439
784 878
784 1081
784 1159
784 1176
784 1238
784 1403
784 1463
784 1710
784 1914
784 1925
785 789
789 1434
789 1880
793 1066
795 847
798 1147
799 1778
800 1146
801 1354
802 807
803 936
803 1158
804 845
805 903
807 962
807 982
807 1129
807 1183
807 1611
807 1625
807 1672
807 1941
808 1310
809 1782
809 1875
811 844
811 1228
811 1264
811 1348
811 1450
812 967
812 1008
812 1394
812 1700
812 1745
812 1781
812 1848
813 1984
816 1984
817 988
817 1559
818 1045
819 1310
823 997
823 1456
824 1274
825 1512
832 833
832 834
832 835
832 836
832 837
833 1013
835 1079
836 1274
836 1354
836 1850
842 1393
845 918
845 1453
845 1454
846 1583
847 982
847 1056
847 1089
847 1102
847 1539
847 1928
849 865
849 1073
849 1275
849 1287
849 1916
851 1251
851 1264
851 1290
851 1646
852 858
853 1062
858 991
858 1442
858 1610
858 1709
858 1766
858 1854
858 1905
861 868
862 1616
863 1559
864 1512
866 1877
868 1073
868 1246
868 1645
868 1870
871 1682
871 1942
874 1362
876 877
877 1051
877 1450
877 1800
877 1869
877 1895
877 1976
879 988
879 1778
892 1258
899 1517
901 1736
902 1982
903 1282
903 1680
903 1947
904 1705
905 911
908 1605
911 1033
911 1403
911 1443
911 1470
911 1563
911 1612
914 916
914 921
915 1148
915 1282
916 1103
916 1184
916 1280
919 1393
920 1003
921 1195
921 1403
921 1820
922 1682
923 924
924 1198
924 1497
924 1872
925 939
929 1221
929 1561
933 1103
933 1778
934 936
936 1086
936 1661
938 1045
938 1960
939 1141
939 1325
939 1400
939 1722
940 1737
940 1875
942 1635
945 1961
951 1551
955 1605
957 1257
959 1147
961 1100
964 996
964 997
974 1782
975 1045
976 1456
980 1178
982 984
983 1309
984 1448
984 1480
984 1644
984 1690
984 1838
987 1094
987 1855
988 989
988 990
988 991
988 992
991 1003
991 1008
991 1274
991 1559
991 1708
991 1905
991 1922
993 1083
993 1273
993 1359
993 1466
993 1777
994 1046
994 1407
996 1407
996 1575
996 1587
996 1763
996 1818
996 1996
997 1026
997 1411
997 1508
997 1690
997 1772
997 1822
1000 1002
1000 1003
1003 1092
1003 1411
1003 1412
1007 1528
1008 1126
1008 1161
1008 1282
1008 1403
1008 1456
1008 1551
1008 1706
1008 1749
1008 1782
1008 1828
1008 1960
1009 1775
1011 1180
1011 1381
1011 1471
1011 1711
1013 1418
1013 1436
1014 1279
1014 1350
1014 1464
1014 1465
1014 1466
1014 1467
1014 1468
1017 1624
1017 1626
1018 1559
1025 1737
1027 1708
1031 1148
1035 1528
1036 1877
1038 1670
1040 1877
1043 1045
1044 1736
1045 1136
1045 1358
1045 1444
1045 1717
1046 1047
1046 1048
1046 1049
1048 1791
1055 1942
1058 1439
1059 1456
1062 1334
1062 1906
1064 1778
1064 1942
1065 1079
1065 1670
1066 1256
1066 1422
1066 1434
1066 1526
1066 1666
1066 1667
1067 1736
1070 1074
1071 1293
1074 1170
1076 1158
1076 1293
1076 1787
1078 1528
1079 1080
1079 1081
1079 1082
1079 1083
1079 1084
1082 1218
1082 1296
1082 1418
1082 1614
1082 1626
1082 1629
1082 1813
1083 1855
1085 1145
1092 1635
1092 1636
1094 1316
1094 1449
1094 1667
1094 1780
1094 1849
1094 1902
1097 1624
1100 1101
1100 1102
1100 1103
1101 1147
1102 1439
1103 1277
1103 1282
1103 1493
1103 1586
1103 1742
1103 1838
1103 1935
1107 1221
1115 1942
1116 1213
1117 1126
1117 1698
1122 1309
1122 1583
1124 1126
1126 1205
1126 1235
1127 1682
1132 1150
1132 1274
1136 1161
1140 1877
1141 1961
1144 1146
1145 1437
1145 1789
1145 1935
1146 1326
1146 1327
1146 1572
1146 1934
1147 1483
1148 1240
1148 1286
1148 1398
1148 1425
1148 1460
1148 1461
1148 1462
1148 1463
1149 1174
1149 1219
1149 1939
1150 1186
1150 1326
1150 1715
1152 1942
1154 1158
1154 1161
1158 1263
1158 1403
1158 1622
1158 1664
1158 1703
1158 1974
1161 1548
1161 1591
1161 1870
1165 1213
1171 1439
1172 1705
1172 1876
1174 1407
1177 1456
1177 1778
1178 1241
1178 1544
1178 1770
1178 1771
1180 1517
1183 1257
1186 1456
1187 1438
1188 1724
1189 1528
1192 1636
1193 1245
1196 1708
1199 1706
1199 1778
1211 1708
1213 1497
1213 1586
1213 1935
1221 1576
1222 1635
1224 1635
1226 1749
1229 1342
1239 1528
1241 1310
1241 1342
1241 1605
1242 1245
1243 1635
1245 1304
1245 1639
1246 1407
1253 1407
1256 1257
1256 1258
1256 1259
1257 1285
1257 1603
1257 1899
1258 1346
1258 1398
1258 1422
1258 1448
1258 1501
1258 1753
1259 1363
1259 1649
1259 1789
1261 1876
1261 1877
1262 1624
1264 1403
1274 1309
1274 1362
1274 1438
1274 1439
1274 1624
1274 1636
1274 1682
1274 1819
1274 1905
1274 1961
1277 1605
1278 1960
1281 1354
1281 1414
1281 1705
1282 1393
1282 1407
1282 1414
1282 1875
1282 1876
1282 1877
1283 1605
1288 1670
1292 1559
1293 1294
1293 1295
1294 1682
1298 1309
1298 1706
1299 1310
1299 1942
1308 1309
1308 1310
1309 1339
1309 1463
1309 1480
1309 1518
1309 1862
1310 1465
1310 1543
1310 1570
1310 1861
1310 1933
1310 1995
1312 1626
1313 1407
1319 1922
1323 1961
1328 1682
1332 1583
1334 1393
1339 1724
1340 1903
1342 1403
1342 1717
1344 1528
1351 1984
1359 1922
1360 1362
1361 1791
1362 1672
1362 1692
1362 1886
1362 1970
1364 1782
1365 1682
1373 1438
1373 1875
1374 1414
1378 1561
1390 1393
1393 1415
1393 1460
1393 1901
1393 1983
1395 1439
1395 1903
1402 1403
1402 1407
1403 1512
1403 1791
1407 1575
1407 1901
1410 1635
1411 1559
1413 1850
1414 1485
1414 1562
1414 1563
1420 1782
1425 1624
1425 1960
1426 1724
1431 1624
1438 1950
1439 1440
1451 1547
1456 1615
1456 1755
1456 1774
1459 1636
1459 1855
1469 1903
1470 1635
1483 1551
1483 1626
1497 1791
1498 1791
1506 1942
1510 1512
1512 1591
1512 1710
1512 1801
1512 1867
1515 1547
1516 1559
1517 1611
1518 1984
1521 1778
1525 1876
1528 1976
1544 1775
1544 1942
1547 1640
1548 1551
1549 1635
1551 1771
1555 1782
1557 1670
1559 1869
1559 1947
1559 1948
1561 1619
1561 1653
1561 1938
1571 1775
1581 1706
1581 1961
1583 1643
1583 1692
1583 1789
1583 1835
1586 1960
1589 1708
1589 1791
1597 1616
1601 1670
1604 1850
1605 1606
1605 1607
1610 1982
1615 1670
1616 1621
1616 1648
1616 1951
1624 1857
1626 1971
1627 1635
1627 1708
1628 1724
1631 1749
1636 1819
1636 1878
1647 1961
1654 1982
1663 1922
1666 1737
1670 1854
1679 1877
1689 1708
1692 1698
1698 1699
1698 1700
1698 1701
1705 1962
1706 1707
1708 1709
1736 1767
1736 1919
1746 1875
1749 1843
1778 1832
1782 1783
1785 1787
1787 1793
1787 1935
1787 1956
1791 1857
1812 1875
1821 1903
1822 1922
1828 1850
1850 1916
1863 1942
1876 1980
1877 1929
1878 1982
1894 1960
1897 1961
1903 1908
1922 1993
1981 1982
1984 1993
