0 13
2 493
2 1542
2 1570
4 847
4 906
4 910
4 1584
9 906
10 226
10 1015
11 91
11 395
11 1885
13 51
13 167
13 1153
13 1422
13 1529
13 1611
13 1726
13 1842
13 1926
14 16
14 20
15 1955
16 96
16 304
16 347
16 583
16 1064
16 1507
16 1759
18 526
18 1350
20 322
20 587
20 636
20 887
20 1042
20 1110
20 1256
20 1259
20 1454
20 1462
20 1668
20 1907
20 1942
21 869
22 379
25 809
26 149
27 29
27 31
27 34
28 1362
29 295
29 710
29 942
29 1130
29 1256
29 1505
29 1539
29 1570
29 1858
30 1405
31 73
31 96
31 226
31 509
31 755
31 874
31 1114
31 1266
31 1354
31 1972
32 387
32 1640
34 110
34 222
34 404
34 1096
34 1100
34 1181
34 1396
34 1586
34 1629
34 1750
34 1798
34 1892
36 37
37 206
37 368
37 416
37 572
37 665
37 703
37 917
37 1171
37 1570
37 1582
39 141
39 526
41 610
44 47
44 53
44 57
47 226
47 338
47 442
47 472
47 688
47 689
47 690
47 691
47 692
48 1234
49 508
49 1728
51 1064
52 906
53 97
53 98
53 336
53 655
53 665
53 871
53 878
53 938
53 1161
54 163
56 870
57 480
57 584
57 693
57 860
57 982
57 1130
57 1134
57 1508
57 1637
57 1928
60 64
62 991
62 1147
63 259
64 226
64 256
64 522
64 529
64 583
64 671
64 1284
64 1686
64 1802
65 810
65 1929
66 596
66 906
66 1525
68 1831
70 1687
71 985
71 1103
71 1330
71 1586
73 982
74 311
75 1728
79 1234
79 1352
81 1893
82 870
82 985
83 610
84 1337
84 1573
86 91
88 723
90 1432
91 367
91 487
91 493
91 1518
91 1568
91 1675
91 1797
94 1015
96 774
96 991
97 1245
104 1062
105 1015
105 1506
107 1017
107 1525
109 1103
110 250
110 850
112 1831
113 991
114 876
114 1871
115 1640
117 119
119 707
119 732
119 1038
119 1178
119 1326
119 1736
120 203
120 378
120 1570
122 134
123 1573
126 784
127 250
127 847
129 1243
130 707
132 1969
134 580
134 946
134 981
134 1116
134 1379
134 1507
134 1579
134 1843
134 1884
135 141
136 1087
138 1405
139 707
139 876
139 1871
141 319
141 440
141 1009
141 1447
141 1802
147 149
149 330
149 468
149 952
149 1409
150 1841
153 580
154 774
155 163
156 991
158 340
159 847
159 850
160 163
162 1887
163 181
163 307
163 329
163 444
163 643
163 936
163 982
163 1119
163 1278
163 1586
163 1702
166 1147
166 1197
167 636
167 1869
169 172
170 1871
171 1213
171 1517
172 636
172 749
172 999
172 1270
172 1703
172 1704
175 638
176 1308
180 1172
181 966
182 358
182 1410
183 1317
184 1213
184 1214
185 707
185 1329
188 217
190 867
190 1955
193 1506
193 1573
194 1001
194 1813
197 203
198 217
200 296
200 1017
200 1542
202 1880
203 221
203 222
203 223
203 224
203 225
203 226
203 227
203 228
203 229
203 230
205 986
208 217
209 682
209 686
211 395
211 784
213 530
213 638
215 1655
217 324
217 349
217 785
217 796
217 1150
217 1300
217 1304
217 1834
220 1640
220 1820
221 314
221 910
222 1017
224 1237
226 312
226 314
226 461
226 596
226 632
226 665
226 982
226 1015
226 1017
226 1147
226 1172
229 1939
230 772
230 1513
237 238
238 624
238 753
238 982
238 1101
238 1507
238 1664
240 744
242 847
243 1506
244 1517
244 1691
245 250
245 1214
245 1969
246 249
246 250
247 259
247 264
248 986
249 303
249 508
249 607
249 627
249 629
249 900
249 958
249 1220
249 1552
249 1560
249 1642
250 482
250 567
250 602
250 614
250 754
250 853
250 952
250 972
250 1807
251 1778
252 857
252 949
252 1243
252 1447
254 840
255 1647
257 1352
259 283
259 640
259 773
259 1570
259 1706
259 1710
259 1829
260 632
260 1317
260 1841
261 1187
264 402
264 508
264 645
264 1101
264 1232
264 1273
264 1404
264 1511
264 1720
266 1447
266 1513
267 707
267 1432
268 906
269 1542
270 1187
271 638
271 1687
272 1087
272 1893
274 286
275 658
276 1410
277 311
277 707
279 355
279 1087
282 1939
283 1887
285 1820
286 415
286 440
286 606
286 1143
286 1322
286 1447
286 1494
286 1706
286 1732
286 1740
286 1746
286 1843
287 296
290 1689
292 940
293 772
293 1352
294 1640
296 508
296 1030
296 1384
296 1415
296 1455
296 1485
296 1868
300 949
300 1085
301 1432
303 1410
307 311
307 312
307 314
309 355
311 358
311 585
311 589
311 695
311 735
311 931
311 1799
311 1916
311 1996
312 503
312 1018
312 1154
312 1194
312 1280
312 1522
312 1624
312 1993
314 437
314 1231
314 1579
314 1842
314 1868
314 1882
315 1880
316 952
316 1147
316 1172
317 321
319 840
321 347
321 491
321 1037
321 1089
321 1210
321 1304
321 1597
321 1834
324 493
325 1728
328 1929
329 493
330 1289
333 379
337 610
337 1405
337 1517
338 857
338 1172
338 1197
338 1584
340 697
340 751
340 952
340 969
340 1125
340 1345
340 1379
340 1401
340 1729
342 553
344 1410
347 869
347 1329
351 1971
353 870
354 461
355 356
355 357
355 358
355 359
355 360
355 361
355 362
355 363
357 1728
358 530
358 536
358 547
358 559
358 610
358 630
358 940
358 952
358 1062
358 1063
358 1064
358 1065
359 444
359 637
359 1932
361 1939
363 1655
364 563
365 1542
369 1172
370 373
370 378
370 379
372 387
372 508
372 1289
373 549
373 834
373 916
373 1065
373 1177
373 1309
373 1586
373 1639
375 1655
378 456
378 575
378 616
378 878
378 1041
378 1145
378 1302
378 1624
378 1632
378 1758
378 1853
378 1980
379 481
379 1270
379 1271
379 1272
379 1273
379 1274
379 1275
380 387
381 1763
384 638
385 1172
387 693
387 850
387 1079
387 1247
387 1488
387 1749
388 1289
392 395
394 985
394 1410
395 508
395 536
395 689
395 716
395 751
395 871
395 1084
395 1529
395 1675
397 1237
398 1317
401 1368
401 1542
402 1274
402 1691
403 1432
406 1929
407 870
408 1085
409 413
410 505
410 508
413 459
413 812
413 865
413 1191
413 1305
413 1456
413 1532
413 1586
416 461
420 878
420 1304
420 1820
423 1432
427 940
428 1147
428 1350
429 885
429 1132
429 1337
432 596
432 1932
434 1820
435 559
435 949
435 1439
435 1689
436 444
438 1243
444 743
444 780
444 956
444 1031
444 1175
444 1677
444 1975
446 1509
449 1234
450 1778
451 857
451 1885
452 1655
455 1525
457 461
458 940
460 1187
461 499
461 547
461 665
461 716
461 879
461 1180
461 1384
461 1458
461 1459
462 1197
462 1410
464 1362
464 1687
465 982
468 772
471 1234
471 1314
472 1636
475 1728
476 1870
477 479
479 508
479 1008
479 1510
481 1893
483 526
485 1362
488 1542
488 1960
489 638
489 836
491 850
492 1929
493 757
493 795
493 821
493 994
493 997
493 1229
493 1257
493 1611
493 1697
493 1959
494 1243
499 876
502 984
502 991
504 610
505 562
505 780
505 835
505 866
505 952
505 1031
505 1313
505 1413
505 1508
505 1922
505 1950
508 850
508 885
508 1008
508 1304
508 1350
508 1432
508 1746
508 1763
508 1993
510 1017
514 1015
514 1197
515 1778
516 1525
516 1887
518 1687
519 1317
520 526
526 878
526 1005
527 723
527 966
528 530
529 1072
530 671
530 762
530 828
530 1333
530 1418
530 1535
530 1753
530 1916
531 580
531 637
531 1509
532 1087
533 1778
534 1001
534 1640
537 1017
537 1197
539 658
543 1308
543 1763
544 1912
545 707
545 810
545 1525
545 1636
549 840
549 1368
550 553
550 559
551 563
551 867
551 984
552 1509
553 576
553 815
553 878
553 1102
553 1230
553 1370
553 1491
553 1492
555 1447
555 1656
558 836
559 654
559 1251
559 1686
559 1894
560 1368
561 563
562 878
563 1203
563 1339
563 1371
563 1611
563 1651
563 1670
563 1754
565 809
568 809
568 810
572 836
573 1064
573 1813
575 1072
576 906
576 1132
577 682
579 1243
580 623
580 1039
580 1319
580 1363
580 1404
580 1431
580 1515
580 1586
580 1611
580 1661
580 1821
581 906
582 1893
585 1245
586 840
587 596
593 1103
595 1647
596 942
596 1333
596 1365
596 1699
596 1717
596 1890
596 1909
596 1974
596 1980
599 1072
600 982
601 1778
607 610
609 1234
609 1513
610 653
610 699
610 1217
610 1246
610 1326
610 1480
615 857
616 885
616 1337
618 836
623 1517
624 1237
626 744
627 1509
628 632
628 636
630 1542
630 1869
631 1517
632 724
632 1004
632 1659
632 1714
632 1931
634 1085
636 850
636 1010
636 1033
636 1250
636 1390
636 1627
636 1678
636 1816
636 1920
636 1930
637 638
637 639
637 640
637 641
637 642
638 646
638 873
638 946
638 999
638 1087
638 1132
638 1423
638 1570
643 1880
646 991
648 810
650 1103
650 1960
651 707
651 744
654 774
655 658
658 733
658 1305
658 1596
658 1611
658 1758
660 1955
662 1017
663 990
663 1147
664 1880
667 869
669 772
676 707
679 810
682 691
682 736
682 816
682 952
682 1040
682 1232
682 1341
682 1502
682 1721
682 1748
682 1965
683 1289
684 1636
684 1969
686 691
686 730
686 1059
686 1093
686 1101
686 1292
686 1719
686 1743
686 1846
687 984
691 1813
694 1542
697 730
697 784
698 952
698 1887
703 1350
705 869
707 850
707 884
707 1540
707 1759
707 1966
713 1063
720 949
720 1573
722 1062
722 1172
723 724
723 725
723 726
723 727
723 728
723 729
723 730
723 731
723 732
724 1432
727 966
727 1405
728 1268
728 1932
730 796
730 810
730 867
730 870
730 952
730 1197
730 1265
730 1513
730 1796
730 1831
730 1880
730 1965
731 1015
734 1887
736 1405
738 1481
741 910
743 985
743 1689
744 808
744 988
744 1188
744 1293
744 1393
744 1570
744 1759
744 1848
751 1887
751 1955
752 1893
754 1763
760 1337
764 1929
766 1308
766 1584
768 1172
769 1932
771 1405
772 882
772 1064
772 1474
772 1865
772 1866
773 774
774 1064
774 1425
774 1767
774 1816
775 1197
776 1405
777 870
780 990
781 1187
782 1439
784 878
784 1081
784 1159
784 1176
784 1238
784 1403
784 1463
784 1710
784 1914
784 1925
789 1880
792 840
795 847
795 1584
798 910
798 1147
799 1352
799 1778
803 1584
807 982
807 1611
808 1481
809 831
809 860
809 1121
809 1132
809 1194
809 1287
809 1514
809 1776
809 1782
809 1875
810 975
810 1091
810 1175
810 1311
810 1895
816 840
822 1813
824 1274
824 1368
824 1405
824 1870
829 876
829 878
829 1132
832 836
833 1939
836 1055
836 1109
836 1274
836 1354
836 1437
836 1654
836 1761
836 1846
836 1850
838 840
839 985
840 915
840 952
840 1088
840 1341
840 1358
840 1471
842 949
846 986
846 1064
847 982
847 1056
847 1089
847 1102
847 1539
847 1928
850 857
850 906
850 1085
850 1101
850 1289
850 1410
850 1447
850 1509
850 1542
850 1648
850 1655
850 1656
850 1869
850 1870
850 1871
852 857
853 1062
853 1350
855 1912
856 1243
857 1488
857 1615
857 1746
857 1911
858 991
861 867
861 869
865 1570
867 892
867 978
867 1115
867 1136
867 1331
867 1437
868 1870
869 1064
869 1325
869 1935
870 1040
870 1140
870 1228
870 1482
870 1842
874 1304
874 1362
875 1132
876 877
876 878
876 879
877 1869
878 1121
878 1237
878 1329
878 1418
878 1570
878 1690
878 1691
879 1132
879 1778
880 885
882 1308
885 895
885 1010
885 1028
885 1096
887 1330
891 1841
899 1517
900 1352
905 906
905 910
906 1121
906 1267
906 1503
906 1740
909 949
909 1887
910 952
910 1331
910 1360
910 1668
910 1826
910 1897
910 1898
915 1813
915 1971
916 1103
919 1869
921 1820
933 1103
933 1778
935 949
935 1831
937 1172
937 1728
938 1960
940 1056
940 1579
940 1737
940 1844
940 1875
942 1893
944 1329
946 1085
946 1087
949 950
949 951
949 952
949 953
949 954
949 955
952 1040
952 1072
952 1234
952 1317
952 1506
952 1611
957 1481
957 1611
959 1147
966 1050
966 1064
966 1535
966 1618
966 1659
966 1754
966 1769
966 1776
971 1087
971 1939
972 1234
975 1197
976 1691
978 1763
980 1932
981 1330
982 983
982 984
982 985
982 986
982 987
984 1448
984 1480
984 1644
984 1690
984 1838
985 1053
985 1144
985 1496
985 1784
985 1889
986 1075
986 1163
986 1164
986 1165
986 1166
986 1167
986 1168
986 1169
987 1513
988 990
988 991
989 1350
990 1032
990 1132
990 1331
990 1667
990 1806
991 1003
991 1008
991 1274
991 1559
991 1708
991 1905
991 1922
996 1763
999 1368
1000 1001
1001 1113
1001 1215
1001 1232
1001 1270
1001 1308
1004 1885
1008 1960
1009 1337
1014 1350
1015 1446
1015 1747
1015 1799
1015 1888
1015 1974
1016 1017
1017 1624
1017 1626
1017 1968
1018 1611
1020 1481
1027 1352
1035 1647
1037 1820
1049 1350
1049 1932
1049 1948
1050 1197
1050 1237
1055 1405
1058 1439
1062 1334
1062 1906
1063 1387
1063 1815
1064 1268
1064 1308
1064 1368
1064 1687
1064 1778
1064 1942
1064 1955
1064 1969
1065 1893
1067 1337
1070 1072
1072 1265
1072 1359
1072 1408
1072 1619
1072 1641
1081 1330
1082 1813
1084 1584
1085 1145
1085 1228
1085 1482
1085 1658
1087 1183
1087 1312
1087 1552
1087 1661
1087 1722
1087 1836
1092 1636
1099 1410
1100 1103
1101 1147
1101 1368
1102 1304
1102 1439
1103 1277
1103 1282
1103 1493
1103 1586
1103 1742
1103 1838
1103 1935
1104 1317
1115 1691
1115 1955
1116 1213
1119 1570
1123 1869
1128 1268
1132 1150
1132 1274
1132 1302
1132 1767
1132 1781
1132 1841
1132 1885
1136 1329
1136 1330
1140 1932
1141 1234
1141 1237
1147 1483
1149 1939
1153 1304
1155 1885
1157 1691
1161 1870
1163 1506
1165 1213
1166 1939
1168 1870
1168 1955
1169 1871
1171 1439
1172 1569
1172 1705
1172 1876
1172 1957
1175 1432
1176 1308
1177 1778
1180 1513
1180 1517
1182 1268
1184 1187
1187 1298
1187 1300
1187 1301
1187 1304
1187 1435
1187 1436
1187 1437
1187 1438
1188 1268
1191 1317
1192 1636
1193 1245
1194 1197
1197 1771
1197 1915
1199 1778
1204 1640
1205 1368
1209 1352
1210 1763
1213 1497
1213 1586
1213 1935
1214 1266
1214 1321
1214 1404
1214 1446
1214 1447
1214 1448
1215 1880
1217 1405
1218 1929
1222 1841
1227 1234
1230 1763
1234 1558
1234 1892
1236 1237
1237 1770
1237 1997
1240 1243
1242 1245
1243 1586
1243 1608
1243 1635
1243 1733
1245 1304
1245 1639
1251 1368
1260 1268
1262 1763
1265 1330
1268 1295
1268 1387
1268 1557
1268 1563
1268 1766
1274 1309
1274 1362
1274 1438
1274 1439
1274 1624
1274 1636
1274 1682
1274 1819
1274 1905
1274 1961
1278 1960
1280 1880
1289 1290
1289 1291
1289 1292
1294 1640
1297 1506
1298 1352
1300 1893
1304 1337
1304 1423
1304 1446
1304 1573
1304 1611
1304 1640
1304 1728
1304 1813
1304 1912
1307 1573
1307 1691
1308 1309
1308 1310
1308 1311
1308 1312
1308 1313
1308 1314
1308 1315
1310 1570
1312 1410
1312 1570
1312 1929
1314 1348
1314 1641
1314 1710
1314 1828
1315 1929
1317 1521
1317 1606
1317 1690
1317 1805
1317 1806
1319 1728
1319 1885
1329 1494
1330 1537
1330 1611
1330 1649
1330 1668
1330 1744
1330 1837
1330 1933
1331 1509
1333 1337
1336 1337
1337 1539
1337 1648
1337 1649
1339 1820
1340 1368
1341 1813
1347 1350
1349 1509
1349 1691
1350 1646
1350 1755
1350 1992
1352 1381
1352 1453
1352 1570
1352 1987
1358 1929
1360 1362
1362 1672
1362 1692
1362 1886
1362 1970
1368 1713
1368 1735
1368 1844
1374 1841
1382 1640
1395 1439
1397 1525
1402 1405
1405 1459
1405 1611
1405 1738
1408 1728
1409 1410
1410 1635
1412 1656
1415 1542
1419 1948
1423 1820
1425 1960
1427 1481
1432 1433
1432 1434
1433 1728
1435 1513
1439 1440
1442 1656
1447 1492
1447 1536
1447 1570
1447 1689
1447 1760
1447 1797
1447 1929
1447 1932
1449 1525
1459 1525
1459 1636
1459 1880
1461 1871
1476 1506
1479 1584
1481 1586
1481 1607
1481 1716
1481 1879
1481 1934
1481 1983
1482 1573
1483 1542
1484 1573
1485 1831
1490 1691
1501 1955
1502 1689
1504 1813
1505 1655
1506 1942
1507 1509
1509 1527
1509 1756
1509 1800
1513 1642
1513 1759
1513 1760
1514 1955
1517 1611
1518 1955
1521 1778
1525 1570
1525 1578
1525 1595
1525 1876
1533 1893
1533 1939
1536 1640
1540 1656
1542 1933
1546 1887
1547 1640
1550 1871
1559 1869
1559 1948
1564 1584
1569 1570
1569 1573
1570 1647
1573 1851
1577 1647
1581 1656
1584 1585
1584 1586
1585 1687
1586 1893
1586 1939
1586 1948
1586 1960
1596 1880
1601 1655
1603 1871
1604 1647
1604 1655
1608 1611
1609 1887
1611 1784
1611 1820
1611 1887
1611 1971
1615 1796
1620 1813
1626 1971
1636 1819
1636 1878
1638 1689
1639 1687
1639 1689
1640 1758
1640 1804
1647 1916
1647 1961
1649 1820
1654 1969
1680 1841
1689 1708
1689 1914
1710 1841
1728 1743
1734 1948
1759 1813
1759 1912
1766 1796
1776 1893
1778 1832
1779 1870
1795 1796
1797 1871
1797 1885
1810 1813
1812 1939
1813 1951
1818 1820
1820 1836
1820 1878
1830 1831
1869 1987
1871 1873
1877 1929
1883 1912
1891 1912
1894 1960
1896 1912
1927 1929
1939 1998
1947 1971
1971 1972
