0 5
2 38
4 487
4 571
4 847
4 906
4 1624
5 27
5 110
5 336
5 517
5 1026
5 1097
5 1246
5 1799
5 1842
6 439
7 608
7 1631
8 811
9 906
9 1125
11 91
11 395
12 1941
13 1926
14 15
15 84
15 487
15 1196
15 1918
15 1955
15 1976
18 204
18 1350
20 322
21 394
21 1145
22 849
25 901
27 32
27 35
30 322
31 874
32 98
32 143
32 159
32 195
32 299
32 387
32 866
32 1154
32 1640
35 113
35 159
35 317
35 497
35 556
35 754
35 804
35 1020
35 1464
35 1604
35 1947
36 37
36 38
36 39
36 40
36 41
36 42
36 43
38 211
38 362
38 412
38 518
38 532
38 601
38 829
38 1051
38 1145
38 1258
38 1627
38 1962
40 465
43 480
43 1460
44 49
44 53
46 1028
48 491
48 1234
49 208
49 446
49 455
49 508
49 902
49 1107
49 1110
49 1126
49 1323
49 1471
49 1581
49 1652
49 1692
49 1728
49 1732
50 793
50 1394
51 874
52 906
53 97
53 98
53 336
53 655
53 665
53 871
53 878
53 938
53 1161
54 163
55 284
56 284
56 874
57 480
62 532
62 666
62 1145
63 394
63 1024
65 359
65 647
65 1929
66 906
70 1230
70 1550
71 1856
73 765
73 904
73 1145
76 386
78 79
78 80
78 81
78 82
78 83
78 84
78 85
79 111
79 136
79 176
79 208
79 251
79 336
79 370
79 643
79 1003
79 1156
79 1182
79 1186
79 1230
79 1234
79 1279
79 1352
79 1669
79 1930
80 811
84 1337
84 1573
85 1394
85 1427
86 91
87 1702
88 326
88 465
88 1210
89 220
89 608
89 647
89 1175
90 1550
91 367
91 487
91 493
91 1518
91 1568
91 1675
91 1797
93 99
94 512
96 385
96 774
97 213
97 1245
99 137
99 643
99 1451
99 1558
99 1648
100 394
102 159
103 394
104 194
106 111
107 666
107 1125
109 126
109 1060
110 850
110 1039
111 247
111 384
111 604
111 617
111 618
111 619
111 620
111 621
111 622
111 623
111 624
113 902
113 1881
114 876
116 1695
119 707
120 1319
121 1662
122 125
122 126
123 1573
125 487
125 513
125 664
125 792
125 1088
125 1121
125 1258
125 1395
125 1412
125 1543
125 1697
125 1747
125 1845
126 336
126 779
126 780
126 781
126 782
126 783
126 784
127 847
130 705
130 707
131 577
131 1881
134 580
134 946
134 1843
135 136
136 267
136 1087
136 1629
136 1788
138 696
138 1079
139 707
139 876
140 1883
141 1447
146 420
146 904
150 1427
150 1460
153 580
154 774
155 159
155 163
157 322
159 449
159 703
159 807
159 844
159 845
159 846
159 847
159 848
159 849
159 850
159 851
160 163
163 181
163 307
163 329
163 444
163 643
163 936
163 982
163 1119
163 1278
163 1586
163 1702
164 1164
165 1399
165 1866
167 1869
168 420
169 176
170 647
171 1283
173 210
173 1156
174 666
175 1156
176 661
176 792
176 841
176 1076
176 1277
176 1308
176 1730
176 1776
176 1937
177 426
177 647
177 1695
177 1931
178 181
180 1967
181 421
181 625
181 719
181 966
181 1316
181 1421
181 1541
181 1566
181 1821
182 864
183 1145
185 707
187 194
193 1573
194 548
194 643
194 755
194 1001
194 1813
194 1917
195 1182
196 849
196 1164
197 204
200 296
200 1910
202 1880
204 639
204 793
204 798
204 835
204 916
204 1222
204 1301
204 1675
204 1980
207 1577
208 209
208 210
208 211
208 212
208 213
208 214
208 215
208 216
208 217
208 218
208 219
208 220
210 269
210 489
210 515
210 652
210 708
210 718
210 1449
210 1632
210 1919
211 395
213 304
213 530
213 638
213 1026
213 1065
214 968
214 1107
215 1655
217 324
217 1304
217 1834
219 901
220 1256
220 1348
220 1365
220 1640
220 1690
220 1820
221 1283
225 696
225 1425
228 811
228 1319
229 1967
235 1024
242 847
244 746
245 491
245 902
247 264
249 508
249 1560
251 1230
251 1881
252 857
252 1003
252 1447
254 840
256 362
257 1352
258 1819
261 1066
261 1187
263 1306
263 1427
264 402
264 508
264 645
264 1101
264 1232
264 1273
264 1404
264 1511
264 1720
266 1447
267 707
268 906
268 1993
270 1187
272 420
272 1621
274 284
277 707
282 864
282 1374
283 1175
283 1210
284 517
284 1077
284 1080
284 1451
284 1606
284 1717
285 874
286 1447
286 1843
287 296
290 968
293 1352
296 508
296 1030
296 1384
296 1415
296 1455
296 1485
296 1868
301 1125
301 1965
303 331
303 1145
306 1926
308 1142
312 1018
312 1624
312 1993
313 874
315 1880
317 322
317 324
317 326
318 904
318 1583
318 1631
319 840
321 491
321 1210
321 1304
321 1834
322 531
322 689
322 724
322 759
322 764
322 1312
322 1572
322 1661
322 1700
323 1986
324 491
324 492
324 493
324 494
324 495
326 423
326 469
326 652
326 785
326 1168
326 1382
326 1479
326 1654
326 1692
326 1734
326 1735
326 1759
327 1446
328 1929
329 1425
330 1289
331 332
331 333
331 334
331 335
331 336
331 337
331 338
331 339
335 643
335 647
336 394
336 459
336 480
336 775
336 811
336 864
336 1118
336 1137
336 1279
336 1399
336 1838
336 1856
338 857
338 1427
340 1125
341 394
343 439
343 1962
346 1003
348 439
349 1967
353 386
353 1066
355 359
355 362
357 386
357 1662
359 444
359 460
359 637
359 698
359 1088
359 1119
359 1129
359 1340
359 1732
359 1932
360 1175
362 593
362 855
362 1024
362 1040
362 1124
362 1276
362 1340
362 1721
363 539
363 1577
363 1655
364 775
364 1156
364 1164
366 571
369 491
370 371
370 374
370 377
371 818
371 822
371 1080
371 1628
371 1961
372 508
372 864
372 1289
374 514
374 858
374 1139
374 1143
374 1154
374 1546
374 1692
375 1655
377 491
377 725
377 1413
377 1414
377 1415
377 1416
377 1417
377 1418
377 1419
377 1420
377 1421
377 1422
378 1145
378 1624
380 385
380 386
383 1663
383 1838
385 391
385 760
385 1088
385 1172
385 1349
385 1717
386 790
386 890
386 1067
386 1140
386 1465
386 1654
386 1661
387 850
387 1079
388 538
388 1079
388 1289
388 1692
389 1931
392 394
392 395
394 934
394 985
394 1410
395 508
395 536
395 689
395 716
395 751
395 871
395 1084
395 1529
395 1675
399 1583
400 1866
403 968
405 1941
406 512
406 1929
409 420
410 508
410 510
410 512
413 459
420 488
420 878
420 1099
420 1271
420 1304
420 1371
420 1380
420 1568
420 1820
420 1938
421 694
422 426
426 779
426 793
426 887
426 1257
426 1375
426 1546
426 1715
426 1719
428 1350
429 1337
431 1843
436 439
437 1950
439 695
439 821
439 1058
439 1092
439 1223
439 1531
439 1661
443 1926
444 1175
446 1509
449 487
449 532
449 775
449 1234
451 857
451 1621
452 904
452 1577
452 1655
454 1427
455 975
455 1577
457 459
459 1491
459 1801
459 1839
460 1187
462 1018
465 982
465 1127
465 1692
465 1990
466 1967
468 647
468 746
471 1234
472 577
472 793
473 968
475 647
476 1870
477 478
477 479
477 480
478 1228
478 1310
478 1320
478 1578
478 1803
478 1967
479 508
479 1008
479 1510
480 551
480 652
480 933
480 1592
480 1697
481 1993
482 491
482 975
483 1118
486 487
486 488
486 489
486 490
487 608
487 625
487 647
487 694
487 746
487 1051
487 1125
487 1460
487 1660
487 1661
487 1662
487 1663
488 1692
488 1960
489 577
489 1583
491 742
491 850
491 989
491 1126
491 1155
491 1374
491 1790
491 1994
492 1060
492 1374
492 1929
494 608
499 876
499 1843
502 1950
503 1652
505 1950
506 1125
506 1701
508 850
508 885
508 1008
508 1304
508 1350
508 1432
508 1746
508 1763
508 1993
510 846
510 1017
510 1055
510 1088
510 1336
512 909
512 977
512 1388
512 1737
512 1833
512 1866
513 705
514 694
515 1107
517 1156
519 1319
523 1066
523 1460
524 975
527 968
528 532
528 538
528 539
531 580
531 1509
531 1930
532 824
532 1087
532 1325
532 1471
532 1607
532 1712
537 666
538 683
538 712
538 1008
538 1080
538 1102
538 1557
538 1648
539 658
539 846
539 1080
539 1159
539 1260
539 1312
539 1553
539 1747
545 707
548 1986
549 840
551 1210
552 1509
553 1230
555 608
555 1447
555 1656
556 975
558 1560
561 570
565 849
567 1967
568 811
570 643
570 1026
570 1054
570 1198
570 1382
570 1385
570 1602
570 1878
570 1897
571 572
571 573
571 574
571 575
571 576
571 577
571 578
571 579
572 666
576 906
576 1133
577 629
577 659
577 682
577 846
577 922
577 1054
577 1148
577 1404
577 1425
577 1450
578 696
580 623
580 1039
580 1319
580 1363
580 1404
580 1431
580 1515
580 1586
580 1611
580 1661
580 1821
581 906
585 1245
586 840
590 647
590 1427
590 1669
591 1133
594 1060
603 1621
607 608
608 1358
608 1497
608 1512
608 1922
609 1234
609 1427
613 1039
614 1446
614 1662
615 857
616 1337
617 1425
619 1003
619 1283
620 968
622 1088
623 1930
624 1817
627 1509
630 1869
631 1663
632 1931
633 1550
635 1967
636 850
636 1930
638 946
640 1230
642 1319
643 696
643 901
643 904
643 974
643 1080
643 1210
643 1695
643 1834
643 1880
643 1881
646 1663
647 1543
647 1671
648 1962
650 1960
651 707
653 874
654 774
656 1621
656 1624
659 849
661 1142
661 1306
661 1817
661 1965
662 946
664 1880
665 666
666 793
666 1128
666 1395
666 1396
666 1397
666 1398
668 1024
669 765
670 1137
674 1631
676 707
678 1133
678 1834
681 1018
682 1965
683 1289
684 1583
689 793
691 1018
693 694
693 696
694 1025
694 1114
694 1236
694 1269
694 1472
694 1542
694 1551
694 1637
694 1660
694 1835
696 1004
696 1010
696 1110
696 1163
696 1248
696 1455
696 1679
696 1788
698 1394
699 705
699 1107
700 1624
703 1039
703 1350
705 869
705 1149
705 1223
705 1538
705 1666
705 1680
705 1692
707 850
707 884
707 1540
707 1759
707 1966
710 1631
711 1107
713 1210
720 1425
720 1573
720 1881
722 968
722 1926
724 1306
724 1702
725 902
727 1210
729 1941
730 1880
730 1965
737 874
746 747
746 748
746 749
746 750
746 751
746 752
746 753
746 754
746 755
751 1866
752 1107
760 1039
760 1337
762 1652
763 1186
763 1210
764 1929
765 829
765 832
765 839
765 1390
765 1494
765 1782
765 1846
765 1953
767 1702
768 1175
770 975
771 849
771 1993
772 1866
773 774
773 775
774 1064
774 1425
774 1767
774 1816
775 1058
775 1197
775 1344
775 1351
775 1681
778 1137
781 1187
789 1880
790 793
792 840
793 1018
793 1066
793 1170
793 1209
793 1246
793 1306
793 1316
793 1661
794 975
794 1819
795 847
795 1834
799 1352
800 1446
805 904
806 1941
807 1941
810 975
810 1175
811 844
811 1228
811 1264
811 1348
811 1450
812 1394
813 874
815 1060
816 840
821 829
824 1870
829 841
829 876
829 878
829 1080
829 1132
829 1239
829 1327
829 1550
829 1577
829 1817
829 1819
835 1079
838 840
840 915
840 952
840 1088
840 1341
840 1358
840 1471
843 1164
843 1817
844 1118
846 1583
846 1843
846 1962
847 982
847 1056
847 1089
847 1102
847 1539
847 1928
849 865
849 1073
849 1275
849 1287
849 1916
850 857
850 906
850 1085
850 1101
850 1289
850 1410
850 1447
850 1509
850 1542
850 1648
850 1655
850 1656
850 1869
850 1870
850 1871
852 857
853 1350
854 974
854 975
856 1652
857 1488
857 1615
857 1746
857 1911
859 1866
860 1695
861 864
864 1217
864 1233
864 1285
864 1384
864 1512
864 1731
868 1870
874 1304
874 1362
876 877
876 878
876 879
877 1869
884 1118
884 1950
885 1028
887 1652
887 1838
891 1028
896 901
896 902
900 1283
900 1352
901 1339
901 1401
901 1736
901 1797
901 1836
902 1544
902 1557
902 1558
902 1572
902 1634
902 1919
902 1982
904 1095
904 1458
904 1553
904 1705
904 1963
904 1992
905 906
906 1121
906 1267
906 1503
906 1740
907 1118
915 1866
917 1652
919 1869
920 1003
920 1039
936 1661
937 1133
938 1960
941 1926
943 946
944 1137
944 1950
945 1701
946 1085
946 1086
946 1087
946 1088
947 1164
948 1881
951 1866
952 1234
954 1156
961 1662
967 1142
968 1307
968 1661
968 1710
968 1772
971 1965
972 1234
974 1022
974 1058
974 1297
974 1307
974 1451
974 1782
975 1045
975 1111
975 1197
975 1527
975 1692
976 1669
981 1283
984 1838
986 1164
989 1350
991 1003
992 1926
994 1018
1000 1003
1003 1092
1003 1411
1003 1412
1006 1107
1006 1446
1008 1960
1009 1337
1010 1394
1012 1060
1014 1350
1015 1446
1016 1018
1017 1624
1018 1559
1018 1611
1018 1758
1020 1986
1024 1025
1024 1026
1024 1027
1024 1028
1027 1352
1028 1377
1028 1378
1028 1379
1029 1866
1035 1702
1039 1053
1039 1455
1048 1965
1049 1350
1050 1621
1051 1910
1052 1631
1056 1060
1060 1088
1060 1276
1065 1079
1066 1256
1066 1422
1066 1434
1066 1526
1066 1666
1066 1667
1067 1337
1069 1621
1075 1834
1076 1817
1076 1910
1079 1080
1079 1081
1079 1082
1079 1083
1079 1084
1080 1175
1080 1425
1080 1621
1080 1843
1080 1866
1080 1883
1080 1910
1080 1926
1080 1941
1080 1967
1085 1145
1087 1661
1088 1381
1088 1394
1088 1423
1088 1424
1088 1425
1088 1426
1088 1427
1091 1133
1097 1399
1097 1624
1102 1186
1102 1304
1103 1838
1104 1661
1104 1702
1104 1950
1106 1662
1107 1221
1107 1250
1107 1459
1107 1991
1110 1399
1115 1866
1118 1119
1118 1120
1118 1121
1118 1122
1118 1123
1122 1583
1123 1869
1124 1125
1125 1534
1125 1802
1125 1918
1125 1919
1125 1923
1133 1291
1133 1692
1134 1137
1134 1142
1137 1199
1137 1341
1137 1890
1137 1907
1139 1881
1140 1662
1141 1234
1142 1661
1142 1743
1142 1891
1142 1892
1143 1662
1145 1437
1145 1789
1145 1935
1148 1425
1148 1460
1150 1186
1153 1304
1153 1306
1154 1156
1155 1941
1156 1184
1156 1718
1156 1741
1156 1989
1161 1870
1162 1926
1164 1193
1164 1533
1164 1569
1164 1674
1164 1692
1164 1740
1164 1823
1165 1283
1168 1870
1170 1669
1175 1432
1175 1554
1175 1913
1179 1182
1182 1248
1182 1268
1182 1579
1184 1186
1184 1187
1186 1426
1186 1456
1186 1643
1187 1298
1187 1300
1187 1301
1187 1304
1187 1435
1187 1436
1187 1437
1187 1438
1193 1245
1198 1663
1200 1394
1201 1695
1209 1352
1210 1339
1210 1436
1210 1594
1210 1763
1210 1933
1214 1446
1214 1447
1215 1880
1218 1319
1218 1929
1222 1663
1222 1838
1224 1669
1225 1926
1225 1965
1227 1234
1227 1399
1227 1631
1228 1230
1230 1763
1230 1863
1234 1558
1234 1892
1242 1245
1245 1304
1245 1639
1252 1962
1255 1427
1262 1624
1264 1856
1270 1926
1274 1624
1274 1819
1275 1283
1277 1427
1278 1960
1280 1880
1283 1605
1283 1692
1283 1739
1283 1740
1289 1290
1289 1291
1289 1292
1298 1352
1304 1337
1304 1423
1304 1446
1304 1573
1304 1611
1304 1640
1304 1728
1304 1813
1304 1912
1306 1488
1307 1550
1307 1573
1311 1399
1312 1929
1315 1929
1319 1728
1319 1885
1319 1922
1322 1819
1322 1866
1323 1838
1327 1965
1331 1509
1332 1583
1333 1337
1336 1337
1337 1539
1337 1648
1337 1649
1340 1669
1343 1856
1345 1577
1345 1838
1347 1350
1349 1509
1350 1646
1350 1755
1350 1992
1352 1381
1352 1453
1352 1570
1352 1987
1358 1929
1359 1631
1362 1692
1365 1662
1372 1374
1374 1414
1374 1622
1374 1841
1374 1917
1379 1425
1388 1986
1389 1883
1390 1394
1393 1460
1394 1923
1399 1643
1404 1856
1406 1834
1412 1656
1416 1834
1421 1460
1423 1819
1424 1817
1425 1624
1425 1631
1425 1960
1425 1965
1425 1986
1426 1967
1427 1481
1427 1588
1427 1945
1431 1624
1431 1692
1434 1692
1438 1950
1442 1656
1447 1492
1447 1536
1447 1570
1447 1689
1447 1760
1447 1797
1447 1929
1447 1932
1458 1962
1459 1880
1460 1516
1460 1569
1461 1993
1464 1819
1482 1573
1484 1573
1491 1950
1505 1655
1507 1509
1509 1527
1509 1756
1509 1800
1518 1931
1527 1819
1532 1652
1537 1965
1540 1656
1541 1669
1548 1550
1550 1871
1559 1869
1560 1747
1560 1967
1562 1695
1565 1843
1565 1881
1568 1621
1569 1573
1573 1851
1574 1577
1577 1647
1581 1656
1583 1643
1583 1692
1583 1789
1583 1835
1586 1960
1588 1834
1596 1880
1601 1655
1603 1702
1604 1655
1615 1843
1616 1621
1621 1630
1621 1719
1624 1857
1631 1749
1631 1812
1631 1851
1636 1819
1643 1817
1643 1967
1652 1694
1652 1765
1660 1669
1661 1701
1661 1816
1661 1931
1661 1950
1663 1726
1663 1922
1667 1702
1669 1892
1671 1950
1675 1962
1675 1967
1692 1698
1692 1718
1692 1767
1695 1696
1697 1883
1698 1701
1701 1722
1701 1744
1701 1745
1701 1746
1702 1825
1705 1962
1714 1930
1749 1843
1756 1930
1757 1965
1779 1870
1783 1866
1784 1843
1789 1910
1801 1930
1802 1883
1805 1967
1817 1975
1834 1835
1837 1838
1838 1895
1856 1991
1856 1992
1866 1894
1869 1987
1877 1929
1879 1993
1883 1912
1883 1919
1894 1960
1901 1962
1922 1993
1926 1992
1927 1929
1936 1986
1941 1945
1966 1967
1978 1986
1984 1993
