0 5
0 10
1 759
2 193
2 493
4 124
4 1624
5 27
5 110
5 336
5 517
5 1026
5 1097
5 1246
5 1799
5 1842
6 439
7 1631
8 811
10 48
10 226
10 304
10 334
10 939
10 1007
10 1008
10 1009
10 1010
10 1011
10 1012
10 1013
10 1014
10 1015
12 1941
13 1926
20 1454
21 394
22 379
22 849
25 901
26 215
27 31
30 1818
31 73
31 96
31 226
31 509
31 755
31 874
31 1114
31 1266
31 1354
31 1972
35 556
35 804
38 211
38 829
40 465
40 466
41 1361
43 480
44 47
44 53
44 54
45 1478
46 462
47 226
47 338
47 442
47 472
47 688
47 689
47 690
47 691
47 692
48 1234
49 208
49 446
50 1394
52 1979
53 97
53 98
53 336
53 655
53 665
53 871
53 878
53 938
53 1161
54 58
54 163
54 228
54 241
54 391
54 520
54 722
54 748
54 913
54 1626
54 1627
54 1628
55 284
56 284
57 480
57 982
60 64
62 1147
62 1148
63 394
64 226
64 256
64 522
64 529
64 583
64 671
64 1284
64 1686
64 1802
65 359
65 823
66 596
68 524
70 1230
70 1372
71 1856
73 133
73 904
73 982
76 804
78 79
78 80
78 81
78 82
78 83
78 84
78 85
79 111
79 136
79 176
79 208
79 251
79 336
79 370
79 643
79 1003
79 1156
79 1182
79 1186
79 1230
79 1234
79 1279
79 1352
79 1669
79 1930
80 706
80 811
85 759
85 1394
85 1427
86 90
87 1702
88 465
88 1210
89 220
89 1175
90 293
90 566
90 706
90 1322
90 1432
90 1462
90 1464
90 1550
90 1565
90 1650
90 1709
90 1718
90 1837
91 493
91 1675
93 99
96 385
96 774
96 1650
99 137
99 643
99 1451
99 1558
99 1648
100 394
102 567
103 394
104 194
105 930
106 111
108 1138
109 126
109 1060
110 759
110 1549
110 1680
111 247
111 384
111 604
111 617
111 618
111 619
111 620
111 621
111 622
111 623
111 624
113 1881
114 876
116 1524
116 1695
121 635
121 1764
122 124
122 125
122 126
122 133
124 133
124 183
124 557
124 759
124 839
124 887
124 1300
124 1380
124 1386
124 1415
124 1602
124 1683
124 1786
125 487
125 513
125 664
125 792
125 1088
125 1121
125 1258
125 1395
125 1412
125 1543
125 1697
125 1747
125 1845
126 336
126 779
126 780
126 781
126 782
126 783
126 784
130 706
131 1881
132 831
133 193
133 304
133 393
133 446
133 460
133 485
133 646
133 652
133 659
133 823
133 918
133 1524
133 1809
133 1966
134 946
134 1379
134 1843
135 136
136 267
136 1087
136 1629
136 1788
138 696
138 1079
139 876
140 1883
141 1009
146 904
146 1781
150 1427
151 1549
152 1787
154 774
155 160
155 163
159 848
159 849
160 163
160 276
160 293
160 967
160 1521
160 1824
163 181
163 307
163 329
163 444
163 643
163 936
163 982
163 1119
163 1278
163 1586
163 1702
165 1399
165 1866
166 657
166 1147
168 828
169 176
171 393
173 210
173 1156
175 1156
176 661
176 792
176 841
176 1076
176 1277
176 1308
176 1730
176 1776
176 1937
177 1695
178 180
178 181
180 315
180 646
180 1084
180 1134
180 1172
180 1315
180 1353
180 1406
180 1526
180 1748
180 1842
180 1967
181 421
181 625
181 719
181 966
181 1316
181 1421
181 1541
181 1566
181 1821
182 864
182 1549
183 229
184 212
184 659
187 193
187 194
188 524
189 1379
191 1272
193 252
193 323
193 732
193 1218
193 1506
193 1573
193 1587
193 1668
193 1746
193 1749
194 548
194 643
194 755
194 1001
194 1813
194 1917
195 212
195 1182
196 849
200 212
200 821
200 1650
200 1910
202 1880
203 226
203 229
204 1675
207 831
208 209
208 210
208 211
208 212
208 213
208 214
208 215
208 216
208 217
208 218
208 219
208 220
210 269
210 489
210 515
210 652
210 708
210 718
210 1449
210 1632
210 1919
211 395
211 692
211 784
211 863
211 1006
211 1095
211 1280
211 1407
211 1848
212 560
212 576
212 619
212 1429
212 1496
212 1588
212 1825
212 1826
212 1827
214 605
214 852
214 968
214 1107
214 1236
214 1403
214 1416
215 455
215 1244
215 1252
215 1490
215 1655
216 307
217 796
217 1300
217 1834
219 901
220 1256
220 1348
220 1365
220 1640
220 1690
220 1820
222 1787
225 696
225 1425
226 312
226 314
226 461
226 596
226 632
226 665
226 982
226 1015
226 1017
226 1147
226 1172
228 811
229 721
229 1315
229 1408
229 1457
229 1833
229 1890
229 1922
229 1939
229 1967
230 772
233 831
235 466
238 982
240 1138
241 557
242 1009
245 1650
249 1560
250 567
251 1230
251 1781
251 1881
252 1003
254 840
257 1352
260 632
261 1809
263 1427
267 827
272 823
272 1621
274 284
276 635
282 864
283 1175
283 1210
284 517
284 1077
284 1080
284 1451
284 1606
284 1717
286 1322
286 1843
293 772
293 1352
294 1386
294 1805
296 1415
298 1415
301 1965
304 828
306 1926
307 308
307 309
307 310
307 311
307 312
307 313
307 314
307 315
307 316
310 1380
312 1624
313 848
313 1787
313 1805
315 1880
316 1147
318 904
318 1631
319 840
321 1210
321 1834
322 759
323 1424
323 1986
324 493
325 826
325 1138
329 493
329 905
329 1425
331 334
331 335
331 336
333 379
333 1764
334 392
334 507
334 644
334 1414
334 1642
334 1660
334 1717
334 1806
335 643
335 644
335 645
335 646
335 647
335 648
336 394
336 459
336 480
336 775
336 811
336 864
336 1118
336 1137
336 1279
336 1399
336 1838
336 1856
337 1014
338 1427
340 1379
341 394
343 439
345 1138
346 1003
348 439
349 1967
350 466
350 1272
354 461
354 1934
355 359
355 363
356 804
356 1764
357 1675
359 444
359 460
359 637
359 698
359 1088
359 1119
359 1129
359 1340
359 1732
359 1932
360 1175
361 828
363 452
363 466
363 537
363 539
363 640
363 1577
363 1655
364 775
364 830
364 1156
368 1805
369 1322
369 1454
370 371
370 379
371 818
371 822
371 1080
371 1628
371 1961
372 864
372 918
377 1415
378 1624
379 481
379 1270
379 1271
379 1272
379 1273
379 1274
379 1275
380 385
383 1838
385 391
385 760
385 1088
385 1172
385 1349
385 1717
387 1079
388 538
388 1079
392 393
392 394
393 628
393 644
393 703
394 934
394 985
394 1410
395 1675
400 1866
401 1764
403 831
405 1941
410 510
413 459
416 461
418 826
420 1380
427 466
428 1147
428 1818
429 823
429 1138
431 1843
432 596
436 439
436 446
437 1415
437 1549
439 695
439 821
439 1058
439 1092
439 1223
439 1531
439 1661
443 1926
444 1175
446 594
446 769
446 955
446 1417
446 1482
446 1483
446 1509
446 1605
446 1615
446 1623
446 1637
448 524
449 775
449 1234
450 524
451 1621
452 904
454 1427
457 459
457 461
457 462
459 1491
459 1801
459 1839
460 1524
461 499
461 547
461 665
461 716
461 879
461 1180
461 1384
461 1458
461 1459
462 659
462 669
462 771
462 1018
462 1197
462 1347
462 1410
462 1840
462 1857
464 827
465 982
465 1127
465 1692
465 1990
466 663
466 889
466 1022
466 1254
466 1864
466 1967
468 772
471 1234
476 1372
476 1380
477 478
477 480
478 1228
478 1310
478 1320
478 1578
478 1803
478 1967
480 551
480 652
480 933
480 1592
480 1697
482 905
483 1118
484 1454
485 1138
488 1960
492 1060
493 757
493 795
493 821
493 994
493 997
493 1229
493 1257
493 1611
493 1697
493 1959
495 1009
497 1722
499 828
499 876
499 1843
501 1372
501 1650
503 930
507 1379
507 1650
509 657
509 706
510 846
510 1017
510 1055
510 1088
510 1336
512 1866
515 1818
516 1272
517 1156
520 524
523 1013
524 823
524 889
524 975
524 1113
524 1198
524 1694
528 538
530 828
531 1322
531 1509
531 1930
532 824
536 1386
538 683
538 712
538 1008
538 1080
538 1102
538 1557
538 1648
539 1080
541 848
545 1808
548 1921
548 1986
549 827
549 840
550 556
550 557
551 1210
552 1509
552 1934
553 1230
556 586
556 821
556 851
556 975
556 1363
556 1541
556 1547
557 599
557 962
557 1049
557 1053
557 1067
557 1202
557 1249
557 1419
557 1919
557 1920
558 1560
561 567
561 570
565 849
567 582
567 1269
567 1375
567 1729
567 1791
567 1967
568 811
570 643
570 1026
570 1054
570 1198
570 1382
570 1385
570 1602
570 1878
570 1897
573 804
577 659
577 1148
577 1425
578 696
578 759
578 823
581 1818
582 1361
584 635
584 1808
586 840
587 596
588 1424
590 657
590 1427
590 1669
594 1060
596 942
596 1333
596 1365
596 1699
596 1717
596 1890
596 1909
596 1974
596 1980
598 1014
600 982
601 1781
603 828
603 1621
606 1424
609 1234
609 1427
617 1425
619 1003
622 1088
623 1930
624 1386
627 1509
628 632
628 635
632 724
632 1004
632 1659
632 1714
632 1931
634 1322
634 1415
635 834
635 1203
635 1206
635 1208
635 1954
635 1967
636 1930
638 946
638 1423
640 1230
641 1808
643 696
643 901
643 904
643 974
643 1080
643 1210
643 1695
643 1834
643 1880
643 1881
648 1014
650 1960
653 1372
654 774
654 848
655 657
655 659
656 1322
656 1454
656 1621
656 1624
657 823
657 1161
657 1480
657 1961
659 848
659 849
659 905
659 1272
659 1364
659 1372
659 1390
659 1549
659 1722
659 1787
659 1818
659 1845
659 1921
659 1934
661 1965
662 946
663 1147
664 1880
668 1138
668 1921
669 772
670 1137
672 983
674 1631
676 824
678 1834
682 1965
684 1808
687 1675
691 1415
693 696
695 1138
696 1004
696 1010
696 1110
696 1163
696 1248
696 1455
696 1679
696 1788
698 1394
699 983
700 1624
705 1680
706 1097
706 1438
706 1711
706 1715
706 1822
708 1379
710 1631
713 1210
718 1380
720 1425
720 1809
720 1881
722 1926
724 1702
727 1210
729 1941
730 796
730 1880
730 1965
731 1680
731 1787
742 1781
742 1783
743 1595
751 1866
752 1818
753 826
754 1764
756 759
757 1364
759 1419
760 1372
763 1186
763 1210
765 829
765 839
766 1650
767 1702
768 918
768 1175
769 1148
771 849
772 882
772 1064
772 1474
772 1865
772 1866
773 774
773 775
774 1064
774 1425
774 1767
774 1816
775 1058
775 1197
775 1344
775 1351
775 1681
777 930
778 1137
786 930
789 1880
790 796
792 840
792 1478
792 1650
795 1834
796 819
796 821
796 947
796 1108
796 1152
796 1648
796 1878
798 1147
799 821
799 1352
799 1675
802 804
804 823
804 841
804 845
804 1840
804 1865
804 1874
804 1989
805 904
806 1941
807 982
807 1941
809 831
810 1175
811 844
811 1228
811 1264
811 1348
811 1450
812 1394
812 1781
813 830
815 1060
816 840
817 1423
820 1423
821 822
821 823
821 824
821 825
821 826
821 827
821 828
821 829
821 830
821 831
823 997
823 1138
823 1361
823 1436
823 1454
823 1456
824 825
824 1274
824 1368
824 1405
824 1483
824 1530
824 1870
824 1923
825 826
826 1470
826 1504
827 1165
827 1645
828 950
828 1653
828 1800
828 1894
829 841
829 876
829 878
829 1080
829 1132
829 1239
829 1327
829 1550
829 1577
829 1817
829 1819
830 835
830 1136
830 1487
831 917
831 1055
831 1184
831 1453
831 1892
833 1013
835 1079
838 839
838 840
839 985
839 1032
839 1263
839 1371
839 1397
839 1501
839 1502
839 1503
840 915
840 952
840 1088
840 1341
840 1358
840 1471
842 1786
844 1118
845 918
845 1454
846 1843
847 982
848 1114
849 865
849 1073
849 1275
849 1287
849 1916
850 1509
854 974
855 1380
859 1866
860 1695
861 864
864 1217
864 1233
864 1285
864 1384
864 1512
864 1731
876 877
876 878
876 879
882 1272
884 1118
887 1364
887 1838
896 901
900 1352
901 1339
901 1401
901 1736
901 1797
901 1836
903 1680
904 1095
904 1458
904 1553
904 1705
904 1963
904 1992
905 906
905 907
905 908
905 909
905 910
905 911
905 912
905 913
907 1118
914 918
915 1148
915 1272
915 1866
917 1818
918 1358
918 1479
918 1923
920 1003
923 930
930 1114
930 1193
930 1272
938 1960
939 1722
941 983
941 1926
943 946
944 1137
944 1764
946 1085
946 1086
946 1087
946 1088
948 1881
951 1866
952 1234
954 1156
959 1147
961 1138
971 1965
972 1234
974 1022
974 1058
974 1297
974 1307
974 1451
974 1782
976 1669
982 983
982 984
982 985
982 986
982 987
983 1071
983 1120
983 1122
983 1309
983 1828
983 1886
984 1838
991 1003
992 1926
996 1818
1000 1003
1003 1092
1003 1411
1003 1412
1008 1960
1009 1241
1009 1337
1009 1503
1009 1729
1009 1775
1009 1919
1010 1394
1011 1180
1011 1381
1011 1471
1011 1711
1012 1060
1013 1418
1013 1436
1014 1279
1014 1350
1014 1464
1014 1465
1014 1466
1014 1467
1014 1468
1017 1624
1020 1986
1027 1322
1027 1352
1028 1379
1029 1866
1031 1148
1035 1680
1035 1702
1040 1272
1041 1595
1048 1965
1050 1621
1051 1910
1052 1631
1056 1060
1060 1088
1060 1276
1065 1079
1065 1921
1069 1621
1075 1834
1076 1787
1076 1910
1079 1080
1079 1081
1079 1082
1079 1083
1079 1084
1080 1175
1080 1425
1080 1621
1080 1843
1080 1866
1080 1883
1080 1910
1080 1926
1080 1941
1080 1967
1081 1364
1087 1722
1088 1381
1088 1394
1088 1423
1088 1424
1088 1425
1088 1426
1088 1427
1096 1300
1096 1524
1096 1650
1097 1399
1097 1624
1101 1147
1102 1186
1102 1415
1103 1838
1104 1702
1110 1399
1110 1781
1114 1423
1115 1866
1116 1808
1118 1119
1118 1120
1118 1121
1118 1122
1118 1123
1122 1322
1132 1781
1134 1137
1134 1138
1137 1199
1137 1341
1137 1890
1137 1907
1138 1959
1139 1424
1139 1881
1141 1234
1143 1415
1146 1934
1147 1483
1148 1240
1148 1286
1148 1398
1148 1425
1148 1460
1148 1461
1148 1462
1148 1463
1150 1186
1154 1156
1155 1941
1156 1184
1156 1718
1156 1741
1156 1989
1162 1549
1162 1926
1163 1805
1165 1380
1168 1300
1168 1722
1170 1669
1175 1432
1175 1554
1175 1913
1179 1182
1182 1248
1182 1268
1182 1579
1184 1186
1186 1426
1186 1456
1186 1643
1187 1300
1200 1394
1201 1695
1201 1722
1202 1372
1209 1352
1210 1339
1210 1436
1210 1594
1210 1763
1210 1933
1211 1934
1215 1880
1222 1838
1224 1669
1225 1926
1225 1965
1227 1234
1227 1399
1227 1631
1228 1230
1230 1763
1230 1863
1234 1558
1234 1892
1254 1322
1255 1427
1262 1624
1264 1856
1267 1680
1270 1926
1272 1384
1272 1478
1272 1587
1272 1781
1272 1808
1274 1624
1277 1427
1278 1960
1280 1880
1288 1372
1288 1549
1296 1300
1298 1352
1300 1351
1300 1473
1300 1759
1300 1771
1300 1776
1300 1802
1300 1893
1304 1423
1305 1424
1311 1399
1315 1322
1317 1805
1322 1426
1322 1431
1322 1595
1322 1680
1322 1764
1322 1819
1322 1866
1322 1979
1323 1838
1326 1675
1327 1965
1328 1683
1331 1509
1340 1669
1341 1379
1343 1856
1345 1838
1349 1509
1351 1361
1352 1381
1352 1453
1352 1570
1352 1987
1355 1818
1359 1631
1360 1361
1360 1364
1361 1402
1361 1791
1364 1501
1364 1782
1364 1807
1365 1524
1372 1373
1372 1374
1372 1375
1372 1376
1379 1425
1379 1673
1379 1795
1380 1676
1383 1722
1386 1499
1386 1799
1388 1783
1388 1986
1389 1883
1390 1394
1393 1415
1394 1923
1397 1524
1399 1643
1404 1856
1406 1834
1415 1482
1415 1542
1416 1834
1423 1516
1423 1546
1423 1819
1423 1820
1424 1816
1424 1817
1425 1624
1425 1631
1425 1960
1425 1965
1425 1986
1426 1967
1427 1481
1427 1588
1427 1945
1431 1624
1435 1675
1436 1675
1436 1680
1440 1764
1454 1572
1454 1609
1454 1718
1459 1880
1462 1680
1464 1650
1464 1921
1465 1595
1471 1478
1478 1539
1478 1660
1481 1934
1484 1675
1507 1509
1509 1527
1509 1756
1509 1800
1524 1878
1525 1595
1535 1934
1537 1965
1541 1669
1548 1549
1549 1635
1560 1747
1560 1967
1562 1695
1565 1808
1565 1843
1565 1881
1568 1621
1575 1680
1581 1979
1586 1960
1588 1834
1594 1595
1595 1799
1596 1880
1603 1702
1604 1809
1615 1843
1616 1621
1618 1781
1621 1630
1621 1719
1624 1857
1629 1650
1631 1749
1631 1812
1631 1851
1637 1680
1643 1967
1650 1723
1654 1683
1660 1669
1667 1675
1667 1702
1669 1892
1675 1962
1675 1967
1680 1841
1683 1743
1683 1872
1695 1696
1697 1883
1701 1722
1702 1825
1714 1930
1722 1752
1722 1753
1722 1754
1747 1934
1749 1843
1756 1930
1757 1965
1764 1812
1765 1979
1782 1783
1783 1866
1783 1911
1783 1919
1784 1843
1785 1786
1785 1787
1787 1793
1787 1935
1787 1956
1789 1818
1789 1910
1801 1930
1802 1883
1805 1854
1805 1967
1812 1921
1818 1820
1818 1854
1834 1835
1837 1838
1838 1895
1856 1991
1856 1992
1866 1894
1883 1912
1883 1919
1894 1960
1926 1992
1936 1986
1941 1945
1966 1967
1976 1979
1978 1986
