6 650
7 608
7 780
7 900
7 1007
7 1918
8 1400
9 617
9 1125
10 48
10 1007
11 309
11 352
12 1469
14 15
14 21
14 24
14 25
15 84
15 487
15 1196
15 1918
15 1955
15 1976
18 204
19 320
20 322
20 1668
21 98
21 189
21 337
21 394
21 615
21 692
21 869
21 1057
21 1145
21 1204
21 1544
22 1098
24 173
24 258
24 433
24 606
24 882
24 1077
24 1131
24 1154
24 1348
24 1469
24 1604
24 1747
24 1748
24 1749
25 564
25 693
25 748
25 809
25 901
25 967
25 1093
25 1154
25 1482
27 28
27 32
27 35
28 74
28 115
28 353
28 453
28 654
28 1154
28 1362
28 1602
28 1830
29 295
29 1130
30 322
32 98
32 143
32 159
32 195
32 299
32 387
32 866
32 1154
32 1640
34 1100
35 113
35 159
35 317
35 497
35 556
35 754
35 804
35 1020
35 1464
35 1604
35 1947
38 211
38 518
41 989
41 1216
42 518
44 48
47 442
47 692
48 400
48 491
48 691
48 695
48 1234
48 1493
48 1863
50 433
50 1332
52 661
52 814
52 928
52 1979
53 938
53 1161
54 163
55 677
57 982
57 1130
58 174
58 1566
63 1914
64 1686
66 174
67 69
68 1526
69 121
69 171
69 350
69 364
69 365
69 366
69 367
69 368
69 369
70 1550
71 179
71 985
71 1183
73 982
73 1235
79 643
79 1156
79 1930
82 985
84 1216
85 805
86 90
88 928
88 1265
89 608
90 293
90 566
90 706
90 1322
90 1432
90 1462
90 1464
90 1550
90 1565
90 1650
90 1709
90 1718
90 1837
92 352
93 99
94 1287
98 183
99 137
99 643
99 1451
99 1558
99 1648
103 953
103 1667
104 194
104 868
107 1125
107 1864
110 1680
110 1792
111 384
111 617
112 780
113 1881
114 1075
115 752
116 1695
120 1426
121 1764
123 452
123 1287
123 1749
124 183
126 780
130 708
131 1881
133 1809
138 1079
140 1883
142 1021
144 1566
145 1748
152 179
155 163
157 322
158 345
158 349
158 352
160 163
163 181
163 307
163 329
163 444
163 643
163 936
163 982
163 1119
163 1278
163 1586
163 1702
165 1866
165 1918
167 442
168 349
168 1077
169 174
171 1075
173 1156
174 666
174 851
174 936
174 1154
174 1250
174 1694
174 1784
175 1156
176 661
177 1695
178 179
178 183
179 1593
179 1716
179 1736
179 1918
180 1172
180 1315
180 1526
180 1748
181 1566
183 229
183 921
183 1030
183 1145
183 1246
183 1317
183 1373
183 1628
183 1898
183 1918
184 308
185 1021
187 194
189 209
189 1554
190 927
191 1161
193 1587
193 1668
193 1749
194 548
194 643
194 755
194 1001
194 1813
194 1917
196 1411
197 201
197 204
198 938
200 1216
200 1910
201 266
201 447
201 452
201 552
201 773
201 1016
201 1021
201 1397
201 1489
201 1554
201 1555
201 1628
201 1957
202 1880
204 639
204 793
204 798
204 835
204 916
204 1222
204 1301
204 1675
204 1980
205 1914
207 1577
208 209
208 211
209 679
209 680
209 681
209 682
209 683
209 684
209 685
209 686
209 687
210 708
211 395
211 692
211 784
211 863
211 1006
211 1095
211 1280
211 1407
211 1848
217 324
217 349
218 617
218 1021
219 708
226 312
226 982
226 1172
228 320
229 1315
229 1833
230 1161
233 1077
233 1216
234 345
237 238
237 243
237 245
238 624
238 753
238 982
238 1101
238 1507
238 1664
239 805
243 349
243 642
243 671
243 740
243 1044
243 1101
243 1340
243 1506
245 250
245 323
245 491
245 762
245 881
245 902
245 1214
245 1459
245 1650
245 1806
245 1861
245 1969
247 262
248 482
248 1566
249 900
250 482
251 1881
252 949
252 1162
255 900
257 1075
257 1554
258 1122
258 1819
259 283
260 1375
261 1809
262 349
262 470
262 736
262 1093
262 1116
262 1455
262 1456
262 1729
262 1953
267 1864
268 806
269 900
272 751
272 1864
273 1029
274 283
274 286
278 1445
279 355
282 518
282 1374
283 630
283 687
283 816
283 1019
283 1175
283 1210
283 1582
283 1598
283 1887
283 1996
284 1077
284 1080
284 1606
286 415
286 440
286 606
286 1143
286 1322
286 1447
286 1494
286 1706
286 1732
286 1740
286 1746
286 1843
287 295
291 805
293 1007
295 498
295 738
295 741
295 803
295 959
295 1290
295 1358
295 1403
295 1737
295 1790
295 1854
295 1918
300 429
300 949
301 656
301 1125
303 1566
304 808
305 1994
307 308
307 309
307 312
308 332
308 366
308 953
308 1142
308 1282
308 1972
309 355
309 401
309 494
309 689
309 692
309 708
309 814
309 895
309 1007
309 1154
309 1286
309 1445
309 1566
309 1686
310 345
312 503
312 1018
312 1154
312 1194
312 1280
312 1522
312 1624
312 1993
313 1122
315 1880
316 1172
316 1635
317 320
317 321
317 322
317 324
320 401
320 692
320 965
320 1106
320 1114
320 1242
320 1367
320 1928
321 347
321 491
321 1037
321 1089
321 1210
321 1304
321 1597
321 1834
322 531
322 689
322 724
322 759
322 764
322 1312
322 1572
322 1661
322 1700
323 345
324 491
324 492
324 493
324 494
324 495
331 335
333 1764
335 643
335 644
335 645
335 646
335 647
335 648
336 1838
337 1115
338 1160
338 1172
339 938
340 751
340 1125
343 1431
344 1469
345 347
345 474
345 654
345 1059
345 1096
345 1138
345 1219
345 1220
345 1221
345 1222
346 1027
346 1378
347 452
347 1668
348 989
348 1914
349 384
349 617
349 780
349 808
349 1216
349 1228
349 1279
349 1336
349 1411
349 1615
349 1616
349 1967
350 1606
352 381
352 412
352 451
352 1154
352 1241
352 1472
352 1507
352 1767
355 356
355 357
355 358
355 359
355 360
355 361
355 362
355 363
356 1764
359 637
360 504
363 452
363 1577
364 1156
366 1469
369 473
369 491
369 518
369 1098
369 1154
369 1172
369 1280
369 1322
369 1348
369 1375
369 1378
369 1454
369 1668
369 1770
370 371
370 374
370 377
371 818
371 822
371 1080
371 1628
371 1961
374 514
374 858
374 1139
374 1143
374 1154
374 1546
374 1692
375 1587
377 491
377 725
377 1413
377 1414
377 1415
377 1416
377 1417
377 1418
377 1419
377 1420
377 1421
377 1422
380 384
381 1159
382 1130
383 1122
383 1663
383 1838
384 398
384 628
384 638
384 773
384 835
384 1076
384 1081
384 1082
384 1251
384 1710
384 1961
385 1172
387 1079
387 1749
388 1079
388 1205
388 1686
389 953
389 1686
394 985
395 751
396 862
396 989
398 634
400 900
400 1866
401 1100
401 1764
410 505
411 862
418 650
419 1021
419 1994
422 429
422 433
426 1375
426 1719
428 1378
429 614
429 681
429 823
429 885
429 955
429 1132
429 1138
429 1233
429 1265
429 1337
429 1369
430 1286
431 692
431 1606
433 467
433 822
433 846
434 1358
434 1434
435 949
436 442
438 1358
441 1445
442 692
442 980
442 1005
442 1071
442 1227
442 1433
442 1630
442 1703
442 1852
442 1963
443 1077
444 780
446 1509
447 452
448 862
448 1674
452 489
452 531
452 904
452 979
452 1081
452 1577
452 1653
452 1654
452 1655
455 656
455 953
455 1577
456 473
458 806
458 938
464 752
464 1115
465 982
466 1254
466 1864
467 473
470 928
471 1914
472 1606
473 588
473 760
473 771
473 968
473 1516
473 1541
474 1029
477 482
481 806
482 491
482 879
482 905
482 923
482 975
482 1419
482 1507
482 1660
482 1896
483 1554
487 608
487 1125
487 1663
488 677
491 742
491 850
491 989
491 1126
491 1155
491 1374
491 1790
491 1994
492 1374
494 608
494 1375
495 1606
496 504
497 1719
498 1378
500 1400
504 610
504 687
504 979
504 1135
504 1173
504 1185
504 1387
504 1398
505 562
505 780
505 835
505 866
505 952
505 1031
505 1313
505 1413
505 1508
505 1922
505 1950
506 1125
509 1007
509 1667
512 1737
512 1833
512 1866
514 1606
517 1156
517 1514
518 566
518 1687
518 1724
523 1431
528 529
528 530
528 531
528 532
528 533
528 534
528 535
528 536
528 537
528 538
528 539
531 580
531 637
531 805
531 843
531 927
531 928
531 1100
531 1265
531 1322
531 1509
531 1606
531 1914
531 1930
534 953
534 989
537 1131
538 1080
538 1557
539 1080
539 1159
543 1635
546 1115
551 1157
551 1159
552 1509
554 1315
555 608
558 1130
559 1686
561 570
562 868
565 617
567 1375
568 814
570 643
570 1026
570 1054
570 1198
570 1382
570 1385
570 1602
570 1878
570 1897
574 1130
576 1130
576 1131
580 1431
583 634
584 1098
585 1130
590 1131
592 1635
594 1378
600 982
600 1183
601 1635
601 1674
602 1668
604 1792
606 1828
607 608
608 1358
608 1497
608 1512
608 1922
612 1205
617 1425
617 1480
622 1719
623 1930
624 1557
627 1098
627 1509
628 634
630 862
631 1663
632 1004
633 1550
634 770
634 1085
634 1322
634 1415
634 1492
634 1665
634 1725
636 1930
637 638
637 639
637 640
637 641
637 642
639 1154
641 805
641 1098
641 1130
643 696
643 901
643 904
643 974
643 1080
643 1210
643 1695
643 1834
643 1880
643 1881
644 1216
645 752
646 1075
646 1663
649 650
650 748
650 751
650 879
650 1103
650 1788
650 1960
651 1445
652 1973
653 1061
654 1029
655 656
655 661
656 962
656 979
656 1041
656 1322
656 1454
656 1621
656 1622
656 1623
656 1624
656 1625
657 1161
660 1914
661 1142
661 1244
661 1306
661 1604
661 1817
661 1965
663 1131
664 1880
673 677
677 891
677 1154
680 1770
681 1254
682 1748
685 1400
686 1719
687 718
687 984
687 1075
687 1154
687 1204
687 1287
687 1493
687 1561
687 1675
687 1719
687 1792
688 708
689 1332
692 838
692 868
692 938
692 953
692 1185
692 1667
692 1714
692 1852
692 1918
692 1973
696 1004
698 1029
700 1027
701 1668
704 938
705 1680
708 714
708 1379
708 1408
708 1580
710 1183
710 1287
714 1431
715 1445
718 1400
719 758
720 949
720 1809
720 1881
721 1604
722 1160
722 1172
724 1792
730 1265
730 1880
731 1680
733 1973
737 1400
740 1075
741 900
742 805
743 985
743 1595
744 808
746 751
746 752
751 752
751 862
751 965
751 1081
751 1174
751 1185
751 1211
751 1400
751 1674
751 1866
751 1887
751 1955
752 893
752 1059
752 1091
752 1107
752 1228
752 1818
752 1893
752 1894
754 1764
756 758
758 791
758 978
758 1043
758 1222
758 1486
758 1734
758 1821
762 1075
768 1172
770 1021
772 1866
778 1286
779 1604
780 990
780 1130
780 1141
780 1154
780 1174
780 1198
780 1743
780 1980
781 1004
782 1833
783 1160
784 1159
784 1914
786 808
788 1426
789 1434
789 1880
791 1205
792 862
794 1819
798 1770
802 805
802 806
802 808
803 1158
805 903
805 904
806 1918
806 1940
806 1941
807 982
807 1183
808 875
808 1307
808 1310
808 1481
808 1679
808 1716
808 1844
808 1879
809 1287
809 1514
814 992
814 1089
814 1340
814 1473
814 1996
815 1265
817 1378
818 1566
819 1557
819 1864
820 1077
825 1098
829 1080
829 1550
829 1577
829 1819
834 1719
835 1079
837 1411
838 839
838 840
838 841
838 842
838 843
839 985
840 1358
841 1029
842 949
842 1027
843 1358
843 1431
844 1514
847 982
849 1287
850 1509
852 859
854 974
855 1411
856 1007
859 875
859 1059
859 1442
859 1744
859 1866
860 1695
861 862
861 868
862 1495
862 1616
862 1892
863 1426
865 1254
866 928
867 1115
868 1073
868 1246
868 1645
868 1870
872 1265
872 1864
875 1469
882 1021
882 1431
886 1068
887 1838
891 1604
895 1566
896 900
899 1748
900 953
900 1179
900 1283
900 1352
900 1477
900 1569
902 1557
903 1680
909 949
909 1770
910 1668
915 1866
917 1027
918 1358
919 1914
923 927
923 928
925 1566
927 1709
927 1837
928 1041
928 1174
928 1355
928 1562
928 1777
928 1785
931 1115
935 949
935 1098
935 1160
937 1172
938 1045
938 1597
938 1960
938 1968
939 1400
940 1737
942 1635
944 1764
948 1881
949 950
949 951
949 952
949 953
949 954
949 955
951 1131
951 1866
953 1205
953 1537
953 1548
953 1557
953 1587
953 1741
953 1828
953 1833
954 1156
961 1100
961 1526
965 1315
971 1833
974 1022
974 1058
974 1297
974 1307
974 1451
974 1782
982 983
982 984
982 985
982 986
982 987
983 1122
983 1828
984 1838
985 1053
985 1144
985 1496
985 1784
985 1889
986 1075
988 989
989 1350
989 1412
989 1473
989 1486
989 1637
989 1726
990 1667
995 1792
996 1587
997 1411
998 1205
1000 1004
1003 1411
1004 1276
1004 1604
1004 1885
1005 1122
1007 1495
1007 1528
1007 1760
1007 1970
1008 1161
1008 1749
1008 1828
1010 1557
1012 1205
1016 1021
1021 1822
1023 1216
1024 1027
1025 1737
1027 1281
1027 1322
1027 1352
1027 1708
1027 1776
1028 1378
1029 1437
1029 1866
1035 1680
1041 1595
1045 1358
1048 1375
1051 1910
1056 1061
1061 1222
1061 1231
1061 1562
1061 1844
1061 1946
1065 1079
1066 1434
1066 1526
1066 1667
1068 1222
1068 1381
1068 1489
1070 1075
1070 1077
1072 1265
1075 1106
1075 1196
1075 1731
1075 1834
1076 1158
1076 1910
1079 1080
1079 1081
1079 1082
1079 1083
1079 1084
1080 1175
1080 1425
1080 1621
1080 1843
1080 1866
1080 1883
1080 1910
1080 1926
1080 1941
1080 1967
1087 1183
1088 1426
1092 1635
1093 1130
1094 1667
1095 1098
1096 1160
1096 1864
1098 1251
1098 1260
1098 1467
1098 1601
1098 1879
1100 1101
1100 1102
1100 1103
1103 1838
1104 1157
1115 1253
1115 1691
1115 1825
1115 1866
1115 1942
1115 1955
1118 1122
1119 1358
1120 1526
1122 1253
1122 1309
1122 1322
1122 1336
1122 1569
1122 1583
1124 1125
1125 1534
1125 1802
1125 1918
1125 1919
1125 1923
1126 1205
1126 1235
1127 1587
1130 1155
1131 1345
1131 1615
1136 1161
1136 1332
1139 1881
1140 1162
1143 1514
1144 1434
1148 1286
1154 1155
1154 1156
1154 1157
1154 1158
1154 1159
1154 1160
1154 1161
1154 1162
1156 1184
1156 1718
1156 1741
1156 1989
1157 1208
1157 1220
1157 1458
1157 1691
1157 1935
1158 1263
1158 1403
1158 1622
1158 1664
1158 1703
1158 1974
1159 1199
1159 1211
1159 1370
1159 1463
1159 1857
1160 1589
1160 1803
1161 1548
1161 1591
1161 1870
1162 1549
1162 1555
1162 1754
1162 1926
1164 1674
1165 1606
1165 1748
1169 1914
1170 1668
1172 1569
1172 1705
1172 1876
1172 1957
1175 1554
1178 1770
1179 1183
1180 1514
1183 1257
1183 1265
1183 1302
1183 1581
1183 1629
1183 1703
1185 1265
1186 1426
1188 1667
1191 1554
1192 1792
1195 1994
1198 1663
1201 1695
1205 1368
1205 1485
1205 1486
1215 1880
1216 1252
1216 1658
1216 1768
1217 1792
1219 1358
1220 1554
1222 1302
1222 1434
1222 1465
1222 1526
1222 1566
1222 1612
1222 1635
1222 1663
1222 1838
1222 1841
1224 1635
1226 1749
1232 1286
1235 1338
1235 1566
1235 1660
1235 1964
1237 1770
1243 1635
1250 1254
1254 1321
1254 1322
1255 1833
1260 1265
1265 1330
1265 1578
1265 1625
1265 1639
1267 1680
1268 1557
1269 1587
1272 1587
1274 1819
1279 1332
1280 1880
1285 1286
1286 1349
1286 1356
1286 1527
1287 1288
1290 1566
1294 1667
1297 1719
1301 1587
1305 1526
1307 1332
1307 1550
1308 1315
1311 1400
1314 1828
1315 1322
1315 1347
1315 1455
1315 1654
1315 1832
1315 1929
1317 1606
1318 1469
1322 1426
1322 1431
1322 1595
1322 1680
1322 1764
1322 1819
1322 1866
1322 1979
1323 1838
1330 1668
1331 1509
1332 1339
1332 1381
1332 1582
1332 1583
1332 1918
1335 1864
1345 1577
1345 1838
1349 1509
1349 1554
1351 1719
1358 1483
1358 1516
1358 1929
1358 1989
1367 1719
1372 1374
1372 1375
1374 1414
1374 1622
1374 1841
1374 1917
1375 1474
1375 1572
1375 1747
1375 1940
1375 1980
1378 1561
1378 1612
1389 1883
1397 1526
1400 1519
1400 1638
1400 1892
1400 1908
1410 1635
1411 1467
1411 1522
1411 1559
1411 1569
1421 1918
1423 1819
1426 1618
1426 1724
1426 1803
1426 1967
1429 1526
1430 1431
1431 1457
1431 1624
1431 1644
1431 1692
1432 1434
1434 1692
1434 1925
1435 1973
1436 1680
1440 1764
1440 1918
1442 1686
1445 1571
1445 1588
1445 1897
1450 1587
1459 1880
1462 1680
1464 1819
1465 1595
1469 1743
1469 1903
1470 1635
1477 1557
1477 1604
1485 1770
1507 1509
1509 1527
1509 1756
1509 1800
1514 1756
1514 1918
1514 1953
1514 1955
1525 1595
1526 1835
1526 1974
1527 1819
1530 1566
1531 1719
1531 1828
1537 1918
1541 1914
1548 1550
1549 1635
1550 1871
1554 1594
1554 1937
1555 1668
1556 1557
1557 1670
1557 1671
1562 1695
1565 1881
1566 1829
1568 1674
1574 1577
1575 1680
1577 1647
1581 1979
1594 1595
1595 1799
1596 1880
1599 1604
1604 1639
1604 1647
1604 1655
1604 1809
1604 1850
1605 1606
1606 1858
1606 1975
1621 1719
1627 1635
1631 1749
1636 1819
1637 1680
1658 1686
1663 1726
1663 1922
1666 1737
1667 1675
1667 1702
1680 1841
1684 1686
1686 1696
1689 1914
1695 1696
1697 1883
1712 1719
1714 1930
1717 1719
1748 1847
1749 1843
1756 1930
1764 1812
1765 1979
1770 1915
1783 1866
1789 1910
1801 1930
1802 1883
1828 1850
1833 1944
1837 1838
1838 1895
1862 1864
1864 1918
1866 1894
1883 1912
1883 1919
1945 1973
1973 1978
1976 1979
1987 1994
