0 7
0 28
0 33
1 7
1 260
5 511
6 237
6 547
7 9
7 14
7 23
7 25
7 28
7 30
7 33
7 49
7 70
7 72
7 73
7 74
7 75
7 77
7 79
7 80
7 82
7 84
7 90
7 107
7 110
7 112
7 120
7 149
7 152
7 160
7 161
7 168
7 171
7 176
7 184
7 192
7 193
7 196
7 205
7 207
7 210
7 225
7 237
7 254
7 259
7 260
7 262
7 264
7 266
7 267
7 273
7 289
7 300
7 301
7 302
7 303
7 308
7 327
7 345
7 349
7 357
7 360
7 370
7 374
7 375
7 383
7 397
7 407
7 409
7 413
7 417
7 419
7 429
7 431
7 434
7 436
7 447
7 463
7 464
7 478
7 480
7 485
7 500
7 508
7 523
7 547
7 550
7 561
7 574
7 575
7 577
7 582
7 583
7 584
7 585
7 586
7 587
7 588
7 589
7 590
7 591
7 592
7 593
7 594
7 595
7 596
7 597
7 598
7 599
7 600
7 601
7 602
7 603
7 604
7 605
7 606
7 607
7 608
7 609
7 610
7 611
7 612
7 613
7 614
7 615
7 616
7 617
7 618
7 619
7 620
7 621
7 622
7 623
7 624
7 625
7 626
7 627
7 628
7 629
7 630
7 631
7 632
7 633
7 634
12 184
19 547
22 28
28 75
28 584
28 909
28 922
33 78
33 80
33 220
33 480
33 719
33 966
43 260
58 606
72 260
74 511
79 184
85 260
99 260
118 260
120 184
120 237
149 184
149 193
150 260
151 260
154 606
155 260
166 511
175 606
179 260
184 716
184 873
193 391
193 511
193 519
193 574
193 749
194 260
203 237
205 237
225 603
232 260
237 292
237 887
238 260
259 260
259 273
260 263
260 271
260 278
260 284
260 307
260 427
260 431
260 442
260 477
260 479
260 508
260 527
260 540
260 552
260 583
260 596
260 597
260 612
260 658
260 664
260 665
260 666
260 667
260 668
260 669
260 670
260 671
260 672
260 673
260 674
262 749
273 279
273 295
273 302
273 321
273 469
273 585
273 613
273 725
273 829
301 606
304 511
305 547
336 603
480 603
517 547
547 604
547 644
547 652
547 819
582 749
590 603
606 792
606 937
623 749
669 749
749 923
