0 1
0 2
0 3
0 4
0 5
0 6
0 7
0 8
0 9
0 10
0 11
0 12
0 13
0 14
0 15
0 16
0 17
0 18
0 19
0 20
0 21
0 22
0 23
0 24
0 25
0 26
0 27
0 28
0 29
0 30
0 31
0 32
0 33
0 34
0 35
0 36
0 37
0 38
0 39
0 40
0 41
0 42
0 43
0 44
0 45
0 46
0 47
0 48
0 49
0 50
0 51
0 52
0 53
0 54
0 55
0 56
0 57
0 58
0 59
0 60
0 61
0 62
0 63
0 64
0 65
0 66
0 67
0 68
0 69
1 4
1 11
1 14
1 19
1 22
1 23
1 39
1 82
1 132
1 161
1 204
1 221
1 235
1 267
1 301
1 308
1 313
1 320
1 321
1 322
1 326
1 329
1 330
1 332
1 333
1 334
1 335
1 336
1 337
1 338
1 339
1 340
1 344
1 345
1 346
1 347
1 348
1 349
1 350
1 352
1 353
1 354
1 355
1 357
1 358
1 359
1 360
1 362
1 364
1 367
1 368
1 369
2 4
2 10
2 20
2 32
2 103
2 121
2 162
2 206
2 216
2 281
2 301
2 346
2 375
2 376
2 381
2 384
2 385
2 387
2 391
2 392
2 396
2 398
2 400
2 401
2 402
2 403
2 404
2 406
2 409
2 410
2 413
2 414
3 43
3 223
3 239
3 420
3 423
3 426
4 9
4 13
4 16
4 29
4 59
4 62
4 75
4 77
4 87
4 91
4 112
4 145
4 147
4 149
4 150
4 157
4 159
4 172
4 177
4 198
4 203
4 204
4 206
4 207
4 208
4 218
4 233
4 238
4 244
4 247
4 263
4 264
4 296
4 321
4 329
4 348
4 351
4 370
4 376
4 394
4 400
4 420
4 427
4 428
4 429
4 430
4 431
4 432
4 433
4 434
4 435
4 436
4 437
4 438
4 439
4 440
4 441
4 442
4 443
4 444
4 445
4 446
4 447
4 448
4 449
4 450
4 451
4 452
4 453
4 454
4 455
4 456
4 457
4 458
4 459
4 460
4 461
4 462
4 463
4 464
4 465
4 466
4 467
4 468
4 469
4 470
4 471
4 472
4 473
4 474
4 475
4 476
5 14
5 31
5 34
5 36
5 52
5 115
5 124
5 202
5 206
5 230
5 258
5 280
5 320
5 459
5 462
5 472
5 483
5 484
5 486
5 487
5 491
5 492
5 493
5 494
5 497
5 499
5 500
5 501
5 502
5 503
5 504
5 507
5 509
5 511
5 512
5 513
5 514
5 515
6 140
6 163
6 204
6 218
6 230
6 290
6 337
6 376
6 385
6 467
6 484
6 529
6 552
6 553
6 557
6 558
6 561
6 562
6 563
6 565
6 566
6 567
6 569
6 571
7 14
7 23
7 30
7 33
7 49
7 82
7 90
7 110
7 112
7 161
7 171
7 184
7 193
7 196
7 225
7 254
7 264
7 267
7 301
7 308
7 345
7 349
7 357
7 360
7 375
7 409
7 413
7 431
7 436
7 447
7 463
7 464
7 500
7 561
7 574
7 577
7 586
7 588
7 591
7 592
7 594
7 598
7 599
7 600
7 601
7 606
7 607
7 611
7 612
7 613
7 615
7 618
7 619
7 623
7 624
7 628
7 629
7 632
7 633
7 634
8 22
8 216
8 335
8 339
8 354
8 392
8 420
8 427
8 435
8 442
8 455
8 492
8 512
8 530
8 535
8 543
8 569
8 594
8 675
8 677
8 679
8 683
8 684
8 686
8 687
8 693
8 694
9 11
9 159
9 433
9 591
9 712
9 713
9 717
9 718
10 70
10 72
10 85
10 167
10 203
10 234
10 406
10 418
10 564
10 586
10 587
10 675
10 719
10 720
10 721
10 722
10 723
10 724
11 203
11 259
11 265
11 272
11 277
11 282
11 302
11 365
11 429
11 451
11 490
11 524
11 705
11 710
11 796
11 797
11 798
11 799
12 18
12 35
12 38
12 42
12 76
12 83
12 90
12 150
12 154
12 156
12 158
12 184
12 205
12 262
12 275
12 310
12 335
12 344
12 362
12 365
12 399
12 409
12 426
12 428
12 489
12 493
12 520
12 546
12 582
12 639
12 727
12 735
12 745
12 747
12 805
12 806
12 807
12 808
12 809
12 810
12 811
12 812
12 813
12 814
13 264
13 286
13 322
13 334
13 338
13 513
13 645
13 675
13 683
13 816
13 819
13 820
14 211
14 224
14 259
14 314
14 484
14 857
15 222
15 427
15 433
15 562
15 876
16 19
16 352
16 392
16 447
16 491
16 553
16 558
16 847
16 891
16 892
16 893
16 894
16 895
16 896
17 441
17 808
18 32
18 52
18 225
18 329
18 431
18 784
18 810
18 833
18 893
18 938
18 939
19 29
19 105
19 108
19 304
19 381
19 384
19 389
19 417
19 535
19 547
19 644
19 692
19 707
19 742
19 758
19 908
19 915
19 942
20 210
20 261
20 267
20 482
20 587
20 674
20 696
20 736
20 947
21 71
21 86
21 120
21 265
21 323
21 418
21 633
21 772
21 815
21 867
21 885
22 28
22 203
22 339
22 480
22 602
22 641
22 660
22 667
22 672
22 688
22 719
22 775
22 960
23 207
23 232
23 546
23 818
23 909
24 82
24 145
24 406
24 443
24 786
24 896
25 104
25 283
25 368
25 443
25 578
25 750
25 856
25 940
26 155
26 177
26 330
26 909
27 53
27 355
27 402
27 433
27 731
27 862
27 891
28 909
29 247
29 819
29 856
30 265
30 323
30 429
30 494
30 542
30 582
30 697
30 849
31 54
31 203
31 262
31 316
31 649
31 793
31 863
32 313
32 418
32 559
32 931
32 932
32 967
33 78
33 80
33 220
33 480
33 719
33 966
34 203
34 325
34 374
34 502
34 602
34 779
34 817
34 843
34 898
34 978
35 264
35 344
36 263
36 311
36 771
36 825
37 70
37 106
37 278
37 395
37 480
38 514
38 742
39 76
39 168
39 364
39 479
39 569
39 801
40 87
40 264
41 208
41 217
41 429
41 824
41 874
42 708
42 940
42 991
43 260
43 263
43 292
43 560
43 597
44 75
44 311
44 480
44 585
44 700
44 744
44 935
45 46
45 89
45 151
45 251
45 517
45 678
46 69
47 73
47 77
47 153
47 545
47 809
48 56
48 92
48 259
48 280
48 324
48 540
48 912
48 916
49 57
49 149
49 166
49 327
49 621
49 685
50 89
50 203
50 373
50 522
50 889
51 87
51 455
52 149
52 665
52 802
53 99
53 572
53 587
53 621
53 624
55 155
55 437
55 619
55 751
56 647
57 732
57 941
58 61
58 606
58 923
59 212
59 353
60 88
60 174
60 357
60 664
60 919
61 137
61 153
61 722
61 790
62 369
62 669
63 66
63 375
63 562
63 830
64 470
65 131
65 150
65 380
65 869
66 263
66 295
66 824
67 453
68 266
68 351
68 595
68 777
69 205
69 323
69 933
70 81
70 82
70 85
70 87
70 90
70 91
70 101
70 102
70 103
70 104
70 108
70 110
70 112
70 115
70 116
70 117
70 119
70 121
70 124
70 126
70 128
70 130
70 131
70 132
70 134
70 138
70 140
70 141
70 142
70 145
70 146
71 82
71 102
71 173
71 182
71 190
71 204
71 206
71 235
71 267
71 313
71 332
71 345
71 427
71 433
71 437
71 444
71 553
71 573
71 635
71 636
71 637
71 641
71 642
71 644
71 645
71 646
71 647
71 648
71 649
71 651
72 91
72 119
72 126
72 130
72 172
72 242
72 284
72 326
72 652
72 656
72 657
72 658
72 661
73 155
73 313
73 406
73 586
73 759
73 760
74 110
74 332
74 384
74 440
74 511
74 623
74 635
74 768
75 87
75 116
75 209
75 462
75 573
75 684
75 727
75 775
75 776
76 187
76 427
76 494
76 651
76 788
76 789
77 91
77 172
77 321
77 332
77 381
77 562
77 628
77 633
77 753
77 791
77 794
78 85
78 138
78 284
78 326
78 467
78 664
78 677
78 830
78 831
79 115
79 184
79 292
79 308
79 353
79 404
79 483
79 486
79 747
79 833
79 834
79 836
80 90
80 164
80 165
80 183
80 256
80 403
80 552
80 592
80 652
80 860
80 861
80 862
81 149
81 164
81 207
81 261
81 517
81 828
82 98
82 208
82 229
82 336
82 525
82 697
82 729
82 735
82 833
83 381
83 436
83 468
83 535
83 569
83 573
83 574
83 629
83 635
83 644
83 683
83 694
83 778
83 846
84 216
84 396
84 471
84 615
84 635
84 666
84 713
84 791
84 891
84 895
84 913
85 160
85 223
85 260
85 300
85 583
85 588
85 665
85 688
85 918
86 209
86 340
86 385
86 530
86 738
86 811
86 831
86 949
87 106
87 115
87 198
87 199
87 211
87 432
87 917
88 90
88 276
88 313
88 856
88 954
88 955
89 130
89 131
89 254
89 358
89 369
89 436
89 441
89 483
89 507
89 513
89 569
89 724
89 737
89 759
89 807
89 913
89 953
89 969
90 379
90 548
90 555
90 719
90 825
90 939
91 203
91 217
91 366
91 393
91 533
91 854
91 973
91 974
92 155
92 611
93 656
93 788
93 864
93 903
94 103
94 376
94 628
94 671
94 904
94 951
95 102
95 553
95 812
95 863
95 987
96 173
96 435
96 484
96 666
96 727
96 859
96 925
96 958
97 164
97 686
97 974
98 110
98 413
98 808
98 830
98 989
98 990
99 352
99 594
99 674
99 991
100 124
100 427
100 438
100 447
100 468
100 618
101 203
101 322
101 434
101 438
101 682
101 765
101 952
102 266
102 308
103 170
103 418
103 509
103 526
103 668
103 740
103 927
104 122
104 156
104 259
104 425
104 491
104 612
104 732
104 935
105 452
105 674
105 849
106 459
107 349
107 441
107 623
107 974
108 234
108 388
108 497
108 584
108 708
108 868
108 919
109 142
109 812
109 852
109 981
110 203
110 224
110 345
110 498
110 503
110 713
110 826
110 911
110 925
111 447
111 859
111 982
112 207
112 243
112 311
113 119
113 514
113 574
113 775
113 979
114 387
114 891
114 903
115 481
116 151
116 166
116 281
116 506
116 986
117 200
117 216
117 266
117 300
117 408
117 725
118 189
118 578
118 849
118 893
118 938
119 204
119 734
119 770
119 861
120 184
120 212
120 786
120 808
120 994
121 140
121 259
121 430
121 761
122 820
123 426
123 641
123 849
123 903
124 639
124 847
125 240
125 679
125 973
126 428
126 439
126 523
127 204
127 577
127 836
127 989
128 139
128 156
128 343
128 418
128 693
128 863
128 897
130 207
130 811
131 160
131 391
131 550
132 348
132 485
132 676
133 204
133 404
133 450
134 421
134 438
134 480
134 871
134 883
135 218
135 598
137 760
138 452
138 723
138 959
139 527
139 996
140 177
140 192
141 144
141 151
141 427
141 479
141 744
141 832
142 242
142 390
142 428
143 436
143 561
144 949
145 532
145 959
146 204
146 300
146 425
146 802
147 264
147 664
148 239
148 431
148 503
149 155
149 158
149 159
149 161
149 162
149 163
149 164
149 165
149 171
149 172
149 173
149 177
149 182
149 183
149 184
149 187
149 189
149 190
149 191
149 193
149 196
149 199
149 202
150 158
150 159
150 162
150 190
150 281
150 301
150 313
150 336
150 348
150 350
150 381
150 391
150 396
150 423
150 427
150 431
150 492
150 502
150 520
150 527
150 528
150 529
150 530
150 535
150 538
150 541
150 543
151 427
151 600
151 776
151 804
152 155
152 375
152 438
152 445
152 484
152 497
152 529
152 541
152 634
152 720
153 337
154 241
154 255
154 443
154 470
154 606
154 664
154 883
154 921
155 245
155 260
155 300
155 318
155 324
155 330
155 486
155 619
155 796
155 816
155 825
155 903
155 922
155 923
156 158
156 491
156 586
156 741
156 753
156 860
156 900
157 238
157 487
157 615
157 887
157 899
158 203
158 410
158 680
158 854
159 192
159 370
160 439
160 442
160 720
161 191
161 265
161 479
161 527
161 774
162 261
162 304
162 756
163 309
163 403
163 418
163 420
163 721
163 844
163 979
164 258
164 388
164 416
164 433
164 526
164 533
164 550
164 585
164 614
164 618
164 689
164 980
165 265
165 428
165 824
165 899
165 934
166 326
166 344
166 444
166 511
166 981
166 986
167 206
167 473
167 671
167 949
168 475
168 619
168 651
168 863
168 887
168 949
169 986
169 996
170 787
170 840
171 178
171 225
171 254
171 261
171 375
171 477
171 858
171 908
171 959
172 434
172 532
172 537
172 978
173 206
173 562
173 635
173 659
173 702
173 773
173 791
173 901
174 437
174 841
174 930
175 520
175 606
175 957
176 794
176 886
177 705
177 735
178 196
178 264
179 264
179 281
179 888
179 992
180 464
180 624
180 645
181 427
181 474
181 737
181 750
182 300
182 330
182 719
183 404
183 428
183 520
183 668
183 688
183 850
184 716
184 873
185 199
185 819
185 955
186 455
186 527
186 924
187 369
187 479
187 480
187 522
187 755
189 416
189 602
189 655
189 699
190 574
190 894
191 533
191 725
191 968
192 577
193 391
193 511
193 519
193 574
193 749
194 287
194 329
194 992
195 487
195 941
196 430
196 439
199 306
199 728
200 402
200 779
201 619
201 637
201 669
202 389
202 551
202 852
203 204
203 206
203 209
203 212
203 216
203 218
203 221
203 222
203 223
203 225
203 230
203 233
203 235
203 238
203 239
203 240
203 241
203 242
203 247
203 249
203 250
203 254
203 255
203 256
203 258
204 213
204 230
204 259
204 281
204 304
204 387
204 545
204 546
204 572
204 573
204 574
204 575
204 576
204 577
204 578
204 579
204 580
204 581
205 454
205 512
205 520
205 566
205 636
205 645
205 677
205 784
205 786
205 787
206 307
206 318
206 337
206 338
206 399
206 546
206 564
206 639
206 733
206 858
207 212
207 254
207 296
207 436
207 454
207 591
207 632
207 863
207 864
207 865
208 264
208 483
208 642
208 738
208 788
208 870
209 242
209 262
209 263
209 274
209 276
209 414
209 417
209 498
209 533
209 536
209 585
209 607
209 675
209 873
209 926
209 927
209 928
210 330
210 392
210 503
210 791
210 930
211 241
211 439
211 484
211 892
211 940
211 941
212 305
212 429
212 430
212 563
213 264
213 652
213 924
214 287
214 796
214 810
214 891
215 345
215 440
215 775
215 787
215 836
216 221
216 302
216 667
217 957
217 981
218 278
218 417
218 489
218 587
218 614
218 917
219 384
219 699
219 982
220 240
220 779
221 518
221 824
221 910
222 242
222 324
222 373
222 407
222 496
222 832
223 269
223 423
223 590
224 649
224 823
224 904
224 984
225 603
225 761
225 784
225 793
226 398
226 725
227 594
227 598
228 280
228 322
228 953
229 420
229 472
229 661
229 823
229 833
230 556
230 634
230 783
230 960
232 951
233 389
233 631
233 706
233 782
234 406
235 314
235 352
235 481
235 509
235 964
236 615
236 757
236 834
237 292
237 887
238 260
238 524
238 898
239 274
239 455
239 542
239 719
240 747
240 857
240 993
241 375
241 379
242 430
242 972
243 340
243 435
244 474
244 895
244 921
245 320
245 671
245 718
246 290
246 486
246 636
247 263
247 319
248 348
248 461
248 509
248 946
249 374
249 520
249 920
249 929
250 278
250 432
250 460
250 923
251 329
251 788
252 264
252 473
252 738
252 765
253 591
253 834
253 957
255 439
255 451
255 460
256 604
256 890
256 956
258 934
258 943
259 264
259 267
259 275
259 276
259 280
259 281
259 282
259 283
259 284
259 286
259 287
259 290
259 292
259 294
259 296
259 297
260 284
260 427
260 431
260 442
260 527
260 552
260 612
260 658
260 664
260 666
260 669
260 671
260 673
260 674
261 275
261 294
261 320
261 441
261 453
261 455
261 471
261 580
261 592
261 598
261 724
261 725
261 727
261 729
261 731
261 732
262 290
262 376
262 431
262 437
262 473
262 486
262 599
262 632
262 651
262 664
262 683
262 747
262 750
262 751
263 264
263 275
263 344
263 438
263 657
263 763
263 764
263 765
264 482
264 545
264 561
264 752
264 842
265 384
265 440
265 491
265 513
265 725
265 755
265 759
265 841
265 846
265 847
265 849
265 852
266 283
266 592
266 600
266 658
266 754
266 821
266 861
266 900
266 906
267 274
267 399
267 524
267 534
267 545
267 640
267 735
267 746
267 790
267 805
267 931
268 468
268 764
269 333
269 664
270 607
270 729
270 952
271 528
271 636
271 712
271 816
272 387
272 504
272 561
272 579
272 984
273 321
273 469
273 613
273 725
274 444
274 661
274 776
274 981
274 985
275 300
276 489
276 523
276 696
276 970
277 403
277 501
278 292
278 442
278 574
278 652
278 713
279 321
279 420
279 494
279 648
279 725
279 846
279 994
280 310
280 480
280 509
280 868
280 932
281 367
281 503
281 575
281 696
281 798
281 852
281 949
281 992
281 996
282 285
282 519
282 613
282 614
282 737
282 764
282 794
282 838
282 857
282 891
282 993
283 304
283 343
283 347
283 524
283 968
283 994
284 642
284 728
284 757
284 881
284 968
285 598
286 372
286 435
286 549
287 519
287 653
287 704
287 960
287 992
290 418
290 431
290 650
293 337
293 414
293 594
294 328
294 348
294 793
295 940
296 300
296 477
296 703
296 814
297 325
297 477
297 485
297 717
297 865
298 375
298 398
298 414
300 320
300 326
300 330
300 334
300 339
300 409
300 427
300 499
300 520
300 687
300 725
300 737
300 738
300 741
300 742
300 745
300 746
301 359
301 402
301 427
301 490
301 545
301 606
301 752
301 753
301 754
301 755
301 756
301 757
301 758
302 321
302 821
302 823
303 308
303 339
303 439
303 652
303 664
303 729
303 763
303 840
304 364
304 511
304 591
304 657
304 742
304 841
305 357
305 607
305 754
305 779
305 810
305 879
305 881
306 423
306 497
306 673
307 467
307 591
308 309
308 427
308 565
308 597
308 695
308 730
309 720
309 859
309 864
309 890
310 335
310 376
310 797
311 444
311 557
311 708
311 796
312 375
312 493
312 528
312 675
312 679
312 888
313 370
313 677
313 788
313 790
313 932
313 933
314 435
314 474
314 552
314 945
314 946
315 358
315 470
316 450
316 674
316 720
316 951
316 952
317 329
317 471
317 535
317 612
318 475
318 574
318 709
318 717
318 890
319 436
319 541
320 358
320 368
320 735
320 840
320 855
321 324
321 481
321 513
321 632
321 829
321 921
321 951
322 374
322 480
322 777
323 457
323 661
323 888
324 359
324 979
325 445
325 588
325 687
326 732
326 858
327 437
327 464
327 486
327 648
328 797
328 876
329 489
329 593
329 611
329 799
329 862
329 911
330 449
331 375
331 455
331 641
331 732
332 479
332 596
332 642
332 792
333 480
333 725
333 868
333 897
334 591
334 688
334 761
334 972
335 526
335 700
336 584
336 603
336 726
337 428
337 670
337 800
337 877
338 488
338 521
338 558
338 763
338 804
339 731
339 744
340 381
340 517
340 733
340 874
340 956
342 433
342 487
342 985
343 577
343 619
343 776
343 863
345 743
346 354
346 373
346 390
346 531
346 651
346 744
346 748
346 947
346 960
347 413
347 696
347 728
347 733
347 987
348 378
348 465
348 667
348 913
349 373
349 778
350 437
350 508
350 575
350 596
352 741
353 449
353 590
353 879
353 888
353 909
354 391
354 550
355 598
355 609
355 735
355 831
355 851
356 438
356 520
357 480
358 440
359 389
359 551
360 680
360 702
360 933
360 994
362 568
362 684
362 736
362 868
364 736
364 787
364 801
366 686
366 808
367 575
367 593
367 922
368 421
368 550
369 771
370 563
370 588
370 636
370 763
370 778
370 779
370 780
371 492
371 843
372 503
372 712
372 906
373 483
373 491
373 588
373 684
373 693
373 737
373 778
373 924
373 925
374 453
374 607
374 656
374 843
374 866
374 870
375 398
375 427
375 446
375 501
375 559
375 563
375 752
375 813
375 853
375 866
375 942
375 963
375 964
376 853
376 867
376 876
376 965
377 402
377 438
377 954
377 973
378 649
378 946
379 435
379 452
379 635
379 636
379 649
379 789
379 796
380 404
380 438
380 445
380 487
380 598
380 727
381 721
381 782
382 763
382 779
382 796
382 860
382 986
383 435
383 461
384 523
384 873
385 407
385 477
385 489
385 811
386 594
386 833
386 949
387 430
387 855
388 457
388 912
388 979
388 983
389 579
389 686
389 865
389 894
391 550
391 735
391 815
391 995
392 401
392 602
392 665
392 896
393 398
393 891
393 953
394 414
394 443
394 445
394 708
395 435
396 481
396 551
396 768
396 798
398 733
400 449
400 733
400 875
400 933
401 599
401 667
401 752
401 765
402 555
402 948
403 484
404 429
404 872
405 755
405 764
405 843
406 786
407 629
408 445
408 775
408 879
409 874
409 972
410 521
410 645
410 697
412 499
412 754
413 743
416 958
417 753
417 859
418 433
418 504
418 632
418 679
418 833
418 864
418 886
418 887
418 888
418 889
421 501
421 635
421 983
422 701
422 895
422 963
422 983
423 482
423 928
424 566
424 618
424 713
424 870
425 491
425 515
425 906
426 521
426 546
426 660
427 594
427 600
427 615
427 671
427 691
427 695
427 696
427 697
427 698
427 699
427 700
427 701
427 702
427 703
428 457
428 520
428 594
428 601
428 747
428 883
429 502
429 504
429 642
429 684
429 698
429 866
429 899
429 900
429 901
430 435
430 494
430 698
430 876
430 909
430 910
430 912
431 857
431 868
431 915
432 437
432 557
432 666
432 745
433 487
433 837
434 454
434 598
434 892
435 523
435 584
435 629
435 715
435 877
435 953
436 477
436 521
436 648
436 774
436 805
436 821
436 899
436 941
436 957
437 460
437 499
437 548
437 582
437 596
437 660
437 759
437 814
437 976
438 466
438 871
439 446
439 480
439 592
439 646
439 702
439 781
439 806
439 885
439 956
440 537
440 777
441 483
441 681
441 895
441 929
442 620
442 762
442 886
442 919
443 490
443 496
443 685
443 781
443 993
444 806
444 975
445 538
445 631
445 829
445 906
445 950
445 966
446 529
446 658
446 941
447 458
447 534
447 555
447 809
447 833
447 842
447 893
447 984
447 990
448 461
448 464
449 656
450 477
450 583
450 650
450 707
450 733
450 853
451 491
451 567
451 768
451 861
452 550
452 682
453 549
453 652
453 771
453 905
454 583
455 680
455 905
455 924
455 958
456 522
456 659
456 669
456 719
456 734
456 778
456 926
456 936
457 802
457 813
457 860
458 729
458 746
459 733
459 789
459 933
460 624
461 593
461 704
461 915
461 928
461 976
462 712
462 730
463 601
463 691
463 692
463 736
463 773
463 936
463 978
464 918
467 534
468 575
469 782
469 815
469 933
470 481
470 806
471 640
472 602
472 711
473 521
473 738
474 476
474 589
475 825
475 838
477 507
477 588
477 599
477 641
477 673
477 679
477 708
477 709
478 634
478 741
478 754
479 558
479 562
479 637
479 746
480 738
480 757
480 778
480 843
480 899
480 903
480 904
481 687
481 807
481 891
481 893
482 775
483 761
483 834
483 870
483 922
483 935
484 566
484 725
484 929
485 757
486 534
486 666
486 733
487 522
488 646
490 493
491 628
491 682
491 892
492 530
492 584
492 647
492 843
493 498
493 735
495 509
495 573
495 939
496 629
496 633
497 800
499 654
499 672
499 735
500 572
500 591
500 721
501 706
501 710
501 989
502 589
503 826
504 725
506 701
506 836
506 925
507 679
507 841
508 921
508 930
508 952
510 588
510 852
510 899
510 995
512 727
512 877
514 529
514 698
515 707
515 906
515 947
517 637
517 709
517 866
518 538
519 573
519 664
519 821
519 879
519 921
520 555
520 576
520 583
520 715
520 768
520 825
521 765
521 900
521 903
522 527
522 892
522 977
523 573
523 951
524 571
524 679
524 694
524 746
524 753
524 988
525 791
526 794
526 860
526 862
526 938
527 647
527 726
528 589
528 796
528 927
529 539
529 580
529 824
530 777
531 652
531 725
531 896
531 973
531 974
531 984
532 574
532 751
533 891
534 657
535 943
536 731
536 775
536 780
536 863
538 670
538 680
538 728
539 574
539 756
539 994
540 834
541 557
541 583
541 818
543 687
543 722
543 825
545 729
546 574
546 586
546 958
547 644
547 652
547 819
548 841
549 686
549 816
550 741
550 789
551 635
551 954
552 727
553 761
553 894
554 784
554 910
554 930
555 713
555 989
556 601
557 590
557 711
557 860
557 937
557 999
558 560
558 595
558 858
560 709
560 982
560 998
561 740
561 956
563 681
563 964
564 952
565 609
565 736
565 967
566 801
567 777
567 816
567 871
568 990
570 720
570 763
571 572
571 624
571 777
572 737
572 945
573 772
574 678
574 842
574 966
574 981
574 982
575 580
575 712
575 750
575 856
575 889
575 909
575 977
575 992
577 682
578 665
578 837
579 582
579 710
580 824
581 600
582 718
582 856
583 648
583 718
584 759
584 865
584 912
584 950
585 886
586 678
587 618
587 804
588 640
590 698
590 834
590 982
591 667
591 963
593 669
593 812
595 987
596 808
596 974
597 760
597 913
598 727
599 747
599 824
599 930
599 936
600 751
600 774
600 937
600 954
601 655
601 777
602 939
604 742
604 820
605 635
605 698
605 811
605 941
606 792
606 937
611 697
611 920
612 660
612 917
613 637
613 676
613 832
613 953
613 965
620 675
621 988
621 996
622 694
622 945
623 634
623 749
623 771
624 838
627 886
627 940
628 713
633 799
635 711
635 967
635 978
636 764
636 768
637 736
637 740
637 777
637 988
639 666
640 977
642 661
644 932
645 844
646 654
646 770
646 846
647 728
652 723
652 961
653 811
653 958
654 979
655 656
655 751
656 814
656 889
657 876
657 999
658 731
658 844
659 725
659 778
661 985
661 994
664 760
664 783
665 820
667 995
668 796
669 670
669 735
669 749
669 772
669 967
670 988
671 673
671 890
671 902
672 893
673 777
674 975
675 781
675 934
675 970
676 861
676 924
676 983
677 733
678 904
678 990
679 991
681 955
682 745
682 881
683 755
683 806
683 820
684 721
686 863
687 818
687 891
687 945
688 995
689 899
693 931
693 932
693 944
694 821
695 923
696 969
697 834
697 910
698 928
699 704
699 857
699 947
701 735
701 943
704 840
704 881
705 901
706 784
706 866
707 881
707 991
709 733
709 990
710 756
710 823
712 714
712 856
712 980
713 851
714 894
714 969
715 821
716 804
717 718
717 727
717 885
717 978
720 830
722 725
723 807
724 736
724 971
725 762
725 875
725 922
726 797
726 950
726 958
727 800
727 823
727 948
727 976
728 776
728 846
728 886
728 923
730 789
730 963
733 747
735 775
735 807
735 847
735 923
736 797
737 859
738 882
740 796
741 856
743 755
743 886
745 993
747 809
747 817
747 946
748 996
749 923
750 788
752 923
754 966
756 828
760 923
761 831
764 977
772 977
775 965
776 804
777 846
777 938
778 855
778 877
780 793
780 819
780 828
780 910
781 821
782 989
783 945
786 799
787 801
788 864
788 948
790 879
790 987
792 906
792 998
794 841
796 971
805 833
805 901
806 985
807 877
809 988
810 845
810 850
811 900
812 976
815 894
815 983
816 959
824 840
824 910
826 946
829 890
830 968
831 962
836 925
838 847
841 922
843 904
844 876
844 890
845 950
846 847
847 987
848 879
848 945
852 927
856 928
856 940
857 865
862 872
863 887
869 870
869 891
869 950
871 883
879 898
882 889
882 998
883 933
886 959
891 907
891 940
893 907
893 937
893 980
894 969
894 998
895 911
895 938
896 920
899 993
901 976
902 963
909 980
911 925
911 957
912 916
913 934
916 969
917 991
920 973
922 986
927 995
929 955
939 983
944 957
945 964
954 955
954 967
961 974
962 963
978 984
983 985
984 998
