0 7
0 14
0 15
0 17
0 23
0 25
0 26
0 31
0 32
0 33
0 34
0 35
0 36
0 37
0 38
0 39
0 40
0 41
0 42
0 44
0 46
0 51
0 52
0 54
0 56
0 57
0 58
0 59
0 60
0 62
0 63
0 64
0 65
0 66
0 68
0 69
1 7
1 14
1 15
1 23
1 26
1 39
1 82
1 153
1 161
1 170
1 185
1 221
1 228
1 235
1 267
1 307
1 312
1 319
1 322
1 324
1 326
1 331
1 333
1 334
1 335
1 337
1 338
1 339
1 340
1 342
1 344
1 345
1 348
1 349
1 351
1 353
1 354
1 355
1 357
1 358
1 359
1 360
1 361
1 362
1 365
1 366
2 32
2 72
2 74
2 121
2 162
2 192
2 376
2 378
2 380
2 381
2 383
2 385
2 387
2 390
2 394
2 395
2 398
2 399
2 402
2 403
2 404
2 405
2 406
2 407
2 408
2 409
2 410
2 411
2 413
2 414
2 415
2 416
3 26
3 223
3 239
3 419
3 420
3 424
3 426
4 59
4 62
4 75
4 87
4 91
4 112
4 145
4 159
4 198
4 218
4 247
4 348
4 351
4 376
4 394
4 420
4 431
4 434
4 436
4 440
4 442
4 443
4 444
4 446
4 447
4 452
4 456
4 457
4 459
4 462
4 463
4 464
4 465
4 466
4 467
4 468
4 472
4 473
4 474
4 475
4 476
5 14
5 31
5 34
5 36
5 52
5 96
5 106
5 124
5 144
5 258
5 307
5 405
5 459
5 462
5 472
5 481
5 482
5 485
5 488
5 491
5 492
5 493
5 494
5 496
5 497
5 498
5 499
5 500
5 501
5 502
5 503
5 505
5 507
5 508
5 509
5 511
5 512
5 514
5 515
6 25
6 46
6 72
6 163
6 218
6 237
6 331
6 337
6 376
6 378
6 383
6 385
6 467
6 488
6 549
6 550
6 552
6 553
6 556
6 557
6 559
6 560
6 561
6 562
6 563
6 565
6 566
6 567
6 568
6 569
6 570
6 571
7 9
7 14
7 23
7 25
7 28
7 30
7 33
7 49
7 70
7 72
7 73
7 74
7 75
7 77
7 79
7 80
7 82
7 84
7 90
7 107
7 110
7 112
7 120
7 149
7 152
7 160
7 161
7 168
7 171
7 176
7 184
7 192
7 193
7 196
7 205
7 207
7 210
7 225
7 237
7 254
7 259
7 260
7 262
7 264
7 266
7 267
7 273
7 289
7 300
7 301
7 302
7 303
7 308
7 327
7 345
7 349
7 357
7 360
7 370
7 374
7 375
7 383
7 397
7 407
7 409
7 413
7 417
7 419
7 429
7 431
7 434
7 436
7 447
7 463
7 464
7 478
7 480
7 485
7 500
7 508
7 523
7 547
7 550
7 561
7 574
7 575
7 577
7 582
7 583
7 584
7 585
7 586
7 587
7 588
7 589
7 590
7 591
7 592
7 593
7 594
7 595
7 596
7 597
7 598
7 599
7 600
7 601
7 602
7 603
7 604
7 605
7 606
7 607
7 608
7 609
7 610
7 611
7 612
7 613
7 614
7 615
7 616
7 617
7 618
7 619
7 620
7 621
7 622
7 623
7 624
7 625
7 626
7 627
7 628
7 629
7 630
7 631
7 632
7 633
7 634
8 72
8 153
8 298
8 324
8 335
8 339
8 354
8 394
8 395
8 420
8 442
8 488
8 492
8 512
8 530
8 569
8 584
8 594
8 609
8 675
8 679
8 681
8 683
8 684
8 687
8 690
8 691
8 692
8 693
9 74
9 122
9 159
9 711
9 714
9 715
9 716
9 717
10 72
10 167
10 234
10 406
10 586
10 587
10 675
10 720
10 722
11 277
11 282
11 365
11 705
11 796
11 798
12 35
12 38
12 42
12 76
12 90
12 158
12 184
12 335
12 344
12 362
12 365
12 399
12 409
12 426
12 493
12 582
12 639
12 727
12 806
12 807
12 809
12 810
12 812
12 813
12 814
13 286
13 322
13 334
13 338
13 488
13 645
13 675
13 683
13 815
13 817
13 819
14 211
14 224
14 259
14 314
14 484
14 857
15 150
15 166
15 220
15 222
15 261
15 427
15 430
15 433
15 518
15 562
15 876
15 877
16 447
16 481
16 491
16 553
16 556
16 609
16 714
16 828
16 854
16 892
16 895
16 896
16 897
17 76
17 83
17 111
17 318
17 418
17 429
17 441
17 808
17 936
18 32
18 52
18 225
18 312
18 431
18 465
18 595
18 810
18 914
18 938
19 108
19 381
19 692
19 707
20 210
20 267
20 482
20 587
20 696
20 947
21 633
21 772
21 815
21 867
22 339
22 602
22 641
22 667
22 672
22 775
23 207
23 232
23 546
23 818
23 909
24 82
24 145
24 406
24 443
24 786
24 896
25 35
25 104
25 259
25 283
25 323
25 368
25 424
25 428
25 443
25 522
25 578
25 626
25 685
25 750
25 783
25 856
25 940
25 967
26 62
26 72
26 155
26 177
26 330
26 909
26 929
27 355
27 402
27 419
27 485
27 556
27 731
27 752
27 862
28 75
28 584
28 922
29 195
29 247
29 722
29 819
30 494
30 542
30 582
30 849
31 54
31 203
31 262
31 316
31 649
31 793
31 863
32 313
32 418
32 559
32 931
32 932
32 967
33 78
33 80
33 220
33 480
33 719
33 966
34 203
34 325
34 374
34 502
34 602
34 779
34 817
34 843
34 898
34 978
35 264
35 344
35 477
36 263
36 311
36 771
36 825
37 70
37 106
37 278
37 395
37 480
38 99
38 480
38 481
38 514
38 742
38 898
39 76
39 168
39 364
39 479
39 569
39 801
40 87
40 181
40 264
40 274
40 309
41 208
41 217
41 429
41 824
41 874
42 70
42 325
42 556
42 708
42 940
42 991
43 292
43 560
43 597
44 75
44 311
44 480
44 585
44 700
44 744
44 935
45 46
45 251
46 69
46 203
46 205
46 976
47 153
47 809
48 56
48 324
48 912
49 57
49 621
51 83
51 87
51 425
51 455
52 149
52 665
52 802
53 587
53 621
53 624
54 428
54 477
54 837
55 619
55 751
56 73
56 203
56 325
56 647
56 785
57 152
57 587
57 732
57 805
57 915
57 941
58 61
58 304
58 589
58 606
58 884
58 923
59 71
59 212
59 353
60 88
60 174
60 357
60 664
60 919
61 153
61 722
61 790
62 369
62 669
62 805
63 66
63 109
63 303
63 375
63 562
63 830
64 156
64 470
64 539
64 575
65 131
65 150
65 380
65 869
66 263
66 295
66 824
67 411
67 584
68 266
68 351
68 595
68 777
69 205
69 323
69 933
70 72
70 74
70 75
70 76
70 82
70 87
70 90
70 91
70 96
70 97
70 101
70 106
70 108
70 112
70 114
70 116
70 119
70 121
70 122
70 123
70 124
70 129
70 130
70 133
70 134
70 135
70 136
70 139
70 141
70 142
70 144
70 145
70 146
71 74
71 82
71 190
71 235
71 267
71 277
71 345
71 380
71 424
71 444
71 553
71 582
71 616
71 639
71 641
71 645
71 646
71 649
71 650
71 651
72 86
72 91
72 93
72 119
72 126
72 130
72 150
72 166
72 167
72 169
72 172
72 211
72 215
72 242
72 260
72 271
72 272
72 284
72 317
72 326
72 373
72 378
72 411
72 415
72 428
72 477
72 505
72 549
72 652
72 653
72 654
72 655
72 656
72 657
72 658
72 659
72 660
72 661
72 662
72 663
73 234
73 406
73 549
73 586
73 759
73 760
74 80
74 84
74 93
74 110
74 170
74 205
74 213
74 310
74 312
74 327
74 332
74 384
74 440
74 511
74 521
74 623
74 635
74 676
74 681
74 704
74 768
74 769
74 770
75 84
75 87
75 116
75 149
75 150
75 157
75 209
75 361
75 448
75 462
75 466
75 481
75 521
75 573
75 662
75 684
75 705
75 727
75 769
75 774
75 775
75 776
76 83
76 187
76 203
76 207
76 261
76 300
76 427
76 479
76 494
76 495
76 584
76 651
76 676
76 695
76 788
76 789
77 91
77 181
77 271
77 298
77 381
77 526
77 562
77 596
77 628
77 633
77 790
77 791
77 792
77 794
77 795
78 284
78 307
78 326
78 331
78 467
78 828
78 829
78 830
78 832
79 184
79 292
79 353
79 378
79 404
79 590
79 621
79 703
79 834
79 835
79 836
80 90
80 164
80 165
80 183
80 256
80 380
80 403
80 434
80 552
80 592
80 652
80 761
80 861
80 862
81 164
81 828
82 98
82 208
82 229
82 336
82 525
82 697
82 729
82 735
82 833
83 381
83 436
83 468
83 496
83 569
83 574
83 622
83 683
83 703
83 704
83 711
83 730
83 772
83 846
84 97
84 139
84 271
84 289
84 399
84 482
84 597
84 615
84 654
84 666
84 716
84 791
84 815
84 872
84 895
85 160
85 223
85 583
85 588
85 918
86 167
86 340
86 385
86 530
86 792
86 795
86 872
86 949
87 106
87 115
87 198
87 199
87 211
87 432
87 917
88 90
88 276
88 582
88 954
89 130
89 254
89 342
89 358
89 395
89 436
89 507
89 569
89 759
89 807
89 953
89 969
90 379
90 548
90 555
90 719
90 825
90 939
91 203
91 217
91 366
91 393
91 533
91 854
91 973
91 974
92 611
92 667
92 962
93 656
93 788
93 864
94 376
94 628
94 671
94 951
95 553
95 695
95 705
95 761
95 812
96 173
96 232
96 365
96 430
96 435
96 484
96 556
96 655
96 666
96 727
96 859
96 878
96 925
96 958
97 164
97 316
97 548
97 686
97 885
97 974
98 413
98 830
98 897
98 989
98 990
99 169
99 227
99 537
99 594
100 124
100 447
100 468
101 203
101 322
101 434
101 438
101 682
101 765
101 952
103 170
103 509
103 526
103 927
104 122
104 491
104 612
104 935
105 452
105 849
106 215
106 428
106 459
106 845
106 997
107 349
107 605
107 705
108 234
108 388
108 497
108 584
108 708
108 868
108 919
109 142
109 568
109 812
109 852
109 981
110 345
110 498
110 503
110 925
111 447
111 859
112 207
112 243
112 311
113 119
113 514
113 574
113 775
113 979
114 205
114 387
114 481
114 891
114 903
115 481
116 151
116 166
116 281
116 506
116 986
117 200
117 408
118 136
118 481
118 578
118 706
118 849
118 938
118 959
119 204
119 734
119 770
119 861
120 184
120 212
120 237
120 786
121 140
121 259
121 430
121 761
122 203
122 820
122 935
123 150
123 343
123 426
123 641
123 849
123 882
123 903
124 639
124 847
125 627
125 679
125 822
125 973
126 523
127 622
127 836
127 989
128 139
128 693
128 897
129 166
129 536
129 726
129 922
130 207
130 811
131 160
131 550
132 348
132 485
133 204
133 309
133 404
133 450
134 421
134 438
134 480
134 871
134 883
135 218
135 598
135 668
135 801
136 152
136 752
136 824
137 361
137 575
137 760
138 452
138 959
139 265
139 527
139 996
140 192
141 144
141 151
141 427
141 479
141 744
141 832
142 242
142 390
142 428
143 436
143 561
144 261
144 949
145 532
145 959
146 204
146 300
146 425
146 802
148 239
148 431
148 503
149 153
149 158
149 159
149 160
149 161
149 162
149 163
149 164
149 165
149 167
149 169
149 170
149 181
149 183
149 184
149 185
149 186
149 187
149 190
149 191
149 192
149 194
149 195
149 196
149 198
149 199
149 200
150 153
150 158
150 159
150 162
150 190
150 226
150 285
150 348
150 381
150 411
150 419
150 431
150 481
150 492
150 502
150 518
150 523
150 526
150 527
150 530
150 537
150 538
150 542
151 537
151 600
151 776
151 802
151 803
152 160
152 198
152 226
152 312
152 497
152 634
152 720
152 815
152 825
153 259
153 337
153 707
153 911
153 919
154 443
154 550
154 606
154 921
155 245
155 324
155 619
155 796
155 825
155 922
156 158
156 491
156 586
156 741
156 828
157 615
157 748
157 887
157 899
158 203
158 410
158 680
158 854
159 192
159 370
160 178
160 439
160 442
160 518
160 720
161 191
161 265
161 479
161 527
161 774
162 261
162 304
162 756
163 309
163 403
163 418
163 420
163 721
163 844
163 979
164 258
164 388
164 416
164 433
164 526
164 533
164 550
164 585
164 614
164 618
164 689
164 980
165 265
165 428
165 824
165 899
165 934
166 169
166 326
166 344
166 407
166 444
166 476
166 505
166 511
166 604
166 878
166 931
166 959
166 981
167 206
167 473
167 671
167 880
167 932
167 949
168 475
168 619
168 651
168 887
168 949
169 259
169 289
169 986
169 996
170 310
170 787
170 840
170 869
170 997
171 225
171 254
171 858
171 959
172 434
172 537
173 562
173 659
173 791
174 961
175 606
175 947
175 957
176 550
176 794
177 705
178 196
179 575
179 798
179 992
180 245
180 464
180 624
180 645
180 920
181 427
181 474
181 737
181 750
183 404
183 428
183 520
183 668
183 688
183 850
184 716
184 873
185 195
185 199
185 205
185 306
185 478
185 819
185 955
186 213
186 455
186 527
186 914
186 924
186 933
187 369
187 479
187 480
187 522
187 755
189 416
189 602
189 699
190 574
190 894
191 533
191 725
191 968
192 577
193 511
193 574
193 749
194 260
194 287
194 317
194 329
194 992
195 487
195 941
196 430
196 439
198 638
199 306
199 728
200 402
200 521
200 779
201 619
201 639
202 852
203 210
203 212
203 214
203 218
203 221
203 223
203 225
203 226
203 227
203 228
203 234
203 235
203 237
203 239
203 242
203 245
203 246
203 247
203 249
203 251
203 254
203 256
203 258
204 387
204 574
204 575
204 578
204 579
204 580
204 581
205 214
205 237
205 434
205 512
205 566
205 605
205 616
205 645
205 782
205 783
205 785
205 786
205 787
206 307
206 337
206 338
206 399
206 639
206 858
207 210
207 212
207 254
207 436
207 632
207 692
207 864
207 865
208 505
208 761
208 788
208 870
208 871
208 872
208 873
208 874
209 242
209 276
209 414
209 498
209 607
209 675
209 873
209 927
210 259
210 330
210 392
210 430
210 458
210 503
210 593
210 702
210 736
210 791
210 805
210 828
210 919
210 926
210 929
210 930
211 324
211 331
211 605
211 653
211 711
211 892
211 935
212 305
212 429
212 430
212 563
213 652
213 654
213 924
214 287
214 300
214 479
214 777
214 796
214 809
214 810
214 891
215 345
215 378
215 440
215 476
215 775
215 787
215 836
215 882
216 221
216 667
217 319
217 957
217 981
218 278
218 417
218 489
218 587
218 614
218 917
219 496
219 699
219 806
220 779
221 518
221 824
221 910
222 242
222 324
222 407
222 496
222 832
223 269
223 423
223 590
224 582
224 649
224 823
224 984
225 603
225 761
225 784
225 793
226 398
226 602
226 725
226 968
227 546
227 594
227 598
228 280
228 322
228 382
228 953
229 420
229 472
229 661
229 823
230 556
230 634
230 783
232 878
232 951
233 631
233 706
233 782
234 406
234 638
235 314
235 352
235 481
235 509
235 964
236 590
236 615
236 834
237 292
237 887
239 274
239 455
239 542
239 719
242 430
242 972
243 340
243 874
244 474
244 895
244 921
245 320
245 671
245 690
245 718
246 290
246 312
246 486
246 636
247 263
247 319
248 348
248 509
248 905
248 946
249 374
249 520
249 920
249 929
251 329
251 382
251 788
252 473
252 631
252 765
253 834
253 957
256 604
256 890
256 956
258 934
258 943
259 267
259 271
259 273
259 276
259 277
259 282
259 283
259 284
259 285
259 286
259 289
259 292
259 294
259 298
259 299
260 271
260 284
260 307
260 431
260 442
260 508
260 527
260 552
260 583
260 596
260 597
260 612
260 658
260 666
260 667
260 671
260 672
260 673
261 294
261 482
261 518
261 568
261 580
261 592
261 714
261 727
261 729
261 730
261 731
262 376
262 431
262 473
262 498
262 582
262 599
262 632
262 651
262 683
262 695
262 748
262 749
262 751
263 344
263 518
263 590
263 657
263 714
263 761
263 762
263 765
264 482
264 561
264 752
265 440
265 491
265 759
265 782
265 846
265 849
265 850
265 851
265 852
265 853
266 283
266 592
266 600
266 627
266 631
266 658
266 821
266 861
266 906
266 907
267 274
267 399
267 524
267 534
267 545
267 640
267 735
267 746
267 790
267 805
267 931
268 468
268 803
268 882
269 333
269 748
270 415
270 607
270 729
270 872
271 528
271 589
271 636
271 712
271 795
271 816
271 850
272 387
272 561
272 579
272 590
272 681
272 835
272 984
273 279
273 295
273 302
273 321
273 469
273 585
273 613
273 725
273 829
274 312
274 444
274 653
274 661
274 762
274 776
274 981
276 489
276 523
276 696
276 970
277 403
277 417
277 501
277 517
278 292
278 442
278 574
278 652
279 420
279 494
279 792
279 846
279 931
280 509
281 503
281 575
281 696
281 798
281 852
281 949
281 992
282 285
282 519
282 613
282 614
282 737
282 764
282 794
282 838
282 857
282 891
282 993
283 304
283 343
283 347
283 524
283 968
283 994
284 642
284 728
284 757
284 881
284 968
285 585
285 598
286 372
286 435
286 549
287 653
287 704
287 992
289 310
290 431
290 650
293 337
293 394
293 414
293 594
293 935
294 328
294 348
294 793
295 815
296 703
296 814
297 485
297 717
297 865
298 375
298 398
298 414
298 999
299 310
299 325
299 371
299 556
300 326
300 334
300 339
300 409
300 499
300 654
300 687
300 741
300 746
301 359
301 402
301 606
301 752
301 756
302 715
302 790
302 813
302 821
302 822
302 823
303 339
303 380
303 549
303 584
303 652
303 729
303 806
304 511
304 657
305 357
305 583
305 597
305 607
305 704
305 779
305 810
305 878
305 880
306 497
306 673
306 690
306 783
307 467
307 591
307 844
307 882
308 565
308 597
308 695
308 730
309 570
309 720
309 859
309 864
310 335
310 376
310 882
311 444
311 557
311 711
311 796
311 858
312 375
312 418
312 480
312 493
312 528
312 675
312 679
312 888
312 917
313 788
313 790
314 474
314 523
314 542
314 552
314 761
314 771
314 946
315 319
315 358
315 815
316 716
316 720
316 951
317 319
317 612
317 959
318 475
318 574
318 709
318 717
318 829
319 436
319 517
319 541
319 966
320 358
321 324
321 481
321 632
321 829
321 921
321 951
322 374
322 480
322 777
323 457
323 661
324 359
324 668
324 979
325 556
325 588
325 687
326 732
326 858
327 464
328 390
328 411
328 415
328 795
328 806
329 611
329 862
331 375
331 455
331 641
331 732
332 596
332 792
333 480
333 725
333 868
333 897
334 591
334 688
334 761
334 972
335 526
335 700
336 584
337 428
337 670
337 800
337 877
338 488
338 521
338 558
338 763
338 804
339 731
339 744
340 381
340 517
340 733
340 874
340 956
342 433
342 487
342 584
342 942
342 985
343 351
343 619
343 776
343 790
345 743
346 354
346 390
346 651
346 748
346 947
347 413
347 696
348 378
348 465
348 667
348 913
349 373
349 778
350 508
350 575
350 596
351 422
351 728
351 817
352 741
353 449
353 590
353 879
353 888
353 909
354 391
354 550
355 598
355 609
355 735
355 831
355 851
357 480
358 440
359 389
359 551
360 680
360 702
360 933
360 994
361 430
361 545
362 568
362 684
362 736
362 868
363 806
363 809
363 927
364 787
365 480
366 670
366 686
366 808
367 575
367 922
368 550
369 771
370 563
370 588
370 779
370 780
371 405
371 492
372 503
372 906
372 920
373 383
373 415
373 476
373 491
373 588
373 653
373 684
373 693
373 782
373 924
373 925
374 380
374 607
374 656
374 802
374 866
374 870
375 398
375 446
375 501
375 559
375 563
375 752
375 813
375 853
375 866
375 963
376 853
376 867
376 876
376 965
377 402
377 954
377 973
378 649
378 773
378 944
378 946
378 970
379 452
379 550
379 649
379 796
380 404
380 438
380 445
380 487
380 540
380 598
380 682
380 727
380 917
381 721
381 782
382 779
382 796
382 914
382 980
383 435
383 448
383 461
383 608
384 523
384 873
385 407
385 477
385 489
385 811
386 594
386 949
387 430
387 855
388 457
388 485
388 550
388 691
388 880
388 912
388 979
388 983
389 579
389 813
389 865
390 411
390 428
390 477
390 824
391 550
391 815
391 995
392 602
392 896
393 398
393 575
393 953
394 414
394 443
394 445
394 559
394 662
394 708
394 835
395 435
396 481
396 768
396 798
397 590
397 822
398 733
401 599
401 667
401 752
401 765
402 555
402 948
403 484
404 429
404 872
405 755
405 761
405 764
405 843
406 786
407 629
407 897
408 445
408 775
408 879
409 874
409 972
410 521
410 645
410 697
412 499
412 654
413 743
416 689
416 958
417 465
417 575
417 587
417 653
417 859
418 622
418 632
418 679
418 864
418 882
418 887
419 429
419 933
421 501
421 983
422 581
422 785
422 815
422 825
422 895
422 963
422 983
423 482
424 510
424 566
424 618
424 706
424 713
424 806
424 870
425 491
425 515
425 906
426 521
426 546
426 660
427 594
427 600
427 615
427 671
427 691
427 695
427 696
427 699
427 703
428 457
428 488
428 594
428 706
428 802
429 502
429 684
429 705
429 866
429 899
430 434
430 494
430 549
430 912
431 857
431 868
431 915
432 557
432 666
434 454
434 598
434 620
434 625
434 892
434 926
435 523
435 584
435 715
435 953
436 477
436 521
436 648
436 774
436 805
436 821
436 899
436 941
436 957
437 499
437 582
437 596
437 759
437 814
437 976
438 466
438 871
439 446
439 592
439 646
439 806
440 537
440 777
441 681
441 895
442 620
442 762
442 886
442 919
443 490
443 496
443 685
443 781
443 993
444 806
444 975
445 538
445 631
445 829
445 906
445 950
446 480
446 529
446 548
446 658
446 941
447 458
447 534
447 555
447 809
447 833
447 842
447 893
447 984
447 990
448 464
448 914
448 918
449 590
449 650
449 656
450 583
450 650
450 707
450 853
451 491
451 567
451 768
451 851
451 861
452 550
452 682
453 549
453 652
453 771
453 905
454 583
455 905
455 924
456 522
456 659
456 669
456 719
456 734
456 778
456 926
456 936
457 802
457 813
457 860
458 729
458 746
458 771
459 733
459 789
459 933
460 505
460 624
460 761
460 918
461 704
461 976
462 712
462 730
463 601
463 691
463 692
463 736
463 773
463 936
463 978
464 918
465 734
465 773
466 869
466 916
467 534
468 575
469 782
469 815
470 481
470 806
472 602
472 711
473 521
473 738
474 476
474 589
475 825
475 838
477 507
477 582
477 588
477 599
477 641
477 673
477 679
477 690
477 704
477 705
477 706
477 707
477 709
478 634
478 741
478 771
478 772
479 562
479 584
479 746
479 825
480 481
480 485
480 518
480 822
480 899
480 905
481 687
481 800
481 807
481 855
481 891
481 893
481 902
481 908
482 775
483 761
483 834
483 870
483 922
483 935
484 566
485 757
486 666
488 646
490 493
490 568
491 628
491 682
491 892
492 530
492 584
492 647
492 843
493 498
493 735
495 509
495 523
496 629
496 633
496 777
496 999
497 800
499 654
499 672
499 735
500 572
500 591
500 721
501 706
501 710
501 989
502 589
503 826
506 518
506 672
506 836
506 871
506 925
507 679
507 841
508 668
508 921
508 930
508 952
510 588
510 852
510 899
510 995
512 727
512 877
514 529
514 698
515 707
515 906
515 947
517 704
517 709
517 866
517 867
518 538
518 680
518 726
518 914
519 821
519 918
519 921
519 935
520 583
520 715
520 768
520 825
521 752
521 765
521 814
522 527
522 892
522 920
522 961
522 977
523 573
523 951
524 571
524 679
524 691
524 730
524 746
524 927
525 595
525 791
526 585
526 726
526 794
526 860
526 862
526 938
527 647
527 726
528 796
528 927
529 580
530 777
531 652
531 722
531 896
531 920
531 973
531 984
532 560
532 574
532 751
534 657
536 731
536 775
536 780
538 670
538 680
538 728
539 574
539 584
539 756
540 690
540 834
541 557
541 583
542 549
543 687
543 722
543 825
545 729
545 854
546 574
546 586
547 604
547 652
547 819
549 678
549 686
549 816
550 741
550 774
550 789
550 871
551 873
551 874
551 954
552 727
553 761
553 894
554 595
554 639
554 825
555 989
556 601
556 655
556 932
557 590
557 711
557 860
557 937
557 999
558 560
558 595
558 858
559 857
560 590
560 709
560 965
560 982
560 998
561 740
561 956
563 681
563 964
565 609
565 736
565 967
566 801
567 777
567 816
567 871
568 990
570 640
570 720
570 763
570 884
571 572
571 624
571 777
572 584
572 587
572 654
573 772
574 678
574 842
574 966
574 981
574 982
575 580
575 630
575 712
575 736
575 750
575 855
575 856
575 889
575 909
575 962
575 977
575 992
578 665
578 837
579 582
579 710
580 824
581 600
581 733
581 929
582 718
582 749
582 855
582 856
583 648
583 707
583 718
583 853
584 593
584 676
584 703
584 759
584 785
584 865
584 912
584 922
584 950
585 790
586 678
587 614
587 618
587 804
587 966
588 640
589 962
590 603
590 610
590 698
590 815
590 822
590 834
590 929
590 982
591 667
591 963
593 812
593 976
595 676
595 987
596 617
596 808
596 959
596 974
597 760
597 913
597 927
598 727
599 747
599 824
599 930
599 936
600 751
600 774
600 937
600 954
602 685
602 769
602 905
602 939
604 742
604 752
604 820
604 824
605 635
605 663
605 698
605 811
605 941
606 792
606 937
609 735
609 933
610 715
611 697
611 920
612 660
612 917
613 832
613 953
614 795
616 743
616 967
620 675
620 762
621 744
621 988
621 996
622 694
622 945
623 634
623 749
623 771
624 838
625 653
627 886
627 940
628 713
633 799
635 711
636 768
638 681
638 961
639 666
640 730
640 977
642 661
645 844
646 654
646 770
646 846
650 815
652 723
652 961
653 811
653 958
654 770
654 979
654 997
655 656
655 751
655 854
656 814
656 889
657 876
657 999
658 731
658 844
659 689
659 725
659 778
661 985
661 994
664 760
664 783
665 762
665 835
667 942
667 995
668 796
669 749
669 772
670 920
671 673
671 890
671 902
672 893
672 975
673 777
675 781
675 934
675 970
676 861
676 924
676 983
678 990
679 991
680 920
681 882
681 955
683 755
683 806
683 820
684 721
687 818
687 891
687 945
688 995
689 899
692 802
693 931
693 932
693 944
694 821
695 923
695 978
696 736
696 916
696 933
696 969
697 834
699 704
699 857
699 947
700 871
703 908
704 840
704 881
704 943
705 901
706 784
706 866
707 881
707 991
709 733
709 990
710 756
710 806
710 823
712 714
712 980
713 851
714 894
714 969
715 821
716 774
716 804
717 718
717 727
717 885
717 978
720 830
722 725
722 825
723 807
725 762
725 922
726 950
727 800
727 823
727 948
727 976
728 730
728 776
728 803
728 817
728 846
730 789
730 963
733 878
735 775
735 807
735 835
736 878
737 859
738 882
740 796
741 856
747 809
747 817
747 946
748 761
748 996
749 923
750 788
752 923
756 828
760 923
761 831
761 868
761 902
761 917
764 977
772 977
775 965
776 804
777 782
777 846
777 871
777 938
780 793
780 819
780 828
780 910
781 821
782 989
783 945
785 967
786 799
787 801
788 864
788 948
790 879
790 987
792 857
792 906
792 998
794 841
796 971
798 835
802 880
803 956
803 962
806 985
807 877
809 988
810 845
810 850
812 976
815 894
815 983
816 959
826 946
829 890
830 968
831 962
832 882
835 943
836 925
837 851
838 880
839 867
839 907
841 922
844 962
845 950
846 847
850 934
852 927
854 975
857 865
857 947
862 872
863 887
867 885
869 870
869 878
869 950
871 883
873 971
882 889
882 997
882 998
886 959
891 907
893 907
893 980
894 969
895 911
895 938
896 920
899 993
901 976
902 963
907 935
909 980
911 925
911 957
912 916
915 976
916 969
920 973
922 986
927 995
935 993
939 983
944 957
947 978
948 976
954 955
954 967
961 974
962 963
972 976
978 984
983 985
984 998
