0 14
0 17
0 23
0 29
0 31
0 36
0 39
0 40
0 42
0 43
0 45
0 47
0 49
0 50
0 51
0 53
0 54
0 55
0 56
0 57
0 58
0 59
0 62
0 65
0 66
0 67
0 68
0 69
1 14
1 23
1 39
1 105
1 132
1 161
1 170
1 185
1 221
1 228
1 235
1 300
1 306
1 313
1 319
1 320
1 323
1 324
1 326
1 332
1 333
1 334
1 335
1 337
1 338
1 347
1 349
1 350
1 351
1 352
1 355
1 356
1 358
1 359
1 360
1 361
1 362
1 363
1 367
2 121
2 162
2 206
2 300
2 323
2 370
2 371
2 379
2 381
2 383
2 384
2 385
2 387
2 390
2 392
2 397
2 398
2 399
2 400
2 402
2 405
2 406
2 407
2 408
2 409
2 411
2 412
2 414
2 415
3 43
3 125
3 223
3 239
3 371
3 420
3 421
3 426
4 29
4 59
4 62
4 75
4 87
4 112
4 145
4 157
4 159
4 172
4 177
4 198
4 206
4 233
4 238
4 247
4 296
4 351
4 370
4 400
4 420
4 431
4 441
4 443
4 444
4 448
4 449
4 450
4 453
4 457
4 460
4 463
4 464
4 465
4 467
4 469
4 470
4 472
4 473
4 474
4 475
5 14
5 31
5 36
5 106
5 115
5 127
5 175
5 202
5 206
5 230
5 231
5 280
5 291
5 300
5 320
5 371
5 405
5 472
5 484
5 486
5 487
5 489
5 491
5 492
5 494
5 495
5 497
5 500
5 502
5 503
5 505
5 506
5 507
5 512
5 514
5 515
6 92
6 140
6 163
6 230
6 237
6 290
6 306
6 337
6 370
6 371
6 383
6 385
6 467
6 484
6 547
6 548
6 549
6 551
6 552
6 555
6 557
6 559
6 562
6 563
6 564
6 565
6 566
6 568
6 569
6 570
6 571
7 14
7 23
7 49
7 73
7 75
7 112
7 160
7 161
7 196
7 210
7 237
7 300
7 349
7 360
7 370
7 383
7 397
7 407
7 409
7 431
7 463
7 464
7 500
7 547
7 575
7 577
7 582
7 585
7 586
7 589
7 594
7 595
7 598
7 601
7 607
7 611
7 612
7 613
7 615
7 616
7 618
7 620
7 622
7 623
7 624
7 625
7 627
7 628
7 629
7 630
7 631
7 633
7 634
8 73
8 111
8 157
8 298
8 324
8 335
8 392
8 420
8 492
8 512
8 530
8 535
8 564
8 569
8 594
8 675
8 676
8 680
8 683
8 686
8 687
8 689
8 690
8 691
8 692
8 693
8 694
9 122
9 159
9 270
9 585
9 589
9 711
9 712
9 715
9 716
9 717
10 85
10 406
10 564
10 586
10 675
10 720
10 721
10 722
10 723
10 724
11 277
11 705
11 797
11 798
11 799
12 42
12 76
12 158
12 275
12 335
12 362
12 399
12 409
12 426
12 489
12 520
12 582
12 639
12 727
12 745
12 747
12 805
12 806
12 807
12 808
12 810
12 811
12 812
12 813
12 814
13 286
13 334
13 338
13 379
13 517
13 625
13 645
13 675
13 683
13 767
13 815
13 816
13 817
13 820
14 211
14 224
14 259
14 314
14 484
14 857
15 220
15 562
15 876
16 291
16 352
16 392
16 412
16 448
16 491
16 769
16 844
16 847
16 854
16 892
16 895
16 896
16 897
16 898
17 76
17 83
17 111
17 318
17 418
17 429
17 441
17 808
17 936
18 431
18 465
18 595
18 810
18 833
18 848
18 914
18 937
18 938
18 939
19 29
19 105
19 381
19 384
19 535
19 547
19 692
19 742
19 758
19 908
19 942
20 210
20 674
20 736
21 323
21 633
21 772
21 815
21 867
22 660
22 667
22 672
22 960
23 207
23 232
23 546
23 818
23 909
24 145
24 406
24 443
24 786
24 896
25 283
25 323
25 443
25 578
25 750
25 783
26 62
26 177
26 909
27 53
27 355
27 402
28 75
28 909
29 149
29 195
29 247
29 305
29 722
29 819
29 856
29 885
30 323
30 494
30 542
30 582
30 849
31 54
31 203
31 262
31 316
31 649
31 793
31 863
32 313
32 559
32 931
32 932
33 220
33 966
34 502
34 817
34 898
36 263
36 311
36 771
36 825
37 106
37 278
38 514
38 742
38 898
39 76
39 168
39 364
39 479
39 569
39 801
40 87
40 181
40 264
40 274
40 309
42 70
42 325
42 556
42 708
42 940
42 991
43 260
43 263
43 292
43 560
43 597
44 75
44 585
44 744
44 935
45 46
45 89
45 151
45 251
45 517
45 678
46 69
46 976
47 73
47 77
47 153
47 545
47 809
48 56
48 92
48 280
48 324
48 912
48 916
49 57
49 149
49 166
49 327
49 621
49 685
50 89
50 203
50 373
50 522
50 889
51 83
51 87
51 425
51 455
53 99
53 572
53 587
53 621
53 624
54 428
54 477
54 837
55 155
55 279
55 437
55 619
55 751
55 844
56 73
56 203
56 325
56 647
56 785
57 152
57 587
57 732
57 805
57 915
57 941
58 61
58 304
58 589
58 606
58 884
58 923
59 71
59 212
59 353
60 88
60 919
61 722
61 790
62 369
62 669
62 805
63 66
63 562
63 830
64 470
64 539
64 575
65 131
65 150
65 380
65 869
66 263
66 295
66 824
67 411
67 453
67 584
67 728
68 266
68 351
68 595
68 777
69 205
69 323
69 933
70 73
70 75
70 76
70 81
70 85
70 87
70 88
70 92
70 93
70 94
70 100
70 105
70 106
70 111
70 112
70 113
70 114
70 115
70 117
70 121
70 122
70 125
70 127
70 129
70 130
70 131
70 132
70 133
70 135
70 138
70 139
70 140
70 142
70 143
70 145
70 146
71 73
71 94
71 173
71 182
71 206
71 235
71 277
71 313
71 332
71 444
71 582
71 616
71 638
71 639
71 645
71 646
71 649
71 651
72 93
72 130
72 172
72 215
72 242
72 284
72 326
72 411
72 415
72 505
72 549
72 653
72 654
72 658
72 660
72 661
72 662
73 92
73 155
73 234
73 300
73 304
73 311
73 313
73 374
73 406
73 506
73 517
73 539
73 548
73 549
73 586
73 759
73 760
74 93
74 170
74 332
74 384
74 623
74 676
74 704
74 768
74 769
75 84
75 87
75 116
75 149
75 150
75 157
75 209
75 361
75 448
75 462
75 466
75 481
75 521
75 573
75 662
75 684
75 705
75 727
75 769
75 774
75 775
75 776
76 83
76 187
76 203
76 207
76 261
76 300
76 427
76 479
76 494
76 495
76 584
76 651
76 676
76 695
76 788
76 789
77 172
77 298
77 332
77 381
77 526
77 562
77 628
77 633
77 739
77 767
77 790
77 792
78 85
78 94
78 138
78 284
78 326
78 363
78 379
78 467
78 721
78 829
78 830
78 831
78 832
79 115
79 292
79 486
79 703
79 747
79 833
79 834
79 835
80 183
80 215
80 256
80 551
80 552
80 857
80 861
81 149
81 164
81 207
81 261
81 517
81 828
82 729
82 833
83 88
83 288
83 381
83 535
83 569
83 622
83 629
83 683
83 694
83 703
83 704
83 711
83 730
83 772
83 778
83 846
84 105
84 139
84 399
84 421
84 615
84 654
84 716
84 766
84 815
84 872
84 895
84 913
85 160
85 223
85 260
85 300
85 583
85 588
85 665
85 688
85 918
86 88
86 385
86 530
86 680
86 738
86 792
86 811
86 831
86 872
86 934
87 106
87 115
87 198
87 199
87 211
87 432
87 917
88 90
88 174
88 276
88 313
88 582
88 608
88 856
88 884
88 954
88 955
89 130
89 131
89 358
89 441
89 507
89 569
89 724
89 737
89 759
89 807
89 913
89 953
89 969
90 379
90 548
90 555
90 825
90 939
91 533
91 854
91 973
91 974
92 155
92 373
92 386
92 460
92 510
92 611
92 667
92 962
92 971
93 150
93 269
93 274
93 656
93 788
93 837
93 864
93 903
94 103
94 150
94 376
94 628
94 671
94 904
94 951
95 695
95 705
95 812
95 848
96 173
96 232
96 484
96 727
96 925
96 958
97 548
97 686
97 974
98 808
98 830
98 897
98 990
99 227
99 352
99 537
99 594
99 674
99 991
100 124
100 427
100 438
100 447
100 468
100 525
100 585
100 618
100 758
103 170
103 526
103 740
104 122
104 491
104 612
104 935
105 125
105 428
105 452
105 536
105 674
105 849
106 215
106 428
106 459
106 845
106 997
107 349
107 441
107 589
107 623
107 705
107 926
107 974
108 497
108 708
108 919
109 111
109 142
109 568
109 812
109 852
109 956
110 503
110 925
111 447
111 859
111 982
112 207
112 243
112 311
113 119
113 261
113 514
113 574
113 733
113 775
113 979
114 205
114 387
114 481
114 891
114 903
115 481
116 506
117 200
117 216
117 266
117 300
117 408
117 725
118 578
118 849
118 938
118 959
119 734
119 861
120 212
120 237
120 638
120 786
120 808
121 140
121 259
121 430
121 761
122 203
122 820
122 935
123 426
123 849
123 903
124 639
124 847
125 240
125 259
125 627
125 679
125 822
125 973
127 204
127 315
127 517
127 577
127 622
127 836
127 989
128 139
128 693
128 897
129 166
129 536
129 726
129 922
130 207
130 811
131 160
131 391
131 550
132 348
132 485
132 676
133 204
133 309
133 404
133 450
134 421
134 871
134 883
135 218
135 598
135 668
135 801
137 361
137 575
137 760
138 452
138 723
138 959
139 265
139 527
139 996
140 177
140 192
141 744
141 832
142 242
142 390
142 428
143 436
143 478
143 561
143 736
145 532
145 959
146 204
146 300
146 425
146 802
148 239
148 431
148 503
149 157
149 158
149 159
149 160
149 161
149 162
149 163
149 170
149 172
149 173
149 175
149 177
149 178
149 182
149 183
149 185
149 187
149 191
149 194
149 196
149 198
149 201
149 202
150 158
150 159
150 162
150 226
150 306
150 313
150 350
150 370
150 381
150 397
150 411
150 431
150 492
150 495
150 502
150 517
150 519
150 520
150 526
150 527
150 528
150 530
150 532
150 533
150 534
150 535
150 536
150 537
150 539
150 541
150 542
151 356
151 537
151 776
151 803
152 160
152 178
152 198
152 226
152 295
152 484
152 497
152 541
152 634
152 720
152 766
152 815
152 825
152 827
153 337
153 919
154 241
154 255
154 443
154 470
154 734
154 883
154 921
155 300
155 324
155 486
155 816
155 825
155 903
156 158
156 215
156 421
156 491
156 586
156 741
156 900
157 238
157 269
157 328
157 487
157 521
157 615
157 736
157 748
157 887
157 899
158 203
158 410
158 680
158 854
159 192
159 370
160 178
160 439
160 442
160 518
160 720
161 191
161 265
161 479
161 527
161 774
162 261
162 304
162 756
163 309
163 403
163 418
163 420
163 721
163 844
163 979
164 526
164 533
164 585
164 618
164 689
165 899
165 934
166 326
166 407
166 444
166 505
166 869
166 931
166 959
167 206
167 473
167 932
168 475
168 651
168 887
170 310
170 787
170 840
170 869
170 997
171 178
171 908
171 959
172 434
172 532
172 537
172 978
173 206
173 562
173 635
173 659
173 702
173 773
173 791
173 901
174 841
174 930
174 961
175 259
175 303
175 520
175 606
175 610
175 947
175 957
176 638
176 758
176 774
176 916
177 705
177 735
178 196
178 264
179 575
179 798
179 888
179 992
180 448
180 464
180 624
180 645
181 474
181 737
181 750
182 300
182 330
182 719
183 404
183 428
183 520
183 668
183 688
183 850
184 716
184 873
185 195
185 199
185 205
185 306
185 478
185 819
185 955
186 527
186 914
186 924
187 369
187 479
187 480
187 522
187 755
191 533
191 725
191 968
192 577
193 519
193 749
194 260
194 287
194 317
194 329
194 992
195 487
195 941
196 430
196 439
197 662
197 676
197 774
198 638
199 306
200 402
201 619
201 637
201 639
201 669
202 389
202 551
202 852
203 206
203 210
203 212
203 214
203 215
203 220
203 221
203 223
203 226
203 227
203 228
203 230
203 231
203 232
203 233
203 235
203 237
203 238
203 239
203 241
203 242
203 243
203 247
203 248
203 249
203 251
203 253
203 255
203 256
204 230
204 387
204 575
204 576
204 577
204 578
204 579
204 580
204 581
205 214
205 237
205 270
205 512
205 517
205 519
205 520
205 566
205 616
205 645
205 781
205 782
205 783
205 785
205 786
205 787
206 307
206 318
206 337
206 338
206 399
206 546
206 564
206 639
206 733
206 858
207 210
207 212
207 215
207 296
207 519
207 692
207 733
207 781
207 805
207 864
207 865
208 505
208 738
208 766
208 869
208 870
208 871
208 872
208 873
209 242
209 276
209 414
209 533
209 536
209 585
209 607
209 675
209 873
209 926
209 928
210 259
210 330
210 392
210 430
210 458
210 503
210 593
210 702
210 736
210 791
210 805
210 828
210 919
210 926
210 929
210 930
211 241
211 324
211 484
211 653
211 711
211 892
211 935
211 941
212 305
212 429
212 430
212 563
213 654
213 743
213 924
214 287
214 300
214 479
214 777
214 796
214 809
214 810
214 891
215 345
215 378
215 440
215 476
215 767
215 775
215 787
215 836
215 839
215 882
215 944
216 221
216 667
217 319
217 957
218 278
218 489
218 917
219 379
219 384
219 806
219 942
219 982
220 240
220 304
220 779
220 857
221 518
221 824
221 910
222 242
222 324
222 407
222 832
223 269
223 423
223 590
224 582
224 649
224 823
224 904
224 984
226 398
226 602
226 725
226 968
227 546
227 594
227 598
228 280
228 322
228 382
228 953
229 420
229 472
229 661
229 823
229 833
230 556
230 634
230 783
230 960
231 303
231 397
231 824
232 260
232 878
232 951
233 389
233 631
233 706
233 782
234 406
234 638
235 314
235 352
235 481
235 509
235 964
236 615
236 757
236 834
236 943
237 292
237 887
238 260
238 524
238 898
239 274
239 455
239 542
239 719
240 747
240 857
241 375
241 379
242 430
242 972
243 340
243 435
243 740
243 874
244 474
244 895
244 921
245 320
245 690
246 290
246 486
247 263
247 319
248 266
248 348
248 461
248 509
248 905
248 946
249 374
249 520
249 920
249 929
250 278
250 460
251 329
251 382
251 788
252 473
252 631
252 738
253 393
253 591
253 834
253 957
255 439
255 451
255 460
256 604
256 890
256 956
258 934
258 943
259 268
259 270
259 275
259 276
259 277
259 278
259 280
259 283
259 284
259 286
259 288
259 290
259 291
259 292
259 295
259 296
259 297
259 298
259 299
260 278
260 284
260 431
260 527
260 552
260 612
260 658
260 667
260 670
260 672
260 673
260 674
261 275
261 320
261 441
261 453
261 568
261 580
261 598
261 724
261 727
261 729
261 730
262 290
262 431
262 473
262 486
262 582
262 651
262 683
262 695
262 747
262 748
262 749
262 750
262 751
263 275
263 762
263 766
263 767
265 384
265 491
265 759
265 782
265 827
265 841
265 844
265 846
265 847
265 848
265 849
265 852
265 853
266 283
266 370
266 627
266 631
266 658
266 754
266 774
266 861
266 900
266 906
266 907
267 399
267 534
267 746
267 790
267 805
267 931
268 302
268 309
268 382
268 468
268 478
268 517
268 764
268 803
268 882
269 333
269 748
270 288
270 305
270 415
270 517
270 589
270 607
270 729
270 838
270 872
270 952
271 528
271 589
271 712
271 816
272 387
272 579
272 799
272 835
272 984
273 295
273 469
273 585
273 613
273 829
274 444
274 653
274 661
274 739
274 762
274 776
274 985
275 300
276 489
276 523
276 696
276 970
277 403
277 417
277 501
277 517
278 292
278 442
278 506
278 574
278 652
278 713
279 288
279 420
279 494
279 792
279 846
279 931
280 310
280 480
280 509
280 868
280 932
281 367
281 503
281 575
281 798
281 852
281 992
282 519
282 613
282 737
282 857
283 304
283 343
283 347
283 524
283 968
283 994
284 642
284 728
284 757
284 881
284 968
285 585
285 598
286 372
286 435
286 549
287 519
287 653
287 704
287 960
287 992
288 490
290 418
290 431
290 650
291 315
291 682
291 769
293 337
293 414
293 594
293 935
295 815
295 940
296 300
296 477
296 703
296 814
297 325
297 477
297 485
297 717
297 865
298 375
298 398
298 414
298 999
299 310
299 325
299 371
299 556
300 305
300 306
300 311
300 320
300 326
300 330
300 334
300 339
300 371
300 409
300 427
300 478
300 499
300 520
300 654
300 687
300 725
300 733
300 734
300 735
300 736
300 737
300 738
300 739
300 740
300 741
300 742
300 743
300 744
300 745
300 746
301 359
301 402
301 754
301 756
301 757
301 758
302 555
302 585
302 715
302 790
302 813
302 822
302 823
303 397
303 549
303 729
303 806
303 837
304 742
304 841
305 517
305 547
305 607
305 704
305 733
305 736
305 754
305 810
305 837
305 881
306 423
306 478
306 497
306 673
306 690
306 783
307 467
307 844
308 565
308 695
308 730
309 570
309 720
309 864
309 890
310 335
310 797
310 908
311 444
311 557
311 576
311 708
311 711
311 848
312 528
312 675
312 888
312 917
313 370
313 677
313 788
313 790
313 932
313 933
314 474
314 542
314 552
314 576
314 758
314 946
315 319
315 358
315 470
315 744
315 815
316 450
316 674
316 716
316 720
316 951
317 319
317 535
317 612
317 630
317 959
318 475
318 717
318 829
318 890
319 436
319 517
319 541
319 966
320 358
320 368
320 735
320 840
320 855
321 324
321 829
321 921
321 951
323 457
323 661
323 676
323 888
324 359
324 668
324 979
325 687
325 966
326 732
326 858
327 464
327 486
327 534
328 390
328 411
328 415
328 449
328 797
328 806
328 876
329 489
329 611
329 799
330 449
332 479
332 596
332 642
332 792
333 480
333 725
333 868
333 897
334 591
334 688
334 761
334 972
335 526
335 700
337 428
337 670
337 800
337 877
338 488
338 521
338 558
338 763
338 804
339 744
340 381
340 517
340 733
340 956
342 487
342 942
342 985
343 351
343 577
343 776
343 790
345 743
346 390
346 651
346 744
346 748
346 960
347 413
347 696
347 728
347 733
347 987
348 465
348 667
348 913
349 373
349 778
350 437
350 508
350 575
350 596
351 422
351 728
351 817
352 741
353 449
353 888
353 909
355 598
355 609
355 735
355 831
355 851
356 438
356 520
356 728
358 440
359 389
359 551
360 680
360 702
360 933
360 994
361 430
361 545
362 568
362 684
362 736
362 868
363 806
363 809
363 927
364 736
364 787
366 670
366 686
366 808
367 575
367 593
367 922
368 421
370 418
370 563
370 588
370 636
370 763
370 777
370 778
370 779
370 780
371 373
371 405
371 425
371 492
371 643
371 837
371 843
372 503
372 625
372 712
372 799
372 906
373 383
373 415
373 449
373 489
373 491
373 653
373 693
373 734
373 737
373 778
373 782
373 857
373 924
373 925
374 453
374 551
374 607
374 733
374 866
374 870
374 934
375 398
375 559
375 563
375 813
375 853
375 866
375 942
375 963
375 964
376 853
376 867
376 876
376 965
377 402
377 954
377 973
378 649
378 946
379 388
379 435
379 452
379 550
379 635
379 636
379 649
379 789
379 796
380 487
380 598
380 727
380 917
381 721
381 782
382 517
382 857
382 914
383 435
383 448
383 461
383 608
384 523
384 873
385 407
385 477
385 489
385 811
386 589
386 594
386 767
386 833
387 430
387 855
388 457
388 638
388 689
388 691
388 721
388 912
389 579
389 686
389 805
389 813
389 865
390 411
390 428
390 477
390 824
391 815
391 995
392 401
392 602
392 665
392 896
393 398
393 575
393 953
394 414
394 443
394 559
394 662
394 708
394 835
396 551
396 768
396 798
397 590
397 822
398 733
400 449
400 733
400 875
400 933
401 667
402 555
402 948
403 484
404 872
405 755
405 761
405 764
405 843
406 786
407 629
407 897
408 445
408 775
408 879
409 874
409 972
410 645
412 499
412 654
412 754
413 743
416 689
416 958
417 465
417 548
417 575
417 653
418 585
418 622
418 833
418 844
418 864
418 887
418 888
418 889
421 501
421 635
421 676
421 983
422 581
422 585
422 785
422 815
422 825
422 827
422 895
422 943
422 963
423 928
424 566
424 618
424 806
424 870
425 491
425 515
425 827
425 906
426 521
426 546
426 660
427 594
427 615
427 691
427 695
427 698
427 703
428 457
428 520
428 564
428 589
428 594
428 601
428 747
428 883
429 502
429 698
429 705
429 866
429 899
429 900
430 489
430 494
430 549
430 698
430 723
430 876
430 909
430 910
430 912
431 857
431 868
431 915
432 460
432 517
432 557
432 745
432 916
433 487
433 837
434 598
434 620
434 625
434 892
434 926
435 629
435 715
435 953
436 774
436 805
436 899
436 941
436 957
437 460
437 548
437 582
437 660
437 759
437 814
437 976
438 871
439 646
439 781
439 806
439 956
440 537
441 483
441 681
441 895
441 929
442 620
442 762
442 919
443 490
443 496
443 685
443 781
443 993
444 806
444 975
445 631
445 829
445 906
445 950
445 966
446 548
446 658
446 941
447 534
447 555
447 833
447 984
447 990
448 461
448 464
448 608
448 902
448 914
448 918
448 999
449 590
449 650
449 656
449 997
450 477
450 583
450 650
450 707
450 733
450 853
451 491
451 768
451 861
453 549
453 652
453 771
453 905
455 680
455 905
455 924
455 958
456 734
456 778
456 926
457 802
457 813
457 860
458 729
458 746
459 733
459 789
460 505
460 624
460 761
460 918
461 704
461 928
461 976
462 712
462 730
463 601
463 691
463 692
463 736
463 773
463 936
463 978
464 918
465 734
465 773
466 869
466 916
467 534
468 575
469 782
469 815
469 933
470 481
470 806
472 602
472 711
473 521
473 738
474 476
474 589
475 825
475 838
477 507
477 517
477 582
477 673
477 690
477 704
477 705
477 708
478 634
478 739
478 741
478 754
478 772
479 562
479 746
479 825
480 519
480 738
480 757
480 778
480 822
480 899
480 903
480 904
480 905
481 687
481 807
481 908
483 834
483 870
483 935
484 566
484 725
484 929
485 757
486 534
486 666
486 733
487 522
488 646
490 568
490 585
491 628
491 682
491 892
492 530
492 584
492 647
492 843
495 509
495 523
495 573
495 939
496 629
496 633
496 999
497 800
499 654
499 672
500 572
500 591
500 721
502 589
503 826
506 518
506 672
506 701
506 836
506 871
506 925
507 679
507 841
508 921
508 930
510 852
510 899
510 995
512 727
512 877
514 529
514 698
515 707
515 906
515 947
517 547
517 637
517 704
517 709
517 777
517 838
517 844
517 857
517 866
517 867
518 680
518 914
519 573
519 664
519 710
519 734
519 821
519 879
519 918
519 921
519 935
520 555
520 576
520 583
520 715
520 768
520 825
521 734
521 799
521 814
521 900
521 903
522 527
522 892
522 961
522 977
523 951
524 571
524 630
524 691
524 694
524 730
524 739
524 746
524 988
525 595
525 630
526 585
526 726
526 794
526 860
526 862
526 938
527 647
527 726
528 589
528 796
528 927
529 539
529 580
530 777
531 722
531 896
531 973
531 974
531 984
532 560
532 572
532 574
532 678
532 751
533 891
534 657
535 943
536 731
536 775
536 780
536 863
538 670
538 680
539 574
539 584
539 756
539 994
540 690
540 834
541 557
541 583
541 818
542 549
543 687
543 722
543 825
545 729
545 854
546 586
546 958
547 604
547 644
547 652
547 819
548 841
548 848
548 933
549 678
549 686
549 816
550 741
550 774
550 789
550 871
551 635
551 855
551 873
551 874
551 954
552 727
554 576
554 595
554 639
554 825
554 910
554 930
555 713
555 801
555 989
556 601
556 932
557 590
557 711
557 860
557 937
557 999
558 595
559 857
560 965
560 982
560 998
561 740
561 956
563 681
563 964
564 952
565 609
565 736
565 967
566 801
567 816
567 871
568 990
570 640
570 720
570 763
570 884
571 572
571 624
571 777
572 654
572 737
573 772
574 966
574 982
575 580
575 630
575 712
575 736
575 750
575 855
575 856
575 889
575 909
575 962
575 977
575 992
577 682
578 665
578 837
579 582
579 710
580 824
581 600
581 733
581 929
582 718
582 749
582 855
582 856
583 853
584 676
584 703
584 759
584 785
584 865
584 912
584 950
585 680
585 790
585 886
585 934
586 678
587 618
587 966
589 962
590 698
590 815
590 822
590 834
590 982
591 667
591 963
593 812
593 857
593 976
595 676
595 987
596 808
596 959
596 974
597 760
597 913
598 727
599 747
599 930
600 751
600 774
600 937
600 954
601 655
601 777
602 769
602 905
602 939
604 742
604 820
605 698
605 811
605 941
606 792
606 937
610 715
611 697
611 920
612 660
612 917
613 637
613 676
613 832
613 953
613 965
616 743
616 967
620 675
620 762
621 744
621 988
622 694
622 945
623 634
623 749
623 771
624 838
625 653
627 886
627 940
628 713
633 799
635 711
636 768
637 736
637 740
637 988
638 681
638 824
638 944
638 961
639 666
640 730
640 977
642 661
643 844
644 932
645 844
646 654
646 770
646 846
650 815
652 723
652 961
653 811
653 958
654 770
654 979
654 997
655 751
655 854
656 814
656 889
657 876
657 999
658 731
658 844
659 689
659 778
661 985
661 994
662 719
664 760
664 783
665 733
665 762
665 820
665 835
665 844
667 942
667 995
669 670
669 749
669 772
670 920
670 988
671 673
671 890
672 893
672 975
673 777
674 975
675 781
675 934
675 970
676 861
676 924
676 983
677 733
678 904
678 990
679 991
680 920
682 745
682 881
683 755
683 806
683 820
684 721
686 863
687 818
687 891
687 945
688 960
688 995
689 899
692 802
693 931
693 932
693 944
694 821
695 923
695 978
696 736
696 916
696 969
697 834
697 910
698 928
699 704
699 857
700 871
701 943
703 908
704 840
704 881
704 943
705 901
706 866
707 881
707 991
709 733
709 990
710 756
710 806
710 823
710 965
712 714
712 856
712 980
714 969
715 821
716 774
716 804
717 718
717 727
717 885
717 978
720 830
722 725
722 825
723 807
723 902
724 736
724 971
725 762
726 797
726 950
726 958
727 800
727 823
727 948
727 976
728 730
728 776
728 803
728 817
728 846
728 919
730 789
730 963
733 747
733 878
734 936
735 807
735 835
735 847
736 797
736 878
736 916
737 859
738 882
739 793
740 796
740 885
741 856
743 755
743 886
745 993
747 809
747 817
747 946
748 761
748 996
749 923
750 788
754 966
756 828
760 923
761 831
761 917
764 977
766 781
772 977
775 965
776 804
777 782
777 846
777 871
777 938
777 956
778 855
778 877
780 793
780 819
780 828
780 910
781 821
781 875
782 989
783 945
785 967
786 799
787 801
788 864
790 879
790 987
792 857
792 906
792 998
794 841
798 835
800 844
803 956
803 962
805 833
805 901
805 902
806 985
807 877
809 988
810 845
810 850
811 900
812 976
815 894
815 983
816 959
824 844
824 910
826 946
827 943
829 890
830 968
831 962
832 882
835 943
836 925
837 851
838 847
838 964
839 867
839 907
841 922
843 904
844 876
844 890
844 962
845 950
846 847
847 987
848 879
848 945
850 934
852 927
854 975
856 928
857 865
857 947
862 872
863 887
867 885
869 870
869 878
869 891
869 950
871 883
873 971
879 898
882 889
882 998
883 933
886 959
891 907
893 907
893 937
894 969
894 998
895 911
895 938
896 920
899 993
901 976
902 963
907 935
909 980
911 925
911 957
912 916
913 934
915 976
916 969
917 991
920 973
927 995
935 993
939 983
944 957
945 964
948 976
954 955
954 967
961 974
962 963
972 976
978 984
983 985
984 998
