0 1
0 2
0 3
0 4
0 5
0 6
0 7
0 8
0 9
0 10
0 11
0 12
0 13
0 14
0 15
0 16
0 17
0 18
0 19
0 20
0 21
0 22
0 23
0 24
0 25
0 26
0 27
0 28
0 29
0 30
0 31
0 32
0 33
0 34
0 35
0 36
0 37
0 38
0 39
0 40
0 41
0 42
0 43
0 44
0 45
0 46
0 47
0 48
0 49
0 50
0 51
0 52
0 53
0 54
0 55
0 56
0 57
0 58
0 59
0 60
0 61
0 62
0 63
0 64
0 65
0 66
0 67
0 68
0 69
1 9
1 14
1 15
1 22
1 23
1 26
1 39
1 132
1 161
1 221
1 228
1 301
1 306
1 307
1 310
1 312
1 313
1 317
1 319
1 322
1 326
1 330
1 332
1 333
1 334
1 335
1 336
1 339
1 340
1 341
1 342
1 343
1 345
1 349
1 350
1 352
1 354
1 357
1 358
1 359
1 361
1 362
1 363
1 364
1 367
1 368
2 10
2 16
2 20
2 32
2 74
2 95
2 103
2 216
2 257
2 281
2 301
2 317
2 341
2 376
2 377
2 379
2 383
2 384
2 385
2 386
2 391
2 392
2 393
2 395
2 396
2 397
2 398
2 400
2 403
2 404
2 407
2 408
2 410
2 411
2 412
2 413
2 414
3 26
3 43
3 125
3 223
3 239
3 377
3 426
4 9
4 16
4 29
4 59
4 112
4 145
4 147
4 157
4 159
4 172
4 233
4 238
4 296
4 376
4 400
4 431
4 432
4 436
4 439
4 440
4 442
4 444
4 448
4 449
4 452
4 453
4 459
4 462
4 463
4 465
4 466
4 467
4 468
4 469
4 470
4 471
4 472
4 474
4 475
4 476
5 14
5 16
5 24
5 31
5 34
5 36
5 52
5 124
5 144
5 202
5 231
5 258
5 280
5 291
5 307
5 459
5 462
5 472
5 483
5 484
5 487
5 489
5 491
5 492
5 493
5 494
5 495
5 497
5 498
5 499
5 501
5 506
5 507
5 508
5 511
5 512
5 515
5 516
6 25
6 46
6 197
6 237
6 306
6 310
6 376
6 377
6 383
6 385
6 393
6 432
6 467
6 484
6 547
6 558
6 559
6 561
6 562
6 563
6 564
6 565
6 566
6 568
6 569
6 570
7 9
7 14
7 23
7 25
7 30
7 33
7 49
7 74
7 90
7 112
7 161
7 168
7 196
7 225
7 237
7 273
7 289
7 301
7 345
7 349
7 357
7 383
7 397
7 407
7 413
7 431
7 436
7 463
7 508
7 547
7 561
7 577
7 586
7 588
7 589
7 591
7 592
7 593
7 594
7 597
7 599
7 601
7 604
7 605
7 606
7 609
7 610
7 611
7 614
7 615
7 616
7 617
7 620
7 623
7 625
7 627
7 629
7 630
7 631
7 634
8 22
8 111
8 157
8 216
8 335
8 339
8 354
8 392
8 395
8 442
8 492
8 512
8 530
8 543
8 564
8 569
8 594
8 609
8 676
8 677
8 679
8 680
8 681
8 683
8 684
8 686
8 687
8 689
8 690
8 691
8 692
9 11
9 74
9 122
9 159
9 166
9 203
9 270
9 430
9 433
9 585
9 589
9 591
9 710
9 711
9 712
9 713
9 714
9 715
9 716
9 717
9 718
10 70
10 72
10 85
10 167
10 203
10 234
10 406
10 418
10 564
10 586
10 587
10 675
10 719
10 720
10 721
10 722
10 723
10 724
11 282
11 705
11 710
11 796
11 798
11 799
12 38
12 42
12 90
12 310
12 335
12 362
12 426
12 489
12 493
12 805
12 806
12 808
12 810
12 812
12 814
13 16
13 180
13 322
13 334
13 379
13 625
13 645
13 683
13 767
13 817
13 819
14 211
14 224
14 259
14 314
14 484
14 857
15 150
15 166
15 220
15 222
15 261
15 427
15 430
15 433
15 518
15 562
15 876
15 877
16 19
16 95
16 188
16 257
16 291
16 316
16 325
16 352
16 392
16 412
16 447
16 448
16 481
16 491
16 553
16 556
16 558
16 609
16 714
16 769
16 777
16 818
16 828
16 844
16 847
16 854
16 891
16 892
16 893
16 894
16 895
16 896
16 897
16 898
17 76
17 83
17 111
17 318
17 418
17 429
17 441
17 808
17 936
18 32
18 52
18 180
18 225
18 312
18 431
18 465
18 784
18 810
18 848
18 893
18 914
18 938
19 29
19 384
19 547
19 644
19 692
19 707
19 758
19 908
19 915
19 942
20 210
20 261
20 267
20 482
20 587
20 674
20 696
20 736
20 947
21 71
21 86
21 120
21 265
21 323
21 418
21 633
21 772
21 815
21 867
21 885
22 28
22 203
22 339
22 480
22 602
22 641
22 660
22 667
22 672
22 688
22 719
22 775
22 960
23 207
23 232
23 546
23 818
23 909
24 82
24 145
24 311
24 406
24 443
24 477
24 544
24 786
24 868
24 896
24 970
25 35
25 104
25 259
25 283
25 323
25 368
25 424
25 428
25 443
25 522
25 578
25 626
25 685
25 750
25 783
25 856
25 940
25 967
26 62
26 72
26 155
26 177
26 330
26 909
26 929
27 53
27 731
27 752
27 862
27 891
29 149
29 195
29 247
29 305
29 722
29 819
29 856
29 885
30 265
30 323
30 429
30 494
30 542
30 582
30 697
30 849
31 54
31 203
31 262
31 316
31 649
31 793
31 863
32 313
32 418
32 559
32 931
32 932
32 967
33 78
33 80
33 220
33 480
33 719
33 966
34 203
34 325
34 374
34 502
34 602
34 779
34 817
34 843
34 898
34 978
36 263
36 311
36 771
36 825
37 70
37 106
37 278
37 395
37 480
38 99
38 480
38 481
38 514
38 742
38 898
39 76
39 168
39 364
39 479
39 569
39 801
40 87
40 181
40 264
40 274
40 309
41 208
41 217
41 429
41 824
41 874
42 70
42 325
42 556
42 708
42 940
42 991
43 260
43 263
43 292
43 560
43 597
44 75
44 311
44 480
44 585
44 700
44 744
44 935
45 46
46 69
46 203
46 205
46 976
47 73
47 77
47 153
47 545
47 809
48 56
48 280
48 540
48 912
48 916
49 57
49 149
49 166
49 327
49 621
49 685
50 89
50 203
50 373
50 522
50 889
51 83
51 87
51 425
51 455
52 149
52 665
52 802
53 99
53 572
53 587
53 621
53 624
55 155
55 279
55 437
55 619
55 751
55 844
56 73
56 203
56 325
56 647
56 785
57 732
57 805
57 915
57 941
58 61
58 589
58 606
58 884
59 71
59 212
59 353
60 88
60 174
60 357
60 664
60 919
61 137
61 153
61 722
61 790
62 805
63 66
63 562
64 156
64 470
64 539
64 575
65 131
65 150
65 380
65 869
66 263
66 295
66 824
67 411
67 453
67 584
67 728
68 266
68 351
68 595
68 777
70 74
70 81
70 85
70 90
70 93
70 94
70 95
70 97
70 102
70 103
70 111
70 112
70 113
70 114
70 116
70 117
70 122
70 124
70 125
70 126
70 129
70 131
70 132
70 133
70 134
70 136
70 137
70 139
70 141
70 142
70 143
70 144
70 145
70 147
70 148
71 74
71 94
71 102
71 182
71 190
71 313
71 332
71 345
71 444
71 573
71 616
71 637
71 641
71 642
71 643
71 644
71 645
71 648
71 650
71 651
72 93
72 126
72 167
72 172
72 242
72 317
72 326
72 411
72 653
72 657
72 658
72 659
72 662
72 663
73 234
73 313
73 506
73 586
73 760
74 80
74 84
74 93
74 110
74 170
74 205
74 213
74 310
74 312
74 327
74 332
74 384
74 440
74 511
74 521
74 623
74 635
74 676
74 681
74 704
74 768
74 769
74 770
75 116
75 157
75 361
75 448
75 462
75 466
75 521
75 573
75 662
75 684
75 705
75 775
75 776
76 494
76 495
76 651
76 676
76 695
76 789
77 172
77 332
77 377
77 562
77 739
77 753
77 767
77 791
77 793
77 794
77 795
78 85
78 94
78 307
78 326
78 363
78 379
78 467
78 677
78 721
78 828
78 829
78 831
78 832
79 292
79 404
79 483
79 544
79 834
80 90
80 183
80 403
80 592
80 861
80 862
81 149
81 164
81 207
81 261
81 517
81 828
82 336
82 525
83 436
83 468
83 516
83 569
83 573
83 629
83 644
83 683
83 704
83 711
83 772
83 778
83 846
84 97
84 139
84 216
84 289
84 396
84 471
84 597
84 615
84 666
84 713
84 716
84 766
84 791
84 872
84 891
84 895
84 913
85 160
85 223
85 260
85 300
85 583
85 588
85 665
85 688
85 918
86 167
86 340
86 385
86 530
86 663
86 680
86 738
86 795
86 826
86 831
86 872
87 199
87 432
87 917
88 90
88 313
88 884
88 954
88 955
89 131
89 342
89 358
89 395
89 436
89 483
89 507
89 569
89 724
89 737
89 913
89 968
89 970
90 379
90 548
90 555
90 719
90 825
90 939
91 393
91 533
91 854
91 974
92 386
92 611
92 962
93 150
93 269
93 274
93 656
93 788
93 837
93 864
93 903
94 103
94 150
94 376
94 628
94 671
94 904
94 951
95 102
95 109
95 553
95 695
95 705
95 761
95 812
95 824
95 838
95 848
95 863
95 987
96 484
96 666
96 925
96 958
97 164
97 316
97 548
97 686
97 885
97 974
98 413
98 808
98 897
98 989
98 990
99 227
99 352
99 537
99 594
99 674
100 124
100 468
100 525
100 758
101 322
101 765
101 952
102 266
102 308
103 170
103 418
103 509
103 526
103 668
103 740
103 927
104 122
104 491
104 732
105 125
105 452
105 674
105 849
106 459
106 997
107 349
107 589
107 605
107 623
107 705
107 974
108 234
108 497
108 708
108 919
109 111
109 142
109 525
109 568
109 812
109 852
109 956
110 345
110 498
110 713
110 826
110 925
111 447
111 859
111 982
112 207
112 243
112 311
113 119
113 261
113 514
113 574
113 733
113 775
113 979
114 205
114 387
114 481
114 891
114 903
116 151
116 166
116 281
116 506
116 986
117 200
117 216
117 266
117 300
117 408
117 725
118 136
118 189
118 578
118 726
118 849
118 893
118 938
119 734
119 770
119 861
120 188
120 237
120 808
120 994
122 203
122 820
122 935
123 343
123 426
123 641
123 849
124 639
124 847
125 240
125 259
125 627
125 679
125 822
125 973
126 428
126 439
126 523
127 577
127 989
128 139
128 343
128 897
129 166
129 536
129 726
129 922
131 160
131 391
131 550
132 348
132 485
132 676
133 204
133 309
133 404
133 450
134 421
134 438
134 480
134 871
134 883
136 152
136 752
136 824
137 361
137 516
137 575
137 640
137 760
137 845
138 452
138 723
139 265
139 527
139 996
141 144
141 151
141 427
141 479
141 744
141 832
142 242
142 390
142 428
143 436
143 478
143 561
143 736
144 261
144 949
145 532
145 959
147 264
147 664
147 793
148 149
148 239
148 431
148 503
149 157
149 159
149 161
149 167
149 168
149 172
149 178
149 180
149 182
149 183
149 188
149 189
149 190
149 196
149 197
149 199
149 200
149 201
149 202
150 159
150 190
150 281
150 285
150 301
150 306
150 313
150 317
150 336
150 350
150 391
150 396
150 397
150 411
150 431
150 492
150 495
150 521
150 525
150 527
150 530
150 531
150 533
150 534
150 537
150 540
150 541
150 542
150 543
150 544
151 537
151 776
151 800
152 178
152 295
152 312
152 484
152 497
152 541
152 634
152 720
152 726
152 766
152 826
152 827
153 707
153 919
154 241
154 255
154 470
154 606
154 726
154 734
154 921
155 245
155 330
155 796
156 168
156 491
156 586
156 741
156 753
156 828
156 900
157 238
157 269
157 328
157 487
157 521
157 615
157 736
157 748
157 887
157 899
158 410
158 680
158 854
159 192
159 370
160 178
160 439
160 442
160 720
161 191
161 265
161 479
161 527
161 774
163 403
163 721
163 979
164 258
164 533
164 614
164 689
166 326
166 407
166 444
166 476
166 511
166 604
166 931
166 986
167 206
167 473
167 671
167 880
167 932
167 949
168 314
168 325
168 475
168 554
168 619
168 651
168 728
168 863
168 887
168 949
169 289
169 986
170 310
170 787
170 840
170 997
171 178
171 225
171 858
171 908
172 434
172 532
172 537
172 978
173 562
173 659
173 702
173 773
173 791
174 726
174 930
174 961
175 606
175 610
175 957
176 758
176 794
176 916
177 705
178 196
178 264
179 281
179 531
179 798
179 888
179 992
180 245
180 261
180 448
180 464
180 624
180 645
180 826
180 920
181 474
181 737
181 750
182 300
182 330
182 719
183 404
183 428
183 520
183 668
183 688
183 850
184 716
184 873
185 199
185 306
185 819
185 955
186 213
186 527
186 914
188 266
188 777
189 416
189 602
189 655
189 699
190 574
190 894
191 533
191 968
192 577
193 391
193 511
193 749
194 317
194 992
195 487
195 941
196 430
196 439
197 524
197 662
197 676
197 774
199 306
199 728
200 402
200 521
200 779
201 619
201 637
201 639
201 669
202 389
202 551
202 852
203 213
203 214
203 216
203 221
203 222
203 223
203 225
203 227
203 228
203 231
203 233
203 234
203 237
203 238
203 239
203 241
203 242
203 243
203 245
203 246
203 248
203 249
203 250
203 252
203 255
203 257
203 258
204 213
204 281
204 573
204 577
204 578
204 579
205 214
205 237
205 512
205 531
205 566
205 605
205 616
205 645
205 677
205 781
205 783
205 784
205 785
205 787
206 307
206 564
206 858
207 296
207 436
207 525
207 591
207 692
207 781
207 805
207 864
207 865
208 483
208 610
208 642
208 738
208 766
208 855
208 870
208 871
208 872
208 873
209 242
209 414
209 498
209 533
209 873
209 928
210 330
210 392
210 593
210 702
210 791
210 805
210 828
210 919
210 930
211 241
211 439
211 484
211 605
211 653
211 711
211 941
212 563
213 264
213 418
213 652
213 654
213 743
213 924
214 287
214 300
214 479
214 777
214 796
214 809
214 810
214 891
215 345
215 440
215 476
215 767
215 775
215 787
215 944
216 221
216 302
216 667
217 319
217 957
218 489
218 614
218 917
219 379
219 384
219 516
219 699
219 806
219 942
219 982
221 518
221 824
221 910
222 242
222 324
222 373
222 407
222 496
222 832
223 269
223 423
223 590
224 823
224 984
225 603
225 761
225 784
225 793
226 398
226 968
227 546
227 594
227 598
228 280
228 322
228 382
228 953
229 472
229 823
230 634
230 783
230 960
231 303
231 397
231 824
232 951
233 389
233 631
233 706
233 782
234 406
234 638
235 352
235 964
236 257
236 615
236 757
236 834
236 943
237 292
237 887
238 260
238 524
238 898
239 274
239 455
239 542
239 719
240 993
241 375
241 379
242 430
242 972
243 340
243 435
243 740
243 874
244 310
244 474
244 895
244 921
245 320
245 671
245 690
245 718
246 290
246 312
246 486
246 636
247 319
248 266
248 348
248 461
248 509
248 905
248 946
249 374
249 520
249 920
249 929
250 278
250 432
250 460
250 923
252 264
252 473
252 531
252 631
252 738
252 765
253 393
253 591
253 834
253 957
255 439
255 451
255 460
256 604
256 890
256 956
257 685
258 934
258 943
259 268
259 273
259 280
259 281
259 282
259 283
259 285
259 289
259 291
259 292
259 293
259 294
259 295
259 296
259 297
259 299
260 307
260 431
260 442
260 508
260 527
260 540
260 597
260 658
260 666
260 670
260 673
260 674
261 294
261 317
261 453
261 471
261 568
261 592
261 724
261 726
261 731
261 732
262 341
262 376
262 431
262 498
262 599
262 651
262 683
262 695
262 710
262 748
262 749
262 750
262 751
263 617
263 657
263 762
263 763
263 764
263 765
263 766
263 767
264 561
264 752
265 384
265 440
265 491
265 827
265 846
265 847
265 848
265 849
265 850
265 851
265 852
265 853
266 283
266 343
266 521
266 592
266 627
266 631
266 658
266 754
266 861
266 900
266 906
267 534
267 805
267 931
268 302
268 309
268 382
268 468
268 478
268 517
268 764
268 803
268 882
269 333
269 748
270 589
270 872
270 952
271 589
271 712
271 795
271 850
272 561
272 579
272 681
272 799
272 984
273 279
273 295
273 302
273 321
273 469
273 585
273 613
273 725
273 829
274 312
274 444
274 653
274 739
274 762
274 776
276 489
276 696
276 970
277 403
277 501
278 292
278 442
278 506
278 713
279 494
279 648
279 846
279 884
279 931
279 994
280 310
280 480
280 509
280 868
280 932
281 367
281 503
281 575
281 696
281 798
281 852
281 949
281 992
281 996
282 285
282 519
282 613
282 614
282 737
282 764
282 794
282 838
282 857
282 891
282 993
283 304
283 343
283 347
283 524
283 968
283 994
284 642
284 757
284 881
284 968
285 585
285 598
287 653
287 704
287 960
287 992
289 310
290 431
290 650
291 315
291 682
291 769
293 337
293 394
293 414
293 594
293 935
294 328
294 348
294 793
295 815
295 940
296 300
296 477
296 703
296 814
297 325
297 477
297 485
297 717
297 865
298 398
298 414
298 999
299 310
299 325
299 371
299 556
300 306
300 326
300 330
300 334
300 339
300 499
300 687
300 734
300 737
300 738
300 739
300 741
300 743
301 359
301 402
301 427
301 490
301 545
301 606
301 752
301 753
301 754
301 755
301 756
301 757
301 758
302 715
302 822
302 823
303 339
303 397
303 439
303 763
303 806
303 840
304 364
304 511
304 591
304 657
305 310
305 357
305 432
305 547
305 597
305 704
305 754
305 810
305 855
305 880
305 881
306 423
306 478
306 497
306 673
306 690
306 783
307 467
307 591
307 844
307 882
308 565
308 597
308 695
309 570
309 720
309 864
309 890
310 335
310 376
310 726
310 797
310 882
310 908
311 444
311 708
311 711
311 796
311 848
311 858
312 375
312 418
312 480
312 493
312 528
312 675
312 679
312 888
312 917
313 370
313 677
313 788
313 790
313 932
313 933
314 474
314 542
314 758
314 944
314 946
315 319
315 358
315 432
315 470
316 525
316 617
316 674
316 716
316 720
316 877
316 951
316 952
317 319
317 329
317 471
317 524
317 535
317 612
317 630
317 959
318 475
318 709
318 717
318 829
318 890
319 436
319 517
319 541
319 966
320 358
320 368
320 840
320 855
321 829
321 921
321 951
322 374
322 480
322 777
323 676
323 888
324 359
324 979
325 588
325 687
326 732
326 858
327 516
327 534
327 648
328 411
328 449
328 726
328 793
328 795
328 806
329 489
329 593
329 611
329 799
329 862
330 449
331 641
331 732
332 479
332 596
332 642
332 792
333 480
333 725
333 868
333 897
334 591
334 688
334 761
334 972
335 526
335 700
336 584
336 603
336 726
337 670
337 800
337 877
338 521
338 558
338 763
339 731
339 744
340 381
340 517
340 733
340 874
340 956
341 386
341 477
342 433
342 487
342 584
342 942
342 985
343 351
343 422
343 577
343 619
343 776
343 790
343 863
345 743
346 354
346 531
346 651
346 748
346 960
347 413
347 696
348 465
348 913
349 373
349 778
350 437
350 508
350 575
350 596
351 817
352 741
353 449
353 888
354 391
354 550
355 609
355 831
355 851
357 480
358 440
359 389
359 551
360 680
360 702
360 994
361 430
361 545
362 568
362 684
362 736
362 868
363 806
363 809
363 927
364 736
364 787
364 801
366 670
366 686
366 808
367 575
367 593
367 922
368 421
368 550
370 563
370 588
370 763
370 778
371 492
371 643
371 843
372 625
372 712
372 799
372 906
372 920
373 377
373 383
373 449
373 476
373 483
373 489
373 491
373 588
373 653
373 684
373 734
373 737
373 778
373 925
374 453
374 525
374 544
374 843
374 870
375 398
375 501
375 559
375 563
375 752
375 853
375 942
375 964
376 853
376 867
376 876
376 965
377 402
377 438
377 954
377 973
377 975
378 773
378 944
378 946
378 970
379 388
379 435
379 452
379 550
379 635
379 636
379 649
379 789
379 796
380 404
380 487
380 540
380 917
381 721
382 763
382 796
382 914
382 986
383 435
383 448
383 461
383 608
384 523
384 873
385 407
385 477
385 489
385 811
386 589
386 594
386 767
386 833
386 949
387 855
388 663
388 689
388 691
388 721
388 880
388 912
388 979
388 983
389 579
389 686
389 710
389 805
389 865
389 894
389 968
390 411
391 550
391 735
391 815
391 995
392 401
392 602
392 665
392 896
393 398
393 575
393 891
393 953
394 414
394 559
394 662
394 708
395 435
396 481
396 551
396 768
396 798
397 590
397 822
398 733
400 449
400 733
400 875
400 933
401 599
401 752
401 765
403 484
404 429
404 872
405 764
405 843
407 629
407 897
408 445
408 775
408 879
410 521
410 645
410 697
412 499
412 654
412 754
413 743
416 689
416 958
417 465
417 653
417 753
418 679
418 864
418 887
418 888
418 889
421 501
421 676
421 983
422 701
422 785
422 827
422 875
422 895
422 943
422 983
423 928
424 566
424 713
424 806
424 870
425 491
425 515
425 827
425 906
426 521
426 546
426 660
427 594
427 615
427 691
427 695
427 696
427 698
427 699
427 701
427 702
428 564
428 589
428 594
428 601
428 884
429 642
429 684
429 698
429 705
429 900
430 489
430 494
430 698
430 723
430 910
430 912
431 857
431 868
431 915
432 437
432 460
432 480
432 517
432 557
432 643
432 666
432 745
432 916
433 487
434 620
434 625
435 629
435 715
435 877
436 477
436 521
436 648
436 774
436 805
436 821
436 899
436 941
436 957
437 499
437 814
438 466
438 871
439 446
439 480
439 592
439 646
439 702
439 781
439 806
439 885
439 956
440 537
440 777
441 483
441 681
441 895
442 620
442 762
442 886
442 919
443 781
443 993
444 806
444 975
445 631
445 829
445 906
445 950
446 658
446 941
447 534
447 893
447 984
447 990
448 461
448 464
448 608
448 902
448 914
448 918
448 999
449 590
449 650
449 656
449 997
450 650
450 707
450 853
451 491
451 768
451 851
451 861
452 550
452 682
453 549
453 652
453 771
453 905
455 680
455 905
455 958
456 659
456 734
456 778
459 733
459 789
459 933
461 593
461 704
461 915
461 928
462 712
462 730
463 601
463 691
463 692
463 736
463 773
463 936
463 978
465 734
465 773
466 869
466 916
467 534
468 575
469 782
469 815
469 933
470 481
470 806
471 640
472 602
472 711
473 521
473 738
474 476
474 589
475 825
475 838
477 507
477 588
477 599
477 641
477 673
477 679
477 690
477 704
477 705
477 707
477 708
477 709
478 634
478 739
478 741
478 754
478 772
478 773
479 558
479 562
479 637
479 875
480 643
480 738
480 757
480 778
480 822
480 843
480 905
481 687
481 800
481 855
481 891
481 893
481 908
482 775
483 761
483 834
483 870
483 922
483 935
484 566
484 725
484 929
485 757
486 534
486 666
487 522
490 493
490 568
491 628
491 682
491 892
492 530
492 584
492 647
492 843
493 498
493 735
495 509
495 523
495 573
495 939
496 629
496 999
497 800
499 654
499 672
499 735
500 591
500 721
501 706
501 710
501 989
502 589
503 826
506 518
506 672
506 701
506 836
506 871
506 925
507 679
507 841
508 668
508 921
508 930
508 952
510 588
510 852
510 995
512 727
512 877
514 698
515 707
515 906
515 947
517 547
517 637
517 704
517 709
518 680
518 726
518 914
519 573
519 710
519 734
519 921
520 715
520 768
521 626
521 734
521 752
521 765
521 799
521 814
521 900
521 903
522 527
522 920
522 961
523 573
523 951
524 630
524 679
524 691
524 739
524 753
524 988
525 554
525 595
525 630
525 791
526 726
526 794
526 862
526 938
527 647
527 726
528 589
528 796
530 777
531 652
531 700
531 722
531 725
531 896
531 920
531 973
531 974
531 984
532 751
533 891
534 657
535 943
536 731
536 775
538 670
538 680
539 994
540 690
540 834
541 557
541 583
541 818
542 549
543 687
543 722
543 825
544 678
545 854
546 586
546 958
547 604
547 644
547 652
547 819
548 848
549 686
550 741
550 789
550 871
551 855
551 873
551 954
553 894
554 784
554 910
554 930
555 713
555 989
556 601
557 711
557 999
558 560
558 595
558 858
559 857
560 709
560 982
561 740
561 956
563 681
563 964
564 952
565 609
565 736
565 967
566 801
567 871
568 990
570 640
570 720
570 763
570 884
572 737
573 772
574 982
575 630
575 712
575 750
575 855
575 889
575 962
575 992
577 682
578 665
578 837
579 582
579 710
582 749
582 855
583 648
583 707
583 853
584 593
584 676
584 785
584 865
584 912
584 950
585 680
586 678
587 614
588 640
589 962
590 610
590 698
590 822
590 834
590 982
591 667
591 963
593 669
593 812
593 857
593 976
595 676
596 617
596 808
596 974
597 760
597 913
597 927
599 747
599 824
599 930
599 936
600 751
600 954
601 655
601 777
602 905
604 742
604 752
604 820
604 824
605 635
605 663
605 698
605 811
605 941
606 792
606 937
609 735
609 933
610 715
611 697
611 920
612 917
613 637
613 676
613 832
614 795
616 743
616 967
617 877
620 675
620 762
621 988
623 634
623 749
623 771
625 653
627 886
627 940
628 713
633 799
635 711
636 764
636 768
637 736
637 740
637 777
637 988
638 681
638 944
638 961
639 666
642 661
643 844
644 932
645 844
646 770
646 846
650 815
652 723
652 961
653 811
653 958
654 770
654 979
654 997
655 751
655 854
656 814
656 889
657 876
657 999
658 731
658 844
659 689
659 725
659 778
661 994
662 719
663 697
664 760
664 783
665 762
667 942
667 995
668 796
669 670
669 749
669 772
670 920
670 988
671 673
671 890
672 893
673 777
674 975
675 781
675 970
676 861
676 924
676 983
677 733
678 990
679 991
680 920
681 882
681 955
682 881
683 755
683 806
683 820
684 721
686 863
687 818
687 891
687 945
688 960
688 995
689 899
692 802
693 931
693 944
695 923
695 978
696 736
696 916
696 933
696 969
697 834
697 910
698 928
699 704
699 857
699 947
700 871
701 735
701 943
703 908
704 840
704 881
704 943
705 901
706 784
707 881
707 991
709 733
709 990
710 756
710 806
710 823
710 965
712 714
712 856
712 980
713 851
714 894
715 821
716 774
716 804
717 718
717 727
717 885
717 978
720 830
723 807
723 902
724 736
724 971
725 762
725 875
726 797
726 845
726 950
726 958
727 800
727 823
728 776
728 817
728 846
728 919
730 789
734 936
735 775
735 847
736 916
737 859
738 882
739 793
740 796
741 856
743 755
743 886
745 993
747 817
747 946
748 761
748 996
749 923
750 788
752 923
754 966
756 828
760 923
761 831
761 917
764 977
766 781
770 824
772 977
775 965
776 804
777 846
777 871
777 938
777 956
778 855
778 877
780 793
780 819
780 828
780 910
781 821
781 875
782 989
783 945
785 967
786 799
787 801
788 864
792 906
794 841
796 971
798 835
800 844
802 880
803 956
803 962
805 833
805 901
805 902
806 985
807 877
809 988
810 845
810 850
811 900
812 976
815 894
815 983
824 840
824 910
826 946
827 943
829 890
830 968
831 962
832 882
835 943
836 925
837 851
838 847
838 880
838 964
843 904
844 890
844 962
845 950
846 847
847 987
848 879
848 945
850 934
852 927
854 975
856 928
857 865
862 872
863 887
869 870
869 891
869 950
871 883
873 971
877 933
882 889
882 997
891 907
891 940
893 907
893 937
893 980
894 969
894 998
895 911
895 938
896 920
899 993
911 925
911 944
911 957
912 916
913 934
915 976
916 969
917 991
920 973
922 986
927 995
929 955
935 993
939 983
944 957
945 964
954 955
954 967
961 974
962 963
978 984
983 985
984 998
