0 14
0 17
0 21
0 23
0 29
0 31
0 32
0 33
0 34
0 35
0 37
0 38
0 39
0 40
0 41
0 44
0 45
0 47
0 49
0 52
0 53
0 55
0 58
0 64
0 66
0 69
1 14
1 23
1 39
1 132
1 149
1 153
1 161
1 170
1 185
1 217
1 221
1 235
1 236
1 267
1 302
1 306
1 307
1 308
1 314
1 316
1 318
1 319
1 323
1 324
1 325
1 326
1 330
1 331
1 333
1 334
1 335
1 336
1 339
1 340
1 342
1 344
1 345
1 347
1 348
1 349
1 350
1 351
1 353
1 356
1 358
1 359
1 361
1 362
1 363
1 366
1 367
1 368
2 32
2 74
2 109
2 162
2 192
2 216
2 257
2 316
2 318
2 323
2 371
2 376
2 378
2 380
2 381
2 383
2 385
2 387
2 392
2 393
2 395
2 396
2 397
2 398
2 399
2 400
2 406
2 408
2 410
2 412
2 413
2 414
3 78
3 174
3 223
3 239
3 371
3 420
3 421
3 422
3 423
3 426
4 29
4 145
4 149
4 157
4 172
4 177
4 198
4 207
4 233
4 238
4 244
4 263
4 348
4 351
4 376
4 400
4 420
4 431
4 433
4 435
4 440
4 443
4 444
4 445
4 446
4 450
4 452
4 454
4 456
4 458
4 462
4 463
4 464
4 466
4 469
4 470
4 473
5 14
5 31
5 34
5 52
5 78
5 106
5 115
5 124
5 127
5 144
5 175
5 202
5 230
5 231
5 258
5 280
5 291
5 307
5 371
5 462
5 482
5 483
5 484
5 485
5 488
5 489
5 490
5 492
5 495
5 498
5 499
5 501
5 502
5 503
5 510
5 514
5 516
6 78
6 92
6 163
6 197
6 230
6 237
6 290
6 306
6 331
6 371
6 376
6 378
6 383
6 385
6 393
6 484
6 488
6 529
6 547
6 548
6 552
6 558
6 559
6 561
6 562
6 564
6 567
6 569
6 571
7 14
7 23
7 33
7 49
7 74
7 79
7 90
7 149
7 160
7 161
7 171
7 192
7 193
7 196
7 207
7 225
7 237
7 267
7 273
7 289
7 302
7 308
7 345
7 349
7 383
7 397
7 413
7 431
7 463
7 464
7 485
7 547
7 561
7 582
7 586
7 593
7 594
7 595
7 596
7 597
7 598
7 599
7 600
7 601
7 603
7 604
7 605
7 607
7 608
7 610
7 611
7 612
7 614
7 615
7 616
7 618
7 624
7 626
7 627
7 628
7 629
7 630
7 631
7 632
7 633
7 634
8 79
8 153
8 157
8 216
8 263
8 324
8 335
8 339
8 392
8 395
8 420
8 435
8 488
8 492
8 530
8 543
8 564
8 569
8 594
8 675
8 677
8 680
8 681
8 682
8 683
8 684
8 686
8 688
8 689
8 691
8 694
9 74
9 122
9 433
9 713
9 714
9 716
9 718
10 167
10 234
10 406
10 564
10 586
10 675
10 723
10 724
11 277
11 302
11 490
11 796
11 797
11 799
12 35
12 38
12 90
12 154
12 156
12 275
12 335
12 344
12 362
12 399
12 426
12 489
12 582
12 639
12 745
12 747
12 807
12 808
12 810
12 812
12 813
13 180
13 286
13 334
13 488
13 645
13 675
13 683
13 767
13 816
13 818
14 211
14 224
14 259
14 314
14 484
14 857
15 433
15 562
16 188
16 257
16 291
16 316
16 325
16 392
16 412
16 558
16 714
16 818
16 847
16 854
16 891
16 896
16 897
17 76
17 83
17 111
17 318
17 418
17 429
17 441
17 808
17 936
18 32
18 52
18 180
18 225
18 431
18 595
18 784
18 810
18 833
18 914
18 937
18 939
19 29
19 108
19 381
19 547
19 742
19 758
19 915
19 942
20 267
20 482
20 674
20 736
20 947
21 71
21 86
21 120
21 265
21 323
21 418
21 633
21 772
21 815
21 867
21 885
22 339
22 641
22 660
22 672
22 688
22 960
23 207
23 232
23 546
23 818
23 909
24 145
24 406
24 443
24 544
24 786
24 896
25 35
25 104
25 283
25 323
25 368
25 443
25 578
25 626
25 750
25 940
26 155
26 177
26 330
26 929
27 53
27 433
27 485
27 752
27 839
27 891
29 149
29 195
29 247
29 305
29 722
29 819
29 856
29 885
30 323
30 542
30 582
31 54
31 203
31 262
31 316
31 649
31 793
31 863
32 313
32 418
32 559
32 931
32 932
32 967
33 78
33 80
33 220
33 480
33 719
33 966
34 203
34 325
34 374
34 502
34 602
34 779
34 817
34 843
34 898
34 978
35 264
35 344
35 477
36 263
36 771
36 825
37 70
37 106
37 278
37 395
37 480
38 99
38 480
38 481
38 514
38 742
38 898
39 76
39 168
39 364
39 479
39 569
39 801
40 87
40 181
40 264
40 274
40 309
41 208
41 217
41 429
41 824
41 874
42 325
42 708
42 940
43 263
43 292
43 597
44 75
44 311
44 480
44 585
44 700
44 744
44 935
45 46
45 89
45 151
45 251
45 517
45 678
46 69
47 73
47 77
47 153
47 545
47 809
48 92
48 280
48 324
48 540
48 912
48 916
49 57
49 149
49 166
49 327
49 621
49 685
52 149
52 665
52 802
53 99
53 572
53 587
53 621
53 624
54 837
55 155
55 279
55 437
55 619
55 751
55 844
56 325
56 647
56 785
57 915
57 941
58 61
58 304
58 589
58 606
58 884
58 923
59 212
59 353
60 174
60 919
61 137
61 153
61 790
63 66
63 109
63 562
63 830
64 156
64 470
64 539
64 575
65 131
65 380
66 263
66 295
66 824
68 351
68 595
69 205
69 323
69 933
70 74
70 78
70 79
70 90
70 92
70 94
70 102
70 104
70 106
70 108
70 109
70 113
70 115
70 116
70 119
70 122
70 124
70 127
70 128
70 129
70 130
70 131
70 132
70 133
70 136
70 137
70 138
70 139
70 143
70 144
70 145
70 148
71 74
71 94
71 102
71 173
71 182
71 190
71 235
71 236
71 267
71 277
71 314
71 345
71 380
71 433
71 444
71 573
71 582
71 616
71 639
71 641
71 642
71 643
71 645
71 646
71 647
71 650
72 119
72 130
72 167
72 169
72 172
72 242
72 284
72 326
72 378
72 657
72 658
72 660
72 662
72 663
73 92
73 155
73 234
73 406
73 548
73 586
74 80
74 84
74 93
74 110
74 170
74 205
74 213
74 310
74 312
74 327
74 332
74 384
74 440
74 511
74 521
74 623
74 635
74 676
74 681
74 704
74 768
74 769
74 770
75 116
75 149
75 157
75 209
75 361
75 462
75 466
75 573
75 662
75 684
75 776
76 187
76 207
76 495
76 789
77 172
77 181
77 381
77 562
77 596
77 628
77 633
77 753
77 767
77 790
77 795
78 85
78 94
78 98
78 138
78 150
78 156
78 284
78 307
78 326
78 331
78 363
78 379
78 467
78 664
78 677
78 721
78 828
78 829
78 830
78 831
78 832
79 115
79 149
79 150
79 176
79 184
79 272
79 292
79 308
79 353
79 378
79 404
79 483
79 486
79 544
79 590
79 621
79 703
79 747
79 833
79 834
79 835
79 836
80 90
80 164
80 165
80 183
80 380
80 552
80 860
80 861
81 149
81 164
81 207
82 336
82 525
82 729
82 833
83 219
83 288
83 381
83 516
83 569
83 573
83 629
83 683
83 694
83 703
83 730
83 772
83 778
83 846
83 885
84 139
84 216
84 289
84 396
84 399
84 421
84 482
84 597
84 615
84 666
84 713
84 716
84 766
84 891
84 911
85 160
85 223
85 688
85 918
86 167
86 209
86 340
86 385
86 530
86 663
86 680
86 738
86 795
86 826
86 831
86 949
87 106
87 115
87 198
88 90
88 174
88 276
88 582
88 608
88 884
88 954
89 130
89 131
89 342
89 358
89 395
89 483
89 569
89 724
89 737
89 807
89 953
90 379
90 548
90 555
90 719
90 825
90 939
91 217
91 366
91 393
91 854
91 973
92 155
92 373
92 386
92 460
92 510
92 611
92 667
92 962
92 971
93 837
93 864
93 903
94 103
94 150
94 376
94 628
94 671
94 904
94 951
95 102
95 109
95 812
96 173
96 435
96 484
96 666
96 859
96 878
96 925
97 164
97 316
97 548
97 686
97 885
98 413
98 808
98 830
98 897
98 989
98 990
99 169
99 227
99 314
99 316
99 594
99 674
100 124
100 525
100 618
100 758
101 682
101 765
101 952
102 266
102 308
103 170
104 122
104 156
104 259
104 425
104 491
104 612
104 732
104 935
105 452
105 536
105 674
106 215
106 428
106 459
106 845
106 997
107 349
107 605
107 926
108 234
108 388
108 497
108 584
108 708
108 868
108 919
109 111
109 142
109 303
109 525
109 568
109 655
109 812
109 852
109 956
109 981
110 345
110 498
110 503
110 713
110 826
110 911
110 925
111 859
111 982
112 207
112 243
113 119
113 261
113 514
113 574
113 733
113 775
113 979
114 387
114 891
114 903
115 481
116 151
116 166
116 281
116 506
116 986
117 200
117 216
117 408
118 136
118 189
118 578
119 204
119 734
119 770
119 861
120 188
120 212
120 237
120 786
120 808
120 994
122 203
122 820
122 935
123 426
123 641
123 903
124 639
124 847
125 240
125 627
125 822
125 973
127 204
127 315
127 517
127 577
127 622
127 836
127 989
128 139
128 156
128 343
128 418
128 693
128 863
128 897
129 166
129 536
129 726
129 922
130 207
130 811
131 160
131 391
131 550
132 348
132 485
132 676
133 204
133 309
133 404
133 450
134 421
134 883
135 598
135 801
136 152
136 752
136 824
137 361
137 516
137 575
137 640
137 760
137 845
138 452
138 723
138 959
139 265
139 527
139 996
140 177
140 192
141 144
141 151
141 744
141 832
142 242
143 436
143 478
143 561
143 736
144 261
144 949
145 532
145 959
148 149
148 239
148 431
148 503
149 150
149 151
149 152
149 153
149 154
149 155
149 156
149 157
149 158
149 159
149 160
149 161
149 162
149 163
149 164
149 165
149 166
149 167
149 168
149 169
149 170
149 171
149 172
149 173
149 174
149 175
149 176
149 177
149 178
149 179
149 180
149 181
149 182
149 183
149 184
149 185
149 186
149 187
149 188
149 189
149 190
149 191
149 192
149 193
149 194
149 195
149 196
149 197
149 198
149 199
149 200
149 201
149 202
150 153
150 156
150 162
150 190
150 217
150 226
150 244
150 285
150 306
150 336
150 348
150 350
150 381
150 396
150 397
150 423
150 431
150 492
150 495
150 502
150 525
150 528
150 529
150 530
150 531
150 532
150 536
150 538
150 540
150 542
150 543
150 544
151 260
151 263
151 356
151 418
151 427
151 479
151 537
151 600
151 776
151 800
151 801
151 802
151 803
151 804
152 155
152 160
152 198
152 226
152 445
152 484
152 529
152 634
152 766
152 825
152 826
152 827
153 259
153 337
153 707
153 911
153 919
154 241
154 255
154 259
154 261
154 303
154 316
154 443
154 470
154 550
154 554
154 606
154 664
154 726
154 734
154 883
154 902
154 921
155 245
155 260
155 300
155 318
155 324
155 330
155 486
155 619
155 796
155 816
155 825
155 903
155 922
155 923
156 158
156 168
156 215
156 421
156 477
156 491
156 586
156 741
156 753
156 828
156 860
156 900
156 948
157 238
157 269
157 328
157 487
157 521
157 615
157 736
157 748
157 887
157 899
158 410
158 680
158 854
159 192
160 178
160 439
160 442
160 518
160 720
161 191
161 265
161 479
161 527
161 774
162 261
162 304
162 756
163 309
163 403
163 418
163 420
163 721
163 844
163 979
164 258
164 388
164 416
164 433
164 526
164 533
164 550
164 585
164 614
164 618
164 689
164 980
165 265
165 428
165 824
165 899
165 934
166 169
166 326
166 344
166 444
166 604
166 878
166 931
166 981
167 206
167 473
167 671
167 880
167 932
167 949
168 314
168 325
168 887
168 949
169 259
169 289
169 986
169 996
170 310
170 787
170 840
170 869
170 997
171 178
171 225
171 254
171 261
171 375
171 477
171 858
171 908
171 959
172 434
172 532
172 537
172 978
173 206
173 562
173 635
173 659
173 702
173 773
173 791
173 901
174 437
174 726
174 841
174 930
174 961
175 259
175 303
175 520
175 606
175 610
175 947
175 957
176 758
176 916
177 705
177 735
178 196
179 260
179 264
179 281
179 531
179 575
179 798
179 888
179 992
180 245
180 261
180 448
180 464
180 624
180 645
180 826
180 920
181 427
181 474
181 737
181 750
182 300
182 330
182 719
183 404
183 428
183 520
183 668
183 688
183 850
184 716
184 873
185 195
185 199
185 205
185 306
185 478
185 819
185 955
186 213
186 455
186 527
186 914
186 924
186 933
187 369
187 479
187 480
187 522
187 755
188 266
188 777
189 416
189 602
189 655
189 699
190 574
190 894
192 577
193 391
193 511
193 519
193 574
193 749
194 260
194 287
194 317
194 329
194 992
195 941
196 430
196 439
197 524
197 662
197 676
197 774
198 638
199 306
200 402
200 521
200 779
201 619
201 637
201 639
201 669
202 389
202 551
202 852
203 207
203 209
203 212
203 214
203 216
203 217
203 219
203 221
203 223
203 225
203 226
203 227
203 230
203 231
203 233
203 234
203 235
203 236
203 237
203 238
203 239
203 240
203 241
203 242
203 243
203 244
203 246
203 248
203 249
203 250
203 251
203 253
203 255
203 257
203 258
204 230
204 387
204 573
204 576
204 578
204 579
204 580
205 214
205 237
205 454
205 531
205 605
205 616
205 645
205 677
205 784
205 785
205 786
206 307
206 318
206 399
206 564
206 639
207 210
207 212
207 215
207 254
207 259
207 296
207 309
207 373
207 389
207 436
207 454
207 519
207 525
207 591
207 632
207 692
207 733
207 781
207 805
207 863
207 864
207 865
208 483
208 610
208 642
208 738
208 766
208 855
208 870
208 873
209 242
209 262
209 263
209 274
209 276
209 414
209 417
209 498
209 533
209 536
209 585
209 607
209 675
209 873
209 926
209 927
209 928
210 330
210 392
210 458
210 503
210 593
210 702
210 736
210 919
210 926
210 929
211 241
211 324
211 331
211 484
211 605
211 940
211 941
212 305
212 429
212 430
212 563
213 743
213 924
214 287
214 300
214 479
214 777
214 796
214 809
214 810
214 891
215 345
215 378
215 440
215 767
215 836
215 839
216 221
216 302
216 667
217 319
217 957
217 981
218 489
218 614
219 379
219 384
219 496
219 516
219 626
219 699
219 806
219 942
219 982
220 240
220 779
221 518
221 824
221 910
222 242
222 324
222 832
223 269
223 423
223 590
224 582
224 823
224 904
224 984
225 603
225 761
225 784
225 793
226 398
226 602
226 725
226 968
227 546
227 594
227 598
228 280
228 953
229 420
229 823
229 833
230 556
230 634
230 783
230 960
231 303
231 397
231 824
232 878
233 389
233 631
233 706
233 782
234 406
234 638
235 314
235 352
235 481
235 509
235 964
236 257
236 274
236 590
236 615
236 757
236 834
236 943
237 292
237 887
238 260
238 524
238 898
239 274
239 455
239 542
239 719
240 747
240 857
240 993
241 375
241 379
242 430
242 972
243 340
243 435
243 740
243 874
244 310
244 474
244 895
244 921
245 718
246 290
246 312
246 486
246 636
247 263
247 319
248 266
248 348
248 461
248 509
248 905
248 946
249 374
249 520
249 920
249 929
250 278
250 432
250 460
250 923
251 329
251 382
251 788
252 473
252 531
252 631
252 738
252 765
253 393
253 591
253 834
253 957
255 439
255 451
255 460
256 604
256 890
257 685
258 934
258 943
259 263
259 267
259 273
259 275
259 276
259 277
259 280
259 283
259 284
259 285
259 286
259 288
259 289
259 290
259 291
259 292
259 293
259 294
259 299
260 263
260 284
260 307
260 431
260 540
260 552
260 596
260 597
260 612
260 658
260 666
260 672
260 673
260 674
261 275
261 294
261 325
261 482
261 580
261 598
261 714
261 724
261 729
261 730
262 263
262 290
262 302
262 376
262 431
262 473
262 498
262 582
262 599
262 632
262 683
262 747
262 748
262 750
263 264
263 275
263 302
263 305
263 344
263 438
263 451
263 518
263 590
263 617
263 657
263 714
263 761
263 762
263 763
263 764
263 765
263 766
263 767
264 482
264 561
264 752
265 440
265 490
265 755
265 827
265 846
265 847
265 851
266 283
266 314
266 600
266 627
266 631
266 658
266 754
266 801
266 821
266 861
266 900
266 906
266 907
267 274
267 399
267 524
267 534
267 545
267 640
267 735
267 746
267 790
267 805
267 931
268 302
268 764
268 803
269 333
269 748
270 288
270 607
270 729
270 952
271 528
271 795
271 816
272 387
272 561
272 579
272 681
272 799
272 835
272 984
273 279
273 295
273 302
273 321
273 469
273 585
273 613
273 725
273 829
274 444
274 762
274 776
274 981
274 985
275 300
276 489
276 523
276 696
276 970
277 403
277 417
277 501
277 517
278 292
278 713
279 288
279 420
279 846
279 884
279 931
279 994
280 310
280 480
280 509
280 868
280 932
281 367
281 503
281 949
282 285
282 614
282 737
282 764
282 891
283 304
283 343
283 347
283 524
283 968
283 994
284 642
284 728
284 757
284 881
284 968
285 585
285 598
286 372
286 435
286 549
287 960
288 490
289 310
290 418
290 431
290 650
291 315
291 682
291 769
293 337
293 394
293 414
293 594
293 935
294 328
294 348
294 793
295 940
296 703
297 325
297 485
297 865
298 398
298 414
298 999
299 310
299 325
299 371
299 556
300 306
300 326
300 330
300 334
300 339
300 371
300 499
300 734
300 736
300 737
300 738
300 741
300 742
300 743
300 744
300 745
300 746
301 359
301 490
301 752
301 753
301 754
301 755
301 756
301 757
301 758
302 321
302 555
302 585
302 715
302 790
302 813
302 821
302 822
302 823
303 308
303 339
303 380
303 397
303 729
303 763
303 837
303 839
303 840
304 657
304 742
305 547
305 597
305 607
305 736
305 754
305 779
305 810
305 837
305 855
305 878
305 880
306 423
306 478
306 497
306 673
306 690
306 783
307 467
307 591
307 844
307 882
308 309
308 427
308 565
308 597
308 695
308 730
309 859
309 864
309 890
310 335
310 376
310 797
311 444
311 576
311 708
311 796
312 528
312 675
313 677
313 790
313 932
314 316
314 435
314 474
314 480
314 522
314 523
314 542
314 552
314 576
314 758
314 761
314 771
314 944
314 945
314 946
315 319
315 358
315 470
315 744
316 450
316 525
316 617
316 674
316 716
316 720
316 877
316 951
316 952
317 319
317 612
317 630
318 475
318 574
318 709
318 717
318 829
318 890
319 436
319 517
319 541
319 966
320 358
320 368
320 840
320 855
321 324
321 632
321 921
323 457
323 661
323 676
323 888
324 359
324 668
324 979
325 445
325 490
325 556
325 588
325 687
325 966
326 732
326 858
327 464
327 516
328 795
328 797
329 489
329 593
329 611
329 799
329 911
330 449
331 375
331 455
331 641
331 732
332 596
332 642
333 480
333 725
333 868
333 897
334 591
334 688
334 761
334 972
335 526
335 700
336 584
336 603
336 726
337 800
338 488
338 558
338 763
339 731
339 744
340 381
340 517
340 733
340 874
340 956
342 433
342 487
342 584
342 942
342 985
343 351
343 422
343 776
343 790
345 743
346 531
346 744
346 748
346 947
346 960
347 413
347 696
347 728
347 733
347 987
348 378
348 465
348 667
348 913
349 373
349 778
350 437
350 508
350 575
350 596
351 422
351 728
351 817
352 741
353 449
353 590
353 879
353 888
353 909
355 598
355 831
355 851
356 438
356 520
356 728
358 440
359 389
359 551
360 680
360 702
360 994
361 430
361 545
362 568
362 684
362 736
362 868
363 806
363 809
363 927
364 736
364 801
366 670
366 686
366 808
367 575
367 593
367 922
368 421
368 550
369 771
370 763
370 778
370 779
370 780
371 373
371 405
371 425
371 492
371 643
371 837
371 843
372 503
372 799
372 906
373 383
373 483
373 489
373 684
373 734
373 737
373 778
373 924
373 925
374 380
374 525
374 544
374 607
374 870
375 398
375 446
375 501
375 559
375 752
375 813
375 942
376 853
376 867
376 876
376 965
377 954
377 973
377 975
378 649
378 773
378 944
378 946
378 970
379 435
379 452
379 789
379 796
380 404
380 438
380 445
380 487
380 540
380 598
380 682
380 727
380 917
381 721
381 782
382 763
382 779
382 796
382 860
382 914
382 980
383 435
383 448
383 461
383 608
384 873
385 407
385 477
385 489
385 811
386 594
386 767
386 833
386 949
387 430
387 855
388 422
388 485
388 663
388 689
388 691
388 880
388 912
389 579
389 686
389 813
389 865
392 401
392 602
392 665
392 896
393 398
393 575
393 891
393 953
394 414
394 443
394 445
394 559
394 662
394 708
394 835
395 435
396 481
396 551
396 768
396 798
397 590
397 822
398 733
400 449
400 733
400 875
400 933
401 599
401 752
401 765
402 948
403 484
405 755
405 764
406 786
407 629
407 897
408 445
408 775
408 879
410 521
410 645
410 697
412 499
412 654
412 754
413 743
416 689
417 548
417 753
417 859
418 433
418 632
418 833
418 864
418 887
421 501
421 635
421 676
421 983
422 581
422 585
422 701
422 785
422 815
422 825
422 827
422 875
422 895
422 943
422 963
422 983
423 482
423 928
424 510
424 618
424 713
424 870
425 827
425 906
426 521
426 546
426 660
427 594
427 600
427 615
427 691
427 700
427 701
427 702
427 703
428 488
428 564
428 594
428 601
428 747
428 883
428 884
429 502
429 642
429 684
429 839
429 900
429 901
430 435
430 458
430 489
430 723
430 911
430 912
431 857
431 868
431 915
432 643
432 666
432 745
432 916
433 487
433 837
434 454
434 598
434 926
435 523
435 584
435 629
435 715
435 877
435 953
436 821
436 941
437 499
437 548
437 582
437 596
437 660
438 466
439 446
439 646
439 702
439 885
440 537
440 777
441 483
441 681
441 929
442 762
442 919
443 490
443 496
443 685
443 781
443 993
444 806
444 975
445 538
445 631
445 829
445 906
445 950
445 966
446 480
446 529
446 548
446 658
446 941
447 458
447 833
447 984
447 990
448 464
448 608
448 902
448 914
448 918
448 999
449 650
449 997
450 477
450 583
450 650
450 707
450 733
450 853
451 567
451 768
451 851
451 861
452 550
452 682
453 771
453 905
454 583
455 680
455 905
455 924
456 522
456 659
456 669
456 719
456 734
456 778
456 926
456 936
457 813
457 860
458 729
458 746
458 771
459 789
460 624
460 918
461 593
461 915
461 928
462 712
462 730
463 601
463 691
463 692
463 736
463 773
463 936
463 978
464 918
465 734
466 869
466 916
469 782
469 815
469 933
470 481
470 806
473 521
473 738
475 825
477 582
477 599
477 641
477 673
477 682
477 708
477 709
478 626
478 634
478 741
478 754
478 771
478 772
479 558
479 562
479 746
479 801
479 825
479 875
480 485
480 603
480 643
480 738
480 757
480 778
480 822
480 902
480 903
480 904
480 905
481 800
481 807
481 855
481 891
481 902
482 775
483 761
483 834
483 870
483 922
483 935
484 566
484 725
484 929
485 757
486 666
488 646
490 493
490 568
490 585
491 628
491 682
492 530
492 584
492 647
492 843
493 498
495 509
495 523
495 573
495 939
496 629
496 633
496 999
497 800
499 654
499 672
499 735
501 706
501 710
501 989
502 589
503 826
506 672
506 701
506 836
506 925
508 921
508 952
510 588
510 852
510 899
510 995
514 529
514 698
515 906
515 947
517 547
517 709
518 538
518 680
518 914
519 573
519 734
519 821
519 918
519 921
520 576
520 768
520 825
521 626
521 734
521 752
521 765
521 799
521 900
521 903
522 961
523 573
524 571
524 630
524 691
524 694
524 730
524 746
524 753
525 554
525 595
525 630
525 791
526 860
527 647
528 589
528 796
528 927
529 539
529 580
529 824
530 777
531 652
531 700
531 722
531 725
531 896
531 920
531 973
531 974
531 984
532 560
532 572
532 574
532 678
532 751
533 891
534 657
536 731
536 775
536 780
536 863
538 670
538 680
538 728
539 756
539 994
540 690
540 834
541 818
542 549
543 687
543 722
543 825
544 678
545 729
545 854
546 586
547 604
547 644
547 652
547 819
548 841
548 848
548 933
549 686
549 816
550 741
550 789
551 855
551 873
551 954
552 727
554 576
554 595
554 639
554 784
554 825
554 948
555 713
555 801
555 989
556 601
556 932
557 860
557 937
557 999
558 560
558 595
558 858
559 857
560 709
560 965
560 982
560 998
561 740
561 956
563 681
564 952
565 736
566 801
567 777
567 816
567 871
568 990
570 763
570 884
571 572
571 624
571 777
572 737
572 945
573 772
574 981
574 982
575 580
575 630
575 736
575 750
575 855
577 682
578 665
578 837
579 582
579 710
580 824
581 600
581 929
582 718
582 749
582 855
582 856
583 718
584 593
584 703
584 785
584 865
584 912
584 950
585 680
585 790
586 678
587 614
587 618
590 603
590 610
590 822
590 929
590 982
593 669
593 812
593 857
593 976
595 676
595 987
596 617
596 808
596 959
596 974
597 760
597 913
597 927
598 727
599 747
599 824
599 930
599 936
600 751
600 774
600 937
600 954
601 655
601 777
602 905
602 939
604 742
604 752
604 820
604 824
605 635
605 663
605 698
605 811
605 941
606 937
608 640
610 715
611 697
611 920
612 660
612 917
613 832
613 953
613 965
614 795
616 743
616 967
620 675
620 762
621 744
622 694
622 945
623 634
623 771
624 838
627 886
627 940
628 713
633 799
636 764
636 768
637 736
638 681
638 961
639 666
640 730
642 661
643 844
644 932
645 844
646 654
646 770
646 846
647 728
650 815
652 723
652 961
654 997
655 854
657 876
657 999
658 731
658 844
659 689
659 778
661 985
661 994
662 719
663 697
665 762
665 835
667 942
668 796
669 772
671 673
671 890
671 902
672 893
672 975
673 777
674 975
675 781
675 934
675 970
676 861
676 924
677 733
678 904
678 990
680 920
681 882
681 955
682 745
682 881
683 755
683 806
683 820
684 721
686 863
687 818
687 891
687 945
688 960
688 995
689 899
693 931
693 932
694 821
695 923
696 736
696 916
698 928
699 947
700 871
701 735
701 943
703 908
704 840
705 901
706 784
709 733
709 990
710 756
710 823
710 965
712 714
712 980
713 851
714 894
714 969
715 821
716 774
716 804
717 718
717 885
720 830
722 825
723 807
723 902
724 736
724 971
725 762
725 875
726 797
726 950
727 800
727 823
727 948
728 730
728 776
728 803
728 846
728 919
728 923
730 789
730 963
733 747
733 878
734 936
735 807
735 835
735 847
735 923
736 797
736 878
736 916
737 859
738 882
740 796
740 885
741 856
743 755
743 886
745 993
747 809
747 817
747 946
748 761
748 996
749 923
750 788
752 923
754 966
756 828
760 923
761 831
761 902
764 977
766 781
772 977
775 965
776 804
777 846
778 855
778 877
780 793
780 819
780 828
780 910
781 821
781 875
782 989
783 945
785 967
786 799
787 801
788 864
788 948
790 879
790 987
792 906
792 998
796 971
798 835
800 844
802 880
803 956
803 962
805 833
805 901
805 902
806 985
807 877
810 845
810 850
811 900
812 976
816 959
824 840
826 946
827 943
829 890
830 968
831 962
832 882
835 943
836 925
837 851
838 847
838 880
839 867
839 907
839 933
843 904
844 890
845 950
846 847
847 987
848 945
854 975
856 928
856 940
857 865
857 947
863 887
867 885
869 870
869 878
869 891
869 950
871 883
873 971
882 997
882 998
883 933
891 907
891 940
893 907
893 937
893 980
894 998
895 911
896 920
901 976
902 963
907 935
909 980
911 925
911 944
911 957
912 916
915 976
916 969
920 973
929 955
939 983
945 964
947 978
948 976
954 955
954 967
961 974
978 984
983 985
984 998
