0 5
0 8
0 14
0 16
1 5
1 14
1 80
1 153
1 308
1 320
1 339
1 354
2 5
2 16
2 375
3 420
4 16
4 420
4 427
4 435
4 446
4 472
5 8
5 14
5 16
5 24
5 31
5 34
5 36
5 52
5 70
5 71
5 78
5 80
5 96
5 99
5 106
5 115
5 124
5 127
5 144
5 150
5 175
5 202
5 206
5 230
5 231
5 258
5 259
5 261
5 265
5 280
5 291
5 300
5 307
5 311
5 315
5 320
5 371
5 372
5 405
5 459
5 462
5 472
5 477
5 478
5 479
5 480
5 481
5 482
5 483
5 484
5 485
5 486
5 487
5 488
5 489
5 490
5 491
5 492
5 493
5 494
5 495
5 496
5 497
5 498
5 499
5 500
5 501
5 502
5 503
5 504
5 505
5 506
5 507
5 508
5 509
5 510
5 511
5 512
5 513
5 514
5 515
5 516
6 564
6 569
7 14
7 73
7 80
7 171
7 308
7 375
7 508
8 13
8 18
8 22
8 71
8 72
8 73
8 79
8 111
8 152
8 153
8 157
8 203
8 216
8 262
8 263
8 272
8 298
8 303
8 304
8 324
8 335
8 339
8 354
8 392
8 394
8 395
8 418
8 420
8 427
8 435
8 442
8 455
8 477
8 488
8 492
8 512
8 522
8 530
8 535
8 543
8 564
8 569
8 584
8 594
8 609
8 675
8 676
8 677
8 678
8 679
8 680
8 681
8 682
8 683
8 684
8 685
8 686
8 687
8 688
8 689
8 690
8 691
8 692
8 693
8 694
10 564
10 675
11 265
13 16
13 675
13 683
14 211
14 224
14 259
14 314
14 484
14 857
15 427
16 19
16 95
16 188
16 257
16 291
17 111
19 692
20 482
20 696
21 265
22 339
25 522
25 685
30 265
30 494
33 80
39 569
45 678
47 73
47 153
48 280
49 685
50 522
56 73
61 153
63 375
70 73
70 80
70 111
71 73
71 265
71 427
72 658
73 92
73 155
73 234
73 300
73 304
73 311
73 313
73 374
73 406
73 506
73 517
73 539
73 548
73 549
73 586
73 759
73 760
74 80
74 676
74 681
76 427
76 494
76 495
76 676
79 308
79 483
80 83
80 90
80 164
80 165
80 183
80 215
80 256
80 309
80 380
80 403
80 434
80 551
80 552
80 572
80 592
80 652
80 761
80 857
80 860
80 861
80 862
83 569
83 683
84 482
86 530
86 680
89 483
89 569
94 671
96 435
97 686
100 427
101 682
102 308
108 497
109 111
110 503
111 447
111 859
111 982
125 679
128 693
132 676
139 265
141 427
148 503
149 153
149 171
150 153
150 427
150 495
150 522
150 530
151 427
152 375
152 497
153 259
153 337
153 707
153 911
153 919
154 241
158 680
161 265
163 420
164 689
165 265
167 671
171 178
171 225
171 254
171 261
171 375
171 477
171 858
171 908
171 959
181 427
187 522
197 676
203 241
206 564
207 692
208 483
209 675
210 503
211 241
228 280
229 420
229 472
241 375
241 379
243 435
245 320
245 671
245 690
257 685
259 265
259 280
260 427
260 508
260 658
260 671
261 320
261 482
261 678
262 265
262 683
264 482
265 266
265 384
265 440
265 490
265 491
265 513
265 725
265 755
265 759
265 782
265 824
265 827
265 841
265 844
265 845
265 846
265 847
265 848
265 849
265 850
265 851
265 852
265 853
266 658
272 681
276 696
279 420
279 494
280 310
280 480
280 509
280 868
280 932
281 503
281 696
286 435
291 682
298 375
300 320
300 339
300 427
300 687
301 427
303 308
303 339
306 497
306 690
308 309
308 427
308 565
308 597
308 695
308 730
312 375
312 675
312 679
314 435
314 522
320 358
320 368
320 735
320 840
320 855
323 676
325 687
331 375
339 731
339 744
346 354
347 696
350 508
354 391
354 550
360 680
366 686
372 503
373 483
373 693
375 398
375 427
375 446
375 501
375 559
375 563
375 752
375 813
375 853
375 866
375 942
375 963
375 964
379 435
380 682
383 435
388 689
389 686
395 435
416 689
418 679
421 676
423 482
427 594
427 600
427 615
427 671
427 691
427 695
427 696
427 697
427 698
427 699
427 700
427 701
427 702
427 703
428 564
429 522
429 698
430 435
430 494
430 698
435 523
435 584
435 629
435 715
435 877
435 953
439 446
441 483
441 681
443 685
446 480
446 529
446 548
446 658
446 941
452 682
455 680
456 522
463 692
472 602
472 711
477 679
477 682
477 690
481 687
482 775
483 761
483 834
483 870
483 922
483 935
487 522
491 682
492 530
495 509
495 523
495 573
495 939
497 800
503 826
507 679
508 668
508 921
508 930
508 952
514 698
518 680
522 527
522 892
522 920
522 961
522 967
522 977
524 679
530 777
532 678
538 680
540 690
543 687
544 678
549 678
549 686
563 681
564 952
574 678
577 682
584 676
585 680
586 678
590 698
595 676
602 685
605 698
613 676
620 675
638 681
658 731
658 844
659 689
671 673
671 890
671 902
675 781
675 934
675 970
676 861
676 924
676 983
678 842
678 904
678 990
679 991
680 920
681 882
681 955
682 745
682 881
683 755
683 806
683 820
686 863
687 818
687 891
687 945
689 899
692 802
693 931
693 932
693 944
696 736
696 916
696 933
696 969
698 928
