0 14
0 25
1 14
1 153
1 208
1 259
1 260
1 267
2 121
2 259
2 262
2 281
3 125
3 259
4 208
4 296
4 442
5 14
5 175
5 259
5 280
5 291
5 508
6 25
6 259
7 14
7 25
7 84
7 210
7 259
7 260
7 262
7 266
7 267
7 508
7 583
7 596
8 153
8 262
8 272
8 298
8 442
11 259
11 272
11 277
12 154
12 262
12 275
13 286
14 211
14 224
14 259
14 314
14 484
14 857
16 291
20 210
20 267
20 674
22 667
23 232
25 35
25 104
25 259
25 283
25 323
25 368
25 424
25 428
25 443
25 522
25 578
25 626
25 685
25 750
25 783
25 856
25 940
25 967
26 155
27 262
31 262
41 208
43 260
43 292
45 151
47 153
48 259
48 280
52 665
55 155
61 153
66 295
68 266
70 84
70 118
70 121
70 125
71 259
71 267
71 277
71 640
72 169
72 260
72 272
73 155
74 84
75 84
77 298
77 596
79 272
79 292
82 208
83 288
84 97
84 105
84 139
84 216
84 259
84 271
84 289
84 372
84 396
84 399
84 421
84 471
84 482
84 597
84 615
84 635
84 654
84 655
84 666
84 713
84 716
84 766
84 791
84 815
84 872
84 891
84 895
84 911
84 913
85 260
85 583
85 665
86 262
88 276
92 155
92 667
93 269
96 232
99 169
99 260
99 674
102 266
104 259
105 125
105 674
116 151
116 281
117 266
118 136
118 189
118 260
118 481
118 578
118 706
118 726
118 849
118 893
118 938
118 959
121 140
121 259
121 430
121 761
125 240
125 259
125 627
125 679
125 822
125 973
137 640
141 151
149 151
149 153
149 154
149 155
149 169
149 175
150 153
150 260
150 269
150 281
150 285
151 260
151 263
151 356
151 418
151 427
151 479
151 537
151 600
151 776
151 800
151 801
151 802
151 803
151 804
152 155
152 259
152 295
153 259
153 337
153 707
153 911
153 919
154 241
154 255
154 259
154 261
154 303
154 316
154 443
154 470
154 550
154 554
154 606
154 664
154 726
154 734
154 883
154 902
154 921
155 245
155 260
155 300
155 318
155 324
155 330
155 486
155 619
155 796
155 816
155 825
155 903
155 922
155 923
157 269
160 442
166 169
169 259
169 289
169 986
169 996
175 259
175 303
175 520
175 606
175 610
175 947
175 957
179 260
179 281
188 266
194 260
194 287
203 208
203 210
203 232
204 259
204 281
207 210
207 259
207 296
208 259
208 264
208 305
208 483
208 505
208 610
208 642
208 738
208 761
208 766
208 788
208 855
208 868
208 869
208 870
208 871
208 872
208 873
208 874
209 262
209 276
210 259
210 330
210 392
210 430
210 458
210 503
210 593
210 702
210 736
210 791
210 805
210 828
210 919
210 926
210 929
210 930
214 287
216 667
223 269
224 272
228 280
232 260
232 878
232 951
237 292
238 260
248 266
259 260
259 261
259 262
259 263
259 264
259 265
259 266
259 267
259 268
259 269
259 270
259 271
259 272
259 273
259 274
259 275
259 276
259 277
259 278
259 279
259 280
259 281
259 282
259 283
259 284
259 285
259 286
259 287
259 288
259 289
259 290
259 291
259 292
259 293
259 294
259 295
259 296
259 297
259 298
259 299
260 263
260 271
260 278
260 284
260 307
260 427
260 431
260 442
260 477
260 479
260 508
260 527
260 540
260 552
260 583
260 596
260 597
260 612
260 658
260 664
260 665
260 666
260 667
260 668
260 669
260 670
260 671
260 672
260 673
260 674
261 275
261 294
262 263
262 265
262 290
262 302
262 341
262 372
262 376
262 431
262 437
262 473
262 477
262 486
262 498
262 582
262 599
262 632
262 651
262 664
262 683
262 695
262 710
262 719
262 747
262 748
262 749
262 750
262 751
263 275
265 266
266 283
266 314
266 343
266 370
266 425
266 480
266 521
266 592
266 600
266 627
266 631
266 658
266 754
266 774
266 777
266 801
266 821
266 861
266 900
266 906
266 907
267 274
267 399
267 524
267 534
267 545
267 640
267 735
267 746
267 790
267 805
267 931
268 302
268 309
268 382
268 468
268 478
268 517
268 764
268 803
268 882
269 333
269 418
269 664
269 748
269 978
270 288
272 387
272 504
272 561
272 579
272 590
272 681
272 799
272 835
272 984
273 295
275 300
276 489
276 523
276 696
276 970
277 403
277 417
277 501
277 517
278 292
278 442
279 288
280 310
280 480
280 509
280 868
280 932
281 367
281 503
281 575
281 696
281 798
281 852
281 949
281 992
281 996
282 285
285 585
285 598
286 372
286 435
286 549
287 519
287 653
287 704
287 960
287 992
288 490
291 315
291 682
291 769
293 337
293 394
293 414
293 594
293 935
294 328
294 348
294 793
295 815
295 940
296 300
296 477
296 703
296 814
297 325
297 477
297 485
297 717
297 865
298 375
298 398
298 414
298 999
299 310
299 325
299 371
299 556
305 583
306 673
316 674
332 596
337 670
348 667
350 508
350 596
366 670
373 665
392 665
401 667
430 640
437 596
442 620
442 762
442 886
442 919
450 583
454 583
471 640
477 673
508 668
508 921
508 930
508 952
520 583
538 670
541 583
570 640
578 665
583 648
583 707
583 718
583 853
588 640
591 667
596 617
596 808
596 959
596 974
608 640
640 730
640 977
665 733
665 762
665 820
665 835
665 844
667 942
667 995
669 670
670 920
670 988
671 673
673 777
674 975
