0 37
1 70
1 77
1 80
1 82
1 132
2 70
2 72
2 109
3 70
3 78
3 125
4 77
4 87
4 112
4 145
4 147
5 70
5 78
5 80
5 96
5 99
5 127
5 144
6 72
6 77
6 78
6 140
7 70
7 72
7 73
7 77
7 79
7 80
7 82
7 84
7 107
7 110
7 112
7 120
8 72
8 73
8 79
9 122
10 70
10 72
12 76
17 76
19 108
21 120
24 82
24 145
26 72
33 78
33 80
37 70
37 106
37 278
37 395
37 480
38 99
39 76
40 87
42 70
45 89
47 73
47 77
50 89
51 87
53 99
56 73
60 88
63 109
70 71
70 72
70 73
70 74
70 75
70 76
70 77
70 78
70 79
70 80
70 81
70 82
70 83
70 84
70 85
70 86
70 87
70 88
70 89
70 90
70 91
70 92
70 93
70 94
70 95
70 96
70 97
70 98
70 99
70 100
70 101
70 102
70 103
70 104
70 105
70 106
70 107
70 108
70 109
70 110
70 111
70 112
70 113
70 114
70 115
70 116
70 117
70 118
70 119
70 120
70 121
70 122
70 123
70 124
70 125
70 126
70 127
70 128
70 129
70 130
70 131
70 132
70 133
70 134
70 135
70 136
70 137
70 138
70 139
70 140
70 141
70 142
70 143
70 144
70 145
70 146
70 147
70 148
71 73
71 82
71 102
72 86
72 91
72 93
72 119
72 126
72 130
72 150
72 166
72 167
72 169
72 172
72 211
72 215
72 242
72 260
72 271
72 272
72 284
72 317
72 326
72 373
72 378
72 411
72 415
72 428
72 477
72 505
72 549
72 652
72 653
72 654
72 655
72 656
72 657
72 658
72 659
72 660
72 661
72 662
72 663
73 92
73 155
73 234
73 300
73 304
73 311
73 313
73 374
73 406
73 506
73 517
73 539
73 548
73 549
73 586
73 759
73 760
74 80
74 84
74 110
75 84
75 87
75 116
76 83
76 187
76 203
76 207
76 261
76 300
76 427
76 479
76 494
76 495
76 584
76 651
76 676
76 695
76 788
76 789
77 83
77 91
77 172
77 181
77 271
77 298
77 321
77 332
77 377
77 381
77 480
77 526
77 562
77 596
77 628
77 633
77 739
77 753
77 767
77 790
77 791
77 792
77 793
77 794
77 795
78 85
78 94
78 98
78 138
78 150
78 156
78 284
78 307
78 326
78 331
78 363
78 379
78 467
78 664
78 677
78 721
78 828
78 829
78 830
78 831
78 832
79 115
79 149
79 150
79 176
79 184
79 272
79 292
79 308
79 353
79 378
79 404
79 483
79 486
79 544
79 590
79 621
79 703
79 747
79 833
79 834
79 835
79 836
80 83
80 90
80 164
80 165
80 183
80 215
80 256
80 309
80 380
80 403
80 434
80 551
80 552
80 572
80 592
80 652
80 761
80 857
80 860
80 861
80 862
81 149
81 164
81 207
81 261
81 517
81 828
82 98
82 208
82 229
82 336
82 525
82 697
82 729
82 735
82 833
83 88
84 97
84 105
84 139
84 216
84 259
84 271
84 289
84 372
84 396
84 399
84 421
84 471
84 482
84 597
84 615
84 635
84 654
84 655
84 666
84 713
84 716
84 766
84 791
84 815
84 872
84 891
84 895
84 911
84 913
86 88
87 106
87 115
87 198
87 199
87 211
87 432
87 917
88 90
88 174
88 276
88 313
88 582
88 608
88 856
88 884
88 954
88 955
89 130
89 131
89 203
89 254
89 342
89 358
89 369
89 395
89 428
89 436
89 441
89 477
89 483
89 507
89 513
89 569
89 724
89 737
89 759
89 807
89 913
89 953
89 967
89 968
89 969
89 970
89 971
89 972
95 102
95 109
96 173
96 232
96 365
96 430
96 435
96 484
96 556
96 655
96 666
96 727
96 859
96 878
96 925
96 958
98 110
99 169
99 227
99 260
99 314
99 316
99 352
99 537
99 594
99 674
99 991
100 124
100 427
100 438
100 447
100 468
100 525
100 585
100 618
100 758
101 203
101 322
101 434
101 438
101 682
101 765
101 952
102 266
102 308
104 122
105 125
107 349
107 441
107 589
107 605
107 623
107 705
107 926
107 974
108 234
108 388
108 497
108 584
108 708
108 868
108 919
109 111
109 142
109 303
109 525
109 568
109 655
109 812
109 852
109 956
109 981
110 203
110 224
110 345
110 498
110 503
110 713
110 826
110 911
110 925
112 207
112 243
112 311
113 119
113 261
113 514
113 574
113 733
113 775
113 979
114 205
114 387
114 481
114 891
114 903
116 151
116 166
116 281
116 506
116 986
117 200
117 216
117 266
117 300
117 408
117 725
118 136
118 189
118 260
118 481
118 578
118 706
118 726
118 849
118 893
118 938
118 959
120 184
120 188
120 212
120 237
120 638
120 786
120 808
120 994
121 140
122 203
122 820
122 935
123 150
123 343
123 426
123 641
123 849
123 882
123 903
125 240
125 259
125 627
125 679
125 822
125 973
127 204
127 315
127 517
127 577
127 622
127 836
127 989
128 139
128 156
128 343
128 418
128 693
128 863
128 897
129 166
129 536
129 726
129 922
132 348
132 485
132 676
133 204
133 309
133 404
133 450
134 421
134 438
134 480
134 871
134 883
135 218
135 598
135 668
135 801
140 177
140 192
141 144
143 436
143 478
143 561
143 736
144 261
144 949
145 532
145 959
146 204
146 300
146 425
146 802
147 264
147 664
147 793
148 149
148 239
148 431
148 503
