0 7
0 25
0 33
1 7
1 149
1 301
1 302
1 327
1 357
1 360
2 301
2 409
2 413
3 419
4 149
4 264
4 436
5 478
5 508
6 25
6 478
7 9
7 14
7 23
7 25
7 28
7 30
7 33
7 49
7 70
7 72
7 73
7 74
7 75
7 77
7 79
7 80
7 82
7 84
7 90
7 107
7 110
7 112
7 120
7 149
7 152
7 160
7 161
7 168
7 171
7 176
7 184
7 192
7 193
7 196
7 205
7 207
7 210
7 225
7 237
7 254
7 259
7 260
7 262
7 264
7 266
7 267
7 273
7 289
7 300
7 301
7 302
7 303
7 308
7 327
7 345
7 349
7 357
7 360
7 370
7 374
7 375
7 383
7 397
7 407
7 409
7 413
7 417
7 419
7 429
7 431
7 434
7 436
7 447
7 463
7 464
7 478
7 480
7 485
7 500
7 508
7 523
7 547
7 550
7 561
7 574
7 575
7 577
7 582
7 583
7 584
7 585
7 586
7 587
7 588
7 589
7 590
7 591
7 592
7 593
7 594
7 595
7 596
7 597
7 598
7 599
7 600
7 601
7 602
7 603
7 604
7 605
7 606
7 607
7 608
7 609
7 610
7 611
7 612
7 613
7 614
7 615
7 616
7 617
7 618
7 619
7 620
7 621
7 622
7 623
7 624
7 625
7 626
7 627
7 628
7 629
7 630
7 631
7 632
7 633
7 634
8 584
8 609
9 591
11 302
12 90
12 409
12 582
13 264
13 625
16 609
20 210
21 633
22 602
25 35
25 104
25 259
25 283
25 323
25 368
25 424
25 428
25 443
25 522
25 578
25 626
25 685
25 750
25 783
25 856
25 940
25 967
27 419
28 584
29 149
30 582
33 78
33 80
33 220
33 480
33 719
33 966
34 602
35 264
40 264
43 597
49 149
49 327
49 621
52 149
53 621
60 357
67 584
68 266
70 90
70 110
71 582
74 110
74 327
75 149
76 584
77 596
77 628
77 633
79 149
79 621
80 90
81 149
83 436
83 574
83 622
83 629
84 289
84 597
85 588
88 90
88 582
89 436
90 379
90 548
90 555
90 719
90 825
90 939
92 611
94 628
98 110
98 413
100 618
102 266
104 612
107 605
108 584
110 203
110 224
110 345
110 498
110 503
110 713
110 826
110 911
110 925
113 574
117 266
126 523
127 622
135 598
143 436
143 478
147 264
148 149
149 150
149 151
149 152
149 153
149 154
149 155
149 156
149 157
149 158
149 159
149 160
149 161
149 162
149 163
149 164
149 165
149 166
149 167
149 168
149 169
149 170
149 171
149 172
149 173
149 174
149 175
149 176
149 177
149 178
149 179
149 180
149 181
149 182
149 183
149 184
149 185
149 186
149 187
149 188
149 189
149 190
149 191
149 192
149 193
149 194
149 195
149 196
149 197
149 198
149 199
149 200
149 201
149 202
150 301
150 419
150 523
164 614
164 618
166 604
169 289
178 264
179 264
185 478
188 266
189 602
190 574
193 574
203 210
204 574
205 605
207 210
207 436
207 591
208 264
209 607
210 259
210 330
210 392
210 430
210 458
210 503
210 593
210 702
210 736
210 791
210 805
210 828
210 919
210 926
210 929
210 930
211 605
213 264
216 302
218 614
224 582
225 603
226 602
227 598
248 266
252 264
253 591
256 604
259 264
259 266
259 289
260 508
260 596
260 597
260 612
261 598
262 302
262 582
263 264
263 302
264 482
264 545
264 561
264 752
264 842
265 266
266 283
266 314
266 343
266 370
266 425
266 480
266 521
266 592
266 600
266 627
266 631
266 658
266 754
266 774
266 777
266 801
266 821
266 861
266 900
266 906
266 907
268 302
268 478
270 607
273 302
276 523
278 574
282 614
285 598
289 310
300 409
300 478
301 359
301 402
301 427
301 490
301 545
301 606
301 752
301 753
301 754
301 755
301 756
301 757
301 758
302 321
302 555
302 585
302 715
302 790
302 813
302 821
302 822
302 823
303 584
304 591
305 357
305 597
305 607
306 478
307 591
308 597
314 523
317 612
317 630
318 574
319 436
325 588
327 437
327 464
327 486
327 516
327 534
327 648
329 611
332 596
334 591
336 584
336 603
342 584
347 413
350 508
350 596
355 598
355 609
357 480
360 680
360 702
360 933
360 994
370 588
372 478
372 625
373 588
374 607
380 598
384 523
392 602
407 629
409 874
409 972
413 743
418 622
419 429
419 933
424 618
434 598
434 620
434 625
435 523
435 584
435 629
436 477
436 521
436 648
436 774
436 805
436 821
436 899
436 941
436 957
437 582
437 596
442 620
472 602
477 478
477 582
477 588
478 626
478 634
478 739
478 741
478 754
478 771
478 772
478 773
479 584
480 603
491 628
492 584
495 523
496 629
496 633
500 591
508 668
508 921
508 930
508 952
510 588
523 573
523 951
524 630
525 630
532 574
539 574
539 584
546 574
547 604
565 609
572 584
574 678
574 842
574 966
574 981
574 982
575 630
579 582
582 718
582 749
582 855
582 856
584 593
584 676
584 703
584 759
584 785
584 865
584 912
584 922
584 950
587 614
587 618
588 640
590 603
591 667
591 963
596 617
596 808
596 959
596 974
597 760
597 913
597 927
598 727
602 685
602 769
602 905
602 939
604 742
604 752
604 820
604 824
605 635
605 663
605 698
605 811
605 941
609 735
609 933
611 697
611 920
612 660
612 917
614 795
620 675
620 762
621 744
621 988
621 996
622 694
622 945
625 653
628 713
633 799
