0 3
0 10
0 14
0 17
0 19
0 21
0 26
0 32
0 41
0 43
0 44
0 45
0 58
0 66
0 68
1 3
1 14
1 19
1 26
1 105
1 235
1 302
1 304
1 314
1 322
1 356
2 3
2 10
2 32
2 95
2 103
2 162
2 216
2 370
2 377
2 384
2 390
3 26
3 27
3 43
3 70
3 78
3 125
3 174
3 223
3 239
3 259
3 279
3 371
3 377
3 417
3 418
3 419
3 420
3 421
3 422
3 423
3 424
3 425
3 426
4 159
4 218
4 370
4 433
4 435
4 440
4 465
4 474
5 14
5 99
5 231
5 483
5 490
5 496
5 504
5 511
6 163
6 218
6 290
6 370
6 377
6 417
6 529
6 547
6 548
6 552
6 563
6 564
6 567
6 571
7 14
7 302
7 370
7 417
7 419
7 547
7 585
7 586
7 588
7 591
7 599
7 600
7 601
7 622
7 632
8 216
8 304
8 418
8 435
8 522
8 530
8 535
8 564
8 675
8 679
8 680
9 159
9 433
9 585
9 591
10 70
10 72
10 85
10 167
10 203
10 234
10 406
10 418
10 564
10 586
10 587
10 675
10 719
10 720
10 721
10 722
10 723
10 724
11 277
11 302
11 490
12 426
12 813
13 322
13 675
14 211
14 224
14 259
14 314
14 484
14 857
15 433
16 19
16 95
16 188
16 777
17 76
17 83
17 111
17 318
17 418
17 429
17 441
17 808
17 936
18 32
18 465
18 833
18 938
19 29
19 105
19 108
19 304
19 381
19 384
19 389
19 417
19 535
19 547
19 644
19 692
19 707
19 742
19 758
19 908
19 915
19 942
21 71
21 86
21 120
21 265
21 323
21 418
21 633
21 772
21 815
21 867
21 885
24 868
25 283
25 424
25 522
26 62
26 72
26 155
26 177
26 330
26 909
26 929
27 419
27 433
29 722
32 313
32 418
32 559
32 931
32 932
32 967
34 779
36 771
38 99
39 801
41 208
41 217
41 429
41 824
41 874
43 260
43 263
43 292
43 560
43 597
44 75
44 311
44 480
44 585
44 700
44 744
44 935
45 46
45 89
45 151
45 251
45 517
45 678
50 522
50 889
51 425
52 802
53 99
57 915
58 61
58 304
58 589
58 606
58 884
58 923
60 174
61 722
63 66
66 263
66 295
66 824
68 266
68 351
68 595
68 777
70 95
70 98
70 99
70 100
70 103
70 105
70 116
70 128
70 136
70 141
71 235
71 277
71 314
71 424
71 433
71 636
71 637
72 167
72 653
72 657
73 234
73 304
73 548
73 586
74 213
74 384
74 440
74 511
74 770
75 116
76 695
77 377
77 753
78 98
78 831
79 483
79 833
80 165
80 552
80 761
82 98
82 833
83 496
83 535
83 622
83 778
83 824
83 846
84 105
84 216
84 421
85 588
86 167
86 530
86 680
86 831
88 174
89 483
89 724
90 548
93 269
93 864
94 103
95 102
95 109
95 553
95 695
95 705
95 761
95 812
95 824
95 838
95 848
95 863
95 987
96 435
96 859
97 548
98 110
98 413
98 418
98 668
98 808
98 824
98 830
98 897
98 989
98 990
99 169
99 227
99 260
99 314
99 316
99 352
99 537
99 594
99 674
99 991
100 124
100 427
100 438
100 447
100 468
100 525
100 585
100 618
100 758
101 322
103 170
103 418
103 509
103 526
103 668
103 740
103 927
104 425
105 125
105 428
105 452
105 536
105 674
105 849
108 234
108 868
109 956
111 859
116 151
116 166
116 281
116 506
116 986
117 216
118 136
118 938
119 770
120 188
121 761
123 426
125 679
125 822
127 622
128 139
128 156
128 343
128 418
128 693
128 863
128 897
134 421
135 218
135 801
136 152
136 752
136 824
138 723
141 144
141 151
141 427
141 479
141 744
141 832
142 390
146 425
146 802
148 239
149 151
149 159
149 162
149 163
149 165
149 167
149 174
149 188
150 159
150 162
150 269
150 285
150 304
150 370
150 417
150 419
150 423
150 522
150 529
150 530
150 535
151 260
151 263
151 356
151 418
151 427
151 479
151 537
151 600
151 776
151 800
151 801
151 802
151 803
151 804
152 529
152 720
152 824
153 707
156 421
156 586
156 753
157 269
157 887
158 680
159 192
159 370
160 720
162 261
162 304
162 756
163 309
163 403
163 418
163 420
163 721
163 844
163 979
164 433
164 585
165 265
165 428
165 824
165 899
165 934
166 511
167 206
167 473
167 671
167 880
167 932
167 949
168 314
168 887
170 840
171 908
174 437
174 726
174 841
174 930
174 961
179 888
181 474
186 213
187 522
188 266
188 777
193 511
200 779
201 637
203 213
203 214
203 216
203 218
203 231
203 234
203 235
203 239
204 213
204 304
204 576
205 214
205 636
205 782
206 564
207 591
207 632
207 864
208 483
208 761
208 868
209 417
209 585
209 675
211 653
212 563
213 264
213 418
213 652
213 654
213 743
213 924
214 287
214 300
214 479
214 777
214 796
214 809
214 810
214 891
215 440
215 944
216 221
216 302
216 667
218 278
218 417
218 489
218 587
218 614
218 917
219 384
219 496
219 942
220 304
220 779
221 824
222 496
223 269
223 423
224 823
225 761
228 322
229 823
229 833
231 303
231 397
231 824
233 782
234 406
234 638
235 314
235 352
235 481
235 509
235 964
237 887
239 274
239 455
239 542
239 719
243 435
244 474
246 290
246 636
248 946
253 591
256 956
259 268
259 269
259 277
259 283
259 285
259 290
260 552
260 673
261 724
262 290
262 302
262 599
262 632
262 695
263 302
263 657
263 761
263 763
265 384
265 440
265 490
265 782
265 824
265 846
266 283
266 314
266 370
266 425
266 600
266 777
266 801
266 821
268 302
268 309
268 382
268 468
268 478
268 517
268 764
268 803
268 882
269 333
269 418
269 664
269 748
269 978
271 636
272 504
273 302
273 585
274 653
277 403
277 417
277 501
277 517
279 846
280 868
282 285
283 304
283 343
283 347
283 524
283 968
283 994
285 585
285 598
286 435
287 653
288 490
290 418
290 431
290 650
301 490
301 753
302 321
302 555
302 585
302 715
302 790
302 813
302 821
302 822
302 823
303 763
303 840
304 364
304 511
304 591
304 657
304 742
304 841
305 547
305 779
306 423
306 673
307 591
308 695
309 720
309 859
309 864
310 908
311 576
312 418
312 675
312 679
312 888
313 370
314 316
314 435
314 474
314 480
314 522
314 523
314 542
314 552
314 576
314 758
314 761
314 771
314 944
314 945
314 946
316 720
317 535
320 840
321 632
322 374
322 480
322 777
323 888
325 490
325 588
328 390
333 868
334 591
334 761
337 800
338 763
338 804
340 956
342 433
342 942
346 390
348 465
349 778
353 888
355 831
356 438
356 520
356 728
358 440
360 680
362 868
364 801
368 421
369 771
370 418
370 563
370 588
370 636
370 763
370 777
370 778
370 779
370 780
371 425
373 377
373 483
373 588
373 653
373 777
373 778
373 782
374 802
375 563
375 813
375 942
377 402
377 438
377 954
377 973
377 975
378 944
378 946
379 435
379 636
381 782
382 763
382 779
383 435
384 523
384 873
386 833
389 813
390 411
390 428
390 477
390 824
395 435
397 822
401 599
405 761
417 465
417 548
417 575
417 587
417 653
417 753
417 859
418 433
418 504
418 585
418 622
418 632
418 679
418 833
418 844
418 864
418 882
418 886
418 887
418 888
418 889
419 429
419 933
421 501
421 635
421 676
421 983
422 585
423 482
423 928
424 510
424 566
424 618
424 706
424 713
424 806
424 870
425 491
425 515
425 827
425 906
426 521
426 546
426 660
427 600
427 695
428 564
428 601
428 802
428 824
429 504
429 522
430 435
430 723
431 868
431 915
433 487
433 837
435 523
435 584
435 629
435 715
435 877
435 953
436 821
437 548
439 956
440 537
440 777
441 483
443 490
443 496
446 529
446 548
447 833
447 990
450 707
451 567
453 771
455 680
456 522
456 778
457 802
457 813
458 771
460 761
461 915
463 601
465 734
465 773
469 782
474 476
474 589
477 588
477 599
477 673
477 679
477 707
478 771
479 637
479 801
480 778
480 822
481 800
481 908
483 761
483 834
483 870
483 922
483 935
487 522
490 493
490 568
490 585
492 530
496 629
496 633
496 777
496 999
497 800
500 591
504 725
507 679
510 588
514 529
515 707
517 547
517 637
517 777
518 680
519 821
520 576
522 527
522 892
522 920
522 961
522 967
522 977
524 571
524 679
524 753
526 585
526 938
529 539
529 580
529 824
530 777
531 722
534 657
535 943
536 780
538 680
543 722
546 586
547 604
547 644
547 652
547 819
548 841
548 848
548 933
552 727
553 761
554 576
555 801
556 601
561 956
563 681
563 964
564 952
566 801
567 777
567 816
567 871
568 990
570 720
570 763
571 572
571 624
571 777
575 889
580 824
581 600
583 707
585 680
585 790
585 886
585 934
586 678
587 804
588 640
590 822
591 667
591 963
599 747
599 824
599 930
599 936
600 751
600 774
600 937
600 954
601 655
601 777
604 824
613 637
620 675
622 694
622 945
623 771
625 653
636 764
636 768
637 736
637 740
637 777
637 988
638 824
638 944
646 770
646 846
652 723
653 811
653 958
654 770
656 889
657 876
657 999
659 778
667 942
671 673
673 777
675 781
675 934
675 970
678 990
679 991
680 920
692 802
693 944
694 821
695 923
695 978
703 908
704 840
707 881
707 991
709 990
710 823
715 821
716 804
720 830
722 725
722 825
723 807
723 902
724 736
724 971
727 800
727 823
728 846
737 859
747 946
748 761
761 831
761 868
761 902
761 917
770 824
776 804
777 782
777 846
777 871
777 938
777 956
778 855
778 877
780 793
780 819
780 828
780 910
781 821
782 989
787 801
788 864
800 844
802 880
803 956
805 833
824 840
824 844
824 910
826 946
831 962
846 847
863 887
882 889
895 938
911 944
915 976
944 957
