0 15
0 20
0 34
0 39
0 42
0 54
0 69
1 15
1 39
1 105
1 185
1 261
1 312
1 317
1 320
1 325
1 327
1 332
1 333
1 336
2 20
2 74
2 162
2 261
2 317
2 384
3 174
3 426
4 157
4 428
4 434
4 436
4 440
4 441
4 453
4 455
4 457
4 473
5 34
5 106
5 144
5 261
5 320
5 488
5 493
5 494
5 495
5 500
5 504
5 511
6 205
6 237
6 261
6 428
6 488
6 552
6 562
6 564
6 566
6 568
7 74
7 110
7 171
7 205
7 237
7 273
7 327
7 434
7 436
7 500
7 588
7 589
7 592
7 594
7 601
7 605
7 616
7 623
7 626
7 630
8 157
8 455
8 488
8 564
8 594
8 677
8 678
8 679
8 687
9 74
9 589
9 714
10 564
10 722
10 724
11 282
11 797
12 42
12 76
12 205
12 275
12 426
12 428
12 493
12 727
12 747
12 805
12 814
13 180
13 488
15 150
15 166
15 220
15 222
15 261
15 427
15 430
15 433
15 518
15 562
15 876
15 877
16 325
16 714
16 769
17 76
17 441
18 180
18 312
18 784
19 105
19 384
20 210
20 261
20 267
20 482
20 587
20 674
20 696
20 736
20 947
24 786
25 428
25 626
25 783
27 731
27 752
28 922
29 722
30 494
30 697
31 54
33 966
34 203
34 325
34 374
34 502
34 602
34 779
34 817
34 843
34 898
34 978
37 106
39 76
39 168
39 364
39 479
39 569
39 801
42 70
42 325
42 556
42 708
42 940
42 991
44 935
45 678
46 69
46 205
49 327
51 455
53 572
54 428
54 477
54 837
56 325
56 785
57 732
57 805
58 589
58 884
60 174
61 722
62 805
63 562
67 453
69 205
69 323
69 933
70 74
70 76
70 81
70 93
70 105
70 106
70 110
70 113
70 114
70 118
70 126
70 142
70 143
70 144
71 74
71 332
71 616
71 636
71 651
72 93
72 126
72 317
72 428
72 659
74 80
74 84
74 93
74 110
74 170
74 205
74 213
74 310
74 312
74 327
74 332
74 384
74 440
74 511
74 521
74 623
74 635
74 676
74 681
74 704
74 768
74 769
74 770
75 157
75 521
75 727
75 769
75 774
76 83
76 187
76 203
76 207
76 261
76 300
76 427
76 479
76 494
76 495
76 584
76 651
76 676
76 695
76 788
76 789
77 332
77 526
77 562
78 677
79 747
80 165
80 183
80 434
80 552
80 572
80 592
81 149
81 164
81 207
81 261
81 517
81 828
82 336
82 697
82 729
83 436
83 704
83 730
84 105
85 588
85 918
87 106
87 917
88 174
88 884
89 428
89 436
89 441
89 724
93 150
93 269
93 274
93 656
93 788
93 837
93 864
93 903
95 695
96 727
98 110
99 594
101 434
101 765
103 526
104 732
104 935
105 125
105 428
105 452
105 536
105 674
105 849
106 215
106 428
106 459
106 845
106 997
107 441
107 589
107 605
107 623
109 142
109 568
110 203
110 224
110 345
110 498
110 503
110 713
110 826
110 911
110 925
113 119
113 261
113 514
113 574
113 733
113 775
113 979
114 205
114 387
114 481
114 891
114 903
117 200
117 725
118 136
118 189
118 260
118 481
118 578
118 706
118 726
118 849
118 893
118 938
118 959
119 770
120 237
120 786
122 935
123 426
125 679
126 428
126 439
126 523
129 726
129 922
134 883
136 752
139 527
141 144
142 242
142 390
142 428
143 436
143 478
143 561
143 736
144 261
144 949
149 157
149 162
149 165
149 171
149 174
149 180
149 183
149 185
149 187
149 191
149 200
150 162
150 226
150 317
150 336
150 495
150 519
150 521
150 526
150 527
151 800
152 226
152 312
152 726
154 261
154 726
154 883
154 921
155 922
156 900
156 948
157 238
157 269
157 328
157 487
157 521
157 615
157 736
157 748
157 887
157 899
161 191
161 527
161 774
162 261
162 304
162 756
164 526
165 265
165 428
165 824
165 899
165 934
166 511
167 473
168 325
168 651
170 787
171 178
171 225
171 254
171 261
171 375
171 477
171 858
171 908
171 959
172 434
173 562
173 659
174 437
174 726
174 841
174 930
174 961
175 957
176 774
179 888
180 245
180 261
180 448
180 464
180 624
180 645
180 826
180 920
183 404
183 428
183 520
183 668
183 688
183 850
185 195
185 199
185 205
185 306
185 478
185 819
185 955
186 213
186 455
186 527
187 369
187 479
187 480
187 522
187 755
191 533
191 725
191 968
193 511
193 519
194 317
197 774
200 402
200 521
200 779
203 205
203 213
203 214
203 226
203 237
204 213
204 572
204 580
205 214
205 237
205 261
205 270
205 428
205 434
205 454
205 479
205 512
205 517
205 519
205 520
205 531
205 545
205 566
205 572
205 605
205 616
205 636
205 645
205 677
205 781
205 782
205 783
205 784
205 785
205 786
205 787
206 564
207 436
207 519
207 781
207 805
210 805
211 605
211 935
213 264
213 418
213 652
213 654
213 743
213 924
214 287
214 300
214 479
214 777
214 796
214 809
214 810
214 891
215 440
215 787
217 957
218 917
219 384
219 626
224 823
225 784
226 398
226 602
226 725
226 968
227 594
229 823
230 783
233 782
237 292
237 887
239 455
240 747
244 921
245 320
246 312
246 636
252 473
252 765
253 957
259 261
259 273
259 275
259 282
259 294
259 297
259 299
260 527
260 552
261 275
261 294
261 317
261 320
261 325
261 441
261 453
261 455
261 471
261 482
261 518
261 568
261 580
261 592
261 598
261 678
261 697
261 714
261 724
261 725
261 726
261 727
261 728
261 729
261 730
261 731
261 732
262 473
262 651
262 695
262 747
263 275
263 714
263 762
263 765
264 752
265 384
265 440
265 725
265 782
266 521
266 592
266 774
266 900
267 805
269 333
270 589
270 729
271 589
271 636
272 504
273 279
273 295
273 302
273 321
273 469
273 585
273 613
273 725
273 829
274 312
274 762
275 300
279 494
279 725
279 884
282 285
282 519
282 613
282 614
282 737
282 764
282 794
282 838
282 857
282 891
282 993
287 519
287 704
291 769
293 594
293 935
294 328
294 348
294 793
296 814
297 325
297 477
297 485
297 717
297 865
299 310
299 325
299 371
299 556
300 320
300 687
300 725
301 752
302 823
303 729
304 511
305 572
305 704
305 879
306 783
308 695
308 730
310 726
310 797
312 375
312 418
312 480
312 493
312 528
312 675
312 679
312 888
312 917
313 677
314 552
317 319
317 329
317 471
317 524
317 535
317 612
317 630
317 959
319 436
319 966
320 358
320 368
320 735
320 840
320 855
321 921
323 457
323 888
325 445
325 490
325 556
325 588
325 687
325 966
326 732
327 437
327 464
327 486
327 516
327 534
327 648
328 726
328 797
331 455
331 732
332 479
332 596
332 642
332 792
333 480
333 725
333 868
333 897
335 526
336 584
336 603
336 726
337 428
337 800
338 488
338 521
339 731
346 651
353 879
353 888
358 440
362 568
364 787
367 922
370 588
370 636
373 588
373 782
374 428
374 453
375 752
379 636
380 727
380 917
381 782
384 523
384 873
386 589
386 594
388 457
389 805
390 428
401 752
401 765
402 948
406 786
408 879
410 521
410 697
418 504
418 679
418 888
422 785
424 566
426 521
426 546
426 660
427 594
427 695
427 697
428 457
428 488
428 520
428 564
428 589
428 594
428 601
428 706
428 747
428 802
428 824
428 883
428 884
429 504
429 900
430 434
430 494
430 697
434 454
434 598
434 620
434 625
434 892
434 926
436 477
436 521
436 648
436 774
436 805
436 821
436 899
436 941
436 957
437 814
439 592
439 781
440 537
440 777
441 483
441 681
441 895
441 929
442 762
443 781
445 950
445 966
448 918
453 549
453 652
453 771
453 905
455 680
455 905
455 924
455 958
456 659
457 802
457 813
457 860
458 729
460 918
461 704
462 730
463 601
464 918
469 782
473 521
473 738
474 589
477 588
477 679
477 704
478 626
479 562
480 519
481 687
481 800
483 922
483 935
484 566
484 725
488 646
490 493
490 568
493 498
493 735
495 509
495 523
495 573
495 939
497 800
500 572
500 591
500 721
502 589
504 725
507 679
508 921
510 588
512 727
517 704
518 726
519 573
519 664
519 710
519 734
519 821
519 879
519 918
519 921
519 935
521 626
521 734
521 752
521 765
521 799
521 814
521 900
521 903
522 527
524 630
524 679
524 730
525 630
526 585
526 726
526 794
526 860
526 862
526 938
527 647
527 726
528 589
529 580
531 722
531 725
532 572
532 678
536 731
543 687
543 722
544 678
545 729
549 678
550 774
552 727
554 784
554 948
556 601
564 952
566 801
568 990
570 884
571 572
572 584
572 587
572 654
572 737
572 845
572 945
574 678
574 966
575 580
575 630
580 824
584 785
584 922
584 950
586 678
587 966
588 640
589 962
598 727
599 747
600 774
601 655
601 777
602 769
604 752
605 635
605 663
605 698
605 811
605 941
611 697
612 917
616 743
616 967
620 762
623 634
623 749
623 771
636 764
636 768
640 730
646 770
654 770
656 814
658 731
659 689
659 725
659 778
663 697
664 783
665 762
675 781
677 733
678 842
678 904
678 990
679 991
687 818
687 891
687 945
695 923
695 978
697 834
697 910
699 704
704 840
704 881
704 943
706 784
710 823
712 714
714 894
714 969
716 774
717 727
722 725
722 825
724 736
724 971
725 762
725 875
725 922
726 797
726 845
726 950
726 958
727 800
727 823
727 948
727 976
728 730
730 789
730 963
733 747
736 797
747 809
747 817
747 946
752 923
754 966
761 917
766 781
770 824
777 782
781 821
781 875
782 989
783 945
785 967
786 799
787 801
788 948
790 879
800 844
805 833
805 901
805 902
811 900
841 922
845 950
848 879
869 950
871 883
879 898
883 933
907 935
911 957
917 991
922 986
935 993
944 957
948 976
