0 14
0 23
0 25
0 27
0 31
0 50
0 57
0 68
1 14
1 23
1 105
1 153
1 204
1 208
1 259
1 341
1 349
2 74
2 121
2 216
2 259
2 262
2 341
2 373
2 376
2 383
2 396
2 399
3 27
3 259
3 279
3 421
4 75
4 112
4 198
4 204
4 207
4 208
4 376
4 431
4 436
4 438
4 445
4 449
4 454
4 471
4 473
5 14
5 31
5 175
5 259
5 280
5 291
5 482
5 486
5 491
5 497
5 498
6 25
6 92
6 152
6 204
6 259
6 376
6 383
7 14
7 23
7 25
7 74
7 75
7 84
7 112
7 152
7 207
7 254
7 259
7 262
7 266
7 349
7 383
7 431
7 436
7 582
7 588
7 591
7 592
7 597
7 615
7 627
7 634
8 152
8 153
8 216
8 262
8 272
8 298
8 683
8 692
8 693
9 74
9 270
9 591
9 710
9 713
9 716
10 719
10 720
11 259
11 272
11 277
11 282
11 710
12 154
12 262
12 275
12 399
12 582
12 747
13 286
13 683
14 211
14 224
14 259
14 314
14 484
14 857
15 222
16 188
16 291
16 491
16 895
18 431
19 105
19 692
20 482
21 86
22 719
23 207
23 232
23 546
23 818
23 909
25 35
25 104
25 259
25 283
25 323
25 368
25 424
25 428
25 443
25 522
25 578
25 626
25 685
25 750
25 783
25 856
25 940
25 967
27 53
27 262
27 355
27 402
27 419
27 433
27 477
27 485
27 524
27 556
27 731
27 752
27 839
27 862
27 891
28 75
30 582
31 54
31 203
31 262
31 316
31 649
31 793
31 863
33 719
36 825
39 801
40 274
41 208
41 824
43 292
43 597
44 75
47 153
48 92
48 259
48 280
49 57
50 89
50 203
50 373
50 522
50 889
52 665
55 279
55 751
57 152
57 587
57 732
57 805
57 915
57 941
59 212
61 153
66 824
68 266
68 351
68 595
68 777
70 74
70 75
70 81
70 84
70 86
70 92
70 97
70 102
70 105
70 112
70 121
70 130
70 139
71 74
71 102
71 204
71 259
71 277
71 582
71 651
72 86
72 130
72 169
72 215
72 272
72 284
72 373
72 654
72 658
73 92
74 80
74 84
74 93
74 110
74 170
74 205
74 213
74 310
74 312
74 327
74 332
74 384
74 440
74 511
74 521
74 623
74 635
74 676
74 681
74 704
74 768
74 769
74 770
75 84
75 87
75 116
75 149
75 150
75 157
75 209
75 361
75 448
75 462
75 466
75 481
75 521
75 573
75 662
75 684
75 705
75 727
75 769
75 774
75 775
75 776
76 207
76 651
76 695
77 298
77 791
78 284
79 272
79 292
79 486
79 747
80 215
80 592
81 149
81 164
81 207
81 261
81 517
81 828
82 208
83 436
83 683
83 824
84 97
84 105
84 139
84 216
84 259
84 271
84 289
84 372
84 396
84 399
84 421
84 471
84 482
84 597
84 615
84 635
84 654
84 655
84 666
84 713
84 716
84 766
84 791
84 815
84 872
84 891
84 895
84 911
84 913
85 588
85 665
86 88
86 167
86 209
86 262
86 340
86 385
86 477
86 530
86 663
86 680
86 738
86 792
86 795
86 811
86 826
86 831
86 872
86 934
86 949
87 198
88 276
88 582
89 130
89 254
89 436
90 719
90 825
92 155
92 373
92 386
92 460
92 510
92 611
92 667
92 962
92 971
93 269
93 274
93 864
94 376
95 102
95 695
95 824
96 925
97 164
97 316
97 548
97 686
97 885
97 974
98 824
99 169
100 438
101 438
102 266
102 308
104 259
104 491
105 125
105 428
105 452
105 536
105 674
105 849
106 215
107 349
108 497
110 498
110 713
110 925
112 207
112 243
112 311
117 216
117 266
119 204
120 188
120 212
121 140
121 259
121 430
121 761
125 259
125 627
127 204
128 139
128 693
130 207
130 811
133 204
134 421
134 438
135 801
136 152
136 824
139 265
139 527
139 996
143 436
146 204
148 431
149 152
149 153
149 154
149 169
149 175
149 178
149 188
149 198
150 153
150 226
150 269
150 396
150 431
150 541
151 801
152 155
152 160
152 178
152 198
152 226
152 259
152 295
152 312
152 375
152 438
152 445
152 484
152 497
152 529
152 541
152 634
152 720
152 726
152 728
152 766
152 815
152 824
152 825
152 826
152 827
153 259
153 337
153 707
153 911
153 919
154 241
154 255
154 259
154 261
154 303
154 316
154 443
154 470
154 550
154 554
154 606
154 664
154 726
154 734
154 883
154 902
154 921
155 486
155 825
156 215
156 421
156 491
156 900
157 269
157 615
160 178
160 720
165 824
166 169
167 473
168 651
169 259
169 289
169 986
169 996
171 178
171 254
173 791
175 259
175 303
175 520
175 606
175 610
175 947
175 957
178 196
178 264
182 719
184 716
186 924
188 266
188 777
194 287
198 638
203 204
203 207
203 208
203 212
203 215
203 216
203 222
203 226
203 254
204 213
204 230
204 259
204 281
204 304
204 387
204 545
204 546
204 572
204 573
204 574
204 575
204 576
204 577
204 578
204 579
204 580
204 581
205 270
205 454
205 781
205 782
206 399
207 210
207 212
207 215
207 254
207 259
207 296
207 309
207 373
207 389
207 436
207 454
207 519
207 525
207 591
207 632
207 692
207 733
207 781
207 805
207 863
207 864
207 865
208 259
208 264
208 305
208 483
208 505
208 610
208 642
208 738
208 761
208 766
208 788
208 855
208 868
208 869
208 870
208 871
208 872
208 873
208 874
209 262
209 274
209 276
209 498
210 259
210 791
212 305
212 429
212 430
212 563
213 654
213 924
214 287
215 345
215 378
215 440
215 476
215 767
215 775
215 787
215 836
215 839
215 882
215 944
216 221
216 302
216 667
221 824
222 242
222 324
222 373
222 407
222 496
222 832
223 269
224 272
224 582
226 398
226 602
226 725
226 968
228 280
229 279
230 634
231 824
233 782
236 274
236 615
237 292
239 274
239 719
240 747
244 895
246 486
248 266
252 473
253 591
259 260
259 261
259 262
259 263
259 264
259 265
259 266
259 267
259 268
259 269
259 270
259 271
259 272
259 273
259 274
259 275
259 276
259 277
259 278
259 279
259 280
259 281
259 282
259 283
259 284
259 285
259 286
259 287
259 288
259 289
259 290
259 291
259 292
259 293
259 294
259 295
259 296
259 297
259 298
259 299
260 284
260 431
260 597
260 658
260 665
261 275
261 294
261 471
261 482
261 592
262 263
262 265
262 290
262 302
262 341
262 372
262 376
262 431
262 437
262 473
262 477
262 486
262 498
262 582
262 599
262 632
262 651
262 664
262 683
262 695
262 710
262 719
262 747
262 748
262 749
262 750
262 751
263 275
263 438
264 482
265 266
265 491
265 782
265 824
265 827
266 283
266 314
266 343
266 370
266 425
266 480
266 521
266 592
266 600
266 627
266 631
266 658
266 754
266 774
266 777
266 801
266 821
266 861
266 900
266 906
266 907
267 274
267 399
268 302
268 309
268 382
268 468
268 478
268 517
268 764
268 803
268 882
269 333
269 418
269 664
269 748
269 978
270 288
270 305
270 415
270 517
270 589
270 607
270 729
270 838
270 872
270 952
272 387
272 504
272 561
272 579
272 590
272 681
272 799
272 835
272 984
273 279
274 312
274 444
274 653
274 661
274 739
274 762
274 776
274 981
274 985
275 300
276 489
276 523
276 696
276 970
277 403
277 417
277 501
277 517
278 292
278 713
279 288
279 321
279 420
279 494
279 648
279 725
279 728
279 792
279 846
279 884
279 931
279 971
279 994
280 310
280 480
280 509
280 868
280 932
282 285
282 519
282 613
282 614
282 737
282 764
282 794
282 838
282 857
282 891
282 993
284 642
284 728
284 757
284 881
284 968
286 372
286 435
286 549
287 519
287 653
287 704
287 960
287 992
290 431
291 315
291 682
291 769
293 337
293 394
293 414
293 594
293 935
294 328
294 348
294 793
297 325
297 477
297 485
297 717
297 865
298 375
298 398
298 414
298 999
299 310
299 325
299 371
299 556
300 654
304 591
305 597
306 497
307 591
308 597
308 695
309 720
309 864
310 376
316 716
316 720
317 471
319 436
319 541
325 445
325 588
327 486
328 449
330 449
334 591
341 386
341 477
346 373
346 651
349 373
349 778
353 449
356 438
364 801
368 421
370 588
371 373
373 377
373 383
373 415
373 429
373 449
373 476
373 483
373 489
373 491
373 546
373 588
373 653
373 665
373 684
373 693
373 734
373 737
373 777
373 778
373 782
373 857
373 924
373 925
376 853
376 867
376 876
376 965
377 438
380 438
380 445
381 782
383 435
383 448
383 461
383 608
389 710
390 824
392 665
394 445
396 481
396 551
396 768
396 798
400 449
408 445
412 654
418 864
421 501
421 635
421 676
421 983
422 825
422 827
422 895
423 482
424 713
425 491
425 827
427 615
427 695
428 747
428 824
429 900
431 857
431 868
431 915
434 454
436 477
436 521
436 648
436 774
436 805
436 821
436 899
436 941
436 957
437 582
438 466
438 871
439 592
439 781
441 895
443 781
445 538
445 631
445 829
445 906
445 950
445 966
446 658
449 590
449 650
449 656
449 997
451 491
454 583
455 924
456 719
463 692
469 782
471 640
473 521
473 738
475 825
477 582
477 588
478 634
479 801
479 825
482 775
486 534
486 666
486 733
491 628
491 682
491 892
493 498
497 800
499 654
500 591
501 710
506 925
510 588
519 710
520 825
521 900
525 791
529 824
532 751
541 557
541 583
541 818
543 825
554 825
555 713
555 801
566 801
570 720
572 654
578 665
579 582
579 710
580 824
582 718
582 749
582 855
582 856
588 640
591 667
591 963
597 760
597 913
597 927
599 747
599 824
600 751
604 824
623 634
627 886
627 940
628 713
638 824
646 654
654 770
654 979
654 997
655 751
658 731
658 844
662 719
665 733
665 762
665 820
665 835
665 844
675 781
676 924
683 755
683 806
683 820
692 802
693 931
693 932
693 944
695 923
695 978
710 756
710 806
710 823
710 965
713 851
716 774
716 804
720 830
722 825
733 747
747 809
747 817
747 946
766 781
770 824
777 782
781 821
781 875
782 989
787 801
788 864
811 900
824 840
824 844
824 910
827 943
836 925
839 907
891 907
893 907
895 911
895 938
907 935
911 925
