0 4
0 13
0 29
0 39
0 54
0 59
0 62
1 4
1 39
1 204
1 208
1 301
1 304
1 308
1 321
1 322
1 329
1 351
2 4
2 206
2 301
2 370
2 376
2 387
2 390
3 419
3 420
4 9
4 13
4 16
4 29
4 59
4 62
4 75
4 77
4 87
4 91
4 112
4 145
4 147
4 149
4 150
4 157
4 159
4 172
4 177
4 198
4 203
4 204
4 206
4 207
4 208
4 218
4 233
4 238
4 244
4 247
4 263
4 264
4 296
4 321
4 329
4 348
4 351
4 370
4 376
4 394
4 400
4 420
4 427
4 428
4 429
4 430
4 431
4 432
4 433
4 434
4 435
4 436
4 437
4 438
4 439
4 440
4 441
4 442
4 443
4 444
4 445
4 446
4 447
4 448
4 449
4 450
4 451
4 452
4 453
4 454
4 455
4 456
4 457
4 458
4 459
4 460
4 461
4 462
4 463
4 464
4 465
4 466
4 467
4 468
4 469
4 470
4 471
4 472
4 473
4 474
4 475
4 476
5 127
5 206
5 230
5 459
5 462
5 472
5 494
5 504
5 505
6 13
6 204
6 218
6 230
6 370
6 376
6 428
6 429
6 432
6 451
6 467
7 112
7 301
7 308
7 370
7 419
7 429
7 431
7 434
7 436
7 447
7 464
7 574
7 589
7 600
7 601
7 610
8 13
8 157
8 304
8 420
8 427
8 435
8 442
8 455
8 675
8 676
8 683
8 684
8 688
8 691
9 433
9 589
10 675
11 429
11 451
12 76
12 428
12 747
13 16
13 150
13 180
13 264
13 286
13 322
13 334
13 338
13 379
13 488
13 513
13 517
13 625
13 645
13 675
13 683
13 767
13 815
13 816
13 817
13 818
13 819
13 820
15 427
15 433
16 447
16 818
17 76
17 429
17 441
18 329
18 431
18 465
19 29
19 304
19 758
20 696
22 688
23 818
24 145
24 443
25 428
25 443
25 578
26 62
26 177
27 419
27 433
27 839
29 149
29 195
29 247
29 305
29 722
29 819
29 856
29 885
30 429
30 494
30 697
31 54
39 76
39 168
39 364
39 479
39 569
39 801
40 181
41 208
41 429
41 874
44 700
51 455
52 802
53 572
54 428
54 477
54 837
58 304
58 589
58 884
59 71
59 212
59 353
62 369
62 669
62 805
64 470
67 453
68 351
70 76
70 91
70 112
70 119
70 126
70 127
70 141
70 145
70 147
71 204
71 206
71 427
71 433
71 444
71 573
71 645
71 651
72 91
72 119
72 126
72 428
72 505
73 304
74 213
74 440
74 676
75 157
75 462
75 466
75 573
75 684
76 83
76 187
76 203
76 207
76 261
76 300
76 427
76 479
76 494
76 495
76 584
76 651
76 676
76 695
76 788
76 789
77 91
77 181
77 321
77 767
78 467
79 308
79 747
80 165
80 183
80 434
80 572
80 761
82 208
82 697
83 436
83 468
83 573
83 574
83 683
84 471
84 766
84 872
85 688
86 872
87 198
87 432
88 884
89 428
89 436
89 441
91 203
91 217
91 366
91 393
91 533
91 854
91 973
91 974
94 376
94 671
95 761
96 435
98 668
100 427
100 447
100 468
100 758
101 322
101 434
102 308
103 668
105 428
105 452
106 428
106 459
107 441
107 589
111 447
112 207
112 243
112 311
113 119
113 574
114 387
118 578
119 204
119 734
119 770
119 861
121 761
126 428
126 439
126 523
127 204
127 315
127 517
127 577
127 622
127 836
127 989
132 676
133 204
133 450
134 883
135 218
135 668
138 452
140 177
141 144
141 151
141 427
141 479
141 744
141 832
142 390
142 428
143 436
145 532
145 959
146 204
146 802
147 264
147 664
147 793
148 431
149 157
149 165
149 177
149 181
149 183
149 187
149 198
150 244
150 301
150 304
150 370
150 419
150 427
150 429
150 431
151 427
151 600
151 802
152 198
152 445
152 766
154 443
154 470
154 883
155 816
156 900
157 238
157 269
157 328
157 487
157 521
157 615
157 736
157 748
157 887
157 899
159 370
160 442
162 304
163 420
164 433
165 265
165 428
165 824
165 899
165 934
166 444
166 476
166 505
167 206
167 473
167 671
168 475
168 651
172 434
173 206
173 702
173 901
175 610
176 758
177 705
177 735
180 464
180 645
181 427
181 474
181 737
181 750
183 404
183 428
183 520
183 668
183 688
183 850
184 873
186 213
186 455
187 369
187 479
187 480
187 522
187 755
189 699
190 574
193 574
194 329
197 676
198 638
203 204
203 206
203 208
203 213
203 218
203 230
203 233
203 244
204 213
204 230
204 259
204 281
204 304
204 387
204 545
204 546
204 572
204 573
204 574
204 575
204 576
204 577
204 578
204 579
204 580
204 581
205 428
205 434
205 572
205 645
206 307
206 318
206 337
206 338
206 399
206 546
206 564
206 639
206 733
206 858
207 296
207 436
208 259
208 264
208 305
208 483
208 505
208 610
208 642
208 738
208 761
208 766
208 788
208 855
208 868
208 869
208 870
208 871
208 872
208 873
208 874
209 675
209 873
210 702
212 429
213 264
213 418
213 652
213 654
213 743
213 924
215 440
215 476
215 767
215 839
218 278
218 417
218 489
218 587
218 614
218 917
219 699
220 304
225 761
228 322
229 420
229 472
230 556
230 634
230 783
230 960
233 389
233 631
233 706
233 782
239 455
240 747
243 435
243 874
244 310
244 474
244 895
244 921
245 671
248 461
250 432
251 329
252 473
255 451
259 296
260 427
260 431
260 442
260 668
260 671
261 441
261 453
261 455
261 471
261 580
261 697
262 376
262 431
262 473
262 651
262 683
262 747
263 451
263 761
263 766
263 767
265 440
265 850
266 370
266 600
266 900
268 468
270 589
270 872
271 589
271 816
271 850
272 387
272 504
272 579
273 321
273 469
274 444
276 696
278 442
278 574
279 321
279 420
279 494
279 884
281 696
283 304
286 435
290 431
296 300
296 477
296 703
296 814
300 427
301 359
301 402
301 427
301 490
301 545
301 606
301 752
301 753
301 754
301 755
301 756
301 757
301 758
302 321
303 308
303 839
304 364
304 511
304 591
304 657
304 742
304 841
305 432
305 572
307 467
308 309
308 427
308 565
308 597
308 695
308 730
310 376
311 444
311 576
312 675
313 370
314 435
314 576
314 758
314 761
315 432
315 470
316 450
317 329
317 471
318 475
318 574
319 436
321 324
321 481
321 513
321 632
321 829
321 921
321 951
322 374
322 480
322 777
323 676
324 668
325 445
327 464
328 390
328 449
329 489
329 593
329 611
329 799
329 862
329 911
330 449
331 455
334 688
334 761
335 700
337 428
340 874
342 433
343 351
346 390
346 651
347 696
348 465
351 422
351 728
351 817
353 449
358 440
360 702
362 684
370 418
370 563
370 588
370 636
370 763
370 777
370 778
370 779
370 780
373 429
373 449
373 476
373 684
374 428
374 453
374 802
374 866
374 870
375 427
375 446
375 866
376 853
376 867
376 876
376 965
379 435
379 452
380 445
383 435
383 461
384 873
386 589
386 767
387 430
387 855
388 691
389 579
390 411
390 428
390 477
390 824
394 443
394 445
395 435
400 449
404 429
404 872
405 761
408 445
409 874
410 645
410 697
417 465
418 433
418 504
419 429
419 933
421 676
422 701
424 870
427 594
427 600
427 615
427 671
427 691
427 695
427 696
427 697
427 698
427 699
427 700
427 701
427 702
427 703
428 457
428 488
428 520
428 564
428 589
428 594
428 601
428 706
428 747
428 802
428 824
428 883
428 884
429 502
429 504
429 522
429 642
429 684
429 698
429 705
429 839
429 866
429 899
429 900
429 901
430 434
430 435
430 494
430 697
431 857
431 868
431 915
432 437
432 460
432 480
432 517
432 557
432 643
432 666
432 745
432 916
433 487
433 837
434 454
434 598
434 620
434 625
434 892
434 926
435 523
435 584
435 629
435 715
435 877
435 953
436 477
436 521
436 648
436 774
436 805
436 821
436 899
436 941
436 957
438 466
439 446
439 702
440 537
440 777
441 483
441 681
441 895
441 929
442 620
442 762
442 886
442 919
443 490
443 496
443 685
443 781
443 993
444 806
444 975
445 538
445 631
445 829
445 906
445 950
445 966
446 480
446 529
446 548
446 658
446 941
447 458
447 534
447 555
447 809
447 833
447 842
447 893
447 984
447 990
448 461
448 464
449 590
449 650
449 656
449 997
450 477
450 583
450 650
450 707
450 733
450 853
451 491
451 567
451 768
451 851
451 861
452 550
452 682
453 549
453 652
453 771
453 905
455 680
455 905
455 924
455 958
456 522
456 659
456 669
456 719
456 734
456 778
456 926
456 936
457 802
459 733
459 789
459 933
460 505
460 761
461 593
461 704
461 915
461 928
461 976
462 712
462 730
463 601
463 691
464 918
465 734
465 773
466 869
466 916
467 534
468 575
469 782
469 815
469 933
470 481
470 806
471 640
472 602
472 711
473 521
473 738
474 476
474 589
475 825
475 838
483 761
483 870
495 573
500 572
502 589
504 725
506 701
508 668
517 866
519 573
520 576
521 900
523 573
524 691
528 589
529 580
531 700
532 572
532 574
539 574
541 818
546 574
549 816
551 873
551 874
553 761
554 576
556 601
567 816
570 884
571 572
572 584
572 587
572 654
572 737
572 845
572 945
573 772
574 678
574 842
574 966
574 981
574 982
575 580
578 665
578 837
579 582
579 710
580 824
581 600
584 676
589 962
590 610
595 676
599 747
600 751
600 774
600 937
600 954
601 655
601 777
610 715
611 697
613 676
620 675
645 844
663 697
668 796
671 673
671 890
671 902
675 781
675 934
675 970
676 861
676 924
676 983
683 755
683 806
683 820
684 721
687 818
688 960
688 995
692 802
696 736
696 916
696 933
696 969
697 834
697 910
699 704
699 857
699 947
700 871
701 735
701 943
705 901
706 866
733 747
747 809
747 817
747 946
748 761
761 831
761 868
761 902
761 917
766 781
802 880
805 901
810 850
811 900
816 959
839 867
839 907
839 933
850 934
862 872
869 870
871 883
873 971
883 933
901 976
