0 8
0 9
0 10
0 31
0 34
0 46
0 56
1 9
1 153
1 203
1 204
1 208
1 217
1 221
1 228
1 235
1 308
1 335
1 339
1 342
1 353
1 354
1 358
1 369
2 10
2 203
2 206
2 257
2 281
2 387
2 394
3 223
3 239
4 9
4 159
4 203
4 204
4 206
4 208
4 218
4 233
4 238
4 244
4 247
4 394
4 436
4 442
5 8
5 31
5 34
5 115
5 127
5 206
5 231
5 258
5 488
5 492
5 512
5 513
6 46
6 203
6 204
6 218
6 237
6 488
6 545
7 9
7 79
7 110
7 176
7 210
7 225
7 237
7 308
7 436
7 589
7 609
7 621
8 13
8 18
8 22
8 71
8 72
8 73
8 79
8 111
8 152
8 153
8 157
8 203
8 216
8 262
8 263
8 272
8 298
8 303
8 304
8 324
8 335
8 339
8 354
8 392
8 394
8 395
8 418
8 420
8 427
8 435
8 442
8 455
8 477
8 488
8 492
8 512
8 522
8 530
8 535
8 543
8 564
8 569
8 584
8 594
8 609
8 675
8 676
8 677
8 678
8 679
8 680
8 681
8 682
8 683
8 684
8 685
8 686
8 687
8 688
8 689
8 690
8 691
8 692
8 693
8 694
9 11
9 74
9 122
9 159
9 166
9 203
9 270
9 430
9 433
9 585
9 589
9 591
9 710
9 711
9 712
9 713
9 714
9 715
9 716
9 717
9 718
10 70
10 72
10 85
10 167
10 203
10 234
10 406
10 418
10 564
10 586
10 587
10 675
10 719
10 720
10 721
10 722
10 723
10 724
11 203
12 76
12 158
12 335
12 747
12 807
13 488
13 513
13 683
15 166
15 220
15 222
16 257
16 609
17 76
17 111
18 225
19 535
19 692
20 210
22 203
22 339
22 688
23 232
24 868
24 970
25 522
25 578
29 247
31 54
31 203
31 262
31 316
31 649
31 793
31 863
33 220
34 203
34 325
34 374
34 502
34 602
34 779
34 817
34 843
34 898
34 978
39 76
41 208
41 217
45 46
45 89
45 251
45 678
46 69
46 203
46 205
46 976
47 153
47 545
48 56
49 166
49 621
50 89
50 203
50 522
53 621
56 73
56 203
56 325
56 647
56 785
58 589
59 212
59 353
61 153
62 369
65 131
70 76
70 79
70 89
70 101
70 110
70 111
70 115
70 119
70 127
70 130
70 131
70 133
70 146
71 204
71 206
71 235
71 573
71 642
72 119
72 130
72 166
72 215
73 759
74 110
74 681
75 209
75 573
75 684
76 83
76 187
76 203
76 207
76 261
76 300
76 427
76 479
76 494
76 495
76 584
76 651
76 676
76 695
76 788
76 789
77 298
78 677
79 115
79 149
79 150
79 176
79 184
79 272
79 292
79 308
79 353
79 378
79 404
79 483
79 486
79 544
79 590
79 621
79 703
79 747
79 833
79 834
79 835
79 836
80 215
80 256
82 208
82 229
83 219
83 436
83 535
83 573
83 683
83 694
83 703
83 711
84 716
84 766
84 913
85 223
85 688
86 209
87 115
89 130
89 131
89 203
89 254
89 342
89 358
89 369
89 395
89 428
89 436
89 441
89 477
89 483
89 507
89 513
89 569
89 724
89 737
89 759
89 807
89 913
89 953
89 967
89 968
89 969
89 970
89 971
89 972
91 203
91 217
92 971
96 232
97 686
98 110
99 227
101 203
101 322
101 434
101 438
101 682
101 765
101 952
102 308
106 215
107 589
108 868
109 111
110 203
110 224
110 345
110 498
110 503
110 713
110 826
110 911
110 925
111 447
111 859
111 982
112 243
113 119
114 387
115 481
116 166
116 281
118 578
119 204
119 734
119 770
119 861
120 212
120 237
122 203
125 679
127 204
127 315
127 517
127 577
127 622
127 836
127 989
128 693
129 166
130 207
130 811
131 160
131 391
131 550
133 204
133 309
133 404
133 450
134 871
135 218
143 436
146 204
146 300
146 425
146 802
148 239
149 153
149 158
149 159
149 166
149 176
150 153
150 158
150 159
150 166
150 203
150 217
150 226
150 244
150 281
150 492
150 522
150 535
152 226
152 766
153 259
153 337
153 707
153 911
153 919
154 241
154 255
155 245
156 158
156 215
157 238
158 203
158 410
158 680
158 854
159 192
159 370
160 442
164 258
164 689
166 169
166 326
166 344
166 407
166 444
166 476
166 505
166 511
166 604
166 869
166 878
166 931
166 959
166 981
166 986
167 206
171 225
173 206
176 550
176 638
176 758
176 774
176 794
176 886
176 916
179 281
180 245
181 737
183 688
184 716
187 369
187 522
203 204
203 205
203 206
203 207
203 208
203 209
203 210
203 211
203 212
203 213
203 214
203 215
203 216
203 217
203 218
203 219
203 220
203 221
203 222
203 223
203 224
203 225
203 226
203 227
203 228
203 229
203 230
203 231
203 232
203 233
203 234
203 235
203 236
203 237
203 238
203 239
203 240
203 241
203 242
203 243
203 244
203 245
203 246
203 247
203 248
203 249
203 250
203 251
203 252
203 253
203 254
203 255
203 256
203 257
203 258
204 213
204 230
204 259
204 281
204 304
204 387
204 545
204 546
204 572
204 573
204 574
204 575
204 576
204 577
204 578
204 579
204 580
204 581
205 214
205 237
205 512
205 545
205 677
206 307
206 318
206 337
206 338
206 399
206 546
206 564
206 639
206 733
206 858
207 210
207 212
207 215
207 436
207 692
208 259
208 264
208 305
208 483
208 505
208 610
208 642
208 738
208 761
208 766
208 788
208 855
208 868
208 869
208 870
208 871
208 872
208 873
208 874
209 242
209 262
209 263
209 274
209 276
209 414
209 417
209 498
209 533
209 536
209 585
209 607
209 675
209 873
209 926
209 927
209 928
210 259
210 330
210 392
210 430
210 458
210 503
210 593
210 702
210 736
210 791
210 805
210 828
210 919
210 926
210 929
210 930
211 241
211 711
212 305
212 429
212 430
212 563
214 287
214 300
214 479
214 777
214 796
214 809
214 810
214 891
215 345
215 378
215 440
215 476
215 767
215 775
215 787
215 836
215 839
215 882
215 944
216 221
217 319
217 957
217 981
218 278
218 417
218 489
218 587
218 614
218 917
219 379
219 384
219 496
219 516
219 626
219 699
219 806
219 942
219 982
220 240
220 304
220 779
220 857
221 518
221 824
221 910
222 242
222 324
222 373
222 407
222 496
222 832
223 269
223 423
223 590
225 603
225 761
225 784
225 793
226 398
226 602
226 725
226 968
227 546
227 594
227 598
228 280
228 322
228 382
228 953
229 279
229 420
229 472
229 661
229 823
229 833
231 303
231 397
231 824
232 260
232 878
232 951
233 389
233 631
233 706
233 782
235 314
235 352
235 481
235 509
235 964
236 257
237 292
237 887
238 260
238 524
238 898
239 274
239 455
239 542
239 719
240 747
241 375
241 379
242 972
243 340
243 435
243 740
243 874
244 310
244 474
244 895
244 921
245 320
245 671
245 690
245 718
246 290
246 312
246 486
246 636
247 263
247 319
248 266
248 348
248 461
248 509
248 905
248 946
249 374
249 520
249 920
249 929
250 278
250 432
250 460
250 923
251 329
251 382
251 788
252 264
252 473
252 531
252 631
252 738
252 765
253 393
253 591
253 834
253 957
255 439
255 451
255 460
256 604
256 890
256 956
257 685
258 934
258 943
259 281
259 298
260 442
261 580
261 678
262 683
262 747
263 766
264 545
265 513
265 759
267 545
270 589
271 589
271 712
272 387
272 579
272 681
276 970
278 442
279 971
280 868
281 367
281 503
281 575
281 696
281 798
281 852
281 949
281 992
281 996
282 737
284 642
293 394
296 703
297 717
298 375
298 398
298 414
298 999
300 339
300 687
300 737
301 545
302 715
303 308
303 339
308 309
308 427
308 565
308 597
308 695
308 730
310 335
311 576
311 711
312 679
313 677
314 522
314 576
315 358
316 716
317 535
318 717
319 436
320 358
321 513
325 687
332 642
333 868
334 688
334 972
335 526
335 700
338 488
339 731
339 744
342 433
342 487
342 584
342 942
342 985
346 354
348 913
353 449
353 590
353 879
353 888
353 909
354 391
354 550
355 609
358 440
361 545
362 684
362 868
366 686
369 771
371 492
372 712
373 684
373 693
373 737
374 870
378 970
386 589
387 430
387 855
388 689
388 691
389 579
389 686
394 414
394 443
394 445
394 559
394 662
394 708
394 835
409 972
416 689
418 679
422 581
424 870
427 691
427 703
428 488
428 589
428 747
429 522
429 642
429 684
431 868
435 715
436 477
436 521
436 648
436 774
436 805
436 821
436 899
436 941
436 957
437 759
438 871
441 681
442 620
442 762
442 886
442 919
456 522
462 712
463 691
463 692
472 711
474 589
477 679
481 687
481 807
483 870
487 522
488 646
492 530
492 584
492 647
492 843
495 573
502 589
506 871
507 679
512 727
512 877
519 573
520 576
520 715
522 527
522 892
522 920
522 961
522 967
522 977
523 573
524 679
524 691
524 694
528 589
529 580
532 678
535 943
543 687
544 678
545 729
545 854
549 678
549 686
550 871
554 576
557 711
563 681
565 609
567 871
572 737
573 772
574 678
575 580
575 712
578 665
578 837
579 582
579 710
580 824
581 600
581 733
581 929
584 703
584 759
586 678
589 962
597 913
599 747
609 735
609 933
610 715
621 744
621 988
621 996
622 694
635 711
638 681
642 661
659 689
675 970
677 733
678 842
678 904
678 990
679 991
681 882
681 955
683 755
683 806
683 820
684 721
686 863
687 818
687 891
687 945
688 960
688 995
689 899
692 802
693 931
693 932
693 944
694 821
696 969
700 871
703 908
712 714
712 856
712 980
714 969
715 821
716 774
716 804
717 718
717 727
717 885
717 978
723 807
724 971
733 747
735 807
737 859
747 809
747 817
747 946
761 868
766 781
777 871
796 971
807 877
869 870
871 883
873 971
894 969
913 934
916 969
972 976
