1 315
4 432
4 460
5 71
5 315
5 480
6 71
6 432
6 557
7 266
7 480
8 71
21 71
22 480
33 480
37 480
38 480
44 480
59 71
68 266
70 71
71 73
71 74
71 82
71 94
71 102
71 173
71 182
71 190
71 204
71 480
77 480
83 315
85 918
87 432
92 460
102 266
117 266
127 315
134 480
154 255
187 480
188 266
203 255
211 480
248 266
250 432
250 460
255 439
255 451
255 460
259 266
265 266
266 283
266 314
266 343
266 370
266 425
266 480
266 521
266 592
266 600
266 627
266 631
266 658
266 754
266 774
266 777
266 801
266 821
266 861
266 900
266 906
266 907
280 480
291 315
305 315
305 432
305 480
311 557
312 480
314 480
315 319
315 358
315 432
315 470
315 735
315 744
315 815
322 480
333 480
357 480
365 480
374 480
430 480
432 437
432 460
432 480
432 517
432 557
432 643
432 666
432 745
432 916
437 460
439 480
446 480
448 918
460 505
460 624
460 761
460 918
464 918
480 481
480 485
480 518
480 519
480 603
480 643
480 738
480 757
480 778
480 822
480 843
480 899
480 902
480 903
480 904
480 905
519 918
541 557
557 590
557 711
557 860
557 937
557 999
