1 259
2 259
3 259
4 207
5 259
6 259
6 290
7 207
7 259
11 259
14 259
23 207
25 259
25 283
37 278
48 259
71 259
76 207
81 207
84 259
104 259
112 207
121 259
125 259
130 207
152 259
153 259
154 259
169 259
175 259
203 207
204 259
207 210
207 212
207 215
207 254
207 259
207 296
207 309
207 373
207 389
207 436
207 454
207 519
207 525
207 591
207 632
207 692
207 733
207 781
207 805
207 863
207 864
207 865
208 259
210 259
218 278
246 290
250 278
259 260
259 261
259 262
259 263
259 264
259 265
259 266
259 267
259 268
259 269
259 270
259 271
259 272
259 273
259 274
259 275
259 276
259 277
259 278
259 279
259 280
259 281
259 282
259 283
259 284
259 285
259 286
259 287
259 288
259 289
259 290
259 291
259 292
259 293
259 294
259 295
259 296
259 297
259 298
259 299
260 278
262 290
266 283
278 292
278 442
278 506
278 574
278 652
278 713
283 304
283 343
283 347
283 524
283 968
283 994
290 418
290 431
290 650
297 325
297 477
297 485
297 717
297 865
299 310
299 325
299 371
299 556
