1 149
1 153
4 149
4 177
5 175
6 152
7 149
7 152
8 152
8 153
26 177
29 149
47 153
49 149
52 149
57 152
60 919
61 153
75 149
79 149
81 149
108 919
117 200
136 152
140 177
148 149
149 150
149 151
149 152
149 153
149 154
149 155
149 156
149 157
149 158
149 159
149 160
149 161
149 162
149 163
149 164
149 165
149 166
149 167
149 168
149 169
149 170
149 171
149 172
149 173
149 174
149 175
149 176
149 177
149 178
149 179
149 180
149 181
149 182
149 183
149 184
149 185
149 186
149 187
149 188
149 189
149 190
149 191
149 192
149 193
149 194
149 195
149 196
149 197
149 198
149 199
149 200
149 201
149 202
150 153
152 155
152 160
152 178
152 198
152 226
152 259
152 295
152 312
152 375
152 438
152 445
152 484
152 497
152 529
152 541
152 634
152 720
152 726
152 728
152 766
152 815
152 824
152 825
152 826
152 827
153 259
153 337
153 707
153 911
153 919
175 259
175 303
175 520
175 606
175 610
175 947
175 957
177 705
177 735
200 402
200 521
200 779
210 919
442 919
728 919
