1 300
1 311
1 334
2 300
4 427
4 468
5 300
5 311
5 478
6 478
7 300
7 478
8 427
13 334
15 427
19 742
24 311
36 311
38 742
44 311
44 744
71 427
73 300
73 311
76 300
76 427
83 468
85 300
100 427
100 468
112 311
117 300
141 427
141 744
143 478
146 300
150 311
150 427
151 427
151 803
155 300
181 427
182 300
185 478
214 300
259 268
260 427
268 302
268 309
268 382
268 468
268 478
268 517
268 764
268 803
268 882
275 300
296 300
300 305
300 306
300 311
300 320
300 326
300 330
300 334
300 339
300 371
300 409
300 427
300 478
300 499
300 520
300 654
300 687
300 725
300 733
300 734
300 735
300 736
300 737
300 738
300 739
300 740
300 741
300 742
300 743
300 744
300 745
300 746
301 427
304 742
306 478
308 427
311 444
311 557
311 576
311 708
311 711
311 796
311 848
311 858
315 744
334 591
334 688
334 761
334 972
339 744
346 744
372 478
375 427
427 594
427 600
427 615
427 671
427 691
468 575
477 478
478 626
478 634
478 739
478 741
478 754
478 771
478 772
478 773
604 742
621 744
728 803
803 956
803 962
