0 1
0 2
0 3
0 4
0 5
0 6
0 7
0 8
0 9
0 10
0 11
0 12
0 13
0 14
0 15
0 16
0 17
0 18
0 19
0 20
0 21
0 22
0 23
0 24
0 25
0 26
0 27
0 28
0 29
0 30
0 31
0 32
0 33
0 34
0 35
0 36
0 37
0 38
0 39
0 40
0 41
0 42
0 43
0 44
0 45
0 46
0 47
0 48
0 49
0 50
0 51
0 52
0 53
0 54
0 55
0 56
0 57
0 58
0 59
0 60
0 61
0 62
0 63
0 64
0 65
0 66
0 67
0 68
0 69
1 7
1 15
7 9
7 14
7 23
7 25
7 28
7 30
7 33
7 49
7 70
7 72
7 73
7 74
7 75
7 77
7 79
7 80
7 82
7 84
7 90
7 107
7 110
7 112
7 120
7 149
7 152
7 160
7 161
7 168
7 171
7 176
7 184
7 192
7 193
7 196
7 205
7 207
7 210
7 225
7 237
7 254
7 259
7 260
7 262
15 150
15 166
15 220
15 222
15 261
15 427
15 430
15 433
15 518
15 562
15 876
15 877
46 69
48 56
48 92
48 259
48 280
48 324
48 540
48 912
48 916
69 205
69 323
69 933
388 912
430 912
584 912
912 916
