0 4
0 11
0 16
0 20
0 29
0 36
0 43
0 45
0 53
0 59
0 62
0 65
0 66
1 4
1 11
1 80
1 82
1 204
1 208
1 267
1 321
1 324
1 329
1 336
1 337
1 344
1 350
1 351
1 352
1 356
1 361
1 365
1 366
2 4
2 16
2 20
2 95
2 121
2 206
2 257
2 370
2 376
2 380
2 394
2 412
3 43
3 174
3 419
3 420
4 9
4 13
4 16
4 29
4 59
4 62
4 75
4 77
4 87
4 91
4 112
4 145
4 147
4 149
4 150
4 157
4 159
4 172
4 177
4 198
4 203
4 204
4 206
4 207
4 208
4 218
4 233
4 238
4 244
4 247
4 263
4 264
4 296
4 321
4 329
4 348
4 351
4 370
4 376
4 394
4 400
4 420
4 427
4 428
4 429
4 430
4 431
4 432
4 433
4 434
4 435
4 436
4 437
4 438
4 439
4 440
4 441
4 442
4 443
4 444
4 445
4 446
4 447
4 448
4 449
4 450
4 451
4 452
4 453
4 454
4 455
4 456
4 457
4 458
4 459
4 460
4 461
4 462
4 463
4 464
4 465
4 466
4 467
4 468
4 469
4 470
4 471
4 472
4 473
4 474
4 475
4 476
5 16
5 36
5 80
5 206
5 291
5 459
5 462
5 472
5 490
5 494
5 498
5 500
5 502
5 504
5 505
5 513
6 197
6 204
6 218
6 337
6 370
6 376
6 429
6 467
6 552
6 556
6 558
6 563
6 564
7 80
7 82
7 90
7 112
7 193
7 196
7 267
7 370
7 419
7 429
7 431
7 436
7 463
7 464
7 500
7 574
7 577
7 588
7 592
7 598
7 600
7 607
7 609
7 610
7 611
7 615
7 617
7 630
7 632
8 157
8 263
8 324
8 394
8 420
8 442
8 455
8 564
8 609
8 675
8 679
8 684
8 694
9 11
9 430
9 433
10 564
10 675
10 723
11 203
11 259
11 265
11 272
11 277
11 282
11 302
11 365
11 429
11 451
11 490
11 524
11 705
11 710
11 796
11 797
11 798
11 799
12 90
12 275
12 344
12 365
12 639
12 812
13 16
13 513
13 645
13 675
13 767
13 818
15 430
15 433
15 518
16 19
16 95
16 188
16 257
16 291
16 316
16 325
16 352
16 392
16 412
16 447
16 448
16 481
16 491
16 553
16 556
16 558
16 609
16 714
16 769
16 777
16 818
16 828
16 844
16 847
16 854
16 891
16 892
16 893
16 894
16 895
16 896
16 897
16 898
17 429
17 441
18 329
18 431
18 465
18 833
18 848
18 893
18 914
19 29
20 210
20 261
20 267
20 482
20 587
20 674
20 696
20 736
20 947
22 660
23 818
23 909
24 82
24 145
24 896
25 283
25 578
25 940
26 62
26 177
26 909
27 53
27 419
27 433
27 524
27 556
27 839
27 891
28 909
29 149
29 195
29 247
29 305
29 722
29 819
29 856
29 885
30 429
30 494
32 931
33 80
33 966
34 502
34 779
34 898
35 344
36 263
36 311
36 771
36 825
38 898
39 801
41 208
41 429
41 874
42 556
42 940
43 260
43 263
43 292
43 560
43 597
44 744
45 46
45 89
45 151
45 251
45 517
45 678
48 324
48 540
48 912
51 455
53 99
53 572
53 587
53 621
53 624
55 437
55 844
59 71
59 212
59 353
60 174
61 790
62 369
62 669
62 805
63 66
64 470
64 539
65 131
65 150
65 380
65 869
66 263
66 295
66 824
67 453
68 351
70 80
70 82
70 90
70 91
70 95
70 102
70 112
70 114
70 116
70 119
70 121
70 141
70 143
70 145
70 146
70 147
71 82
71 102
71 204
71 206
71 267
71 277
71 380
71 433
71 437
71 444
71 573
71 639
71 643
71 645
71 648
72 91
72 119
72 505
72 657
72 660
73 539
73 759
74 80
74 213
75 116
75 157
75 209
75 361
75 462
75 466
75 573
75 684
76 494
76 695
76 788
77 91
77 321
77 739
77 753
77 767
77 790
78 467
78 828
79 833
80 83
80 90
80 164
80 165
80 183
80 215
80 256
80 309
80 380
80 403
80 434
80 551
80 552
80 572
80 592
80 652
80 761
80 857
80 860
80 861
80 862
81 828
82 98
82 208
82 229
82 336
82 525
82 697
82 729
82 735
82 833
83 436
83 468
83 573
83 574
83 694
84 471
84 615
84 872
84 891
85 588
86 209
86 872
87 198
88 90
88 174
88 276
89 436
89 441
89 513
89 737
89 759
90 379
90 548
90 555
90 719
90 825
90 939
91 203
91 217
91 366
91 393
91 533
91 854
91 973
91 974
92 611
93 269
93 788
94 376
94 951
95 102
95 109
95 553
95 695
95 705
95 761
95 812
95 824
95 838
95 848
95 863
95 987
96 365
96 430
96 556
97 974
98 897
99 352
99 537
100 468
101 765
102 266
102 308
105 452
105 536
106 459
106 845
107 441
107 974
109 812
109 981
110 498
111 982
112 207
112 243
112 311
113 119
113 574
114 205
114 387
114 481
114 891
114 903
116 151
116 166
116 281
116 506
116 986
118 578
118 893
119 204
119 734
119 770
119 861
120 188
121 140
121 259
121 430
121 761
124 639
124 847
125 679
125 973
127 204
127 577
128 897
129 536
133 204
133 450
134 871
135 218
135 598
135 801
137 361
137 845
138 452
138 723
140 177
141 144
141 151
141 427
141 479
141 744
141 832
143 436
143 478
143 561
143 736
145 532
145 959
146 204
146 300
146 425
146 802
147 264
147 664
147 793
148 431
149 151
149 157
149 165
149 174
149 177
149 183
149 188
149 193
149 194
149 196
149 197
149 198
150 244
150 269
150 336
150 350
150 370
150 419
150 429
150 430
150 431
150 502
150 518
150 524
150 536
150 537
150 538
150 539
150 540
151 260
151 263
151 356
151 418
151 427
151 479
151 537
151 600
151 776
151 800
151 801
151 802
151 803
151 804
152 198
153 337
154 470
155 324
155 796
156 753
156 828
156 900
157 238
157 269
157 328
157 487
157 521
157 615
157 736
157 748
157 887
157 899
159 370
160 442
160 518
163 420
163 844
164 433
165 265
165 428
165 824
165 899
165 934
166 344
166 444
166 476
166 505
166 931
166 981
167 206
167 473
168 475
168 887
172 537
173 206
173 901
174 437
174 726
174 841
174 930
174 961
175 610
175 957
177 705
177 735
178 196
179 798
180 464
180 645
181 737
183 404
183 428
183 520
183 668
183 688
183 850
186 213
186 455
186 914
188 266
188 777
190 574
190 894
192 577
193 391
193 511
193 519
193 574
193 749
194 260
194 287
194 317
194 329
194 992
196 430
196 439
197 524
197 662
197 676
197 774
198 638
200 779
201 639
203 204
203 206
203 208
203 209
203 213
203 218
203 233
203 244
203 257
204 213
204 230
204 259
204 281
204 304
204 387
204 545
204 546
204 572
204 573
204 574
204 575
204 576
204 577
204 578
204 579
204 580
204 581
205 454
205 572
205 645
206 307
206 318
206 337
206 338
206 399
206 546
206 564
206 639
206 733
206 858
207 296
207 436
207 454
207 632
208 259
208 264
208 305
208 483
208 505
208 610
208 642
208 738
208 761
208 766
208 788
208 855
208 868
208 869
208 870
208 871
208 872
208 873
208 874
209 242
209 262
209 263
209 274
209 276
209 414
209 417
209 498
209 533
209 536
209 585
209 607
209 675
209 873
209 926
209 927
209 928
210 430
210 828
211 324
211 892
211 940
212 429
212 430
212 563
213 264
213 418
213 652
213 654
213 743
213 924
214 796
214 891
215 476
215 767
215 839
217 957
217 981
218 278
218 417
218 489
218 587
218 614
218 917
219 982
220 779
221 518
221 910
222 324
223 269
227 598
229 420
229 472
229 833
230 556
232 951
233 389
233 631
233 706
233 782
235 352
236 257
236 615
237 887
238 524
238 898
239 455
242 430
243 874
244 310
244 474
244 895
244 921
247 263
248 461
251 329
251 788
252 473
252 765
253 957
256 890
257 685
259 263
259 267
259 269
259 275
259 276
259 277
259 283
259 291
259 296
260 263
260 431
260 442
260 540
260 552
261 275
261 441
261 453
261 455
261 471
261 518
261 580
261 592
261 598
261 729
262 263
262 376
262 431
262 437
262 473
262 498
262 632
262 695
263 264
263 275
263 302
263 305
263 344
263 438
263 451
263 518
263 590
263 617
263 657
263 714
263 761
263 762
263 763
263 764
263 765
263 766
263 767
264 842
265 490
265 513
265 759
265 844
265 845
265 847
265 848
266 283
266 370
266 592
266 600
266 801
266 900
267 274
267 399
267 524
267 534
267 545
267 640
267 735
267 746
267 790
267 805
267 931
268 468
268 764
268 803
269 333
269 418
269 664
269 748
269 978
270 607
270 729
270 872
272 504
272 579
273 321
273 469
274 444
274 739
274 981
275 300
276 489
276 523
276 696
276 970
277 403
277 417
277 501
277 517
278 442
278 574
279 321
279 420
279 494
279 648
279 931
281 798
282 737
282 764
282 891
283 304
283 343
283 347
283 524
283 968
283 994
285 598
288 490
290 431
291 315
291 682
291 769
293 337
293 394
295 940
296 300
296 477
296 703
296 814
299 556
300 737
300 739
300 744
301 490
301 753
302 321
302 790
303 380
303 729
303 839
304 657
305 572
305 607
305 779
305 855
307 467
307 844
308 695
309 890
310 376
310 797
311 444
311 576
311 796
311 848
312 675
312 679
313 370
313 788
313 790
314 552
314 576
315 470
315 744
316 450
316 617
316 951
317 329
317 471
317 524
317 630
318 475
318 574
318 890
319 436
319 966
320 855
321 324
321 481
321 513
321 632
321 829
321 921
321 951
323 457
324 359
324 668
324 979
325 490
325 556
325 588
325 966
327 437
327 464
327 648
328 430
328 449
328 797
328 842
329 489
329 593
329 611
329 799
329 862
329 911
330 449
331 455
333 897
336 584
336 603
336 726
337 428
337 670
337 800
337 877
338 558
338 804
339 744
340 874
342 433
343 351
343 577
343 790
346 744
348 465
350 437
350 508
350 575
350 596
351 422
351 728
351 817
352 741
353 449
353 909
355 598
355 609
356 438
356 520
356 728
361 430
361 545
362 684
364 801
365 480
366 670
366 686
366 808
370 418
370 563
370 588
370 636
370 763
370 777
370 778
370 779
370 780
371 643
373 429
373 449
373 476
373 588
373 684
373 737
374 380
374 453
374 607
374 866
374 870
375 446
375 563
375 866
376 853
376 867
376 876
376 965
377 973
379 452
379 796
380 404
380 438
380 445
380 487
380 540
380 598
380 682
380 727
380 917
382 779
382 796
382 914
383 461
386 767
386 833
387 430
387 855
388 457
388 912
389 579
389 894
392 896
393 891
394 414
394 443
394 445
394 559
394 662
394 708
394 835
396 798
400 449
401 765
404 429
404 872
405 764
407 897
409 874
410 645
412 499
412 654
412 754
417 465
417 753
418 433
418 504
418 632
418 679
418 833
418 844
418 887
419 429
419 933
424 870
426 660
427 600
427 615
427 695
428 457
428 564
429 502
429 504
429 522
429 642
429 684
429 698
429 705
429 839
429 866
429 899
429 900
429 901
430 434
430 435
430 458
430 480
430 489
430 494
430 549
430 640
430 697
430 698
430 723
430 876
430 909
430 910
430 911
430 912
431 857
431 868
431 915
432 437
432 643
433 487
433 837
434 454
434 598
434 892
436 477
436 521
436 648
436 774
436 805
436 821
436 899
436 941
436 957
437 460
437 499
437 548
437 582
437 596
437 660
437 759
437 814
437 976
438 466
438 871
439 446
439 592
440 537
441 483
441 681
441 895
441 929
442 620
442 762
442 886
442 919
443 490
444 806
444 975
445 538
445 966
446 480
446 529
446 548
446 658
446 941
447 833
447 842
447 893
448 461
448 464
448 914
449 590
449 650
449 656
449 997
450 477
450 583
450 650
450 707
450 733
450 853
452 550
452 682
453 549
453 652
453 771
453 905
454 583
455 680
455 905
455 924
455 958
456 522
456 659
456 669
456 719
456 734
456 778
456 926
456 936
457 802
457 813
457 860
458 729
459 733
459 789
459 933
460 505
461 593
461 704
461 915
461 928
461 976
462 712
462 730
463 601
463 691
463 692
463 736
463 773
463 936
463 978
464 918
465 734
465 773
466 869
466 916
467 534
468 575
469 782
469 815
469 933
470 481
470 806
471 640
472 602
472 711
473 521
473 738
474 476
475 825
475 838
477 588
477 679
478 739
479 558
479 801
480 518
480 643
481 855
481 891
481 893
483 870
490 493
490 568
490 585
491 892
493 498
495 573
500 572
500 591
500 721
502 589
504 725
506 518
506 871
507 679
510 588
517 844
517 866
518 538
518 680
518 726
518 914
519 573
520 576
521 765
521 900
522 892
523 573
523 951
524 571
524 630
524 679
524 691
524 694
524 730
524 739
524 746
524 753
524 927
524 988
525 630
528 796
529 539
529 580
531 896
531 973
531 974
532 572
532 574
533 891
534 657
536 731
536 775
536 780
536 863
538 670
538 680
538 728
539 574
539 584
539 756
539 994
540 690
540 834
541 818
545 729
546 574
548 848
550 871
551 855
551 874
552 727
553 894
554 576
554 639
554 910
555 801
556 601
556 655
556 932
558 560
558 595
558 858
560 982
563 681
563 964
564 952
565 609
566 801
567 871
571 572
572 584
572 587
572 654
572 737
572 845
572 945
573 772
574 678
574 842
574 966
574 981
574 982
575 580
575 630
575 855
575 909
577 682
578 665
578 837
579 582
579 710
580 824
581 600
582 855
583 648
584 759
584 912
585 790
587 804
587 966
588 640
590 610
590 982
593 812
596 617
596 974
598 727
600 751
600 774
600 937
600 954
609 735
609 933
610 715
611 697
611 920
612 660
617 877
620 675
621 744
621 988
622 694
627 940
636 764
637 988
639 666
643 844
645 844
652 723
657 876
657 999
658 844
665 844
668 796
670 988
671 890
672 893
675 781
675 934
675 970
678 842
679 991
684 721
687 818
687 891
693 931
694 821
695 923
695 978
697 910
700 871
705 901
706 866
714 894
716 804
723 807
723 902
726 797
726 845
728 803
735 845
735 847
736 797
737 859
739 793
740 796
750 788
754 966
756 828
764 977
776 804
777 871
778 855
780 828
780 910
787 801
788 864
788 948
790 879
790 987
796 971
798 835
800 844
803 956
803 962
805 833
805 901
809 988
810 845
811 900
812 976
815 894
824 844
824 910
829 890
838 847
839 867
839 907
839 933
844 876
844 890
844 962
845 950
846 847
847 987
848 879
848 945
856 940
862 872
863 887
869 870
869 891
871 883
879 898
891 907
891 940
893 907
893 937
893 980
894 969
894 998
896 920
901 976
909 980
911 957
912 916
920 973
944 957
961 974
