0 4
0 16
0 29
0 32
0 45
0 53
0 54
0 59
0 62
0 65
0 66
1 4
1 77
1 150
1 153
1 185
1 204
1 208
1 217
1 301
1 306
1 313
1 329
1 336
1 340
1 346
1 350
1 351
1 352
1 359
2 4
2 16
2 32
2 162
2 206
2 257
2 301
2 346
2 376
2 382
2 387
2 391
2 392
2 395
2 396
2 397
2 399
2 400
2 411
2 412
2 415
3 419
3 420
3 421
4 9
4 13
4 16
4 29
4 59
4 62
4 75
4 77
4 87
4 91
4 112
4 145
4 147
4 149
4 150
4 157
4 159
4 172
4 177
4 198
4 203
4 204
4 206
4 207
4 208
4 218
4 233
4 238
4 244
4 247
4 263
4 264
4 296
4 321
4 329
4 348
4 351
4 370
4 376
4 394
4 400
4 420
4 427
4 428
4 429
4 430
4 431
4 432
4 433
4 434
4 435
4 436
4 437
4 438
4 439
4 440
4 441
4 442
4 443
4 444
4 445
4 446
4 447
4 448
4 449
4 450
4 451
4 452
4 453
4 454
4 455
4 456
4 457
4 458
4 459
4 460
4 461
4 462
4 463
4 464
4 465
4 466
4 467
4 468
4 469
4 470
4 471
4 472
4 473
4 474
4 475
4 476
5 16
5 115
5 150
5 206
5 291
5 459
5 462
5 472
5 488
5 495
5 500
5 502
5 506
6 77
6 150
6 204
6 218
6 306
6 376
6 428
6 451
6 467
6 488
6 547
6 553
6 556
6 558
6 562
6 571
7 77
7 112
7 301
7 397
7 419
7 436
7 463
7 464
7 500
7 547
7 577
7 586
7 594
7 607
7 609
7 610
7 628
7 629
7 633
8 153
8 298
8 392
8 395
8 420
8 435
8 442
8 455
8 488
8 530
8 535
8 543
8 594
8 609
8 677
9 270
9 433
9 714
10 586
11 277
11 451
12 150
12 156
12 399
12 428
12 639
12 747
13 16
13 150
13 286
13 488
13 517
13 767
15 150
15 433
15 518
15 562
15 877
16 19
16 95
16 188
16 257
16 291
16 316
16 325
16 352
16 392
16 412
16 447
16 448
16 481
16 491
16 553
16 556
16 558
16 609
16 714
16 769
16 777
16 818
16 828
16 844
16 847
16 854
16 891
16 892
16 893
16 894
16 895
16 896
16 897
16 898
17 441
18 32
18 329
18 465
18 893
19 29
19 535
19 547
19 758
21 633
24 145
24 443
24 544
24 868
25 104
25 428
25 443
25 578
26 62
26 177
27 53
27 419
27 433
27 556
29 149
29 195
29 247
29 305
29 722
29 819
29 856
29 885
30 542
31 54
32 313
32 418
32 559
32 931
32 932
32 967
33 966
34 502
34 779
37 395
40 87
40 181
41 208
41 217
41 824
42 556
44 700
45 46
45 89
45 151
45 251
45 517
45 678
47 77
47 153
48 540
51 87
51 455
52 802
53 99
53 572
53 587
53 621
53 624
54 428
54 477
54 837
58 884
59 71
59 212
59 353
61 153
62 369
62 669
62 805
63 66
63 562
64 156
64 470
64 539
65 131
65 150
65 380
65 869
66 263
66 295
66 824
67 411
67 453
68 351
70 77
70 81
70 87
70 93
70 104
70 112
70 115
70 119
70 123
70 126
70 136
70 142
70 143
70 145
70 147
71 190
71 204
71 206
71 277
71 313
71 433
71 444
71 553
71 637
71 638
71 639
71 642
71 648
72 93
72 119
72 126
72 150
72 411
72 415
72 428
73 313
73 506
73 517
73 539
73 586
74 93
74 213
74 440
75 87
75 150
75 462
75 774
76 495
77 83
77 91
77 172
77 181
77 271
77 298
77 321
77 332
77 377
77 381
77 480
77 526
77 562
77 596
77 628
77 633
77 739
77 753
77 767
77 790
77 791
77 792
77 793
77 794
77 795
78 150
78 156
78 467
78 677
78 829
79 115
79 150
79 544
79 747
80 183
80 572
81 149
81 164
81 207
81 261
81 517
81 828
82 208
82 336
82 525
83 288
83 436
83 468
83 535
83 629
83 824
84 396
84 399
84 421
84 471
84 766
86 340
86 530
86 792
86 795
87 106
87 115
87 198
87 199
87 211
87 432
87 917
88 313
88 884
89 395
89 428
89 436
89 441
89 953
91 217
91 533
91 854
91 973
91 974
92 460
93 150
93 269
93 274
93 656
93 788
93 837
93 864
93 903
94 150
94 376
94 628
95 553
95 824
96 435
96 556
97 974
98 824
98 897
99 352
99 594
100 438
100 468
100 525
100 758
101 438
101 952
104 122
104 156
104 259
104 425
104 491
104 612
104 732
104 935
105 428
105 452
105 536
106 428
106 459
106 845
107 441
107 974
108 868
109 142
109 525
112 207
112 243
112 311
113 119
114 387
115 481
116 506
116 986
118 136
118 578
118 893
119 204
119 734
119 770
119 861
120 188
120 638
123 150
123 343
123 426
123 641
123 849
123 882
123 903
124 639
124 847
125 973
126 428
126 439
126 523
127 204
127 517
127 577
128 156
128 897
129 536
131 391
133 204
133 450
134 421
134 438
134 883
135 218
136 152
136 752
136 824
137 845
138 452
139 527
140 177
142 242
142 390
142 428
143 436
143 478
143 561
143 736
145 532
145 959
146 204
146 802
147 264
147 664
147 793
149 150
149 153
149 156
149 162
149 177
149 179
149 181
149 183
149 185
149 188
149 190
150 153
150 156
150 158
150 159
150 162
150 166
150 190
150 203
150 217
150 226
150 244
150 260
150 269
150 281
150 285
150 301
150 304
150 306
150 311
150 313
150 317
150 336
150 348
150 350
150 370
150 381
150 391
150 396
150 397
150 411
150 417
150 419
150 423
150 427
150 429
150 430
150 431
150 477
150 481
150 492
150 495
150 502
150 517
150 518
150 519
150 520
150 521
150 522
150 523
150 524
150 525
150 526
150 527
150 528
150 529
150 530
150 531
150 532
150 533
150 534
150 535
150 536
150 537
150 538
150 539
150 540
150 541
150 542
150 543
150 544
151 802
152 226
152 438
152 445
152 541
152 766
152 824
153 259
153 337
153 707
153 911
153 919
154 443
154 470
154 883
154 921
156 158
156 168
156 215
156 421
156 477
156 491
156 586
156 741
156 753
156 828
156 860
156 900
156 948
157 238
157 899
158 854
160 442
160 518
161 527
161 774
162 261
162 304
162 756
163 420
164 433
164 533
165 428
165 824
165 899
166 444
166 476
166 986
167 206
167 473
168 475
169 986
170 840
173 206
173 562
175 610
176 638
176 758
176 774
176 794
177 705
177 735
179 260
179 264
179 281
179 531
179 575
179 798
179 888
179 992
180 464
181 427
181 474
181 737
181 750
183 404
183 428
183 520
183 668
183 688
183 850
184 873
185 195
185 199
185 205
185 306
185 478
185 819
185 955
186 213
186 455
186 527
187 755
188 266
188 777
190 574
190 894
191 533
192 577
193 391
193 519
194 287
194 329
197 774
198 638
199 306
200 779
201 637
201 639
203 204
203 206
203 208
203 213
203 217
203 218
203 226
203 233
203 238
203 257
204 213
204 230
204 259
204 281
204 304
204 387
204 545
204 546
204 572
204 573
204 574
204 575
204 576
204 577
204 578
204 579
204 580
204 581
205 270
205 428
205 454
205 517
205 519
205 531
205 572
205 677
206 307
206 318
206 337
206 338
206 399
206 546
206 564
206 639
206 733
206 858
207 296
207 436
207 454
207 519
207 525
208 259
208 264
208 305
208 483
208 505
208 610
208 642
208 738
208 761
208 766
208 788
208 855
208 868
208 869
208 870
208 871
208 872
208 873
208 874
209 533
209 536
209 607
209 873
210 392
210 458
211 892
213 264
213 418
213 652
213 654
213 743
213 924
214 287
215 440
215 476
215 767
217 319
217 957
217 981
218 278
218 417
218 489
218 587
218 614
218 917
220 779
221 518
221 824
221 910
224 984
226 398
226 602
226 725
226 968
227 594
228 382
228 953
229 420
229 472
230 556
231 397
231 824
233 389
233 631
233 706
233 782
234 638
235 352
236 257
236 757
238 260
238 524
238 898
239 455
239 542
240 747
243 340
243 435
244 921
248 461
250 460
251 329
251 382
252 473
252 531
255 451
255 460
257 685
259 270
259 277
259 285
259 286
259 287
259 288
259 291
259 296
259 298
260 442
260 527
260 540
261 441
261 453
261 455
261 471
261 518
261 714
262 376
262 473
262 747
263 438
263 451
263 518
263 714
263 763
263 766
263 767
265 440
265 755
265 824
265 845
265 847
266 774
266 900
267 399
268 382
268 468
268 517
270 288
270 305
270 415
270 517
270 589
270 607
270 729
270 838
270 872
270 952
271 528
271 795
272 387
272 579
272 984
273 469
273 829
274 444
274 739
277 403
277 417
277 501
277 517
278 442
278 506
279 288
279 420
279 648
279 792
279 884
280 868
282 285
282 519
282 794
284 642
284 757
285 585
285 598
286 372
286 435
286 549
287 519
287 653
287 704
287 960
287 992
288 490
291 315
291 682
291 769
293 594
296 300
296 477
296 703
296 814
298 375
298 398
298 414
298 999
299 556
300 306
300 739
301 359
301 402
301 427
301 490
301 545
301 606
301 752
301 753
301 754
301 755
301 756
301 757
301 758
303 397
303 763
303 840
305 517
305 547
305 572
305 607
305 779
305 879
306 423
306 478
306 497
306 673
306 690
306 783
307 467
310 376
311 444
311 576
312 528
313 370
313 677
313 788
313 790
313 932
313 933
314 435
314 542
314 576
314 758
314 945
315 470
316 450
316 525
316 877
316 952
317 329
317 471
317 535
318 475
318 709
318 829
319 436
319 517
319 541
319 966
320 840
321 829
321 921
324 359
325 445
325 556
325 966
327 464
327 648
328 411
328 415
328 795
329 489
329 593
329 611
329 799
329 862
329 911
331 455
332 642
332 792
333 868
333 897
335 700
336 584
336 603
336 726
337 428
337 877
338 488
338 558
338 763
340 381
340 517
340 733
340 874
340 956
342 433
343 351
343 577
346 354
346 373
346 390
346 531
346 651
346 744
346 748
346 947
346 960
348 465
350 437
350 508
350 575
350 596
351 422
351 728
351 817
352 741
353 879
354 391
355 609
356 438
358 440
359 389
359 551
362 868
368 421
370 763
370 779
373 415
373 476
374 428
374 453
374 525
374 544
374 607
374 802
374 866
374 870
375 446
375 866
376 853
376 867
376 876
376 965
377 438
377 973
379 435
379 452
380 438
380 445
380 540
382 517
382 763
382 779
382 796
382 857
382 860
382 914
382 980
382 986
383 435
383 461
384 873
386 594
386 767
387 430
387 855
388 638
389 579
390 411
390 428
390 824
391 550
391 735
391 815
391 995
392 401
392 602
392 665
392 896
393 953
394 443
394 445
395 435
396 481
396 551
396 768
396 798
397 590
397 822
400 449
400 733
400 875
400 933
402 948
405 755
407 629
407 897
408 445
408 879
412 499
412 654
412 754
417 465
418 433
419 429
419 933
421 501
421 635
421 676
421 983
422 581
424 870
427 594
427 700
428 457
428 488
428 520
428 564
428 589
428 594
428 601
428 706
428 747
428 802
428 824
428 883
428 884
429 502
429 642
429 866
429 899
429 900
430 435
430 458
430 910
431 868
432 460
432 517
433 487
433 837
434 454
434 892
435 523
435 584
435 629
435 715
435 877
435 953
436 477
436 521
436 648
436 774
436 805
436 821
436 899
436 941
436 957
437 460
438 466
438 871
439 446
440 537
440 777
441 483
441 681
441 895
441 929
442 620
442 762
442 886
442 919
443 490
443 496
443 685
443 781
443 993
444 806
444 975
445 538
445 631
445 829
445 906
445 950
445 966
446 480
446 529
446 548
446 658
446 941
447 458
447 893
447 984
448 461
448 464
450 477
450 583
450 650
450 707
450 733
450 853
451 491
451 567
451 768
451 851
451 861
452 550
452 682
453 549
453 652
453 771
453 905
454 583
455 680
455 905
455 924
455 958
456 522
456 659
456 669
456 719
456 734
456 778
456 926
456 936
457 802
458 729
458 746
458 771
459 733
459 789
459 933
460 505
460 624
460 761
460 918
461 593
461 704
461 915
461 928
461 976
462 712
462 730
463 601
463 691
463 692
463 736
463 773
463 936
463 978
464 918
465 734
465 773
467 534
468 575
469 782
469 815
469 933
470 481
470 806
471 640
472 602
472 711
473 521
473 738
474 476
475 825
475 838
477 517
477 709
478 739
479 558
479 562
479 637
480 518
480 519
480 757
480 899
481 893
483 870
485 757
488 646
491 628
491 892
492 530
495 509
495 523
495 573
495 939
496 629
496 633
500 572
500 591
500 721
502 589
506 518
506 672
506 701
506 836
506 871
506 925
508 921
508 952
510 899
512 877
517 547
517 637
517 704
517 709
517 777
517 838
517 844
517 857
517 866
517 867
518 538
518 680
518 726
518 914
519 573
519 664
519 710
519 734
519 821
519 879
519 918
519 921
519 935
520 576
521 900
522 527
522 892
524 571
524 739
525 554
525 595
525 630
525 791
526 794
527 647
527 726
528 589
528 796
528 927
529 539
529 824
530 777
531 652
531 700
531 722
531 725
531 896
531 920
531 973
531 974
531 984
532 572
533 891
535 943
536 731
536 775
536 780
536 863
539 574
539 584
539 756
539 994
540 690
540 834
541 557
541 583
541 818
542 549
543 687
543 722
543 825
544 678
545 854
546 586
547 604
547 644
547 652
547 819
550 774
551 873
553 761
553 894
554 576
554 639
554 910
554 948
556 601
556 655
556 932
558 560
558 595
558 858
560 709
564 952
565 609
570 763
570 884
571 572
571 624
571 777
572 584
572 587
572 654
572 737
572 845
572 945
574 966
577 682
578 665
578 837
579 582
579 710
580 824
581 600
581 733
581 929
583 648
586 678
587 966
590 610
596 974
599 747
599 824
600 774
604 824
606 792
609 735
609 933
610 715
613 637
613 953
614 795
617 877
622 945
628 713
633 799
637 736
637 740
637 777
637 988
638 681
638 824
638 944
638 961
639 666
642 661
655 854
672 893
677 733
683 755
687 945
689 899
692 802
697 910
700 871
704 840
706 866
709 733
709 990
712 714
714 894
714 969
716 774
726 845
727 948
733 747
735 845
735 847
739 793
743 755
747 809
747 817
747 946
754 966
761 868
766 781
770 824
778 877
780 910
783 945
788 948
790 879
792 857
792 906
792 998
794 841
802 880
807 877
810 845
811 900
824 840
824 844
824 910
829 890
838 847
845 950
846 847
847 987
848 879
848 945
854 975
869 870
871 883
873 971
877 933
879 898
883 933
893 907
893 937
893 980
899 993
920 973
922 986
945 964
948 976
961 974
978 984
984 998
