0 2
0 3
0 11
0 16
0 20
0 22
0 26
0 32
0 43
0 46
0 56
1 2
1 3
1 11
1 22
1 26
1 203
1 208
1 211
1 217
1 221
1 235
1 236
1 300
1 301
1 303
1 306
1 311
1 317
1 318
1 323
1 326
1 327
1 332
1 334
1 336
1 342
1 349
1 365
2 3
2 4
2 5
2 10
2 16
2 20
2 32
2 70
2 72
2 74
2 95
2 103
2 109
2 121
2 162
2 192
2 203
2 206
2 216
2 257
2 259
2 261
2 262
2 281
2 300
2 301
2 303
2 316
2 317
2 318
2 323
2 328
2 341
2 346
2 370
2 371
2 372
2 373
2 374
2 375
2 376
2 377
2 378
2 379
2 380
2 381
2 382
2 383
2 384
2 385
2 386
2 387
2 388
2 389
2 390
2 391
2 392
2 393
2 394
2 395
2 396
2 397
2 398
2 399
2 400
2 401
2 402
2 403
2 404
2 405
2 406
2 407
2 408
2 409
2 410
2 411
2 412
2 413
2 414
2 415
2 416
3 26
3 27
3 43
3 70
3 78
3 125
3 174
3 223
3 239
3 259
3 279
3 371
3 377
3 417
3 418
3 419
3 420
3 421
3 422
3 423
3 424
3 425
3 426
4 16
4 203
4 208
4 218
4 238
4 244
4 247
4 296
4 370
4 394
4 400
4 431
4 440
4 446
4 448
4 476
5 16
5 230
5 258
5 291
5 300
5 311
5 405
5 492
5 498
5 499
5 505
5 511
6 46
6 203
6 218
6 230
6 237
6 303
6 306
6 370
6 378
6 393
6 549
6 553
6 558
7 74
7 192
7 225
7 237
7 254
7 262
7 300
7 301
7 303
7 327
7 349
7 370
7 374
7 375
7 407
7 413
7 419
7 431
7 584
7 593
7 607
7 609
7 610
7 632
8 22
8 203
8 262
8 298
8 303
8 394
8 395
8 492
8 584
8 609
8 680
8 681
8 683
8 684
8 687
8 693
9 11
9 74
9 122
9 203
9 714
10 85
10 167
10 203
10 406
11 203
11 259
11 265
11 272
11 277
11 282
11 302
11 365
11 429
11 451
11 490
11 524
11 705
11 710
11 796
11 797
11 798
11 799
12 262
12 275
12 365
12 399
12 426
12 520
12 745
12 747
12 811
13 16
13 334
13 379
13 683
14 211
14 224
15 220
16 19
16 95
16 188
16 257
16 291
16 316
16 325
16 352
16 392
16 412
16 447
16 448
16 481
16 491
16 553
16 556
16 558
16 609
16 714
16 769
16 777
16 818
16 828
16 844
16 847
16 854
16 891
16 892
16 893
16 894
16 895
16 896
16 897
16 898
17 318
18 32
18 225
18 431
18 893
19 108
19 381
19 389
19 742
20 210
20 261
20 267
20 482
20 587
20 674
20 696
20 736
20 947
21 86
21 323
22 28
22 203
22 339
22 480
22 602
22 641
22 660
22 667
22 672
22 688
22 719
22 775
22 960
23 232
24 311
24 406
24 544
24 896
25 323
25 424
25 750
26 62
26 72
26 155
26 177
26 330
26 909
26 929
27 262
27 419
27 839
28 584
28 922
29 247
30 323
31 203
31 262
32 313
32 418
32 559
32 931
32 932
32 967
33 220
34 203
34 374
36 311
37 395
38 742
41 208
41 217
43 260
43 263
43 292
43 560
43 597
44 311
44 744
45 46
46 69
46 203
46 205
46 976
48 56
48 912
49 327
50 203
50 373
53 572
55 751
55 844
56 73
56 203
56 325
56 647
56 785
59 212
60 174
63 303
63 375
64 539
65 869
67 411
67 584
69 323
70 74
70 85
70 86
70 93
70 101
70 103
70 108
70 121
70 122
70 125
70 146
71 74
71 182
71 235
71 236
71 332
71 424
71 553
71 651
72 86
72 93
72 167
72 211
72 242
72 317
72 326
72 373
72 378
72 411
72 505
72 549
72 652
72 663
73 300
73 311
73 374
73 406
73 539
73 549
73 759
74 80
74 84
74 93
74 110
74 170
74 205
74 213
74 310
74 312
74 327
74 332
74 384
74 440
74 511
74 521
74 623
74 635
74 676
74 681
74 704
74 768
74 769
74 770
75 448
75 684
75 705
76 203
76 300
76 584
76 651
76 695
77 298
77 332
77 381
77 739
77 795
78 85
78 326
78 379
78 828
78 831
79 378
79 404
79 544
79 747
80 256
80 403
80 572
80 652
81 828
82 208
82 229
82 336
82 525
82 729
83 381
83 683
83 704
84 396
84 399
84 421
84 766
85 160
85 223
85 260
85 300
85 583
85 588
85 665
85 688
85 918
86 88
86 167
86 209
86 262
86 340
86 385
86 477
86 530
86 663
86 680
86 738
86 792
86 795
86 811
86 826
86 831
86 872
86 934
86 949
87 211
88 174
89 203
89 254
89 342
89 395
89 759
90 379
91 203
91 217
91 393
91 854
92 373
92 386
93 150
93 269
93 274
93 656
93 788
93 837
93 864
93 903
94 103
95 553
95 695
95 705
96 232
96 365
96 925
98 413
99 227
100 525
101 203
101 322
101 434
101 438
101 682
101 765
101 952
103 170
103 418
103 509
103 526
103 668
103 740
103 927
104 122
105 125
107 349
107 705
108 234
108 388
108 497
108 584
108 708
108 868
108 919
109 303
109 525
110 203
110 224
110 498
110 826
110 925
112 243
112 311
114 387
116 281
117 300
117 408
118 893
119 770
120 188
120 212
120 237
121 140
121 259
121 430
121 761
122 203
122 820
122 935
123 426
124 847
125 240
125 259
125 627
125 679
125 822
125 973
128 693
129 922
130 811
131 391
133 404
134 421
134 871
135 218
140 192
141 744
142 242
146 204
146 300
146 425
146 802
148 431
149 162
149 167
149 174
149 182
149 188
149 192
150 162
150 203
150 217
150 226
150 244
150 281
150 301
150 306
150 311
150 317
150 336
150 370
150 381
150 391
150 396
150 411
150 419
150 431
150 492
150 520
150 525
150 539
150 544
152 226
152 375
152 766
152 826
154 255
154 303
155 245
155 300
155 318
155 922
156 421
156 741
156 828
157 238
157 748
158 203
158 410
158 680
158 854
159 192
159 370
162 261
162 304
162 756
163 403
163 844
164 258
164 416
166 326
166 407
166 476
166 505
166 511
166 869
167 206
167 473
167 671
167 880
167 932
167 949
168 651
170 869
171 225
171 254
171 375
174 437
174 726
174 841
174 930
174 961
175 303
175 520
175 610
177 705
179 281
180 245
180 448
180 826
181 750
182 300
182 330
182 719
183 404
183 520
184 873
185 306
186 924
188 266
188 777
189 416
192 577
193 391
193 511
193 749
194 317
199 306
202 389
203 204
203 205
203 206
203 207
203 208
203 209
203 210
203 211
203 212
203 213
203 214
203 215
203 216
203 217
203 218
203 219
203 220
203 221
203 222
203 223
203 224
203 225
203 226
203 227
203 228
203 229
203 230
203 231
203 232
203 233
203 234
203 235
203 236
203 237
203 238
203 239
203 240
203 241
203 242
203 243
203 244
203 245
203 246
203 247
203 248
203 249
203 250
203 251
203 252
203 253
203 254
203 255
203 256
203 257
203 258
204 230
204 281
204 387
204 572
205 237
205 520
205 572
206 318
206 399
207 212
207 254
207 296
207 373
207 389
207 525
207 632
208 259
208 264
208 305
208 483
208 505
208 610
208 642
208 738
208 761
208 766
208 788
208 855
208 868
208 869
208 870
208 871
208 872
208 873
208 874
209 242
209 262
209 498
209 607
209 873
210 593
210 828
211 241
211 324
211 331
211 439
211 480
211 484
211 605
211 653
211 711
211 892
211 935
211 940
211 941
212 305
212 429
212 430
212 563
213 652
213 924
214 300
215 378
215 440
215 476
215 839
216 221
217 319
217 957
217 981
218 278
218 417
218 489
218 587
218 614
218 917
219 379
220 240
220 304
220 779
220 857
221 518
221 824
221 910
222 242
222 373
222 407
224 272
224 582
224 649
224 823
224 904
224 984
225 603
225 761
225 784
225 793
226 398
226 602
226 725
226 968
227 546
227 594
227 598
228 382
229 279
229 420
229 472
229 661
229 823
229 833
230 556
230 634
230 783
230 960
231 303
232 260
232 878
232 951
233 389
234 406
235 314
235 352
235 481
235 509
235 964
236 257
236 274
236 590
236 615
236 757
236 834
236 943
237 292
237 887
238 260
238 524
238 898
240 747
241 375
241 379
242 430
242 972
243 340
243 435
243 740
243 874
244 310
244 474
244 895
244 921
245 320
245 671
245 690
245 718
246 290
246 312
246 486
246 636
247 263
247 319
248 266
248 348
248 461
248 509
248 905
248 946
249 374
249 520
250 278
250 432
250 460
250 923
251 382
252 264
252 473
252 531
252 631
252 738
252 765
253 393
255 439
255 451
255 460
256 604
256 890
256 956
258 934
258 943
259 262
259 275
259 281
259 282
259 291
259 296
259 298
260 431
261 275
261 317
261 714
261 729
262 263
262 265
262 290
262 302
262 341
262 372
262 376
262 431
262 437
262 473
262 477
262 486
262 498
262 582
262 599
262 632
262 651
262 664
262 683
262 695
262 710
262 719
262 747
262 748
262 749
262 750
262 751
263 275
263 714
263 766
265 440
265 759
265 844
265 847
265 853
266 370
267 399
267 746
268 382
269 748
270 607
270 729
271 795
272 387
272 681
274 739
275 300
277 403
278 652
281 367
281 503
281 575
281 696
281 798
281 852
281 949
281 992
281 996
282 285
282 519
282 613
282 614
282 737
282 764
282 794
282 838
282 857
282 891
282 993
286 549
287 704
290 431
291 315
291 682
291 769
293 394
296 300
296 477
296 703
296 814
298 375
298 398
298 414
298 999
300 305
300 306
300 311
300 320
300 326
300 330
300 334
300 339
300 371
300 409
300 427
300 478
300 499
300 520
300 654
300 687
300 725
300 733
300 734
300 735
300 736
300 737
300 738
300 739
300 740
300 741
300 742
300 743
300 744
300 745
300 746
301 359
301 402
301 427
301 490
301 545
301 606
301 752
301 753
301 754
301 755
301 756
301 757
301 758
303 308
303 339
303 380
303 397
303 439
303 549
303 584
303 652
303 664
303 729
303 763
303 806
303 837
303 838
303 839
303 840
304 511
304 742
305 572
305 607
305 704
306 423
306 478
306 497
306 673
306 690
306 783
307 844
308 695
310 797
311 444
311 557
311 576
311 708
311 711
311 796
311 848
311 858
312 375
313 370
315 744
316 525
317 319
317 329
317 471
317 524
317 535
317 612
317 630
317 959
318 475
318 574
318 709
318 717
318 829
318 890
321 632
322 374
323 457
323 661
323 676
323 888
325 687
326 732
326 858
327 437
327 464
327 486
327 516
327 534
327 648
328 411
328 795
328 797
329 593
331 375
332 479
332 596
332 642
332 792
334 591
334 688
334 761
334 972
336 584
336 603
336 726
338 558
339 744
340 381
341 386
342 433
342 487
342 584
342 942
342 985
343 422
346 373
346 651
346 744
346 748
347 413
348 378
349 373
349 778
351 422
352 741
354 391
355 609
355 831
356 520
358 440
359 389
360 680
362 684
365 480
367 593
367 922
368 421
370 418
370 563
370 588
370 636
370 763
370 777
370 778
370 779
370 780
371 373
371 405
371 492
373 377
373 383
373 415
373 429
373 449
373 476
373 483
373 489
373 491
373 546
373 588
373 653
373 665
373 684
373 693
373 734
373 737
373 777
373 778
373 782
373 857
373 924
373 925
374 380
374 428
374 453
374 480
374 525
374 544
374 551
374 607
374 656
374 733
374 802
374 843
374 866
374 870
374 934
375 398
375 427
375 446
375 501
375 559
375 563
375 752
375 813
375 853
375 866
375 942
375 963
375 964
376 853
378 649
378 773
378 944
378 946
378 970
379 388
379 435
379 452
379 550
379 635
379 636
379 649
379 789
379 796
380 404
381 721
381 782
382 517
382 763
382 779
382 796
382 857
382 860
382 914
382 980
382 986
383 448
384 873
385 407
385 811
386 589
386 594
386 767
386 833
386 949
387 430
387 855
388 422
388 663
388 912
389 579
389 686
389 710
389 805
389 813
389 865
389 894
389 968
390 411
391 550
391 735
391 815
391 995
392 401
392 896
393 398
393 575
393 891
393 953
394 414
394 443
394 445
394 559
394 662
394 708
394 835
395 435
396 481
396 551
396 768
396 798
400 449
400 733
400 875
400 933
401 599
401 667
401 752
401 765
403 484
404 429
404 872
405 755
405 761
405 764
405 843
406 786
407 629
407 897
408 445
408 775
408 879
410 521
410 645
410 697
412 499
413 743
416 689
416 958
418 632
418 844
419 429
419 933
421 501
421 635
421 676
421 983
422 581
422 585
422 701
422 785
422 815
422 825
422 827
422 875
422 895
422 943
422 963
422 983
424 510
424 566
424 618
424 706
424 713
424 806
424 870
426 521
426 546
426 660
427 695
428 520
428 747
429 684
429 705
429 839
430 549
430 912
431 857
431 868
431 915
432 745
435 584
437 499
437 759
438 871
439 446
440 537
440 777
441 681
446 480
446 529
446 548
446 658
446 941
447 893
448 461
448 464
448 608
448 902
448 914
448 918
448 999
450 853
453 549
453 652
455 680
455 924
458 729
458 746
460 505
461 593
461 704
466 869
474 476
477 704
477 705
478 739
478 741
479 558
479 584
479 746
481 687
481 893
483 922
492 530
492 584
492 647
492 843
493 498
499 654
499 672
499 735
500 572
503 826
506 871
506 925
517 704
517 844
518 680
520 555
520 576
520 583
520 715
520 768
520 825
524 739
524 746
525 554
525 595
525 630
525 791
529 539
531 652
531 896
532 572
532 751
538 680
539 574
539 584
539 756
539 994
542 549
543 687
544 678
545 729
545 854
547 652
549 678
549 686
549 816
550 741
550 871
551 873
553 761
553 894
558 560
558 595
558 858
563 681
565 609
567 871
571 572
572 584
572 587
572 654
572 737
572 845
572 945
575 750
582 749
583 853
584 593
584 676
584 703
584 759
584 785
584 865
584 912
584 922
584 950
585 680
590 610
593 669
593 812
593 857
593 976
599 747
600 751
604 742
605 663
605 811
609 735
609 933
610 715
614 795
621 744
623 749
638 681
643 844
645 844
646 770
652 723
652 961
653 811
654 770
655 751
655 854
658 844
663 697
665 844
669 749
672 893
676 924
680 920
681 882
681 955
682 745
683 755
683 806
683 820
684 721
687 818
687 891
687 945
693 931
693 932
693 944
695 923
695 978
699 704
700 871
704 840
704 881
704 943
705 901
712 714
714 894
714 969
725 922
726 797
733 747
735 847
736 797
739 793
741 856
745 993
747 809
747 817
747 946
748 761
748 996
749 923
750 788
756 828
761 831
766 781
770 824
777 871
780 828
800 844
811 900
824 844
826 946
831 962
836 925
838 847
839 867
839 907
839 933
841 922
844 876
844 890
844 962
846 847
847 987
854 975
869 870
869 878
869 891
869 950
871 883
873 971
893 907
893 937
893 980
896 920
911 925
912 916
922 986
