0 6
0 13
0 15
0 18
0 25
0 35
0 41
0 42
0 46
0 52
0 57
0 60
1 6
1 15
1 170
1 185
1 261
1 303
1 306
1 312
1 315
1 320
1 322
1 323
1 327
1 329
1 331
1 333
1 334
1 337
1 363
2 74
2 109
2 162
2 261
2 303
2 323
2 371
2 376
2 377
2 378
2 383
2 384
2 385
2 388
2 389
2 391
2 393
2 397
2 404
2 405
3 371
3 377
3 419
4 13
4 147
4 198
4 218
4 329
4 376
4 429
4 432
4 433
4 440
4 441
4 443
4 444
4 445
4 451
4 452
4 453
4 465
4 467
4 471
5 52
5 127
5 144
5 175
5 261
5 315
5 320
5 371
5 405
5 482
5 485
5 492
5 493
5 494
5 495
5 502
5 511
5 513
6 13
6 25
6 46
6 71
6 72
6 77
6 78
6 92
6 140
6 150
6 152
6 163
6 197
6 203
6 204
6 205
6 218
6 230
6 237
6 259
6 261
6 290
6 303
6 306
6 309
6 310
6 331
6 337
6 370
6 371
6 376
6 377
6 378
6 383
6 385
6 393
6 417
6 428
6 429
6 432
6 451
6 467
6 478
6 484
6 488
6 529
6 545
6 546
6 547
6 548
6 549
6 550
6 551
6 552
6 553
6 554
6 555
6 556
6 557
6 558
6 559
6 560
6 561
6 562
6 563
6 564
6 565
6 566
6 567
6 568
6 569
6 570
6 571
7 25
7 74
7 152
7 160
7 171
7 176
7 237
7 303
7 327
7 383
7 397
7 419
7 429
7 485
7 547
7 550
7 561
7 592
7 598
7 625
7 626
7 631
7 634
8 13
8 18
8 111
8 152
8 303
8 492
8 564
8 569
8 678
8 679
8 684
8 686
8 690
8 691
9 74
9 433
9 710
9 714
10 564
10 722
10 724
11 429
11 451
11 710
11 799
12 18
12 35
12 42
12 76
12 275
12 493
12 546
12 745
12 806
12 810
12 812
12 813
13 16
13 150
13 180
13 264
13 286
13 322
13 334
13 338
13 379
13 488
13 513
13 517
13 625
13 645
13 675
13 683
13 767
13 815
13 816
13 817
13 818
13 819
13 820
15 150
15 166
15 220
15 222
15 261
15 427
15 430
15 433
15 518
15 562
15 876
15 877
16 553
16 556
16 558
16 714
16 769
17 76
17 111
17 429
17 441
18 32
18 52
18 180
18 225
18 312
18 329
18 431
18 465
18 595
18 784
18 810
18 833
18 848
18 893
18 914
18 937
18 938
18 939
19 108
19 384
19 389
19 547
20 261
20 482
21 323
22 667
23 546
24 443
24 544
25 35
25 104
25 259
25 283
25 323
25 368
25 424
25 428
25 443
25 522
25 578
25 626
25 685
25 750
25 783
25 856
25 940
25 967
27 419
27 433
27 485
27 556
27 731
27 862
28 922
29 722
29 856
30 323
30 429
30 494
30 697
31 649
32 559
33 220
33 966
34 502
34 817
35 264
35 344
35 477
39 76
39 569
41 208
41 217
41 429
41 824
41 874
42 70
42 325
42 556
42 708
42 940
42 991
44 744
45 46
45 251
45 678
46 69
46 203
46 205
46 976
47 545
48 92
48 912
49 57
49 327
52 149
52 665
52 802
57 152
57 587
57 732
57 805
57 915
57 941
60 88
60 174
60 357
60 664
60 919
61 722
63 109
63 303
66 295
67 453
69 323
70 74
70 76
70 81
70 92
70 93
70 104
70 108
70 109
70 111
70 113
70 117
70 127
70 136
70 140
70 142
70 144
70 147
71 74
71 433
71 444
71 553
71 642
71 645
71 649
71 651
72 93
72 378
72 659
73 92
73 548
74 80
74 84
74 93
74 110
74 170
74 205
74 213
74 310
74 312
74 327
74 332
74 384
74 440
74 511
74 521
74 623
74 635
74 676
74 681
74 704
74 768
74 769
74 770
75 684
75 769
76 83
76 187
76 203
76 207
76 261
76 300
76 427
76 479
76 494
76 495
76 584
76 651
76 676
76 695
76 788
76 789
77 377
77 767
78 331
78 363
78 467
78 664
78 829
79 176
79 378
79 404
79 544
79 833
80 551
80 552
80 592
80 862
81 149
81 164
81 207
81 261
81 517
81 828
82 697
82 833
83 315
83 569
83 704
83 730
84 471
84 482
84 666
84 766
84 911
85 160
86 385
86 826
87 198
87 432
88 856
89 441
89 513
89 569
89 724
90 548
90 555
91 393
92 155
92 373
92 386
92 460
92 510
92 611
92 667
92 962
92 971
93 150
93 269
93 274
93 656
93 788
93 837
93 864
93 903
94 376
95 109
95 553
95 695
95 812
95 838
96 556
96 666
96 958
97 548
97 686
98 990
101 322
103 170
104 122
104 156
104 259
104 425
104 491
104 612
104 732
104 935
105 452
107 441
108 234
108 388
108 497
108 584
108 708
108 868
108 919
109 111
109 142
109 303
109 525
109 568
109 655
109 812
109 852
109 956
109 981
110 826
110 911
111 447
111 859
111 982
113 119
113 261
113 514
113 574
113 733
113 775
113 979
117 200
117 216
117 266
117 300
117 408
117 725
118 136
118 578
118 938
119 770
120 237
121 140
122 820
125 679
127 204
127 315
127 517
127 577
127 622
127 836
127 989
129 922
131 160
131 391
131 550
132 485
133 404
134 871
135 218
135 598
136 152
136 752
136 824
138 452
140 177
140 192
141 144
141 744
142 242
142 390
142 428
143 561
144 261
144 949
145 532
147 264
147 664
147 793
149 152
149 160
149 162
149 163
149 170
149 171
149 175
149 176
149 185
149 187
149 191
149 194
149 197
149 198
150 162
150 306
150 391
150 397
150 419
150 429
150 492
150 495
150 502
150 528
150 532
150 538
150 541
150 544
152 155
152 160
152 178
152 198
152 226
152 259
152 295
152 312
152 375
152 438
152 445
152 484
152 497
152 529
152 541
152 634
152 720
152 726
152 728
152 766
152 815
152 824
152 825
152 826
152 827
153 337
153 911
154 261
154 303
154 443
154 550
154 554
154 664
155 816
155 922
156 900
156 948
157 899
160 178
160 439
160 442
160 518
160 720
161 191
162 261
162 304
162 756
163 309
163 403
163 418
163 420
163 721
163 844
163 979
164 388
164 433
164 550
165 899
166 444
166 511
166 981
168 554
168 651
170 310
170 787
170 840
170 869
170 997
171 178
171 225
171 254
171 261
171 375
171 477
171 858
171 908
171 959
172 532
173 659
173 901
174 930
175 259
175 303
175 520
175 606
175 610
175 947
175 957
176 550
176 638
176 758
176 774
176 794
176 886
176 916
180 261
180 645
180 826
181 750
183 404
185 195
185 199
185 205
185 306
185 478
185 819
185 955
186 213
186 914
187 369
187 479
187 480
187 522
187 755
189 699
191 533
191 725
191 968
193 391
193 511
194 260
194 287
194 317
194 329
194 992
197 524
197 662
197 676
197 774
198 638
199 306
202 389
202 551
202 852
203 213
203 218
203 220
203 222
203 237
203 250
203 251
204 213
204 545
204 546
204 576
204 578
204 580
205 237
205 261
205 545
205 566
205 645
206 337
206 546
206 564
207 389
207 864
207 865
208 642
208 766
208 871
210 930
211 331
212 429
212 563
213 264
213 418
213 652
213 654
213 743
213 924
214 810
215 378
215 440
215 767
216 667
217 981
218 278
218 417
218 489
218 587
218 614
218 917
219 384
219 626
219 699
219 806
220 240
220 304
220 779
220 857
222 242
222 324
222 373
222 407
222 496
222 832
224 649
224 823
226 725
227 546
227 598
228 322
229 823
229 833
230 556
230 634
231 303
231 397
233 389
233 631
237 292
237 887
245 320
245 690
246 290
246 312
250 278
250 432
250 460
250 923
251 329
251 382
251 788
252 631
253 393
255 451
259 261
259 275
259 283
259 286
259 290
259 294
259 295
260 552
260 664
260 666
260 667
260 673
261 275
261 294
261 317
261 320
261 325
261 441
261 453
261 455
261 471
261 482
261 518
261 568
261 580
261 592
261 598
261 678
261 697
261 714
261 724
261 725
261 726
261 727
261 728
261 729
261 730
261 731
261 732
262 290
262 376
262 651
262 664
262 695
262 710
262 750
263 275
263 451
263 714
263 762
263 766
263 767
264 482
264 545
264 561
265 384
265 440
265 513
265 725
265 827
265 852
266 283
266 592
266 631
266 900
266 906
267 545
269 333
269 664
270 838
271 528
271 816
272 561
272 799
273 295
273 725
273 829
274 312
274 444
274 762
274 981
275 300
279 494
279 725
281 852
282 838
283 304
283 343
283 347
283 524
283 968
283 994
284 642
285 598
286 372
286 435
286 549
287 704
290 418
290 431
290 650
291 315
291 769
293 337
294 328
294 348
294 793
295 815
295 940
297 485
297 865
299 371
299 556
300 306
300 320
300 334
300 371
300 725
300 744
300 745
301 545
302 555
302 813
302 823
303 308
303 339
303 380
303 397
303 439
303 549
303 584
303 652
303 664
303 729
303 763
303 806
303 837
303 838
303 839
303 840
304 511
305 315
305 432
305 547
305 704
305 810
306 423
306 478
306 497
306 673
306 690
306 783
307 467
308 565
308 695
308 730
309 570
309 864
310 376
311 444
311 576
312 375
312 418
312 480
312 493
312 528
312 675
312 679
312 888
312 917
314 552
314 576
315 319
315 358
315 432
315 470
315 735
315 744
315 815
317 329
317 471
318 829
319 541
319 966
320 358
320 368
320 735
320 840
320 855
321 513
321 829
322 374
322 480
322 777
323 457
323 661
323 676
323 888
325 445
325 556
325 966
327 437
327 464
327 486
327 516
327 534
327 648
328 806
329 489
329 593
329 611
329 799
329 862
329 911
331 375
331 455
331 641
331 732
332 642
333 480
333 725
333 868
333 897
334 591
334 688
334 761
334 972
337 428
337 670
337 800
337 877
338 558
339 731
339 744
342 433
346 651
346 744
348 378
348 465
348 667
351 817
354 391
354 550
355 598
358 440
359 389
359 551
361 545
362 684
363 806
363 809
363 927
366 686
367 922
368 550
370 563
371 373
371 405
371 425
371 492
371 643
371 837
371 843
372 625
372 799
372 906
373 377
373 383
373 429
373 546
373 684
374 453
374 544
374 551
374 866
375 559
375 563
375 813
375 866
376 853
376 867
376 876
376 965
377 402
377 438
377 954
377 973
377 975
378 649
378 773
378 944
378 946
378 970
379 388
379 452
379 550
379 649
380 404
380 445
380 598
382 914
383 435
383 448
383 461
383 608
384 523
384 873
385 407
385 477
385 489
385 811
386 767
386 833
388 422
388 457
388 485
388 550
388 638
388 663
388 689
388 691
388 721
388 880
388 912
388 979
388 983
389 579
389 686
389 710
389 805
389 813
389 865
389 894
389 968
391 550
391 735
391 815
391 995
393 398
393 575
393 891
393 953
394 443
394 445
394 559
396 551
397 590
397 822
400 875
401 667
402 555
402 948
404 429
404 872
405 755
405 761
405 764
405 843
408 445
410 645
410 697
416 958
417 465
417 548
418 433
418 679
418 833
418 864
419 429
419 933
421 983
422 827
422 875
422 983
423 482
424 566
424 806
425 827
425 906
426 546
427 691
427 695
427 697
427 698
427 699
428 564
429 502
429 504
429 522
429 642
429 684
429 698
429 705
429 839
429 866
429 899
429 900
429 901
430 494
430 697
430 698
430 911
430 912
432 437
432 460
432 480
432 517
432 557
432 643
432 666
432 745
432 916
433 487
433 837
434 598
434 625
436 899
437 548
438 871
439 592
439 806
440 537
440 777
441 483
441 681
441 895
441 929
442 762
443 490
443 496
443 685
443 781
443 993
444 806
444 975
445 538
445 631
445 829
445 906
445 950
445 966
446 548
447 555
447 833
447 990
448 914
451 491
451 567
451 768
451 851
451 861
452 550
452 682
453 549
453 652
453 771
453 905
455 958
456 659
457 813
461 704
462 730
463 691
465 734
465 773
467 534
470 806
471 640
475 838
477 673
477 679
477 690
477 704
478 626
478 634
479 558
479 875
480 485
480 899
482 775
483 922
484 566
484 725
485 757
486 666
490 493
492 530
492 584
492 647
492 843
493 498
493 735
495 509
495 523
495 573
495 939
501 710
502 589
503 826
504 725
506 871
507 679
508 930
510 852
510 899
514 698
515 906
517 547
517 704
517 838
517 866
518 538
518 914
519 664
519 710
520 555
520 576
521 626
521 799
521 900
524 571
524 679
524 691
524 730
525 554
526 862
526 938
528 589
528 796
528 927
529 580
531 722
531 725
532 560
532 572
532 574
532 678
532 751
536 731
538 670
538 680
538 728
540 690
541 557
541 583
541 818
543 722
544 678
545 729
545 854
546 574
546 586
546 958
547 604
547 644
547 652
547 819
548 841
548 848
548 933
549 678
549 686
549 816
550 741
550 774
550 789
550 871
551 635
551 855
551 873
551 874
551 954
552 727
553 761
553 894
554 576
554 595
554 639
554 784
554 825
554 910
554 930
554 948
555 713
555 801
555 989
556 601
556 655
556 932
557 937
558 560
558 595
558 858
559 857
561 740
561 956
563 681
563 964
564 952
565 609
565 736
565 967
566 801
567 816
567 871
568 990
570 640
570 720
570 763
570 884
571 572
571 624
571 777
574 678
574 966
574 981
575 580
575 750
575 856
575 962
578 665
578 837
579 710
580 824
582 856
584 865
584 912
584 922
584 950
586 678
587 966
589 962
590 698
591 667
593 812
598 727
599 930
600 937
602 769
604 820
605 698
606 937
611 697
620 762
621 744
623 634
624 838
625 653
633 799
639 666
640 730
642 661
645 844
646 770
653 958
654 770
658 731
659 689
659 725
659 778
663 697
664 760
664 783
665 762
665 820
667 942
667 995
671 673
673 777
676 983
678 842
678 904
678 990
679 991
682 745
683 806
683 820
684 721
686 863
689 899
695 923
695 978
697 834
697 910
698 928
699 704
699 857
699 947
700 871
704 840
704 881
704 943
705 901
706 866
709 990
710 756
710 806
710 823
710 965
712 714
712 856
714 894
714 969
722 725
722 825
724 736
724 971
725 762
725 875
725 922
726 950
726 958
727 823
727 948
728 730
728 817
730 789
730 963
741 856
745 993
747 817
750 788
754 966
766 781
770 824
777 871
777 938
781 875
786 799
788 864
788 948
792 906
803 962
805 833
805 901
806 985
810 845
810 850
811 900
812 976
815 983
816 959
826 946
827 943
829 890
831 962
838 847
838 880
838 964
841 922
844 962
845 950
852 927
856 928
856 940
857 865
862 872
869 950
871 883
893 937
895 911
895 938
899 993
901 976
911 925
911 944
911 957
912 916
922 986
939 983
948 976
962 963
983 985
