0 1
0 3
0 7
0 15
0 17
0 33
0 38
0 47
0 49
0 56
0 64
1 2
1 3
1 4
1 5
1 6
1 7
1 9
1 11
1 14
1 15
1 19
1 22
1 23
1 26
1 39
1 70
1 77
1 80
1 82
1 105
1 132
1 149
1 150
1 153
1 161
1 170
1 185
1 203
1 204
1 208
1 211
1 217
1 221
1 228
1 235
1 236
1 259
1 260
1 261
1 267
1 300
1 301
1 302
1 303
1 304
1 305
1 306
1 307
1 308
1 309
1 310
1 311
1 312
1 313
1 314
1 315
1 316
1 317
1 318
1 319
1 320
1 321
1 322
1 323
1 324
1 325
1 326
1 327
1 328
1 329
1 330
1 331
1 332
1 333
1 334
1 335
1 336
1 337
1 338
1 339
1 340
1 341
1 342
1 343
1 344
1 345
1 346
1 347
1 348
1 349
1 350
1 351
1 352
1 353
1 354
1 355
1 356
1 357
1 358
1 359
1 360
1 361
1 362
1 363
1 364
1 365
1 366
1 367
1 368
1 369
2 3
2 72
2 192
2 323
2 328
2 341
2 346
2 371
2 377
2 383
2 393
2 396
2 404
2 409
2 413
3 26
3 27
3 43
3 70
3 78
3 125
3 174
3 223
3 239
3 259
3 279
3 371
3 377
3 417
3 418
3 419
3 420
3 421
3 422
3 423
3 424
3 425
3 426
4 75
4 112
4 147
4 172
4 198
4 264
4 348
4 351
4 429
4 431
4 436
4 447
4 462
4 464
4 466
4 468
5 106
5 115
5 315
5 320
5 371
5 462
5 481
5 484
5 485
5 494
5 497
5 502
5 504
5 505
5 508
6 72
6 152
6 237
6 309
6 331
6 337
6 371
6 377
6 383
6 393
6 429
6 484
6 529
6 547
6 550
6 557
6 560
7 9
7 14
7 23
7 25
7 28
7 30
7 33
7 49
7 70
7 72
7 73
7 74
7 75
7 77
7 79
7 80
7 82
7 84
7 90
7 107
7 110
7 112
7 120
7 149
7 152
7 160
7 161
7 168
7 171
7 176
7 184
7 192
7 193
7 196
7 205
7 207
7 210
7 225
7 237
7 254
7 259
7 260
7 262
7 264
7 266
7 267
7 273
7 289
7 300
7 301
7 302
7 303
7 308
7 327
7 345
7 349
7 357
7 360
7 370
7 374
7 375
7 383
7 397
7 407
7 409
7 413
7 417
7 419
7 429
7 431
7 434
7 436
7 447
7 463
7 464
7 478
7 480
7 485
7 500
7 508
7 523
7 547
7 550
7 561
7 574
7 575
7 577
7 582
7 583
7 584
7 585
7 586
7 587
7 588
7 589
7 590
7 591
7 592
7 593
7 594
7 595
7 596
7 597
7 598
7 599
7 600
7 601
7 602
7 603
7 604
7 605
7 606
7 607
7 608
7 609
7 610
7 611
7 612
7 613
7 614
7 615
7 616
7 617
7 618
7 619
7 620
7 621
7 622
7 623
7 624
7 625
7 626
7 627
7 628
7 629
7 630
7 631
7 632
7 633
7 634
8 72
8 73
8 152
8 335
8 339
8 522
8 594
8 609
8 680
8 687
9 585
9 591
10 72
10 167
10 234
11 365
11 429
12 38
12 90
12 184
12 335
12 344
12 362
12 365
12 409
12 426
12 582
12 807
13 264
13 338
13 625
13 767
14 484
15 150
15 166
15 220
15 222
15 261
15 427
15 430
15 433
15 518
15 562
15 876
15 877
16 352
16 447
16 481
16 609
17 76
17 83
17 111
17 318
17 418
17 429
17 441
17 808
17 936
18 225
18 431
18 595
19 105
19 547
19 908
21 323
21 633
22 339
22 602
23 909
25 323
25 522
25 626
25 750
26 72
26 330
26 909
27 485
28 75
28 909
30 323
30 429
30 494
30 582
32 931
33 78
33 80
33 220
33 480
33 719
33 966
34 502
34 602
35 264
35 344
37 106
38 99
38 480
38 481
38 514
38 742
38 898
39 364
40 264
40 309
41 217
41 429
43 560
43 597
44 75
44 585
47 73
47 77
47 153
47 545
47 809
48 56
49 57
49 149
49 166
49 327
49 621
49 685
50 522
53 624
55 279
55 619
56 73
56 203
56 325
56 647
56 785
57 152
58 606
58 884
59 212
60 174
61 137
61 790
62 369
64 156
64 470
64 539
64 575
66 295
68 351
68 595
69 323
70 72
70 73
70 75
70 90
70 105
70 106
70 107
70 110
70 112
70 114
70 115
70 116
70 119
70 130
70 136
70 137
70 147
71 73
71 332
71 582
71 616
72 86
72 91
72 93
72 119
72 126
72 130
72 150
72 166
72 167
72 169
72 172
72 211
72 215
72 242
72 260
72 271
72 272
72 284
72 317
72 326
72 373
72 378
72 411
72 415
72 428
72 477
72 505
72 549
72 652
72 653
72 654
72 655
72 656
72 657
72 658
72 659
72 660
72 661
72 662
72 663
73 92
73 155
73 234
73 300
73 304
73 311
73 313
73 374
73 406
73 506
73 517
73 539
73 548
73 549
73 586
73 759
73 760
74 110
74 170
74 332
75 84
75 87
75 116
75 149
75 150
75 157
75 209
75 361
75 448
75 462
75 466
75 481
75 521
75 573
75 662
75 684
75 705
75 727
75 769
75 774
75 775
75 776
76 494
77 172
77 271
77 332
77 377
77 628
77 633
77 767
77 790
78 284
78 331
78 363
79 115
79 184
79 404
79 590
79 834
79 836
80 90
80 215
80 309
80 592
82 229
82 336
83 288
83 315
83 436
83 468
83 574
83 622
83 629
83 846
84 105
84 271
84 289
84 396
84 421
84 597
84 615
84 654
84 766
85 583
85 588
86 167
86 340
86 663
86 680
86 934
87 106
87 115
87 198
88 90
88 174
88 582
88 884
89 130
89 254
89 342
89 369
89 436
89 759
89 807
89 971
90 379
90 548
90 555
90 719
90 825
90 939
91 217
91 366
91 393
92 611
92 962
92 971
93 656
94 628
96 365
96 484
98 110
98 413
99 352
99 594
100 447
100 468
100 585
100 618
103 170
104 612
105 125
105 428
105 452
105 536
105 674
105 849
106 215
106 428
106 459
106 845
106 997
107 349
107 441
107 589
107 605
107 623
107 705
107 926
107 974
108 234
108 497
110 203
110 224
110 345
110 498
110 503
110 713
110 826
110 911
110 925
111 447
112 207
112 243
112 311
113 119
113 574
114 205
114 387
114 481
114 891
114 903
115 481
116 151
116 166
116 281
116 506
116 986
118 136
118 481
119 204
119 734
119 770
119 861
120 184
120 212
120 237
120 994
123 426
125 627
125 822
126 523
127 315
127 622
127 836
130 207
130 811
131 550
132 348
132 485
133 309
133 404
134 421
135 598
136 152
136 752
136 824
137 361
137 516
137 575
137 640
137 760
137 845
140 192
142 242
143 436
147 264
147 664
147 793
148 239
148 431
149 152
149 167
149 170
149 172
149 174
149 184
149 185
149 192
149 196
149 198
150 217
150 336
150 348
150 396
150 423
150 429
150 431
150 481
150 502
150 522
150 523
150 529
151 356
151 600
151 776
152 155
152 160
152 178
152 198
152 226
152 259
152 295
152 312
152 375
152 438
152 445
152 484
152 497
152 529
152 541
152 634
152 720
152 726
152 728
152 766
152 815
152 824
152 825
152 826
152 827
153 337
154 550
154 606
154 902
155 330
155 619
156 215
156 421
156 900
157 328
157 615
158 680
159 192
163 309
164 550
164 585
164 614
164 618
165 934
166 344
166 505
166 931
167 206
167 473
167 671
167 880
167 932
167 949
168 619
169 289
170 310
170 787
170 840
170 869
170 997
171 225
171 254
171 908
172 434
172 532
172 537
172 978
173 659
173 901
174 437
174 726
174 841
174 930
174 961
175 606
176 550
178 196
178 264
179 264
179 575
179 992
180 464
180 624
181 750
182 330
183 404
184 716
184 873
185 195
185 199
185 205
185 306
185 478
185 819
185 955
187 369
187 522
189 602
190 574
192 577
193 574
194 992
196 430
196 439
198 638
201 619
203 212
203 215
203 217
203 221
203 225
203 228
203 229
203 234
203 237
203 239
203 242
203 254
204 574
204 575
205 237
205 616
206 337
206 338
207 212
207 215
207 254
207 309
207 436
207 591
207 632
208 264
208 505
208 766
209 242
209 585
209 607
210 330
210 593
211 331
211 484
212 305
212 429
212 430
212 563
213 264
213 654
215 345
215 378
215 440
215 476
215 767
215 775
215 787
215 836
215 839
215 882
215 944
216 221
217 319
217 957
217 981
218 614
219 626
221 518
221 824
221 910
222 242
223 423
223 590
224 582
225 603
225 761
225 784
225 793
226 602
227 594
227 598
228 280
228 322
228 382
228 953
229 279
229 420
229 472
229 661
229 823
229 833
233 631
234 406
234 638
235 352
235 481
236 590
236 615
236 834
237 292
237 887
239 274
239 455
239 542
239 719
242 430
242 972
243 340
245 320
248 348
252 264
252 631
253 393
253 591
253 834
258 934
259 264
259 271
259 279
259 284
259 288
259 289
259 295
260 271
260 284
260 431
260 508
260 583
260 597
260 612
260 658
261 320
261 592
261 598
262 341
262 431
262 582
262 599
262 632
262 750
263 264
263 344
263 590
263 617
263 657
263 766
263 767
264 482
264 545
264 561
264 752
264 842
265 759
265 827
265 846
266 592
266 600
266 627
266 631
266 658
266 900
267 790
267 931
268 309
268 468
269 333
270 288
270 607
271 528
271 589
271 636
271 712
271 795
271 816
271 850
272 504
272 590
273 279
273 295
273 585
273 613
274 776
276 523
278 574
279 288
279 321
279 420
279 494
279 648
279 725
279 728
279 792
279 846
279 884
279 931
279 971
279 994
281 575
281 992
282 613
282 614
283 994
284 642
284 728
284 757
284 881
284 968
285 585
285 598
287 992
288 490
289 310
290 431
291 315
293 337
293 594
294 328
294 348
295 815
295 940
297 485
299 371
300 320
300 330
300 339
300 371
300 409
300 654
300 687
301 359
301 606
302 585
302 790
302 822
303 339
304 364
304 591
304 657
305 315
305 547
305 583
305 597
305 607
306 423
306 497
307 591
308 309
308 597
309 570
309 720
309 859
309 864
309 890
310 335
310 908
311 557
313 790
314 522
314 523
314 944
315 319
315 358
315 432
315 470
315 735
315 744
315 815
316 617
317 612
318 574
319 436
320 358
320 368
320 735
320 840
320 855
321 481
321 632
323 457
323 661
323 676
323 888
324 359
325 588
325 687
327 464
328 390
328 411
328 415
328 430
328 449
328 726
328 793
328 795
328 797
328 806
328 842
328 876
329 593
329 611
330 449
331 375
331 455
331 641
331 732
332 479
332 596
332 642
332 792
333 480
333 725
333 868
333 897
334 591
335 526
335 700
336 584
336 603
336 726
337 428
337 670
337 800
337 877
338 488
338 521
338 558
338 763
338 804
339 731
339 744
340 381
340 517
340 733
340 874
340 956
341 386
341 477
342 433
342 487
342 584
342 942
342 985
343 351
343 619
343 776
343 790
346 354
346 373
346 390
346 531
346 651
346 744
346 748
346 947
346 960
347 413
348 378
348 465
348 667
348 913
350 508
350 575
351 422
351 728
351 817
352 741
353 590
353 909
354 550
355 598
355 609
356 438
356 520
356 728
359 389
359 551
360 680
360 994
362 568
362 684
362 736
362 868
363 806
363 809
363 927
364 736
364 787
364 801
365 480
366 670
366 686
366 808
367 575
367 593
368 421
368 550
369 771
370 588
371 373
371 405
371 425
371 492
371 643
371 837
371 843
372 625
373 377
373 383
373 429
373 588
374 607
374 656
374 866
374 934
375 866
377 402
377 438
377 954
377 973
377 975
378 944
379 550
380 404
380 598
383 435
383 448
383 461
383 608
384 523
386 594
386 767
388 485
388 550
388 663
391 550
392 602
393 398
393 575
393 891
393 953
396 481
396 551
396 768
396 798
397 590
397 822
401 599
403 484
404 429
404 872
407 629
409 874
409 972
412 654
413 743
417 575
418 504
418 585
418 622
418 632
419 429
421 501
421 635
421 676
421 983
422 585
422 827
423 482
423 928
424 618
425 827
426 521
426 546
426 660
427 594
427 600
427 615
428 594
428 601
428 884
429 502
429 504
429 522
429 642
429 684
429 698
429 705
429 839
429 866
429 899
429 900
429 901
430 494
430 909
431 857
431 868
431 915
432 557
434 598
434 620
434 625
435 523
435 629
436 477
436 521
436 648
436 774
436 805
436 821
436 899
436 941
436 957
437 582
437 759
438 466
439 592
442 620
445 631
446 529
446 658
447 458
447 534
447 555
447 809
447 833
447 842
447 893
447 984
447 990
448 464
448 902
449 590
449 656
450 583
452 550
454 583
455 680
456 522
456 659
460 505
460 624
461 593
462 712
462 730
463 601
464 918
466 869
466 916
468 575
470 481
472 602
477 582
477 588
477 599
478 626
480 481
480 485
480 822
480 902
481 687
481 800
481 807
481 855
481 891
481 893
481 902
481 908
483 834
484 566
484 725
484 929
485 757
487 522
490 585
491 628
495 523
496 629
496 633
497 800
499 654
500 591
502 589
504 725
506 836
508 668
508 921
508 930
508 952
510 588
514 529
517 547
517 866
518 680
520 583
521 626
521 900
522 527
522 892
522 920
522 961
522 967
522 977
523 573
523 951
525 595
526 585
529 539
529 580
529 824
532 560
532 574
534 657
538 680
539 574
539 994
540 834
541 557
541 583
543 687
546 574
547 604
547 644
547 652
547 819
550 741
550 774
550 789
550 871
554 595
556 601
557 590
557 711
557 860
557 937
557 999
558 560
558 595
560 590
560 709
560 965
560 982
560 998
565 609
570 884
571 624
572 654
574 678
574 842
574 966
574 981
574 982
575 580
575 630
575 712
575 736
575 750
575 855
575 856
575 889
575 909
575 962
575 977
575 992
579 582
581 600
582 718
582 749
582 855
582 856
583 648
583 707
583 718
583 853
584 593
584 759
585 680
585 790
585 886
585 934
587 614
587 618
588 640
589 962
590 603
590 610
590 698
590 815
590 822
590 834
590 929
590 982
591 667
591 963
593 669
593 812
593 857
593 976
595 676
595 987
596 617
597 760
597 913
597 927
598 727
599 747
599 824
599 930
599 936
600 751
600 774
600 937
600 954
601 655
601 777
602 685
602 769
602 905
602 939
605 663
606 792
606 937
609 735
609 933
611 697
611 920
612 660
612 917
613 637
613 676
613 832
613 953
613 965
614 795
616 743
616 967
617 877
620 675
620 762
622 694
622 945
624 838
625 653
627 886
627 940
628 713
633 799
638 944
646 654
646 846
654 770
654 979
654 997
655 656
656 814
656 889
657 876
657 999
658 731
658 844
659 689
659 725
659 778
661 994
663 697
671 902
675 934
680 920
687 818
687 891
687 945
693 931
693 944
697 834
703 908
705 901
706 866
723 807
723 902
724 971
728 776
728 846
735 807
750 788
761 902
766 781
776 804
777 846
790 879
790 987
796 971
803 962
805 901
805 902
807 877
811 900
827 943
831 962
836 925
844 962
846 847
850 934
873 971
901 976
902 963
909 980
911 944
913 934
944 957
962 963
