0 17
0 21
0 28
0 33
0 34
0 38
0 42
0 44
0 46
0 50
0 53
0 63
1 80
1 105
1 170
1 185
1 235
1 309
1 312
1 314
1 315
1 319
1 325
1 327
1 328
1 331
1 332
1 334
1 336
1 356
1 363
1 364
2 74
2 121
2 216
2 328
2 372
2 375
2 384
2 390
2 391
2 395
2 396
2 398
2 399
2 403
2 405
2 408
2 414
2 415
3 417
3 421
4 75
4 87
4 157
4 198
4 218
4 238
4 427
4 435
4 440
4 445
4 446
4 448
4 449
4 454
4 460
4 462
4 465
4 466
4 471
4 474
4 475
5 34
5 80
5 99
5 127
5 291
5 315
5 372
5 405
5 462
5 482
5 483
5 490
5 494
5 498
5 503
5 511
6 46
6 205
6 218
6 237
6 309
6 331
6 417
6 545
6 553
6 565
6 566
6 570
7 28
7 33
7 74
7 75
7 80
7 84
7 90
7 168
7 171
7 205
7 237
7 289
7 327
7 375
7 417
7 588
7 592
7 593
7 597
7 600
7 602
7 605
7 607
7 616
7 619
7 623
7 629
8 157
8 216
8 395
8 427
8 435
8 522
8 677
8 679
8 681
8 684
8 691
9 74
9 713
9 716
9 717
10 722
10 724
11 490
11 705
12 38
12 42
12 76
12 90
12 205
12 399
12 520
12 727
12 806
12 813
13 334
13 645
13 815
14 314
14 857
15 427
15 518
15 876
15 877
16 291
16 325
16 448
16 553
16 891
16 892
16 895
16 896
17 76
17 83
17 111
17 318
17 418
17 429
17 441
17 808
17 936
18 312
18 465
18 784
19 105
19 384
19 417
19 758
19 942
20 482
20 736
20 947
21 71
21 86
21 120
21 265
21 323
21 418
21 633
21 772
21 815
21 867
21 885
22 28
22 602
24 786
24 868
24 896
25 522
25 783
27 53
27 752
27 891
28 75
28 584
28 909
28 922
29 722
30 494
30 542
30 697
31 793
31 863
33 78
33 80
33 220
33 480
33 719
33 966
34 203
34 325
34 374
34 502
34 602
34 779
34 817
34 843
34 898
34 978
37 395
38 99
38 480
38 481
38 514
38 742
38 898
39 76
39 168
39 364
40 87
40 309
42 70
42 325
42 556
42 708
42 940
42 991
43 597
44 75
44 311
44 480
44 585
44 700
44 744
44 935
45 46
46 69
46 203
46 205
46 976
47 545
49 327
50 89
50 203
50 373
50 522
50 889
51 87
53 99
53 572
53 587
53 621
53 624
55 619
56 325
56 785
61 722
63 66
63 109
63 303
63 375
63 562
63 830
66 295
69 205
70 74
70 75
70 76
70 80
70 84
70 87
70 90
70 93
70 97
70 99
70 105
70 116
70 118
70 121
70 127
70 129
70 133
70 139
70 141
70 143
71 74
71 235
71 314
71 332
71 427
71 553
71 573
71 616
71 637
71 645
72 93
72 242
72 271
72 415
72 653
72 654
72 655
72 662
74 80
74 84
74 93
74 110
74 170
74 205
74 213
74 310
74 312
74 327
74 332
74 384
74 440
74 511
74 521
74 623
74 635
74 676
74 681
74 704
74 768
74 769
74 770
75 84
75 87
75 116
75 149
75 150
75 157
75 209
75 361
75 448
75 462
75 466
75 481
75 521
75 573
75 662
75 684
75 705
75 727
75 769
75 774
75 775
75 776
76 83
76 187
76 203
76 207
76 261
76 300
76 427
76 479
76 494
76 495
76 584
76 651
76 676
76 695
76 788
76 789
77 271
77 332
77 753
77 791
77 793
78 331
78 363
78 677
78 831
79 483
79 703
80 83
80 90
80 164
80 165
80 183
80 215
80 256
80 309
80 380
80 403
80 434
80 551
80 552
80 572
80 592
80 652
80 761
80 857
80 860
80 861
80 862
82 336
82 697
83 315
83 573
83 629
83 703
83 704
84 97
84 105
84 139
84 216
84 259
84 271
84 289
84 372
84 396
84 399
84 421
84 471
84 482
84 597
84 615
84 635
84 654
84 655
84 666
84 713
84 716
84 766
84 791
84 815
84 872
84 891
84 895
84 911
84 913
85 588
86 209
86 831
86 872
86 949
87 106
87 115
87 198
87 199
87 211
87 432
87 917
88 90
88 276
89 395
89 483
89 724
89 953
90 379
90 548
90 555
90 719
90 825
90 939
91 973
92 460
93 150
93 269
93 274
93 656
93 788
93 837
93 864
93 903
94 671
95 553
95 705
95 761
95 863
96 435
96 655
96 666
96 727
96 878
97 164
97 316
97 548
97 686
97 885
97 974
99 169
99 227
99 260
99 314
99 316
99 352
99 537
99 594
99 674
99 991
100 427
100 758
103 170
105 125
105 428
105 452
105 536
105 674
105 849
106 845
107 605
107 623
107 705
107 926
108 868
109 655
110 498
110 503
110 713
112 243
114 205
114 891
116 151
116 166
116 281
116 506
116 986
117 216
117 408
118 136
118 189
118 260
118 481
118 578
118 706
118 726
118 849
118 893
118 938
118 959
119 861
120 237
120 786
121 140
121 259
121 430
121 761
125 240
125 679
125 973
127 204
127 315
127 517
127 577
127 622
127 836
127 989
128 139
128 863
129 166
129 536
129 726
129 922
131 391
133 204
133 309
133 404
133 450
134 421
135 218
136 752
137 845
139 265
139 527
139 996
141 144
141 151
141 427
141 479
141 744
141 832
142 242
142 390
143 436
143 478
143 561
143 736
144 949
147 793
148 503
149 157
149 165
149 168
149 170
149 171
149 185
149 198
150 336
150 391
150 396
150 417
150 427
150 518
150 520
150 522
150 531
150 542
151 356
151 427
151 600
151 776
151 800
152 198
152 295
152 312
152 375
152 445
152 726
152 766
152 815
154 241
154 726
155 619
156 168
156 421
156 753
156 860
156 948
157 238
157 269
157 328
157 487
157 521
157 615
157 736
157 748
157 887
157 899
160 518
163 309
163 403
165 265
165 428
165 824
165 899
165 934
166 511
166 878
167 671
167 949
168 314
168 325
168 475
168 554
168 619
168 651
168 728
168 863
168 887
168 949
169 289
170 310
170 787
170 840
170 869
170 997
171 178
171 225
171 254
171 261
171 375
171 477
171 858
171 908
171 959
173 702
173 791
174 726
174 961
175 520
175 947
176 758
177 705
179 531
179 888
180 448
180 645
181 427
181 474
183 520
184 716
185 195
185 199
185 205
185 306
185 478
185 819
185 955
187 522
189 602
189 655
193 391
193 511
197 662
198 638
201 619
201 637
203 205
203 209
203 216
203 218
203 227
203 235
203 237
203 238
203 240
203 241
203 242
203 243
203 246
203 249
203 252
203 256
204 545
204 573
205 214
205 237
205 261
205 270
205 428
205 434
205 454
205 479
205 512
205 517
205 519
205 520
205 531
205 545
205 566
205 572
205 605
205 616
205 636
205 645
205 677
205 781
205 782
205 783
205 784
205 785
205 786
205 787
206 399
207 309
207 454
207 863
207 865
208 483
208 761
208 766
208 868
208 872
209 242
209 262
209 263
209 274
209 276
209 414
209 417
209 498
209 533
209 536
209 585
209 607
209 675
209 873
209 926
209 927
209 928
210 503
210 593
210 702
210 736
210 791
210 926
211 241
211 331
211 605
211 653
211 892
213 654
214 891
215 440
215 944
216 221
216 302
216 667
217 319
218 278
218 417
218 489
218 587
218 614
218 917
219 384
219 806
219 942
220 240
220 857
221 518
222 242
224 823
224 984
225 761
225 784
225 793
226 398
226 602
227 546
227 594
227 598
228 953
229 823
230 783
232 878
233 782
235 314
235 352
235 481
235 509
235 964
237 292
237 887
238 260
238 524
238 898
239 542
240 747
240 857
240 993
241 375
241 379
242 430
242 972
243 340
243 435
243 740
243 874
244 474
244 895
245 671
246 290
246 312
246 486
246 636
247 319
248 946
249 374
249 520
249 920
249 929
250 460
252 264
252 473
252 531
252 631
252 738
252 765
255 460
256 604
256 890
256 956
259 268
259 271
259 276
259 289
259 291
259 295
259 299
260 271
260 427
260 597
260 666
260 671
261 325
261 471
261 482
261 518
261 592
261 697
261 724
261 726
261 727
262 372
262 498
263 518
263 761
263 766
264 482
264 545
264 752
264 842
265 384
265 440
265 490
265 782
265 845
265 853
266 314
266 592
266 600
266 861
266 907
267 399
267 545
268 302
268 309
268 382
268 468
268 478
268 517
268 764
268 803
268 882
270 415
270 607
270 872
271 528
271 589
271 636
271 712
271 795
271 816
271 850
272 681
272 984
273 295
274 312
274 653
274 776
276 489
276 523
276 696
276 970
277 403
277 417
278 713
279 494
280 868
281 503
281 949
282 857
282 891
286 372
286 435
287 653
287 704
288 490
289 310
291 315
291 682
291 769
293 414
294 328
294 793
295 815
295 940
296 703
297 325
297 717
297 865
298 375
298 398
298 414
299 310
299 325
299 371
299 556
300 334
300 427
300 520
300 654
300 736
301 427
301 490
301 545
301 752
301 753
301 758
302 813
302 823
303 806
304 364
304 511
305 315
305 597
305 607
305 704
305 736
305 878
306 783
308 309
308 427
308 565
308 597
309 570
309 720
309 859
309 864
309 890
310 726
312 375
312 418
312 480
312 493
312 528
312 675
312 679
312 888
312 917
313 677
314 316
314 435
314 474
314 480
314 522
314 523
314 542
314 552
314 576
314 758
314 761
314 771
314 944
314 945
314 946
315 319
315 358
315 432
315 470
315 735
315 744
315 815
316 716
316 877
317 319
317 471
318 475
318 717
319 436
319 517
319 541
319 966
323 888
325 445
325 490
325 556
325 588
325 687
325 966
327 437
327 464
327 486
327 516
327 534
327 648
328 390
328 411
328 415
328 430
328 449
328 726
328 793
328 795
328 797
328 806
328 842
328 876
329 593
330 449
331 375
331 455
331 641
331 732
332 479
332 596
332 642
332 792
333 868
334 591
334 688
334 761
334 972
336 584
336 603
336 726
337 800
337 877
342 942
343 619
343 776
343 863
346 390
346 531
346 947
348 465
353 449
353 888
354 391
355 831
356 438
356 520
356 728
358 440
360 702
361 545
362 684
362 736
362 868
363 806
363 809
363 927
364 736
364 787
364 801
367 593
368 421
370 588
371 405
372 478
372 503
372 625
372 712
372 728
372 799
372 906
372 920
373 415
373 449
373 483
373 588
373 653
373 684
373 782
373 857
374 607
374 866
375 398
375 427
375 446
375 501
375 559
375 563
375 752
375 813
375 853
375 866
375 942
375 963
375 964
376 853
376 876
377 973
378 944
378 946
379 435
379 789
380 445
380 727
381 782
382 857
382 860
383 435
383 448
384 523
384 873
386 949
388 691
389 813
389 865
390 411
390 428
390 477
390 824
391 550
391 735
391 815
391 995
392 602
392 896
393 398
393 891
393 953
394 414
394 445
394 662
395 435
396 481
396 551
396 768
396 798
398 733
400 449
401 752
402 948
403 484
404 872
405 755
405 761
405 764
405 843
406 786
407 629
408 445
408 775
408 879
410 645
410 697
412 654
417 465
417 548
417 575
417 587
417 653
417 753
417 859
418 679
418 888
421 501
421 635
421 676
421 983
422 701
422 785
422 815
422 895
422 963
423 482
423 928
424 566
424 713
424 806
427 594
427 600
427 615
427 671
427 691
427 695
427 696
427 697
427 698
427 699
427 700
427 701
427 702
427 703
428 520
429 522
429 684
429 705
429 866
430 435
430 494
430 697
430 876
431 857
431 868
432 460
432 666
434 454
434 892
434 926
435 523
435 584
435 629
435 715
435 877
435 953
437 460
438 466
439 446
439 592
439 702
439 806
440 537
440 777
441 483
441 681
441 895
443 490
444 806
445 538
445 631
445 829
445 906
445 950
445 966
446 480
446 529
446 548
446 658
446 941
447 842
447 984
448 461
448 464
448 608
448 902
448 914
448 918
448 999
449 590
449 650
449 656
449 997
450 853
451 861
454 583
456 522
456 926
457 813
457 860
459 789
460 505
460 624
460 761
460 918
461 593
461 704
461 928
462 712
462 730
463 691
463 736
465 734
465 773
466 869
466 916
469 782
469 815
470 806
471 640
472 602
474 476
474 589
475 825
475 838
477 588
477 679
477 704
477 705
479 637
480 518
481 800
481 891
482 775
483 761
483 834
483 870
483 922
483 935
484 566
486 666
487 522
490 493
490 568
490 585
491 892
493 498
495 573
496 629
497 800
499 654
503 826
506 518
506 701
507 679
510 588
512 727
512 877
515 947
517 637
517 704
517 857
517 866
518 538
518 680
518 726
518 914
519 573
520 555
520 576
520 583
520 715
520 768
520 825
521 752
522 527
522 892
522 920
522 961
522 967
522 977
523 573
524 679
524 691
524 753
525 791
526 726
526 860
527 726
531 652
531 700
531 722
531 725
531 896
531 920
531 973
531 974
531 984
533 891
536 863
542 549
543 722
545 729
545 854
550 789
552 727
553 761
553 894
554 784
554 948
555 713
556 655
557 860
559 857
563 681
565 609
565 736
565 967
566 801
570 640
570 720
570 763
570 884
572 654
572 845
573 772
574 842
575 736
575 977
581 600
583 853
584 593
584 703
584 785
584 865
588 640
590 815
591 963
593 669
593 812
593 857
593 976
597 760
597 913
597 927
598 727
600 751
600 774
600 937
600 954
601 655
602 685
602 769
602 905
602 939
604 752
605 635
605 663
605 698
605 811
605 941
611 697
613 637
613 953
616 743
616 967
617 877
623 634
623 749
623 771
625 653
628 713
637 736
637 740
637 777
637 988
638 681
638 944
638 961
639 666
640 977
645 844
646 654
650 815
652 961
653 811
653 958
654 770
654 979
654 997
655 656
655 751
655 854
657 876
662 719
663 697
664 783
667 942
671 673
671 890
671 902
676 861
677 733
678 842
679 991
681 882
681 955
683 806
684 721
686 863
687 891
693 944
696 736
697 834
697 910
698 928
699 704
699 857
699 947
701 735
701 943
703 908
704 840
704 881
704 943
705 901
706 784
706 866
710 806
710 823
713 851
716 774
716 804
717 718
717 727
717 885
717 978
722 725
722 825
724 736
724 971
726 797
726 845
726 950
726 958
727 800
727 823
727 948
727 976
728 776
730 789
730 963
733 878
735 845
736 797
736 878
736 916
739 793
747 946
748 761
752 923
761 831
761 868
761 902
761 917
764 977
766 781
772 977
776 804
777 782
778 877
780 793
782 989
783 945
785 967
786 799
788 948
792 857
800 844
806 985
807 877
810 845
815 894
815 983
826 946
831 962
839 907
844 876
845 950
856 928
857 865
857 947
862 872
863 887
869 878
869 891
877 933
891 907
891 940
893 907
895 911
895 938
896 920
902 963
907 935
911 944
920 973
944 957
947 978
948 976
961 974
962 963
978 984
984 998
