2 9
9 10
9 85
9 88
9 89
9 90
9 91
9 92
9 93
9 94
9 95
10 90
10 94
15 94
83 376
83 391
88 729
89 939
90 116
90 939
90 941
91 114
91 118
91 120
91 797
91 970
94 728
94 740
105 970
106 970
121 390
152 388
152 391
233 390
233 392
242 306
243 391
253 306
273 679
280 471
304 306
306 376
306 463
306 523
306 553
306 554
306 599
306 648
306 689
306 690
306 888
306 890
373 376
375 382
375 384
375 385
376 386
376 387
376 388
376 389
376 390
376 391
376 392
376 393
377 471
377 472
378 479
380 386
381 388
381 391
382 391
382 477
382 530
382 551
382 654
384 385
384 387
384 393
384 472
384 477
384 548
384 828
384 900
384 901
385 421
385 545
385 989
386 476
386 478
386 479
386 480
386 481
386 482
387 388
387 391
387 393
388 472
388 474
388 626
388 707
388 729
388 732
388 733
389 390
390 393
390 630
390 900
391 393
391 473
392 619
392 640
392 708
393 474
393 477
393 479
393 545
393 596
393 728
471 473
472 474
472 475
473 530
474 548
508 939
548 816
619 654
627 728
654 655
678 679
679 681
679 682
681 941
681 974
729 730
941 974
941 975
974 975
