4 351
26 599
54 319
69 190
76 387
83 387
83 391
108 278
128 463
133 629
149 463
152 388
152 391
186 190
186 192
190 191
190 193
190 209
190 211
190 213
190 218
190 219
190 220
190 221
190 222
190 223
190 224
190 225
190 226
190 227
190 228
190 229
190 230
190 231
190 232
190 233
190 234
190 235
190 236
192 220
192 221
193 216
193 221
193 235
193 284
193 394
195 214
201 267
206 982
209 211
210 214
211 215
211 216
211 217
214 216
214 225
214 629
215 313
215 317
215 331
215 333
215 398
215 402
216 222
216 228
216 229
216 236
216 396
216 676
216 677
218 394
218 395
219 235
220 225
221 222
221 758
221 791
223 224
224 286
225 226
226 791
228 229
228 231
228 232
230 231
231 325
231 820
232 821
234 235
235 394
241 557
241 559
241 890
242 463
242 559
243 391
243 556
243 599
244 463
244 599
251 649
253 463
254 463
254 559
261 267
262 267
262 274
267 274
267 351
267 354
267 649
267 829
267 982
274 990
276 277
276 278
276 279
277 280
277 281
277 282
277 283
278 279
278 284
278 285
279 286
279 287
279 288
279 289
279 290
279 291
279 292
279 293
279 294
279 295
280 284
280 718
281 284
282 284
282 997
283 782
283 783
283 801
283 853
283 883
284 285
284 288
284 718
284 719
284 720
284 721
284 722
284 723
286 310
286 313
286 314
286 315
286 316
286 317
286 319
286 321
286 322
286 323
286 324
286 325
286 326
286 327
286 328
286 329
286 330
286 331
286 332
286 333
286 334
286 335
287 717
289 404
289 735
290 720
291 713
291 825
292 293
292 717
293 721
294 996
306 463
306 553
306 599
306 890
310 311
310 312
311 313
311 314
311 315
311 316
312 317
312 319
313 317
313 330
313 790
314 924
315 317
315 330
315 335
317 319
317 322
317 327
317 332
317 334
317 418
317 787
317 788
317 789
317 790
319 326
319 332
319 556
319 790
320 330
328 330
330 331
330 402
330 704
330 926
332 335
335 789
344 718
351 352
357 463
361 387
375 384
376 387
376 388
376 391
381 388
381 391
382 391
384 385
384 387
384 393
384 472
384 477
384 548
384 828
384 900
384 901
387 388
387 391
387 393
387 478
387 544
387 627
387 628
387 629
387 630
388 472
388 474
388 626
388 707
388 729
388 732
388 733
391 393
391 473
394 396
397 856
459 460
460 463
460 464
460 465
462 467
462 469
463 467
463 531
463 543
463 552
463 553
463 554
463 555
463 556
463 557
463 558
463 559
463 560
463 561
464 555
465 469
467 468
467 521
467 719
468 557
469 523
469 552
471 473
473 530
474 544
478 544
531 559
544 626
545 628
545 707
552 645
552 647
552 649
553 856
553 893
553 895
554 557
555 923
557 651
557 688
559 599
559 689
559 986
559 994
577 722
599 890
628 707
628 967
629 630
629 967
647 651
649 689
649 893
649 895
651 688
675 676
676 936
716 723
717 721
720 721
721 722
723 987
723 996
727 996
853 883
854 883
856 993
893 894
981 982
982 985
