3 23
23 161
23 419
23 422
23 425
23 426
23 427
23 431
23 432
23 433
23 434
23 435
23 436
23 437
23 438
23 439
23 440
23 441
23 442
23 443
23 444
23 445
23 446
23 447
23 448
23 449
23 450
23 451
23 452
23 453
23 454
23 455
23 456
23 457
23 458
69 190
76 387
83 387
83 391
133 629
152 391
156 265
161 457
166 334
169 854
186 190
186 192
190 191
190 193
190 209
190 211
190 213
190 218
190 219
190 220
190 221
190 222
190 223
190 224
190 225
190 226
190 227
190 228
190 229
190 230
190 231
190 232
190 233
190 234
190 235
190 236
192 220
192 221
193 216
193 221
195 214
196 199
199 204
199 205
199 206
199 207
199 208
203 438
204 265
205 260
205 264
205 272
205 307
205 309
205 610
205 613
205 686
205 845
205 929
206 207
206 309
207 260
207 461
207 610
207 829
207 989
208 264
209 211
210 214
211 215
211 216
211 217
214 216
214 225
214 629
215 331
215 333
215 402
216 222
216 228
216 229
216 236
216 396
216 676
216 677
218 394
218 395
219 228
219 235
219 396
219 674
219 675
220 225
221 222
221 758
221 791
223 224
224 286
225 226
226 791
228 231
228 232
230 231
231 325
231 820
232 821
234 235
234 833
236 425
236 821
243 391
251 964
251 966
260 264
261 265
262 272
264 606
264 682
264 915
265 613
265 678
265 683
265 684
265 685
265 686
272 863
275 613
279 286
286 310
286 313
286 314
286 315
286 316
286 317
286 319
286 321
286 322
286 323
286 324
286 325
286 326
286 327
286 328
286 329
286 330
286 331
286 332
286 333
286 334
286 335
305 309
307 965
309 828
310 312
311 314
311 315
312 315
312 317
312 318
312 319
312 320
313 334
313 402
313 872
313 876
314 924
315 317
315 329
315 330
315 335
315 399
315 402
315 670
315 672
315 873
315 875
315 876
315 925
315 944
315 957
315 965
317 332
317 334
318 872
318 875
319 332
323 332
324 942
325 332
328 332
330 331
330 402
331 671
331 861
332 335
332 854
332 945
333 691
333 787
334 671
350 442
357 572
361 387
376 387
376 391
381 391
382 391
384 387
387 388
387 391
387 393
387 478
387 544
387 627
387 628
387 629
387 630
391 393
391 473
401 876
419 425
419 442
419 457
419 879
419 886
423 425
424 431
425 426
425 427
425 444
425 445
425 449
425 451
425 453
425 457
425 501
425 793
425 796
425 797
425 802
425 805
425 886
425 919
425 923
425 932
425 960
425 962
427 437
427 438
428 431
428 440
428 960
428 961
429 440
430 885
431 436
431 437
431 445
431 458
431 524
431 610
431 806
432 495
432 496
433 477
433 501
434 620
434 622
435 658
435 659
436 445
436 454
436 455
436 458
436 792
436 795
436 796
436 797
436 798
436 799
437 456
437 572
437 674
437 710
437 793
437 879
437 880
439 440
440 894
442 803
442 885
442 932
442 933
445 966
448 960
452 496
452 794
452 894
452 961
454 961
455 456
455 795
455 894
455 966
457 880
460 465
465 469
465 507
465 647
465 690
465 965
468 965
474 544
478 544
519 875
526 845
528 845
544 626
545 628
572 894
605 610
606 613
613 908
628 707
628 967
629 630
629 967
670 672
672 878
787 873
788 943
789 875
789 944
799 961
804 966
849 854
851 854
853 854
854 881
854 883
854 884
854 887
854 952
857 885
857 886
872 873
879 964
922 942
942 943
943 944
954 957
955 957
956 957
957 958
957 959
964 965
