43 288
54 319
72 999
76 387
83 387
89 395
94 728
108 278
128 463
133 546
133 629
133 999
149 463
152 379
152 380
166 334
169 853
169 854
186 193
190 193
190 218
190 222
193 212
193 216
193 217
193 221
193 222
193 225
193 228
193 230
193 235
193 284
193 394
193 395
193 397
193 677
193 818
193 819
193 820
193 821
195 214
195 222
209 210
210 212
210 213
210 214
211 215
211 217
212 222
214 216
214 225
214 629
215 313
215 317
215 331
215 333
215 398
215 402
216 222
216 677
217 626
218 394
218 395
221 222
222 223
222 481
222 818
223 395
225 395
225 677
227 395
233 480
233 481
235 394
242 463
243 556
244 463
253 463
254 463
275 339
276 277
276 278
277 280
277 281
277 282
277 283
278 279
278 284
278 285
279 288
279 290
280 284
280 339
280 471
280 718
281 284
282 284
282 997
283 782
283 783
283 801
283 853
283 883
284 285
284 288
284 718
284 719
284 720
284 721
284 722
284 723
286 310
286 317
286 319
286 332
286 334
286 335
287 338
288 294
288 343
288 656
288 719
290 720
290 725
290 823
294 996
306 463
310 311
310 312
312 315
312 317
312 318
312 319
312 320
313 317
313 334
313 790
315 317
315 335
317 319
317 322
317 327
317 332
317 334
317 418
317 787
317 788
317 789
317 790
319 326
319 332
319 556
319 790
323 332
325 332
328 332
332 335
332 854
332 945
334 671
335 789
336 338
336 339
338 342
338 343
339 344
343 655
343 987
344 718
357 463
361 387
366 569
374 379
374 380
375 381
376 386
376 387
376 393
377 471
377 472
379 474
380 386
380 999
381 388
381 391
381 474
381 476
381 477
384 387
384 393
384 472
384 548
386 476
386 478
386 479
386 480
386 481
386 482
387 388
387 391
387 393
387 478
387 544
387 627
387 628
387 629
387 630
388 472
388 474
388 626
388 732
389 474
390 393
391 393
391 473
393 474
393 477
393 479
393 545
393 596
393 728
394 396
395 397
403 482
404 482
459 460
460 463
460 464
460 465
462 467
463 467
463 531
463 543
463 552
463 553
463 554
463 555
463 556
463 557
463 558
463 559
463 560
463 561
464 555
467 468
467 521
467 719
469 552
471 473
472 474
472 475
473 530
474 480
474 530
474 543
474 544
474 545
474 546
474 547
474 548
474 549
474 550
474 551
480 626
480 967
481 545
481 732
481 901
482 576
482 735
544 626
545 628
546 627
547 569
547 597
547 769
547 770
547 771
547 773
547 798
547 810
547 811
547 813
547 878
548 816
549 708
549 732
550 626
552 645
552 647
552 649
555 923
569 763
569 775
577 722
619 657
623 855
627 728
628 707
628 967
629 630
629 967
655 656
656 808
657 732
657 999
677 791
716 723
720 721
721 722
723 987
723 996
727 996
759 850
785 855
819 850
819 853
846 847
847 850
847 851
849 853
849 854
849 855
850 855
850 881
851 854
853 854
853 855
853 881
853 882
853 883
853 884
854 881
854 883
854 884
854 887
854 952
855 884
