4 351
10 97
13 507
18 507
19 97
21 507
26 599
54 877
84 187
93 140
95 167
97 505
97 507
97 508
104 506
110 507
125 136
125 139
125 140
125 141
125 142
127 950
128 463
130 140
130 948
131 136
134 157
135 160
136 142
136 814
136 815
136 816
136 817
137 140
137 141
137 160
139 142
139 948
139 950
140 816
140 948
141 142
142 160
142 816
142 928
149 463
157 159
157 160
159 928
162 163
163 166
163 167
164 169
166 167
166 184
166 187
166 334
166 502
166 631
166 633
166 634
166 635
166 636
166 637
166 638
166 639
167 187
167 188
167 449
167 502
167 503
167 632
167 633
167 635
167 636
167 638
167 639
167 644
167 746
167 747
167 748
169 853
169 854
184 187
185 188
187 504
187 632
187 633
187 634
187 635
188 633
188 635
188 643
188 950
189 637
201 267
206 982
208 748
215 313
215 317
228 951
241 559
241 890
242 463
242 464
242 559
243 556
243 599
244 463
244 599
248 464
251 649
251 964
253 463
253 464
253 554
254 463
254 559
261 267
262 267
262 274
267 274
267 351
267 354
267 649
267 829
267 982
274 990
277 283
283 782
283 783
283 801
283 853
283 883
286 313
286 315
286 317
286 327
286 328
286 332
286 334
306 463
306 553
306 554
306 599
306 890
307 464
307 965
311 313
311 315
312 315
312 317
313 317
313 318
313 330
313 334
313 402
313 518
313 583
313 790
313 872
313 876
313 877
315 317
315 329
315 330
315 335
315 399
315 402
315 670
315 672
315 873
315 875
315 876
315 925
315 944
315 957
315 965
317 319
317 322
317 327
317 332
317 334
317 418
317 787
317 788
317 789
317 790
318 872
318 875
319 332
319 556
323 332
324 942
325 332
327 889
327 976
328 330
328 332
328 976
332 335
332 854
332 945
334 671
351 352
357 463
365 464
419 879
437 879
460 463
460 464
460 465
462 467
462 469
463 467
463 531
463 543
463 552
463 553
463 554
463 555
463 556
463 557
463 558
463 559
463 560
463 561
464 555
464 598
464 687
464 689
464 690
464 691
465 469
465 507
465 647
465 690
465 965
467 468
467 521
467 719
468 965
469 523
469 552
504 637
505 506
506 507
507 739
507 740
507 741
519 875
531 559
532 554
552 645
552 647
552 649
553 856
553 893
553 895
554 557
554 700
555 923
559 599
559 689
559 986
559 994
599 890
623 855
631 632
633 643
633 644
636 871
638 643
639 644
644 746
649 689
649 893
649 895
669 670
670 672
685 991
748 990
748 991
782 952
783 881
784 851
784 951
785 855
787 877
788 943
789 875
789 944
816 928
819 853
829 991
846 847
847 850
847 851
848 852
849 852
849 853
849 854
849 855
850 855
850 881
851 854
852 952
853 854
853 855
853 881
853 882
853 883
853 884
854 881
854 883
854 884
854 887
854 952
855 884
872 873
879 964
881 884
881 951
881 976
882 952
893 894
922 942
942 943
943 944
954 957
955 957
956 957
957 958
957 959
964 965
981 982
982 985
