3 23
4 351
7 888
19 542
23 161
23 419
23 422
23 425
23 426
23 427
23 431
23 432
23 433
23 434
23 435
23 436
23 437
23 438
23 439
23 440
23 441
23 442
23 443
23 444
23 445
23 446
23 447
23 448
23 449
23 450
23 451
23 452
23 453
23 454
23 455
23 456
23 457
23 458
28 172
51 935
55 353
76 387
83 376
83 387
83 391
84 187
87 542
88 729
93 542
95 167
95 502
121 542
125 143
133 629
143 261
143 606
152 388
152 391
156 265
158 161
161 446
161 457
162 163
162 164
162 165
163 166
163 167
164 171
164 172
164 175
164 176
165 172
165 176
165 181
166 167
166 187
166 502
166 631
166 634
166 636
167 187
167 188
167 449
167 502
167 503
167 632
167 633
167 635
167 636
167 638
167 639
167 644
167 746
167 747
167 748
171 175
171 177
171 404
171 973
172 176
172 177
172 180
172 181
172 995
175 181
175 995
176 182
176 985
177 995
184 187
187 504
187 632
187 633
187 634
187 635
190 209
190 211
190 219
190 221
190 222
190 223
190 225
190 234
190 235
190 236
192 221
193 212
193 216
193 221
193 222
193 225
193 235
193 677
194 223
195 214
195 222
198 203
199 205
199 206
199 207
199 208
200 206
201 354
201 744
203 270
203 438
203 861
204 265
204 270
204 353
204 354
205 260
205 264
205 272
205 307
205 309
205 610
205 613
205 686
205 845
205 929
206 207
206 275
206 308
206 309
206 767
206 909
206 938
206 981
206 982
207 260
207 461
207 610
207 829
207 989
208 262
208 264
208 352
208 354
208 461
208 606
208 609
208 748
208 770
208 829
208 908
209 210
209 211
210 212
210 213
210 214
211 215
211 216
211 217
212 222
214 216
214 225
214 629
216 222
216 228
216 229
216 236
216 396
216 676
216 677
219 228
219 235
219 396
219 674
219 675
220 225
221 222
221 758
221 791
222 223
222 481
222 818
223 224
223 227
223 395
225 226
225 395
225 600
225 677
233 481
234 235
234 833
235 394
236 425
236 821
242 306
242 689
243 391
251 966
253 306
259 262
260 263
260 264
261 265
262 267
262 269
262 270
262 271
262 272
262 273
262 274
262 275
263 612
263 864
264 606
264 682
264 915
265 613
265 678
265 683
265 684
265 685
265 686
267 274
267 351
267 354
269 662
269 709
270 517
270 743
270 897
272 863
273 675
273 679
273 702
273 938
274 990
275 613
275 866
275 998
280 471
304 306
305 309
306 376
306 463
306 523
306 553
306 554
306 599
306 648
306 689
306 690
306 888
306 890
309 828
350 442
351 352
352 606
352 981
352 985
353 862
353 864
353 865
353 866
354 983
354 985
361 387
364 607
368 971
371 495
373 376
375 382
375 384
375 385
376 386
376 387
376 388
376 389
376 390
376 391
376 392
376 393
377 471
380 386
381 388
381 391
382 391
382 477
382 530
382 551
382 654
384 385
384 387
384 393
384 472
384 477
384 548
384 828
384 900
384 901
385 421
385 545
385 989
386 476
386 478
386 479
386 480
386 481
386 482
387 388
387 391
387 393
387 478
387 544
387 627
387 628
387 629
387 630
388 472
388 474
388 626
388 707
388 729
388 732
388 733
391 393
391 473
392 619
394 396
419 425
419 442
419 453
419 497
419 498
419 857
419 886
420 542
422 423
422 424
423 424
423 425
424 427
424 428
424 429
424 430
424 431
425 426
425 427
425 444
425 445
425 449
425 451
425 453
425 457
425 501
425 793
425 796
425 797
425 802
425 805
425 886
425 919
425 923
425 932
425 960
425 962
426 857
426 880
426 962
427 438
427 495
427 498
428 431
428 440
428 453
428 960
428 961
429 440
430 885
430 940
431 436
431 437
431 445
431 458
431 524
431 610
431 806
432 495
432 496
433 477
433 501
434 620
434 622
435 658
435 659
436 445
436 454
436 455
436 458
436 792
436 795
436 796
436 797
436 798
436 799
437 880
439 440
440 894
441 615
441 910
441 912
442 803
442 885
442 932
442 933
443 497
445 453
445 966
446 498
448 960
449 450
449 497
450 946
452 496
452 794
452 894
452 961
453 793
453 795
453 835
453 880
454 961
455 456
455 795
455 894
455 966
457 880
464 689
471 473
473 530
474 544
474 548
477 619
478 544
481 545
481 732
481 901
495 497
496 498
497 741
497 918
497 931
498 573
498 755
498 804
498 907
498 918
498 919
499 502
504 642
508 940
524 971
526 845
528 845
542 940
544 626
545 628
545 707
548 816
551 619
559 689
578 907
603 604
603 605
603 606
604 605
604 607
605 610
606 611
606 612
606 613
607 865
607 897
607 983
611 683
611 862
612 709
612 743
613 908
619 654
619 657
620 621
620 622
622 625
628 707
628 967
629 630
629 967
631 632
631 633
633 642
633 644
634 635
636 871
639 644
642 871
644 746
649 689
654 655
658 660
658 661
659 661
659 662
659 663
659 664
659 666
660 661
660 662
660 737
660 738
661 667
661 668
662 663
662 664
662 665
662 666
662 668
663 664
664 668
665 666
666 668
666 738
667 738
675 676
675 983
676 936
677 791
678 679
679 681
679 682
680 686
685 991
686 938
689 888
689 889
705 989
729 730
744 770
744 863
745 998
747 871
748 990
748 991
780 857
795 907
799 961
803 962
804 966
829 991
857 885
857 886
861 936
862 863
864 908
865 935
865 937
865 938
866 998
880 971
897 936
897 983
908 938
935 936
973 995
981 982
982 985
