3 23
9 94
10 94
15 94
22 417
23 161
23 419
23 422
23 425
23 426
23 427
23 431
23 432
23 433
23 434
23 435
23 436
23 437
23 438
23 439
23 440
23 441
23 442
23 443
23 444
23 445
23 446
23 447
23 448
23 449
23 450
23 451
23 452
23 453
23 454
23 455
23 456
23 457
23 458
51 935
55 353
69 190
72 999
84 187
89 395
94 728
94 740
95 167
95 502
133 629
133 999
152 379
152 380
156 265
158 161
161 446
161 457
162 163
162 164
162 165
163 166
163 167
164 168
164 169
164 170
164 171
164 172
164 173
164 174
164 175
164 176
164 177
165 168
165 173
165 176
165 179
166 167
166 187
166 334
166 502
166 631
166 634
166 636
166 639
167 187
167 188
167 449
167 502
167 503
167 632
167 633
167 635
167 636
167 638
167 639
167 644
167 746
167 747
167 748
168 178
169 853
169 854
170 179
170 180
171 175
172 176
172 995
173 174
173 516
175 181
175 995
176 182
176 985
177 995
179 419
184 187
186 190
187 504
187 632
187 633
187 634
187 635
190 191
190 193
190 209
190 211
190 213
190 218
190 219
190 220
190 221
190 222
190 223
190 224
190 225
190 226
190 227
190 228
190 229
190 230
190 231
190 232
190 233
190 234
190 235
190 236
192 220
193 212
193 216
193 217
193 222
193 395
193 677
195 214
195 222
199 205
199 206
199 207
200 206
201 354
203 438
204 265
204 353
204 354
205 260
205 264
205 272
205 307
205 309
205 610
205 613
205 686
205 845
205 929
206 207
206 275
206 308
206 309
206 767
206 909
206 938
206 981
206 982
207 260
207 461
207 610
207 829
207 989
208 264
208 354
208 748
209 210
209 211
210 212
210 213
210 214
211 215
211 216
211 217
212 222
214 216
214 225
214 629
215 313
215 317
215 331
215 333
215 398
215 402
216 222
216 228
216 229
216 236
216 396
216 676
216 677
217 626
218 394
218 395
219 228
219 235
219 396
219 674
219 675
220 225
221 222
222 223
222 481
222 818
223 224
223 395
224 286
225 226
225 395
225 677
226 791
227 395
228 231
228 232
230 231
231 325
231 820
232 821
233 392
233 480
233 481
234 235
234 833
236 425
260 264
261 265
262 272
263 864
264 606
264 682
264 915
265 613
265 678
265 683
265 684
265 685
265 686
267 354
267 982
272 863
273 938
275 613
275 866
275 998
279 286
283 853
283 883
286 310
286 313
286 314
286 315
286 316
286 317
286 319
286 321
286 322
286 323
286 324
286 325
286 326
286 327
286 328
286 329
286 330
286 331
286 332
286 333
286 334
286 335
305 309
309 828
310 311
310 312
311 313
311 314
311 315
311 316
312 315
312 317
312 318
312 319
312 320
313 330
313 334
314 924
315 330
315 670
315 672
317 332
317 334
319 332
320 330
323 332
325 332
328 330
328 332
330 331
330 402
330 704
330 926
331 671
332 335
332 854
332 945
333 691
333 787
334 671
352 985
353 862
353 864
353 865
353 866
354 983
354 985
357 572
364 607
366 569
368 419
368 971
374 379
374 380
375 381
375 382
375 383
376 386
376 392
376 393
377 472
379 474
380 386
380 999
381 388
381 391
381 474
381 476
381 477
382 391
382 477
382 530
382 551
382 654
383 640
383 900
384 393
384 472
384 548
384 901
386 476
386 478
386 479
386 480
386 481
386 482
387 393
387 544
387 629
388 472
388 474
388 732
389 474
390 393
391 393
392 619
392 640
392 708
393 474
393 477
393 479
393 545
393 596
393 728
395 397
415 417
417 419
417 420
417 421
419 425
419 427
419 429
419 442
419 445
419 451
419 453
419 457
419 496
419 497
419 498
419 755
419 806
419 857
419 879
419 886
419 919
419 930
419 932
423 425
424 428
424 431
425 426
425 427
425 444
425 445
425 449
425 451
425 453
425 457
425 501
425 793
425 796
425 797
425 802
425 805
425 886
425 919
425 923
425 932
425 960
425 962
426 880
427 437
427 438
428 431
428 440
428 453
428 735
428 796
428 960
428 961
431 436
431 437
431 445
431 458
431 524
431 610
431 806
432 495
432 496
433 477
433 501
434 620
434 622
435 658
435 659
436 445
436 454
436 455
436 458
436 792
436 795
436 796
436 797
436 798
436 799
437 456
437 572
437 674
437 710
437 793
437 879
437 880
439 440
439 795
443 497
446 498
448 960
449 454
449 497
452 496
452 794
452 894
452 961
453 880
454 961
457 880
472 474
472 475
474 480
474 530
474 543
474 544
474 545
474 546
474 547
474 548
474 549
474 550
474 551
477 619
478 544
480 626
480 967
481 545
481 732
481 901
495 497
497 741
497 918
497 931
499 500
499 502
500 503
500 504
503 504
504 642
518 669
524 971
526 845
528 845
530 550
544 626
545 708
547 569
547 597
547 769
547 770
547 771
547 773
547 798
547 810
547 811
547 813
547 878
548 816
549 708
549 732
550 626
551 619
560 671
569 763
569 775
572 894
604 607
605 610
606 613
607 865
607 897
607 983
613 908
619 654
619 657
623 855
627 728
629 630
629 967
631 632
631 633
633 639
633 640
633 642
634 635
636 871
639 644
640 733
640 901
642 871
654 655
657 732
657 999
658 660
658 661
659 661
659 662
659 663
659 664
659 665
659 666
659 667
659 668
660 661
660 662
660 737
660 738
661 668
662 663
662 665
662 668
663 664
664 668
665 666
666 668
669 670
669 671
670 672
672 878
675 676
675 983
676 936
677 791
680 686
685 991
686 938
745 998
747 871
748 990
748 991
759 850
782 952
784 887
785 855
819 850
819 853
829 991
846 847
847 850
847 851
848 852
849 852
849 853
849 854
849 855
850 855
850 881
851 854
852 952
853 854
853 855
853 881
853 882
853 883
853 884
854 881
854 883
854 884
854 887
854 952
855 884
857 886
858 887
864 908
865 935
865 937
865 938
866 998
880 971
882 952
897 983
908 938
935 936
973 995
981 982
982 985
