4 351
5 476
7 888
9 94
10 94
10 97
13 507
15 94
18 507
19 97
21 507
22 417
23 419
23 425
23 431
23 432
23 436
23 437
23 442
23 443
23 447
23 448
23 449
23 450
23 452
23 454
23 455
51 935
55 353
69 190
76 387
83 387
84 187
88 729
89 395
94 728
94 740
95 167
97 505
97 507
97 508
104 506
110 507
128 463
133 629
149 463
150 895
152 388
156 265
162 163
162 164
162 165
163 166
163 167
164 168
164 169
164 170
164 171
164 172
164 173
164 174
164 175
164 176
164 177
165 168
165 173
165 176
165 179
166 167
166 184
166 187
166 334
166 502
166 631
166 633
166 634
166 635
166 636
166 637
166 638
166 639
167 187
167 188
167 449
167 502
167 503
167 632
167 633
167 635
167 636
167 638
167 639
167 644
167 746
167 747
167 748
168 178
169 853
169 854
170 179
171 175
171 177
171 404
171 973
172 176
173 174
173 516
176 182
176 985
179 419
184 187
186 190
186 192
187 504
187 632
187 633
187 634
187 635
189 637
190 191
190 193
190 209
190 211
190 213
190 218
190 219
190 220
190 221
190 222
190 223
190 224
190 225
190 226
190 227
190 228
190 229
190 230
190 231
190 232
190 233
190 234
190 235
190 236
192 220
192 221
193 216
193 221
193 235
193 394
193 395
193 397
193 677
194 397
195 214
199 205
199 206
199 207
200 206
201 267
201 354
204 265
204 353
204 354
205 260
205 264
205 272
205 307
205 309
205 610
205 613
205 686
205 845
205 929
206 207
206 275
206 308
206 309
206 767
206 909
206 938
206 981
206 982
207 260
207 461
207 610
207 829
207 989
208 264
208 352
208 354
208 748
210 214
211 215
211 216
214 216
214 225
214 629
215 313
215 317
215 331
215 333
215 398
215 402
216 222
216 228
216 229
216 236
216 396
216 676
216 677
218 394
218 395
219 235
219 396
220 225
221 222
221 758
221 791
223 224
223 395
224 286
225 226
225 395
225 677
226 791
227 395
228 229
228 231
228 232
228 397
230 231
231 325
231 820
232 821
234 235
235 394
236 425
236 821
241 559
241 890
242 306
242 463
242 464
242 559
243 556
244 463
246 993
248 464
251 649
251 964
251 966
253 306
253 463
253 464
253 652
254 463
254 559
260 264
261 265
261 267
262 267
262 272
262 274
263 864
264 606
264 682
264 915
265 613
265 678
265 683
265 684
265 685
265 686
267 274
267 351
267 354
267 649
267 829
267 982
272 863
273 938
274 990
275 613
275 866
275 998
279 286
283 853
286 310
286 313
286 314
286 315
286 316
286 317
286 319
286 321
286 322
286 323
286 324
286 325
286 326
286 327
286 328
286 329
286 330
286 331
286 332
286 333
286 334
286 335
304 306
305 309
306 376
306 463
306 523
306 553
306 554
306 599
306 648
306 689
306 690
306 888
306 890
307 464
307 965
309 828
310 312
311 314
312 315
312 317
312 318
312 319
312 320
313 317
313 330
313 334
313 790
314 924
315 317
315 330
315 335
315 670
315 672
315 965
317 319
317 322
317 327
317 332
317 334
317 418
317 787
317 788
317 789
317 790
319 556
319 790
320 330
328 330
330 331
330 402
330 704
330 926
331 671
332 335
332 854
334 671
335 789
350 442
350 449
351 352
352 606
352 981
352 985
353 862
353 864
353 865
353 866
354 983
354 985
357 463
357 572
361 387
364 607
365 464
368 419
368 971
371 495
375 381
376 387
376 388
376 393
377 472
378 479
381 388
381 391
381 474
381 476
381 477
384 387
384 393
384 472
386 476
386 479
387 388
387 391
387 393
387 478
387 544
387 627
387 628
387 629
387 630
388 472
388 474
388 626
388 707
388 729
388 732
388 733
390 393
391 393
393 474
393 477
393 479
393 545
393 596
393 728
394 396
395 397
397 821
397 856
415 417
417 419
417 420
417 421
419 425
419 427
419 429
419 442
419 445
419 451
419 453
419 457
419 496
419 497
419 498
419 755
419 806
419 857
419 879
419 886
419 919
419 930
419 932
423 425
424 431
425 426
425 427
425 444
425 445
425 449
425 451
425 453
425 457
425 501
425 793
425 796
425 797
425 802
425 805
425 886
425 919
425 923
425 932
425 960
425 962
426 857
426 880
427 437
427 495
427 498
428 431
428 960
428 961
431 436
431 437
431 445
431 458
431 524
431 610
431 806
432 495
432 496
436 445
436 454
436 455
436 458
436 792
436 795
436 796
436 797
436 798
436 799
437 456
437 572
437 674
437 710
437 793
437 879
437 880
442 803
442 885
442 932
442 933
443 497
443 946
445 966
446 498
447 448
447 946
448 800
448 960
449 450
449 454
449 497
449 524
449 795
449 799
449 802
449 803
449 932
450 946
452 496
452 794
452 894
452 961
453 880
454 961
455 456
455 795
455 894
455 966
457 880
460 463
460 464
460 465
462 467
463 467
463 531
463 543
463 552
463 553
463 554
463 555
463 556
463 557
463 558
463 559
463 560
463 561
464 555
464 598
464 687
464 689
464 690
464 691
465 469
465 507
465 647
465 690
465 965
467 468
467 521
467 719
468 965
469 552
472 474
472 475
474 544
478 544
495 497
496 498
497 741
497 918
497 931
498 573
498 755
498 804
498 907
498 918
498 919
504 637
505 506
506 507
507 739
507 740
507 741
518 669
524 971
526 845
528 845
531 559
544 626
545 628
545 707
546 627
552 645
552 647
552 649
553 856
553 895
555 923
557 651
559 599
559 689
559 986
559 994
560 671
572 894
578 907
599 890
604 607
605 610
606 613
607 865
607 897
607 983
613 908
627 728
628 707
628 967
629 630
629 967
631 632
633 644
639 644
641 646
644 746
645 646
645 647
646 648
647 650
647 651
647 652
647 653
649 689
649 893
649 895
651 688
652 993
669 670
669 671
670 672
672 878
675 676
675 983
676 936
677 791
680 686
685 991
686 938
689 888
729 730
745 998
748 990
748 991
780 857
783 881
795 907
799 961
804 966
819 853
829 991
849 853
849 854
850 881
851 854
853 854
853 855
853 881
853 882
853 883
853 884
854 881
854 883
854 884
854 887
854 952
856 993
857 885
857 886
864 908
865 935
865 937
865 938
866 998
879 964
880 971
881 884
881 951
881 976
897 983
908 938
935 936
964 965
981 982
993 994
