3 67
23 161
23 425
23 426
23 437
23 457
28 67
67 426
158 161
161 446
161 457
190 236
216 236
236 425
236 821
357 572
419 425
419 457
419 857
419 879
419 886
423 425
423 426
425 426
425 427
425 444
425 445
425 449
425 451
425 453
425 457
425 501
425 793
425 796
425 797
425 802
425 805
425 886
425 919
425 923
425 932
425 960
425 962
426 857
426 880
426 962
427 437
428 960
430 885
431 437
437 456
437 572
437 674
437 710
437 793
437 879
437 880
442 885
448 960
453 880
457 880
572 894
780 857
857 885
857 886
879 964
880 971
