1 7
3 7
3 23
4 351
5 476
7 26
7 28
7 31
7 36
7 45
7 51
7 53
7 57
7 61
7 63
7 64
7 65
7 77
7 600
7 602
7 888
7 891
9 94
10 94
10 103
15 94
22 417
23 161
23 419
23 422
23 425
23 426
23 427
23 431
23 432
23 433
23 434
23 435
23 436
23 437
23 438
23 439
23 440
23 441
23 442
23 443
23 444
23 445
23 446
23 447
23 448
23 449
23 450
23 451
23 452
23 453
23 454
23 455
23 456
23 457
23 458
26 596
26 600
43 288
45 165
45 596
51 935
54 877
56 596
57 596
59 891
62 891
82 596
83 391
89 395
94 728
94 740
95 502
101 287
103 357
103 570
108 278
121 390
128 463
133 629
149 463
152 391
158 161
161 446
161 457
162 163
162 164
162 165
163 166
163 167
164 169
164 170
164 173
164 174
164 176
165 168
165 172
165 173
165 176
165 177
165 178
165 179
165 180
165 181
165 182
166 167
166 184
166 187
166 334
166 502
166 631
166 633
166 634
166 635
166 636
166 637
166 638
166 639
167 502
167 632
167 633
167 635
167 636
167 644
168 178
169 853
169 854
170 179
170 180
172 176
173 174
173 516
174 625
176 182
176 985
177 182
178 576
179 419
185 189
186 192
187 504
187 632
187 633
187 635
188 633
188 635
188 643
189 635
189 637
189 641
189 746
190 209
190 211
190 218
190 219
190 220
190 221
190 222
190 223
190 224
190 225
190 226
190 229
190 236
192 220
192 221
193 212
193 216
193 217
193 221
193 222
193 225
193 284
193 394
193 395
193 397
193 677
194 223
194 397
195 214
195 222
199 207
201 354
203 438
204 354
205 610
206 207
206 938
206 981
206 982
207 260
207 461
207 610
207 829
207 989
208 352
208 354
209 210
209 211
210 212
210 213
210 214
211 215
211 216
211 217
212 222
213 674
214 216
214 225
214 629
215 313
215 317
215 331
216 222
216 228
216 229
216 236
216 396
216 676
216 677
217 626
218 394
218 395
219 228
219 235
219 396
219 674
219 675
220 225
221 222
221 758
221 791
222 223
222 481
222 818
223 224
223 227
223 395
224 286
225 226
225 395
225 600
225 677
226 791
227 395
228 229
228 397
228 951
233 390
233 392
233 480
233 481
235 394
236 425
236 821
241 557
241 890
242 306
242 463
242 689
243 391
243 556
244 463
245 889
246 993
249 561
251 470
251 966
253 306
253 463
253 648
253 652
254 463
262 269
266 357
267 351
267 354
267 982
269 662
269 709
273 938
275 339
276 277
276 278
277 280
277 281
277 282
277 283
278 279
278 284
278 285
279 287
279 288
279 290
279 293
279 294
280 284
280 339
280 471
280 718
281 284
282 284
282 997
283 782
283 783
283 801
283 853
283 883
284 285
284 288
284 718
284 719
284 720
284 721
284 722
284 723
285 997
286 310
286 313
286 314
286 317
286 330
286 331
286 332
286 334
286 335
287 295
287 338
287 711
287 717
288 294
288 343
288 656
288 719
290 720
290 725
290 823
292 293
292 717
293 721
294 825
294 996
295 997
304 306
306 376
306 463
306 523
306 553
306 554
306 599
306 648
306 689
306 690
306 888
306 890
310 311
310 312
311 313
311 314
311 315
311 316
312 315
312 317
312 318
312 319
312 320
313 317
313 318
313 330
313 334
313 402
313 518
313 583
313 790
313 872
313 876
313 877
314 924
315 317
315 330
315 335
315 873
315 876
317 319
317 322
317 327
317 332
317 334
317 418
317 787
317 788
317 789
317 790
318 872
319 332
319 556
320 330
323 332
324 551
325 332
325 401
327 889
327 976
328 330
328 332
328 976
330 331
330 402
330 704
330 926
331 671
331 861
332 335
332 854
332 945
334 671
335 789
336 338
336 339
338 342
338 343
339 344
342 724
342 727
343 655
343 987
344 718
347 416
351 352
352 606
352 981
352 985
353 865
354 983
354 985
355 357
357 358
357 363
357 365
357 367
357 370
357 418
357 463
357 562
357 567
357 570
357 571
357 572
357 573
359 570
364 607
368 419
368 971
371 418
371 495
372 570
373 375
375 381
375 382
375 383
375 384
375 385
376 389
376 390
376 391
376 392
376 393
377 471
377 472
378 479
381 388
381 391
381 474
381 476
381 477
382 391
382 477
382 530
382 551
382 654
383 640
383 900
384 385
384 387
384 393
384 472
384 477
384 548
384 828
384 900
384 901
385 421
385 545
385 989
386 476
386 479
386 480
386 481
387 391
387 393
387 544
387 628
387 629
387 630
388 472
388 626
389 390
389 474
390 393
390 630
390 900
391 393
391 473
392 619
392 640
392 708
393 474
393 477
393 479
393 545
393 596
393 728
394 396
395 397
397 821
397 856
399 401
401 876
415 416
415 417
416 418
417 419
417 420
417 421
419 425
419 427
419 429
419 442
419 445
419 451
419 453
419 457
419 496
419 497
419 498
419 755
419 806
419 857
419 879
419 886
419 919
419 930
419 932
421 504
422 423
422 424
423 424
423 425
424 427
424 428
424 429
424 430
424 431
425 426
425 427
425 444
425 445
425 449
425 451
425 453
425 457
425 501
425 793
425 796
425 797
425 802
425 805
425 886
425 919
425 923
425 932
425 960
425 962
426 880
426 962
427 437
427 438
427 495
428 431
428 440
428 960
429 440
431 436
431 437
431 445
431 458
431 524
431 610
431 806
432 495
432 496
433 477
433 501
434 620
434 622
435 658
435 659
436 445
436 454
436 455
436 458
436 792
436 795
436 796
436 797
436 798
436 799
437 456
437 572
437 674
437 710
437 793
437 879
437 880
439 440
440 894
441 615
441 910
441 912
443 497
445 966
446 498
448 960
449 450
449 454
449 497
450 946
452 496
452 794
452 894
452 961
453 880
454 961
455 456
455 795
455 894
455 966
457 880
459 460
459 461
459 462
460 463
460 464
460 465
462 467
462 469
462 470
463 467
463 531
463 543
463 552
463 553
463 554
463 555
463 556
463 557
463 558
463 559
463 560
463 561
464 555
464 689
465 469
467 468
467 521
467 719
468 557
469 523
469 552
470 633
470 969
471 473
472 474
472 475
473 530
474 480
474 544
474 548
474 550
474 551
477 619
478 544
480 626
480 967
481 545
481 732
481 901
495 497
497 741
497 918
497 931
499 500
499 502
500 503
500 504
503 504
504 633
504 637
504 642
504 745
524 971
530 550
544 626
545 628
548 816
550 626
551 619
551 706
552 645
552 647
552 649
553 856
554 557
555 923
557 651
557 688
559 689
561 691
570 571
570 716
572 894
577 722
577 724
599 890
604 607
605 610
607 865
607 897
607 983
619 654
619 657
620 621
620 622
622 625
623 855
625 920
625 921
627 728
628 707
628 967
629 630
629 967
631 632
631 633
633 638
633 639
633 640
633 641
633 642
633 643
633 644
634 635
635 638
636 871
638 643
639 644
640 733
640 901
641 646
642 871
644 746
645 646
646 648
647 651
647 652
648 994
649 689
651 688
652 993
654 655
655 656
656 808
657 732
657 999
658 660
658 661
659 661
659 662
659 664
659 666
660 661
660 662
660 737
660 738
661 667
661 668
662 663
662 664
662 665
662 666
662 668
663 664
664 668
665 666
666 668
666 738
667 738
675 676
675 983
676 936
677 791
686 938
689 888
689 889
705 989
716 723
717 721
720 721
721 722
723 987
723 996
724 725
726 987
727 987
727 996
747 871
783 881
784 951
785 855
787 873
787 877
803 962
804 966
819 853
849 853
849 855
850 855
850 881
853 854
853 855
853 881
853 882
853 883
853 884
854 881
854 883
855 884
856 993
857 886
861 936
865 935
865 937
865 938
872 873
880 971
881 884
881 951
881 976
897 936
897 983
908 938
935 936
981 982
982 985
987 997
993 994
