2 13
3 23
5 476
7 600
9 94
10 94
10 97
13 191
13 507
15 94
18 507
19 97
21 507
23 161
23 419
23 422
23 425
23 426
23 427
23 431
23 432
23 433
23 434
23 435
23 436
23 437
23 438
23 439
23 440
23 441
23 442
23 443
23 444
23 445
23 446
23 447
23 448
23 449
23 450
23 451
23 452
23 453
23 454
23 455
23 456
23 457
23 458
26 598
26 599
26 600
28 172
45 165
51 935
76 387
83 376
83 387
83 391
84 187
88 729
94 728
94 740
95 502
96 345
97 505
97 507
97 508
104 506
110 266
110 507
128 463
133 629
149 253
149 463
150 240
152 380
152 388
152 391
156 265
161 457
162 163
162 164
162 165
163 166
163 167
164 168
164 169
164 170
164 171
164 172
164 173
164 174
164 175
164 176
164 177
165 168
165 172
165 173
165 176
165 177
165 178
165 179
165 180
165 181
165 182
166 167
166 184
166 187
166 334
166 502
166 631
166 633
166 634
166 635
166 636
166 637
166 638
166 639
167 187
167 502
167 633
167 636
167 639
168 178
169 853
169 854
170 179
171 175
171 177
171 404
171 973
172 176
172 177
172 180
172 181
172 995
173 174
174 625
175 995
176 985
177 182
177 995
178 576
179 419
184 187
185 189
186 192
187 504
187 632
187 633
187 634
187 635
188 633
188 643
189 635
189 637
189 641
189 746
190 211
190 219
190 220
190 221
190 222
190 223
190 224
190 225
190 226
190 229
190 234
190 235
190 236
192 220
192 221
193 212
193 216
193 217
193 221
193 222
193 225
193 235
194 223
195 214
195 222
198 203
199 205
199 206
199 207
200 206
203 270
203 438
203 861
204 265
204 270
205 260
205 264
205 272
205 307
205 309
205 610
205 613
205 686
205 845
205 929
206 207
206 275
206 308
206 309
206 767
206 909
206 938
206 981
206 982
207 260
207 461
207 610
207 829
207 989
208 262
208 264
209 210
209 211
210 212
210 213
210 214
211 215
211 216
211 217
212 222
213 674
214 216
214 225
214 629
215 313
215 317
215 331
215 333
215 398
215 402
216 222
216 228
216 229
216 236
216 396
216 676
216 677
217 626
219 228
219 235
219 396
219 674
219 675
220 225
221 222
221 758
221 791
222 223
222 481
222 818
223 224
223 227
223 395
224 286
225 226
225 395
225 600
225 677
226 791
228 229
233 392
233 480
233 481
234 235
234 833
235 394
236 425
236 821
237 240
240 247
240 248
240 249
240 250
240 251
240 252
240 253
240 254
241 557
241 559
241 890
242 463
242 464
242 559
243 391
243 556
243 599
244 463
244 599
245 251
246 253
246 993
248 464
249 561
251 470
251 523
251 649
251 964
251 966
252 253
253 306
253 445
253 463
253 464
253 554
253 558
253 598
253 648
253 652
254 463
254 559
259 262
260 264
261 265
261 266
262 267
262 269
262 270
262 271
262 272
262 273
262 274
262 275
264 606
264 682
264 915
265 613
265 678
265 683
265 684
265 685
265 686
266 347
266 355
266 356
266 357
266 362
266 365
266 366
266 367
266 369
266 371
266 563
266 566
266 573
266 927
267 274
267 649
267 982
269 662
269 709
270 517
270 743
270 897
271 714
271 751
271 752
271 753
271 754
271 756
271 757
271 758
272 863
273 675
273 679
273 702
273 938
274 990
275 613
280 471
283 853
283 883
286 310
286 314
286 315
286 331
286 332
286 333
286 334
286 335
306 376
306 463
306 523
306 553
306 599
306 648
306 890
307 464
307 965
310 311
310 312
311 313
311 314
311 315
311 316
312 315
312 317
312 318
312 319
312 320
313 334
313 402
313 872
313 876
314 924
315 317
315 329
315 330
315 335
315 399
315 402
315 670
315 672
315 873
315 875
315 876
315 925
315 944
315 957
315 965
317 332
317 334
318 872
318 875
319 332
319 556
323 332
324 942
325 332
325 401
328 332
330 331
330 402
331 671
331 861
332 335
332 854
332 945
333 691
333 787
334 671
335 789
345 346
345 347
345 348
346 355
346 356
348 356
348 563
350 442
352 985
354 985
355 357
355 358
355 359
355 360
355 361
355 362
355 363
355 364
355 365
356 360
356 365
356 366
356 367
356 368
356 369
356 370
356 371
356 372
357 463
357 572
357 573
361 387
364 607
365 464
371 495
373 375
373 376
374 380
375 381
375 382
375 383
375 384
375 385
376 386
376 387
376 388
376 389
376 390
376 391
376 392
376 393
377 471
378 479
380 386
380 999
381 388
381 391
381 476
382 391
382 477
382 530
382 551
382 654
383 640
383 900
384 385
384 387
384 393
384 472
384 477
384 548
384 828
384 900
384 901
385 421
385 545
385 989
386 476
386 478
386 479
386 480
386 481
386 482
387 388
387 391
387 393
387 478
387 544
387 627
387 628
387 629
387 630
388 472
388 474
388 626
388 707
388 729
388 732
388 733
389 390
389 474
391 393
391 473
392 619
392 640
392 708
393 479
393 728
394 396
397 856
399 401
401 876
419 425
419 442
419 457
419 496
419 497
419 498
419 879
419 886
421 504
423 425
424 428
424 431
425 426
425 427
425 444
425 445
425 449
425 451
425 453
425 457
425 501
425 793
425 796
425 797
425 802
425 805
425 886
425 919
425 923
425 932
425 960
425 962
426 962
427 437
427 438
427 495
427 498
428 431
428 440
428 453
428 735
428 796
428 960
428 961
430 885
431 436
431 437
431 445
431 458
431 524
431 610
431 806
432 495
432 496
433 477
433 501
434 620
434 622
435 658
435 659
436 445
436 454
436 455
436 458
436 792
436 795
436 796
436 797
436 798
436 799
437 456
437 572
437 674
437 710
437 793
437 879
437 880
439 440
439 795
441 615
441 910
441 912
442 803
442 885
442 932
442 933
443 497
445 966
446 498
448 960
449 450
449 497
450 946
452 496
452 794
452 894
452 961
455 456
455 795
455 894
455 966
457 880
460 463
460 464
460 465
462 467
462 468
462 469
462 470
463 467
463 531
463 543
463 552
463 553
463 554
463 555
463 556
463 557
463 558
463 559
463 560
463 561
464 555
464 598
464 687
464 689
464 690
464 691
465 469
465 507
465 647
465 690
465 965
466 897
467 468
467 521
467 719
468 521
468 557
468 782
468 923
468 965
469 523
469 552
470 633
470 969
471 473
473 530
474 480
474 544
474 548
478 544
480 626
480 967
481 545
481 732
481 901
495 497
496 498
497 741
497 918
497 931
498 573
498 755
498 804
498 907
498 918
498 919
499 500
499 502
500 503
500 504
503 504
504 633
504 637
504 642
504 745
505 506
506 507
507 739
507 740
507 741
519 875
520 523
523 530
523 531
523 532
526 845
527 897
528 845
531 559
544 626
545 628
545 707
546 627
548 816
552 645
552 647
552 649
553 856
553 893
553 895
554 557
555 923
557 651
557 688
559 599
559 689
559 986
559 994
561 691
562 563
563 564
563 565
563 566
563 567
572 894
578 907
599 890
604 607
605 610
606 613
607 865
607 897
607 983
609 897
613 908
619 654
620 621
620 622
622 625
623 855
625 920
625 921
627 728
628 707
628 967
629 630
629 967
631 632
631 633
633 638
633 639
633 640
633 641
633 642
633 643
633 644
634 635
636 871
638 643
639 644
640 733
640 901
641 646
642 871
645 646
646 648
647 651
647 652
648 994
649 689
649 893
649 895
651 688
652 993
654 655
658 660
658 661
659 661
659 662
659 664
659 665
659 666
660 661
660 662
660 737
660 738
661 667
661 668
662 663
662 664
662 665
662 666
662 668
663 664
664 668
665 666
666 668
666 738
667 738
670 672
672 878
675 676
675 983
676 936
678 679
679 681
679 682
680 686
686 938
729 730
742 897
747 871
759 850
780 858
781 858
782 952
783 858
784 851
784 858
784 887
785 855
787 873
788 943
789 875
789 944
795 907
801 848
803 962
804 966
819 850
819 853
846 847
846 848
846 849
847 850
847 851
848 852
849 852
849 853
849 854
849 855
850 855
850 881
851 854
852 952
853 854
853 855
853 881
853 882
853 883
853 884
854 881
854 883
854 884
854 887
854 952
855 884
856 993
857 885
857 886
858 882
858 887
861 936
865 935
865 938
872 873
879 964
882 952
893 894
897 929
897 936
897 983
908 938
922 942
935 936
942 943
943 944
954 955
954 957
955 956
955 957
955 958
956 957
957 958
957 959
964 965
973 995
981 982
982 985
993 994
