5 476
7 600
19 542
22 417
23 161
23 419
23 425
23 426
23 431
23 434
23 435
23 436
23 437
23 442
23 453
23 454
23 455
23 457
26 597
26 599
26 600
45 165
51 935
54 319
55 353
67 426
72 999
83 376
83 391
84 187
87 542
93 542
95 502
95 745
121 542
128 463
133 999
149 463
152 379
152 380
152 391
156 265
158 161
161 446
161 457
162 163
162 164
162 165
163 166
163 167
164 170
164 173
164 174
164 176
165 168
165 172
165 173
165 176
165 177
165 178
165 179
165 180
165 181
165 182
166 167
166 184
166 187
166 334
166 502
166 631
166 633
166 634
166 635
166 636
166 637
166 638
166 639
167 187
167 502
167 632
167 633
167 636
167 644
168 178
170 179
170 180
172 176
173 174
173 516
174 625
176 182
176 985
177 182
178 576
179 419
184 187
185 189
186 192
187 504
187 632
187 633
187 634
187 635
188 633
188 643
189 635
189 637
189 641
189 746
190 211
190 219
190 220
190 221
190 222
190 223
190 224
190 225
190 226
190 229
190 234
190 235
190 236
192 220
192 221
193 212
193 216
193 217
193 221
193 222
193 225
193 235
193 677
194 223
195 222
199 205
199 206
199 207
200 206
203 270
204 265
204 270
204 353
205 260
205 264
205 272
205 307
205 309
205 610
205 613
205 686
205 845
205 929
206 207
206 275
206 308
206 309
206 767
206 909
206 938
206 981
206 982
207 260
207 461
207 610
207 829
207 989
208 262
209 211
210 212
211 215
211 216
211 217
212 222
214 216
214 225
215 313
215 317
215 331
215 333
215 398
215 402
216 222
216 228
216 229
216 236
216 396
216 676
216 677
217 626
219 228
219 235
219 396
219 674
219 675
220 225
221 222
221 758
221 791
222 223
222 481
222 818
223 224
223 227
223 395
224 286
225 226
225 395
225 600
225 677
226 791
228 229
228 951
233 392
233 480
233 481
234 235
234 833
235 394
236 425
236 821
240 251
241 557
241 559
241 890
242 463
242 559
243 391
243 556
243 599
244 463
244 599
245 251
245 889
246 849
246 993
251 470
251 523
251 649
251 964
251 966
253 463
253 648
253 652
254 463
254 559
259 260
259 262
260 263
260 264
261 265
262 267
262 269
262 270
262 271
262 272
262 273
262 274
262 275
263 864
265 613
265 678
265 683
265 684
265 685
265 686
267 274
267 649
267 982
269 662
269 709
270 517
270 743
270 897
272 863
273 675
273 679
273 702
273 938
274 990
275 613
275 866
275 998
280 471
286 310
286 314
286 315
286 317
286 319
286 327
286 328
286 330
286 333
286 334
286 335
305 309
306 376
306 463
306 553
306 599
306 648
306 890
307 965
309 828
310 311
310 312
311 313
311 314
311 315
311 316
312 315
312 317
312 318
312 319
312 320
313 317
313 330
313 334
313 790
313 872
313 876
314 924
315 317
315 329
315 330
315 335
315 399
315 402
315 670
315 672
315 873
315 875
315 876
315 925
315 944
315 957
315 965
317 319
317 322
317 327
317 332
317 334
317 418
317 787
317 788
317 789
317 790
318 872
318 875
319 326
319 332
319 556
319 790
320 330
324 942
325 401
327 889
327 976
328 330
328 332
328 976
330 331
330 402
330 704
330 926
331 671
332 335
333 691
333 787
334 671
335 789
341 921
350 442
352 985
353 862
353 864
353 865
353 866
354 985
357 463
357 572
364 607
366 569
368 419
371 495
373 376
374 379
374 380
375 382
375 383
376 386
376 387
376 388
376 389
376 390
376 391
376 392
376 393
377 471
377 472
378 479
379 474
380 386
380 999
381 391
381 474
381 476
382 391
382 477
382 530
382 551
382 654
383 640
383 900
384 472
384 548
384 901
386 476
386 478
386 479
386 480
386 481
386 482
387 391
387 544
388 472
388 474
388 732
389 474
391 393
391 473
392 619
392 640
392 708
393 474
393 479
394 396
397 856
399 401
401 876
415 417
417 419
417 420
417 421
419 425
419 427
419 429
419 442
419 445
419 451
419 453
419 457
419 496
419 497
419 498
419 755
419 806
419 857
419 879
419 886
419 919
419 930
419 932
420 542
421 504
422 424
423 424
423 425
423 426
424 427
424 428
424 429
424 430
424 431
425 426
425 427
425 444
425 445
425 449
425 451
425 453
425 457
425 501
425 793
425 796
425 797
425 802
425 805
425 886
425 919
425 923
425 932
425 960
425 962
426 857
426 880
426 962
427 437
427 495
428 431
428 453
428 960
428 961
430 885
430 940
431 436
431 437
431 445
431 458
431 524
431 610
431 806
432 495
432 496
434 620
434 622
435 658
435 659
436 445
436 454
436 455
436 458
436 792
436 795
436 796
436 797
436 798
436 799
437 456
437 572
437 674
437 710
437 793
437 879
437 880
442 803
442 885
442 932
442 933
443 497
445 453
445 966
448 960
449 454
449 497
452 496
452 961
453 793
453 795
453 835
453 880
454 961
455 456
455 795
455 894
455 966
457 880
459 460
459 461
459 462
460 463
460 464
460 465
462 467
462 468
462 469
462 470
463 467
463 531
463 543
463 552
463 553
463 554
463 555
463 556
463 557
463 558
463 559
463 560
463 561
464 555
465 469
465 965
467 468
467 521
467 719
468 521
468 557
468 782
468 923
468 965
469 523
469 552
470 633
470 969
471 473
472 474
472 475
473 530
474 480
474 530
474 543
474 544
474 545
474 546
474 547
474 548
474 549
474 550
474 551
477 619
478 544
480 626
480 967
481 545
481 732
481 901
495 497
496 498
497 741
497 918
497 931
499 500
499 502
500 503
500 504
503 504
504 633
504 637
504 642
504 745
508 940
518 669
519 875
523 530
526 845
528 845
530 550
531 559
542 940
544 626
545 708
547 569
547 597
547 769
547 770
547 771
547 773
547 798
547 810
547 811
547 813
547 878
548 816
549 708
549 732
550 626
551 619
552 645
552 647
552 649
553 856
553 893
553 895
554 557
555 923
557 651
557 688
559 599
559 689
559 986
559 994
560 671
569 763
569 775
572 894
597 764
597 770
597 808
597 810
597 813
597 836
599 890
604 607
605 610
606 611
606 613
607 865
607 897
607 983
611 683
611 862
613 908
619 654
619 657
620 621
620 622
621 623
621 624
622 625
623 855
623 920
624 920
624 921
625 920
625 921
631 632
631 633
633 638
633 639
633 640
633 641
633 642
633 643
633 644
634 635
636 871
638 643
639 644
640 733
640 901
641 646
642 871
644 746
645 646
646 648
647 651
647 652
648 994
649 689
649 893
649 895
651 688
652 993
654 655
657 732
657 999
658 660
658 661
659 661
659 662
659 663
659 664
659 666
660 661
660 662
660 737
660 738
661 667
661 668
662 663
662 664
662 665
662 666
662 668
663 664
664 668
665 666
666 668
666 738
667 738
669 670
669 671
670 672
672 878
675 676
675 983
676 936
677 791
678 679
679 681
679 682
680 686
686 938
689 889
745 998
747 871
759 850
770 836
782 952
783 881
784 851
784 951
785 855
787 873
788 943
789 875
789 944
798 836
799 961
801 848
804 966
819 850
846 847
846 848
846 849
847 850
847 851
848 852
849 852
849 853
849 854
849 855
850 855
850 881
851 854
852 952
853 855
853 881
854 881
854 952
855 884
856 993
857 885
857 886
861 936
862 863
864 908
865 935
865 937
865 938
866 998
872 873
879 964
881 884
881 951
881 976
882 952
893 894
897 936
908 938
920 933
920 934
921 934
922 942
933 934
935 936
942 943
943 944
954 956
954 957
955 956
955 957
956 957
956 958
956 959
957 958
957 959
964 965
981 982
982 985
993 994
