0 2
0 3
0 4
1 50
1 74
1 75
1 87
1 131
1 146
1 150
1 152
1 198
1 263
1 265
1 274
1 277
1 278
1 281
1 284
1 290
1 292
1 293
1 294
1 295
1 302
1 318
1 327
2 73
2 142
2 226
2 268
2 406
2 481
2 544
2 623
2 741
2 867
2 904
2 987
2 1054
2 1120
2 1299
2 1336
2 1407
2 1470
2 1586
2 1587
2 1588
3 8
3 24
3 31
3 87
3 198
3 239
3 253
3 273
3 284
3 312
3 385
3 472
3 640
3 672
3 705
3 725
3 747
3 942
3 994
3 1211
3 1241
3 1302
3 1394
3 1428
3 1467
3 1493
3 1524
3 1526
3 1573
3 1583
3 1696
3 1698
3 1712
3 1737
3 1738
3 1739
3 1740
3 1741
3 1742
3 1743
4 74
4 195
4 495
4 1300
4 1811
5 143
6 30
6 33
6 36
6 38
6 42
6 49
6 50
6 51
6 54
6 57
6 58
6 61
6 63
6 64
6 65
6 66
6 67
6 68
6 69
7 30
7 36
7 74
7 115
7 143
7 146
7 175
7 193
7 196
7 263
7 292
7 437
7 446
7 450
7 451
7 453
7 456
7 477
8 33
8 74
8 75
8 108
8 119
8 131
8 143
8 199
8 265
9 74
9 75
9 82
9 147
9 148
9 149
9 150
9 154
9 171
9 201
9 205
9 278
9 587
9 703
9 796
9 803
9 807
9 809
9 812
9 814
9 818
10 143
10 146
10 150
10 198
10 265
10 277
10 868
10 1137
10 1138
10 1146
10 1150
10 1152
10 1153
10 1154
10 1155
10 1156
10 1159
10 1161
11 30
11 75
11 835
11 1299
11 1303
11 1304
11 1306
11 1307
11 1309
11 1310
11 1311
11 1312
12 68
12 1165
12 1167
13 75
13 147
13 197
13 829
14 75
15 82
15 1390
15 1505
15 1506
15 1507
15 1509
16 115
16 265
16 290
16 605
17 106
17 134
17 143
17 1311
17 1605
17 1606
17 1607
17 1608
18 74
18 75
18 146
18 1256
18 1653
19 74
19 146
19 150
19 205
20 74
20 75
20 193
20 295
20 862
20 1075
20 1654
20 1656
21 171
21 254
21 277
21 1600
21 1676
21 1678
21 1679
22 74
22 1527
23 1216
23 1661
23 1717
23 1718
23 1720
23 1721
24 75
24 702
24 1684
24 1768
25 74
25 265
25 274
25 1216
25 1527
26 82
26 1287
27 807
27 1704
27 1722
27 1732
27 1885
28 54
28 74
28 171
29 206
29 295
29 710
29 719
29 1225
29 1717
30 74
30 436
30 894
30 969
30 1334
30 1398
30 1416
30 1544
30 1579
30 1902
31 75
31 835
32 75
33 136
33 159
33 333
33 402
33 437
33 567
33 594
33 615
33 1122
33 1134
33 1513
33 1736
33 1871
34 263
34 277
35 75
35 1215
35 1218
35 1774
35 1930
35 1947
36 153
36 176
36 386
36 504
36 1316
37 1767
38 47
38 306
38 944
38 1302
38 1306
38 1375
38 1381
38 1389
38 1513
38 1518
38 1626
38 1796
39 74
39 290
39 1613
40 1643
40 1676
41 75
41 1236
41 1256
41 1712
41 1934
42 88
42 116
42 207
42 276
42 558
42 903
42 1460
42 1837
42 1918
43 203
43 1826
44 75
44 201
44 1866
45 1098
45 1984
46 195
46 290
46 746
46 1684
47 1645
47 1815
47 1968
49 205
49 627
49 678
49 1062
49 1201
49 1216
49 1353
49 1496
49 1780
49 1848
49 1939
50 861
50 932
50 1132
50 1833
51 82
51 195
51 521
51 691
51 1551
52 1654
53 456
53 1532
53 1730
54 128
54 263
54 729
54 1076
54 1110
54 1220
54 1278
54 1309
54 1401
54 1968
55 809
57 585
57 704
57 1596
57 1809
58 151
58 1043
58 1307
58 1789
61 702
61 777
61 872
61 1055
61 1203
63 76
63 84
63 437
63 933
63 1781
63 1886
64 200
64 262
64 653
64 997
64 1460
64 1461
64 1850
65 75
65 235
65 304
65 1288
65 1526
65 1785
66 152
66 390
66 807
66 1152
66 1807
67 73
67 1187
67 1713
67 1984
68 328
68 868
68 1815
69 220
69 273
69 670
69 1736
73 74
73 75
73 82
73 87
73 105
73 106
73 108
73 112
73 115
73 119
73 127
73 128
73 129
73 131
73 134
73 135
73 137
73 138
73 141
74 75
74 78
74 81
74 85
74 91
74 118
74 145
74 159
74 164
74 190
74 192
74 194
74 209
74 215
74 224
74 240
74 261
74 262
74 269
74 299
74 383
74 385
74 386
74 388
74 389
74 423
74 432
74 484
74 498
74 503
74 505
74 511
74 530
74 551
74 556
74 584
74 585
74 586
74 587
74 588
74 589
74 590
74 591
74 592
74 593
74 594
74 595
74 596
74 597
74 598
74 599
74 600
74 601
74 602
74 603
74 604
74 605
74 606
74 607
74 608
74 609
74 610
74 611
74 612
74 613
74 614
74 615
74 616
74 617
74 618
74 619
74 620
74 621
74 622
74 623
74 624
74 625
74 626
74 627
74 628
74 629
74 630
74 631
74 632
74 633
74 634
74 635
74 636
74 637
74 638
74 639
74 640
74 641
74 642
74 643
74 644
74 645
74 646
74 647
74 648
74 649
74 650
74 651
74 652
74 653
74 654
74 655
74 656
74 657
74 658
74 659
74 660
74 661
74 662
74 663
74 664
74 665
75 76
75 77
75 79
75 88
75 90
75 93
75 99
75 108
75 112
75 137
75 141
75 142
75 143
75 147
75 155
75 156
75 157
75 173
75 191
75 196
75 197
75 199
75 204
75 261
75 262
75 263
75 264
75 265
75 266
75 268
75 270
75 276
75 279
75 294
75 298
75 299
75 312
75 323
75 356
75 362
75 369
75 383
75 385
75 392
75 394
75 399
75 436
75 438
75 443
75 535
75 584
75 586
75 590
75 591
75 605
75 643
75 666
75 667
75 668
75 669
75 670
75 671
75 672
75 673
75 674
75 675
75 676
75 677
75 678
75 679
75 680
75 681
75 682
75 683
75 684
75 685
75 686
75 687
75 688
75 689
75 690
75 691
75 692
75 693
75 694
75 695
75 696
75 697
75 698
75 699
75 700
75 701
75 702
75 703
75 704
75 705
75 706
75 707
75 708
75 709
75 710
75 711
75 712
75 713
75 714
75 715
75 716
75 717
75 718
75 719
75 720
75 721
75 722
75 723
75 724
75 725
75 726
75 727
75 728
75 729
75 730
75 731
75 732
75 733
75 734
75 735
75 736
75 737
75 738
75 739
75 740
75 741
75 742
75 743
75 744
75 745
75 746
75 747
75 748
75 749
75 750
75 751
75 752
75 753
75 754
75 755
75 756
75 757
75 758
75 759
75 760
75 761
75 762
75 763
75 764
75 765
75 766
75 767
75 768
75 769
75 770
75 771
75 772
75 773
75 774
75 775
76 143
76 148
76 149
76 294
76 587
76 710
76 796
77 128
77 134
77 149
77 456
77 620
77 1129
77 1194
77 1326
77 1327
78 148
78 265
79 1168
79 1401
81 265
81 278
81 437
81 896
81 1156
82 145
82 190
82 340
82 408
82 521
82 617
82 708
82 782
82 789
82 839
82 898
82 933
82 936
82 1100
82 1169
82 1217
82 1248
82 1344
82 1522
82 1523
82 1524
82 1525
82 1526
83 263
84 106
84 193
84 871
84 1146
84 1357
85 246
85 263
85 277
85 1164
85 1219
85 1687
86 206
86 1626
87 262
87 273
87 630
87 718
87 997
87 1035
87 1129
87 1801
88 292
88 1731
90 727
91 764
91 896
91 1527
91 1863
92 205
92 1601
92 1874
93 192
93 1880
94 119
94 1201
95 198
95 1200
96 456
96 1772
96 1935
97 1944
97 1945
98 154
98 274
98 818
99 263
100 1137
101 253
102 1615
102 1881
102 1899
102 1968
103 204
103 1972
104 150
104 263
104 831
104 1643
105 285
105 496
105 868
105 1262
105 1338
105 1747
105 1791
105 1904
106 284
106 546
106 556
106 668
106 1790
108 1186
108 1197
108 1716
108 1984
108 1989
111 1202
111 1718
112 242
112 273
112 341
112 383
112 666
112 918
112 967
112 1013
112 1130
112 1790
112 1866
113 1815
113 1938
115 564
115 789
115 822
115 917
115 1594
115 1915
115 1938
116 203
117 1663
117 1897
118 201
118 1915
119 358
119 1090
119 1111
119 1117
119 1204
119 1312
119 1546
121 1236
121 1838
125 1327
125 1938
127 209
127 275
127 698
127 1054
127 1709
128 149
128 702
128 1516
129 506
129 675
129 1114
129 1396
129 1485
129 1695
129 1994
130 200
130 1831
131 302
131 978
131 1090
131 1859
134 274
134 650
134 1270
135 959
135 1170
135 1247
135 1317
135 1911
136 1137
137 340
137 411
137 1205
137 1867
138 190
138 859
138 1167
138 1319
141 448
141 712
141 1488
142 143
142 146
142 147
142 148
142 149
142 150
142 152
142 154
142 167
142 169
142 171
142 172
142 175
142 176
142 177
142 178
142 179
142 180
142 181
142 182
142 185
142 186
142 188
142 189
143 193
143 258
143 272
143 399
143 466
143 508
143 531
143 572
143 581
143 666
143 669
143 779
143 883
143 1045
143 1075
143 1089
143 1090
143 1091
143 1092
143 1093
143 1094
143 1095
143 1096
143 1097
143 1098
143 1099
144 263
144 274
144 896
144 1200
144 1201
144 1202
144 1209
144 1211
144 1214
144 1215
145 147
145 197
145 477
145 1137
145 1216
145 1218
145 1219
145 1222
145 1225
145 1228
145 1229
145 1230
145 1231
145 1233
145 1234
146 157
146 192
146 207
146 220
146 330
146 384
146 495
146 517
146 677
146 682
146 699
146 745
146 750
146 797
146 818
146 869
146 894
146 991
146 998
146 1033
146 1041
146 1048
146 1061
146 1119
146 1155
146 1261
146 1262
146 1263
146 1264
146 1265
146 1266
146 1267
146 1268
147 180
147 185
147 254
147 271
147 319
147 324
147 336
147 383
147 456
147 463
147 578
147 591
147 683
147 688
147 805
147 861
147 1099
147 1219
147 1293
147 1294
147 1295
147 1296
147 1297
147 1298
148 232
148 272
148 383
148 407
148 454
148 900
148 1046
148 1065
148 1295
148 1370
148 1449
148 1451
148 1452
148 1453
149 213
149 245
149 248
149 262
149 277
149 281
149 283
149 517
149 590
149 598
149 651
149 652
149 685
149 722
149 989
149 1029
149 1204
149 1229
149 1300
149 1504
149 1534
149 1575
149 1576
149 1577
150 151
150 277
150 321
150 344
150 360
150 410
150 423
150 508
150 559
150 565
150 588
150 644
150 667
150 677
150 822
150 824
150 900
150 915
150 936
150 939
150 978
150 1026
150 1043
150 1055
150 1060
150 1154
150 1160
150 1175
150 1184
150 1284
150 1373
150 1438
150 1449
150 1466
150 1578
150 1589
150 1590
150 1591
150 1592
150 1593
150 1594
150 1595
151 197
151 208
151 293
151 746
151 828
151 1297
151 1500
151 1514
151 1626
152 193
152 269
152 303
152 400
152 511
152 879
152 894
152 1060
152 1296
152 1479
152 1564
152 1621
152 1657
152 1690
152 1691
153 868
154 248
154 264
154 286
154 329
154 585
154 671
154 760
154 776
154 1002
154 1027
154 1094
154 1103
154 1174
154 1269
154 1540
154 1590
154 1728
154 1729
154 1730
154 1731
155 201
155 284
155 1233
155 1286
155 1686
155 1727
156 1167
156 1605
157 178
157 193
157 1572
158 1819
158 1821
159 263
159 1917
160 1326
160 1922
160 1924
161 1738
162 1166
163 1661
163 1819
164 1211
164 1667
165 265
165 1933
166 1138
167 305
167 487
167 591
167 696
167 1164
167 1955
168 204
168 1076
168 1983
169 198
169 774
169 1066
169 1187
169 1528
169 1848
169 1965
170 587
170 1159
171 423
171 1097
171 1106
172 226
172 279
172 683
172 824
172 1292
172 1583
172 1885
175 219
175 281
175 1031
175 1451
176 729
176 1057
176 1167
176 1308
176 1956
177 255
177 414
177 534
177 1612
177 1621
178 326
178 682
178 1085
179 248
179 472
179 1738
179 1747
180 190
180 497
180 1135
180 1490
181 414
181 456
181 980
181 1079
181 1201
181 1379
182 725
182 1027
182 1754
182 1909
182 1946
185 912
185 1518
185 1809
186 413
186 970
186 1243
186 1635
188 585
188 1237
188 1395
188 1972
189 201
189 317
189 1153
189 1534
190 192
190 193
190 195
190 196
190 197
190 198
190 199
190 200
190 201
190 203
190 204
190 205
190 206
190 208
190 246
190 251
190 253
190 254
191 195
191 203
191 265
191 284
191 293
191 1124
191 1129
191 1130
191 1131
192 264
192 383
192 903
192 940
192 1001
192 1214
192 1340
192 1341
193 310
193 321
193 383
193 384
193 391
193 420
193 496
193 549
193 591
193 603
193 668
193 673
193 823
193 825
193 876
193 1027
193 1229
193 1299
193 1342
193 1373
193 1374
193 1375
193 1376
193 1377
193 1378
193 1379
193 1380
194 195
194 196
194 1165
194 1265
194 1293
194 1299
194 1488
195 261
195 263
195 282
195 395
195 396
195 433
195 474
195 522
195 599
195 680
195 687
195 736
195 896
195 937
195 967
195 1037
195 1173
195 1217
195 1231
195 1247
195 1408
195 1463
195 1510
195 1511
195 1512
195 1513
195 1514
195 1515
195 1516
195 1517
196 207
196 292
196 342
196 413
196 469
196 590
196 612
196 631
196 663
196 709
196 788
196 792
196 860
196 871
196 894
196 931
196 954
196 1093
196 1100
196 1154
196 1322
196 1404
196 1522
196 1547
196 1566
196 1567
196 1568
196 1569
196 1570
197 296
197 304
197 397
197 1071
197 1652
198 200
198 263
198 268
198 396
198 501
198 842
198 881
198 937
198 994
198 1515
198 1617
198 1646
198 1654
198 1694
198 1695
198 1696
198 1697
199 273
199 276
199 415
199 498
199 673
199 1024
199 1301
199 1702
200 222
200 383
200 492
200 550
200 666
200 670
200 674
200 758
200 781
200 1311
200 1352
200 1489
200 1495
200 1516
200 1568
200 1613
200 1649
200 1687
200 1757
200 1764
200 1765
200 1766
201 283
201 495
201 640
201 1039
201 1456
201 1687
201 1714
201 1764
201 1768
201 1789
201 1800
202 907
202 1605
203 322
203 384
203 386
203 449
203 499
203 515
203 525
203 642
203 929
203 1241
203 1507
203 1533
203 1656
203 1812
203 1813
203 1814
204 496
204 589
204 621
204 639
204 664
204 789
204 996
204 1300
204 1327
204 1363
204 1436
204 1585
204 1730
204 1741
204 1828
204 1829
204 1830
204 1831
205 217
205 380
205 503
205 556
205 619
205 625
205 698
205 771
205 825
205 984
205 1168
205 1195
205 1266
205 1380
205 1841
205 1842
206 221
206 383
206 626
206 666
206 687
206 735
206 810
206 827
206 898
206 974
206 1061
206 1182
206 1414
206 1592
206 1663
206 1699
206 1745
206 1758
206 1844
206 1845
207 277
207 1854
208 291
208 410
208 477
208 497
208 723
208 804
208 860
208 960
208 983
208 1058
208 1167
208 1723
208 1739
208 1754
208 1778
208 1780
208 1858
208 1861
208 1862
209 704
209 1299
209 1492
209 1648
209 1871
210 281
210 1216
211 1303
211 1615
212 1643
212 1877
212 1939
213 807
214 1076
214 1663
214 1941
214 1942
215 1948
217 706
217 1165
217 1601
217 1612
218 1327
222 703
223 263
225 1155
226 263
226 1830
227 1431
227 1722
228 1968
229 1218
230 1167
230 1901
231 1615
233 818
233 1110
233 1202
233 1215
233 1427
233 1901
233 1924
234 1076
234 1294
235 1138
235 1303
238 1951
240 829
242 1708
242 1954
244 1874
245 1803
246 262
246 279
246 371
246 667
246 1607
246 1996
247 263
248 1835
250 1509
251 328
251 410
251 1227
251 1985
253 506
253 1042
254 261
254 1197
255 1110
258 1681
258 1762
261 263
261 274
261 281
261 294
261 302
261 828
261 829
261 831
261 835
261 837
261 852
262 453
262 587
262 605
262 862
262 868
262 871
263 264
263 266
263 270
263 271
263 278
263 285
263 304
263 383
263 384
263 385
263 387
263 391
263 394
263 398
263 402
263 446
263 453
263 476
263 496
263 504
263 506
263 528
263 556
263 584
263 585
263 610
263 615
263 616
263 625
263 631
263 667
263 668
263 675
263 678
263 683
263 729
263 744
263 782
263 783
263 870
263 873
263 875
263 895
263 897
263 935
263 948
263 984
263 985
263 989
263 990
263 991
263 992
263 993
263 994
263 995
263 996
263 997
263 998
263 999
263 1000
263 1001
263 1002
263 1003
263 1004
263 1005
263 1006
263 1007
263 1008
263 1009
263 1010
263 1011
263 1012
263 1013
263 1014
263 1015
263 1016
263 1017
263 1018
263 1019
263 1020
263 1021
263 1022
263 1023
263 1024
264 274
264 1075
264 1076
264 1085
264 1087
265 307
265 336
265 403
265 670
265 707
265 776
265 785
265 825
265 894
265 898
265 1003
265 1091
265 1092
265 1164
265 1165
265 1166
265 1167
265 1168
265 1169
265 1170
265 1171
265 1172
265 1173
265 1174
265 1175
265 1176
265 1177
265 1178
265 1179
265 1180
265 1181
265 1182
266 1236
266 1240
268 587
268 862
269 477
269 907
271 1519
271 1520
272 1164
272 1519
273 862
273 1303
273 1572
274 388
274 395
274 416
274 511
274 732
274 783
274 827
274 864
274 1611
274 1612
274 1613
274 1614
275 1137
275 1166
275 1492
275 1615
275 1617
275 1618
276 318
276 828
276 896
276 1527
276 1643
276 1644
276 1645
276 1646
276 1647
277 289
277 371
277 404
277 452
277 475
277 500
277 514
277 593
277 600
277 646
277 676
277 730
277 769
277 859
277 901
277 992
277 1050
277 1198
277 1364
277 1404
277 1589
277 1608
277 1648
277 1649
277 1650
278 345
278 399
278 584
278 654
278 796
278 1003
278 1004
278 1101
278 1186
278 1435
279 829
279 868
279 1263
279 1492
279 1663
279 1664
280 1222
280 1648
280 1666
280 1667
281 296
281 470
281 493
281 667
281 896
281 1008
281 1156
281 1247
281 1540
281 1671
281 1672
281 1673
281 1674
282 1505
282 1716
283 294
283 1626
283 1722
283 1732
283 1733
283 1736
284 307
284 403
284 429
284 445
284 506
284 593
284 667
284 692
284 698
284 784
284 858
284 921
284 941
284 950
284 1034
284 1070
284 1344
284 1558
284 1720
284 1753
284 1754
284 1755
284 1756
284 1757
284 1758
284 1759
284 1760
284 1761
285 295
285 1605
285 1768
286 896
286 1612
286 1771
286 1772
288 1681
289 290
289 1823
290 472
290 495
290 694
290 697
290 734
290 823
290 946
290 960
290 1004
290 1161
290 1256
290 1257
290 1374
290 1381
290 1567
290 1571
290 1590
290 1828
290 1834
290 1835
290 1836
290 1837
290 1838
291 1165
291 1843
292 388
292 1200
292 1758
293 330
293 354
293 392
293 447
293 551
293 566
293 666
293 828
293 905
293 1153
293 1378
293 1389
293 1626
293 1669
293 1837
293 1860
294 788
294 1087
294 1625
294 1705
294 1864
294 1865
295 322
295 384
295 394
295 509
295 520
295 606
295 902
295 1078
295 1219
295 1805
295 1843
296 1833
297 1303
298 1527
299 1166
299 1289
299 1686
299 1724
299 1854
299 1919
300 812
300 1651
300 1767
300 1902
301 1722
301 1785
301 1861
302 525
302 560
302 666
302 781
302 796
302 829
302 998
302 1004
302 1021
302 1102
302 1115
302 1133
302 1287
302 1373
302 1395
302 1476
302 1587
302 1749
302 1756
302 1761
303 1161
304 1839
305 704
305 807
305 1307
305 1643
305 1779
306 1666
306 1772
306 1778
307 1202
307 1612
308 1831
310 1813
310 1862
311 1656
311 1774
315 1287
318 860
318 976
318 1217
318 1645
318 1722
320 1507
323 614
324 1304
324 1865
324 1928
325 1634
326 1614
327 383
327 462
327 625
327 865
327 903
327 1185
327 1895
327 1978
328 1733
328 1780
330 814
331 1899
332 1216
333 620
333 1572
333 1930
334 1842
334 1859
335 1615
336 1722
336 1813
336 1987
338 1864
341 1511
342 1626
342 1942
343 1606
345 1218
348 1820
349 1299
349 1862
350 1879
352 1863
353 1155
353 1996
358 1690
361 1124
364 831
368 1717
368 1895
373 1881
377 1726
377 1877
378 710
379 1938
380 1507
383 831
383 896
383 907
384 450
384 620
384 1055
384 1062
385 1194
386 1256
387 809
387 1287
387 1289
387 1292
388 614
388 1201
388 1419
389 1427
390 1106
390 1431
391 1600
391 1601
394 1519
394 1584
395 1129
396 1722
397 1826
397 1839
397 1840
398 803
398 1171
398 1613
399 620
399 1075
400 1523
400 1720
401 831
401 1737
402 614
402 1087
402 1219
402 1635
402 1869
403 706
403 1653
404 1110
405 1829
405 1872
406 1419
406 1676
407 829
407 1726
407 1819
408 896
409 1917
410 1390
411 1663
411 1709
411 1834
411 1937
412 1222
414 706
414 1156
415 1721
416 702
416 1833
417 1488
418 1263
418 1303
418 1309
418 1641
418 1773
419 1292
419 1617
419 1874
421 587
422 896
422 1664
423 1612
423 1902
424 1222
425 1514
425 1919
426 1984
426 1987
428 1862
429 1756
432 1087
433 1800
433 1872
434 1304
437 636
437 1578
437 1591
437 1851
437 1912
438 605
438 1216
439 1986
440 1492
441 1986
442 907
443 1303
445 1357
445 1717
446 932
446 1003
446 1102
446 1451
446 1730
448 1732
449 1307
449 1978
450 659
450 837
450 840
450 851
450 1374
450 1419
451 698
451 825
451 954
451 1572
451 1652
451 1689
452 835
452 1299
452 1505
453 686
453 865
453 1573
453 1781
455 587
455 1731
456 488
456 1690
458 1514
458 1656
458 1820
459 1779
461 1520
465 706
465 1916
466 1643
466 1678
468 706
470 1819
470 1922
472 1718
473 1708
475 1986
476 1819
477 932
477 1098
478 1859
479 896
480 1881
483 1874
483 1939
486 1209
487 1156
489 1945
495 831
495 1165
495 1228
495 1357
496 835
496 896
496 1299
496 1390
497 1312
497 1662
497 1762
498 1523
498 1661
498 1785
499 1690
500 1500
501 1216
501 1218
501 1576
503 1299
503 1859
504 1150
504 1532
504 1716
504 1838
504 1895
506 1299
507 1218
507 1431
507 1814
507 1868
507 1915
508 1651
509 1326
509 1532
510 1604
511 1854
512 1303
512 1737
512 1953
512 1970
513 1110
514 1708
515 587
515 702
515 1949
516 1930
517 719
517 1720
517 1782
519 704
520 1146
520 1718
521 1644
521 1648
523 868
523 1815
524 1307
524 1717
526 1216
526 1218
527 1972
529 1916
530 1694
530 1988
531 1880
532 1216
533 907
534 1998
535 1684
536 835
536 1216
536 1921
538 1299
539 1293
539 1717
541 852
541 1306
542 837
542 1987
543 1900
545 1762
546 1901
547 1941
551 1098
551 1819
552 1306
552 1989
553 1654
553 1897
554 1695
555 1303
559 1431
562 1999
566 1953
569 1919
573 868
573 1680
575 1287
575 1667
576 1576
579 1998
582 727
584 764
584 1106
584 1110
585 1164
585 1286
586 1641
587 651
587 837
587 882
587 920
587 930
587 1059
587 1367
587 1404
587 1657
587 1658
587 1659
587 1660
587 1661
587 1662
589 1236
589 1666
589 1686
589 1708
589 1709
590 1738
590 1800
590 1803
591 1307
591 1309
592 614
592 1164
593 1722
594 695
594 1085
594 1299
594 1815
594 1877
596 704
596 1200
596 1228
597 1826
599 1304
600 1921
601 1717
601 1733
601 1926
603 1771
603 1803
603 1946
604 1154
604 1216
604 1709
605 611
605 725
605 868
605 1049
605 1261
605 1286
605 1416
605 1954
606 1778
608 796
608 1292
608 1509
608 1647
609 703
609 896
611 1327
614 618
614 660
614 739
614 1694
615 1615
617 1240
620 1042
620 1341
620 1376
620 1413
620 1497
620 1695
620 1879
621 1844
622 727
623 837
623 1170
623 1932
624 1708
625 1231
625 1947
626 1106
626 1236
626 1664
628 1576
628 1998
630 1225
634 1327
635 706
635 719
635 1488
636 896
637 1216
637 1899
643 703
643 1840
645 1216
646 1933
649 1309
650 1664
652 1236
652 1648
653 1218
653 1970
656 1929
658 1725
659 1772
662 1106
666 1236
666 1304
667 1138
667 1166
667 1634
667 1635
667 1637
668 1651
669 710
669 727
669 818
669 862
669 1168
669 1218
669 1357
669 1634
669 1680
669 1681
670 1303
670 1390
670 1500
670 1607
670 1648
670 1680
670 1727
670 1750
672 1159
674 1169
674 1679
674 1722
675 1488
679 1729
680 1721
680 1879
681 1725
681 1738
681 1841
682 1868
682 1876
683 1306
684 1881
685 1527
685 1926
688 1152
688 1294
688 1879
689 1684
689 1727
690 1519
691 1773
691 1960
692 1169
692 1299
692 1840
692 1895
693 1704
693 1737
694 1665
695 782
695 933
695 937
695 1395
695 1789
696 1169
696 1939
698 803
699 703
699 1168
699 1209
700 1663
701 1085
701 1839
701 1974
702 776
702 1004
702 1300
702 1383
703 706
703 1387
703 1477
703 1619
704 984
704 1033
704 1227
704 1526
704 1949
705 1312
706 789
706 801
706 981
706 1339
706 1671
706 1700
708 1800
710 1216
710 1556
710 1755
710 1773
710 1897
711 1659
711 1859
711 1861
711 1912
711 1985
711 1986
715 1171
716 1865
717 1687
718 1951
719 867
719 918
719 957
719 992
719 1209
719 1472
719 1750
719 1919
721 1681
722 1527
724 1712
724 1934
724 1938
725 1767
725 1839
725 1984
727 980
727 1587
727 1609
727 1993
728 1309
729 1600
731 1299
734 1240
734 1823
734 1953
736 1492
739 1634
739 1985
740 1419
743 1230
743 1987
743 1993
746 846
746 1793
751 1992
752 1654
755 1312
755 1946
756 1823
757 1222
757 1997
764 1101
764 1532
765 812
766 852
766 1286
767 1831
769 1998
771 1130
777 1166
777 1654
777 1684
777 1686
778 1684
779 803
779 896
779 1263
779 1500
779 1644
781 1170
781 1722
781 1876
782 1776
782 1814
782 1845
783 1662
783 1782
784 837
785 1164
785 1514
785 1932
786 1654
786 1717
786 1915
787 1952
787 1985
788 1992
792 1295
793 1492
795 1156
795 1826
795 1829
798 1916
800 871
801 1304
803 809
803 917
803 1532
803 1574
803 1702
804 896
807 1043
809 938
810 1634
812 898
812 1017
812 1572
812 1926
814 847
814 1250
814 1505
819 1492
823 1299
823 1584
823 1585
824 1168
824 1295
824 1704
825 1507
825 1684
826 1202
826 1725
827 1138
827 1951
828 1032
828 1179
828 1250
828 1476
828 1713
829 1189
829 1291
829 1440
831 833
831 1021
831 1449
831 1639
831 1653
831 1867
831 1895
835 1205
835 1272
835 1496
835 1509
835 1511
835 1729
835 1762
835 1765
835 1834
835 1930
835 1943
835 1996
837 1105
837 1284
837 1304
837 1601
837 1651
837 1674
837 1726
837 1765
837 1779
837 1861
837 1912
841 1835
842 1985
844 1708
848 896
849 1781
851 1236
852 992
852 1233
852 1295
852 1355
852 1501
852 1759
853 1222
853 1663
853 1924
854 1297
855 1150
856 868
859 1171
859 1527
859 1532
860 907
860 1164
860 1200
860 1694
861 1648
861 1722
861 1724
861 1726
862 1046
862 1223
862 1326
862 1664
862 1876
863 1814
863 1823
864 1527
864 1828
864 1922
865 1167
865 1170
866 1153
866 1733
868 920
868 941
868 1665
868 1973
869 1641
870 871
870 1614
871 1120
871 1533
871 1574
871 1587
871 1625
871 1675
871 1899
871 1925
871 1935
871 1982
872 1231
872 1608
872 1738
872 1897
872 1912
872 1943
873 1873
875 1928
877 1311
877 1869
880 1219
881 1654
883 1299
883 1953
885 1171
885 1216
886 1996
888 1869
889 1985
892 1895
892 1988
894 1293
894 1299
894 1327
895 1506
896 1301
896 1431
896 1494
896 1603
896 1604
898 1326
899 1866
902 1170
904 1644
905 1511
905 1864
906 1492
906 1520
907 935
907 1021
907 1355
907 1362
907 1419
907 1438
907 1681
907 1760
907 1821
907 1840
907 1917
909 1929
910 1717
910 1729
910 1874
911 1982
914 1720
916 1660
917 1218
917 1297
917 1634
917 1771
917 1954
920 1130
922 1820
923 1974
925 1895
926 1634
931 1511
931 1687
931 1689
932 1666
932 1722
932 1724
932 1725
932 1726
932 1727
933 1782
934 1106
934 1289
934 1505
934 1689
936 1131
937 1523
937 1607
937 1820
937 1949
938 1153
938 1828
938 1901
939 1842
940 1653
940 1815
940 1937
941 1401
941 1828
942 1219
942 1222
943 1988
945 1937
946 1075
948 1225
948 1940
950 1218
950 1948
950 1988
951 1977
952 1326
952 1869
953 1164
953 1836
955 1236
956 1724
957 1293
957 1664
958 1585
961 1527
961 1974
964 1166
966 1771
967 1653
968 1146
968 1845
968 1960
972 1676
973 1663
977 1776
980 1171
981 1488
985 1286
986 1236
987 1983
988 1929
989 1712
990 1767
992 1854
992 1881
993 1617
993 1667
993 1871
994 1299
994 1737
994 1937
994 1938
995 1216
995 1943
996 1952
997 1785
997 1814
997 1939
999 1879
1000 1729
1001 1970
1002 1307
1003 1854
1005 1996
1006 1830
1007 1228
1009 1983
1010 1659
1010 1977
1011 1240
1013 1926
1015 1617
1015 1691
1019 1222
1019 1876
1020 1712
1020 1778
1024 1663
1025 1236
1025 1660
1025 1737
1025 1876
1026 1654
1027 1716
1027 1778
1029 1930
1031 1164
1031 1973
1032 1977
1033 1201
1033 1762
1033 1934
1036 1881
1037 1076
1041 1988
1042 1311
1043 1164
1043 1236
1048 1659
1048 1970
1049 1098
1049 1511
1050 1947
1052 1766
1055 1185
1055 1347
1056 1520
1061 1880
1062 1179
1062 1471
1062 1478
1064 1839
1065 1614
1065 1635
1065 1841
1065 1897
1066 1155
1066 1637
1066 1736
1067 1294
1067 1733
1067 1750
1067 1948
1071 1667
1072 1124
1072 1724
1073 1234
1073 1299
1073 1576
1075 1575
1076 1353
1076 1759
1077 1263
1078 1945
1079 1900
1080 1171
1082 1222
1084 1737
1084 1978
1085 1217
1085 1299
1085 1363
1085 1744
1085 1970
1086 1150
1086 1654
1087 1404
1088 1724
1088 1869
1089 1509
1089 1939
1090 1885
1091 1993
1094 1772
1095 1838
1096 1613
1096 1738
1097 1773
1099 1835
1101 1520
1101 1819
1102 1159
1102 1953
1103 1532
1103 1935
1103 1980
1104 1152
1104 1216
1104 1948
1105 1646
1106 1116
1106 1929
1107 1219
1107 1525
1107 1766
1107 1900
1108 1948
1109 1845
1110 1766
1110 1772
1110 1909
1115 1646
1116 1327
1117 1304
1118 1236
1118 1951
1119 1978
1120 1945
1121 1681
1122 1946
1124 1222
1124 1586
1124 1765
1125 1778
1125 1843
1127 1800
1129 1185
1129 1233
1130 1285
1131 1168
1131 1348
1131 1414
1132 1778
1132 1779
1132 1780
1132 1781
1135 1154
1135 1214
1135 1776
1137 1167
1137 1849
1137 1935
1137 1976
1137 1991
1138 1191
1138 1356
1138 1474
1138 1589
1138 1661
1139 1615
1139 1679
1141 1525
1141 1618
1142 1933
1146 1617
1150 1424
1150 1617
1150 1789
1152 1356
1153 1355
1154 1160
1156 1159
1161 1206
1161 1932
1164 1176
1164 1184
1164 1826
1165 1474
1165 1606
1165 1630
1166 1274
1166 1335
1166 1900
1166 1940
1167 1223
1167 1280
1167 1830
1167 1860
1168 1795
1168 1946
1170 1193
1170 1275
1170 1333
1170 1396
1170 1551
1170 1880
1171 1218
1171 1317
1171 1373
1171 1379
1171 1425
1171 1524
1171 1721
1171 1868
1171 1891
1171 1947
1171 1952
1172 1992
1173 1202
1173 1938
1173 1989
1174 1679
1174 1834
1174 1866
1176 1680
1177 1505
1178 1917
1180 1941
1180 1984
1183 1492
1183 1737
1184 1265
1184 1667
1185 1310
1185 1585
1185 1687
1186 1306
1186 1695
1186 1712
1187 1312
1187 1572
1187 1694
1188 1733
1193 1942
1194 1299
1194 1373
1194 1388
1195 1299
1195 1665
1196 1297
1196 1310
1196 1665
1199 1299
1199 1917
1200 1290
1200 1310
1200 1572
1200 1635
1200 1706
1201 1271
1201 1943
1202 1246
1202 1473
1202 1680
1202 1843
1202 1934
1206 1228
1208 1993
1209 1430
1209 1698
1209 1713
1209 1760
1211 1239
1211 1643
1214 1302
1214 1327
1215 1622
1215 1826
1216 1335
1216 1555
1216 1864
1216 1885
1216 1928
1216 1929
1217 1934
1218 1353
1218 1461
1218 1496
1218 1554
1218 1633
1218 1955
1219 1438
1219 1836
1219 1857
1219 1966
1220 1240
1220 1427
1220 1618
1220 1718
1220 1873
1220 1935
1222 1301
1222 1705
1222 1728
1222 1810
1222 1971
1223 1608
1223 1641
1223 1709
1225 1310
1225 1501
1228 1932
1229 1312
1229 1589
1229 1644
1230 1370
1230 1397
1230 1868
1230 1972
1231 1433
1233 1658
1234 1302
1234 1725
1234 1838
1236 1754
1236 1879
1240 1265
1240 1398
1240 1973
1241 1779
1242 1299
1242 1924
1244 1427
1247 1304
1248 1768
1253 1645
1254 1709
1256 1646
1256 1717
1258 1953
1258 1999
1259 1299
1261 1691
1261 1912
1262 1303
1262 1836
1263 1539
1265 1368
1269 1831
1270 1872
1271 1895
1272 1637
1272 1662
1274 1684
1275 1738
1276 1299
1276 1834
1278 1900
1281 1299
1283 1304
1287 1374
1287 1375
1289 1337
1289 1417
1289 1483
1289 1972
1290 1492
1292 1481
1293 1722
1293 1880
1294 1381
1294 1907
1297 1647
1298 1654
1299 1359
1299 1444
1299 1472
1299 1492
1299 1493
1299 1494
1299 1495
1299 1496
1299 1497
1299 1498
1299 1499
1299 1500
1300 1662
1300 1773
1300 1774
1300 1776
1301 1357
1301 1872
1301 1873
1302 1584
1302 1933
1303 1418
1303 1577
1303 1841
1303 1881
1304 1517
1304 1971
1304 1973
1304 1976
1306 1621
1306 1976
1307 1643
1308 1607
1309 1323
1309 1369
1309 1998
1311 1860
1312 1618
1321 1803
1326 1774
1326 1794
1326 1945
1327 1462
1327 1547
1331 1885
1332 1974
1333 1815
1334 1897
1335 1660
1335 1785
1336 1941
1339 1731
1342 1525
1342 1869
1346 1982
1349 1881
1349 1917
1352 1732
1355 1523
1355 1717
1356 1844
1357 1520
1358 1647
1360 1648
1363 1722
1364 1401
1365 1837
1366 1523
1373 1678
1373 1730
1373 1833
1375 1488
1382 1980
1385 1829
1386 1944
1387 1984
1390 1671
1390 1762
1394 1576
1394 1874
1395 1732
1397 1986
1398 1840
1401 1813
1403 1948
1405 1653
1406 1736
1407 1960
1408 1618
1410 1919
1411 1942
1414 1940
1418 1823
1418 1919
1419 1600
1421 1836
1421 1989
1423 1863
1424 1780
1424 1921
1427 1747
1427 1815
1428 1871
1430 1511
1431 1590
1434 1868
1435 1865
1436 1765
1437 1902
1441 1830
1441 1943
1442 1615
1442 1722
1445 1617
1453 1820
1463 1953
1463 1983
1468 1725
1468 1935
1469 1813
1471 1635
1471 1868
1472 1921
1473 1663
1473 1835
1476 1731
1492 1541
1492 1804
1492 1901
1493 1756
1495 1922
1498 1915
1501 1648
1501 1684
1503 1864
1505 1750
1506 1658
1506 1891
1506 1918
1506 1926
1507 1812
1510 1952
1511 1907
1511 1925
1513 1766
1514 1744
1514 1782
1514 1924
1516 1525
1519 1615
1520 1679
1520 1782
1522 1601
1523 1808
1523 1980
1525 1544
1525 1877
1527 1578
1527 1642
1527 1829
1527 1858
1529 1815
1531 1634
1531 1800
1532 1691
1534 1982
1536 1722
1537 1607
1538 1664
1538 1717
1543 1877
1543 1948
1548 1843
1550 1880
1550 1980
1556 1919
1558 1721
1559 1960
1560 1663
1563 1937
1564 1686
1566 1689
1567 1659
1570 1983
1571 1768
1571 1987
1576 1630
1576 1740
1578 1652
1579 1953
1581 1704
1581 1873
1584 1642
1584 1901
1585 1942
1586 1868
1588 1854
1589 1678
1589 1899
1589 1900
1590 1771
1591 1861
1593 1844
1594 1842
1595 1704
1595 1765
1600 1722
1600 1757
1604 1810
1604 1916
1604 1987
1605 1854
1606 1609
1606 1633
1606 1713
1607 1865
1608 1794
1609 1613
1609 1709
1614 1733
1615 1634
1615 1869
1615 1872
1617 1999
1621 1676
1621 1916
1623 1854
1623 1992
1626 1962
1627 1838
1629 1718
1632 1996
1634 1706
1635 1998
1637 1686
1637 1717
1639 1813
1641 1865
1642 1722
1642 1737
1642 1932
1643 1676
1643 1817
1645 1917
1647 1678
1648 1666
1650 1762
1651 1789
1651 1964
1652 1771
1652 1854
1654 1660
1654 1921
1656 1915
1656 1979
1657 1663
1657 1997
1658 1841
1659 1956
1660 1997
1663 1803
1663 1899
1663 1972
1663 1986
1664 1876
1665 1706
1666 1985
1667 1944
1671 1932
1671 1997
1672 1815
1672 1977
1673 1982
1678 1757
1678 1884
1680 1830
1680 1992
1681 1776
1684 1817
1684 1883
1684 1945
1687 1960
1689 1897
1690 1958
1691 1724
1698 1948
1699 1948
1702 1866
1704 1902
1704 1993
1706 1915
1708 1737
1708 1873
1708 1941
1709 1946
1709 1967
1710 1866
1712 1761
1713 1839
1713 1949
1714 1949
1714 1951
1715 1821
1715 1921
1716 1808
1718 1732
1722 1819
1722 1820
1722 1821
1723 1732
1723 1803
1723 1947
1725 1793
1727 1874
1728 1781
1731 1757
1732 1787
1732 1830
1732 1850
1732 1918
1732 1948
1736 1951
1738 1953
1738 1991
1746 1980
1749 1944
1749 1997
1749 1999
1750 1768
1751 1998
1753 1902
1756 1954
1756 1957
1757 1942
1761 1949
1767 1902
1768 1801
1768 1821
1773 1948
1774 1928
1774 1959
1785 1991
1791 1839
1791 1917
1793 1877
1794 1989
1796 1940
1804 1868
1807 1819
1812 1999
1813 1922
1815 1911
1815 1931
1817 1929
1819 1833
1821 1933
1823 1842
1823 1869
1828 1931
1829 1978
1835 1959
1836 1974
1837 1998
1839 1973
1843 1916
1843 1994
1844 1935
1845 1874
1849 1899
1853 1899
1862 1906
1863 1868
1863 1938
1869 1944
1869 1998
1871 1918
1873 1910
1876 1885
1876 1908
1884 1938
1895 1940
1897 1954
1899 1937
1911 1928
1919 1956
1930 1968
1931 1946
1932 1991
1934 1958
1939 1988
1951 1954
1952 1958
1971 1983
1977 1998
1983 1996
