0 1
0 2
0 3
0 4
1 6
1 7
1 8
1 9
1 35
1 50
1 73
1 74
1 75
1 77
1 87
1 104
1 111
1 123
1 131
1 142
1 144
1 146
1 150
1 152
1 168
1 190
1 191
1 198
1 202
1 210
1 261
1 262
1 263
1 264
1 265
1 266
1 267
1 268
1 269
1 270
1 271
1 272
1 273
1 274
1 275
1 276
1 277
1 278
1 279
1 280
1 281
1 282
1 283
1 284
1 285
1 286
1 287
1 288
1 289
1 290
1 291
1 292
1 293
1 294
1 295
1 296
1 297
1 298
1 299
1 300
1 301
1 302
1 303
1 304
1 305
1 306
1 307
1 308
1 309
1 310
1 311
1 312
1 313
1 314
1 315
1 316
1 317
1 318
1 319
1 320
1 321
1 322
1 323
1 324
1 325
1 326
1 327
1 328
1 329
1 330
1 331
1 332
1 333
1 334
1 335
1 336
1 337
1 338
1 339
1 340
1 341
1 342
1 343
1 344
1 345
1 346
1 347
1 348
1 349
1 350
1 351
1 352
1 353
1 354
1 355
1 356
1 357
1 358
1 359
1 360
1 361
1 362
1 363
1 364
1 365
1 366
1 367
1 368
1 369
1 370
1 371
1 372
1 373
1 374
1 375
1 376
1 377
1 378
1 379
1 380
1 381
1 382
2 73
2 142
2 226
2 268
2 406
2 481
2 544
2 623
2 741
2 867
2 904
2 987
2 1054
2 1120
2 1299
2 1336
2 1407
2 1470
2 1586
2 1587
2 1588
3 8
3 24
3 31
3 87
3 198
3 239
3 253
3 273
3 284
3 312
3 385
3 472
3 640
3 672
3 705
3 725
3 747
3 942
3 994
3 1211
3 1241
3 1302
3 1394
3 1428
3 1467
3 1493
3 1524
3 1526
3 1573
3 1583
3 1696
3 1698
3 1712
3 1737
3 1738
3 1739
3 1740
3 1741
3 1742
3 1743
4 74
4 195
4 495
4 1300
4 1811
6 7
6 8
6 9
6 10
6 11
6 12
6 13
6 14
6 15
6 16
6 17
6 18
6 19
6 20
6 21
6 22
6 23
6 24
6 25
6 26
6 27
6 28
6 29
6 30
6 31
6 32
6 33
6 34
6 35
6 36
6 37
6 38
6 39
6 40
6 41
6 42
6 43
6 44
6 45
6 46
6 47
6 48
6 49
6 50
6 51
6 52
6 53
6 54
6 55
6 56
6 57
6 58
6 59
6 60
6 61
6 62
6 63
6 64
6 65
6 66
6 67
6 68
6 69
6 70
6 71
6 72
7 70
7 74
7 142
7 456
8 74
8 142
9 74
9 147
9 148
9 201
10 198
10 585
13 147
16 605
17 183
18 74
19 74
20 74
20 295
22 74
25 74
28 74
29 295
30 74
33 1736
39 74
43 164
44 201
44 1903
45 585
46 195
49 205
49 627
49 678
49 1062
49 1201
49 1216
49 1353
49 1496
49 1780
49 1848
49 1939
50 861
50 932
50 1132
50 1833
51 82
51 195
51 521
51 691
51 1551
53 456
56 216
56 346
56 817
56 859
56 992
56 1122
56 1713
56 1903
56 1959
57 585
57 704
57 1596
57 1809
61 702
61 777
61 872
61 1055
61 1203
64 200
65 75
65 235
65 304
65 1288
65 1526
65 1785
67 73
67 1187
67 1713
67 1984
69 220
69 273
69 670
69 1736
70 157
70 629
70 912
71 241
71 460
71 906
71 999
73 74
74 75
74 78
74 81
74 85
74 91
74 118
74 145
74 159
74 164
74 190
74 192
74 194
74 209
74 215
74 224
74 240
74 261
74 262
74 269
74 299
74 383
74 385
74 386
74 388
74 389
74 423
74 432
74 484
74 498
74 503
74 505
74 511
74 530
74 551
74 556
74 584
74 585
74 586
74 587
74 588
74 589
74 590
74 591
74 592
74 593
74 594
74 595
74 596
74 597
74 598
74 599
74 600
74 601
74 602
74 603
74 604
74 605
74 606
74 607
74 608
74 609
74 610
74 611
74 612
74 613
74 614
74 615
74 616
74 617
74 618
74 619
74 620
74 621
74 622
74 623
74 624
74 625
74 626
74 627
74 628
74 629
74 630
74 631
74 632
74 633
74 634
74 635
74 636
74 637
74 638
74 639
74 640
74 641
74 642
74 643
74 644
74 645
74 646
74 647
74 648
74 649
74 650
74 651
74 652
74 653
74 654
74 655
74 656
74 657
74 658
74 659
74 660
74 661
74 662
74 663
74 664
74 665
75 142
75 147
75 191
75 605
76 148
76 191
77 456
78 148
80 191
85 1219
85 1687
93 192
95 198
96 456
97 1944
117 1897
118 201
129 1695
130 200
132 191
142 143
142 144
142 145
142 146
142 147
142 148
142 149
142 150
142 151
142 152
142 153
142 154
142 155
142 156
142 157
142 158
142 159
142 160
142 161
142 162
142 163
142 164
142 165
142 166
142 167
142 168
142 169
142 170
142 171
142 172
142 173
142 174
142 175
142 176
142 177
142 178
142 179
142 180
142 181
142 182
142 183
142 184
142 185
142 186
142 187
142 188
142 189
144 191
145 147
145 1219
146 192
147 180
147 185
147 254
147 271
147 319
147 324
147 336
147 383
147 456
147 463
147 578
147 591
147 683
147 688
147 805
147 861
147 1099
147 1219
147 1293
147 1294
147 1295
147 1296
147 1297
147 1298
148 232
148 272
148 383
148 407
148 454
148 900
148 1046
148 1065
148 1295
148 1370
148 1449
148 1451
148 1452
148 1453
151 1297
152 303
152 1690
154 585
155 191
155 201
157 178
161 1738
164 1068
164 1184
164 1211
164 1375
164 1667
164 1804
165 303
169 198
177 255
177 414
177 534
177 1612
177 1621
178 326
178 682
178 1085
179 1738
181 414
181 456
181 980
181 1079
181 1201
181 1379
182 725
182 1027
182 1754
182 1909
182 1946
183 303
183 1177
183 1185
184 444
184 590
184 604
184 612
186 413
186 970
186 1243
186 1635
187 407
187 1358
187 1602
187 1636
188 585
188 1237
188 1395
188 1972
189 201
189 317
189 1153
189 1534
190 191
190 192
190 195
190 198
190 200
190 201
191 195
191 203
191 265
191 266
191 268
191 269
191 284
191 293
191 305
191 310
191 347
191 381
191 384
191 386
191 393
191 595
191 629
191 678
191 685
191 694
191 696
191 737
191 742
191 753
191 776
191 849
191 894
191 1000
191 1099
191 1117
191 1118
191 1119
191 1120
191 1121
191 1122
191 1123
191 1124
191 1125
191 1126
191 1127
191 1128
191 1129
191 1130
191 1131
192 264
192 383
192 903
192 940
192 1001
192 1214
192 1340
192 1341
194 195
195 261
195 263
195 282
195 395
195 396
195 433
195 474
195 522
195 599
195 680
195 687
195 736
195 896
195 937
195 967
195 1037
195 1173
195 1217
195 1231
195 1247
195 1408
195 1463
195 1510
195 1511
195 1512
195 1513
195 1514
195 1515
195 1516
195 1517
198 200
198 263
198 268
198 396
198 501
198 842
198 881
198 937
198 994
198 1515
198 1617
198 1646
198 1654
198 1694
198 1695
198 1696
198 1697
200 222
200 383
200 492
200 550
200 666
200 670
200 674
200 758
200 781
200 1311
200 1352
200 1489
200 1495
200 1516
200 1568
200 1613
200 1649
200 1687
200 1757
200 1764
200 1765
200 1766
201 283
201 495
201 640
201 1039
201 1456
201 1687
201 1714
201 1764
201 1768
201 1789
201 1800
238 1951
242 1954
261 585
262 605
263 585
275 585
280 1667
283 1736
285 295
295 322
295 384
295 394
295 509
295 520
295 606
295 902
295 1078
295 1219
295 1805
295 1843
300 585
301 1785
303 317
303 667
303 783
303 784
303 928
303 1072
303 1161
303 1239
303 1331
303 1350
303 1588
303 1701
303 1792
303 1931
311 585
358 1690
361 1124
387 585
401 1737
402 1219
438 605
451 1689
456 488
456 1690
478 1128
498 1128
498 1785
499 1690
512 1737
512 1953
530 1694
553 1897
554 1695
563 585
566 1953
575 1667
584 585
585 669
585 677
585 683
585 693
585 777
585 778
585 889
585 986
585 990
585 1028
585 1135
585 1164
585 1235
585 1259
585 1269
585 1270
585 1271
585 1272
585 1273
585 1274
585 1275
585 1276
585 1277
585 1278
585 1279
585 1280
585 1281
585 1282
585 1283
585 1284
585 1285
585 1286
590 1738
603 1946
605 611
605 725
605 868
605 1049
605 1261
605 1286
605 1416
605 1954
614 1694
620 1695
681 1738
693 1737
710 1897
717 1687
718 1951
734 1953
755 1946
783 1903
827 1951
854 1297
860 1694
872 1738
872 1897
875 1128
880 1219
883 1953
917 1297
917 1954
931 1687
931 1689
934 1689
942 1219
954 1128
957 1903
993 1667
994 1737
997 1785
1025 1737
1065 1897
1066 1736
1071 1667
1072 1124
1084 1737
1096 1738
1102 1953
1107 1219
1118 1951
1122 1946
1124 1222
1124 1586
1124 1765
1128 1990
1168 1946
1183 1737
1184 1667
1185 1687
1186 1695
1187 1694
1196 1297
1219 1438
1219 1836
1219 1857
1219 1966
1258 1953
1275 1738
1297 1647
1334 1897
1335 1785
1371 1903
1386 1944
1406 1736
1430 1903
1463 1953
1566 1689
1579 1953
1642 1737
1667 1944
1687 1960
1689 1897
1690 1958
1708 1737
1709 1946
1711 1903
1714 1951
1736 1951
1738 1953
1738 1991
1749 1944
1756 1954
1785 1991
1869 1944
1897 1954
1931 1946
1951 1954
