0 1
0 3
0 4
1 6
1 7
1 8
1 9
1 35
1 50
1 73
1 74
1 75
1 77
1 87
1 104
1 111
1 123
1 131
1 142
1 144
1 146
1 150
1 152
1 168
1 190
1 191
1 198
1 202
1 210
1 261
1 262
1 263
1 264
1 265
1 266
1 267
1 268
1 269
1 270
1 271
1 272
1 273
1 274
1 275
1 276
1 277
1 278
1 279
1 280
1 281
1 282
1 283
1 284
1 285
1 286
1 287
1 288
1 289
1 290
1 291
1 292
1 293
1 294
1 295
1 296
1 297
1 298
1 299
1 300
1 301
1 302
1 303
1 304
1 305
1 306
1 307
1 308
1 309
1 310
1 311
1 312
1 313
1 314
1 315
1 316
1 317
1 318
1 319
1 320
1 321
1 322
1 323
1 324
1 325
1 326
1 327
1 328
1 329
1 330
1 331
1 332
1 333
1 334
1 335
1 336
1 337
1 338
1 339
1 340
1 341
1 342
1 343
1 344
1 345
1 346
1 347
1 348
1 349
1 350
1 351
1 352
1 353
1 354
1 355
1 356
1 357
1 358
1 359
1 360
1 361
1 362
1 363
1 364
1 365
1 366
1 367
1 368
1 369
1 370
1 371
1 372
1 373
1 374
1 375
1 376
1 377
1 378
1 379
1 380
1 381
1 382
3 8
3 24
3 31
3 87
3 198
3 239
3 253
3 273
3 284
3 312
3 385
3 472
3 640
3 672
3 705
3 725
3 747
3 942
3 994
3 1211
3 1241
3 1302
3 1394
3 1428
3 1467
3 1493
3 1524
3 1526
3 1573
3 1583
3 1696
3 1698
3 1712
3 1737
3 1738
3 1739
3 1740
3 1741
3 1742
3 1743
4 74
4 195
4 495
4 1300
4 1811
6 7
6 10
6 50
6 70
7 8
7 9
7 16
7 22
7 30
7 36
7 70
7 73
7 74
7 92
7 96
7 104
7 115
7 142
7 143
7 144
7 146
7 175
7 190
7 193
7 194
7 196
7 236
7 244
7 261
7 262
7 263
7 268
7 269
7 270
7 275
7 280
7 285
7 292
7 322
7 328
7 360
7 383
7 384
7 385
7 386
7 387
7 388
7 389
7 390
7 391
7 392
7 393
7 394
7 395
7 396
7 397
7 398
7 399
7 400
7 401
7 402
7 403
7 404
7 405
7 406
7 407
7 408
7 409
7 410
7 411
7 412
7 413
7 414
7 415
7 416
7 417
7 418
7 419
7 420
7 421
7 422
7 423
7 424
7 425
7 426
7 427
7 428
7 429
7 430
7 431
7 432
7 433
7 434
7 435
7 436
7 437
7 438
7 439
7 440
7 441
7 442
7 443
7 444
7 445
7 446
7 447
7 448
7 449
7 450
7 451
7 452
7 453
7 454
7 455
7 456
7 457
7 458
7 459
7 460
7 461
7 462
7 463
7 464
7 465
7 466
7 467
7 468
7 469
7 470
7 471
7 472
7 473
7 474
7 475
7 476
7 477
7 478
7 479
7 480
7 481
7 482
7 483
7 484
7 485
7 486
7 487
7 488
7 489
7 490
7 491
7 492
7 493
7 494
8 10
8 74
8 199
9 74
9 150
9 587
10 22
10 76
10 89
10 121
10 143
10 146
10 150
10 160
10 198
10 202
10 215
10 233
10 236
10 265
10 277
10 296
10 384
10 393
10 483
10 496
10 585
10 642
10 799
10 836
10 868
10 922
10 990
10 1051
10 1066
10 1077
10 1117
10 1132
10 1133
10 1134
10 1135
10 1136
10 1137
10 1138
10 1139
10 1140
10 1141
10 1142
10 1143
10 1144
10 1145
10 1146
10 1147
10 1148
10 1149
10 1150
10 1151
10 1152
10 1153
10 1154
10 1155
10 1156
10 1157
10 1158
10 1159
10 1160
10 1161
10 1162
10 1163
12 1335
13 197
13 1163
16 1163
18 74
19 74
19 145
19 150
20 74
20 193
20 295
20 353
22 74
23 1157
23 1216
25 74
25 1216
28 74
29 295
29 1225
30 74
39 74
42 276
46 195
49 1216
50 861
50 932
50 1132
50 1833
51 195
64 200
65 1785
70 157
70 629
70 912
73 74
73 78
74 75
74 78
74 81
74 85
74 91
74 118
74 145
74 159
74 164
74 190
74 192
74 194
74 209
74 215
74 224
74 240
74 261
74 262
74 269
74 299
74 383
74 385
74 386
74 388
74 389
74 423
74 432
74 484
74 498
74 503
74 505
74 511
74 530
74 551
74 556
74 584
74 585
74 586
74 587
74 588
74 589
74 590
74 591
74 592
74 593
74 594
74 595
74 596
74 597
74 598
74 599
74 600
74 601
74 602
74 603
74 604
74 605
74 606
74 607
74 608
74 609
74 610
74 611
74 612
74 613
74 614
74 615
74 616
74 617
74 618
74 619
74 620
74 621
74 622
74 623
74 624
74 625
74 626
74 627
74 628
74 629
74 630
74 631
74 632
74 633
74 634
74 635
74 636
74 637
74 638
74 639
74 640
74 641
74 642
74 643
74 644
74 645
74 646
74 647
74 648
74 649
74 650
74 651
74 652
74 653
74 654
74 655
74 656
74 657
74 658
74 659
74 660
74 661
74 662
74 663
74 664
74 665
75 191
75 196
75 197
75 199
75 276
76 78
76 145
76 191
76 276
76 587
78 81
78 92
78 148
78 155
78 161
78 168
78 194
78 262
78 265
78 321
78 458
78 770
78 808
78 819
78 887
78 992
78 1001
78 1071
78 1090
78 1144
78 1381
78 1382
78 1383
78 1384
79 1160
80 191
82 145
84 193
85 1219
85 1232
85 1687
93 192
95 198
100 1137
104 150
129 1695
130 200
132 191
136 1137
142 145
142 150
143 193
144 191
145 147
145 190
145 197
145 219
145 267
145 273
145 322
145 343
145 345
145 359
145 383
145 420
145 477
145 531
145 532
145 534
145 535
145 609
145 627
145 633
145 713
145 733
145 785
145 827
145 860
145 876
145 895
145 912
145 958
145 1048
145 1065
145 1137
145 1216
145 1217
145 1218
145 1219
145 1220
145 1221
145 1222
145 1223
145 1224
145 1225
145 1226
145 1227
145 1228
145 1229
145 1230
145 1231
145 1232
145 1233
145 1234
146 192
146 1155
147 1219
150 151
150 277
150 321
150 344
150 360
150 410
150 423
150 508
150 559
150 565
150 588
150 644
150 667
150 677
150 822
150 824
150 900
150 915
150 936
150 939
150 978
150 1026
150 1043
150 1055
150 1060
150 1154
150 1160
150 1175
150 1184
150 1284
150 1373
150 1438
150 1449
150 1466
150 1578
150 1589
150 1590
150 1591
150 1592
150 1593
150 1594
150 1595
151 197
152 193
155 191
155 1233
157 193
161 1738
163 1162
169 198
170 587
179 1738
190 191
190 192
190 193
190 195
190 196
190 197
190 198
190 199
190 200
191 195
191 203
191 265
191 266
191 268
191 269
191 284
191 293
191 305
191 310
191 347
191 381
191 384
191 386
191 393
191 595
191 629
191 678
191 685
191 694
191 696
191 737
191 742
191 753
191 776
191 849
191 894
191 1000
191 1099
191 1117
191 1118
191 1119
191 1120
191 1121
191 1122
191 1123
191 1124
191 1125
191 1126
191 1127
191 1128
191 1129
191 1130
191 1131
192 264
192 383
192 903
192 940
192 1001
192 1214
192 1340
192 1341
193 310
193 321
193 383
193 384
193 391
193 420
193 496
193 549
193 591
193 603
193 668
193 673
193 823
193 825
193 876
193 1027
193 1229
193 1299
193 1342
193 1373
193 1374
193 1375
193 1376
193 1377
193 1378
193 1379
193 1380
194 195
194 196
194 1223
195 261
195 263
195 282
195 395
195 396
195 433
195 474
195 522
195 599
195 680
195 687
195 736
195 896
195 937
195 967
195 1037
195 1173
195 1217
195 1231
195 1247
195 1408
195 1463
195 1510
195 1511
195 1512
195 1513
195 1514
195 1515
195 1516
195 1517
196 207
196 292
196 342
196 413
196 469
196 590
196 612
196 631
196 663
196 709
196 788
196 792
196 860
196 871
196 894
196 931
196 954
196 1093
196 1100
196 1154
196 1322
196 1404
196 1522
196 1547
196 1566
196 1567
196 1568
196 1569
196 1570
197 296
197 304
197 397
197 1071
197 1652
198 200
198 263
198 268
198 396
198 501
198 842
198 881
198 937
198 994
198 1515
198 1617
198 1646
198 1654
198 1694
198 1695
198 1696
198 1697
199 273
199 276
199 415
199 498
199 673
199 1024
199 1301
199 1702
200 222
200 383
200 492
200 550
200 666
200 670
200 674
200 758
200 781
200 1311
200 1352
200 1489
200 1495
200 1516
200 1568
200 1613
200 1649
200 1687
200 1757
200 1764
200 1765
200 1766
201 1687
210 1216
225 1155
262 587
262 882
266 424
267 1144
268 587
271 1151
275 1137
276 318
276 390
276 424
276 628
276 673
276 680
276 696
276 828
276 896
276 932
276 1203
276 1300
276 1527
276 1569
276 1578
276 1609
276 1642
276 1643
276 1644
276 1645
276 1646
276 1647
285 295
290 1161
294 1864
295 322
295 384
295 394
295 509
295 520
295 606
295 902
295 1078
295 1219
295 1805
295 1843
301 1785
303 1161
325 1147
332 1216
338 1864
353 586
353 711
353 1155
353 1469
353 1534
353 1598
353 1996
359 1157
361 1124
383 882
388 1144
398 1232
401 1335
401 1737
402 1219
405 1335
409 1145
417 424
418 1151
421 587
424 882
424 1222
424 1483
424 1596
424 1958
438 1216
448 1157
451 1652
455 587
478 1128
497 1662
498 1128
498 1785
501 1216
504 1150
512 1737
512 1953
515 587
516 882
526 1216
530 1694
532 1216
536 1216
541 1223
554 1695
566 1953
587 651
587 837
587 882
587 920
587 930
587 1059
587 1367
587 1404
587 1657
587 1658
587 1659
587 1660
587 1661
587 1662
590 1738
604 1216
614 1694
615 1162
620 1695
628 1145
630 1225
637 1216
640 1151
645 1216
658 1725
665 1335
669 1223
672 1163
681 1725
681 1738
693 1737
710 1216
717 1687
721 1157
734 1953
783 1662
826 1725
852 1233
855 1150
860 1694
862 1223
872 1738
873 1232
875 1128
880 1219
882 1052
882 1151
883 1953
885 1216
905 1864
916 1660
919 1232
931 1687
932 1725
942 1219
948 1225
954 1128
973 1162
994 1737
995 1216
997 1785
1025 1660
1025 1737
1059 1160
1065 1144
1066 1155
1072 1124
1073 1234
1084 1737
1086 1150
1096 1738
1102 1953
1104 1216
1107 1219
1121 1223
1124 1222
1124 1586
1124 1765
1128 1990
1129 1233
1137 1167
1137 1849
1137 1935
1137 1976
1137 1991
1145 1185
1145 1878
1147 1172
1147 1360
1147 1424
1150 1424
1150 1617
1150 1789
1154 1160
1161 1206
1161 1932
1162 1301
1163 1628
1166 1335
1167 1223
1183 1737
1185 1687
1186 1695
1187 1694
1216 1335
1216 1555
1216 1864
1216 1885
1216 1928
1216 1929
1219 1438
1219 1836
1219 1857
1219 1966
1223 1433
1223 1608
1223 1641
1223 1709
1223 1805
1223 1846
1223 1852
1223 1957
1225 1310
1225 1501
1233 1658
1234 1302
1234 1725
1234 1838
1258 1953
1272 1662
1275 1738
1300 1662
1335 1462
1335 1660
1335 1785
1335 1850
1463 1953
1468 1725
1503 1864
1578 1652
1579 1953
1642 1737
1652 1771
1652 1854
1654 1660
1660 1997
1687 1960
1708 1737
1725 1793
1738 1953
1738 1991
1785 1991
