0 1
0 3
0 4
1 6
1 7
1 8
1 9
1 35
1 50
1 73
1 74
1 75
1 77
1 87
1 104
1 111
1 123
1 131
1 142
1 144
1 146
1 150
1 152
1 168
1 190
1 191
1 198
1 202
1 210
1 261
1 262
1 263
1 264
1 265
1 266
1 267
1 268
1 269
1 270
1 271
1 272
1 273
1 274
1 275
1 276
1 277
1 278
1 279
1 280
1 281
1 282
1 283
1 284
1 285
1 286
1 287
1 288
1 289
1 290
1 291
1 292
1 293
1 294
1 295
1 296
1 297
1 298
1 299
1 300
1 301
1 302
1 303
1 304
1 305
1 306
1 307
1 308
1 309
1 310
1 311
1 312
1 313
1 314
1 315
1 316
1 317
1 318
1 319
1 320
1 321
1 322
1 323
1 324
1 325
1 326
1 327
1 328
1 329
1 330
1 331
1 332
1 333
1 334
1 335
1 336
1 337
1 338
1 339
1 340
1 341
1 342
1 343
1 344
1 345
1 346
1 347
1 348
1 349
1 350
1 351
1 352
1 353
1 354
1 355
1 356
1 357
1 358
1 359
1 360
1 361
1 362
1 363
1 364
1 365
1 366
1 367
1 368
1 369
1 370
1 371
1 372
1 373
1 374
1 375
1 376
1 377
1 378
1 379
1 380
1 381
1 382
3 8
3 24
3 31
3 87
3 198
3 239
3 253
3 273
3 284
3 312
3 385
3 472
3 640
3 672
3 705
3 725
3 747
3 942
3 994
3 1211
3 1241
3 1302
3 1394
3 1428
3 1467
3 1493
3 1524
3 1526
3 1573
3 1583
3 1696
3 1698
3 1712
3 1737
3 1738
3 1739
3 1740
3 1741
3 1742
3 1743
4 74
4 195
4 495
4 1300
4 1811
6 7
6 8
6 9
6 10
6 11
6 12
6 13
6 14
6 15
6 16
6 17
6 18
6 19
6 20
6 21
6 22
6 23
6 24
6 25
6 26
6 27
6 28
6 29
6 30
6 31
6 32
6 33
6 34
6 35
6 36
6 37
6 38
6 39
6 40
6 41
6 42
6 43
6 44
6 45
6 46
6 47
6 48
6 49
6 50
6 51
6 52
6 53
6 54
6 55
6 56
6 57
6 58
6 59
6 60
6 61
6 62
6 63
6 64
6 65
6 66
6 67
6 68
6 69
6 70
6 71
6 72
7 70
7 74
7 146
7 190
7 193
7 196
8 33
8 74
8 199
9 74
9 148
9 150
9 201
9 271
9 278
9 287
10 146
10 150
10 296
10 585
10 1137
10 1151
10 1154
10 1155
10 1161
11 190
11 835
11 1307
11 1311
12 68
12 1167
13 197
14 190
16 290
16 605
17 1311
18 74
18 146
19 74
19 146
19 150
20 74
20 190
20 193
21 254
21 1176
22 74
22 287
22 1682
23 190
23 1216
23 1718
24 1768
25 74
25 274
25 1216
27 1722
27 1732
27 1885
28 74
29 710
30 74
31 75
31 262
31 407
31 835
31 1185
31 1273
31 1566
33 136
33 159
33 333
33 402
33 437
33 567
33 594
33 615
33 1122
33 1134
33 1513
33 1736
33 1871
35 1930
37 1692
39 74
39 290
43 1826
44 201
44 1903
45 272
45 585
45 1984
46 195
46 290
47 1995
49 205
49 627
49 678
49 1062
49 1201
49 1216
49 1353
49 1496
49 1780
49 1848
49 1939
50 861
50 932
50 1132
50 1833
51 82
51 195
51 521
51 691
51 1551
56 216
56 346
56 817
56 859
56 992
56 1122
56 1713
56 1903
56 1959
57 585
57 704
57 1596
57 1809
58 151
58 1043
58 1307
58 1789
60 123
60 283
60 510
60 542
60 618
60 768
60 1553
60 1697
61 702
61 777
61 872
61 1055
61 1203
62 190
64 200
65 75
65 235
65 304
65 1288
65 1526
65 1785
66 152
66 390
66 807
66 1152
66 1807
67 73
67 1187
67 1713
67 1984
68 328
68 868
68 1815
69 1736
70 157
70 629
70 912
71 241
71 460
71 906
71 999
73 74
73 138
74 75
74 78
74 81
74 85
74 91
74 118
74 145
74 159
74 164
74 190
74 192
74 194
74 209
74 215
74 224
74 240
74 261
74 262
74 269
74 299
74 383
74 385
74 386
74 388
74 389
74 423
74 432
74 484
74 498
74 503
74 505
74 511
74 530
74 551
74 556
74 584
74 585
74 586
74 587
74 588
74 589
74 590
74 591
74 592
74 593
74 594
74 595
74 596
74 597
74 598
74 599
74 600
74 601
74 602
74 603
74 604
74 605
74 606
74 607
74 608
74 609
74 610
74 611
74 612
74 613
74 614
74 615
74 616
74 617
74 618
74 619
74 620
74 621
74 622
74 623
74 624
74 625
74 626
74 627
74 628
74 629
74 630
74 631
74 632
74 633
74 634
74 635
74 636
74 637
74 638
74 639
74 640
74 641
74 642
74 643
74 644
74 645
74 646
74 647
74 648
74 649
74 650
74 651
74 652
74 653
74 654
74 655
74 656
74 657
74 658
74 659
74 660
74 661
74 662
74 663
74 664
74 665
75 196
75 197
75 199
75 605
75 710
76 148
76 272
76 287
76 596
76 710
78 148
79 1168
80 190
81 278
82 190
83 190
84 193
84 871
85 1164
85 1219
85 1687
86 190
96 1935
98 274
100 1137
102 1899
104 150
108 1984
111 1202
111 1718
117 1663
117 1897
118 201
121 1838
122 1692
127 1709
130 200
131 302
134 274
136 1137
138 190
138 859
138 1167
138 1319
142 146
142 148
142 150
142 152
142 180
142 182
142 188
142 189
143 193
143 272
144 274
144 1202
145 190
145 197
145 1137
145 1216
145 1219
145 1223
145 1234
146 157
146 192
146 207
146 220
146 330
146 384
146 495
146 517
146 677
146 682
146 699
146 745
146 750
146 797
146 818
146 869
146 894
146 991
146 998
146 1033
146 1041
146 1048
146 1061
146 1119
146 1155
146 1261
146 1262
146 1263
146 1264
146 1265
146 1266
146 1267
146 1268
147 180
147 254
147 271
147 1219
148 232
148 272
148 383
148 407
148 454
148 900
148 1046
148 1065
148 1295
148 1370
148 1449
148 1451
148 1452
148 1453
149 281
150 151
150 277
150 321
150 344
150 360
150 410
150 423
150 508
150 559
150 565
150 588
150 644
150 667
150 677
150 822
150 824
150 900
150 915
150 936
150 939
150 978
150 1026
150 1043
150 1055
150 1060
150 1154
150 1160
150 1175
150 1184
150 1284
150 1373
150 1438
150 1449
150 1466
150 1578
150 1589
150 1590
150 1591
150 1592
150 1593
150 1594
150 1595
151 190
151 197
152 193
152 269
152 303
152 400
152 511
152 879
152 894
152 1060
152 1296
152 1479
152 1564
152 1621
152 1657
152 1690
152 1691
154 585
154 1729
155 201
156 190
156 1167
156 1176
157 193
158 1819
161 1738
163 1819
167 1164
172 1885
175 281
176 1167
179 1738
180 190
180 497
180 1135
180 1490
182 725
182 1027
182 1754
182 1909
182 1946
188 585
188 1237
188 1395
188 1972
189 201
189 317
189 1153
189 1534
190 191
190 192
190 193
190 194
190 195
190 196
190 197
190 198
190 199
190 200
190 201
190 202
190 203
190 204
190 205
190 206
190 207
190 208
190 209
190 210
190 211
190 212
190 213
190 214
190 215
190 216
190 217
190 218
190 219
190 220
190 221
190 222
190 223
190 224
190 225
190 226
190 227
190 228
190 229
190 230
190 231
190 232
190 233
190 234
190 235
190 236
190 237
190 238
190 239
190 240
190 241
190 242
190 243
190 244
190 245
190 246
190 247
190 248
190 249
190 250
190 251
190 252
190 253
190 254
190 255
190 256
190 257
190 258
190 259
190 260
191 195
191 1124
193 310
193 321
193 383
193 384
193 391
193 420
193 496
193 549
193 591
193 603
193 668
193 673
193 823
193 825
193 876
193 1027
193 1229
193 1299
193 1342
193 1373
193 1374
193 1375
193 1376
193 1377
193 1378
193 1379
193 1380
194 195
194 196
194 1223
194 1235
195 261
195 263
195 282
195 395
195 396
195 433
195 474
195 522
195 599
195 680
195 687
195 736
195 896
195 937
195 967
195 1037
195 1173
195 1217
195 1231
195 1247
195 1408
195 1463
195 1510
195 1511
195 1512
195 1513
195 1514
195 1515
195 1516
195 1517
196 207
196 292
196 342
196 413
196 469
196 590
196 612
196 631
196 663
196 709
196 788
196 792
196 860
196 871
196 894
196 931
196 954
196 1093
196 1100
196 1154
196 1322
196 1404
196 1522
196 1547
196 1566
196 1567
196 1568
196 1569
196 1570
197 296
197 304
197 397
197 1071
197 1652
198 200
198 1696
199 273
199 276
199 415
199 498
199 673
199 1024
199 1301
199 1702
200 222
200 383
200 492
200 550
200 666
200 670
200 674
200 758
200 781
200 1311
200 1352
200 1489
200 1495
200 1516
200 1568
200 1613
200 1649
200 1687
200 1757
200 1764
200 1765
200 1766
201 283
201 495
201 640
201 1039
201 1456
201 1687
201 1714
201 1764
201 1768
201 1789
201 1800
202 271
204 1828
204 1830
205 1168
206 1663
206 1844
208 1167
208 1780
210 281
210 1216
214 1663
225 1155
226 1830
227 1722
230 1167
233 1202
238 1951
239 271
242 272
242 1954
245 1803
248 1835
249 272
254 261
254 1197
261 274
261 281
261 302
261 585
261 835
262 271
262 605
262 864
262 871
263 271
263 278
263 585
264 274
265 1164
265 1167
265 1168
265 1176
266 1235
268 272
271 393
271 586
271 654
271 791
271 1151
271 1210
271 1290
271 1393
271 1518
271 1519
271 1520
271 1521
272 588
272 720
272 1158
272 1164
272 1425
272 1437
272 1519
272 1557
272 1558
272 1559
272 1560
272 1561
273 296
273 596
273 1235
274 388
274 395
274 416
274 511
274 732
274 783
274 827
274 864
274 1611
274 1612
274 1613
274 1614
275 585
275 1137
278 345
278 399
278 584
278 654
278 796
278 1003
278 1004
278 1101
278 1186
278 1435
279 1663
279 1664
281 296
281 470
281 493
281 667
281 896
281 1008
281 1156
281 1247
281 1540
281 1671
281 1672
281 1673
281 1674
283 1722
283 1732
283 1736
284 1756
285 1768
286 1771
287 586
287 621
287 1031
287 1540
289 290
290 472
290 495
290 694
290 697
290 734
290 823
290 946
290 960
290 1004
290 1161
290 1256
290 1257
290 1374
290 1381
290 1567
290 1571
290 1590
290 1828
290 1834
290 1835
290 1836
290 1837
290 1838
291 1843
294 1864
295 1219
295 1843
296 724
296 869
296 1394
296 1697
296 1833
299 1724
300 585
301 1722
301 1785
302 525
302 560
302 666
302 781
302 796
302 829
302 998
302 1004
302 1021
302 1102
302 1115
302 1133
302 1287
302 1373
302 1395
302 1476
302 1587
302 1749
302 1756
302 1761
303 317
303 1161
305 1307
307 1202
311 585
317 674
317 697
317 1477
317 1682
318 1722
328 1780
331 1711
331 1899
332 1216
333 1930
336 1696
336 1722
338 1864
348 1820
352 864
353 1155
358 1690
361 1124
378 710
387 585
394 1692
396 1722
397 1826
401 1737
402 1219
407 1819
411 1663
411 1709
411 1834
411 1937
416 1833
418 1151
418 1773
422 1664
426 1984
429 1756
438 605
438 1216
448 1732
449 1307
449 1995
451 1652
451 1689
452 835
456 1690
458 1820
470 1819
472 1718
476 1819
496 835
498 1785
499 1690
501 596
501 1216
504 1838
512 1737
512 1953
516 1930
520 1718
524 1307
526 1216
532 1216
536 835
536 1216
541 1223
551 1819
553 1897
563 585
566 1953
573 1680
584 585
584 864
585 669
585 677
585 683
585 693
585 777
585 778
585 889
585 986
585 990
585 1028
585 1135
585 1164
585 1235
585 1259
585 1269
585 1270
585 1271
585 1272
585 1273
585 1274
585 1275
585 1276
585 1277
585 1278
585 1279
585 1280
585 1281
585 1282
585 1283
585 1284
585 1285
585 1286
589 1682
589 1709
590 1738
590 1803
591 1307
592 1164
593 1722
596 610
596 704
596 860
596 1200
596 1228
596 1366
596 1692
596 1741
597 1826
602 1235
603 1771
603 1803
603 1946
604 1154
604 1216
604 1709
605 611
605 725
605 868
605 1049
605 1261
605 1286
605 1416
605 1954
615 1818
621 1844
626 1664
637 1216
637 1899
640 1151
642 864
643 1995
645 1216
650 1664
658 1725
669 710
669 1168
669 1223
669 1680
670 1680
670 1750
674 1722
674 1818
679 1729
681 1725
681 1738
682 1876
691 1773
693 1737
694 864
699 1168
700 1663
710 1216
710 1556
710 1755
710 1773
710 1897
717 1687
718 1951
719 1750
721 1235
721 1696
725 1984
734 1953
735 1995
751 1992
755 1946
778 1682
781 1722
781 1876
783 1903
785 1164
788 1992
795 1826
800 871
815 864
824 1168
826 1202
826 1725
827 1951
835 1205
835 1272
835 1496
835 1509
835 1511
835 1729
835 1762
835 1765
835 1834
835 1930
835 1943
835 1996
837 1765
841 1835
853 1663
860 1164
860 1711
861 1722
861 1724
862 1223
862 1664
862 1876
864 932
864 1284
864 1527
864 1588
864 1804
864 1828
864 1904
864 1922
865 1167
870 871
871 1120
871 1533
871 1574
871 1587
871 1625
871 1675
871 1899
871 1925
871 1935
871 1982
872 1738
872 1897
872 1943
877 1311
880 1219
882 1151
883 1953
885 1216
894 1235
905 1864
910 1729
911 1982
917 1771
917 1954
922 1820
931 1687
931 1689
932 1722
932 1724
932 1725
934 1689
937 1820
938 1828
940 1937
941 1828
942 1219
945 1937
953 1164
953 1836
956 1724
957 1664
957 1903
963 1692
966 1771
973 1663
989 1711
994 1737
994 1937
995 1216
995 1943
997 1785
1000 1729
1002 1307
1006 1830
1015 1691
1019 1876
1024 1663
1025 1737
1025 1876
1029 1930
1031 1164
1031 1711
1032 1682
1042 1311
1043 1164
1052 1766
1065 1696
1065 1897
1066 1155
1066 1736
1067 1750
1072 1124
1072 1724
1073 1234
1084 1737
1088 1724
1089 1711
1090 1885
1095 1838
1096 1738
1097 1773
1099 1835
1101 1819
1102 1953
1103 1935
1104 1216
1107 1219
1107 1766
1110 1766
1112 1692
1118 1951
1121 1223
1122 1946
1124 1222
1124 1586
1124 1765
1125 1843
1131 1168
1132 1780
1135 1154
1135 1692
1137 1167
1137 1849
1137 1935
1137 1976
1137 1991
1154 1160
1161 1206
1161 1932
1164 1176
1164 1184
1164 1826
1167 1223
1167 1280
1167 1830
1167 1860
1168 1795
1168 1946
1172 1992
1173 1202
1174 1834
1176 1528
1176 1680
1180 1984
1183 1737
1185 1687
1201 1943
1202 1246
1202 1473
1202 1680
1202 1843
1202 1934
1213 1818
1215 1826
1216 1335
1216 1555
1216 1864
1216 1885
1216 1928
1216 1929
1219 1438
1219 1836
1219 1857
1219 1966
1220 1718
1220 1935
1223 1433
1223 1608
1223 1641
1223 1709
1223 1805
1223 1846
1223 1852
1223 1957
1234 1302
1234 1725
1234 1838
1235 1563
1235 1568
1235 1692
1248 1768
1254 1682
1254 1709
1258 1953
1261 1691
1262 1836
1275 1738
1275 1818
1276 1834
1293 1722
1300 1773
1307 1643
1311 1860
1321 1803
1331 1885
1334 1897
1335 1785
1346 1982
1352 1732
1356 1844
1363 1722
1371 1903
1373 1833
1387 1984
1395 1732
1406 1736
1421 1836
1424 1780
1430 1903
1436 1765
1437 1818
1441 1830
1441 1943
1442 1722
1453 1820
1463 1953
1468 1725
1468 1935
1473 1663
1473 1835
1493 1756
1503 1864
1505 1750
1513 1766
1532 1691
1534 1982
1536 1722
1538 1664
1548 1843
1560 1663
1563 1937
1566 1689
1571 1768
1578 1652
1579 1953
1589 1899
1590 1771
1593 1844
1595 1765
1600 1722
1609 1709
1623 1992
1627 1838
1629 1718
1642 1722
1642 1737
1652 1771
1652 1854
1657 1663
1663 1803
1663 1899
1663 1972
1663 1986
1664 1876
1673 1982
1680 1830
1680 1992
1687 1960
1689 1897
1690 1958
1691 1724
1708 1737
1709 1946
1709 1967
1711 1818
1711 1903
1714 1951
1718 1732
1722 1819
1722 1820
1722 1821
1723 1732
1723 1803
1725 1793
1732 1787
1732 1830
1732 1850
1732 1918
1732 1948
1736 1951
1738 1953
1738 1991
1750 1768
1756 1954
1756 1957
1768 1801
1768 1821
1773 1948
1785 1991
1807 1819
1818 1995
1819 1833
1828 1931
1835 1959
1836 1974
1843 1916
1843 1994
1844 1935
1849 1899
1853 1899
1876 1885
1876 1908
1897 1954
1899 1937
1930 1968
1931 1946
1951 1954
