0 1
0 3
1 6
1 7
1 8
1 9
1 35
1 50
1 73
1 74
1 75
1 77
1 87
1 104
1 111
1 123
1 131
1 142
1 144
1 146
1 150
1 152
1 168
1 190
1 191
1 198
1 202
1 210
1 261
1 262
1 263
1 264
1 265
1 266
1 267
1 268
1 269
1 270
1 271
1 272
1 273
1 274
1 275
1 276
1 277
1 278
1 279
1 280
1 281
1 282
1 283
1 284
1 285
1 286
1 287
1 288
1 289
1 290
1 291
1 292
1 293
1 294
1 295
1 296
1 297
1 298
1 299
1 300
1 301
1 302
1 303
1 304
1 305
1 306
1 307
1 308
1 309
1 310
1 311
1 312
1 313
1 314
1 315
1 316
1 317
1 318
1 319
1 320
1 321
1 322
1 323
1 324
1 325
1 326
1 327
1 328
1 329
1 330
1 331
1 332
1 333
1 334
1 335
1 336
1 337
1 338
1 339
1 340
1 341
1 342
1 343
1 344
1 345
1 346
1 347
1 348
1 349
1 350
1 351
1 352
1 353
1 354
1 355
1 356
1 357
1 358
1 359
1 360
1 361
1 362
1 363
1 364
1 365
1 366
1 367
1 368
1 369
1 370
1 371
1 372
1 373
1 374
1 375
1 376
1 377
1 378
1 379
1 380
1 381
1 382
3 8
3 24
3 31
3 87
3 198
3 239
3 253
3 273
3 284
3 312
3 385
3 472
3 640
3 672
3 705
3 725
3 747
3 942
3 994
3 1211
3 1241
3 1302
3 1394
3 1428
3 1467
3 1493
3 1524
3 1526
3 1573
3 1583
3 1696
3 1698
3 1712
3 1737
3 1738
3 1739
3 1740
3 1741
3 1742
3 1743
7 190
7 194
11 190
13 197
14 190
20 190
23 190
62 190
74 190
74 194
75 197
78 194
80 190
82 190
83 190
86 190
86 194
106 284
138 190
145 190
145 197
151 190
151 197
155 284
156 190
180 190
190 191
190 192
190 193
190 194
190 195
190 196
190 197
190 198
190 199
190 200
190 201
190 202
190 203
190 204
190 205
190 206
190 207
190 208
190 209
190 210
190 211
190 212
190 213
190 214
190 215
190 216
190 217
190 218
190 219
190 220
190 221
190 222
190 223
190 224
190 225
190 226
190 227
190 228
190 229
190 230
190 231
190 232
190 233
190 234
190 235
190 236
190 237
190 238
190 239
190 240
190 241
190 242
190 243
190 244
190 245
190 246
190 247
190 248
190 249
190 250
190 251
190 252
190 253
190 254
190 255
190 256
190 257
190 258
190 259
190 260
191 284
194 195
194 196
194 245
194 286
194 291
194 313
194 333
194 385
194 499
194 529
194 671
194 717
194 777
194 792
194 1056
194 1059
194 1165
194 1183
194 1195
194 1223
194 1235
194 1265
194 1270
194 1279
194 1293
194 1299
194 1368
194 1476
194 1477
194 1478
194 1479
194 1480
194 1481
194 1482
194 1483
194 1484
194 1485
194 1486
194 1487
194 1488
194 1489
194 1490
194 1491
197 296
197 304
197 397
197 1071
197 1652
284 307
284 403
284 429
284 445
284 506
284 593
284 667
284 692
284 698
284 784
284 858
284 921
284 941
284 950
284 1034
284 1070
284 1344
284 1558
284 1720
284 1753
284 1754
284 1755
284 1756
284 1757
284 1758
284 1759
284 1760
284 1761
852 1759
1009 1759
1076 1759
1261 1759
