0 1
1 6
1 7
1 8
1 9
1 35
1 50
1 73
1 74
1 75
1 77
1 87
1 104
1 111
1 123
1 131
1 142
1 144
1 146
1 150
1 152
1 168
1 190
1 191
1 198
1 202
1 210
1 261
1 262
1 263
1 264
1 265
1 266
1 267
1 268
1 269
1 270
1 271
1 272
1 273
1 274
1 275
1 276
1 277
1 278
1 279
1 280
1 281
1 282
1 283
1 284
1 285
1 286
1 287
1 288
1 289
1 290
1 291
1 292
1 293
1 294
1 295
1 296
1 297
1 298
1 299
1 300
1 301
1 302
1 303
1 304
1 305
1 306
1 307
1 308
1 309
1 310
1 311
1 312
1 313
1 314
1 315
1 316
1 317
1 318
1 319
1 320
1 321
1 322
1 323
1 324
1 325
1 326
1 327
1 328
1 329
1 330
1 331
1 332
1 333
1 334
1 335
1 336
1 337
1 338
1 339
1 340
1 341
1 342
1 343
1 344
1 345
1 346
1 347
1 348
1 349
1 350
1 351
1 352
1 353
1 354
1 355
1 356
1 357
1 358
1 359
1 360
1 361
1 362
1 363
1 364
1 365
1 366
1 367
1 368
1 369
1 370
1 371
1 372
1 373
1 374
1 375
1 376
1 377
1 378
1 379
1 380
1 381
1 382
7 190
7 196
7 263
8 199
11 190
13 197
14 190
20 190
23 190
34 263
54 263
62 190
64 200
74 190
75 196
75 197
75 199
75 263
80 190
82 190
83 190
83 263
85 263
86 190
99 263
104 263
130 200
138 190
144 263
145 190
145 197
151 190
151 197
156 190
159 263
180 190
190 191
190 192
190 193
190 194
190 195
190 196
190 197
190 198
190 199
190 200
190 201
190 202
190 203
190 204
190 205
190 206
190 207
190 208
190 209
190 210
190 211
190 212
190 213
190 214
190 215
190 216
190 217
190 218
190 219
190 220
190 221
190 222
190 223
190 224
190 225
190 226
190 227
190 228
190 229
190 230
190 231
190 232
190 233
190 234
190 235
190 236
190 237
190 238
190 239
190 240
190 241
190 242
190 243
190 244
190 245
190 246
190 247
190 248
190 249
190 250
190 251
190 252
190 253
190 254
190 255
190 256
190 257
190 258
190 259
190 260
194 196
195 263
196 207
196 292
196 342
196 413
196 469
196 590
196 612
196 631
196 663
196 709
196 788
196 792
196 860
196 871
196 894
196 931
196 954
196 1093
196 1100
196 1154
196 1322
196 1404
196 1522
196 1547
196 1566
196 1567
196 1568
196 1569
196 1570
197 296
197 304
197 397
197 1071
197 1652
198 200
198 263
199 273
199 276
199 415
199 498
199 673
199 1024
199 1301
199 1702
200 222
200 383
200 492
200 550
200 666
200 670
200 674
200 758
200 781
200 1311
200 1352
200 1489
200 1495
200 1516
200 1568
200 1613
200 1649
200 1687
200 1757
200 1764
200 1765
200 1766
223 263
226 263
247 263
261 263
263 264
263 266
263 270
263 271
263 278
263 285
263 304
263 383
263 384
263 385
263 387
263 391
263 394
263 398
263 402
263 446
263 453
263 476
263 496
263 504
263 506
263 528
263 556
263 584
263 585
263 610
263 615
263 616
263 625
263 631
263 667
263 668
263 675
263 678
263 683
263 729
263 744
263 782
263 783
263 870
263 873
263 875
263 895
263 897
263 935
263 948
263 984
263 985
263 989
263 990
263 991
263 992
263 993
263 994
263 995
263 996
263 997
263 998
263 999
263 1000
263 1001
263 1002
263 1003
263 1004
263 1005
263 1006
263 1007
263 1008
263 1009
263 1010
263 1011
263 1012
263 1013
263 1014
263 1015
263 1016
263 1017
263 1018
263 1019
263 1020
263 1021
263 1022
263 1023
263 1024
