21 337
29 1130
52 668
57 1130
114 668
153 585
191 337
260 337
311 585
331 337
337 346
337 350
337 585
337 605
337 610
337 668
337 713
337 834
337 961
337 963
337 1014
337 1115
337 1199
337 1294
337 1405
337 1487
337 1517
337 1664
347 1487
361 585
382 1130
450 1487
522 585
547 585
558 1130
574 1130
576 1130
585 630
585 683
585 845
585 912
585 1031
585 1130
585 1135
585 1245
585 1530
585 1746
585 1761
641 1130
665 668
668 720
668 739
668 1024
668 1111
668 1138
668 1220
668 1420
668 1688
668 1921
668 1922
668 1923
780 1130
791 1487
830 1487
929 1487
1093 1130
1130 1155
1487 1769
