4 124
10 304
16 304
73 133
122 124
122 133
124 133
124 183
124 557
124 759
124 839
124 887
124 1300
124 1380
124 1386
124 1415
124 1602
124 1683
124 1786
133 193
133 304
133 393
133 446
133 460
133 485
133 646
133 652
133 659
133 823
133 918
133 1524
133 1809
133 1966
171 393
213 304
217 1300
297 304
304 670
304 808
304 828
304 903
304 1313
304 1397
304 1457
304 1470
304 1522
304 1541
304 1713
304 1974
392 393
393 628
393 644
393 703
1096 1300
1168 1300
1187 1300
1296 1300
1300 1351
1300 1473
1300 1759
1300 1771
1300 1776
1300 1802
1300 1893
