23 419
38 1627
46 494
47 689
54 1627
164 419
252 494
276 689
300 1117
309 494
309 689
322 689
324 494
351 689
395 689
399 1627
409 419
419 445
419 667
419 727
419 896
419 923
419 1021
419 1117
419 1992
419 1994
469 689
494 608
494 1117
494 1243
494 1288
494 1375
494 1629
495 689
636 1627
689 793
689 834
689 998
689 1117
689 1332
689 1346
689 1627
689 1698
931 1117
942 1117
1031 1627
1102 1627
1117 1126
1117 1194
1117 1295
1117 1527
1117 1698
1117 1751
1117 1766
1227 1627
1299 1627
1436 1627
1627 1635
1627 1708
