5 1246
11 395
13 1153
20 1259
28 1362
32 1640
40 465
44 45
44 46
44 47
44 48
44 49
44 50
44 51
44 52
44 53
44 54
44 55
44 56
44 57
44 58
44 59
45 1521
49 208
49 446
49 455
49 508
49 902
49 1107
49 1110
49 1126
49 1323
49 1471
49 1581
49 1652
49 1692
49 1728
49 1732
50 1259
50 1384
62 997
62 1148
64 1686
66 1525
68 1526
74 1052
84 1337
84 1522
84 1573
88 326
88 465
89 1384
90 1718
93 95
94 1521
95 148
95 190
95 513
95 594
95 753
95 852
95 1141
95 1428
95 1602
95 1671
95 1772
95 1799
95 1827
97 1245
107 1525
109 845
111 622
112 254
113 902
115 1640
116 1524
121 1384
123 1573
124 839
125 1543
130 705
132 914
133 1524
138 1079
138 1681
147 148
148 166
148 350
148 364
148 757
148 844
148 923
148 958
148 1371
148 1907
148 1919
148 1935
150 410
159 845
160 1521
161 1625
164 1164
164 1521
171 1283
175 622
175 837
180 1526
183 1246
187 190
188 217
190 192
190 292
190 356
190 370
190 388
190 509
190 622
190 845
190 867
190 927
190 1363
190 1591
190 1625
190 1955
193 1573
193 1746
196 1153
196 1164
197 201
197 207
198 217
198 1620
201 266
201 447
201 452
201 552
201 773
201 1016
201 1021
201 1397
201 1489
201 1554
201 1555
201 1628
201 1957
202 1261
207 248
207 339
207 719
207 831
207 911
207 1149
207 1302
207 1393
207 1397
207 1480
207 1577
207 1591
207 1751
208 217
211 395
217 324
217 349
217 785
217 796
217 1150
217 1300
217 1304
217 1834
220 1640
221 1283
223 380
224 488
235 1153
240 1259
241 1246
245 902
246 249
247 264
249 303
249 508
249 607
249 627
249 629
249 900
249 958
249 1220
249 1552
249 1560
249 1642
253 254
254 388
254 548
254 729
254 840
254 880
254 897
254 1395
254 1516
254 1553
254 1924
261 1187
264 402
264 508
264 645
264 1101
264 1232
264 1273
264 1404
264 1511
264 1720
268 1993
270 1187
276 1681
279 845
286 1746
288 1698
291 1052
291 1323
294 1640
296 508
296 1384
300 1384
302 845
304 1397
304 1522
309 1686
312 1522
312 1993
316 622
316 997
317 321
317 326
318 1583
321 347
321 491
321 1037
321 1089
321 1210
321 1304
321 1597
321 1834
323 1259
326 423
326 469
326 652
326 785
326 1168
326 1382
326 1479
326 1654
326 1692
326 1734
326 1735
326 1759
327 1446
330 768
330 1289
343 1431
346 837
351 1971
363 537
364 1164
370 374
372 508
372 1289
374 514
374 858
374 1139
374 1143
374 1154
374 1546
374 1692
380 381
380 382
380 383
380 384
380 385
380 386
380 387
380 388
380 389
380 390
380 391
381 1763
383 845
387 1079
388 537
388 538
388 743
388 757
388 915
388 1079
388 1205
388 1259
388 1261
388 1289
388 1384
388 1397
388 1543
388 1620
388 1681
388 1686
388 1692
388 1693
389 1686
392 395
395 508
395 536
395 689
395 716
395 751
395 871
395 1084
395 1529
395 1675
396 909
399 1583
399 1698
400 537
406 1746
409 410
410 505
410 506
410 507
410 508
410 509
410 510
410 511
410 512
410 513
410 514
410 515
410 516
411 1718
415 1323
416 1384
418 1746
420 488
420 1304
421 1718
423 1693
429 885
429 1337
434 1434
435 1718
445 537
454 1474
455 975
455 1525
456 1153
456 1261
460 1187
460 1524
461 1384
464 1362
464 1523
465 982
465 1127
465 1692
465 1990
475 1523
479 508
481 1993
482 975
485 1362
486 488
488 547
488 677
488 1146
488 1318
488 1479
488 1542
488 1692
488 1960
489 1583
493 997
497 1523
503 1652
507 1521
508 850
508 885
508 1008
508 1304
508 1350
508 1432
508 1746
508 1763
508 1993
512 909
513 705
515 1522
516 1525
523 1431
524 975
528 537
528 538
531 927
534 1215
534 1640
537 581
537 642
537 666
537 1017
537 1023
537 1131
537 1197
537 1385
538 683
538 712
538 1008
538 1080
538 1102
538 1557
538 1648
541 1625
542 1522
543 1763
544 1912
545 1525
551 867
556 975
559 1686
564 1215
569 1681
572 1523
576 1133
577 1148
580 1431
585 845
585 1245
585 1746
591 1133
592 845
594 1772
600 1698
610 1246
612 1205
614 1446
616 885
616 1337
619 1283
621 1772
622 767
622 1006
622 1073
622 1088
622 1120
622 1273
622 1534
622 1719
622 1875
622 1882
622 1925
638 1423
640 915
640 1052
641 1153
641 1543
644 1215
647 1543
656 1625
666 1397
669 768
672 1384
675 1698
678 1133
683 1289
684 1583
689 1698
690 1153
691 1259
699 705
705 869
705 1149
705 1223
705 1538
705 1666
705 1680
705 1692
714 1261
714 1431
720 1573
725 902
730 867
736 1523
737 1521
737 1543
742 1523
743 1259
750 1521
754 1763
760 1337
762 1652
764 1772
765 839
768 915
768 918
768 1056
768 1170
768 1171
768 1172
768 1173
768 1174
768 1175
768 1176
768 1177
768 1178
769 914
769 1148
770 975
770 1681
771 1746
771 1993
772 1474
775 1681
781 1187
782 1521
787 1474
789 1434
791 1205
793 1246
794 975
800 1446
804 845
807 1625
810 975
816 1522
817 1423
820 1423
823 997
832 837
834 915
835 1079
835 1543
837 1180
837 1298
837 1397
837 1411
837 1729
838 839
839 985
839 1032
839 1263
839 1371
839 1397
839 1501
839 1502
839 1503
840 915
843 1164
843 1431
845 918
845 1453
845 1454
846 1583
850 1289
854 975
855 1912
856 1652
857 1746
861 867
864 1384
867 892
867 978
867 1115
867 1136
867 1331
867 1437
868 1246
874 1304
874 1362
879 1693
880 885
882 1431
885 895
885 1010
885 1028
885 1096
887 1652
890 915
896 902
900 1283
902 1544
902 1557
902 1558
902 1572
902 1634
902 1919
902 1982
905 909
909 949
909 1397
909 1770
909 1845
909 1887
914 915
914 916
914 917
914 918
914 919
914 920
914 921
914 922
915 1026
915 1052
915 1148
915 1215
915 1272
915 1282
915 1813
915 1866
915 1971
917 1652
923 927
925 1153
927 1709
927 1837
937 1133
947 1164
948 1052
953 1205
954 1521
960 1384
961 1526
964 997
968 1772
969 1625
975 1045
975 1111
975 1197
975 1527
975 1692
976 1543
978 1763
980 1246
981 1283
986 1164
996 1763
997 1026
997 1411
997 1508
997 1690
997 1772
997 1822
998 1205
1001 1215
1006 1446
1009 1337
1012 1205
1015 1446
1031 1148
1052 1623
1052 1631
1052 1847
1052 1977
1065 1079
1065 1246
1066 1434
1066 1526
1067 1337
1079 1080
1079 1081
1079 1082
1079 1083
1079 1084
1088 1423
1091 1133
1096 1524
1102 1304
1114 1423
1117 1698
1120 1526
1122 1583
1126 1205
1133 1291
1133 1692
1140 1681
1141 1746
1144 1434
1148 1240
1148 1286
1148 1398
1148 1425
1148 1460
1148 1461
1148 1462
1148 1463
1151 1153
1153 1304
1153 1305
1153 1306
1153 1307
1156 1718
1164 1193
1164 1533
1164 1569
1164 1674
1164 1692
1164 1740
1164 1823
1165 1283
1184 1187
1187 1298
1187 1300
1187 1301
1187 1304
1187 1435
1187 1436
1187 1437
1187 1438
1193 1245
1200 1215
1204 1640
1205 1368
1205 1485
1205 1486
1207 1323
1210 1763
1214 1446
1215 1741
1215 1880
1222 1434
1222 1526
1230 1763
1242 1245
1242 1246
1245 1304
1245 1639
1246 1397
1246 1407
1246 1433
1256 1259
1259 1363
1259 1649
1259 1789
1260 1261
1261 1835
1261 1842
1261 1844
1261 1861
1261 1876
1261 1877
1262 1763
1265 1625
1272 1384
1274 1362
1275 1283
1277 1620
1283 1605
1283 1692
1283 1739
1283 1740
1289 1290
1289 1291
1289 1292
1294 1640
1302 1523
1304 1337
1304 1423
1304 1446
1304 1573
1304 1611
1304 1640
1304 1728
1304 1813
1304 1912
1305 1526
1307 1573
1310 1543
1317 1521
1320 1620
1322 1431
1323 1703
1323 1838
1323 1928
1323 1961
1332 1583
1333 1337
1336 1337
1337 1539
1337 1648
1337 1649
1351 1746
1360 1362
1362 1672
1362 1692
1362 1886
1362 1970
1365 1524
1375 1474
1382 1640
1384 1385
1392 1620
1397 1474
1397 1521
1397 1522
1397 1523
1397 1524
1397 1525
1397 1526
1397 1527
1398 1543
1398 1681
1411 1522
1423 1516
1423 1546
1423 1819
1423 1820
1429 1526
1430 1431
1431 1457
1431 1624
1431 1644
1431 1692
1432 1434
1434 1692
1434 1925
1442 1686
1444 1681
1449 1525
1454 1718
1458 1718
1459 1525
1461 1993
1471 1474
1474 1633
1474 1816
1474 1957
1482 1573
1484 1573
1489 1522
1501 1620
1521 1540
1521 1777
1521 1778
1521 1933
1522 1865
1522 1907
1522 1936
1524 1878
1525 1570
1525 1578
1525 1595
1525 1876
1526 1835
1526 1974
1530 1625
1532 1652
1533 1772
1536 1640
1543 1678
1543 1729
1543 1867
1547 1640
1569 1573
1573 1851
1581 1746
1583 1643
1583 1692
1583 1789
1583 1835
1611 1971
1620 1644
1620 1813
1625 1788
1625 1927
1626 1971
1640 1758
1640 1804
1652 1694
1652 1765
1654 1772
1658 1686
1671 1718
1681 1826
1681 1904
1681 1966
1684 1686
1686 1696
1692 1698
1692 1718
1692 1767
1698 1699
1698 1700
1698 1701
1701 1746
1717 1718
1746 1875
1759 1912
1767 1772
1772 1773
1772 1774
1879 1993
1883 1912
1891 1912
1896 1912
1922 1993
1947 1971
1971 1972
1984 1993
