0 11
2 1542
3 895
10 1014
11 77
11 91
11 100
11 309
11 352
11 395
11 483
11 609
11 1452
11 1537
11 1885
14 17
14 21
17 367
17 550
17 630
17 1363
17 1872
18 1280
20 322
21 98
21 189
21 337
21 394
21 615
21 692
21 869
21 1057
21 1145
21 1204
21 1544
23 1628
29 1130
30 322
30 1405
41 610
44 52
45 1496
47 689
50 560
50 1332
52 661
52 668
52 814
52 906
52 928
52 1498
52 1979
54 1628
57 1130
58 242
62 832
64 522
64 1686
69 350
74 311
74 1054
76 1031
80 605
82 1199
83 610
83 720
85 495
88 961
90 293
92 522
92 747
92 1664
96 205
96 1496
97 1245
100 1294
101 105
104 560
105 930
105 1015
105 1082
105 1168
105 1220
105 1506
105 1923
106 112
109 845
112 254
112 621
112 780
112 1046
112 1178
112 1220
112 1396
112 1831
114 191
114 668
120 560
123 522
132 1672
137 895
138 451
138 1405
138 1681
140 605
147 153
148 350
153 287
153 580
153 581
153 582
153 583
153 584
153 585
153 586
157 322
158 345
158 346
158 350
158 351
159 845
160 276
160 293
167 293
167 1597
167 1869
171 1517
183 1628
184 205
184 834
187 191
189 1554
190 845
191 337
191 357
191 392
191 993
191 1161
191 1195
191 1272
192 350
192 842
193 1746
197 205
200 1542
201 1554
201 1628
205 745
205 899
205 986
205 1069
205 1207
205 1220
205 1795
205 1914
209 683
211 1280
212 560
212 1496
214 605
221 1280
228 547
228 630
230 842
234 345
237 242
238 1664
242 594
242 630
242 714
242 847
242 960
242 1009
242 1059
242 1504
242 1559
242 1588
244 495
244 1517
246 249
247 260
248 963
249 303
249 508
249 607
249 627
249 629
249 900
249 958
249 1220
249 1552
249 1560
249 1642
255 912
257 1045
257 1554
259 283
260 337
260 632
260 740
260 1041
260 1317
260 1375
260 1395
260 1839
260 1841
260 1842
266 912
266 1672
269 1542
272 1420
274 276
274 283
275 1111
276 448
276 456
276 497
276 635
276 689
276 920
276 964
276 1320
276 1334
276 1410
276 1528
276 1681
276 1685
276 1908
277 311
277 713
277 834
279 355
279 845
282 842
283 630
283 687
283 816
283 1019
283 1175
283 1210
283 1582
283 1598
283 1887
283 1996
286 1746
287 293
288 346
290 346
292 1530
293 630
293 750
293 772
293 1007
293 1352
293 1353
298 560
300 1054
300 1199
302 845
303 331
305 1045
307 309
307 311
309 355
309 401
309 494
309 689
309 692
309 708
309 814
309 895
309 1007
309 1154
309 1286
309 1445
309 1566
309 1686
310 345
311 358
311 585
311 589
311 695
311 735
311 931
311 1799
311 1916
311 1996
312 1280
317 322
317 328
321 1597
322 531
322 689
322 724
322 759
322 764
322 1312
322 1572
322 1661
322 1700
323 345
323 1628
324 495
326 469
328 472
328 630
328 652
328 957
328 1437
328 1658
328 1929
331 332
331 333
331 334
331 335
331 336
331 337
331 338
331 339
337 346
337 350
337 585
337 605
337 610
337 668
337 713
337 834
337 961
337 963
337 1014
337 1115
337 1199
337 1294
337 1405
337 1487
337 1517
337 1664
345 347
345 474
345 654
345 1059
345 1096
345 1138
345 1219
345 1220
345 1221
345 1222
346 558
346 579
346 837
346 1003
346 1027
346 1037
346 1048
346 1378
346 1688
346 1797
346 1812
347 1487
350 466
350 1272
350 1606
351 689
351 1202
351 1971
352 451
355 356
355 357
355 358
355 359
355 360
355 361
355 362
355 363
358 547
358 610
358 630
361 585
361 713
365 1542
369 1280
371 1628
373 834
373 1309
377 1420
378 456
381 547
381 560
382 1130
383 451
383 845
384 628
388 915
388 1681
388 1686
389 1686
393 628
395 689
396 862
401 1542
405 963
406 1530
406 1746
411 862
412 456
412 522
418 1031
418 1746
423 1496
426 1719
437 747
444 1031
447 451
447 456
448 713
448 862
450 1487
451 695
451 703
451 756
451 857
451 978
451 1203
451 1220
451 1621
451 1885
456 473
456 1153
456 1261
456 1263
456 1281
456 1347
456 1518
456 1545
456 1618
456 1638
458 495
461 547
464 1115
467 469
469 689
469 763
469 880
469 1302
469 1475
469 1515
469 1588
483 1554
484 547
488 547
488 1542
495 689
495 1009
495 1321
495 1606
495 1618
495 1889
495 1890
497 1719
504 610
505 1031
508 1746
509 1777
520 522
522 585
522 727
522 1767
538 683
540 547
546 1115
547 585
547 644
547 1251
547 1340
547 1468
547 1742
550 560
551 1157
552 628
558 1130
559 1686
560 663
560 834
560 1368
560 1507
560 1518
560 1519
565 895
566 1031
569 1681
570 1054
574 1130
576 1130
577 1054
578 1420
583 1761
585 630
585 683
585 845
585 912
585 1031
585 1130
585 1135
585 1245
585 1530
585 1746
585 1761
588 720
590 1527
592 845
597 605
598 1014
602 842
603 1672
605 738
605 1335
605 1845
605 1898
605 1913
605 1963
607 610
610 653
610 699
610 1217
610 1246
610 1326
610 1480
612 1199
614 720
620 713
622 1719
623 1517
627 895
628 629
628 630
628 631
628 632
628 633
628 634
628 635
628 636
630 747
630 862
630 1045
630 1309
630 1496
630 1527
630 1542
630 1795
630 1869
631 1517
635 834
639 1496
640 915
641 1130
648 1014
654 1031
662 1530
663 1597
665 668
668 720
668 739
668 1024
668 1111
668 1138
668 1220
668 1420
668 1688
668 1921
668 1922
668 1923
671 1530
672 895
674 963
676 912
683 844
683 981
683 1048
683 1102
683 1289
683 1318
683 1592
683 1619
683 1750
683 1758
686 1719
687 1719
688 1761
689 793
689 834
689 998
689 1117
689 1332
689 1346
689 1627
689 1698
694 1542
700 1420
709 713
713 998
713 1063
713 1210
713 1599
713 1711
720 949
720 1108
720 1421
720 1425
720 1545
720 1573
720 1809
720 1810
720 1881
725 1597
727 1405
727 1664
736 1405
746 747
747 858
747 1441
747 1634
747 1766
747 1874
751 862
757 832
757 1664
762 1761
765 832
768 915
769 1054
770 1681
771 1405
771 1746
775 1681
776 1405
779 1199
779 1294
780 1130
782 1777
783 1530
791 1487
792 862
792 1496
798 1496
801 1294
804 845
807 1672
813 1530
818 1045
824 1405
824 1530
830 1487
832 833
832 834
832 835
832 836
832 837
834 884
834 915
834 1135
834 1396
834 1401
834 1580
834 1628
834 1719
836 1761
838 842
840 915
842 949
842 1027
842 1220
842 1393
842 1598
842 1786
845 918
845 1453
845 1454
850 1542
850 1869
857 1746
861 862
862 1495
862 1616
862 1892
867 1115
877 1869
879 1527
885 895
890 915
895 934
895 1232
895 1566
899 1517
899 1672
905 912
912 1055
912 1173
914 915
915 1026
915 1052
915 1148
915 1215
915 1272
915 1282
915 1813
915 1866
915 1971
916 1280
919 1054
919 1869
928 1777
929 1487
931 1115
938 1045
938 1597
956 961
961 1100
961 1138
961 1338
961 1526
961 1662
961 1907
975 1045
975 1111
975 1527
983 1309
985 1496
993 1777
1010 1199
1014 1279
1014 1350
1014 1464
1014 1465
1014 1466
1014 1467
1014 1468
1031 1035
1031 1148
1031 1338
1031 1627
1031 1709
1043 1045
1044 1280
1045 1136
1045 1358
1045 1444
1045 1717
1054 1220
1054 1598
1054 1599
1054 1600
1055 1405
1076 1628
1086 1199
1093 1130
1104 1157
1110 1761
1111 1112
1111 1113
1115 1253
1115 1691
1115 1825
1115 1866
1115 1942
1115 1955
1117 1527
1122 1309
1123 1869
1130 1155
1136 1332
1137 1199
1139 1294
1140 1681
1141 1746
1144 1761
1154 1157
1157 1208
1157 1220
1157 1458
1157 1691
1157 1935
1158 1664
1159 1199
1174 1280
1175 1554
1180 1517
1191 1554
1193 1245
1194 1199
1199 1356
1199 1390
1199 1706
1199 1778
1206 1664
1217 1405
1220 1280
1220 1554
1220 1597
1220 1672
1220 1777
1220 1935
1242 1245
1245 1304
1245 1639
1252 1420
1255 1530
1270 1280
1274 1309
1276 1280
1279 1332
1280 1880
1286 1527
1293 1294
1294 1599
1294 1640
1294 1667
1294 1682
1297 1719
1298 1309
1302 1530
1307 1332
1308 1309
1309 1339
1309 1463
1309 1480
1309 1518
1309 1862
1332 1339
1332 1381
1332 1582
1332 1583
1332 1918
1345 1777
1346 1672
1349 1554
1351 1719
1351 1746
1362 1672
1367 1719
1387 1777
1397 1527
1398 1681
1402 1405
1405 1459
1405 1611
1405 1738
1413 1628
1415 1542
1420 1782
1420 1863
1422 1761
1442 1686
1444 1664
1444 1681
1450 1496
1459 1628
1468 1496
1483 1542
1487 1769
1509 1527
1517 1611
1521 1777
1527 1819
1527 1859
1530 1566
1530 1625
1530 1742
1530 1959
1531 1719
1542 1933
1554 1594
1554 1937
1559 1869
1576 1628
1581 1746
1594 1597
1597 1600
1597 1616
1621 1719
1628 1721
1628 1724
1654 1777
1658 1686
1681 1826
1681 1904
1681 1966
1684 1686
1686 1696
1701 1746
1712 1719
1717 1719
1723 1777
1732 1777
1746 1875
1777 1943
1869 1987
