0 9
3 890
5 1026
5 1246
9 318
9 356
9 617
9 782
9 802
9 906
9 1125
9 1135
9 1483
9 1607
9 1804
9 1995
11 352
20 1259
23 1393
28 1362
32 195
40 465
42 270
44 49
44 54
45 1551
47 472
49 208
49 446
49 455
49 508
49 902
49 1107
49 1110
49 1126
49 1323
49 1471
49 1581
49 1652
49 1692
49 1728
49 1732
50 1259
50 1384
52 928
54 58
54 163
54 228
54 241
54 391
54 520
54 722
54 748
54 913
54 1626
54 1627
54 1628
64 522
64 1686
65 1321
74 1052
76 1026
84 1705
87 1736
88 326
88 465
88 928
89 1384
90 1718
90 1837
92 352
92 522
95 190
95 1772
96 774
97 1705
100 1633
102 1174
108 1705
116 1195
119 1736
121 1384
123 522
124 557
125 1543
130 705
132 914
138 1079
145 165
148 757
149 330
154 774
155 165
158 352
162 1413
164 1164
164 1195
165 481
165 1126
165 1399
165 1413
165 1428
165 1866
165 1918
167 1282
167 1736
171 1283
178 185
179 1736
183 1246
185 241
185 707
185 1021
185 1091
185 1263
185 1329
185 1504
185 1505
187 190
187 195
190 192
190 292
190 356
190 370
190 388
190 509
190 622
190 845
190 867
190 927
190 1363
190 1591
190 1625
190 1955
191 1195
194 1813
195 212
195 241
195 1182
195 1472
195 1639
196 1164
198 738
198 1026
202 1261
205 745
205 1795
207 1393
212 1826
213 1026
215 1490
218 1837
221 1283
223 380
223 1536
224 488
236 738
237 238
237 239
237 240
237 241
237 242
237 243
237 244
237 245
240 1259
241 270
241 271
241 472
241 543
241 557
241 1174
241 1246
241 1536
241 1540
241 1705
241 1974
254 388
254 840
265 270
266 757
270 447
270 492
270 1187
270 1901
271 543
278 1736
282 738
284 1606
288 1698
290 1282
291 1052
294 1490
294 1551
295 498
295 738
296 1384
300 1384
302 757
304 1974
308 1282
309 1686
310 745
311 1916
315 757
317 326
317 328
317 330
318 1583
319 840
323 1259
326 423
326 469
326 652
326 785
326 1168
326 1382
326 1479
326 1654
326 1692
326 1734
326 1735
326 1759
328 472
328 630
328 652
328 957
328 1437
328 1658
328 1929
330 641
330 726
330 768
330 1289
330 1508
330 1558
330 1563
330 1865
333 1490
343 1431
350 1606
352 381
352 412
352 451
352 1154
352 1241
352 1472
352 1507
352 1767
354 890
357 1282
363 537
364 1164
365 1707
370 374
374 514
374 858
374 1139
374 1143
374 1154
374 1546
374 1692
377 1413
378 1758
380 381
380 382
380 383
380 384
380 385
380 386
380 387
380 388
380 389
380 390
380 391
386 890
387 1079
388 537
388 538
388 743
388 757
388 915
388 1079
388 1205
388 1259
388 1261
388 1289
388 1384
388 1397
388 1543
388 1620
388 1681
388 1686
388 1692
388 1693
389 1686
399 1583
399 1698
400 537
400 1974
404 738
405 890
405 1736
411 1718
412 522
416 1384
420 488
421 1718
421 1916
423 1321
423 1693
429 1132
431 1606
434 1413
434 1434
435 1718
435 1736
445 537
446 1483
455 975
456 1261
456 1545
461 1384
464 1362
465 982
465 1127
465 1692
465 1990
467 472
470 928
472 475
472 577
472 793
472 1270
472 1413
472 1606
472 1636
472 1814
475 1540
482 975
485 1362
486 488
488 547
488 677
488 1146
488 1318
488 1479
488 1542
488 1692
488 1960
489 1583
493 757
495 1321
495 1606
496 498
498 748
498 1139
498 1211
498 1378
498 1483
498 1654
498 1755
498 1995
499 1321
502 543
505 1413
511 1540
513 705
514 1606
520 522
522 585
522 727
522 1767
523 1431
524 975
528 537
528 538
530 1916
531 928
531 1606
532 824
533 1736
537 581
537 642
537 666
537 1017
537 1023
537 1131
537 1197
537 1385
538 683
538 712
538 1008
538 1080
538 1102
538 1557
538 1648
540 543
543 734
543 841
543 1184
543 1266
543 1308
543 1635
543 1763
549 840
550 557
556 975
557 599
557 962
557 1049
557 1053
557 1067
557 1202
557 1249
557 1419
557 1919
557 1920
559 1686
563 1339
570 1026
573 1813
576 1132
576 1133
580 1431
586 840
591 1133
594 1772
596 1974
600 1698
601 1758
601 1767
605 738
610 1246
612 1205
612 1540
613 1705
619 1282
619 1283
621 1772
626 745
629 1393
630 1795
633 1536
638 1132
640 915
640 1052
641 1543
646 1705
646 1736
647 1543
654 774
658 1758
663 757
669 768
670 1766
672 1384
672 1766
675 1698
676 824
676 1707
678 1133
683 1758
684 1583
685 1393
689 1698
691 1259
691 1813
694 1551
699 705
704 1282
705 869
705 1149
705 1223
705 1538
705 1666
705 1680
705 1692
707 1540
714 1261
714 1431
719 1174
720 1545
725 738
737 1543
738 1390
738 1481
738 1482
738 1483
738 1484
743 1259
744 1393
745 1108
745 1767
747 1766
751 1174
756 757
757 794
757 832
757 1051
757 1364
757 1664
757 1851
764 1195
764 1772
768 915
768 918
768 1056
768 1170
768 1171
768 1172
768 1173
768 1174
768 1175
768 1176
768 1177
768 1178
769 914
770 975
773 774
774 1064
774 1425
774 1767
774 1816
778 1758
780 1174
788 1545
789 1434
791 1205
791 1490
792 840
793 1246
794 975
809 1132
810 975
813 1321
816 840
821 824
822 1813
824 825
824 1274
824 1368
824 1405
824 1483
824 1530
824 1870
824 1923
825 1174
829 1132
834 915
835 1079
835 1543
838 840
840 915
840 952
840 1088
840 1341
840 1358
840 1471
842 1393
843 1164
843 1431
846 1583
849 1916
854 975
858 1766
860 1837
864 1384
866 928
868 1246
874 1362
875 1132
879 1132
879 1321
879 1693
882 1431
890 915
890 1110
890 1404
890 1900
892 1413
900 1283
901 1339
901 1736
903 1282
904 1705
910 1826
914 915
914 916
914 917
914 918
914 919
914 920
914 921
914 922
915 1026
915 1052
915 1148
915 1215
915 1272
915 1282
915 1813
915 1866
915 1971
919 1393
921 1195
923 928
927 1837
928 1041
928 1174
928 1355
928 1562
928 1777
928 1785
937 1133
947 1164
948 1052
951 1551
953 1205
960 1384
967 1826
968 1772
973 1490
975 1045
975 1111
975 1197
975 1527
975 1692
976 1543
980 1246
981 1283
986 1164
990 1132
992 1916
997 1026
997 1772
998 1205
1008 1282
1008 1551
1012 1205
1015 1974
1018 1758
1020 1536
1024 1026
1026 1059
1026 1788
1026 1892
1026 1928
1026 1954
1044 1736
1052 1623
1052 1631
1052 1847
1052 1977
1053 1707
1065 1079
1065 1246
1066 1434
1067 1736
1067 1916
1069 1707
1079 1080
1079 1081
1079 1082
1079 1083
1079 1084
1082 1813
1083 1321
1091 1133
1099 1195
1103 1282
1117 1698
1117 1766
1122 1583
1126 1205
1132 1150
1132 1274
1132 1302
1132 1767
1132 1781
1132 1841
1132 1885
1133 1291
1133 1692
1143 1795
1144 1434
1147 1483
1149 1174
1156 1718
1158 1974
1163 1974
1164 1193
1164 1533
1164 1569
1164 1674
1164 1692
1164 1740
1164 1823
1165 1283
1165 1606
1172 1705
1174 1280
1174 1407
1174 1633
1174 1826
1174 1991
1194 1195
1195 1312
1195 1483
1195 1759
1195 1994
1205 1368
1205 1485
1205 1486
1210 1339
1214 1321
1218 1490
1222 1434
1231 1766
1242 1246
1246 1397
1246 1407
1246 1433
1252 1707
1254 1321
1256 1259
1259 1363
1259 1649
1259 1789
1260 1261
1261 1835
1261 1842
1261 1844
1261 1861
1261 1876
1261 1877
1268 1766
1272 1384
1274 1362
1275 1283
1281 1705
1282 1393
1282 1407
1282 1414
1282 1875
1282 1876
1282 1877
1283 1605
1283 1692
1283 1739
1283 1740
1304 1813
1309 1339
1310 1543
1317 1606
1321 1767
1322 1431
1327 1545
1330 1837
1332 1339
1332 1583
1334 1393
1338 1339
1339 1483
1339 1724
1339 1820
1339 1897
1341 1813
1344 1916
1353 1974
1357 1536
1358 1483
1360 1362
1362 1672
1362 1692
1362 1886
1362 1970
1379 1795
1384 1385
1389 1758
1390 1393
1393 1415
1393 1460
1393 1901
1393 1983
1398 1543
1408 1536
1413 1516
1413 1628
1413 1837
1413 1850
1430 1431
1431 1457
1431 1624
1431 1644
1431 1692
1432 1434
1434 1692
1434 1925
1442 1686
1447 1536
1451 1483
1454 1718
1458 1718
1472 1758
1474 1633
1482 1974
1483 1542
1483 1545
1483 1551
1483 1626
1483 1707
1483 1766
1483 1767
1485 1536
1490 1660
1490 1691
1490 1767
1490 1895
1499 1633
1504 1813
1515 1545
1521 1540
1526 1974
1533 1772
1536 1640
1536 1779
1540 1656
1540 1830
1540 1957
1543 1678
1543 1729
1543 1867
1545 1937
1548 1551
1551 1771
1555 1767
1564 1633
1583 1643
1583 1692
1583 1789
1583 1835
1605 1606
1606 1858
1606 1975
1620 1813
1640 1758
1647 1916
1654 1772
1658 1686
1671 1718
1681 1826
1684 1686
1686 1696
1692 1698
1692 1718
1692 1767
1698 1699
1698 1700
1698 1701
1705 1962
1706 1707
1717 1718
1736 1767
1736 1919
1758 1767
1758 1906
1758 1970
1759 1813
1766 1796
1766 1830
1766 1873
1766 1945
1767 1772
1767 1794
1767 1795
1767 1916
1772 1773
1772 1774
1795 1796
1795 1797
1810 1813
1813 1951
1826 1884
1826 1940
1837 1838
1837 1839
1837 1840
1850 1916
1882 1916
1894 1916
1916 1952
