2 193
2 425
3 894
4 124
5 517
5 1097
7 517
10 304
13 1153
14 19
16 304
19 184
19 320
19 453
19 603
19 1428
21 692
21 1544
22 849
22 1098
29 1130
30 1818
36 43
39 1966
42 517
43 382
43 480
43 641
43 679
43 1086
43 1136
43 1460
43 1553
43 1614
43 1940
45 894
46 462
47 692
51 819
53 655
55 819
57 1130
61 75
61 646
62 991
65 823
67 72
67 75
69 364
70 1372
72 566
72 590
72 1016
72 1347
72 1714
72 1902
73 133
73 425
75 138
75 184
75 574
75 629
75 733
75 886
75 1448
75 1456
75 1616
75 1646
75 1724
75 1728
79 1930
84 1522
84 1705
85 805
87 1736
89 1776
94 646
94 1390
96 205
96 991
97 213
97 1705
108 1705
110 1549
113 991
114 1075
118 1713
118 1714
119 1326
119 1736
120 819
122 124
122 127
122 133
124 133
124 183
124 557
124 759
124 839
124 887
124 1300
124 1380
124 1386
124 1415
124 1602
124 1683
124 1786
125 1543
125 1845
127 184
127 250
127 511
127 847
127 1204
127 1224
131 577
131 1037
133 193
133 304
133 393
133 446
133 460
133 485
133 646
133 652
133 659
133 823
133 918
133 1524
133 1809
133 1966
140 305
145 1167
146 1776
148 364
149 330
151 1549
152 1787
156 991
156 1192
159 848
159 849
162 819
164 1964
167 1736
168 828
171 393
171 655
171 1075
171 1213
173 631
176 1776
178 179
178 180
178 181
178 182
178 183
178 184
178 185
178 186
179 1736
180 646
182 1549
184 205
184 212
184 308
184 425
184 641
184 659
184 819
184 834
184 894
184 911
184 1167
184 1212
184 1213
184 1214
187 193
188 1776
191 1272
193 252
193 323
193 732
193 1218
193 1506
193 1573
193 1587
193 1668
193 1746
193 1749
195 212
196 849
196 1153
197 202
197 205
200 212
202 641
202 736
202 1171
202 1261
202 1316
202 1465
202 1592
202 1880
205 745
205 899
205 986
205 1069
205 1207
205 1220
205 1795
205 1914
208 212
208 213
209 682
211 692
212 560
212 576
212 619
212 1429
212 1496
212 1588
212 1825
212 1826
212 1827
213 304
213 530
213 638
213 1026
213 1065
222 1787
226 632
232 460
235 1153
236 1037
239 805
241 1705
245 1214
257 1075
260 632
261 1809
272 823
277 834
278 1736
284 517
289 969
291 805
294 1544
297 304
297 305
299 631
301 894
301 1965
302 1097
304 670
304 808
304 828
304 903
304 1313
304 1397
304 1457
304 1470
304 1522
304 1541
304 1713
304 1974
305 569
305 911
305 987
305 1045
305 1461
305 1714
305 1882
305 1994
307 308
308 332
308 366
308 953
308 1142
308 1282
308 1972
309 692
312 1522
313 848
313 1787
315 1966
317 330
320 692
321 1037
326 423
329 905
330 641
330 726
330 768
330 1289
330 1508
330 1558
330 1563
330 1865
331 335
335 643
335 644
335 645
335 646
335 647
335 648
337 834
340 969
346 1037
349 808
350 1272
354 1934
359 460
359 637
361 828
364 398
364 563
364 602
364 641
364 775
364 830
364 1156
364 1164
364 1301
364 1468
364 1750
364 1968
369 1098
372 918
373 834
379 1272
382 1130
388 1543
390 1167
392 393
393 628
393 644
393 703
400 894
405 1714
405 1736
421 425
421 1167
422 423
422 425
423 641
423 644
423 1321
423 1432
423 1496
423 1693
425 750
425 790
425 994
425 1076
425 1177
425 1360
425 1488
425 1657
427 631
428 1818
429 823
431 692
435 1736
437 1549
438 1097
442 692
456 1153
457 460
457 462
460 1187
460 1500
460 1524
460 1582
460 1754
462 659
462 669
462 771
462 1018
462 1197
462 1347
462 1410
462 1840
462 1857
472 577
476 1372
476 1714
477 485
482 905
483 1167
485 908
485 956
485 1127
485 1138
485 1176
485 1362
489 577
489 631
497 1722
499 828
501 1372
502 991
515 1522
515 1818
516 1272
517 646
517 695
517 954
517 1056
517 1156
517 1341
517 1514
517 1879
523 1326
524 823
527 969
528 535
530 828
531 637
531 805
531 1930
533 1736
535 881
535 1328
535 1537
535 1700
535 1714
541 848
542 1522
548 1921
549 1326
552 1934
558 1130
560 834
564 1326
565 849
568 819
571 577
574 1130
576 1130
577 629
577 659
577 682
577 846
577 922
577 1054
577 1148
577 1404
577 1425
577 1450
578 823
581 1818
584 1098
585 1130
601 1779
603 828
605 1845
609 1097
610 1326
613 1705
615 1713
623 1930
627 1098
628 631
628 632
631 641
631 778
631 1219
631 1239
631 1517
631 1657
631 1663
631 1774
631 1889
632 724
632 1004
632 1659
632 1714
632 1931
635 834
636 1390
636 1930
637 638
637 639
637 640
637 641
637 642
638 646
639 646
641 805
641 1037
641 1098
641 1130
641 1153
641 1543
641 1776
641 1808
641 1933
646 698
646 991
646 1075
646 1192
646 1663
646 1705
646 1714
646 1736
646 1779
647 1543
653 1372
654 848
655 656
655 657
655 658
655 659
655 660
655 661
655 662
655 663
655 664
657 823
659 848
659 849
659 905
659 1272
659 1364
659 1372
659 1390
659 1549
659 1722
659 1787
659 1818
659 1845
659 1921
659 1934
661 1965
662 1714
668 1921
682 691
682 736
682 816
682 952
682 1040
682 1232
682 1341
682 1502
682 1721
682 1748
682 1965
687 1075
689 834
690 1153
692 838
692 868
692 938
692 953
692 1185
692 1667
692 1714
692 1852
692 1918
692 1973
706 1097
707 1966
720 1809
724 1390
730 1965
731 1787
732 1964
734 969
737 1543
738 1390
740 1075
740 1714
742 805
744 808
752 1818
755 1779
757 1364
760 1372
762 1075
765 1390
768 918
771 849
778 1192
780 1130
786 808
786 1212
796 819
802 805
802 808
804 823
805 903
805 904
808 875
808 1307
808 1310
808 1481
808 1679
808 1716
808 1844
808 1879
809 1776
815 1212
816 1522
818 1966
819 1086
819 1295
819 1310
819 1341
819 1557
819 1567
819 1864
819 1882
821 823
821 828
823 997
823 1138
823 1361
823 1436
823 1454
823 1456
825 1098
828 950
828 1653
828 1800
828 1894
832 834
834 884
834 915
834 1135
834 1396
834 1401
834 1580
834 1628
834 1719
835 1543
841 894
845 918
848 1114
849 865
849 1073
849 1275
849 1287
849 1916
858 991
882 1272
887 1364
894 1578
894 1756
901 1736
902 1544
904 1705
905 906
905 907
905 908
905 909
905 910
905 911
905 912
905 913
909 1845
914 918
915 1272
917 1818
918 1358
918 1479
918 1923
925 1153
930 1272
935 1098
939 1722
945 1713
966 1776
969 1218
969 1225
969 1347
969 1625
969 1714
969 1743
971 1965
976 1543
986 1075
986 1167
988 991
991 1003
991 1008
991 1274
991 1559
991 1708
991 1905
991 1922
996 1818
1027 1776
1032 1845
1037 1209
1037 1252
1037 1355
1037 1760
1037 1820
1037 1935
1040 1272
1044 1736
1048 1965
1057 1192
1058 1779
1065 1921
1067 1736
1070 1075
1075 1106
1075 1196
1075 1731
1075 1834
1076 1787
1081 1364
1087 1722
1093 1130
1095 1097
1095 1098
1097 1399
1097 1435
1097 1624
1097 1714
1098 1251
1098 1260
1098 1467
1098 1601
1098 1879
1108 1966
1116 1213
1130 1155
1146 1326
1146 1934
1150 1326
1151 1153
1153 1304
1153 1305
1153 1306
1153 1307
1162 1549
1165 1213
1167 1565
1167 1738
1167 1901
1167 1998
1168 1722
1172 1705
1178 1544
1190 1192
1192 1288
1192 1493
1192 1636
1192 1792
1192 1832
1199 1390
1201 1722
1202 1372
1210 1933
1211 1934
1212 1417
1212 1464
1212 1568
1212 1751
1213 1497
1213 1586
1213 1935
1214 1266
1214 1321
1214 1404
1214 1446
1214 1447
1214 1448
1225 1965
1235 1964
1244 1964
1266 1544
1272 1384
1272 1478
1272 1587
1272 1781
1272 1808
1281 1705
1288 1372
1288 1549
1300 1776
1310 1543
1310 1933
1325 1326
1326 1535
1326 1675
1326 1714
1326 1797
1327 1965
1327 1966
1330 1933
1355 1818
1360 1364
1364 1501
1364 1782
1364 1807
1368 1713
1372 1373
1372 1374
1372 1375
1372 1376
1383 1722
1385 1776
1390 1391
1390 1392
1390 1393
1390 1394
1397 1522
1398 1543
1411 1522
1425 1965
1428 1714
1450 1966
1464 1921
1481 1934
1489 1522
1521 1933
1522 1865
1522 1907
1522 1936
1534 1933
1535 1934
1536 1779
1537 1964
1537 1965
1542 1933
1543 1678
1543 1729
1543 1867
1544 1714
1544 1775
1544 1942
1548 1549
1549 1635
1564 1776
1604 1809
1622 1776
1638 1776
1642 1776
1681 1966
1701 1722
1705 1962
1713 1753
1714 1930
1714 1964
1716 1776
1722 1752
1722 1753
1722 1754
1736 1767
1736 1919
1747 1934
1756 1930
1757 1965
1776 1893
1779 1870
1785 1787
1787 1793
1787 1935
1787 1956
1789 1818
1789 1845
1801 1930
1803 1966
1810 1964
1812 1921
1818 1820
1818 1854
1844 1845
1899 1933
1966 1967
