0 10
5 27
5 1246
9 356
10 48
10 226
10 304
10 334
10 939
10 1007
10 1008
10 1009
10 1010
10 1011
10 1012
10 1013
10 1014
10 1015
14 16
15 1955
16 96
16 304
16 347
16 583
16 1064
16 1507
16 1759
19 184
20 1259
23 192
27 28
27 29
27 30
27 31
27 32
27 33
27 34
27 35
28 1362
31 509
35 113
35 159
35 317
35 497
35 556
35 754
35 804
35 1020
35 1464
35 1604
35 1947
40 465
41 670
44 49
45 1521
46 356
46 462
49 208
49 446
49 455
49 508
49 902
49 1107
49 1110
49 1126
49 1323
49 1471
49 1581
49 1652
49 1692
49 1728
49 1732
50 1259
50 1384
53 655
63 1794
64 1686
65 1321
66 1525
73 133
75 184
76 804
87 1736
88 326
88 465
89 1384
90 1718
93 95
94 1521
95 148
95 190
95 513
95 594
95 753
95 852
95 1141
95 1428
95 1602
95 1671
95 1772
95 1799
95 1827
96 774
107 1525
110 1549
111 622
112 254
119 1736
121 1384
122 133
124 133
125 1543
127 184
130 705
131 577
133 193
133 304
133 393
133 446
133 460
133 485
133 646
133 652
133 659
133 823
133 918
133 1524
133 1809
133 1966
138 1079
138 1681
148 757
149 330
151 1549
152 1787
154 774
159 848
160 1521
161 1625
164 1164
164 1521
167 1736
171 655
171 1283
175 622
177 192
178 184
179 1736
182 1549
183 1246
184 205
184 212
184 308
184 425
184 641
184 659
184 819
184 834
184 894
184 911
184 1167
184 1212
184 1213
184 1214
187 190
187 192
190 192
190 292
190 356
190 370
190 388
190 509
190 622
190 845
190 867
190 927
190 1363
190 1591
190 1625
190 1955
192 350
192 511
192 842
192 993
192 994
192 995
196 1164
198 1620
201 1397
201 1555
202 1261
205 1795
207 1397
207 1591
213 304
215 1490
221 1283
222 1787
223 380
224 488
240 1259
241 1246
241 1974
253 254
254 388
254 548
254 729
254 840
254 880
254 897
254 1395
254 1516
254 1553
254 1924
261 1809
266 757
276 1681
278 1736
279 355
281 1865
287 292
288 1698
292 342
292 399
292 940
292 944
292 1090
292 1324
292 1467
292 1530
292 1720
294 1490
296 1384
297 304
300 1384
302 757
304 670
304 808
304 828
304 903
304 1313
304 1397
304 1457
304 1470
304 1522
304 1541
304 1713
304 1974
309 355
309 1686
311 1916
313 848
313 1787
315 757
316 622
317 326
317 330
318 1583
323 1259
326 423
326 469
326 652
326 785
326 1168
326 1382
326 1479
326 1654
326 1692
326 1734
326 1735
326 1759
330 641
330 726
330 768
330 1289
330 1508
330 1558
330 1563
330 1865
333 670
333 1490
343 1431
344 1865
349 808
352 1767
355 356
355 357
355 358
355 359
355 360
355 361
355 362
355 363
356 615
356 771
356 776
356 804
356 1108
356 1298
356 1607
356 1764
363 537
364 1164
367 1591
370 374
372 918
374 514
374 858
374 1139
374 1143
374 1154
374 1546
374 1692
380 381
380 382
380 383
380 384
380 385
380 386
380 387
380 388
380 389
380 390
380 391
387 1079
388 537
388 538
388 743
388 757
388 915
388 1079
388 1205
388 1259
388 1261
388 1289
388 1384
388 1397
388 1543
388 1620
388 1681
388 1686
388 1692
388 1693
389 1686
399 1583
399 1698
400 537
400 1974
405 1736
410 509
411 1718
416 1384
420 488
421 1718
421 1916
423 1321
423 1693
429 1132
434 1434
435 1718
435 1736
437 1549
441 509
445 537
454 1474
455 975
455 1525
456 1261
457 462
461 1384
462 659
462 669
462 771
462 1018
462 1197
462 1347
462 1410
462 1840
462 1857
464 1362
464 1523
465 982
465 1127
465 1692
465 1990
471 670
472 577
475 1523
482 975
483 1555
485 1362
486 488
488 547
488 677
488 1146
488 1318
488 1479
488 1542
488 1692
488 1960
489 577
489 1583
493 757
495 1321
497 1523
497 1722
499 1321
505 1313
507 1521
509 657
509 706
509 994
509 1007
509 1044
509 1049
509 1221
509 1608
509 1667
509 1777
513 705
516 1525
522 1767
523 1431
524 975
528 537
528 538
530 1916
531 927
533 1736
537 581
537 642
537 666
537 1017
537 1023
537 1131
537 1197
537 1385
538 683
538 712
538 1008
538 1080
538 1102
538 1557
538 1648
541 848
541 1625
545 1525
548 1921
551 867
556 975
559 1686
569 1591
569 1681
571 577
572 1523
573 804
576 1132
576 1133
577 629
577 659
577 682
577 846
577 922
577 1054
577 1148
577 1404
577 1425
577 1450
580 1431
591 1133
596 1974
600 1698
601 1767
603 1313
610 1246
612 1205
616 1794
619 1283
622 767
622 1006
622 1073
622 1088
622 1120
622 1273
622 1534
622 1719
622 1875
622 1882
622 1925
630 1795
638 1132
640 915
641 1543
646 1736
647 1543
654 774
654 848
655 656
655 657
655 658
655 659
655 660
655 661
655 662
655 663
655 664
656 1625
659 848
659 849
659 905
659 1272
659 1364
659 1372
659 1390
659 1549
659 1722
659 1787
659 1818
659 1845
659 1921
659 1934
660 1955
663 757
665 670
666 1397
668 1921
670 871
670 935
670 1137
670 1766
670 1915
672 1384
675 1698
676 1555
678 1133
684 1583
689 1698
691 1259
699 705
705 869
705 1149
705 1223
705 1538
705 1666
705 1680
705 1692
714 1261
714 1431
717 903
720 1809
730 867
731 1787
736 1523
737 1521
737 1543
742 1523
743 1259
744 808
745 1767
750 1521
751 1955
756 757
757 794
757 832
757 1051
757 1364
757 1664
757 1851
762 1313
768 915
768 918
770 975
770 1681
772 1474
772 1865
773 774
774 1064
774 1425
774 1767
774 1816
775 1681
782 1521
786 808
787 1474
789 1434
791 1205
791 1490
793 1246
794 975
802 804
802 808
804 823
804 841
804 845
804 1840
804 1865
804 1874
804 1989
805 903
807 1625
808 875
808 1307
808 1310
808 1481
808 1679
808 1716
808 1844
808 1879
809 1132
810 975
813 1321
829 1132
834 915
835 1079
835 1543
837 1397
839 1397
840 915
843 1164
843 1431
845 918
846 1583
848 1114
849 1916
854 975
861 867
864 1384
867 892
867 978
867 1115
867 1136
867 1331
867 1437
868 1246
874 1362
875 1132
879 1132
879 1321
879 1693
882 1431
890 915
900 1283
901 1736
903 1282
903 1680
903 1947
909 1397
914 915
914 918
915 1026
915 1052
915 1148
915 1215
915 1272
915 1282
915 1813
915 1866
915 1971
918 1358
918 1479
918 1923
923 927
925 1555
927 1709
927 1837
937 1133
939 1722
947 1164
953 1205
954 1521
960 1384
969 1625
973 1490
975 1045
975 1111
975 1197
975 1527
975 1692
976 1543
980 1246
981 1283
986 1164
990 1132
992 1916
998 1205
1012 1205
1015 1974
1044 1736
1053 1591
1064 1955
1065 1079
1065 1246
1065 1921
1066 1434
1067 1736
1067 1916
1076 1787
1079 1080
1079 1081
1079 1082
1079 1083
1079 1084
1083 1321
1087 1722
1091 1133
1115 1955
1117 1698
1122 1583
1126 1205
1132 1150
1132 1274
1132 1302
1132 1767
1132 1781
1132 1841
1132 1885
1133 1291
1133 1692
1140 1681
1143 1795
1144 1434
1156 1718
1158 1974
1161 1591
1162 1549
1162 1555
1163 1974
1164 1193
1164 1533
1164 1569
1164 1674
1164 1692
1164 1740
1164 1823
1165 1283
1168 1722
1168 1955
1201 1722
1205 1368
1205 1485
1205 1486
1214 1321
1218 1490
1222 1434
1239 1591
1242 1246
1246 1397
1246 1407
1246 1433
1254 1321
1256 1259
1259 1363
1259 1649
1259 1789
1260 1261
1261 1835
1261 1842
1261 1844
1261 1861
1261 1876
1261 1877
1265 1625
1272 1384
1274 1362
1275 1283
1277 1620
1283 1605
1283 1692
1283 1739
1283 1740
1288 1549
1288 1865
1295 1591
1302 1523
1305 1555
1308 1313
1310 1543
1313 1407
1313 1700
1313 1997
1317 1521
1320 1620
1321 1767
1322 1431
1332 1583
1344 1916
1353 1974
1360 1362
1362 1672
1362 1692
1362 1886
1362 1970
1375 1474
1379 1795
1383 1722
1384 1385
1392 1620
1397 1474
1397 1521
1397 1522
1397 1523
1397 1524
1397 1525
1397 1526
1397 1527
1398 1543
1398 1681
1430 1431
1431 1457
1431 1624
1431 1644
1431 1692
1432 1434
1434 1692
1434 1925
1442 1686
1444 1681
1449 1525
1454 1718
1458 1718
1459 1525
1464 1921
1471 1474
1474 1633
1474 1816
1474 1957
1482 1974
1483 1767
1490 1660
1490 1691
1490 1767
1490 1895
1501 1620
1501 1955
1512 1591
1514 1955
1518 1955
1521 1540
1521 1777
1521 1778
1521 1933
1522 1865
1525 1570
1525 1578
1525 1595
1525 1876
1526 1974
1530 1625
1543 1678
1543 1729
1543 1867
1548 1549
1549 1635
1555 1572
1555 1668
1555 1767
1555 1782
1555 1895
1583 1643
1583 1692
1583 1789
1583 1835
1591 1592
1591 1593
1604 1809
1620 1644
1620 1813
1625 1788
1625 1927
1647 1916
1658 1686
1671 1718
1681 1826
1681 1904
1681 1966
1684 1686
1686 1696
1692 1698
1692 1718
1692 1767
1698 1699
1698 1700
1698 1701
1701 1722
1717 1718
1722 1752
1722 1753
1722 1754
1736 1767
1736 1919
1756 1865
1758 1767
1767 1772
1767 1794
1767 1795
1767 1916
1785 1787
1787 1793
1787 1935
1787 1956
1789 1794
1793 1794
1795 1796
1795 1797
1801 1865
1812 1921
1825 1865
1850 1916
1882 1916
1894 1916
1916 1952
