2 1542
4 906
9 906
10 48
11 1885
12 1941
18 1280
20 322
20 1668
24 1348
24 1749
29 942
29 1130
30 322
32 159
34 1100
35 159
38 518
42 518
44 48
48 400
48 491
48 691
48 695
48 1234
48 1493
48 1863
49 1126
49 1471
52 906
52 928
52 1979
57 1130
63 1914
64 522
66 906
66 1658
67 69
69 121
69 171
69 350
69 364
69 365
69 366
69 367
69 368
69 369
70 1230
73 785
79 1230
79 1930
84 1573
85 805
86 90
88 928
88 1265
90 293
90 566
90 706
90 1322
90 1432
90 1462
90 1464
90 1550
90 1565
90 1650
90 1709
90 1718
90 1837
92 522
94 1287
99 1648
102 159
106 116
107 1648
110 850
110 1680
114 1871
115 1296
116 123
116 427
116 1035
116 1056
116 1195
116 1223
116 1398
116 1494
116 1524
116 1547
116 1695
116 1741
119 707
120 1426
121 1764
122 123
122 124
122 125
122 126
122 127
122 128
122 129
122 130
122 131
122 132
122 133
122 134
123 255
123 381
123 452
123 522
123 785
123 964
123 1123
123 1287
123 1407
123 1573
123 1658
123 1738
123 1749
130 707
139 707
139 1871
142 1296
153 582
155 159
157 322
159 449
159 703
159 807
159 844
159 845
159 846
159 847
159 848
159 849
159 850
159 851
165 1126
165 1866
170 1658
170 1871
180 1172
180 1315
182 1410
185 707
190 927
193 1573
193 1668
193 1749
200 1542
201 452
205 1914
211 1280
211 1407
217 785
220 1348
221 1280
225 1296
226 1172
229 1315
239 805
245 491
249 627
251 1230
252 857
253 255
255 685
255 900
255 912
255 981
255 1340
255 1508
255 1646
255 1647
258 1122
258 1819
260 1375
267 707
268 906
269 1542
269 1738
274 286
275 1032
276 964
276 1410
277 707
282 518
282 1374
284 1606
286 415
286 440
286 606
286 1143
286 1322
286 1447
286 1494
286 1706
286 1732
286 1740
286 1746
286 1843
291 805
301 656
303 1410
312 1280
313 1122
316 1172
317 322
321 491
322 531
322 689
322 724
322 759
322 764
322 1312
322 1572
322 1661
322 1700
324 491
326 785
328 1658
330 1289
333 1764
338 857
338 1172
343 1155
343 1431
344 734
344 1410
346 1027
346 1378
347 452
347 1668
348 1914
350 1606
352 381
356 1764
359 637
363 452
365 1542
369 473
369 491
369 518
369 1098
369 1154
369 1172
369 1280
369 1322
369 1348
369 1375
369 1378
369 1454
369 1668
369 1770
372 1289
377 491
380 381
381 547
381 560
381 582
381 693
381 1048
381 1159
381 1198
381 1396
381 1443
381 1763
381 1894
382 1130
383 1122
385 1172
385 1349
387 850
387 1749
388 1289
394 1410
398 634
400 1866
401 1100
401 1542
401 1764
404 734
405 1941
408 1349
412 522
415 582
418 1123
418 1648
424 1658
426 1375
428 1378
429 1265
431 1606
434 627
447 452
451 857
451 1885
452 489
452 531
452 904
452 979
452 1081
452 1577
452 1653
452 1654
452 1655
455 656
456 473
458 942
462 1410
466 1254
467 473
470 928
471 1914
472 1606
473 588
473 760
473 771
473 968
473 1516
473 1541
476 1870
482 491
488 1542
489 1471
491 742
491 850
491 989
491 1126
491 1155
491 1374
491 1790
491 1994
492 1374
494 1375
495 1606
498 1378
508 850
508 1763
512 1866
514 1606
515 582
518 566
518 1687
518 1724
520 522
522 585
522 727
522 1767
523 1431
527 964
528 529
528 530
528 531
528 532
528 533
528 534
528 535
528 536
528 537
528 538
528 539
531 580
531 637
531 805
531 843
531 927
531 928
531 1100
531 1265
531 1322
531 1509
531 1606
531 1914
531 1930
532 1471
538 1648
539 1159
543 734
543 1763
545 707
549 1658
551 1159
553 1230
554 1315
555 1656
555 1658
558 1130
562 1123
567 582
567 1375
574 1130
576 906
576 1130
580 1431
581 906
582 701
582 1361
582 1461
582 1893
583 634
585 1130
594 1378
596 942
602 1668
615 857
623 1930
624 1874
625 627
627 662
627 710
627 725
627 895
627 1098
627 1407
627 1409
627 1489
627 1509
627 1745
628 634
630 1542
634 770
634 1085
634 1322
634 1415
634 1492
634 1665
634 1725
636 850
636 1930
637 638
637 639
637 640
637 641
637 642
640 1230
641 805
641 1130
645 1738
651 707
654 1032
655 656
656 962
656 979
656 1041
656 1322
656 1454
656 1621
656 1622
656 1623
656 1624
656 1625
660 1914
676 707
680 1770
681 1254
683 1289
684 1658
687 1287
694 1542
700 964
700 1027
700 1407
701 1668
705 1680
707 850
707 884
707 1540
707 1759
707 1966
710 1287
714 1431
717 1348
720 1573
722 1172
729 1941
730 1265
731 1680
734 969
734 1155
734 1790
734 1886
734 1887
742 805
742 1648
743 1595
747 1874
751 1866
754 1763
754 1764
760 1155
764 1471
768 1172
772 1866
779 1349
780 1130
782 1296
784 1159
784 1914
785 786
785 787
785 788
785 789
788 1426
788 1738
794 1819
796 1648
798 1770
802 805
804 1874
805 903
805 904
806 1941
807 1941
809 1287
811 1348
815 1265
817 1378
824 1870
829 1819
839 1032
840 1471
842 1027
843 1431
849 1287
850 857
850 906
850 1085
850 1101
850 1289
850 1410
850 1447
850 1509
850 1542
850 1648
850 1655
850 1656
850 1869
850 1870
850 1871
852 857
857 1488
857 1615
857 1746
857 1911
859 1866
860 1155
863 1426
865 1254
866 928
868 1870
872 1265
879 964
882 1431
903 1680
905 906
906 1121
906 1267
906 1503
906 1740
909 1770
910 1668
915 1866
916 1280
917 1027
919 1914
923 927
923 928
925 1738
927 1709
927 1837
928 1041
928 1174
928 1355
928 1562
928 1777
928 1785
937 1172
942 1117
942 1155
942 1168
942 1511
942 1578
942 1635
942 1762
942 1893
944 1764
951 1866
961 1100
964 996
964 997
964 998
964 999
965 1315
978 1658
978 1763
980 1349
983 1122
990 1032
994 1407
996 1407
996 1763
1004 1885
1005 1122
1008 1126
1008 1749
1011 1471
1024 1027
1027 1281
1027 1322
1027 1352
1027 1708
1027 1776
1028 1378
1029 1866
1030 1738
1032 1155
1032 1231
1032 1327
1032 1845
1032 1915
1035 1680
1041 1595
1044 1280
1048 1375
1067 1349
1072 1265
1080 1866
1080 1941
1082 1296
1085 1658
1088 1426
1091 1402
1093 1130
1096 1349
1099 1348
1099 1410
1100 1101
1100 1102
1100 1103
1115 1866
1117 1126
1118 1122
1118 1123
1122 1253
1122 1309
1122 1322
1122 1336
1122 1569
1122 1583
1123 1774
1123 1869
1124 1126
1126 1205
1126 1235
1130 1155
1132 1885
1154 1155
1154 1159
1155 1225
1155 1296
1155 1349
1155 1471
1155 1639
1155 1874
1155 1885
1155 1941
1159 1199
1159 1211
1159 1370
1159 1463
1159 1857
1161 1870
1165 1606
1167 1738
1168 1648
1168 1870
1169 1871
1169 1914
1170 1668
1172 1569
1172 1705
1172 1876
1172 1957
1174 1280
1174 1407
1178 1770
1183 1265
1185 1265
1186 1426
1210 1763
1216 1658
1220 1280
1226 1749
1228 1230
1230 1763
1230 1863
1237 1770
1246 1407
1250 1254
1253 1407
1254 1321
1254 1322
1260 1265
1262 1763
1265 1330
1265 1578
1265 1625
1265 1639
1266 1349
1267 1680
1270 1280
1274 1819
1276 1280
1280 1880
1282 1407
1286 1349
1287 1288
1289 1290
1289 1291
1289 1292
1296 1297
1296 1298
1296 1299
1296 1300
1304 1573
1307 1573
1308 1315
1312 1410
1312 1471
1313 1407
1314 1348
1315 1322
1315 1347
1315 1455
1315 1654
1315 1832
1315 1929
1317 1606
1319 1885
1320 1402
1322 1426
1322 1431
1322 1595
1322 1680
1322 1764
1322 1819
1322 1866
1322 1979
1330 1668
1337 1648
1347 1348
1347 1349
1348 1401
1348 1751
1349 1509
1349 1554
1349 1691
1361 1402
1372 1374
1372 1375
1374 1414
1374 1622
1374 1841
1374 1917
1375 1474
1375 1572
1375 1747
1375 1940
1375 1980
1378 1561
1378 1612
1402 1403
1402 1404
1402 1405
1402 1406
1402 1407
1402 1408
1405 1738
1407 1575
1407 1901
1409 1410
1410 1635
1412 1656
1415 1542
1423 1819
1426 1618
1426 1724
1426 1803
1426 1967
1430 1431
1431 1457
1431 1624
1431 1644
1431 1692
1436 1680
1440 1764
1442 1656
1461 1871
1462 1680
1464 1819
1465 1595
1471 1472
1471 1473
1471 1474
1471 1475
1471 1476
1471 1477
1471 1478
1471 1479
1482 1573
1483 1542
1484 1573
1485 1770
1525 1595
1527 1819
1540 1656
1541 1914
1542 1933
1550 1871
1555 1668
1569 1573
1571 1738
1573 1851
1575 1680
1581 1656
1581 1979
1594 1595
1595 1799
1603 1871
1605 1606
1606 1858
1606 1975
1612 1874
1616 1648
1631 1749
1636 1819
1637 1680
1658 1686
1658 1853
1666 1738
1680 1841
1689 1914
1714 1930
1738 1857
1749 1843
1756 1930
1764 1812
1765 1979
1770 1915
1779 1870
1783 1866
1797 1871
1797 1885
1801 1930
1866 1894
1871 1873
1941 1945
1976 1979
