2 493
4 906
4 910
9 906
10 1015
13 1153
13 1611
18 1350
26 149
30 1405
31 874
32 1640
34 1100
38 1627
41 1784
48 1234
49 508
49 1728
51 874
52 906
54 1627
55 1219
56 874
64 1802
66 906
71 1330
75 1728
76 1851
77 698
79 1186
79 1234
83 721
84 1337
91 493
94 1015
97 1245
105 1015
105 1506
110 250
110 850
113 1660
114 1224
114 1871
115 1640
119 707
127 250
127 1224
130 707
131 1608
132 698
134 580
138 1405
139 707
139 1871
141 1447
141 1802
146 420
147 149
149 330
149 468
149 952
149 1409
150 410
153 580
158 340
159 807
159 850
166 1197
167 1869
168 420
170 1871
171 1517
173 1802
174 1784
182 358
182 1410
185 707
188 217
193 1506
194 1813
196 1153
198 217
200 296
207 248
208 217
209 682
209 683
215 1655
217 324
217 349
217 785
217 796
217 1150
217 1300
217 1304
217 1834
220 1640
221 910
225 1251
226 1015
229 721
235 1153
243 1506
244 1517
245 250
246 248
246 250
247 264
248 482
248 963
248 986
248 1102
248 1247
248 1373
248 1566
248 1567
248 1797
248 1937
248 1963
249 508
250 482
250 567
250 602
250 614
250 754
250 853
250 952
250 972
250 1807
252 949
252 970
252 1447
254 840
261 1187
264 402
264 508
264 645
264 1101
264 1232
264 1273
264 1404
264 1511
264 1720
266 1447
267 707
268 906
268 1993
270 1187
272 420
275 658
276 1410
277 707
284 1606
285 874
285 1251
286 1447
287 296
294 1640
296 508
296 1030
296 1384
296 1415
296 1455
296 1485
296 1868
300 949
300 1085
303 1410
307 316
311 358
312 1018
312 1993
313 874
316 546
316 622
316 952
316 997
316 1147
316 1172
316 1316
316 1635
316 1641
316 1654
316 1704
316 1711
316 1970
317 321
319 840
321 347
321 491
321 1037
321 1089
321 1210
321 1304
321 1597
321 1834
324 493
325 1728
328 957
329 493
334 1660
337 1405
337 1517
338 1197
340 697
340 751
340 952
340 969
340 1125
340 1345
340 1379
340 1401
340 1729
342 553
344 1410
345 1219
348 1978
350 1606
351 1971
355 358
357 1728
358 530
358 536
358 547
358 559
358 610
358 630
358 940
358 952
358 1062
358 1063
358 1064
358 1065
359 698
362 593
363 1655
364 563
365 807
365 957
370 374
372 508
374 514
374 858
374 1139
374 1143
374 1154
374 1546
374 1692
375 1655
375 1660
384 1251
387 850
387 1488
394 1410
395 508
399 1627
401 1100
408 1085
409 410
409 420
410 505
410 506
410 507
410 508
410 509
410 510
410 511
410 512
410 513
410 514
410 515
410 516
420 488
420 878
420 1099
420 1271
420 1304
420 1371
420 1380
420 1568
420 1820
420 1938
421 694
425 1488
428 970
428 1350
429 1337
431 1606
435 949
435 1439
438 970
446 1509
449 1234
452 1655
454 1488
456 1153
460 1187
462 1018
462 1197
462 1410
471 1234
472 1606
475 1728
476 1870
477 479
479 508
479 1008
479 1510
481 1993
482 1660
487 694
487 1660
489 970
491 850
493 757
493 795
493 821
493 994
493 997
493 1229
493 1257
493 1611
493 1697
493 1959
495 1606
501 698
505 952
506 1660
508 850
508 885
508 1008
508 1304
508 1350
508 1432
508 1746
508 1763
508 1993
509 1608
514 593
514 694
514 721
514 970
514 973
514 1015
514 1139
514 1189
514 1197
514 1251
514 1606
514 1802
514 1851
527 970
529 1072
531 580
531 1100
531 1509
531 1606
534 1640
537 1197
538 683
538 1102
539 658
544 1912
545 707
546 721
547 1251
549 721
549 840
550 553
551 563
552 1509
553 576
553 815
553 878
553 1102
553 1230
553 1370
553 1491
553 1492
555 1447
555 1656
559 1251
561 563
563 1203
563 1339
563 1371
563 1611
563 1651
563 1670
563 1754
567 1269
572 1224
573 1813
575 1072
576 906
577 682
580 623
580 1039
580 1319
580 1363
580 1404
580 1431
580 1515
580 1586
580 1611
580 1661
580 1821
581 906
585 683
585 1245
586 840
587 593
588 970
593 1103
594 1251
599 1072
601 1224
609 1234
616 1337
620 1189
623 1517
627 1509
630 1869
631 1219
631 1517
634 1085
636 850
636 1627
638 1423
641 1153
646 698
648 807
648 1102
651 707
653 874
655 658
658 733
658 1305
658 1596
658 1611
658 1758
676 707
681 1018
682 691
682 736
682 816
682 952
682 1040
682 1232
682 1341
682 1502
682 1721
682 1748
682 1965
683 844
683 981
683 1048
683 1102
683 1289
683 1318
683 1592
683 1619
683 1750
683 1758
689 1627
690 1153
691 1018
691 1813
693 694
694 1025
694 1114
694 1236
694 1269
694 1472
694 1542
694 1551
694 1637
694 1660
694 1835
695 1608
697 1488
698 899
698 952
698 1029
698 1298
698 1394
698 1887
703 1350
707 850
707 884
707 1540
707 1759
707 1966
720 949
721 777
721 920
721 1093
721 1219
721 1224
721 1279
721 1516
721 1604
721 1938
727 1405
730 952
730 1197
731 1015
736 1405
737 874
741 910
755 973
757 1851
760 1337
763 1186
771 1405
771 1993
775 1197
776 1405
781 1187
782 1439
782 1660
791 1488
792 840
793 1018
798 910
800 1219
802 807
807 962
807 982
807 1129
807 1183
807 1611
807 1625
807 1672
807 1941
813 874
816 840
817 957
817 1423
820 1423
822 1813
824 1405
824 1870
825 1224
838 840
840 915
840 952
840 1088
840 1341
840 1358
840 1471
842 949
847 1102
850 857
850 906
850 1085
850 1101
850 1289
850 1410
850 1447
850 1509
850 1542
850 1648
850 1655
850 1656
850 1869
850 1870
850 1871
851 1251
853 1350
854 973
855 1912
857 1488
868 1870
874 1304
874 1362
877 1869
887 1330
899 1517
905 906
905 910
906 1121
906 1267
906 1503
906 1740
909 949
910 952
910 1331
910 1360
910 1668
910 1826
910 1897
910 1898
915 1813
915 1971
919 1869
925 1153
935 949
937 1728
946 1085
949 950
949 951
949 952
949 953
949 954
949 955
952 1040
952 1072
952 1234
952 1317
952 1506
952 1611
956 957
957 1257
957 1481
957 1611
957 1981
961 1100
970 1376
970 1443
970 1666
970 1987
971 1224
972 1234
973 1034
973 1252
973 1490
973 1607
973 1609
975 1197
980 1784
981 1330
985 1784
989 1350
994 1018
1009 1337
1014 1350
1015 1446
1015 1747
1015 1799
1015 1888
1015 1974
1016 1018
1018 1559
1018 1611
1018 1758
1031 1627
1036 1784
1049 1350
1050 1197
1055 1405
1058 1439
1067 1337
1070 1072
1072 1265
1072 1359
1072 1408
1072 1619
1072 1641
1081 1330
1082 1813
1085 1145
1085 1228
1085 1482
1085 1658
1088 1423
1098 1251
1099 1410
1100 1101
1100 1102
1100 1103
1102 1186
1102 1303
1102 1304
1102 1307
1102 1415
1102 1417
1102 1439
1102 1548
1102 1627
1102 1978
1112 1978
1114 1423
1116 1608
1119 1978
1123 1869
1125 1802
1136 1330
1141 1234
1149 1219
1150 1186
1151 1153
1153 1304
1153 1305
1153 1306
1153 1307
1161 1870
1163 1506
1165 1606
1168 1870
1169 1871
1171 1439
1180 1517
1184 1186
1184 1187
1184 1189
1186 1426
1186 1456
1186 1643
1187 1298
1187 1300
1187 1301
1187 1304
1187 1435
1187 1436
1187 1437
1187 1438
1189 1335
1189 1528
1189 1671
1189 1733
1189 1734
1189 1790
1189 1806
1193 1245
1194 1197
1197 1771
1197 1915
1204 1640
1214 1447
1217 1405
1219 1358
1219 1366
1219 1416
1219 1659
1223 1224
1224 1278
1224 1488
1224 1635
1224 1669
1224 1894
1224 1938
1227 1234
1227 1627
1234 1558
1234 1892
1235 1660
1242 1245
1243 1608
1245 1304
1245 1639
1247 1269
1247 1784
1250 1251
1251 1285
1251 1367
1251 1368
1260 1269
1265 1330
1269 1341
1269 1587
1274 1439
1294 1640
1297 1506
1299 1627
1300 1802
1304 1337
1304 1423
1304 1446
1304 1573
1304 1611
1304 1640
1304 1728
1304 1813
1304 1912
1306 1488
1312 1410
1317 1606
1319 1728
1330 1537
1330 1611
1330 1649
1330 1668
1330 1744
1330 1837
1330 1933
1331 1509
1333 1337
1336 1337
1337 1539
1337 1648
1337 1649
1341 1813
1347 1350
1349 1509
1350 1646
1350 1755
1350 1992
1366 1608
1373 1802
1382 1640
1395 1439
1402 1405
1405 1459
1405 1611
1405 1738
1408 1728
1409 1410
1410 1635
1412 1656
1423 1516
1423 1546
1423 1819
1423 1820
1433 1728
1436 1627
1439 1440
1442 1656
1447 1492
1447 1536
1447 1570
1447 1689
1447 1760
1447 1797
1447 1929
1447 1932
1461 1871
1461 1993
1476 1506
1478 1660
1479 1802
1488 1798
1488 1886
1490 1660
1504 1813
1505 1655
1506 1942
1507 1509
1509 1527
1509 1756
1509 1800
1517 1611
1535 1608
1536 1640
1540 1656
1547 1640
1550 1871
1559 1869
1573 1851
1581 1656
1601 1655
1603 1871
1604 1655
1605 1606
1606 1858
1606 1975
1608 1609
1608 1610
1608 1611
1611 1784
1611 1820
1611 1887
1611 1971
1620 1813
1626 1971
1627 1635
1627 1708
1631 1851
1640 1758
1640 1804
1660 1669
1728 1743
1759 1813
1759 1912
1779 1870
1784 1843
1797 1871
1802 1883
1802 1906
1810 1813
1813 1951
1832 1851
1869 1987
1871 1873
1879 1993
1883 1912
1891 1912
1896 1912
1922 1993
1947 1971
1971 1972
1973 1978
1978 1986
1984 1993
