0 11
3 887
3 889
11 77
11 91
11 100
11 309
11 352
11 395
11 483
11 609
11 1452
11 1537
11 1885
14 17
17 367
17 550
17 630
17 1363
17 1872
20 322
20 887
21 1204
22 1098
23 1266
24 258
29 710
30 322
31 1266
34 1100
35 556
36 37
36 38
36 39
36 40
36 41
36 42
36 43
43 382
43 480
43 641
43 679
43 1086
43 1136
43 1460
43 1553
43 1614
43 1940
50 1332
52 1979
53 1161
56 216
56 872
57 480
57 1134
63 1914
71 1330
79 1930
85 805
85 1578
86 88
88 326
88 465
88 541
88 609
88 693
88 702
88 723
88 928
88 961
88 1210
88 1265
88 1847
89 273
90 1322
90 1837
106 109
109 126
109 407
109 845
109 937
109 1040
109 1060
109 1103
109 1537
110 1264
120 1426
121 1764
124 887
127 1204
132 273
134 580
137 710
147 154
150 1460
153 580
154 774
154 1033
154 1136
154 1247
154 1561
154 1622
154 1679
154 1873
157 322
161 1625
163 329
163 1119
164 1964
165 1866
175 1744
177 1262
177 1537
180 1134
180 1315
185 1263
185 1329
186 1081
190 867
190 1363
190 1625
191 1161
195 1639
196 1034
200 1553
202 1261
205 1914
208 216
216 307
216 587
216 712
216 1120
216 1301
216 1359
216 1363
216 1642
216 1911
218 1837
221 843
229 1315
230 1161
236 1034
239 805
247 258
250 1807
254 1553
257 1045
258 676
258 1109
258 1122
258 1537
258 1747
258 1819
265 273
273 432
273 764
273 956
273 1029
273 1136
274 286
284 1606
286 415
286 440
286 606
286 1143
286 1322
286 1447
286 1494
286 1706
286 1732
286 1740
286 1746
286 1843
291 805
300 429
301 1965
305 569
305 1045
317 322
317 329
322 531
322 689
322 724
322 759
322 764
322 1312
322 1572
322 1661
322 1700
329 348
329 453
329 464
329 493
329 905
329 1136
329 1425
329 1711
329 1712
332 1578
333 760
333 1764
336 480
341 1267
344 424
346 558
346 1027
347 1329
348 1914
350 1606
356 1764
359 637
359 1119
364 830
369 1098
369 1322
372 1034
372 1744
373 1639
375 1209
380 382
382 484
382 590
382 801
382 815
382 1130
382 1166
382 1370
382 1852
383 843
384 1081
385 760
388 1261
398 634
399 569
400 1866
401 1100
401 1764
421 1578
422 424
422 429
424 481
424 649
424 929
424 1016
424 1363
424 1388
424 1444
424 1450
424 1658
425 1360
426 887
427 872
429 614
429 681
429 823
429 885
429 955
429 1132
429 1138
429 1233
429 1265
429 1337
429 1369
431 1606
446 1509
452 531
452 1081
456 1261
456 1263
464 1266
466 889
466 1254
471 843
471 1914
472 1606
473 760
475 1262
477 480
478 1578
480 551
480 652
480 933
480 1592
480 1697
484 1639
487 1460
495 1606
512 1866
514 1606
521 1266
523 1460
524 889
528 529
528 530
528 531
528 532
528 533
528 534
528 535
528 536
528 537
528 538
528 539
529 1072
531 580
531 637
531 805
531 843
531 927
531 928
531 1100
531 1265
531 1322
531 1509
531 1606
531 1914
531 1930
535 1328
535 1537
539 1260
539 1553
541 1625
543 1266
546 1744
550 556
550 558
551 867
551 1266
552 1509
554 1315
556 586
556 821
556 851
556 975
556 1363
556 1541
556 1547
558 749
558 836
558 1041
558 1093
558 1130
558 1136
558 1560
561 569
567 1269
569 999
569 1099
569 1185
569 1227
569 1260
569 1591
569 1681
575 1072
579 1204
580 623
580 1039
580 1319
580 1363
580 1404
580 1431
580 1515
580 1586
580 1611
580 1661
580 1821
583 634
584 1098
586 1267
595 710
599 1072
609 1262
613 1204
618 1807
623 1930
627 710
627 1098
627 1509
628 634
629 1553
630 1045
634 770
634 1085
634 1322
634 1415
634 1492
634 1665
634 1725
636 1930
637 638
637 639
637 640
637 641
637 642
640 1267
641 805
641 1098
641 1933
656 1322
656 1625
657 1161
660 1914
661 1965
662 889
679 1553
681 1254
682 1965
687 1204
689 1332
691 1807
694 1269
695 1119
700 1027
700 1807
709 710
710 943
710 1183
710 1200
710 1260
710 1287
710 1548
710 1631
710 1632
714 1261
728 1268
730 867
730 1265
730 1965
732 1964
733 843
733 872
740 1263
742 805
743 1595
743 1744
751 1081
751 1866
754 1764
756 760
760 1039
760 1155
760 1279
760 1337
760 1363
760 1372
760 1617
760 1868
763 1209
764 1263
772 1866
779 1264
784 1081
784 1914
788 1426
792 1119
793 1209
799 1204
801 1267
802 805
805 903
805 904
807 1625
811 1264
813 830
815 1265
818 1045
821 830
825 1098
830 835
830 1136
830 1487
838 843
839 1263
842 1027
843 1164
843 1358
843 1431
843 1671
843 1721
843 1817
850 1509
851 1264
859 1744
859 1866
860 1837
861 867
863 1426
865 1254
867 892
867 978
867 1115
867 1136
867 1331
867 1437
872 883
872 932
872 1265
872 1725
872 1864
878 1329
887 1000
887 1330
887 1364
887 1533
887 1652
887 1838
889 1363
889 1465
889 1486
889 1592
889 1760
889 1860
894 1578
904 1553
906 1267
910 1360
915 1866
917 1027
919 1914
927 1837
935 1098
938 1045
942 1578
944 1329
944 1764
951 1866
952 1072
953 1537
961 1100
965 1315
969 1625
971 1965
973 1034
973 1609
975 1045
981 1330
998 1204
1006 1262
1008 1161
1024 1027
1027 1281
1027 1322
1027 1352
1027 1708
1027 1776
1029 1866
1034 1058
1034 1363
1034 1366
1034 1499
1034 1703
1037 1209
1038 1081
1041 1595
1043 1045
1045 1136
1045 1358
1045 1444
1045 1717
1048 1965
1055 1204
1064 1268
1070 1072
1072 1265
1072 1359
1072 1408
1072 1619
1072 1641
1079 1081
1080 1866
1081 1330
1081 1364
1081 1412
1081 1593
1088 1426
1095 1098
1098 1251
1098 1260
1098 1467
1098 1601
1098 1879
1100 1101
1100 1102
1100 1103
1109 1119
1109 1262
1110 1639
1115 1866
1116 1553
1118 1119
1119 1284
1119 1358
1119 1363
1119 1388
1119 1398
1119 1570
1119 1978
1122 1322
1128 1268
1134 1135
1134 1136
1134 1137
1134 1138
1134 1139
1134 1140
1134 1141
1134 1142
1134 1143
1136 1161
1136 1328
1136 1329
1136 1330
1136 1331
1136 1332
1139 1537
1148 1460
1154 1161
1155 1639
1158 1263
1161 1548
1161 1591
1161 1870
1165 1606
1169 1914
1182 1268
1183 1265
1185 1265
1185 1609
1186 1426
1188 1268
1204 1260
1204 1637
1204 1640
1204 1715
1209 1352
1209 1363
1209 1846
1209 1913
1209 1919
1210 1933
1214 1266
1225 1965
1235 1964
1244 1964
1245 1639
1247 1269
1250 1254
1254 1321
1254 1322
1259 1363
1259 1649
1260 1261
1260 1262
1260 1263
1260 1264
1260 1265
1260 1266
1260 1267
1260 1268
1260 1269
1261 1835
1261 1842
1261 1844
1261 1861
1261 1876
1261 1877
1262 1285
1262 1564
1262 1624
1262 1763
1263 1416
1263 1467
1263 1902
1263 1975
1264 1403
1264 1696
1264 1759
1264 1765
1264 1840
1264 1856
1265 1330
1265 1578
1265 1625
1265 1639
1266 1349
1266 1544
1267 1680
1268 1295
1268 1387
1268 1557
1268 1563
1268 1766
1269 1341
1269 1587
1279 1332
1292 1744
1307 1332
1308 1315
1310 1933
1312 1553
1315 1322
1315 1347
1315 1455
1315 1654
1315 1832
1315 1929
1317 1606
1322 1426
1322 1431
1322 1595
1322 1680
1322 1764
1322 1819
1322 1866
1322 1979
1327 1965
1328 1682
1328 1683
1329 1494
1330 1537
1330 1611
1330 1649
1330 1668
1330 1744
1330 1837
1330 1933
1331 1509
1332 1339
1332 1381
1332 1582
1332 1583
1332 1918
1335 1609
1337 1649
1343 1360
1349 1509
1360 1361
1360 1362
1360 1363
1360 1364
1360 1365
1360 1366
1363 1609
1363 1807
1364 1807
1393 1460
1413 1837
1416 1639
1421 1460
1425 1965
1426 1618
1426 1724
1426 1803
1426 1967
1440 1764
1454 1609
1460 1516
1460 1569
1465 1595
1507 1509
1509 1527
1509 1756
1509 1800
1521 1933
1525 1578
1525 1595
1530 1625
1534 1933
1537 1568
1537 1742
1537 1918
1537 1964
1537 1965
1541 1914
1542 1933
1578 1579
1578 1580
1578 1581
1581 1979
1594 1595
1595 1799
1604 1639
1605 1606
1606 1858
1606 1975
1608 1609
1609 1610
1609 1887
1625 1788
1625 1927
1639 1684
1639 1687
1639 1688
1639 1689
1649 1820
1689 1914
1701 1744
1714 1930
1714 1964
1715 1807
1756 1930
1757 1965
1764 1812
1765 1979
1783 1866
1801 1930
1810 1964
1837 1838
1837 1839
1837 1840
1866 1894
1899 1933
1976 1979
