0 13
2 493
4 910
11 309
11 352
13 51
13 167
13 1153
13 1422
13 1529
13 1611
13 1726
13 1842
13 1926
14 24
14 25
24 173
24 258
24 433
24 606
24 882
24 1077
24 1131
24 1154
24 1348
24 1469
24 1604
24 1747
24 1748
24 1749
25 564
25 693
25 748
25 809
25 901
25 967
25 1093
25 1154
25 1482
26 149
27 28
28 74
28 115
28 353
28 453
28 654
28 1154
28 1362
28 1602
28 1830
30 1405
31 874
32 387
32 1154
32 1640
41 1784
48 1234
49 508
49 1728
51 874
51 979
53 1161
55 677
56 874
56 875
71 1330
75 1728
77 698
79 370
79 1234
84 1337
84 1573
90 1432
91 493
92 352
97 1245
105 1506
109 1040
110 250
115 1640
118 277
123 1573
127 250
131 1608
132 698
133 918
134 580
138 1405
139 979
142 1303
145 639
147 149
149 330
149 468
149 952
149 1409
153 580
158 340
158 352
159 807
171 1517
174 1154
174 1784
180 1172
182 358
182 864
183 1317
188 217
190 370
191 1161
193 1506
193 1573
194 1813
196 1034
198 217
204 639
208 217
209 687
217 324
217 349
217 785
217 796
217 1150
217 1300
217 1304
217 1834
220 1640
220 1820
221 910
223 277
225 1303
226 1172
227 1700
230 579
230 1161
236 1034
243 1506
244 1517
245 250
246 249
246 250
249 303
249 508
249 607
249 627
249 629
249 900
249 958
249 1220
249 1552
249 1560
249 1642
250 482
250 567
250 602
250 614
250 754
250 853
250 952
250 972
250 1807
252 949
254 840
260 1317
260 1839
261 1187
263 639
263 1839
264 508
267 1432
270 1187
274 277
274 279
275 658
277 311
277 372
277 707
277 713
277 742
277 834
277 1067
277 1276
279 355
279 372
279 576
279 845
279 1035
279 1087
279 1367
279 1911
282 864
283 687
285 874
285 1820
294 1640
296 508
300 949
301 1432
307 309
307 316
309 355
309 401
309 494
309 689
309 692
309 708
309 814
309 895
309 1007
309 1154
309 1286
309 1445
309 1566
309 1686
311 358
312 1018
312 1154
313 874
316 546
316 622
316 952
316 997
316 1147
316 1172
316 1316
316 1635
316 1641
316 1654
316 1704
316 1711
316 1970
317 321
319 840
321 347
321 491
321 1037
321 1089
321 1210
321 1304
321 1597
321 1834
322 1700
324 493
325 1728
327 1446
328 957
329 493
330 1289
336 864
337 1405
337 1517
338 1160
338 1172
340 697
340 751
340 952
340 969
340 1125
340 1345
340 1379
340 1401
340 1729
346 579
351 1971
352 381
352 412
352 451
352 1154
352 1241
352 1472
352 1507
352 1767
355 358
357 1728
358 530
358 536
358 547
358 559
358 610
358 630
358 940
358 952
358 1062
358 1063
358 1064
358 1065
359 637
359 698
362 1040
364 563
365 807
365 957
369 1154
369 1172
370 371
370 372
370 373
370 374
370 375
370 376
370 377
370 378
370 379
372 387
372 436
372 508
372 579
372 639
372 864
372 898
372 918
372 979
372 1034
372 1289
372 1418
372 1700
372 1744
372 1801
374 1154
377 1418
380 387
381 1159
383 898
385 1172
387 693
387 850
387 1079
387 1247
387 1488
387 1749
388 1289
395 508
397 1700
398 1317
399 540
403 436
403 1432
410 505
410 508
416 1303
418 898
420 1304
420 1820
423 1432
429 1337
434 1820
435 949
436 437
436 438
436 439
436 440
436 441
436 442
436 443
436 444
436 445
436 446
449 1234
452 979
459 1801
459 1839
460 1187
462 1018
471 1234
475 1728
477 479
479 508
479 1008
479 1510
488 677
493 757
493 795
493 821
493 994
493 997
493 1229
493 1257
493 1611
493 1697
493 1959
501 698
504 687
504 979
505 562
505 780
505 835
505 866
505 952
505 1031
505 1313
505 1413
505 1508
505 1922
505 1950
508 850
508 885
508 1008
508 1304
508 1350
508 1432
508 1746
508 1763
508 1993
509 1608
519 1317
529 1072
530 1418
531 580
531 637
534 1640
535 1700
539 658
539 1159
540 541
540 542
540 543
540 544
540 545
540 546
540 547
540 548
540 549
543 1635
544 1912
546 721
546 875
546 1115
546 1298
546 1303
546 1412
546 1721
546 1744
546 1839
549 840
551 563
551 1157
551 1159
561 563
563 1203
563 1339
563 1371
563 1611
563 1651
563 1670
563 1754
571 579
573 1813
575 1072
578 579
579 626
579 663
579 813
579 980
579 1204
579 1243
579 1334
579 1438
579 1462
579 1556
579 1879
580 623
580 1039
580 1319
580 1363
580 1404
580 1431
580 1515
580 1586
580 1611
580 1661
580 1821
585 1245
586 840
592 639
592 1635
599 1072
601 1635
609 1234
614 1446
616 1337
623 1517
631 1517
637 638
637 639
637 640
637 641
637 642
639 646
639 1154
639 1163
639 1173
639 1206
639 1241
639 1331
639 1371
639 1381
639 1496
639 1531
646 698
648 807
653 874
655 658
656 979
657 1161
658 733
658 1305
658 1596
658 1611
658 1758
673 677
677 891
677 1154
681 1018
682 952
682 1040
683 1289
686 730
687 718
687 984
687 1075
687 1154
687 1204
687 1287
687 1493
687 1561
687 1675
687 1719
687 1792
691 1018
691 1813
695 1608
697 730
698 899
698 952
698 1029
698 1298
698 1394
698 1887
720 949
720 1573
722 1160
722 1172
723 730
724 1432
727 1405
730 796
730 810
730 867
730 870
730 952
730 1197
730 1265
730 1513
730 1796
730 1831
730 1880
730 1965
736 1405
737 874
741 910
760 1337
768 918
768 1172
771 1405
776 1405
780 1154
781 1187
783 1160
784 1159
786 1801
792 840
793 1018
798 910
798 1801
800 1446
802 807
803 1158
807 962
807 982
807 1129
807 1183
807 1611
807 1625
807 1672
807 1941
808 875
812 1700
813 874
816 840
817 957
822 1813
824 1405
838 840
840 915
840 952
840 1088
840 1341
840 1358
840 1471
842 949
845 918
850 1289
852 859
855 1912
859 875
859 1059
859 1442
859 1744
859 1866
860 1303
861 864
864 1217
864 1233
864 1285
864 1384
864 1512
864 1731
870 1040
874 1304
874 1362
875 945
875 1132
875 1469
875 1598
875 1835
878 1418
887 1330
888 1418
896 898
898 1765
899 1517
905 910
909 949
910 952
910 1331
910 1360
910 1668
910 1826
910 1897
910 1898
914 918
915 1813
915 1971
918 1358
918 1479
918 1923
920 1040
921 1820
935 949
935 1160
937 1172
937 1728
942 1635
949 950
949 951
949 952
949 953
949 954
949 955
952 1040
952 1072
952 1234
952 1317
952 1506
952 1611
956 957
957 1257
957 1481
957 1611
957 1981
972 1234
973 1034
977 979
979 1109
979 1135
979 1218
979 1685
979 1936
979 1937
980 1784
981 1330
985 1784
992 1303
994 1018
1006 1446
1008 1161
1009 1337
1013 1418
1015 1446
1016 1018
1018 1559
1018 1611
1018 1758
1034 1058
1034 1363
1034 1366
1034 1499
1034 1703
1036 1784
1037 1820
1040 1272
1040 1754
1040 1785
1040 1877
1051 1418
1055 1405
1067 1337
1070 1072
1072 1265
1072 1359
1072 1408
1072 1619
1072 1641
1076 1158
1081 1330
1082 1418
1082 1813
1092 1635
1096 1160
1102 1303
1102 1304
1104 1157
1104 1317
1116 1608
1136 1161
1136 1330
1141 1234
1153 1304
1154 1155
1154 1156
1154 1157
1154 1158
1154 1159
1154 1160
1154 1161
1154 1162
1157 1208
1157 1220
1157 1458
1157 1691
1157 1935
1158 1263
1158 1403
1158 1622
1158 1664
1158 1703
1158 1974
1159 1199
1159 1211
1159 1370
1159 1463
1159 1857
1160 1589
1160 1803
1161 1548
1161 1591
1161 1870
1163 1506
1172 1569
1172 1705
1172 1876
1172 1957
1175 1432
1180 1517
1184 1187
1187 1298
1187 1300
1187 1301
1187 1304
1187 1435
1187 1436
1187 1437
1187 1438
1191 1317
1193 1245
1200 1801
1204 1640
1214 1446
1217 1405
1218 1801
1222 1635
1224 1635
1227 1234
1229 1303
1234 1558
1234 1892
1242 1245
1243 1608
1243 1635
1245 1304
1245 1639
1247 1784
1265 1330
1289 1290
1289 1291
1289 1292
1294 1640
1297 1506
1303 1651
1304 1337
1304 1423
1304 1446
1304 1573
1304 1611
1304 1640
1304 1728
1304 1813
1304 1912
1307 1573
1313 1700
1317 1521
1317 1606
1317 1690
1317 1805
1317 1806
1319 1728
1330 1537
1330 1611
1330 1649
1330 1668
1330 1744
1330 1837
1330 1933
1333 1337
1336 1337
1337 1539
1337 1648
1337 1649
1339 1820
1341 1813
1366 1608
1382 1640
1402 1405
1405 1459
1405 1611
1405 1738
1408 1728
1410 1635
1418 1516
1423 1820
1432 1433
1432 1434
1433 1728
1470 1635
1476 1506
1482 1573
1484 1573
1504 1813
1506 1942
1512 1801
1517 1611
1535 1608
1536 1640
1547 1640
1549 1635
1569 1573
1573 1851
1608 1609
1608 1610
1608 1611
1611 1784
1611 1820
1611 1887
1611 1971
1613 1700
1620 1813
1626 1971
1627 1635
1640 1758
1640 1804
1649 1820
1678 1801
1698 1700
1699 1839
1700 1911
1700 1938
1700 1953
1728 1743
1750 1801
1759 1813
1759 1912
1784 1843
1801 1865
1801 1930
1801 1953
1810 1813
1813 1951
1818 1820
1820 1836
1820 1878
1837 1839
1883 1912
1891 1912
1896 1912
1947 1971
1971 1972
