13 1926
18 1280
47 472
63 1270
88 326
172 1270
194 1001
202 1880
211 1280
221 1280
233 1382
241 472
257 725
301 1382
306 1926
310 1382
312 1280
315 1880
317 326
326 423
326 469
326 652
326 785
326 1168
326 1382
326 1479
326 1654
326 1692
326 1734
326 1735
326 1759
328 472
369 1280
377 725
379 1270
422 423
423 641
423 644
423 1321
423 1432
423 1496
423 1693
437 1382
443 1926
467 472
472 475
472 577
472 793
472 1270
472 1413
472 1606
472 1636
472 1814
511 1382
534 1001
570 1382
627 725
643 1880
664 1880
705 1666
719 758
722 1926
723 725
725 738
725 902
725 1046
725 1053
725 1579
725 1592
725 1597
725 1734
725 1981
730 1880
735 1270
741 1382
748 1734
756 758
758 791
758 978
758 1043
758 1222
758 1486
758 1734
758 1821
789 1880
916 1280
941 1926
970 1666
992 1926
1000 1001
1001 1113
1001 1215
1001 1232
1001 1270
1001 1308
1044 1280
1066 1666
1080 1926
1113 1734
1162 1926
1174 1280
1189 1734
1215 1880
1220 1280
1225 1926
1270 1280
1270 1357
1270 1366
1270 1734
1270 1926
1270 1987
1276 1280
1280 1880
1368 1735
1382 1640
1412 1734
1459 1880
1502 1734
1596 1880
1666 1734
1666 1737
1666 1738
1733 1734
1733 1735
1734 1745
1734 1804
1734 1948
1735 1992
1926 1992
