23 192
61 1398
65 1321
76 1727
92 107
106 107
107 407
107 477
107 666
107 681
107 813
107 880
107 897
107 959
107 1017
107 1125
107 1525
107 1648
107 1816
107 1864
116 1398
158 354
170 813
171 1742
177 192
187 192
190 192
192 350
192 511
192 842
192 993
192 994
192 995
244 354
267 1864
271 1811
272 1864
281 813
354 461
354 471
354 591
354 813
354 890
354 1564
354 1934
364 830
402 813
423 1321
431 568
466 1864
495 1321
499 1321
504 1398
547 1742
561 568
568 809
568 810
568 811
568 812
568 813
568 814
568 815
568 816
568 817
568 818
568 819
568 820
579 813
666 1398
691 1811
779 1727
786 1727
813 830
813 874
813 995
813 1048
813 1185
813 1321
813 1530
813 1944
813 1984
818 995
819 1864
821 830
830 835
830 1136
830 1487
846 995
872 1864
879 1321
995 1112
995 1249
995 1398
995 1448
995 1727
995 1742
995 1792
995 1888
995 1901
1083 1321
1096 1864
1103 1742
1113 1944
1119 1398
1148 1398
1165 1727
1214 1321
1254 1321
1258 1398
1321 1767
1335 1864
1357 1944
1398 1543
1398 1673
1398 1681
1494 1742
1530 1742
1537 1742
1673 1742
1688 1811
1725 1727
1741 1742
1742 1811
1811 1927
1833 1944
1862 1864
1864 1918
1936 1944
