27 34
29 1858
34 110
34 222
34 404
34 1096
34 1100
34 1181
34 1396
34 1586
34 1629
34 1750
34 1798
34 1892
48 1863
73 1750
89 1858
112 1396
113 1863
124 1300
132 1983
136 1629
150 932
158 345
217 1300
228 1798
233 1798
234 345
267 1798
288 1750
310 345
323 345
325 1858
338 1160
345 347
345 474
345 654
345 1059
345 1096
345 1138
345 1219
345 1220
345 1221
345 1222
364 1750
376 932
381 1396
400 932
412 1750
429 885
434 1798
494 1629
508 885
529 1858
544 1863
616 885
652 1096
653 1096
666 1396
683 1750
684 1798
722 1160
783 1160
815 1629
834 1396
841 1629
846 1798
872 932
880 885
882 1629
885 895
885 1010
885 1028
885 1096
923 932
932 1096
932 1343
932 1367
932 1473
935 1160
955 1096
999 1396
1041 1858
1078 1629
1082 1629
1095 1096
1096 1160
1096 1300
1096 1349
1096 1377
1096 1524
1096 1650
1096 1858
1096 1863
1096 1864
1096 1983
1113 1863
1154 1160
1160 1589
1160 1803
1168 1300
1183 1629
1187 1300
1230 1863
1296 1300
1300 1351
1300 1473
1300 1759
1300 1771
1300 1776
1300 1802
1300 1893
1393 1983
1396 1854
1396 1860
1396 1919
1401 1798
1420 1863
1440 1629
1481 1983
1488 1798
1500 1750
1503 1750
1552 1629
1588 1750
1606 1858
1615 1798
1629 1650
1750 1799
1750 1800
1750 1801
1762 1863
1862 1863
1863 1927
1863 1942
