3 889
24 433
36 40
37 416
40 257
40 411
40 464
40 465
40 466
50 433
69 350
80 432
94 432
107 1864
114 416
115 416
116 427
129 432
148 350
152 427
158 350
192 350
235 466
267 1864
272 1864
273 432
310 432
337 350
350 466
350 1272
350 1606
355 363
359 1932
363 452
363 466
363 537
363 539
363 640
363 1577
363 1655
408 1022
409 416
416 432
416 461
416 722
416 791
416 956
416 1171
416 1303
416 1384
422 423
422 424
422 425
422 426
422 427
422 428
422 429
422 430
422 431
422 432
422 433
422 434
422 435
427 466
427 631
427 872
427 899
427 940
427 1005
427 1473
427 1943
432 596
432 626
432 673
432 1163
432 1422
432 1769
432 1932
433 467
433 822
433 846
466 663
466 889
466 1022
466 1254
466 1864
466 1967
524 889
633 1022
662 889
681 1254
728 1932
748 1022
769 1932
819 1864
865 1254
872 1864
889 1363
889 1465
889 1486
889 1592
889 1760
889 1860
974 1022
980 1932
1022 1023
1049 1932
1096 1864
1140 1932
1250 1254
1254 1321
1254 1322
1335 1864
1447 1932
1862 1864
1864 1918
