44 45
44 46
44 47
44 48
44 49
44 50
44 51
44 52
44 53
44 54
44 55
44 56
44 57
44 58
44 59
49 208
49 446
49 455
49 508
49 902
49 1107
49 1110
49 1126
49 1323
49 1471
49 1581
49 1652
49 1692
49 1728
49 1732
64 1686
79 208
90 1718
113 902
125 1543
138 1079
190 388
208 209
208 210
208 211
208 212
208 213
208 214
208 215
208 216
208 217
208 218
208 219
208 220
245 902
254 388
291 1323
309 1686
326 1692
352 1767
363 537
374 1692
380 388
387 1079
388 537
388 538
388 743
388 757
388 915
388 1079
388 1205
388 1259
388 1261
388 1289
388 1384
388 1397
388 1543
388 1620
388 1681
388 1686
388 1692
388 1693
389 1686
400 537
411 1718
415 1323
421 1718
423 1693
435 1718
445 537
465 1692
488 1692
522 1767
528 537
537 581
537 642
537 666
537 1017
537 1023
537 1131
537 1197
537 1385
559 1686
601 1767
641 1543
647 1543
705 1692
725 902
737 1543
745 1767
774 1767
835 1079
835 1543
879 1693
896 902
902 1544
902 1557
902 1558
902 1572
902 1634
902 1919
902 1982
975 1692
976 1543
1065 1079
1079 1080
1079 1081
1079 1082
1079 1083
1079 1084
1132 1767
1133 1692
1156 1718
1164 1692
1207 1323
1283 1692
1310 1543
1321 1767
1323 1703
1323 1838
1323 1928
1323 1961
1362 1692
1398 1543
1431 1692
1434 1692
1442 1686
1454 1718
1458 1718
1483 1767
1490 1767
1543 1678
1543 1729
1543 1867
1555 1767
1583 1692
1658 1686
1671 1718
1684 1686
1686 1696
1692 1698
1692 1718
1692 1767
1717 1718
1736 1767
1758 1767
1767 1772
1767 1794
1767 1795
1767 1916
