0 8
8 391
8 709
8 811
8 936
8 1202
8 1400
8 1552
8 1743
18 169
43 1940
80 811
92 107
92 561
106 107
107 407
107 477
107 666
107 681
107 813
107 880
107 897
107 959
107 1017
107 1125
107 1525
107 1648
107 1816
107 1864
114 1871
139 1871
147 151
151 170
151 227
151 791
151 861
151 1078
151 1518
151 1533
151 1549
151 1581
151 1696
151 1755
166 1404
169 170
169 171
169 172
169 173
169 174
169 175
169 176
169 177
170 300
170 590
170 647
170 813
170 1049
170 1305
170 1404
170 1499
170 1589
170 1658
170 1871
170 1903
170 1911
170 1940
170 1953
189 1589
228 811
264 1404
281 813
336 811
354 813
402 813
413 1305
431 568
561 562
561 563
561 564
561 565
561 566
561 567
561 568
561 569
561 570
568 809
568 810
568 811
568 812
568 813
568 814
568 815
568 816
568 817
568 818
568 819
568 820
577 1404
579 813
580 1404
581 1404
590 1404
658 1305
688 1404
794 1305
806 1940
811 844
811 1228
811 1264
811 1348
811 1450
813 830
813 874
813 995
813 1048
813 1185
813 1321
813 1530
813 1944
813 1984
844 1589
850 1871
890 1404
958 1305
1112 1940
1152 1940
1153 1305
1160 1589
1169 1871
1214 1404
1301 1589
1305 1346
1305 1389
1305 1424
1305 1526
1305 1555
1305 1643
1305 1854
1331 1940
1375 1940
1402 1404
1404 1569
1404 1762
1404 1856
1461 1871
1529 1589
1534 1589
1550 1871
1589 1699
1589 1708
1589 1791
1590 1940
1603 1871
1797 1871
1826 1940
1871 1873
