0 2
2 38
2 73
2 193
2 425
2 493
2 1542
2 1570
2 1981
38 829
59 1257
59 1603
91 493
100 197
120 200
164 1285
192 994
196 799
197 198
197 199
197 200
197 201
197 202
197 203
197 204
197 205
197 206
197 207
200 212
200 296
200 390
200 402
200 501
200 821
200 944
200 1017
200 1216
200 1495
200 1542
200 1553
200 1565
200 1650
200 1910
217 324
271 799
275 1603
317 324
324 491
324 492
324 493
324 494
324 495
325 826
329 493
396 1257
418 826
425 994
426 1257
439 821
458 799
493 757
493 795
493 821
493 994
493 997
493 1229
493 1257
493 1611
493 1697
493 1959
506 799
509 994
556 821
620 799
736 1285
742 1285
753 826
765 829
796 821
797 799
799 821
799 1204
799 1352
799 1675
799 1755
799 1778
799 1906
821 822
821 823
821 824
821 825
821 826
821 827
821 828
821 829
821 830
821 831
825 826
826 1470
826 1504
829 841
829 876
829 878
829 1080
829 1132
829 1239
829 1327
829 1550
829 1577
829 1817
829 1819
864 1285
955 1285
957 1257
959 1229
994 1018
994 1046
994 1407
994 1673
994 1821
1073 1603
1183 1257
1228 1229
1229 1303
1229 1342
1251 1285
1256 1257
1257 1285
1257 1603
1257 1899
1262 1285
1285 1286
1562 1603
1603 1702
1603 1753
1603 1871
1603 1890
