4 910
12 1238
45 1496
56 302
60 63
62 1147
63 259
63 394
63 467
63 798
63 1024
63 1238
63 1270
63 1580
63 1747
63 1794
63 1914
87 1594
96 1496
115 302
152 798
166 1147
204 798
205 1914
212 1496
221 910
226 1147
235 1024
297 302
302 344
302 501
302 633
302 726
302 757
302 798
302 845
302 931
302 965
302 1097
316 1147
348 1914
362 1024
369 1770
372 1801
423 1496
428 1147
444 1975
459 1801
471 1914
531 1914
536 1389
583 798
630 1496
639 1496
660 1914
663 1147
668 1024
680 1770
741 910
784 1238
784 1914
786 1801
792 1496
797 798
798 910
798 931
798 1147
798 1389
798 1496
798 1594
798 1770
798 1801
798 1975
905 910
909 1770
910 952
910 1331
910 1360
910 1668
910 1826
910 1897
910 1898
919 1914
959 1147
985 1496
1024 1025
1024 1026
1024 1027
1024 1028
1101 1147
1147 1483
1169 1914
1171 1389
1178 1770
1196 1594
1200 1801
1210 1594
1211 1975
1218 1801
1237 1770
1238 1239
1239 1975
1263 1975
1305 1389
1320 1389
1389 1579
1389 1758
1389 1883
1450 1496
1468 1496
1485 1770
1512 1801
1541 1914
1554 1594
1594 1595
1594 1596
1594 1597
1606 1975
1678 1801
1689 1914
1750 1801
1770 1915
1801 1865
1801 1930
1801 1953
1817 1975
1852 1975
