5 1246
18 81
41 1784
78 81
81 227
81 980
81 1059
81 1074
81 1531
81 1893
104 868
162 389
174 1784
183 1246
190 867
197 198
198 217
198 551
198 614
198 738
198 938
198 1026
198 1128
198 1620
232 1292
241 1246
290 551
380 389
381 1159
385 1349
389 549
389 551
389 770
389 953
389 1008
389 1293
389 1301
389 1686
389 1759
389 1868
389 1931
389 1988
408 1349
421 980
442 980
450 980
450 1723
480 551
492 1723
539 1159
550 551
551 563
551 644
551 867
551 980
551 984
551 1157
551 1159
551 1210
551 1266
551 1292
551 1716
551 1723
551 1860
562 868
579 980
602 980
610 1246
686 1292
692 868
730 867
779 1349
784 1159
793 1246
794 980
861 867
861 868
867 892
867 978
867 1115
867 1136
867 1331
867 1437
868 1073
868 1246
868 1645
868 1870
917 1292
977 980
980 1050
980 1178
980 1246
980 1349
980 1623
980 1704
980 1784
980 1932
985 1784
1036 1784
1065 1246
1067 1349
1096 1349
1104 1157
1154 1157
1154 1159
1155 1349
1157 1208
1157 1220
1157 1458
1157 1691
1157 1935
1159 1199
1159 1211
1159 1370
1159 1463
1159 1857
1191 1292
1201 1723
1242 1246
1246 1397
1246 1407
1246 1433
1247 1784
1266 1349
1286 1349
1289 1292
1292 1559
1292 1744
1292 1909
1347 1349
1349 1509
1349 1554
1349 1691
1504 1723
1611 1784
1650 1723
1723 1777
1784 1843
