0 6
2 1981
6 89
6 439
6 650
6 701
6 833
6 993
6 1114
7 608
25 809
29 1858
50 1384
65 647
67 70
68 1981
70 89
70 399
70 415
70 716
70 886
70 1114
70 1230
70 1372
70 1550
70 1687
79 176
86 87
86 88
86 89
86 90
86 91
86 92
89 220
89 273
89 407
89 463
89 608
89 611
89 647
89 801
89 1175
89 1221
89 1384
89 1548
89 1776
89 1858
94 1642
103 1638
104 1221
107 407
109 407
113 1641
121 1384
124 1300
132 273
135 146
146 401
146 420
146 904
146 1236
146 1617
146 1682
146 1776
146 1781
167 1982
169 176
170 647
176 661
176 792
176 841
176 1076
176 1277
176 1308
176 1730
176 1776
176 1937
177 647
179 1716
188 611
188 1776
208 220
216 1642
217 1300
220 1256
220 1348
220 1365
220 1640
220 1690
220 1820
249 1642
265 273
273 432
273 764
273 956
273 1029
273 1136
283 1175
285 1221
296 1384
300 1384
306 801
316 1641
325 1858
334 1642
335 647
339 1221
345 1221
346 1027
360 1175
365 1638
382 801
388 1384
392 407
407 619
407 771
407 870
407 1356
407 1562
407 1602
416 1384
444 1175
456 1638
457 463
461 1384
463 688
463 1047
463 1279
468 647
475 647
484 1638
487 608
487 647
494 608
497 1716
509 1221
525 611
529 1858
545 1548
551 1716
555 608
565 809
568 809
590 647
599 1548
607 608
608 1358
608 1497
608 1512
608 1922
611 612
611 613
611 614
611 615
611 616
641 1776
647 1543
647 1671
653 1642
660 1642
672 1384
700 1027
710 1548
712 1642
714 801
717 1716
725 1981
733 801
768 1175
797 801
801 1201
801 1267
801 1294
801 1354
808 1716
809 831
809 860
809 1121
809 1132
809 1194
809 1287
809 1514
809 1776
809 1782
809 1875
810 1175
842 1027
864 1384
902 1982
917 1027
929 1221
953 1548
957 1981
960 1384
966 1776
1024 1027
1027 1281
1027 1322
1027 1352
1027 1708
1027 1776
1041 1858
1072 1641
1080 1175
1096 1300
1096 1858
1102 1548
1107 1221
1110 1638
1143 1642
1161 1548
1166 1638
1168 1300
1175 1432
1175 1554
1175 1913
1187 1300
1221 1576
1232 1548
1241 1716
1272 1384
1296 1300
1300 1351
1300 1473
1300 1759
1300 1771
1300 1776
1300 1802
1300 1893
1314 1641
1367 1548
1384 1385
1385 1776
1400 1638
1481 1716
1513 1642
1548 1549
1548 1550
1548 1551
1548 1552
1564 1776
1606 1858
1610 1982
1622 1776
1634 1638
1638 1689
1638 1776
1641 1642
1641 1643
1641 1644
1641 1645
1642 1776
1642 1797
1642 1981
1654 1982
1716 1776
1716 1879
1716 1892
1776 1893
1878 1982
1981 1982
