1 1247
3 895
16 1507
21 337
21 1145
38 1145
44 58
50 361
54 58
57 1508
58 174
58 242
58 397
58 409
58 896
58 1030
58 1538
58 1566
58 1598
62 997
62 1145
73 1145
73 1235
77 303
88 961
90 1565
92 1507
131 1508
134 1507
135 144
137 674
137 895
144 519
144 1566
144 1757
144 1875
144 1922
145 1829
153 585
154 1247
170 1049
171 1517
172 1703
181 1566
183 1145
191 337
196 1829
200 1565
206 361
207 248
235 1049
238 1507
244 1508
244 1517
246 247
246 248
246 249
246 250
246 251
246 252
248 482
248 963
248 986
248 1102
248 1247
248 1373
248 1566
248 1567
248 1797
248 1937
248 1963
249 303
255 912
255 1508
259 1829
260 337
266 912
292 1530
297 303
303 331
303 447
303 499
303 513
303 572
303 1145
303 1188
303 1410
303 1564
303 1565
303 1566
309 895
309 1566
311 585
316 997
318 1242
320 1242
330 1508
331 337
337 346
337 350
337 585
337 605
337 610
337 668
337 713
337 834
337 961
337 963
337 1014
337 1115
337 1199
337 1294
337 1405
337 1487
337 1517
337 1664
339 818
352 1507
354 1564
355 361
357 1247
361 585
361 713
361 828
361 1078
361 1939
365 1564
371 818
378 1145
383 1564
387 1247
400 1049
406 1530
442 1703
482 1507
493 997
505 1508
507 1508
509 1049
522 585
545 1507
547 585
557 1049
560 1507
565 895
567 1269
568 818
585 630
585 683
585 845
585 912
585 1031
585 1130
585 1135
585 1245
585 1530
585 1746
585 1761
612 1829
623 1517
627 895
631 1517
662 1530
663 1703
671 1530
672 895
673 674
674 778
674 963
674 1078
674 1179
674 1247
674 1290
674 1499
674 1631
674 1739
674 1942
676 912
694 1269
727 1242
737 1049
754 1703
779 1829
783 1530
813 1530
818 995
818 1045
818 1417
818 1566
818 1612
818 1717
818 1836
818 1907
818 1966
823 997
824 1530
884 1564
885 895
895 934
895 1232
895 1566
899 1517
905 912
912 1055
912 1173
917 1565
925 1566
956 961
961 1100
961 1138
961 1338
961 1526
961 1662
961 1907
964 997
997 1026
997 1411
997 1508
997 1690
997 1772
997 1822
1034 1703
1046 1049
1049 1247
1049 1350
1049 1376
1049 1932
1049 1948
1085 1145
1126 1235
1145 1437
1145 1789
1145 1935
1158 1703
1167 1565
1170 1508
1180 1517
1183 1703
1222 1566
1235 1338
1235 1566
1235 1660
1235 1964
1240 1242
1242 1244
1242 1245
1242 1246
1242 1247
1247 1269
1247 1508
1247 1703
1247 1732
1247 1784
1255 1530
1260 1269
1262 1564
1269 1341
1269 1587
1290 1566
1298 1703
1302 1530
1323 1703
1417 1564
1455 1507
1466 1565
1493 1564
1507 1508
1507 1509
1508 1832
1516 1829
1517 1611
1519 1565
1530 1566
1530 1625
1530 1742
1530 1959
1531 1829
1564 1584
1564 1633
1564 1776
1564 1780
1565 1568
1565 1808
1565 1843
1565 1881
1566 1829
1709 1829
1829 1842
1829 1959
