0 4
3 625
4 124
4 332
4 487
4 571
4 572
4 623
4 697
4 736
4 782
4 847
4 906
4 910
4 1000
4 1196
4 1584
4 1624
7 608
9 906
9 1125
11 91
14 15
15 84
15 487
15 1196
15 1918
15 1955
15 1976
37 572
38 1051
43 1460
45 1051
52 906
65 332
65 647
66 906
74 1051
86 91
89 608
89 647
90 1432
91 367
91 487
91 493
91 1518
91 1568
91 1675
91 1797
107 1125
113 1660
121 1662
122 124
122 125
124 133
124 183
124 557
124 759
124 839
124 887
124 1300
124 1380
124 1386
124 1415
124 1602
124 1683
124 1786
125 487
125 513
125 664
125 792
125 1088
125 1121
125 1258
125 1395
125 1412
125 1543
125 1697
125 1747
125 1845
127 847
150 1460
159 449
159 847
170 647
177 647
181 625
188 697
196 736
202 736
242 847
244 746
262 736
267 1432
268 906
288 301
288 572
297 301
301 656
301 880
301 894
301 1125
301 1201
301 1382
301 1430
301 1432
301 1965
303 572
308 332
312 1624
322 1661
331 332
332 1093
332 1450
332 1578
332 1659
332 1862
332 1877
334 1660
335 647
338 1584
340 697
340 1125
357 1662
375 1660
378 1624
383 572
383 1663
386 1661
401 449
403 1432
404 736
423 1432
439 1661
447 449
449 487
449 532
449 775
449 1231
449 1232
449 1233
449 1234
468 647
468 746
475 647
482 1660
486 487
486 488
486 489
486 490
487 608
487 625
487 647
487 694
487 746
487 1051
487 1125
487 1460
487 1660
487 1661
487 1662
487 1663
489 1051
494 608
506 1125
506 1660
508 1432
521 697
523 1460
555 608
571 572
572 666
572 836
572 858
572 1224
572 1340
572 1523
576 906
580 1661
581 906
590 647
607 608
608 1358
608 1497
608 1512
608 1922
614 1662
625 626
625 627
631 1663
646 1663
647 1543
647 1671
656 1624
682 736
693 697
694 1660
697 730
697 784
697 911
697 1059
697 1480
697 1488
697 1605
700 1624
724 1432
736 1285
736 1405
736 1523
736 1800
746 747
746 748
746 749
746 750
746 751
746 752
746 753
746 754
746 755
757 1051
766 1584
782 1660
793 1661
795 847
795 1584
803 1584
847 982
847 1056
847 1089
847 1102
847 1539
847 1928
850 906
877 1051
905 906
906 1121
906 1267
906 1503
906 1740
936 1661
961 1662
968 1661
1017 1624
1051 1359
1051 1418
1051 1601
1051 1618
1051 1910
1084 1584
1087 1661
1097 1624
1104 1661
1106 1662
1124 1125
1125 1534
1125 1802
1125 1918
1125 1919
1125 1923
1140 1662
1142 1661
1143 1662
1148 1460
1175 1432
1198 1663
1222 1663
1235 1660
1262 1624
1274 1624
1365 1662
1393 1460
1421 1460
1425 1624
1431 1624
1432 1433
1432 1434
1460 1516
1460 1569
1478 1660
1479 1584
1490 1660
1564 1584
1584 1585
1584 1586
1624 1857
1660 1669
1661 1701
1661 1816
1661 1931
1661 1950
1663 1726
1663 1922
