3 891
7 900
11 1537
22 379
49 455
49 1126
57 1134
76 500
100 1294
103 953
107 477
109 1537
113 1881
120 1987
121 503
131 853
131 1881
145 165
150 853
155 165
165 481
165 1126
165 1399
165 1413
165 1428
165 1866
165 1918
177 1537
180 1134
188 884
215 455
233 884
244 884
244 1139
249 900
250 853
251 1881
255 900
258 1537
261 1166
267 1987
268 806
268 1993
269 900
271 455
277 1276
295 498
299 1166
308 953
312 503
312 1993
313 891
323 1424
333 379
337 1294
344 424
362 1276
370 374
370 379
374 514
374 858
374 1139
374 1143
374 1154
374 1546
374 1692
379 481
379 1270
379 1271
379 1272
379 1273
379 1274
379 1275
382 1166
389 953
400 900
422 424
424 481
424 649
424 929
424 1016
424 1363
424 1388
424 1444
424 1450
424 1658
441 1987
447 455
455 656
455 953
455 975
455 1012
455 1525
455 1577
455 1879
458 503
458 806
477 478
477 479
477 480
477 481
477 482
477 483
477 484
477 485
481 500
481 565
481 770
481 806
481 1139
481 1166
481 1893
481 1922
481 1993
491 1126
496 498
496 500
496 503
498 748
498 1139
498 1211
498 1378
498 1483
498 1654
498 1755
498 1995
500 1400
500 1493
500 1653
503 548
503 930
503 1139
503 1652
508 1993
514 1139
534 953
535 1537
588 1424
606 1424
606 1828
643 1881
677 891
679 1276
692 953
707 884
720 1881
741 900
750 1836
771 1993
779 1294
801 1294
802 806
806 1918
806 1940
806 1941
818 1836
834 884
852 853
853 913
853 1062
853 1139
853 1350
853 1759
853 1892
880 884
884 992
884 1118
884 1139
884 1564
884 1644
884 1950
888 1836
891 1028
891 1139
891 1356
891 1409
891 1604
891 1731
891 1740
891 1816
891 1841
896 900
900 953
900 1179
900 1283
900 1352
900 1477
900 1569
901 1836
945 1276
948 1881
949 953
953 1205
953 1537
953 1548
953 1557
953 1587
953 1741
953 1828
953 1833
959 1987
970 1987
983 1828
986 1166
1004 1276
1008 1126
1008 1828
1060 1276
1087 1836
1088 1424
1117 1126
1124 1126
1126 1205
1126 1235
1134 1135
1134 1136
1134 1137
1134 1138
1134 1139
1134 1140
1134 1141
1134 1142
1134 1143
1139 1276
1139 1294
1139 1424
1139 1537
1139 1836
1139 1881
1139 1987
1166 1228
1166 1388
1166 1638
1166 1842
1166 1896
1166 1939
1270 1987
1276 1277
1276 1278
1276 1279
1276 1280
1293 1294
1294 1599
1294 1640
1294 1667
1294 1682
1305 1424
1314 1828
1330 1537
1352 1987
1424 1816
1424 1817
1461 1993
1531 1828
1537 1568
1537 1742
1537 1918
1537 1964
1537 1965
1565 1881
1754 1836
1820 1836
1828 1850
1869 1987
1879 1993
1922 1993
1984 1993
1987 1994
