15 1955
19 320
29 942
35 317
39 1988
88 326
99 1648
101 105
105 930
105 1015
105 1082
105 1168
105 1220
105 1506
105 1923
107 1648
120 595
124 1300
133 652
141 319
163 329
164 595
190 1955
193 323
194 1917
199 327
205 986
210 652
217 324
217 1300
222 323
228 320
232 1479
245 323
248 986
264 1273
265 268
268 615
268 773
268 806
268 906
268 1057
268 1168
268 1612
268 1935
268 1993
280 1273
285 319
290 327
316 1654
317 318
317 319
317 320
317 321
317 322
317 323
317 324
317 325
317 326
317 327
317 328
317 329
317 330
319 840
319 1020
319 1043
319 1050
320 401
320 692
320 965
320 1106
320 1114
320 1242
320 1367
320 1928
321 347
321 491
321 1037
321 1089
321 1210
321 1304
321 1597
321 1834
323 345
323 586
323 590
323 781
323 1176
323 1259
323 1424
323 1628
323 1644
323 1986
324 491
324 492
324 493
324 494
324 495
326 423
326 469
326 652
326 785
326 1168
326 1382
326 1479
326 1654
326 1692
326 1734
326 1735
326 1759
327 1250
327 1446
328 652
329 348
329 453
329 464
329 493
329 905
329 1136
329 1425
329 1711
329 1712
357 595
379 1273
386 1654
389 1988
418 1648
421 1917
422 423
423 641
423 644
423 1321
423 1432
423 1496
423 1693
430 1479
452 1654
458 942
476 1870
480 652
488 1479
497 1722
498 1654
524 1113
538 1648
587 595
595 710
595 1076
595 1146
595 1168
595 1647
595 1754
595 1928
595 1968
596 942
622 1273
649 652
652 761
652 1096
652 1444
652 1782
652 1973
659 1722
660 1955
664 1025
694 1025
742 1648
751 1955
792 1273
796 1648
800 1654
816 1113
824 1870
836 1654
846 986
850 1648
850 1870
860 1273
868 1870
908 1479
918 1479
939 1722
942 1117
942 1155
942 1168
942 1511
942 1578
942 1635
942 1762
942 1893
982 986
986 1075
986 1163
986 1164
986 1165
986 1166
986 1167
986 1168
986 1169
993 1273
1001 1113
1024 1025
1025 1168
1025 1737
1025 1895
1042 1479
1064 1955
1087 1722
1096 1300
1111 1113
1113 1168
1113 1248
1113 1734
1113 1863
1113 1944
1115 1955
1161 1870
1168 1273
1168 1300
1168 1648
1168 1722
1168 1870
1168 1955
1168 1988
1181 1988
1187 1300
1201 1722
1244 1988
1273 1320
1273 1451
1273 1473
1273 1529
1273 1810
1296 1300
1300 1351
1300 1473
1300 1759
1300 1771
1300 1776
1300 1802
1300 1893
1315 1654
1337 1648
1353 1988
1374 1917
1383 1722
1450 1479
1471 1479
1479 1584
1479 1644
1479 1665
1479 1802
1501 1955
1514 1955
1518 1955
1616 1648
1654 1683
1654 1772
1654 1777
1654 1969
1654 1982
1701 1722
1722 1752
1722 1753
1722 1754
1779 1870
1911 1917
1917 1988
