5 1246
20 1259
23 1628
25 748
32 195
35 317
41 1576
42 270
44 54
47 472
50 1259
54 58
54 163
54 228
54 241
54 391
54 520
54 722
54 748
54 913
54 1626
54 1627
54 1628
59 1576
61 1053
74 1053
75 1724
80 1724
83 719
84 1705
88 326
97 1705
98 1067
108 1705
113 1576
120 1053
124 557
178 185
181 719
183 1246
183 1628
185 241
185 707
185 1021
185 1091
185 1263
185 1329
185 1504
185 1505
187 195
193 323
195 212
195 241
195 1182
195 1472
195 1639
201 1628
207 719
222 323
223 1536
236 719
237 238
237 239
237 240
237 241
237 242
237 243
237 244
237 245
240 1259
241 270
241 271
241 472
241 543
241 557
241 1174
241 1246
241 1536
241 1540
241 1705
241 1974
245 323
265 270
270 447
270 492
270 1187
270 1901
271 543
277 1067
291 748
304 1974
317 318
317 319
317 320
317 321
317 322
317 323
317 324
317 325
317 326
317 327
317 328
317 329
317 330
323 345
323 586
323 590
323 781
323 1176
323 1259
323 1424
323 1628
323 1644
323 1986
326 423
326 469
326 652
326 785
326 1168
326 1382
326 1479
326 1654
326 1692
326 1734
326 1735
326 1759
328 472
370 371
371 818
371 822
371 1080
371 1628
371 1961
386 1067
388 1259
400 1974
438 1357
467 472
472 475
472 577
472 793
472 1270
472 1413
472 1606
472 1636
472 1814
475 1540
498 748
501 1724
502 543
511 1540
518 1724
540 543
543 734
543 841
543 1184
543 1266
543 1308
543 1635
543 1763
548 1986
550 557
557 599
557 962
557 1049
557 1053
557 1067
557 1202
557 1249
557 1419
557 1919
557 1920
596 1974
610 1246
612 1540
613 1705
620 1357
633 1536
646 1705
650 748
651 719
691 1259
707 1540
712 1626
719 758
719 1174
719 1357
725 1053
743 1259
746 748
748 773
748 1022
748 1140
748 1734
748 1875
787 1067
793 1246
834 1628
868 1246
886 1067
904 1705
980 1246
985 1053
1015 1974
1017 1626
1020 1536
1020 1986
1039 1053
1053 1070
1053 1116
1053 1591
1053 1707
1065 1246
1067 1337
1067 1349
1067 1440
1067 1736
1067 1916
1076 1628
1082 1626
1110 1576
1129 1357
1158 1974
1163 1974
1172 1705
1188 1724
1221 1576
1242 1246
1246 1397
1246 1407
1246 1433
1256 1259
1259 1363
1259 1649
1259 1789
1270 1357
1281 1705
1312 1626
1339 1724
1353 1974
1357 1536
1357 1827
1357 1861
1357 1944
1388 1986
1408 1536
1413 1628
1425 1986
1426 1724
1447 1536
1459 1628
1482 1974
1483 1626
1485 1536
1521 1540
1526 1974
1536 1640
1536 1779
1540 1656
1540 1830
1540 1957
1574 1576
1576 1628
1576 1954
1626 1971
1628 1721
1628 1724
1705 1962
1936 1986
1978 1986
