7 1631
13 51
14 16
15 1955
16 96
16 304
16 347
16 583
16 1064
16 1507
16 1759
19 453
21 869
28 453
34 1798
38 1962
39 46
44 46
44 51
46 356
46 462
46 494
46 742
46 1028
46 1449
46 1499
46 1500
51 239
51 740
51 800
51 819
51 874
51 979
51 1064
51 1121
51 1316
51 1499
51 1567
51 1569
51 1951
70 1687
73 453
96 774
132 1969
134 1843
137 674
151 1078
154 774
159 846
170 1499
176 1308
181 966
182 358
190 1955
221 1499
228 1798
230 772
233 1798
245 1969
251 1778
267 1798
271 1687
286 1843
293 772
311 358
318 1631
329 453
343 1962
347 869
355 358
358 530
358 536
358 547
358 559
358 610
358 630
358 940
358 952
358 1062
358 1063
358 1064
358 1065
361 1078
401 1368
410 510
431 1843
433 846
434 1798
447 453
450 1778
453 728
453 846
453 1128
453 1176
453 1284
464 1687
468 772
499 1843
510 846
510 1017
510 1055
510 1088
510 1336
515 1778
518 1687
527 966
533 1778
539 846
543 1308
549 1368
560 1368
571 573
573 804
573 1064
573 1813
577 846
594 1078
601 1778
629 846
631 778
648 1962
654 774
660 1955
667 869
669 772
673 674
674 778
674 963
674 1078
674 1179
674 1247
674 1290
674 1499
674 1631
674 1739
674 1942
684 1798
684 1969
690 1499
705 869
710 1631
727 966
728 1268
751 1955
766 1308
772 882
772 1064
772 1474
772 1865
772 1866
773 774
773 778
774 1064
774 1425
774 1767
774 1816
778 1137
778 1192
778 1286
778 1449
778 1758
799 1778
824 1368
846 986
846 995
846 1064
846 1467
846 1583
846 1798
846 1830
846 1843
846 1962
861 869
869 1064
869 1325
869 1935
879 1778
882 1308
933 1778
966 1050
966 1064
966 1535
966 1618
966 1659
966 1754
966 1769
966 1776
999 1368
1001 1308
1034 1499
1042 1499
1052 1631
1064 1268
1064 1308
1064 1368
1064 1687
1064 1778
1064 1942
1064 1955
1064 1969
1070 1078
1078 1473
1078 1528
1078 1629
1080 1843
1101 1368
1115 1955
1128 1268
1168 1955
1176 1308
1177 1778
1182 1268
1188 1268
1199 1778
1205 1368
1227 1631
1251 1368
1252 1962
1260 1268
1268 1295
1268 1387
1268 1557
1268 1563
1268 1766
1283 1739
1308 1309
1308 1310
1308 1311
1308 1312
1308 1313
1308 1314
1308 1315
1340 1368
1359 1631
1368 1713
1368 1735
1368 1844
1386 1499
1401 1798
1425 1631
1441 1499
1458 1962
1488 1798
1499 1633
1499 1634
1501 1955
1514 1955
1518 1955
1521 1778
1565 1843
1585 1687
1610 1739
1615 1798
1615 1843
1631 1749
1631 1812
1631 1851
1639 1687
1654 1969
1675 1962
1705 1962
1715 1739
1749 1843
1778 1832
1784 1843
1901 1962
