2 1542
9 1135
14 17
14 21
17 367
17 550
17 630
17 1363
17 1872
21 98
21 189
21 337
21 394
21 615
21 692
21 869
21 1057
21 1145
21 1204
21 1544
29 1130
41 610
45 1496
49 1581
50 361
57 1130
58 242
64 522
69 350
74 311
83 610
88 961
90 293
92 522
92 747
96 1496
97 1245
100 1294
114 191
123 522
147 153
148 350
151 1581
153 287
153 580
153 581
153 582
153 583
153 584
153 585
153 586
158 350
160 293
167 293
167 1869
170 1911
187 191
191 337
191 357
191 392
191 993
191 1161
191 1195
191 1272
192 350
193 1746
200 1542
205 1795
206 361
209 683
212 1496
216 1911
228 547
228 630
237 242
239 1581
242 594
242 630
242 714
242 847
242 960
242 1009
242 1059
242 1504
242 1559
242 1588
248 963
252 857
255 912
257 1045
259 283
260 337
266 912
269 1542
274 283
277 311
279 1911
283 630
283 687
283 816
283 1019
283 1175
283 1210
283 1582
283 1598
283 1887
283 1996
286 1746
287 293
292 1530
293 630
293 750
293 772
293 1007
293 1352
293 1353
303 331
305 1045
307 311
311 358
311 585
311 589
311 695
311 735
311 931
311 1799
311 1916
311 1996
317 328
328 472
328 630
328 652
328 957
328 1437
328 1658
328 1929
331 332
331 333
331 334
331 335
331 336
331 337
331 338
331 339
337 346
337 350
337 585
337 605
337 610
337 668
337 713
337 834
337 961
337 963
337 1014
337 1115
337 1199
337 1294
337 1405
337 1487
337 1517
337 1664
338 857
350 466
350 1272
350 1606
355 361
358 547
358 610
358 630
361 585
361 713
361 828
361 1078
361 1939
365 1542
373 1309
381 547
382 1130
384 628
393 628
396 862
401 1542
405 963
406 1530
406 1746
409 418
411 862
412 522
418 513
418 650
418 826
418 898
418 1031
418 1071
418 1123
418 1401
418 1648
418 1746
418 1788
423 1496
437 747
448 862
451 857
461 547
464 1115
484 547
488 547
488 1542
504 610
504 1135
508 1746
520 522
522 585
522 727
522 1767
525 1135
538 683
540 547
546 1115
547 585
547 644
547 1251
547 1340
547 1468
547 1742
552 628
558 1130
574 1130
576 1130
583 1761
585 630
585 683
585 845
585 912
585 1031
585 1130
585 1135
585 1245
585 1530
585 1746
585 1761
590 1527
607 610
610 653
610 699
610 1217
610 1246
610 1326
610 1480
615 857
628 629
628 630
628 631
628 632
628 633
628 634
628 635
628 636
630 747
630 862
630 1045
630 1309
630 1496
630 1527
630 1542
630 1795
630 1869
639 1496
641 1130
662 1530
671 1530
674 963
676 912
683 844
683 981
683 1048
683 1102
683 1289
683 1318
683 1592
683 1619
683 1750
683 1758
688 1761
694 1542
746 747
747 858
747 1441
747 1634
747 1766
747 1874
751 862
755 1581
762 1761
771 1746
779 1294
780 1130
783 1530
792 862
792 1496
798 1496
801 1294
813 1530
818 1045
824 1530
834 1135
836 1761
850 857
850 1542
850 1869
852 857
857 1488
857 1615
857 1746
857 1911
861 862
862 1495
862 1616
862 1892
867 1115
877 1869
879 1527
905 912
912 1055
912 1173
917 1911
919 1869
931 1115
938 1045
956 961
961 1100
961 1138
961 1338
961 1526
961 1662
961 1907
975 1045
975 1527
979 1135
983 1309
985 1496
1043 1045
1045 1136
1045 1358
1045 1444
1045 1717
1093 1130
1110 1761
1115 1253
1115 1691
1115 1825
1115 1866
1115 1942
1115 1955
1117 1527
1122 1309
1123 1869
1130 1155
1134 1135
1135 1752
1135 1949
1139 1294
1141 1746
1143 1795
1144 1761
1183 1581
1193 1245
1242 1245
1245 1304
1245 1639
1255 1530
1274 1309
1286 1527
1293 1294
1294 1599
1294 1640
1294 1667
1294 1682
1298 1309
1302 1530
1308 1309
1309 1339
1309 1463
1309 1480
1309 1518
1309 1862
1351 1746
1379 1795
1397 1527
1415 1542
1422 1761
1450 1496
1468 1496
1483 1542
1492 1911
1509 1527
1527 1819
1527 1859
1530 1566
1530 1625
1530 1742
1530 1959
1542 1933
1559 1869
1578 1581
1581 1656
1581 1706
1581 1746
1581 1768
1581 1961
1581 1979
1700 1911
1701 1746
1746 1875
1767 1795
1771 1911
1783 1911
1795 1796
1795 1797
1869 1987
1911 1917
