2 193
2 1542
2 1570
9 802
18 526
20 1668
22 802
27 29
29 295
29 710
29 942
29 1130
29 1256
29 1505
29 1539
29 1570
29 1858
36 37
37 206
37 368
37 416
37 572
37 665
37 703
37 917
37 1171
37 1570
37 1582
38 829
39 526
41 1216
51 1569
53 878
63 259
66 1525
79 1352
84 1216
97 1310
100 197
107 1017
107 1525
117 118
117 119
117 120
117 121
120 200
120 203
120 333
120 378
120 560
120 595
120 802
120 819
120 1053
120 1058
120 1319
120 1426
120 1570
120 1684
120 1987
126 784
133 193
141 1447
163 1119
175 638
182 1495
187 193
193 252
193 323
193 732
193 1218
193 1506
193 1573
193 1587
193 1668
193 1746
193 1749
197 198
197 199
197 200
197 201
197 202
197 203
197 204
197 205
197 206
197 207
200 212
200 296
200 390
200 402
200 501
200 821
200 944
200 1017
200 1216
200 1495
200 1542
200 1553
200 1565
200 1650
200 1910
211 784
213 638
222 1017
226 1017
233 1216
240 744
246 247
246 248
246 249
246 250
246 251
246 252
247 259
252 404
252 494
252 857
252 949
252 970
252 1003
252 1162
252 1243
252 1383
252 1447
252 1665
252 1853
255 1647
257 1352
259 283
259 640
259 773
259 1570
259 1706
259 1710
259 1829
264 402
266 1447
269 1542
271 638
286 1447
287 296
292 944
293 1352
296 508
296 1030
296 1384
296 1415
296 1455
296 1485
296 1868
300 949
322 1312
338 857
342 553
347 1668
349 1216
359 1119
365 1542
369 1668
372 1418
377 1418
378 878
380 390
384 638
390 415
390 457
390 684
390 959
390 1167
390 1852
392 402
401 1542
402 813
402 1274
402 1520
402 1691
402 1710
413 865
420 878
435 949
439 1058
451 857
455 1525
468 1569
478 1310
483 526
488 1542
489 638
510 1017
516 1525
520 526
525 1312
526 878
526 1005
530 1418
537 1017
539 1312
545 1525
550 553
553 576
553 815
553 878
553 1102
553 1230
553 1370
553 1491
553 1492
555 1447
562 878
578 1495
595 1647
602 1668
615 857
626 744
630 1542
637 638
638 646
638 873
638 946
638 999
638 1087
638 1132
638 1423
638 1570
644 1216
651 744
653 1569
662 1017
664 1058
694 1542
695 1119
697 784
701 1668
720 949
744 808
744 988
744 1188
744 1293
744 1393
744 1570
744 1759
744 1848
765 829
775 1058
776 802
783 944
784 878
784 1081
784 1159
784 1176
784 1238
784 1403
784 1463
784 1710
784 1914
784 1925
788 1426
792 1119
799 1352
802 803
802 804
802 805
802 806
802 807
802 808
808 1310
819 1310
821 829
829 841
829 876
829 878
829 1080
829 1132
829 1239
829 1327
829 1550
829 1577
829 1817
829 1819
842 949
849 865
850 857
850 1447
850 1542
852 857
857 1488
857 1615
857 1746
857 1911
861 865
862 1495
863 1426
865 1200
865 1254
865 1568
865 1570
865 1725
865 1867
865 1976
866 1058
876 878
878 1121
878 1237
878 1329
878 1418
878 1570
878 1690
878 1691
888 1418
900 1352
900 1569
909 949
910 1668
913 1312
935 949
943 944
944 1041
944 1137
944 1329
944 1334
944 1764
944 1950
949 950
949 951
949 952
949 953
949 954
949 955
974 1058
987 1495
1007 1495
1013 1418
1016 1017
1017 1624
1017 1626
1017 1968
1019 1569
1023 1216
1027 1352
1034 1058
1035 1647
1051 1418
1051 1910
1056 1058
1058 1439
1058 1779
1076 1910
1080 1910
1082 1418
1087 1312
1088 1426
1109 1119
1118 1119
1119 1284
1119 1358
1119 1363
1119 1388
1119 1398
1119 1570
1119 1978
1122 1569
1164 1569
1170 1668
1172 1569
1186 1426
1195 1312
1209 1352
1214 1447
1216 1252
1216 1658
1216 1768
1241 1310
1241 1495
1278 1684
1298 1352
1299 1310
1308 1310
1308 1312
1310 1465
1310 1543
1310 1570
1310 1861
1310 1933
1310 1995
1312 1410
1312 1471
1312 1553
1312 1570
1312 1626
1312 1704
1312 1906
1312 1929
1322 1426
1330 1668
1352 1381
1352 1453
1352 1570
1352 1987
1397 1525
1404 1569
1411 1569
1415 1542
1418 1516
1426 1618
1426 1724
1426 1803
1426 1967
1447 1492
1447 1536
1447 1570
1447 1689
1447 1760
1447 1797
1447 1929
1447 1932
1449 1525
1459 1525
1460 1569
1468 1495
1483 1542
1495 1615
1525 1570
1525 1578
1525 1595
1525 1876
1542 1933
1555 1668
1569 1570
1569 1571
1569 1572
1569 1573
1570 1647
1577 1647
1604 1647
1639 1684
1647 1916
1647 1961
1684 1685
1684 1686
1789 1910
