9 1125
20 1462
21 1204
51 979
62 666
79 370
90 1462
92 107
99 1648
106 107
107 407
107 477
107 666
107 681
107 813
107 880
107 897
107 959
107 1017
107 1125
107 1525
107 1648
107 1816
107 1864
127 1204
129 1243
139 979
145 639
170 813
174 666
175 1744
182 864
190 370
196 1034
200 402
200 1017
203 230
204 639
209 681
222 1017
225 1556
226 1017
227 1700
230 341
230 579
230 772
230 842
230 1110
230 1161
230 1476
230 1513
230 1558
230 1559
236 1034
252 1243
254 897
263 639
264 402
267 1864
272 1864
274 279
274 281
277 372
279 355
279 372
279 576
279 845
279 1035
279 1087
279 1367
279 1911
281 447
281 685
281 755
281 813
281 988
281 1227
281 1318
281 1793
281 1865
282 864
292 1530
295 959
301 1125
322 1700
330 1289
336 864
340 1125
346 579
346 1048
354 813
360 1556
364 830
370 371
370 372
370 373
370 374
370 375
370 376
370 377
370 378
370 379
372 387
372 436
372 508
372 579
372 639
372 864
372 898
372 918
372 979
372 1034
372 1289
372 1418
372 1700
372 1744
372 1801
377 1418
381 1048
383 898
388 1289
390 959
392 402
397 1700
402 813
402 1274
402 1520
402 1691
402 1710
403 436
406 1530
418 898
418 1648
429 681
431 568
432 626
436 437
436 438
436 439
436 440
436 441
436 442
436 443
436 444
436 445
436 446
438 1243
441 626
452 979
455 1879
458 897
459 1801
466 1254
466 1864
477 478
477 479
477 480
477 481
477 482
477 483
477 484
477 485
487 1125
494 1243
504 979
504 1185
506 1125
510 1017
517 1879
530 1418
535 1700
537 666
537 1017
538 1648
546 1744
549 1556
561 568
568 809
568 810
568 811
568 812
568 813
568 814
568 815
568 816
568 817
568 818
568 819
568 820
569 1185
571 578
571 579
572 666
578 579
578 696
578 759
578 823
578 1170
578 1354
578 1420
578 1495
578 1712
579 626
579 663
579 813
579 980
579 1204
579 1243
579 1334
579 1438
579 1462
579 1556
579 1879
585 1530
592 639
613 1204
625 626
626 743
626 744
626 745
637 639
639 646
639 1154
639 1163
639 1173
639 1206
639 1241
639 1331
639 1371
639 1381
639 1496
639 1531
656 979
662 1017
662 1530
663 681
665 666
666 793
666 1128
666 1395
666 1396
666 1397
666 1398
671 1530
681 1018
681 1089
681 1207
681 1254
681 1458
681 1567
683 1048
683 1289
687 1204
692 1185
706 1438
732 1185
742 1648
743 1744
751 1185
782 1462
783 1530
786 1801
792 1185
796 1648
798 1801
799 1204
808 1879
812 1700
813 830
813 874
813 995
813 1048
813 1185
813 1321
813 1530
813 1944
813 1984
819 1864
821 830
824 1530
830 835
830 1136
830 1487
850 1289
850 1648
856 1243
859 1744
861 864
864 1217
864 1233
864 1285
864 1384
864 1512
864 1731
865 1254
872 1864
878 1418
888 1418
896 897
896 898
897 1533
898 1765
922 1556
947 1185
956 959
959 1147
959 1229
959 1453
959 1498
959 1592
959 1923
959 1987
973 1034
977 979
979 1109
979 1135
979 1218
979 1685
979 1936
979 1937
998 1204
1013 1418
1016 1017
1017 1624
1017 1626
1017 1968
1034 1058
1034 1363
1034 1366
1034 1499
1034 1703
1046 1048
1048 1184
1048 1375
1048 1768
1048 1791
1048 1965
1051 1418
1055 1204
1059 1879
1082 1418
1096 1864
1098 1879
1113 1944
1124 1125
1125 1534
1125 1802
1125 1918
1125 1919
1125 1923
1148 1462
1168 1648
1184 1185
1185 1265
1185 1336
1185 1609
1187 1438
1191 1879
1200 1801
1204 1260
1204 1637
1204 1640
1204 1715
1218 1801
1240 1243
1243 1586
1243 1608
1243 1635
1243 1733
1250 1254
1254 1321
1254 1322
1255 1530
1271 1879
1274 1438
1289 1290
1289 1291
1289 1292
1292 1744
1302 1530
1313 1700
1330 1744
1335 1864
1337 1648
1357 1944
1367 1879
1373 1438
1418 1516
1438 1950
1462 1679
1462 1680
1462 1765
1481 1879
1512 1801
1530 1566
1530 1625
1530 1742
1530 1959
1556 1557
1613 1700
1616 1648
1646 1879
1678 1801
1698 1700
1700 1911
1700 1938
1700 1953
1701 1744
1716 1879
1750 1801
1801 1865
1801 1930
1801 1953
1814 1879
1833 1944
1862 1864
1864 1918
1879 1993
1936 1944
