2 425
3 894
14 19
19 184
19 320
19 453
19 603
19 1428
22 849
30 1818
34 1181
43 641
44 55
45 894
46 462
51 819
53 655
55 284
55 677
55 690
55 819
55 1056
55 1094
55 1219
55 1532
55 1919
60 61
61 75
61 646
61 1053
61 1099
61 1181
61 1356
61 1383
61 1398
61 1476
70 1372
73 133
73 425
75 184
87 1181
89 407
94 1390
97 1310
107 407
109 407
110 1549
120 819
122 127
122 133
124 133
125 1845
127 184
127 250
127 511
127 847
127 1204
127 1224
131 577
133 193
133 304
133 393
133 446
133 460
133 485
133 646
133 652
133 659
133 823
133 918
133 1524
133 1809
133 1966
145 1167
151 1549
152 1787
155 162
159 848
159 849
162 306
162 389
162 458
162 819
162 856
162 879
162 1356
162 1413
162 1887
162 1925
162 1989
171 655
171 1213
178 184
182 1549
184 205
184 212
184 308
184 425
184 641
184 659
184 819
184 834
184 894
184 911
184 1167
184 1212
184 1213
184 1214
186 1181
186 1341
191 1272
195 212
196 849
200 212
202 641
207 911
208 212
212 560
212 576
212 619
212 1429
212 1496
212 1588
212 1825
212 1826
212 1827
217 796
222 1787
245 1214
263 1181
271 1295
277 834
285 911
301 894
305 911
307 308
308 332
308 366
308 953
308 1142
308 1282
308 1972
313 848
313 1787
330 641
337 834
338 1356
350 1272
354 1934
364 641
373 834
379 1272
390 1167
392 407
400 894
407 619
407 771
407 870
407 1356
407 1562
407 1602
421 425
421 1167
422 425
423 641
425 750
425 790
425 994
425 1076
425 1177
425 1360
425 1488
425 1657
428 1818
431 568
437 1549
438 1356
457 462
462 659
462 669
462 771
462 1018
462 1197
462 1347
462 1410
462 1840
462 1857
472 577
476 1372
478 1310
483 1167
489 577
497 1722
501 1372
515 1818
516 1272
517 1341
521 1295
538 1557
541 848
548 1921
552 1934
560 834
561 568
565 849
568 809
568 810
568 811
568 812
568 813
568 814
568 815
568 816
568 817
568 818
568 819
568 820
571 577
577 629
577 659
577 682
577 846
577 922
577 1054
577 1148
577 1404
577 1425
577 1450
581 1818
605 1845
624 1557
631 641
635 834
636 1390
637 641
641 805
641 1037
641 1098
641 1130
641 1153
641 1543
641 1776
641 1808
641 1933
653 1372
654 848
655 656
655 657
655 658
655 659
655 660
655 661
655 662
655 663
655 664
659 848
659 849
659 905
659 1272
659 1364
659 1372
659 1390
659 1549
659 1722
659 1787
659 1818
659 1845
659 1921
659 1934
668 1921
682 1341
689 834
697 911
715 1356
724 1390
730 796
731 1341
731 1787
738 1390
750 1295
752 1818
757 1364
760 1372
765 1390
771 849
790 796
796 819
796 821
796 947
796 1108
796 1152
796 1648
796 1878
808 1310
815 1341
819 1086
819 1295
819 1310
819 1341
819 1557
819 1567
819 1864
819 1882
832 834
834 884
834 915
834 1135
834 1396
834 1401
834 1580
834 1628
834 1719
840 1341
841 894
848 1114
849 865
849 1073
849 1275
849 1287
849 1916
882 1272
887 1364
891 1356
894 1578
894 1756
902 1557
905 911
909 1845
911 1033
911 1403
911 1443
911 1470
911 1563
911 1612
915 1272
917 1818
930 1272
939 1722
953 1557
986 1167
996 1818
1010 1557
1032 1845
1040 1272
1065 1921
1076 1787
1081 1364
1087 1722
1116 1213
1117 1295
1137 1341
1146 1934
1162 1549
1165 1213
1167 1565
1167 1738
1167 1901
1167 1998
1168 1722
1179 1181
1181 1988
1199 1356
1199 1390
1201 1722
1202 1372
1211 1934
1213 1497
1213 1586
1213 1935
1214 1266
1214 1321
1214 1404
1214 1446
1214 1447
1214 1448
1241 1310
1268 1295
1268 1557
1269 1341
1272 1384
1272 1478
1272 1587
1272 1781
1272 1808
1286 1356
1288 1372
1288 1549
1293 1295
1295 1591
1299 1310
1308 1310
1310 1465
1310 1543
1310 1570
1310 1861
1310 1933
1310 1995
1325 1356
1338 1341
1341 1379
1341 1813
1355 1818
1356 1717
1360 1364
1364 1501
1364 1782
1364 1807
1372 1373
1372 1374
1372 1375
1372 1376
1383 1722
1390 1391
1390 1392
1390 1393
1390 1394
1464 1921
1477 1557
1481 1934
1535 1934
1548 1549
1549 1635
1556 1557
1557 1670
1557 1671
1701 1722
1722 1752
1722 1753
1722 1754
1747 1934
1785 1787
1787 1793
1787 1935
1787 1956
1789 1818
1789 1845
1812 1921
1818 1820
1818 1854
1844 1845
