11 669
45 669
75 669
95 669
143 669
158 669
258 1681
279 669
288 1681
419 669
525 669
544 669
573 669
573 1680
585 669
669 671
669 673
669 710
669 717
669 727
669 818
669 825
669 862
669 909
669 922
669 1006
669 1017
669 1064
669 1078
669 1092
669 1097
669 1122
669 1168
669 1218
669 1223
669 1329
669 1342
669 1357
669 1395
669 1429
669 1480
669 1544
669 1549
669 1596
669 1634
669 1680
669 1681
670 1680
721 1681
751 1992
782 1776
788 1992
907 1681
977 1776
1121 1681
1135 1776
1172 1992
1176 1680
1202 1680
1300 1776
1623 1992
1680 1830
1680 1992
1681 1776
