0 1
0 2
0 3
0 4
1 6
1 7
1 8
1 9
1 35
1 50
1 73
1 74
1 75
1 77
1 87
1 104
1 111
1 123
1 131
1 142
1 144
1 146
1 150
1 152
1 168
1 190
1 191
1 198
1 202
1 210
1 261
1 262
1 263
1 264
1 265
1 266
1 267
1 268
1 269
1 270
1 271
1 272
1 273
1 274
1 275
1 276
1 277
1 278
1 279
1 280
1 281
1 282
1 283
1 284
1 285
1 286
1 287
1 288
1 289
1 290
1 291
1 292
1 293
1 294
1 295
1 296
1 297
1 298
1 299
1 300
1 301
1 302
1 303
1 304
1 305
1 306
1 307
1 308
1 309
1 310
1 311
1 312
1 313
1 314
1 315
1 316
1 317
1 318
1 319
1 320
1 321
1 322
1 323
1 324
1 325
1 326
1 327
1 328
1 329
1 330
1 331
1 332
1 333
1 334
1 335
1 336
1 337
1 338
1 339
1 340
1 341
1 342
1 343
1 344
1 345
1 346
1 347
1 348
1 349
1 350
1 351
1 352
1 353
1 354
1 355
1 356
1 357
1 358
1 359
1 360
1 361
1 362
1 363
1 364
1 365
1 366
1 367
1 368
1 369
1 370
1 371
1 372
1 373
1 374
1 375
1 376
1 377
1 378
1 379
1 380
1 381
1 382
2 73
2 142
2 226
2 268
2 406
2 481
2 544
2 623
2 741
2 867
2 904
2 987
2 1054
2 1120
2 1299
2 1336
2 1407
2 1470
2 1586
2 1587
2 1588
3 8
3 24
3 31
3 87
3 198
3 239
3 253
3 273
3 284
3 312
3 385
3 472
3 640
3 672
3 705
3 725
3 747
3 942
3 994
3 1211
3 1241
3 1302
3 1394
3 1428
3 1467
3 1493
3 1524
3 1526
3 1573
3 1583
3 1696
3 1698
3 1712
3 1737
3 1738
3 1739
3 1740
3 1741
3 1742
3 1743
4 74
4 195
4 495
4 1300
4 1811
6 7
6 8
6 9
6 10
6 11
6 12
6 13
6 14
6 15
6 16
6 17
6 18
6 19
6 20
6 21
6 22
6 23
6 24
6 25
6 26
6 27
6 28
6 29
6 30
6 31
6 32
6 33
6 34
6 35
6 36
6 37
6 38
6 39
6 40
6 41
6 42
6 43
6 44
6 45
6 46
6 47
6 48
6 49
6 50
6 51
6 52
6 53
6 54
6 55
6 56
6 57
6 58
6 59
6 60
6 61
6 62
6 63
6 64
6 65
6 66
6 67
6 68
6 69
6 70
6 71
6 72
7 8
7 9
7 16
7 22
7 30
7 36
7 70
7 73
7 74
7 92
7 96
7 104
7 115
7 142
7 143
7 144
7 146
7 175
7 190
7 193
7 194
7 196
7 236
7 244
7 261
7 262
7 263
7 268
7 269
7 270
7 275
7 280
7 285
7 292
7 322
7 328
7 360
7 383
7 384
7 385
7 386
7 387
7 388
7 389
7 390
7 391
7 392
7 393
7 394
7 395
7 396
7 397
7 398
7 399
7 400
7 401
7 402
7 403
7 404
7 405
7 406
7 407
7 408
7 409
7 410
7 411
7 412
7 413
7 414
7 415
7 416
7 417
7 418
7 419
7 420
7 421
7 422
7 423
7 424
7 425
7 426
7 427
7 428
7 429
7 430
7 431
7 432
7 433
7 434
7 435
7 436
7 437
7 438
7 439
7 440
7 441
7 442
7 443
7 444
7 445
7 446
7 447
7 448
7 449
7 450
7 451
7 452
7 453
7 454
7 455
7 456
7 457
7 458
7 459
7 460
7 461
7 462
7 463
7 464
7 465
7 466
7 467
7 468
7 469
7 470
7 471
7 472
7 473
7 474
7 475
7 476
7 477
7 478
7 479
7 480
7 481
7 482
7 483
7 484
7 485
7 486
7 487
7 488
7 489
7 490
7 491
7 492
7 493
7 494
8 10
8 33
8 73
9 139
9 147
9 148
9 150
10 22
10 76
10 89
10 121
10 143
10 146
10 150
10 160
10 198
10 202
10 215
10 233
10 236
10 265
10 277
10 296
10 384
10 393
10 483
10 496
10 585
10 642
10 799
10 836
10 868
10 922
10 990
10 1051
10 1066
10 1077
10 1117
10 1132
10 1133
10 1134
10 1135
10 1136
10 1137
10 1138
10 1139
10 1140
10 1141
10 1142
10 1143
10 1144
10 1145
10 1146
10 1147
10 1148
10 1149
10 1150
10 1151
10 1152
10 1153
10 1154
10 1155
10 1156
10 1157
10 1158
10 1159
10 1160
10 1161
10 1162
10 1163
12 68
12 73
12 1165
13 147
13 197
13 721
13 1163
15 73
16 1163
19 145
19 150
20 193
20 353
21 73
23 1157
23 1216
25 1216
29 710
29 1225
31 75
31 262
31 407
31 835
31 1185
31 1273
31 1566
33 136
33 159
33 333
33 402
33 437
33 567
33 594
33 615
33 1122
33 1134
33 1513
33 1736
33 1871
44 1903
46 195
49 1216
51 195
52 73
56 216
56 346
56 817
56 859
56 992
56 1122
56 1713
56 1903
56 1959
57 585
57 704
57 1596
57 1809
58 151
58 1043
58 1307
58 1789
60 123
60 283
60 510
60 542
60 618
60 768
60 1553
60 1697
61 702
61 777
61 872
61 1055
61 1203
63 437
65 75
65 235
65 304
65 1288
65 1526
65 1785
66 152
66 390
66 807
66 1152
66 1807
67 73
67 1187
67 1713
67 1984
68 328
68 868
68 1815
69 220
69 273
69 670
69 1736
70 912
71 241
71 460
71 906
71 999
73 74
73 75
73 76
73 77
73 78
73 79
73 80
73 81
73 82
73 83
73 84
73 85
73 86
73 87
73 88
73 89
73 90
73 91
73 92
73 93
73 94
73 95
73 96
73 97
73 98
73 99
73 100
73 101
73 102
73 103
73 104
73 105
73 106
73 107
73 108
73 109
73 110
73 111
73 112
73 113
73 114
73 115
73 116
73 117
73 118
73 119
73 120
73 121
73 122
73 123
73 124
73 125
73 126
73 127
73 128
73 129
73 130
73 131
73 132
73 133
73 134
73 135
73 136
73 137
73 138
73 139
73 140
73 141
74 78
74 145
74 194
75 147
75 197
75 710
75 721
76 78
76 145
76 148
76 710
78 81
78 92
78 148
78 155
78 161
78 168
78 194
78 262
78 265
78 321
78 458
78 770
78 808
78 819
78 887
78 992
78 1001
78 1071
78 1090
78 1144
78 1381
78 1382
78 1383
78 1384
81 437
82 145
84 193
85 1232
86 194
96 1935
100 1137
104 140
104 150
117 1897
125 140
129 506
129 675
129 1114
129 1396
129 1485
129 1695
129 1994
136 300
136 576
136 601
136 1137
138 190
138 859
138 1167
138 1319
139 165
139 681
139 1479
140 970
140 1376
142 145
142 147
142 148
142 150
142 152
142 180
142 185
143 193
145 147
145 190
145 197
145 219
145 267
145 273
145 322
145 343
145 345
145 359
145 383
145 420
145 477
145 531
145 532
145 534
145 535
145 609
145 627
145 633
145 713
145 733
145 785
145 827
145 860
145 876
145 895
145 912
145 958
145 1048
145 1065
145 1137
145 1216
145 1217
145 1218
145 1219
145 1220
145 1221
145 1222
145 1223
145 1224
145 1225
145 1226
145 1227
145 1228
145 1229
145 1230
145 1231
145 1232
145 1233
145 1234
146 1155
147 180
147 185
147 254
147 271
147 319
147 324
147 336
147 383
147 456
147 463
147 578
147 591
147 683
147 688
147 805
147 861
147 1099
147 1219
147 1293
147 1294
147 1295
147 1296
147 1297
147 1298
148 232
148 272
148 383
148 407
148 454
148 900
148 1046
148 1065
148 1295
148 1370
148 1449
148 1451
148 1452
148 1453
150 151
150 277
150 321
150 344
150 360
150 410
150 423
150 508
150 559
150 565
150 588
150 644
150 667
150 677
150 822
150 824
150 900
150 915
150 936
150 939
150 978
150 1026
150 1043
150 1055
150 1060
150 1154
150 1160
150 1175
150 1184
150 1284
150 1373
150 1438
150 1449
150 1466
150 1578
150 1589
150 1590
150 1591
150 1592
150 1593
150 1594
150 1595
151 197
151 1297
152 193
152 269
152 303
152 400
152 511
152 879
152 894
152 1060
152 1296
152 1479
152 1564
152 1621
152 1657
152 1690
152 1691
155 1233
157 193
161 1738
163 1162
179 1738
180 190
180 497
180 1135
180 1490
185 912
185 1518
185 1809
190 193
190 194
190 195
190 197
191 195
193 310
193 321
193 383
193 384
193 391
193 420
193 496
193 549
193 591
193 603
193 668
193 673
193 823
193 825
193 876
193 1027
193 1229
193 1299
193 1342
193 1373
193 1374
193 1375
193 1376
193 1377
193 1378
193 1379
193 1380
194 195
194 196
194 245
194 286
194 291
194 313
194 333
194 385
194 499
194 529
194 671
194 717
194 777
194 792
194 1056
194 1059
194 1165
194 1183
194 1195
194 1223
194 1235
194 1265
194 1270
194 1279
194 1293
194 1299
194 1368
194 1476
194 1477
194 1478
194 1479
194 1480
194 1481
194 1482
194 1483
194 1484
194 1485
194 1486
194 1487
194 1488
194 1489
194 1490
194 1491
195 261
195 263
195 282
195 395
195 396
195 433
195 474
195 522
195 599
195 680
195 687
195 736
195 896
195 937
195 967
195 1037
195 1173
195 1217
195 1231
195 1247
195 1408
195 1463
195 1510
195 1511
195 1512
195 1513
195 1514
195 1515
195 1516
195 1517
196 1154
197 296
197 304
197 397
197 1071
197 1652
198 1695
198 1696
209 1871
210 1216
217 1165
220 912
225 1155
238 1951
242 1954
258 1681
265 1165
267 1144
271 1151
275 1137
283 1736
284 1756
288 1681
290 1161
291 1165
294 1864
301 1785
302 1756
303 1161
325 1147
331 912
332 1216
336 1696
338 1864
353 586
353 711
353 1155
353 1469
353 1534
353 1598
353 1996
358 1690
359 1157
378 710
383 912
388 1144
398 1232
401 1737
409 1145
418 1151
418 1773
429 1756
437 636
437 1578
437 1591
437 1851
437 1912
438 1216
448 1157
451 698
451 825
451 954
451 1572
451 1652
451 1689
456 1690
467 912
495 1165
498 1785
499 1690
501 1216
504 1150
512 1737
512 1953
526 1216
532 1216
536 1216
541 1223
553 1897
554 1695
558 912
566 1953
590 1738
604 1154
604 1216
605 1954
615 1162
620 1695
628 1145
630 1225
637 1216
640 1151
645 1216
658 1725
669 710
669 1223
669 1681
672 1163
681 1725
681 1738
688 721
691 1773
693 1737
710 1216
710 1556
710 1755
710 1773
710 1897
718 1951
721 927
721 1157
721 1217
721 1235
721 1681
721 1696
721 1713
734 1953
782 1776
783 1903
826 1725
827 1951
852 1233
854 1297
855 1150
862 1223
871 1935
872 1738
872 1897
873 1232
882 1151
883 1953
885 1216
905 1864
907 1681
912 1058
912 1181
912 1224
917 1297
917 1954
919 1232
931 1689
932 1725
934 1689
948 1225
957 1903
973 1162
977 1776
993 1871
994 1737
995 1216
997 1785
1015 1691
1025 1737
1065 1144
1065 1696
1065 1897
1066 1155
1066 1736
1073 1234
1084 1737
1086 1150
1096 1738
1097 1773
1102 1953
1103 1935
1104 1216
1118 1951
1121 1223
1121 1681
1129 1233
1135 1154
1135 1776
1137 1167
1137 1849
1137 1935
1137 1976
1137 1991
1145 1185
1145 1878
1147 1172
1147 1360
1147 1424
1150 1424
1150 1617
1150 1789
1154 1160
1161 1206
1161 1932
1162 1301
1163 1628
1165 1474
1165 1606
1165 1630
1167 1223
1183 1737
1186 1695
1196 1297
1216 1335
1216 1555
1216 1864
1216 1885
1216 1928
1216 1929
1220 1935
1223 1433
1223 1608
1223 1641
1223 1709
1223 1805
1223 1846
1223 1852
1223 1957
1225 1310
1225 1501
1233 1658
1234 1302
1234 1725
1234 1838
1258 1953
1261 1691
1275 1738
1297 1647
1300 1773
1300 1776
1334 1897
1335 1785
1371 1903
1406 1736
1428 1871
1430 1903
1463 1953
1468 1725
1468 1935
1493 1756
1503 1864
1532 1691
1566 1689
1578 1652
1579 1953
1642 1737
1652 1771
1652 1854
1681 1776
1689 1897
1690 1958
1691 1724
1708 1737
1711 1903
1714 1951
1725 1793
1736 1951
1738 1953
1738 1991
1756 1954
1756 1957
1773 1948
1785 1991
1844 1935
1871 1918
1897 1954
1951 1954
