10 48
13 51
16 1064
20 1259
24 433
31 874
39 46
44 45
44 46
44 47
44 48
44 49
44 50
44 51
44 52
44 53
44 54
44 55
44 56
44 57
44 58
44 59
46 356
46 462
46 494
46 742
46 1028
46 1449
46 1499
46 1500
48 400
48 491
48 691
48 695
48 1234
48 1493
48 1863
50 152
50 361
50 433
50 560
50 793
50 1036
50 1190
50 1259
50 1281
50 1332
50 1336
50 1369
50 1384
50 1394
50 1598
51 239
51 740
51 800
51 819
51 874
51 979
51 1064
51 1121
51 1316
51 1499
51 1567
51 1569
51 1951
55 819
56 874
58 1598
85 1394
89 1384
104 560
108 1190
120 560
120 819
121 1384
125 1121
143 960
147 152
152 179
152 427
152 798
152 1211
152 1787
152 1822
152 1890
162 819
184 819
186 1341
199 1369
204 793
206 361
212 560
236 1036
237 239
239 594
239 805
239 1581
239 1919
239 1990
240 1259
242 960
243 740
251 1778
260 740
283 1598
285 874
296 1384
298 560
300 1384
313 874
323 1259
349 1336
355 361
358 1064
361 585
361 713
361 828
361 1078
361 1939
381 560
388 1259
388 1384
416 1384
422 433
426 793
429 1369
433 467
433 822
433 846
450 1778
456 1281
461 1384
464 1281
472 793
501 740
510 1336
515 1778
517 1341
529 1121
533 1778
550 560
560 663
560 834
560 1368
560 1507
560 1518
560 1519
568 819
573 1064
584 1281
601 1778
603 740
609 1121
619 1281
644 1036
653 874
666 793
672 1384
682 1341
689 793
689 1332
691 1259
698 1394
704 1036
715 960
731 1341
737 874
739 740
740 1075
740 1263
740 1299
740 1714
743 1259
743 1336
772 1064
774 1064
779 960
788 1369
790 793
793 1018
793 1066
793 1170
793 1209
793 1246
793 1306
793 1316
793 1661
796 819
799 1778
809 1121
812 1394
813 874
815 1341
819 1086
819 1295
819 1310
819 1341
819 1557
819 1567
819 1864
819 1882
840 1341
842 1598
846 1064
863 1036
864 1384
869 1064
874 1304
874 1362
875 1598
878 1121
879 1778
888 1121
906 1121
933 1778
956 960
960 1106
960 1366
960 1384
960 1694
966 1064
1010 1394
1027 1281
1036 1241
1036 1250
1036 1712
1036 1784
1036 1877
1054 1598
1057 1190
1064 1268
1064 1308
1064 1368
1064 1687
1064 1778
1064 1942
1064 1955
1064 1969
1088 1394
1109 1336
1118 1121
1121 1497
1121 1498
1122 1336
1136 1332
1137 1341
1177 1778
1185 1336
1190 1191
1190 1192
1190 1193
1199 1778
1200 1394
1256 1259
1259 1363
1259 1649
1259 1789
1269 1341
1272 1384
1279 1332
1281 1354
1281 1414
1281 1705
1307 1332
1332 1339
1332 1381
1332 1582
1332 1583
1332 1918
1333 1336
1336 1337
1338 1341
1341 1379
1341 1813
1384 1385
1390 1394
1394 1923
1521 1778
1598 1894
1778 1832
