5 1246
13 167
16 347
24 1749
64 522
66 1658
73 785
84 1573
92 522
94 1287
106 116
116 123
116 427
116 1035
116 1056
116 1195
116 1223
116 1398
116 1494
116 1524
116 1547
116 1695
116 1741
122 123
122 124
122 125
122 126
122 127
122 128
122 129
122 130
122 131
122 132
122 133
122 134
123 255
123 381
123 452
123 522
123 785
123 964
123 1123
123 1287
123 1407
123 1573
123 1658
123 1738
123 1749
127 184
127 250
127 511
127 847
127 1204
127 1224
128 222
128 501
128 1768
129 432
129 662
129 1173
129 1243
129 1335
129 1342
129 1343
129 1344
129 1345
129 1346
131 167
143 167
144 1875
155 167
158 347
167 293
167 442
167 636
167 877
167 993
167 1073
167 1282
167 1597
167 1605
167 1736
167 1869
167 1982
170 1658
183 1246
191 357
193 1573
193 1749
201 452
207 1577
211 1407
217 785
241 1246
253 255
255 685
255 900
255 912
255 981
255 1340
255 1508
255 1646
255 1647
269 1738
276 964
287 290
290 327
290 346
290 551
290 968
290 1282
290 1665
290 1676
290 1689
294 347
308 1282
316 1654
321 347
326 785
326 1654
328 1658
332 1877
345 347
347 452
347 869
347 1329
347 1487
347 1637
347 1668
352 381
355 357
357 386
357 595
357 993
357 1163
357 1247
357 1282
357 1558
357 1662
357 1675
357 1728
357 1853
363 452
363 1577
380 381
381 547
381 560
381 582
381 693
381 1048
381 1159
381 1198
381 1396
381 1443
381 1763
381 1894
386 1654
387 1749
412 522
418 1123
424 1658
447 452
452 489
452 531
452 904
452 979
452 1081
452 1577
452 1653
452 1654
452 1655
455 1577
498 1654
520 522
522 585
522 727
522 1767
527 964
548 1877
549 1658
555 1658
562 1123
562 1875
610 1246
619 1282
622 1875
627 1407
645 1738
684 1658
687 1287
700 964
700 1407
704 1282
710 1287
720 1573
748 1875
785 786
785 787
785 788
785 789
788 1738
793 1246
800 1654
809 1287
809 1875
829 1577
836 1654
849 1287
866 1877
868 1246
879 964
903 1282
915 1282
925 1738
940 1875
964 996
964 997
964 998
964 999
978 1658
980 1246
994 1407
996 1407
1008 1282
1008 1749
1030 1738
1036 1877
1040 1877
1065 1246
1085 1658
1103 1282
1118 1123
1123 1774
1123 1869
1140 1877
1167 1738
1174 1407
1216 1658
1226 1749
1242 1246
1246 1397
1246 1407
1246 1433
1253 1407
1261 1877
1282 1393
1282 1407
1282 1414
1282 1875
1282 1876
1282 1877
1287 1288
1304 1573
1307 1573
1313 1407
1315 1654
1345 1577
1373 1875
1402 1407
1405 1738
1407 1575
1407 1901
1482 1573
1484 1573
1569 1573
1571 1738
1573 1851
1574 1577
1577 1647
1631 1749
1654 1683
1654 1772
1654 1777
1654 1969
1654 1982
1658 1686
1658 1853
1666 1738
1679 1877
1738 1857
1746 1875
1749 1843
1812 1875
1877 1929
