5 1799
18 169
23 419
26 931
43 1940
46 1499
50 1384
51 1499
57 584
74 1054
75 1646
82 1199
89 1384
95 1799
107 813
121 1384
127 511
139 1298
147 151
151 170
151 227
151 791
151 861
151 1078
151 1518
151 1533
151 1549
151 1581
151 1696
151 1755
153 584
161 447
164 419
169 170
169 171
169 172
169 173
169 174
169 175
169 176
169 177
170 300
170 590
170 647
170 813
170 1049
170 1305
170 1404
170 1499
170 1589
170 1658
170 1871
170 1903
170 1911
170 1940
170 1953
192 511
201 447
207 1751
216 1120
216 1911
221 1499
233 1711
234 447
252 949
255 1646
270 447
279 1911
281 447
281 813
294 931
296 1384
297 298
297 299
297 300
297 301
297 302
297 303
297 304
297 305
297 306
299 511
300 409
300 429
300 447
300 511
300 584
300 949
300 1054
300 1085
300 1117
300 1120
300 1199
300 1298
300 1384
300 1646
300 1711
300 1799
302 931
303 447
311 931
311 1799
316 1711
329 1711
337 1199
342 1711
354 813
356 1298
388 1384
402 813
405 931
408 1085
409 419
410 511
415 511
416 1384
419 445
419 667
419 727
419 896
419 923
419 1021
419 1117
419 1992
419 1994
422 429
429 614
429 681
429 823
429 885
429 955
429 1132
429 1138
429 1233
429 1265
429 1337
429 1369
435 949
447 448
447 449
447 450
447 451
447 452
447 453
447 454
447 455
447 456
461 1384
471 1120
494 1117
511 614
511 1382
511 1472
511 1540
511 1541
546 1298
568 813
570 1054
577 1054
579 813
584 635
584 877
584 923
584 1098
584 1228
584 1281
584 1297
584 1366
584 1630
584 1808
599 1751
612 1199
622 1120
634 1085
670 1766
672 1384
672 1766
674 1499
678 1711
689 1117
690 1499
698 1298
706 1711
713 1711
720 949
730 1796
747 1766
755 1298
769 1054
779 1199
798 931
806 1940
813 830
813 874
813 995
813 1048
813 1185
813 1321
813 1530
813 1944
813 1984
825 1646
837 1298
842 949
850 1085
851 1646
857 1911
858 1766
864 1384
899 1711
909 949
917 1911
919 1054
923 931
931 1114
931 1115
931 1116
931 1117
935 949
942 1117
946 1085
949 950
949 951
949 952
949 953
949 954
949 955
960 1384
983 1120
1010 1199
1011 1711
1015 1799
1034 1499
1042 1499
1054 1220
1054 1598
1054 1599
1054 1600
1073 1711
1085 1145
1085 1228
1085 1482
1085 1658
1086 1199
1112 1940
1117 1126
1117 1194
1117 1295
1117 1527
1117 1698
1117 1751
1117 1766
1118 1120
1120 1526
1137 1199
1152 1940
1159 1199
1163 1799
1187 1298
1194 1199
1199 1356
1199 1390
1199 1706
1199 1778
1212 1751
1231 1766
1268 1766
1272 1384
1296 1298
1298 1309
1298 1338
1298 1352
1298 1480
1298 1690
1298 1703
1298 1706
1331 1940
1348 1751
1350 1646
1375 1940
1384 1385
1386 1499
1386 1799
1441 1499
1483 1766
1492 1911
1499 1633
1499 1634
1511 1799
1590 1940
1595 1799
1615 1796
1646 1879
1676 1751
1700 1911
1750 1799
1751 1895
1766 1796
1766 1830
1766 1873
1766 1945
1771 1911
1783 1911
1795 1796
1799 1806
1826 1940
1911 1917
