5 1246
13 1422
48 695
55 1094
59 1094
80 1855
97 414
104 1062
111 619
115 414
138 1079
168 1094
178 186
182 358
182 1495
183 1246
186 428
186 501
186 777
186 1081
186 1181
186 1341
200 1495
206 965
212 619
213 530
213 1065
233 1895
241 1246
264 645
275 965
279 355
280 777
288 645
292 940
302 726
302 965
305 987
309 355
311 358
311 695
320 965
330 726
334 644
335 644
335 645
355 356
355 357
355 358
355 359
355 360
355 361
355 362
355 363
358 530
358 536
358 547
358 559
358 610
358 630
358 940
358 952
358 1062
358 1063
358 1064
358 1065
367 1377
368 965
370 373
373 549
373 834
373 916
373 1065
373 1177
373 1309
373 1586
373 1639
377 1422
387 1079
388 1079
393 644
407 619
409 414
414 987
423 644
427 940
432 1422
435 559
439 695
451 695
458 940
502 619
502 1094
517 695
527 965
528 530
530 671
530 762
530 828
530 1333
530 1418
530 1535
530 1753
530 1916
547 644
550 559
551 644
559 654
559 1251
559 1686
559 1894
564 950
578 1495
604 695
609 1855
610 1246
618 726
619 700
619 753
619 923
619 1003
619 1065
619 1281
619 1282
619 1283
619 1284
620 726
644 654
644 726
644 1036
644 1215
644 1216
645 693
645 726
645 741
645 752
645 1377
645 1738
645 1814
670 935
693 695
695 777
695 783
695 1119
695 1138
695 1608
695 1637
721 777
722 1062
723 726
726 950
726 987
726 1252
726 1901
726 1923
731 1422
740 1299
743 987
751 965
767 935
771 1855
773 777
777 870
777 930
777 965
777 1065
777 1094
777 1256
777 1630
777 1903
788 1299
793 1246
810 1895
828 950
835 1079
853 1062
862 1495
868 1246
877 1895
886 1065
934 935
935 949
935 987
935 1098
935 1110
935 1160
935 1831
935 1904
935 1957
940 1056
940 1579
940 1737
940 1844
940 1875
949 950
950 1200
950 1201
950 1202
965 1315
980 1246
982 987
987 1094
987 1140
987 1340
987 1495
987 1513
987 1855
1007 1495
1025 1895
1028 1377
1035 1422
1062 1334
1062 1906
1065 1079
1065 1246
1065 1299
1065 1422
1065 1670
1065 1893
1065 1895
1065 1921
1066 1422
1079 1080
1079 1081
1079 1082
1079 1083
1079 1084
1083 1855
1094 1316
1094 1449
1094 1667
1094 1780
1094 1849
1094 1902
1096 1377
1241 1495
1242 1246
1246 1397
1246 1407
1246 1433
1258 1422
1296 1299
1299 1310
1299 1622
1299 1627
1299 1942
1377 1472
1377 1859
1422 1761
1435 1895
1459 1855
1468 1495
1490 1895
1495 1615
1555 1895
1751 1895
1838 1895
1895 1896
