5 1097
7 1918
9 1125
11 1537
15 1918
19 1428
21 692
21 1544
29 295
34 404
47 442
47 692
50 1332
51 740
61 646
67 72
71 179
72 566
72 590
72 1016
72 1347
72 1714
72 1902
79 1930
94 646
95 1428
107 1125
109 1537
118 1714
119 1326
129 662
133 646
140 305
152 179
165 1428
165 1918
167 442
177 1537
178 179
179 1593
179 1716
179 1736
179 1918
180 646
183 1918
198 738
211 692
226 632
236 738
243 740
252 404
258 1537
260 632
260 740
268 806
282 738
287 295
289 969
294 1544
295 498
295 738
295 741
295 803
295 959
295 1290
295 1358
295 1403
295 1737
295 1790
295 1854
295 1918
297 305
301 1125
302 1097
305 569
305 911
305 987
305 1045
305 1461
305 1714
305 1882
305 1994
309 692
320 692
335 646
340 969
340 1125
392 404
392 405
404 733
404 734
404 735
404 736
404 737
404 738
405 890
405 931
405 963
405 1714
405 1736
405 1906
405 1941
405 1963
431 692
434 1358
436 442
438 1097
438 1358
442 692
442 980
442 1005
442 1071
442 1227
442 1433
442 1630
442 1703
442 1852
442 1963
458 806
467 476
476 729
476 792
476 1372
476 1380
476 1451
476 1676
476 1714
476 1715
476 1774
476 1870
481 806
487 1125
501 740
506 1125
517 646
517 1514
523 1326
527 969
531 1930
535 1537
535 1714
549 1326
564 1326
603 740
605 738
608 1358
609 1097
610 1326
623 1930
627 662
628 632
632 724
632 1004
632 1659
632 1714
632 1931
636 1930
638 646
639 646
646 698
646 991
646 1075
646 1192
646 1663
646 1705
646 1714
646 1736
646 1779
655 662
662 889
662 946
662 1017
662 1484
662 1530
662 1714
662 1729
689 1332
692 838
692 868
692 938
692 953
692 1185
692 1667
692 1714
692 1852
692 1918
692 1973
706 1097
725 738
734 969
738 1390
738 1481
738 1482
738 1483
738 1484
739 740
740 1075
740 1263
740 1299
740 1714
802 806
806 1918
806 1940
806 1941
808 1481
809 1514
840 1358
843 1358
844 1514
902 1544
918 1358
945 1428
953 1537
957 1481
969 1218
969 1225
969 1347
969 1625
969 1714
969 1743
1020 1481
1045 1358
1095 1097
1097 1399
1097 1435
1097 1624
1097 1714
1119 1358
1124 1125
1125 1534
1125 1802
1125 1918
1125 1919
1125 1923
1136 1332
1139 1537
1143 1514
1146 1326
1150 1326
1178 1544
1180 1514
1219 1358
1266 1544
1279 1332
1307 1332
1325 1326
1326 1535
1326 1675
1326 1714
1326 1797
1330 1537
1332 1339
1332 1381
1332 1582
1332 1583
1332 1918
1358 1483
1358 1516
1358 1929
1358 1989
1421 1918
1427 1481
1428 1714
1440 1918
1481 1586
1481 1607
1481 1716
1481 1879
1481 1934
1481 1983
1514 1756
1514 1918
1514 1953
1514 1955
1537 1568
1537 1742
1537 1918
1537 1964
1537 1965
1544 1714
1544 1775
1544 1942
1714 1930
1714 1964
1756 1930
1801 1930
1864 1918
