9 1995
12 1469
14 24
24 173
24 258
24 433
24 606
24 882
24 1077
24 1131
24 1154
24 1348
24 1469
24 1604
24 1747
24 1748
24 1749
25 1154
27 32
28 1154
32 98
32 143
32 159
32 195
32 299
32 387
32 866
32 1154
32 1640
34 1629
35 1604
50 433
52 1498
53 1161
65 1995
68 1498
79 1156
95 1671
107 880
121 1498
123 1749
131 1498
135 140
136 1629
140 305
140 605
140 882
140 1240
140 1388
140 1391
140 1592
140 1883
140 1943
142 1021
173 1156
174 1154
175 1156
185 1021
191 1161
191 1272
193 1749
201 1021
218 1021
220 1348
221 843
222 1671
230 772
230 1161
252 1162
254 880
282 880
286 606
286 1740
293 772
301 880
309 1154
312 1154
338 1160
343 1431
344 1469
350 1272
352 1154
364 1156
366 1469
368 1740
369 1154
369 1348
370 374
374 514
374 858
374 1139
374 1143
374 1154
374 1546
374 1692
379 1272
383 843
387 1749
397 1193
419 1021
422 433
433 467
433 822
433 846
441 1995
468 772
469 880
471 843
471 1193
494 1629
498 1995
516 1272
517 1156
523 1431
531 843
549 882
580 1431
597 606
606 1424
606 1558
606 1828
639 1154
647 1671
657 1161
659 1272
661 1604
669 772
677 1154
687 1154
692 838
700 1193
714 1431
717 1348
721 1604
722 1160
733 843
770 1021
772 882
772 1064
772 1474
772 1865
772 1866
779 1604
780 1154
783 1160
811 1348
815 1629
833 1995
838 839
838 840
838 841
838 842
838 843
841 1629
843 1164
843 1358
843 1431
843 1671
843 1721
843 1817
860 880
875 1469
880 881
880 882
880 883
880 884
880 885
880 886
882 1021
882 1193
882 1272
882 1308
882 1376
882 1431
882 1498
882 1629
882 1740
882 1995
891 1604
891 1740
906 1740
915 1272
930 1193
930 1272
935 1160
954 1156
959 1498
1004 1604
1008 1161
1008 1749
1010 1193
1016 1021
1021 1822
1040 1272
1078 1629
1082 1629
1096 1160
1099 1348
1121 1498
1136 1161
1140 1162
1154 1155
1154 1156
1154 1157
1154 1158
1154 1159
1154 1160
1154 1161
1154 1162
1156 1184
1156 1718
1156 1741
1156 1989
1160 1589
1160 1803
1161 1548
1161 1591
1161 1870
1162 1549
1162 1555
1162 1754
1162 1926
1164 1193
1164 1740
1183 1629
1189 1671
1190 1193
1193 1245
1193 1673
1226 1749
1272 1384
1272 1478
1272 1587
1272 1781
1272 1808
1283 1740
1284 1995
1310 1995
1314 1348
1318 1469
1322 1431
1347 1348
1348 1401
1348 1751
1351 1671
1376 1740
1430 1431
1431 1457
1431 1624
1431 1644
1431 1692
1440 1629
1469 1743
1469 1903
1477 1604
1485 1498
1498 1505
1498 1790
1498 1791
1552 1629
1557 1671
1599 1604
1604 1639
1604 1647
1604 1655
1604 1809
1604 1850
1629 1650
1631 1749
1671 1718
1671 1800
1671 1950
1726 1740
1740 1785
1740 1902
1740 1947
1749 1843
1797 1995
