0 5
0 6
0 7
2 1981
3 175
3 625
3 888
3 890
3 894
4 571
4 847
4 906
4 1000
4 1196
4 1624
5 27
5 110
5 336
5 517
5 1026
5 1097
5 1246
5 1799
5 1842
6 89
6 439
6 650
6 701
6 833
6 993
6 1114
7 110
7 517
7 608
7 669
7 780
7 900
7 1007
7 1631
7 1918
9 356
9 617
9 906
10 334
10 1011
10 1015
11 77
11 91
11 352
11 395
11 1537
11 1885
13 51
13 1422
13 1529
14 17
15 1196
15 1955
16 347
17 367
17 550
17 630
17 1363
17 1872
18 169
18 450
19 320
19 453
20 636
20 1042
20 1942
22 244
22 269
22 379
22 849
23 1047
23 1679
24 258
24 433
24 1604
24 1748
25 901
27 31
27 34
28 353
28 453
28 1830
29 1130
29 1858
31 73
31 96
31 226
31 509
31 755
31 874
31 1114
31 1266
31 1354
31 1972
32 159
32 387
33 888
33 1659
33 1984
34 110
34 222
34 404
34 1096
34 1100
34 1181
34 1396
34 1586
34 1629
34 1750
34 1798
34 1892
35 159
35 556
35 804
35 1604
35 1947
36 40
37 665
37 703
38 1627
38 1962
39 46
40 257
40 411
40 464
40 465
40 466
41 1216
42 519
43 480
43 1460
44 46
44 51
44 53
44 55
45 516
45 894
45 1478
45 1496
45 1521
46 356
46 462
46 494
46 742
46 1028
46 1449
46 1499
46 1500
47 688
49 446
49 508
49 902
49 1728
49 1732
50 361
50 433
50 560
50 1281
50 1336
51 239
51 740
51 800
51 819
51 874
51 979
51 1064
51 1121
51 1316
51 1499
51 1567
51 1569
51 1951
52 661
52 814
52 906
53 97
53 98
53 336
53 655
53 665
53 871
53 878
53 938
53 1161
54 1626
54 1627
55 284
55 677
55 690
55 819
55 1056
55 1094
55 1219
55 1532
55 1919
56 216
56 591
57 480
57 1130
57 1134
57 1508
61 646
61 1053
61 1356
61 1383
62 604
62 666
62 1144
62 1149
64 522
64 1802
65 810
65 1929
66 591
66 906
67 71
67 77
68 1526
68 1981
70 1372
70 1550
71 179
71 761
71 815
71 971
71 985
71 996
71 1103
71 1183
71 1330
71 1340
71 1586
71 1856
71 1909
71 1936
71 1942
73 453
73 1489
74 311
74 800
74 1052
74 1053
74 1054
75 138
75 733
75 1728
76 225
76 500
76 804
76 1727
76 1851
77 257
77 303
77 698
77 699
77 700
78 82
78 83
79 136
79 1156
79 1182
79 1352
79 1669
80 706
80 922
81 1893
82 870
82 985
82 1199
82 1476
82 1696
82 1985
83 235
83 544
83 610
83 719
83 720
83 721
83 722
84 1216
85 1903
86 91
88 702
88 723
89 1221
89 1548
89 1858
90 293
90 706
90 1432
90 1550
91 367
91 487
91 493
91 1518
91 1568
91 1675
91 1797
92 352
92 522
92 561
92 747
92 1144
94 646
94 1015
94 1521
95 190
95 513
95 594
95 1772
96 385
96 1496
97 733
97 1245
99 137
99 1648
100 197
100 1294
101 102
102 159
102 235
102 256
102 567
102 1074
102 1174
103 155
103 244
103 1406
104 560
104 1082
104 1221
104 1850
104 1903
105 1015
105 1082
105 1506
106 107
106 108
106 109
106 110
106 111
106 112
106 113
106 114
106 115
106 116
107 666
107 813
107 959
107 1648
107 1864
108 282
108 735
108 993
109 1537
110 250
110 591
110 759
110 783
110 850
110 1039
110 1141
110 1264
110 1353
110 1549
110 1680
110 1792
110 1815
111 604
111 617
111 619
112 1178
113 902
113 1660
113 1881
114 1075
116 1524
118 702
118 1129
118 1713
119 707
119 1178
119 1326
120 560
120 819
120 1053
121 503
121 1662
121 1760
121 1764
122 134
123 522
123 964
124 839
125 513
125 1543
126 783
127 511
127 847
129 662
129 1173
130 280
130 702
130 703
130 704
130 706
130 707
131 577
131 853
131 1508
131 1608
131 1881
132 831
132 1672
132 1830
133 446
133 646
133 918
133 1524
133 1809
134 580
134 946
134 981
134 1116
134 1379
134 1507
134 1579
134 1843
134 1884
135 136
135 137
135 138
135 139
135 140
136 267
136 1087
136 1629
136 1788
137 206
137 674
137 710
137 895
138 451
138 696
138 863
138 1079
138 1405
138 1681
139 565
139 648
139 707
139 851
139 876
139 908
139 979
139 1298
139 1520
139 1871
140 305
140 605
140 882
140 1240
140 1388
140 1391
140 1592
140 1883
140 1943
141 319
141 440
141 1447
141 1802
143 1191
143 1632
144 519
144 1875
145 288
145 1167
145 1748
145 1829
145 1915
146 1236
147 153
149 1409
150 410
150 440
150 853
150 932
150 1180
150 1460
150 1841
152 179
153 287
153 580
153 581
153 582
153 583
153 584
153 585
153 586
154 1679
154 1873
155 156
155 157
155 158
155 159
155 160
155 161
155 162
155 163
155 164
155 165
155 166
155 167
155 168
156 417
156 454
156 520
156 642
156 991
156 1192
156 1351
156 1387
156 1759
157 282
157 1945
158 340
158 341
158 342
158 343
158 344
158 345
158 346
158 347
158 348
158 349
158 350
158 351
158 352
158 353
158 354
159 449
159 703
159 807
159 844
159 845
159 846
159 847
159 848
159 849
159 850
159 851
160 276
160 293
160 1521
161 412
161 447
161 515
161 933
161 1625
162 819
162 1356
162 1887
162 1925
163 1119
164 1521
164 1915
164 1964
165 481
165 1866
166 280
166 657
166 1197
167 293
167 636
167 993
167 1282
167 1597
167 1869
168 349
169 170
169 171
169 172
169 173
169 174
169 175
169 176
169 177
170 813
170 1903
171 257
171 1075
171 1283
172 636
173 1156
173 1196
173 1802
174 666
175 622
175 638
175 733
175 837
175 1000
175 1042
175 1156
175 1461
175 1516
175 1651
175 1744
175 1756
175 1894
176 661
176 1937
177 426
177 1416
177 1537
178 179
178 185
178 186
179 1593
179 1716
179 1736
179 1918
180 646
180 1084
180 1134
180 1172
180 1406
180 1526
180 1748
181 421
181 625
181 1316
182 1495
183 229
184 308
184 819
184 894
184 911
184 1167
184 1214
185 241
185 707
185 1021
185 1091
185 1263
185 1329
185 1504
185 1505
186 428
186 501
186 777
186 1081
186 1181
186 1341
187 188
187 189
187 190
187 191
187 192
187 193
187 194
187 195
187 196
188 217
188 604
189 955
189 1745
190 192
190 292
190 356
190 370
190 388
190 509
190 622
190 845
190 867
190 927
190 1363
190 1591
190 1625
190 1955
191 357
191 993
192 511
192 993
192 994
192 995
193 1506
194 1917
195 1182
196 849
196 1829
197 198
197 199
197 200
197 201
197 202
197 203
197 204
197 205
197 206
197 207
198 217
198 738
198 1620
200 296
200 1216
200 1495
201 773
201 1397
201 1489
202 1261
202 1316
202 1592
203 225
203 229
205 1069
205 1795
206 361
206 703
207 248
207 339
207 719
207 831
207 911
207 1149
207 1302
207 1393
207 1397
207 1480
207 1577
207 1591
207 1751
208 216
208 217
209 680
209 682
210 269
210 1632
211 395
211 1848
212 560
212 619
212 1496
212 1825
212 1826
214 1236
214 1416
216 307
216 587
216 712
216 1120
216 1301
216 1359
216 1363
216 1642
216 1911
217 324
217 349
217 785
217 796
217 1150
217 1300
217 1304
217 1834
218 589
218 617
219 901
219 1047
221 236
221 314
221 843
221 1283
222 800
222 1468
222 1760
223 282
223 591
223 1489
223 1534
223 1536
224 488
225 587
225 696
225 1110
225 1251
225 1296
225 1303
225 1425
225 1512
225 1556
226 314
226 665
226 1015
226 1172
228 320
228 547
228 1236
229 721
229 1315
229 1408
229 1457
229 1833
229 1890
229 1922
229 1939
229 1967
230 341
231 236
232 1292
233 831
233 1216
234 604
236 640
236 719
236 738
236 1034
236 1035
236 1036
236 1037
237 238
237 239
237 240
237 241
237 242
237 243
237 244
237 245
239 594
240 516
241 1536
242 594
242 847
243 349
243 1044
243 1506
244 269
244 354
244 495
244 623
244 746
244 884
244 1139
244 1406
244 1508
244 1517
244 1691
245 902
245 1214
247 258
247 262
247 263
247 264
248 1797
248 1937
249 508
249 627
250 853
250 1807
251 1778
251 1881
252 857
252 970
252 1383
252 1447
252 1853
253 254
253 255
253 256
253 257
254 388
254 840
254 1516
255 1508
255 1647
257 601
257 725
257 1045
257 1069
257 1075
257 1208
257 1352
257 1367
257 1554
257 1937
258 676
258 1109
258 1122
258 1537
258 1747
258 1819
259 773
259 1829
260 1841
261 1166
261 1419
261 1809
262 349
262 470
262 736
262 1093
262 1116
262 1455
262 1456
262 1729
262 1953
263 639
263 642
263 822
263 1181
263 1211
263 1306
263 1367
263 1427
263 1839
264 402
264 508
264 645
264 1101
264 1232
264 1273
264 1404
264 1511
264 1720
265 269
266 1419
266 1447
266 1672
267 707
267 1432
267 1864
268 773
268 806
268 906
268 1612
269 755
269 900
269 978
269 1395
269 1542
269 1738
269 1906
271 1236
271 1295
272 1420
272 1756
272 1864
272 1893
273 1029
274 276
274 279
274 280
274 281
274 282
274 286
276 448
276 456
276 497
276 635
276 689
276 920
276 964
276 1320
276 1334
276 1410
276 1528
276 1681
276 1685
276 1908
277 311
277 707
277 1276
278 298
279 355
279 372
279 576
279 845
279 1035
279 1087
279 1367
279 1911
280 392
280 777
280 945
280 1273
281 447
281 685
281 755
281 813
281 988
281 1227
281 1318
281 1793
281 1865
282 518
282 738
282 842
282 864
282 880
282 934
282 1374
282 1939
283 1887
284 1606
285 319
285 911
285 1221
285 1251
286 415
286 440
286 606
286 1143
286 1322
286 1447
286 1494
286 1706
286 1732
286 1740
286 1746
286 1843
287 288
287 293
287 296
288 301
288 346
288 458
288 572
288 645
288 945
288 1101
288 1367
288 1486
288 1698
288 1750
289 1236
290 1282
290 1689
291 1052
292 342
292 1467
293 630
293 750
293 772
293 1007
293 1352
293 1353
294 347
294 653
295 498
295 738
295 959
295 1290
296 508
296 1030
296 1384
296 1415
296 1455
296 1485
296 1868
297 298
298 560
298 616
298 728
298 1353
298 1387
298 1415
298 1733
298 1861
299 511
299 1166
299 1316
300 511
300 1054
300 1085
300 1199
301 894
301 1432
302 344
303 513
304 808
304 1397
304 1713
305 911
305 1045
307 308
307 311
307 314
308 332
308 366
308 953
308 1142
308 1282
308 1972
309 814
310 1383
311 358
311 585
311 589
311 695
311 735
311 931
311 1799
311 1916
311 1996
312 503
312 1624
313 848
314 437
314 1231
314 1579
314 1842
314 1868
314 1882
316 546
316 1172
316 1316
316 1635
316 1970
317 319
317 320
318 519
318 1583
319 840
319 1020
319 1043
319 1050
320 401
320 692
320 965
320 1106
320 1114
320 1242
320 1367
320 1928
321 347
321 1597
322 1572
323 1424
325 1728
325 1858
328 1929
329 453
330 768
330 1508
330 1563
331 334
331 335
332 1659
333 379
333 525
333 934
333 1764
334 392
334 507
334 644
334 1414
334 1642
334 1660
334 1717
334 1806
335 643
335 644
335 645
335 646
335 647
335 648
336 480
336 1118
337 585
337 1199
337 1294
338 592
338 857
338 1172
338 1197
338 1356
339 1208
339 1221
340 697
340 751
340 952
340 969
340 1125
340 1345
340 1379
340 1401
340 1729
341 394
341 667
341 728
341 732
341 820
341 972
341 1267
341 1775
342 553
342 770
342 1494
342 1619
342 1711
342 1712
343 1431
343 1962
344 424
344 521
344 734
344 937
344 1410
344 1457
344 1469
344 1793
344 1865
345 347
345 1221
346 1048
346 1797
347 452
347 869
347 1329
347 1487
347 1637
347 1668
348 1042
348 1978
349 384
349 617
349 780
349 808
349 1216
349 1228
349 1279
349 1336
349 1411
349 1615
349 1616
349 1967
350 1606
351 689
351 1202
351 1971
352 381
352 412
352 451
352 1154
352 1241
352 1472
352 1507
352 1767
353 386
353 870
353 1066
354 591
354 813
354 890
355 356
355 357
355 360
355 361
356 615
356 771
356 776
356 804
356 1108
356 1298
356 1607
356 1764
357 386
357 595
357 993
357 1163
357 1247
357 1282
357 1558
357 1662
357 1675
357 1728
357 1853
358 547
358 559
359 1119
359 1129
359 1732
359 1932
360 492
360 504
360 672
360 899
360 1047
360 1175
360 1191
360 1227
360 1417
360 1556
361 585
361 713
361 828
361 1078
361 1939
362 593
362 1276
363 539
364 830
364 1156
364 1468
365 807
366 571
368 604
369 473
369 1172
370 375
370 377
370 379
372 387
372 508
372 918
374 514
374 1139
375 743
375 1209
375 1491
375 1587
375 1655
375 1660
375 1928
375 1963
376 932
376 1288
377 491
377 725
377 1413
377 1414
377 1415
377 1416
377 1417
377 1418
377 1419
377 1420
377 1421
377 1422
378 1624
378 1632
378 1853
379 481
379 1270
379 1271
379 1272
379 1273
379 1274
379 1275
380 385
380 387
380 388
381 547
381 560
381 1048
381 1763
382 484
382 1130
382 1166
383 843
383 1108
383 1468
383 1663
383 1732
384 628
384 773
384 1082
384 1251
385 391
385 760
385 1088
385 1172
385 1349
385 1717
386 890
387 693
387 850
387 1079
387 1247
387 1488
387 1749
388 537
388 538
388 743
388 757
388 915
388 1079
388 1205
388 1259
388 1261
388 1289
388 1384
388 1397
388 1543
388 1620
388 1681
388 1686
388 1692
388 1693
390 959
390 1167
391 1105
391 1468
391 1936
392 395
392 406
393 628
393 703
394 934
395 508
395 536
395 689
395 716
395 751
395 871
395 1084
395 1529
395 1675
396 434
396 1044
397 1288
399 1583
399 1627
399 1698
399 1942
399 1984
400 894
400 932
400 1866
400 1915
401 449
401 1100
401 1368
401 1764
402 813
402 1691
403 516
403 831
403 1432
404 733
404 735
404 738
405 890
406 512
406 1530
406 1614
406 1746
406 1773
406 1884
406 1929
407 619
407 1356
408 1085
409 410
409 421
410 505
410 506
410 507
410 508
410 509
410 510
410 511
410 512
410 513
410 514
410 515
410 516
411 735
412 522
413 1191
415 440
415 511
417 1178
418 513
418 1071
418 1648
419 1992
420 488
420 1938
421 425
421 694
421 716
421 763
421 980
421 1167
421 1578
421 1718
421 1916
421 1917
422 426
422 433
422 434
423 1432
423 1496
423 1693
424 481
424 1363
425 994
425 1360
426 779
426 793
426 887
426 1257
426 1375
426 1546
426 1715
426 1719
428 970
429 885
429 955
431 568
431 1606
432 673
432 1422
432 1932
433 467
433 822
433 846
434 627
434 1202
434 1249
434 1358
434 1413
434 1434
434 1798
434 1820
435 559
435 1689
436 440
436 441
436 446
437 747
437 761
438 970
438 1356
440 841
441 509
441 626
441 820
441 1445
441 1987
441 1995
442 1071
445 1497
446 594
446 769
446 955
446 1417
446 1482
446 1483
446 1509
446 1605
446 1615
446 1623
446 1637
447 448
447 449
447 450
447 453
448 524
448 713
448 862
448 929
448 1388
448 1674
448 1872
449 487
449 532
449 775
449 1231
449 1232
449 1233
449 1234
450 524
450 833
450 980
450 1487
450 1723
450 1771
450 1778
451 703
451 857
451 1885
453 728
453 846
453 1128
453 1176
453 1284
454 1474
456 473
456 1261
456 1281
458 503
458 806
460 1524
460 1754
461 547
461 665
461 1180
462 1197
463 688
463 1047
464 1281
464 1523
466 1864
467 473
467 476
468 746
468 1651
469 1515
470 516
471 843
471 962
471 1915
472 577
472 1606
473 588
473 760
473 771
473 968
473 1516
473 1541
474 665
474 1029
474 1406
475 1523
475 1728
476 729
476 792
476 1372
476 1380
476 1451
476 1676
476 1714
476 1715
476 1774
476 1870
477 479
477 480
477 481
477 484
479 508
479 1008
479 1510
480 551
480 652
480 933
480 1592
480 1697
481 500
481 565
481 770
481 806
481 1139
481 1166
481 1893
481 1922
481 1993
482 1419
482 1660
483 1118
483 1167
484 547
484 718
484 1104
484 1454
484 1638
484 1639
486 488
487 625
487 694
487 746
487 1460
487 1660
487 1662
487 1663
488 547
488 677
488 1146
488 1318
488 1479
488 1542
488 1692
488 1960
489 577
489 970
489 1583
490 592
490 1825
491 850
492 1929
493 994
494 1288
494 1629
495 1606
496 498
496 500
496 503
497 1523
497 1719
498 748
498 1139
498 1211
498 1378
498 1483
498 1654
498 1755
498 1995
499 1515
500 1400
500 1493
500 1653
501 1372
502 619
502 1178
502 1745
502 1951
503 548
503 930
503 1139
503 1652
504 1173
505 1508
506 1660
507 1236
507 1508
507 1521
508 850
508 885
508 1008
508 1304
508 1350
508 1432
508 1746
508 1763
508 1993
509 657
509 706
509 994
509 1007
509 1044
509 1049
509 1221
509 1608
509 1667
509 1777
510 846
510 1336
511 614
511 1382
511 1472
511 1540
511 1541
512 1866
513 602
513 705
513 1345
514 593
514 694
514 721
514 970
514 973
514 1015
514 1139
514 1189
514 1197
514 1251
514 1606
514 1802
514 1851
515 651
515 1082
515 1778
516 1144
516 1202
516 1272
516 1392
516 1505
516 1525
516 1558
516 1887
516 1947
517 646
517 1156
519 1240
519 1316
519 1317
519 1318
519 1319
519 1320
520 522
520 525
521 1295
522 585
522 727
522 1767
523 1326
523 1431
523 1460
525 611
525 717
525 825
525 1135
525 1312
525 1571
525 1756
525 1769
525 1872
525 1989
527 723
527 964
527 970
528 535
528 539
529 761
529 1659
529 1858
531 843
531 927
531 1100
531 1606
532 824
533 922
533 1778
534 1215
534 1416
535 881
535 1328
535 1537
535 1700
535 1714
536 1316
536 1389
537 666
537 1197
538 1648
539 658
539 846
539 1080
539 1159
539 1260
539 1312
539 1553
539 1747
540 546
540 547
541 848
543 1635
543 1763
544 800
545 707
545 810
545 962
545 1548
545 1679
546 721
546 875
546 1115
546 1298
546 1303
546 1412
546 1721
546 1744
546 1839
547 585
547 644
547 1251
547 1340
547 1468
547 1742
549 721
549 840
549 1326
549 1368
549 1477
550 556
550 559
550 560
551 867
551 1292
552 628
553 1492
554 1042
555 1447
555 1468
555 1656
556 586
556 821
556 851
556 975
556 1363
556 1541
556 1547
557 962
557 1053
557 1419
557 1920
558 1130
559 654
559 1251
559 1686
559 1894
560 663
560 834
560 1368
560 1507
560 1518
560 1519
561 562
561 563
561 564
561 565
561 566
561 567
561 568
561 569
561 570
562 1875
563 1651
563 1754
564 594
564 1215
564 1326
565 617
565 849
565 1129
565 1173
565 1825
567 1269
568 809
568 810
568 811
568 812
568 813
568 814
568 815
568 816
568 817
568 818
568 819
568 820
569 1681
570 1054
570 1897
571 572
571 573
571 574
571 575
571 576
571 577
571 578
571 579
572 666
572 1523
573 804
574 1130
574 1416
574 1592
576 906
576 1129
576 1130
577 629
577 659
577 682
577 846
577 922
577 1054
577 1148
577 1404
577 1425
577 1450
578 1420
578 1495
579 813
580 1363
580 1431
580 1515
581 906
581 1951
581 1992
582 1893
583 1745
584 1281
585 630
585 683
585 845
585 912
585 1031
585 1130
585 1135
585 1245
585 1530
585 1746
585 1761
586 840
586 1191
587 589
587 591
587 592
587 593
587 594
588 970
588 1424
589 992
589 1241
589 1250
589 1381
590 657
590 1527
590 1669
591 1133
591 1430
591 1449
591 1458
591 1630
592 639
592 845
592 1334
592 1343
592 1388
592 1635
592 1765
592 1890
593 1103
594 1060
594 1078
594 1228
594 1251
594 1376
594 1378
594 1772
595 1647
595 1754
597 604
599 993
599 1548
599 1751
600 1042
600 1409
600 1679
600 1698
601 1367
601 1635
601 1778
602 1144
602 1208
603 1290
603 1672
604 695
604 1256
604 1516
604 1706
604 1792
605 738
606 1424
608 1497
610 653
610 1326
612 888
612 1199
612 1829
614 1662
615 857
615 1713
616 885
616 1492
616 1612
617 1425
617 1480
618 1042
618 1659
618 1807
619 700
619 753
619 923
619 1003
619 1065
619 1281
619 1282
619 1283
619 1284
620 1189
621 1772
621 1873
621 1936
622 1534
622 1719
622 1875
622 1925
623 1937
625 626
625 627
627 662
627 710
627 725
627 895
627 1098
627 1407
627 1409
627 1489
627 1509
627 1745
628 629
628 630
628 631
628 632
628 633
628 634
628 635
628 636
629 846
630 747
630 1045
630 1496
630 1527
630 1795
630 1869
631 1663
632 1659
633 1536
633 1550
634 1085
634 1492
635 1208
636 850
636 1010
636 1033
636 1250
636 1390
636 1627
636 1678
636 1816
636 1920
636 1930
638 646
638 1423
639 646
639 1173
639 1496
640 915
640 1052
640 1083
641 1130
641 1543
642 1938
643 901
643 1881
644 1215
644 1216
646 698
646 991
646 1075
646 1192
646 1663
646 1705
646 1714
646 1736
646 1779
647 1543
648 807
648 810
648 1962
649 651
649 653
651 707
651 719
651 744
651 1429
651 1445
651 1637
652 761
653 815
653 874
653 919
653 1061
653 1096
653 1372
653 1450
653 1569
653 1642
653 1756
654 848
654 1029
655 657
655 661
655 662
656 962
656 1624
657 823
657 1161
657 1480
657 1961
658 733
659 848
659 849
659 1372
660 1745
660 1955
661 1142
661 1244
661 1306
661 1604
661 1817
661 1965
662 889
662 946
662 1017
662 1484
662 1530
662 1714
662 1729
663 1597
664 1025
664 1383
664 1825
665 666
665 667
665 668
665 669
665 670
665 671
665 672
666 793
666 1128
666 1395
666 1396
666 1397
666 1398
668 1420
669 766
669 768
670 1915
671 1529
673 674
673 675
673 676
673 677
673 678
674 778
674 963
674 1078
674 1179
674 1247
674 1290
674 1499
674 1631
674 1739
674 1942
675 766
675 1698
675 1936
676 707
676 824
679 810
679 1276
680 1579
680 1770
680 1868
682 691
682 736
682 816
682 952
682 1040
682 1232
682 1341
682 1502
682 1721
682 1748
682 1965
683 1048
683 1592
684 1583
686 1292
686 1719
687 1075
687 1719
688 708
688 1404
688 1516
688 1761
689 1627
689 1698
690 1152
691 1807
693 694
694 1025
694 1114
694 1236
694 1269
694 1472
694 1542
694 1551
694 1637
694 1660
694 1835
695 777
695 783
695 1119
695 1608
696 1679
697 911
698 1029
698 1887
700 964
700 1420
700 1624
700 1807
701 1574
701 1853
702 786
702 816
702 1419
702 1814
703 1039
703 1350
703 1846
703 1886
704 854
704 938
704 1036
704 1282
704 1366
705 1149
705 1680
706 1097
706 1438
706 1711
706 1715
706 1822
707 850
707 884
707 1540
707 1759
707 1966
710 1548
710 1632
711 1105
711 1108
712 1180
712 1626
714 1261
714 1431
715 1356
718 1659
720 1108
720 1809
720 1881
721 777
721 920
721 1093
721 1219
721 1224
721 1279
721 1516
721 1604
721 1938
722 1172
723 724
723 725
723 726
723 727
723 728
723 729
723 730
723 731
723 732
724 1432
725 738
725 902
725 1046
725 1053
725 1579
725 1592
725 1597
725 1734
725 1981
727 1108
728 735
728 1932
730 810
730 867
730 1197
731 1000
731 1015
731 1422
731 1680
732 962
732 1830
732 1964
733 801
733 843
733 872
733 1105
733 1806
733 1952
733 1973
734 1887
735 1114
735 1270
735 1452
736 1523
737 1521
737 1543
738 1390
738 1481
738 1482
738 1483
738 1484
740 1075
742 1523
742 1648
742 1783
742 1903
743 1336
743 1685
743 1689
744 808
744 1848
745 1108
746 747
746 748
746 749
746 750
746 751
746 752
746 753
746 754
746 755
747 858
747 1441
747 1634
747 1766
747 1874
748 773
748 1875
749 1830
750 1295
750 1521
751 1866
751 1887
751 1955
752 1893
754 1763
754 1764
755 973
757 1851
759 1419
760 1363
760 1372
761 762
761 763
761 764
762 1000
762 1075
763 783
763 1208
764 1419
764 1772
764 1929
765 839
766 945
766 1308
766 1584
766 1650
766 1676
766 1679
766 1907
768 915
768 918
768 1056
768 1170
768 1171
768 1172
768 1173
768 1174
768 1175
768 1176
768 1177
768 1178
769 1054
769 1409
769 1932
770 1468
770 1681
771 849
771 1419
772 1474
772 1866
773 774
773 775
773 776
773 777
773 778
775 1197
775 1681
777 870
777 930
777 965
777 1065
777 1094
777 1256
777 1630
777 1903
779 1199
779 1264
779 1294
779 1604
779 1727
779 1829
780 1130
782 1521
782 1660
783 944
783 1114
783 1160
783 1530
783 1657
784 1925
786 808
786 1727
786 1915
787 1474
788 1651
791 1489
792 840
792 1119
792 1478
792 1496
793 1316
794 1515
795 847
796 819
796 947
796 1108
796 1152
796 1648
797 800
798 1389
798 1496
799 1352
799 1778
800 1146
800 1219
800 1392
800 1446
800 1654
800 1999
801 1294
802 804
802 806
802 807
802 808
803 1529
803 1945
804 823
804 841
804 845
804 1840
804 1865
804 1874
804 1989
806 1918
806 1940
806 1941
807 962
807 982
807 1129
807 1183
807 1611
807 1625
807 1672
807 1941
808 875
808 1307
808 1310
808 1481
808 1679
808 1716
808 1844
808 1879
809 831
809 1875
810 975
810 1091
810 1175
810 1311
810 1895
811 1264
812 1745
812 1848
813 830
813 874
813 995
813 1048
813 1185
813 1321
813 1530
813 1944
813 1984
814 992
814 1089
814 1340
814 1473
814 1996
815 1629
816 840
816 1984
817 1423
818 995
818 1045
818 1612
819 1086
819 1295
819 1310
819 1341
819 1557
819 1567
819 1864
819 1882
820 1071
820 1423
821 824
821 830
821 831
824 825
824 1274
824 1368
824 1405
824 1483
824 1530
824 1870
824 1923
825 1144
829 1550
830 835
830 1136
830 1487
831 917
831 1055
831 1184
831 1453
831 1892
834 915
834 1719
835 1543
836 1850
837 1180
837 1397
838 839
838 840
838 843
839 985
839 1032
839 1263
839 1371
839 1397
839 1501
839 1502
839 1503
840 915
840 952
840 1088
840 1341
840 1358
840 1471
841 894
841 1029
841 1629
843 1164
843 1358
843 1431
843 1671
843 1721
843 1817
844 955
844 1047
844 1118
844 1152
845 918
846 986
846 995
846 1064
846 1467
846 1583
846 1798
846 1830
846 1843
846 1962
847 982
847 1056
847 1089
847 1102
847 1539
847 1928
848 1114
849 865
849 1073
849 1275
849 1287
849 1916
850 857
850 906
850 1085
850 1101
850 1289
850 1410
850 1447
850 1509
850 1542
850 1648
850 1655
850 1656
850 1869
850 1870
850 1871
851 1251
851 1264
851 1290
852 853
852 857
852 859
853 913
853 1062
853 1139
853 1350
853 1759
853 1892
854 971
854 973
857 1488
857 1615
857 1746
857 1911
858 1905
859 875
859 1059
859 1442
859 1744
859 1866
860 1108
860 1945
861 867
862 1495
867 892
867 978
867 1115
867 1136
867 1331
867 1437
871 1942
872 932
872 1864
877 1869
878 1691
879 964
879 1527
879 1693
879 1778
880 885
882 1431
882 1629
884 1118
884 1139
885 895
885 1010
885 1028
885 1096
886 1069
887 1000
888 945
888 954
888 1121
888 1418
888 1516
888 1790
888 1836
889 1363
889 1592
889 1760
890 915
890 1110
890 1404
890 1900
891 1139
891 1356
891 1409
891 1604
891 1841
894 1578
894 1756
895 934
896 901
896 902
899 1672
899 1748
900 1283
900 1352
900 1477
901 1339
901 1401
901 1736
901 1797
901 1836
902 1544
902 1557
902 1558
902 1572
902 1634
902 1919
902 1982
903 1282
903 1680
903 1947
904 1992
905 906
905 911
906 1121
906 1267
906 1503
906 1740
907 1118
909 1397
909 1887
910 1360
910 1826
910 1897
911 1033
911 1403
911 1443
911 1470
911 1563
911 1612
912 1173
913 955
913 1105
913 1416
914 915
914 918
914 922
915 1026
915 1052
915 1148
915 1215
915 1272
915 1282
915 1813
915 1866
915 1971
917 1292
918 1358
918 1479
918 1923
919 1054
919 1869
920 1042
922 1279
922 1449
922 1464
922 1556
922 1682
922 1725
923 927
923 932
924 1497
925 1144
925 1945
927 1709
927 1837
929 1221
932 1096
932 1343
932 1367
932 1473
933 1778
934 935
934 936
934 937
937 1172
937 1406
937 1728
938 1045
938 1597
940 1579
940 1875
942 1635
942 1893
943 947
944 1764
945 1276
945 1713
946 1085
947 1110
947 1164
947 1185
947 1211
947 1416
947 1607
948 1052
948 1316
948 1881
949 955
951 1760
951 1866
952 1506
953 1537
953 1548
954 1156
954 1521
955 1096
955 1285
955 1455
955 1605
956 959
956 962
957 1981
959 1147
959 1229
959 1453
959 1498
959 1592
959 1923
959 1987
961 1100
961 1526
961 1662
962 1452
962 1622
964 996
964 997
964 998
964 999
966 1659
966 1754
967 1826
968 1772
970 1376
970 1443
970 1666
970 1987
971 999
971 1020
971 1030
971 1087
971 1224
971 1574
971 1797
971 1833
971 1886
971 1939
971 1965
973 1034
973 1252
973 1490
973 1607
973 1609
975 1045
975 1197
975 1527
976 1543
976 1669
976 1691
978 1763
979 1685
979 1936
979 1937
980 1178
980 1932
981 1283
983 1071
985 1053
985 1144
985 1496
986 1075
986 1166
986 1167
987 1495
991 1905
992 1873
993 1083
993 1273
993 1359
993 1466
993 1777
994 1018
994 1046
994 1407
994 1673
994 1821
995 1112
995 1249
995 1398
995 1448
995 1727
995 1742
995 1792
995 1888
995 1901
996 1763
997 1508
997 1772
999 1368
1000 1001
1000 1002
1000 1003
1000 1004
1000 1005
1000 1006
1001 1215
1004 1276
1004 1604
1004 1885
1005 1925
1006 1108
1007 1495
1007 1760
1007 1970
1008 1282
1010 1199
1010 1534
1010 1732
1011 1180
1011 1381
1011 1471
1011 1711
1014 1467
1014 1468
1015 1446
1015 1747
1015 1799
1015 1888
1015 1974
1017 1624
1017 1626
1019 1825
1020 1536
1023 1216
1024 1025
1025 1168
1025 1737
1025 1895
1027 1281
1027 1352
1029 1437
1029 1866
1031 1627
1032 1915
1034 1363
1035 1422
1035 1647
1035 1680
1037 1760
1039 1053
1040 1754
1041 1858
1042 1479
1042 1499
1043 1044
1043 1045
1044 1070
1044 1280
1044 1519
1044 1736
1045 1136
1045 1358
1045 1444
1045 1717
1046 1047
1046 1048
1047 1092
1047 1241
1047 1579
1047 1754
1047 1867
1048 1184
1048 1375
1048 1768
1048 1791
1048 1965
1049 1932
1049 1948
1050 1197
1052 1623
1052 1631
1052 1847
1052 1977
1053 1070
1053 1116
1053 1591
1053 1707
1054 1220
1054 1598
1054 1599
1054 1600
1055 1942
1056 1061
1057 1534
1060 1276
1061 1222
1061 1231
1061 1562
1061 1844
1061 1946
1063 1815
1064 1368
1064 1778
1064 1942
1064 1955
1065 1422
1065 1893
1066 1422
1066 1526
1068 1489
1069 1252
1069 1435
1069 1621
1069 1696
1069 1707
1069 1814
1069 1824
1070 1071
1070 1075
1071 1293
1071 1301
1071 1579
1075 1106
1075 1196
1075 1731
1075 1834
1078 1629
1079 1082
1079 1083
1079 1084
1080 1866
1082 1218
1082 1296
1082 1418
1082 1614
1082 1626
1082 1629
1082 1813
1083 1321
1083 1617
1083 1855
1083 1891
1084 1539
1084 1584
1085 1145
1085 1228
1085 1482
1085 1658
1086 1199
1086 1815
1088 1423
1088 1424
1090 1815
1091 1489
1092 1635
1093 1130
1094 1316
1096 1524
1096 1858
1096 1864
1097 1624
1098 1251
1098 1467
1100 1101
1100 1102
1100 1103
1101 1368
1102 1548
1102 1627
1102 1978
1103 1282
1105 1271
1106 1662
1106 1760
1107 1221
1108 1966
1109 1119
1109 1336
1109 1406
1112 1978
1114 1423
1115 1691
1115 1825
1115 1866
1115 1942
1115 1955
1116 1534
1116 1608
1117 1295
1117 1527
1117 1698
1117 1751
1118 1119
1118 1120
1118 1121
1118 1122
1118 1123
1119 1284
1119 1358
1119 1363
1119 1388
1119 1398
1119 1570
1119 1978
1120 1526
1121 1497
1122 1336
1122 1583
1123 1869
1125 1534
1125 1802
1127 1938
1128 1830
1129 1357
1129 1891
1130 1155
1132 1841
1132 1885
1134 1135
1134 1136
1134 1137
1134 1138
1134 1139
1134 1140
1134 1141
1134 1142
1134 1143
1137 1199
1139 1276
1139 1294
1139 1424
1139 1537
1139 1836
1139 1881
1139 1987
1140 1662
1140 1681
1140 1932
1143 1662
1143 1795
1144 1146
1144 1233
1144 1434
1144 1761
1144 1927
1146 1326
1146 1572
1148 1460
1149 1174
1149 1219
1149 1939
1150 1326
1151 1152
1152 1171
1152 1486
1152 1940
1152 1942
1154 1156
1155 1885
1156 1184
1156 1718
1156 1741
1156 1989
1157 1208
1157 1691
1159 1199
1161 1548
1162 1754
1163 1506
1165 1283
1165 1606
1165 1727
1165 1748
1166 1228
1166 1388
1166 1638
1166 1842
1166 1896
1166 1939
1167 1565
1167 1738
1167 1901
1167 1998
1168 1648
1168 1955
1170 1508
1170 1669
1171 1389
1172 1569
1172 1705
1172 1876
1172 1957
1173 1198
1173 1408
1173 1899
1174 1826
1175 1432
1177 1778
1178 1241
1178 1544
1178 1770
1178 1771
1179 1180
1179 1182
1180 1392
1180 1513
1180 1514
1180 1515
1180 1516
1180 1517
1182 1248
1182 1268
1182 1579
1183 1629
1184 1189
1185 1336
1188 1467
1189 1335
1189 1528
1189 1671
1189 1733
1189 1734
1189 1790
1189 1806
1190 1191
1191 1292
1191 1317
1191 1383
1191 1554
1191 1879
1191 1992
1192 1288
1193 1245
1194 1196
1194 1197
1194 1199
1196 1421
1196 1435
1196 1567
1196 1594
1196 1708
1196 1721
1197 1771
1197 1915
1198 1663
1199 1356
1199 1390
1199 1706
1199 1778
1200 1215
1202 1372
1205 1368
1208 1466
1208 1613
1209 1352
1209 1363
1210 1763
1212 1751
1213 1497
1214 1266
1214 1321
1214 1404
1214 1446
1214 1447
1214 1448
1215 1741
1215 1880
1216 1252
1216 1658
1216 1768
1218 1929
1219 1416
1219 1659
1220 1597
1220 1672
1221 1576
1222 1526
1222 1612
1222 1635
1222 1663
1222 1841
1224 1635
1224 1669
1224 1938
1227 1627
1230 1763
1232 1548
1235 1660
1235 1964
1236 1237
1241 1495
1242 1245
1243 1608
1243 1635
1244 1964
1245 1304
1245 1639
1246 1397
1247 1269
1247 1508
1247 1732
1250 1251
1251 1285
1251 1367
1251 1368
1252 1420
1252 1962
1258 1422
1259 1363
1260 1261
1260 1264
1260 1269
1261 1835
1261 1842
1261 1844
1261 1861
1261 1876
1261 1877
1262 1624
1262 1763
1263 1416
1263 1467
1264 1403
1264 1696
1264 1759
1264 1765
1264 1840
1264 1856
1267 1680
1268 1295
1268 1563
1269 1341
1269 1587
1272 1478
1273 1529
1274 1624
1274 1905
1275 1283
1276 1277
1276 1278
1276 1279
1276 1280
1277 1620
1277 1920
1279 1897
1281 1354
1281 1414
1281 1705
1282 1393
1282 1407
1282 1414
1282 1875
1282 1876
1282 1877
1283 1605
1283 1692
1283 1739
1283 1740
1286 1356
1286 1527
1287 1288
1288 1372
1288 1391
1288 1549
1288 1670
1288 1865
1289 1290
1289 1292
1290 1566
1290 1840
1291 1925
1292 1559
1292 1744
1292 1909
1293 1294
1293 1295
1294 1599
1294 1640
1294 1667
1294 1682
1295 1591
1297 1406
1297 1506
1297 1719
1298 1352
1299 1627
1299 1942
1300 1802
1300 1893
1302 1523
1302 1952
1303 1651
1304 1423
1304 1728
1305 1389
1305 1424
1305 1526
1307 1550
1307 1691
1310 1543
1312 1626
1312 1929
1315 1929
1316 1726
1316 1884
1317 1521
1317 1606
1319 1728
1319 1885
1320 1389
1320 1620
1322 1431
1322 1680
1322 1764
1322 1866
1325 1326
1325 1356
1326 1535
1326 1675
1326 1714
1326 1797
1330 1537
1331 1679
1332 1583
1333 1336
1335 1864
1336 1337
1337 1648
1339 1897
1340 1368
1340 1669
1340 1903
1343 1360
1346 1672
1346 1920
1348 1751
1349 1691
1350 1992
1351 1719
1351 1984
1352 1381
1352 1453
1352 1570
1352 1987
1353 1489
1353 1534
1355 1406
1356 1717
1357 1536
1358 1516
1358 1929
1360 1361
1360 1362
1360 1363
1360 1364
1360 1365
1360 1366
1362 1672
1362 1970
1363 1609
1363 1807
1364 1807
1365 1524
1365 1662
1366 1608
1367 1548
1367 1719
1367 1879
1367 1905
1367 1945
1367 1970
1368 1713
1368 1735
1368 1844
1372 1373
1372 1374
1372 1375
1372 1376
1373 1802
1373 1875
1374 1841
1374 1917
1375 1474
1375 1572
1378 1612
1379 1795
1383 1722
1388 1783
1389 1579
1389 1758
1389 1883
1392 1620
1393 1460
1395 1903
1397 1474
1397 1521
1397 1522
1397 1523
1397 1524
1397 1525
1397 1526
1397 1527
1398 1543
1398 1681
1402 1406
1406 1433
1406 1834
1408 1536
1408 1728
1409 1410
1410 1635
1411 1467
1412 1656
1413 1516
1413 1850
1414 1563
1416 1457
1416 1510
1416 1639
1416 1834
1416 1897
1416 1954
1418 1516
1419 1558
1419 1632
1419 1948
1420 1782
1420 1863
1421 1460
1421 1945
1422 1761
1423 1516
1423 1546
1423 1819
1423 1820
1424 1816
1424 1817
1425 1624
1427 1945
1429 1526
1430 1431
1431 1457
1431 1624
1431 1644
1431 1692
1432 1433
1432 1434
1433 1728
1434 1925
1435 1756
1436 1627
1436 1679
1436 1680
1440 1629
1440 1764
1442 1592
1442 1656
1444 1681
1445 1897
1447 1492
1447 1536
1447 1570
1447 1689
1447 1760
1447 1797
1447 1929
1447 1932
1450 1496
1450 1651
1451 1760
1454 1572
1455 1592
1458 1962
1460 1516
1460 1569
1461 1579
1462 1679
1462 1680
1466 1651
1467 1510
1468 1493
1468 1494
1468 1495
1468 1496
1469 1903
1470 1635
1470 1732
1471 1474
1471 1477
1471 1478
1474 1633
1474 1816
1474 1957
1475 1732
1475 1760
1476 1506
1477 1557
1477 1604
1478 1539
1478 1660
1479 1802
1483 1626
1485 1536
1486 1574
1489 1522
1490 1660
1490 1691
1492 1710
1492 1911
1495 1615
1497 1791
1497 1797
1497 1977
1501 1620
1501 1936
1501 1955
1502 1689
1506 1942
1507 1508
1508 1832
1509 1527
1509 1756
1511 1797
1513 1760
1514 1756
1514 1955
1515 1545
1515 1546
1515 1547
1516 1559
1516 1599
1516 1659
1516 1829
1516 1873
1518 1955
1518 1984
1521 1540
1521 1777
1521 1778
1521 1933
1522 1936
1524 1878
1526 1835
1526 1974
1527 1819
1527 1859
1529 1589
1529 1804
1529 1868
1531 1719
1531 1829
1532 1651
1533 1772
1533 1893
1534 1579
1534 1589
1534 1933
1535 1608
1535 1947
1536 1640
1536 1779
1537 1568
1537 1742
1537 1918
1537 1964
1537 1965
1540 1656
1540 1830
1541 1669
1543 1678
1543 1729
1543 1867
1544 1942
1545 1937
1546 1887
1548 1549
1548 1550
1548 1551
1548 1552
1549 1635
1550 1871
1552 1629
1554 1937
1555 1572
1559 1869
1559 1947
1559 1948
1561 1938
1565 1881
1566 1829
1569 1572
1570 1647
1573 1851
1574 1575
1574 1576
1574 1577
1575 1680
1577 1647
1578 1579
1579 1925
1581 1656
1582 1936
1583 1643
1583 1692
1583 1789
1583 1835
1586 1893
1586 1948
1591 1592
1592 1634
1594 1597
1597 1600
1597 1616
1599 1604
1604 1639
1604 1647
1604 1655
1604 1809
1604 1850
1605 1606
1606 1858
1606 1975
1608 1609
1608 1610
1608 1611
1609 1887
1610 1873
1611 1887
1612 1874
1616 1648
1616 1951
1620 1644
1620 1813
1621 1719
1624 1857
1626 1971
1627 1635
1627 1708
1629 1650
1630 1815
1631 1851
1632 1861
1637 1680
1638 1689
1639 1689
1642 1797
1642 1981
1647 1916
1647 1961
1654 1772
1658 1853
1660 1669
1663 1726
1663 1922
1669 1892
1675 1962
1676 1751
1679 1729
1679 1832
1679 1877
1680 1841
1681 1826
1681 1904
1681 1966
1684 1685
1685 1924
1689 1708
1689 1914
1692 1698
1696 1848
1697 1815
1698 1699
1698 1700
1698 1701
1699 1745
1700 1938
1701 1745
1702 1825
1705 1962
1709 1829
1710 1841
1712 1719
1713 1753
1714 1964
1715 1807
1717 1719
1722 1754
1725 1727
1728 1743
1731 1732
1732 1777
1732 1852
1734 1745
1734 1948
1735 1992
1740 1947
1746 1875
1748 1847
1751 1895
1754 1769
1754 1836
1756 1810
1756 1865
1756 1904
1756 1930
1758 1970
1764 1812
1765 1853
1766 1830
1766 1873
1766 1945
1767 1772
1767 1795
1770 1915
1772 1773
1772 1774
1776 1893
1778 1832
1782 1783
1783 1866
1783 1911
1783 1919
1795 1796
1795 1797
1797 1825
1797 1848
1797 1871
1797 1885
1797 1995
1802 1883
1802 1906
1810 1964
1812 1875
1813 1951
1821 1903
1825 1865
1826 1884
1826 1940
1828 1850
1829 1842
1829 1959
1830 1831
1832 1851
1835 1848
1848 1849
1850 1916
1853 1854
1854 1905
1856 1992
1862 1864
1863 1942
1864 1918
1866 1894
1869 1987
1871 1873
1872 1873
1877 1929
1897 1961
1900 1951
1901 1962
1903 1908
1911 1917
1916 1952
1917 1988
1925 1954
1926 1992
1927 1929
1935 1936
1936 1944
1936 1986
1941 1945
1945 1973
1946 1947
1947 1971
1973 1978
1978 1986
1981 1982
1984 1993
