0 3
0 13
3 175
3 625
3 887
3 888
3 889
3 890
3 891
3 892
3 893
3 894
3 895
4 124
4 910
5 1097
6 439
6 650
9 617
9 802
9 1995
10 334
10 1014
11 352
11 1885
13 51
13 167
13 1153
13 1422
13 1529
13 1611
13 1726
13 1842
13 1926
15 1955
16 347
18 169
18 450
19 320
20 587
20 636
20 1042
20 1259
20 1454
21 394
21 1145
22 802
22 849
22 1109
23 419
23 614
23 1704
23 1961
24 1747
24 1748
25 901
25 967
25 1482
26 149
26 398
27 30
27 35
28 74
28 115
28 1602
29 1505
29 1539
30 322
30 1076
30 1405
30 1476
30 1491
30 1818
31 1354
31 1972
32 143
32 866
33 1659
35 113
35 159
35 317
35 497
35 556
35 754
35 804
35 1020
35 1464
35 1604
35 1947
38 532
38 1051
38 1145
38 1258
39 46
39 1823
39 1966
39 1988
40 465
41 610
41 989
43 1460
44 46
44 52
44 54
44 58
44 59
45 516
45 1051
46 356
46 462
46 494
46 742
46 1028
46 1449
46 1499
46 1500
47 442
47 688
48 1234
48 1493
49 902
49 1652
49 1692
50 1259
50 1384
51 1121
51 1316
51 1567
51 1951
52 661
52 668
52 814
52 906
52 928
52 1498
52 1979
54 58
54 163
54 228
54 241
54 391
54 520
54 722
54 748
54 913
54 1626
54 1627
54 1628
55 284
55 677
56 284
56 302
57 860
57 1134
57 1637
58 174
58 242
58 397
58 409
58 896
58 1030
58 1538
58 1566
58 1598
59 458
59 529
59 1094
59 1257
59 1576
59 1603
59 1842
60 66
61 1383
62 532
62 604
62 991
62 997
62 1145
62 1147
63 394
63 1747
63 1794
64 522
64 1686
64 1802
65 647
65 756
65 810
65 1995
66 174
66 196
66 562
66 591
66 596
66 906
66 1525
66 1539
66 1658
66 1943
67 74
68 1831
69 350
69 365
70 1687
71 179
71 815
71 996
71 1183
71 1936
72 1016
73 785
73 1145
73 1489
74 311
74 800
74 1019
74 1050
74 1051
74 1052
74 1053
74 1054
75 574
75 733
76 1074
76 1851
77 698
79 1003
79 1156
79 1234
79 1669
80 339
80 1074
80 1461
81 1074
83 610
83 719
83 722
84 794
84 1433
84 1522
84 1705
85 1578
86 87
87 1181
87 1485
87 1594
87 1702
87 1736
87 1773
88 326
88 465
88 723
88 928
89 611
89 647
89 1384
90 293
90 1650
92 352
92 522
92 1664
93 99
94 1287
94 1390
95 148
95 1602
96 774
96 991
96 1650
97 733
97 924
97 1310
97 1354
97 1705
98 574
98 1067
99 137
99 643
99 1451
99 1558
99 1648
100 197
100 394
100 794
100 1633
102 567
102 1074
103 394
103 767
103 1449
104 667
105 930
105 1168
105 1506
106 115
107 477
107 880
107 897
107 1525
108 1705
109 845
109 1040
109 1060
110 250
110 783
110 1549
111 604
111 617
111 620
111 622
112 1046
112 1178
112 1831
113 902
113 991
114 866
114 876
114 1601
115 302
115 414
115 416
115 468
115 752
115 1296
115 1640
116 1695
118 1129
119 1038
119 1178
119 1326
119 1736
120 378
120 595
120 802
121 555
121 1384
121 1662
122 124
122 125
122 127
123 522
123 785
123 1287
124 133
124 183
124 557
124 759
124 839
124 887
124 1300
124 1380
124 1386
124 1415
124 1602
124 1683
124 1786
125 487
125 513
125 664
125 792
125 1088
125 1121
125 1258
125 1395
125 1412
125 1543
125 1697
125 1747
125 1845
126 783
127 184
127 250
127 511
127 847
127 1204
127 1224
128 1768
129 662
129 1173
129 1243
130 280
130 705
131 167
131 853
132 698
132 831
132 1969
133 652
133 918
133 1966
135 142
135 143
138 1079
138 1681
139 565
139 876
140 1388
141 440
141 1802
142 618
142 1021
142 1151
142 1296
142 1301
142 1302
142 1303
143 167
143 960
143 1191
143 1365
143 1632
144 1875
145 502
145 1167
145 1539
145 1748
145 1829
145 1915
146 1236
146 1682
146 1781
147 148
147 149
148 166
148 350
148 364
148 757
148 844
148 923
148 958
148 1371
148 1907
148 1919
148 1935
149 330
149 468
149 952
149 1409
150 410
150 440
150 853
150 932
150 1460
150 1841
151 1549
151 1755
152 179
152 1822
153 586
154 774
154 1033
154 1622
154 1873
155 156
155 157
155 167
156 417
156 454
156 520
156 642
156 991
156 1192
156 1351
156 1387
156 1759
157 282
157 322
157 502
157 1847
157 1922
157 1945
158 340
158 347
158 350
158 352
158 354
159 845
159 849
160 293
160 967
161 515
161 1625
162 458
162 879
162 1413
162 1925
163 307
163 444
163 1278
164 419
164 595
164 640
164 1915
165 481
165 1413
166 280
166 457
166 1147
166 1197
167 293
167 442
167 636
167 877
167 993
167 1073
167 1282
167 1597
167 1605
167 1736
167 1869
167 1982
168 534
169 170
169 171
169 172
169 173
169 174
169 175
169 176
169 177
170 647
171 1283
171 1742
172 636
172 1704
173 1156
173 1802
175 622
175 638
175 733
175 837
175 1000
175 1042
175 1156
175 1461
175 1516
175 1651
175 1744
175 1756
175 1894
177 502
177 647
177 1109
177 1695
178 179
178 180
178 186
179 1593
179 1716
179 1736
179 1918
180 315
180 646
180 1084
180 1134
180 1172
180 1315
180 1353
180 1406
180 1526
180 1748
180 1842
180 1967
181 625
181 719
181 1316
181 1821
182 864
182 1255
182 1410
182 1495
182 1549
183 1145
183 1317
183 1898
184 1167
184 1214
185 1505
186 428
186 501
186 777
186 1081
186 1181
186 1341
188 604
188 611
189 955
189 1338
189 1745
190 292
190 388
190 622
190 845
190 867
190 927
190 1591
190 1625
190 1955
192 350
193 1506
196 799
196 849
196 1829
197 198
197 199
197 200
197 201
197 202
197 203
197 204
197 205
197 206
197 207
198 614
198 1620
199 327
200 296
200 402
200 1495
200 1650
200 1910
201 1016
201 1489
201 1555
201 1957
202 1261
202 1316
202 1880
204 1980
205 745
205 986
205 1207
206 737
207 248
207 339
207 719
207 831
207 911
207 1149
207 1302
207 1393
207 1397
207 1480
207 1577
207 1591
207 1751
209 686
210 515
210 652
210 1449
211 1006
212 1429
212 1825
213 530
214 1236
215 1490
216 307
216 587
216 1120
217 324
217 785
217 796
217 1300
218 589
218 617
219 901
221 430
221 910
221 1283
221 1482
222 1468
222 1599
223 380
223 1489
223 1534
224 488
225 587
225 1556
226 1147
226 1172
228 320
228 1236
228 1821
228 1822
229 1315
229 1457
230 1513
232 457
232 1177
233 831
233 1382
233 1711
233 1780
234 604
235 667
236 640
236 719
237 238
237 239
237 240
237 241
237 242
237 243
237 244
237 245
238 1664
240 516
240 744
240 1259
240 1637
240 1755
241 271
241 1705
241 1974
243 1044
243 1506
244 354
245 250
245 323
245 491
245 762
245 881
245 902
245 1214
245 1459
245 1650
245 1806
245 1861
245 1969
246 247
246 248
246 249
246 250
246 251
246 252
247 261
248 986
248 1567
249 607
250 482
250 567
250 602
250 614
250 754
250 853
250 952
250 972
250 1807
251 1778
251 1781
252 949
252 1003
252 1243
252 1383
252 1853
254 388
254 840
254 880
254 897
254 1516
256 722
256 1414
258 1109
258 1747
259 640
259 1829
260 1317
260 1841
261 923
261 941
261 1066
261 1166
261 1187
261 1419
261 1733
261 1809
264 402
264 1273
264 1720
265 268
265 271
266 757
266 1513
267 827
268 615
268 773
268 806
268 906
268 1057
268 1168
268 1612
268 1935
268 1993
271 455
271 543
271 545
271 638
271 799
271 1236
271 1295
271 1687
271 1715
271 1811
272 860
272 1756
274 278
274 279
274 280
274 284
275 658
275 1601
275 1602
276 1410
276 1528
276 1681
277 1067
278 298
278 435
278 520
278 939
278 1445
278 1736
279 355
279 372
279 576
279 845
279 1035
279 1087
279 1367
279 1911
280 392
280 777
280 945
280 1273
282 864
282 880
284 517
284 1077
284 1080
284 1451
284 1606
284 1717
285 672
286 440
287 291
287 292
287 293
287 296
288 458
288 1698
289 1236
289 1457
290 327
291 501
291 748
291 749
291 754
291 786
291 805
291 908
291 1052
291 1323
291 1324
291 1325
292 342
292 399
292 940
292 944
292 1090
292 1324
292 1467
292 1530
292 1720
293 630
293 750
293 772
293 1007
293 1352
293 1353
294 347
294 1386
294 1490
294 1755
294 1805
296 508
296 1030
296 1384
296 1415
296 1455
296 1485
296 1868
297 298
297 299
297 300
297 301
297 302
297 303
297 304
297 305
297 306
299 1169
299 1316
300 949
300 1120
300 1384
300 1711
301 880
301 1382
301 1965
302 344
302 501
302 633
302 726
302 757
302 798
302 845
302 931
302 965
302 1097
303 1145
303 1410
303 1564
304 808
304 1313
304 1457
304 1470
304 1522
304 1974
305 1461
305 1994
307 308
307 309
307 310
307 311
307 312
307 313
307 314
307 315
307 316
308 1972
309 1686
310 745
310 815
310 1380
310 1382
310 1383
311 589
312 1018
312 1194
312 1522
313 1805
315 757
315 926
315 1880
315 1966
316 546
316 622
316 952
316 997
316 1147
316 1172
316 1316
316 1635
316 1641
316 1654
316 1704
316 1711
316 1970
317 318
317 319
317 320
317 321
317 322
317 323
317 324
317 325
317 326
317 327
317 328
317 329
317 330
318 1583
318 1852
319 840
320 401
320 692
320 965
320 1106
320 1114
320 1242
320 1367
320 1928
321 347
321 1597
323 586
323 1259
324 491
324 492
324 493
324 494
324 495
325 826
325 1138
325 1371
325 1552
325 1728
325 1858
326 423
326 469
326 652
326 785
326 1168
326 1382
326 1479
326 1654
326 1692
326 1734
326 1735
326 1759
327 1250
327 1446
328 652
329 1711
330 1289
331 334
331 335
331 339
332 1578
332 1659
332 1862
333 339
333 1490
334 392
334 507
334 644
334 1414
334 1642
334 1660
334 1717
334 1806
335 643
335 644
335 645
335 646
335 647
335 648
336 394
336 864
337 350
337 610
337 1014
337 1664
338 1172
338 1197
339 483
339 818
339 938
339 1208
339 1221
339 1395
339 1791
340 697
340 751
340 952
340 969
340 1125
340 1345
340 1379
340 1401
340 1729
341 394
341 667
342 553
342 1711
343 439
343 1431
344 521
344 1410
344 1457
345 347
346 558
346 837
346 1003
347 452
347 869
347 1329
347 1487
347 1637
347 1668
348 439
348 989
348 1042
349 617
349 808
350 466
350 1272
350 1606
352 381
352 412
352 451
352 1154
352 1241
352 1472
352 1507
352 1767
354 461
354 471
354 591
354 813
354 890
354 1564
354 1934
357 595
357 1662
357 1853
358 530
358 610
358 952
359 444
359 698
359 1129
360 672
360 1556
362 593
362 1040
363 640
363 1577
364 398
364 602
364 1156
364 1468
364 1968
365 376
365 807
365 936
365 957
365 999
365 1542
365 1564
365 1610
365 1638
365 1707
366 893
366 1470
367 408
367 1591
368 604
368 1302
368 1805
369 473
369 1172
369 1454
370 374
370 378
371 1961
372 436
372 864
372 918
372 1289
373 549
373 1177
373 1309
374 514
374 858
374 1139
374 1143
374 1154
374 1546
374 1692
376 932
376 1104
376 1258
377 1413
377 1414
378 456
378 575
378 616
378 878
378 1041
378 1145
378 1302
378 1624
378 1632
378 1758
378 1853
378 1980
379 481
379 1273
379 1274
380 381
380 382
380 383
380 384
380 385
380 386
380 387
380 388
380 389
380 390
380 391
381 1443
381 1894
382 815
382 1852
383 845
383 1468
383 1503
383 1564
384 398
384 628
384 1961
385 1172
386 1067
387 1079
388 537
388 538
388 743
388 757
388 915
388 1079
388 1205
388 1259
388 1261
388 1289
388 1384
388 1397
388 1543
388 1620
388 1681
388 1686
388 1692
388 1693
389 549
389 1686
389 1988
390 457
390 1167
390 1852
391 1105
391 1468
391 1862
391 1936
392 394
392 398
392 402
392 405
392 406
392 408
393 628
394 934
394 985
394 1410
396 909
396 989
396 1044
396 1414
398 634
398 691
398 908
398 1317
398 1613
399 1583
399 1698
400 932
400 1915
400 1974
401 767
401 1016
402 813
402 1274
402 1520
402 1691
402 1710
403 436
403 516
403 831
404 733
404 737
405 890
405 931
405 963
405 1714
405 1736
405 1906
405 1941
405 1963
406 512
406 1530
406 1614
406 1746
406 1773
406 1884
406 1929
407 1602
408 1022
408 1085
408 1307
408 1349
408 1444
408 1451
409 410
409 419
410 505
410 506
410 507
410 508
410 509
410 510
410 511
410 512
410 513
410 514
410 515
410 516
411 457
411 1862
412 522
412 737
412 756
415 440
416 722
416 1384
417 1074
417 1178
418 650
418 1071
419 445
419 667
419 727
419 896
419 923
419 1021
419 1117
419 1992
419 1994
420 488
420 1380
421 1167
421 1578
422 423
422 430
423 641
423 644
423 1321
423 1432
423 1496
423 1693
424 481
424 929
424 1016
424 1388
425 1177
425 1360
428 1147
428 1818
429 614
429 885
429 955
429 1132
430 660
430 716
430 718
430 908
430 913
430 1286
430 1461
430 1479
431 586
431 767
432 1769
434 1413
435 949
435 1439
435 1736
436 437
436 438
436 439
436 440
436 441
436 442
436 443
436 444
436 445
436 446
437 1382
437 1549
438 1097
438 1179
438 1243
439 695
439 821
439 1058
439 1092
439 1223
439 1531
439 1661
440 841
441 1995
442 692
442 980
442 1005
442 1071
442 1227
442 1433
442 1630
442 1703
442 1852
442 1963
443 913
443 1070
443 1077
443 1198
443 1417
443 1926
444 743
444 780
444 956
444 1031
444 1175
444 1677
444 1975
446 955
446 1482
446 1637
447 450
448 929
448 1388
449 532
449 1234
450 524
450 833
450 980
450 1487
450 1723
450 1771
450 1778
451 756
451 1885
452 1577
455 1525
455 1577
456 473
456 1261
457 458
457 459
457 460
457 461
457 462
457 463
458 495
458 503
458 541
458 799
458 806
458 897
458 938
458 939
458 940
458 941
458 942
461 879
461 1384
462 1018
462 1197
462 1410
463 688
464 827
464 1523
464 1687
465 982
465 1127
465 1692
465 1990
467 473
468 647
468 1651
469 880
469 1302
469 1515
470 516
470 928
471 794
471 962
471 1120
471 1234
471 1915
472 1413
472 1636
473 588
473 760
473 771
473 968
473 1516
473 1541
475 647
475 1523
476 1380
476 1451
476 1870
477 478
477 479
477 480
477 481
477 482
477 483
477 484
477 485
478 1310
478 1578
480 652
480 1697
481 500
481 565
481 770
481 806
481 1139
481 1166
481 1893
481 1922
481 1993
482 879
482 923
483 943
483 1167
483 1555
484 1104
484 1454
486 488
487 625
487 647
487 1051
487 1460
487 1662
488 547
488 677
488 1146
488 1318
488 1479
488 1542
488 1692
488 1960
489 836
489 923
489 1051
489 1583
490 1825
491 989
491 1994
492 1060
493 757
493 997
493 1697
494 1243
496 497
496 498
496 499
496 500
496 501
496 502
496 503
496 504
497 1523
497 1722
498 1755
498 1995
499 876
499 1515
500 1493
501 698
501 1457
501 1650
502 543
502 600
502 619
502 984
502 991
502 1046
502 1094
502 1178
502 1528
502 1745
502 1769
502 1950
502 1951
503 930
503 1652
504 610
504 1173
505 866
505 952
505 1313
505 1413
506 799
507 1236
507 1650
508 885
509 1044
509 1777
510 846
510 1017
510 1055
510 1088
510 1336
511 614
511 1382
512 909
512 1388
513 602
513 705
514 593
514 1197
514 1802
514 1851
515 582
515 651
515 825
515 1082
515 1107
515 1223
515 1522
515 1580
515 1618
515 1778
515 1818
516 1144
516 1202
516 1272
516 1392
516 1505
516 1525
516 1558
516 1887
516 1947
517 1156
517 1341
518 1687
519 1316
519 1317
520 521
520 522
521 697
521 786
521 1266
521 1295
521 1747
522 585
522 727
522 1767
523 924
523 1326
523 1431
523 1460
524 1113
525 611
525 1756
525 1769
527 723
527 967
528 530
528 532
528 534
528 538
529 1072
529 1121
529 1659
530 671
530 762
530 828
530 1333
530 1418
530 1535
530 1753
530 1916
531 927
531 928
532 824
532 1087
532 1325
532 1471
532 1607
532 1712
533 1736
533 1778
534 925
534 953
534 989
534 1001
534 1215
534 1240
534 1416
534 1640
536 1316
536 1386
536 1388
537 1197
537 1385
538 683
538 712
538 1008
538 1080
538 1102
538 1557
538 1648
539 658
539 1747
540 546
540 549
541 1325
541 1385
541 1625
542 1109
542 1522
543 1635
544 1539
545 810
545 962
545 1525
545 1636
546 721
546 875
546 1115
546 1298
546 1303
546 1412
546 1721
546 1744
546 1839
547 1468
547 1742
548 797
548 893
549 629
549 721
549 827
549 840
549 882
549 967
549 1170
549 1326
549 1368
549 1477
549 1556
549 1610
549 1658
550 553
550 555
550 558
551 867
551 984
552 628
553 576
553 815
553 878
553 1102
553 1230
553 1370
553 1491
553 1492
554 1042
554 1315
554 1325
554 1957
555 608
555 1447
555 1468
555 1502
555 1656
555 1657
555 1658
556 586
557 962
557 1067
557 1920
558 749
558 836
558 1041
558 1093
558 1130
558 1136
558 1560
559 1686
559 1894
561 565
561 567
562 923
562 926
562 1482
562 1875
563 1651
564 950
564 1326
565 617
565 742
565 809
565 849
565 879
565 895
565 1129
565 1173
565 1708
565 1825
565 1904
565 1972
567 582
567 1269
567 1375
567 1729
567 1791
567 1967
568 810
568 815
569 1591
569 1681
570 1382
570 1385
570 1602
571 574
572 836
572 1523
574 648
574 727
574 816
574 1130
574 1416
574 1493
574 1592
575 1072
575 1457
576 1129
576 1132
576 1133
578 1170
578 1354
578 1495
579 1243
579 1438
579 1556
580 1431
580 1515
580 1821
581 951
581 1179
581 1818
581 1951
582 1461
583 1169
583 1449
583 1745
584 923
584 1630
585 845
585 1530
586 840
586 1188
586 1191
586 1267
586 1913
586 1927
587 588
587 589
587 590
587 591
587 592
587 593
587 594
587 595
587 596
589 992
589 1241
589 1250
589 1381
590 647
590 1527
590 1669
591 1133
591 1449
591 1630
592 845
592 1388
592 1635
593 1103
594 1060
595 710
595 1076
595 1146
595 1168
595 1647
595 1754
595 1928
595 1968
596 1974
596 1980
597 602
597 604
598 1014
599 1072
599 1751
600 1042
600 1183
600 1258
600 1493
600 1698
600 1980
601 1635
601 1767
601 1778
601 1780
601 1781
602 700
602 842
602 980
602 1144
602 1208
602 1668
603 620
603 1313
604 695
604 1256
604 1516
604 1706
604 1792
605 1898
607 608
607 609
607 610
609 1097
609 1121
609 1234
609 1513
610 653
610 699
610 1217
610 1246
610 1326
610 1480
611 612
611 613
611 614
611 615
611 616
612 1205
612 1829
613 1705
614 720
614 883
614 943
614 1414
614 1446
614 1662
614 1823
616 885
616 1794
617 1425
617 1480
618 836
618 1042
618 1659
618 1807
619 923
619 1003
619 1283
620 713
620 726
620 799
620 968
620 1189
620 1357
620 1575
620 1613
621 1873
621 1936
622 767
622 1006
622 1073
622 1088
622 1120
622 1273
622 1534
622 1719
622 1875
622 1882
622 1925
624 1386
625 626
625 627
626 744
626 745
627 662
627 1489
627 1745
628 629
628 630
628 631
628 632
628 633
628 634
628 635
628 636
629 879
629 1006
629 1768
630 1309
630 1527
630 1869
631 778
632 1659
633 866
633 1634
636 850
636 1010
636 1033
636 1250
636 1390
636 1627
636 1678
636 1816
636 1920
636 1930
637 640
638 1132
638 1423
639 1173
640 915
640 1052
640 1083
640 1230
640 1267
640 1461
641 1543
642 1697
643 901
643 974
643 1695
643 1880
646 698
646 991
646 1705
646 1736
647 1543
647 1671
648 810
648 1014
648 1046
648 1823
649 650
649 652
650 748
650 751
650 879
650 1103
650 1788
650 1960
651 719
651 744
651 1429
651 1637
652 761
652 1096
652 1444
652 1782
652 1973
653 815
653 1756
654 774
654 1033
655 658
655 662
656 962
656 1454
656 1622
656 1625
657 1961
658 733
658 1305
658 1596
658 1611
658 1758
659 849
659 1390
659 1549
659 1722
659 1818
660 1745
660 1955
661 1965
662 889
662 946
662 1017
662 1484
662 1530
662 1714
662 1729
663 757
663 990
663 1147
663 1597
664 672
664 715
664 1025
664 1383
664 1825
664 1880
665 667
665 672
667 869
667 1043
667 1112
667 1896
667 1990
669 766
669 767
670 1915
671 1528
671 1530
672 895
672 983
672 1384
672 1653
672 1712
672 1766
673 677
674 778
674 1179
675 766
675 1698
675 1936
676 1555
676 1707
677 891
677 1154
678 1133
678 1711
679 810
679 943
681 1018
681 1207
681 1567
682 952
682 1040
682 1341
682 1748
682 1965
683 1289
684 1583
684 1636
684 1969
686 691
686 730
686 1059
686 1093
686 1101
686 1292
686 1719
686 1743
686 1846
687 984
687 1287
687 1493
688 708
688 1404
688 1516
688 1761
689 1698
691 1018
691 1259
691 1807
692 838
692 1852
694 1025
694 1236
694 1637
695 783
695 1637
697 730
698 899
698 952
698 1029
698 1298
698 1394
698 1887
699 705
700 1807
700 1862
701 1853
705 869
705 1149
705 1223
705 1538
705 1666
705 1680
705 1692
706 1097
706 1438
706 1711
706 1822
707 1966
709 715
710 943
710 1183
710 1287
711 1104
711 1105
712 794
712 1626
713 1599
713 1711
714 1261
714 1431
715 794
715 960
715 1356
715 1401
715 1441
715 1442
715 1443
715 1444
715 1445
718 1380
718 1659
719 758
719 1174
719 1357
720 949
721 1516
722 871
722 968
722 1062
722 1160
722 1172
722 1430
722 1623
722 1926
723 724
723 725
723 726
723 727
723 728
723 729
723 730
723 731
723 732
724 1390
724 1429
725 902
725 1046
725 1597
726 950
727 1664
728 1451
729 1769
730 796
730 810
730 867
730 870
730 952
730 1197
730 1265
730 1513
730 1796
730 1831
730 1880
730 1965
731 1341
731 1972
732 962
733 801
733 843
733 872
733 1105
733 1806
733 1952
733 1973
736 1523
737 874
737 1049
737 1400
737 1521
737 1543
737 1924
738 1390
738 1481
738 1482
741 910
741 1382
741 1980
742 1523
742 1781
743 1259
743 1595
744 808
744 988
744 1188
744 1293
744 1393
744 1570
744 1759
744 1848
745 1108
745 1767
747 1634
748 1875
751 1955
752 893
752 1818
752 1894
755 1179
756 757
756 758
756 759
756 760
757 794
757 832
757 1051
757 1364
757 1664
757 1851
758 1821
761 762
762 1000
762 1016
762 1075
762 1150
762 1313
762 1482
762 1503
762 1652
762 1761
762 1958
763 783
763 1207
764 951
765 1390
766 945
766 1308
766 1584
766 1650
766 1676
766 1679
766 1907
767 935
767 1702
768 918
768 1170
768 1172
768 1173
768 1177
768 1178
770 1468
770 1681
771 849
773 774
773 778
774 1064
774 1425
774 1767
774 1816
775 1197
775 1681
776 802
777 930
777 1630
778 1137
778 1192
778 1286
778 1449
778 1758
779 1829
780 990
780 1980
781 1682
782 1439
782 1777
783 944
783 1114
783 1160
783 1530
783 1657
784 1463
784 1925
785 786
785 787
785 788
785 789
786 808
786 930
786 1915
787 1067
788 1651
789 1880
790 794
790 796
791 1205
791 1489
791 1490
792 840
792 1273
792 1302
792 1650
793 1018
793 1170
793 1316
794 975
794 980
794 1305
794 1515
794 1596
794 1819
796 819
796 821
796 947
796 1108
796 1152
796 1648
796 1878
797 798
797 799
797 800
797 801
798 910
798 1147
799 821
799 1204
799 1352
799 1675
799 1755
799 1778
799 1906
801 1354
802 803
802 804
802 805
802 806
802 807
802 808
803 1104
804 845
807 962
807 1129
807 1183
807 1625
808 875
808 1307
808 1310
808 1481
808 1679
808 1716
808 1844
808 1879
809 831
809 860
809 1121
809 1132
809 1194
809 1287
809 1875
810 975
810 1091
810 1175
810 1311
810 1895
812 967
812 1745
812 1781
813 1530
815 1060
815 1151
815 1212
815 1265
815 1341
815 1629
815 1949
816 840
816 1113
816 1522
816 1622
817 1423
818 1966
819 1310
819 1341
819 1567
820 1071
820 1423
821 827
821 831
823 997
823 1454
824 1274
824 1530
824 1870
825 1769
825 1823
826 1470
827 1165
827 1645
828 950
828 1894
829 876
829 1132
829 1577
831 917
831 1055
831 1184
831 1453
831 1892
832 836
832 837
833 1995
835 1079
835 1543
836 1055
836 1109
836 1274
836 1354
836 1437
836 1654
836 1761
836 1846
836 1850
837 1180
837 1298
837 1397
837 1411
837 1729
838 839
838 840
838 841
838 842
838 843
839 1503
840 915
840 952
840 1088
840 1341
840 1358
840 1471
841 1179
841 1451
842 949
842 1786
843 1431
844 955
845 918
845 1453
845 1454
846 986
846 1583
847 1539
849 865
849 1073
849 1275
849 1287
849 1916
850 1289
850 1410
850 1869
850 1870
852 853
852 860
853 913
853 1062
853 1139
853 1350
853 1759
853 1892
854 974
855 1380
856 1243
856 1652
858 991
860 880
860 1108
860 1155
860 1273
860 1303
860 1567
860 1695
860 1837
860 1945
861 864
861 866
861 867
862 1495
864 1217
864 1233
864 1285
864 1384
864 1512
864 1731
866 928
866 1058
866 1877
867 892
867 978
867 1115
867 1136
867 1331
867 1437
868 1870
869 1325
870 1040
870 1482
871 1682
872 932
875 1132
876 877
876 878
876 879
877 1051
877 1869
878 1121
879 964
879 988
879 1132
879 1321
879 1527
879 1637
879 1693
879 1768
879 1778
880 881
880 882
880 883
880 884
880 885
880 886
882 1431
882 1995
883 1429
884 1564
885 895
885 1010
885 1028
885 1096
886 1067
887 1652
888 1121
888 1516
891 1841
892 1258
892 1413
893 956
893 1891
894 1578
894 1756
896 897
896 901
896 902
897 1533
899 1170
899 1711
899 1748
900 1179
900 1283
900 1477
901 1339
901 1401
901 1736
901 1797
901 1836
902 1544
902 1557
902 1558
902 1572
902 1634
902 1919
902 1982
904 1705
905 909
905 910
906 1121
906 1503
907 1207
909 949
909 1397
909 1770
909 1845
909 1887
910 952
910 1331
910 1360
910 1668
910 1826
910 1897
910 1898
911 1033
911 1443
911 1470
912 1173
913 955
913 1105
914 918
917 1652
917 1818
918 1358
918 1479
918 1923
919 1869
920 1003
920 1038
920 1040
920 1042
922 1449
922 1556
922 1682
923 924
923 925
923 926
923 927
923 928
923 929
923 930
923 931
923 932
923 933
924 1198
924 1497
924 1872
925 1555
927 1709
927 1837
928 1041
928 1174
928 1355
928 1562
928 1777
928 1785
929 958
929 1221
929 1225
929 1487
929 1510
929 1561
930 1114
930 1193
930 1272
932 1096
932 1343
932 1367
932 1473
933 1778
935 949
935 1831
935 1957
937 1133
937 1172
938 1597
938 1968
939 1325
939 1722
940 1875
941 1768
942 1168
942 1578
942 1635
943 944
943 945
943 946
943 947
943 948
945 1961
948 1316
949 950
949 951
949 952
949 953
949 954
949 955
950 1200
950 1201
950 1202
951 1131
951 1351
951 1551
951 1760
951 1866
951 1928
952 1040
952 1072
952 1234
952 1317
952 1506
952 1611
953 1205
954 1156
955 1096
955 1285
955 1455
955 1605
956 962
957 1481
959 1147
960 1384
961 1338
961 1662
962 1452
962 1622
964 996
964 997
965 1315
966 1659
966 1769
967 1101
967 1142
967 1510
967 1575
967 1826
967 1907
969 1625
970 1443
971 1965
972 1234
973 1490
974 1022
974 1058
974 1297
974 1307
974 1451
974 1782
975 1197
975 1527
975 1692
976 1543
976 1669
976 1747
979 1109
979 1936
980 1178
980 1704
981 1283
982 984
982 986
983 1071
983 1120
983 1309
984 1448
984 1480
984 1644
984 1690
984 1838
986 1075
986 1163
986 1164
986 1165
986 1166
986 1167
986 1168
986 1169
987 1495
987 1513
988 989
988 990
988 991
989 1350
989 1412
989 1473
989 1486
989 1637
989 1726
990 1032
990 1132
990 1331
990 1667
990 1806
991 1003
991 1008
991 1274
991 1559
991 1708
991 1905
991 1922
992 1873
993 1273
993 1777
994 1018
994 1046
994 1821
995 1742
996 1407
996 1575
996 1587
996 1763
996 1818
996 1996
997 1026
997 1411
997 1508
997 1690
997 1772
997 1822
998 1205
1000 1003
1000 1006
1001 1113
1003 1092
1003 1411
1003 1412
1004 1885
1005 1449
1005 1822
1005 1925
1006 1107
1006 1108
1006 1262
1006 1446
1006 1580
1006 1935
1007 1495
1007 1528
1007 1970
1009 1503
1010 1534
1011 1711
1012 1060
1012 1205
1012 1449
1012 1451
1014 1279
1014 1350
1014 1464
1014 1465
1014 1466
1014 1467
1014 1468
1015 1747
1015 1974
1016 1017
1016 1018
1016 1019
1016 1020
1016 1021
1017 1626
1017 1968
1018 1559
1018 1611
1018 1758
1019 1825
1020 1481
1021 1822
1024 1025
1025 1168
1025 1737
1025 1895
1031 1338
1032 1915
1033 1056
1035 1528
1038 1081
1038 1347
1038 1451
1038 1670
1040 1272
1040 1754
1040 1785
1040 1877
1041 1595
1042 1479
1042 1499
1043 1044
1044 1070
1044 1280
1044 1519
1044 1736
1046 1047
1046 1048
1046 1049
1048 1768
1048 1965
1050 1197
1051 1359
1051 1418
1051 1601
1051 1618
1051 1910
1053 1591
1053 1707
1054 1599
1055 1463
1055 1898
1056 1060
1057 1338
1057 1534
1058 1439
1059 1338
1060 1088
1060 1276
1064 1687
1064 1778
1064 1955
1064 1969
1065 1079
1067 1337
1067 1349
1067 1440
1067 1736
1067 1916
1068 1489
1069 1707
1070 1071
1070 1072
1070 1074
1071 1293
1071 1301
1071 1579
1072 1265
1072 1359
1072 1408
1072 1619
1072 1641
1073 1599
1073 1711
1074 1170
1076 1910
1078 1528
1079 1080
1079 1081
1079 1082
1079 1083
1079 1084
1080 1910
1082 1626
1084 1539
1085 1145
1085 1482
1087 1183
1087 1722
1088 1423
1091 1133
1091 1489
1092 1635
1092 1636
1093 1780
1094 1316
1094 1449
1094 1780
1095 1097
1096 1300
1096 1650
1097 1399
1097 1435
1097 1624
1097 1714
1098 1601
1099 1410
1101 1147
1102 1439
1103 1493
1103 1742
1104 1157
1104 1317
1104 1500
1104 1661
1104 1702
1104 1909
1104 1950
1105 1271
1106 1662
1108 1966
1109 1119
1109 1262
1109 1336
1109 1406
1109 1923
1110 1482
1110 1781
1110 1968
1111 1113
1113 1168
1113 1248
1113 1734
1113 1863
1113 1944
1114 1423
1114 1449
1115 1825
1115 1955
1116 1534
1117 1194
1117 1527
1117 1698
1117 1751
1118 1120
1118 1121
1119 1388
1120 1526
1121 1497
1121 1498
1122 1309
1122 1583
1123 1869
1125 1534
1125 1802
1126 1205
1127 1682
1129 1357
1129 1891
1132 1150
1132 1274
1132 1302
1132 1767
1132 1781
1132 1841
1132 1885
1133 1291
1133 1692
1134 1135
1134 1136
1134 1137
1134 1138
1134 1139
1134 1140
1134 1141
1134 1142
1134 1143
1137 1341
1140 1662
1140 1681
1141 1234
1141 1961
1143 1662
1145 1437
1145 1789
1145 1935
1146 1326
1147 1483
1148 1460
1148 1461
1148 1463
1150 1326
1154 1156
1155 1885
1156 1184
1156 1718
1156 1741
1156 1989
1158 1622
1158 1664
1158 1974
1159 1463
1161 1591
1161 1870
1162 1549
1162 1555
1163 1506
1163 1805
1163 1974
1164 1692
1164 1823
1165 1283
1165 1380
1165 1748
1166 1388
1167 1565
1167 1738
1167 1901
1167 1998
1168 1273
1168 1300
1168 1648
1168 1722
1168 1870
1168 1955
1168 1988
1169 1871
1169 1914
1170 1388
1170 1440
1170 1508
1170 1668
1170 1669
1171 1439
1172 1569
1172 1705
1172 1876
1172 1957
1173 1198
1173 1408
1173 1899
1174 1633
1177 1307
1177 1456
1177 1778
1178 1241
1178 1544
1178 1770
1178 1771
1179 1180
1179 1181
1179 1182
1179 1183
1180 1513
1180 1515
1180 1516
1181 1988
1183 1257
1183 1265
1183 1302
1183 1581
1183 1629
1183 1703
1187 1300
1187 1438
1189 1528
1191 1317
1191 1383
1192 1493
1192 1636
1194 1195
1194 1196
1194 1197
1194 1198
1194 1199
1195 1994
1196 1567
1197 1771
1197 1915
1199 1390
1199 1778
1201 1622
1201 1695
1201 1722
1202 1338
1204 1637
1205 1368
1205 1485
1205 1486
1206 1664
1206 1972
1207 1323
1207 1486
1207 1493
1212 1751
1214 1266
1214 1321
1214 1404
1214 1446
1214 1447
1214 1448
1215 1880
1216 1768
1218 1490
1219 1659
1220 1597
1220 1777
1222 1302
1222 1635
1222 1841
1224 1278
1224 1635
1224 1669
1224 1894
1225 1630
1225 1965
1227 1234
1227 1449
1227 1898
1232 1697
1234 1558
1234 1892
1235 1338
1236 1237
1239 1528
1239 1591
1240 1243
1241 1310
1241 1495
1243 1586
1243 1608
1243 1635
1243 1733
1244 1988
1246 1433
1250 1255
1252 1707
1253 1567
1255 1353
1255 1427
1255 1520
1255 1530
1255 1833
1256 1258
1256 1259
1258 1346
1258 1398
1258 1422
1258 1448
1258 1501
1258 1753
1259 1363
1259 1649
1259 1789
1260 1261
1261 1835
1261 1842
1261 1844
1261 1861
1261 1876
1261 1877
1262 1564
1265 1578
1265 1625
1269 1341
1272 1384
1272 1781
1273 1320
1273 1451
1273 1473
1273 1529
1273 1810
1274 1309
1274 1362
1274 1438
1274 1439
1274 1624
1274 1636
1274 1682
1274 1819
1274 1905
1274 1961
1275 1283
1275 1325
1275 1567
1275 1821
1276 1278
1277 1620
1277 1920
1278 1622
1278 1684
1278 1759
1278 1960
1279 1463
1280 1880
1281 1354
1281 1414
1281 1705
1282 1414
1282 1875
1283 1605
1283 1692
1283 1739
1283 1740
1284 1995
1286 1527
1287 1288
1288 1549
1289 1290
1289 1291
1289 1292
1291 1925
1294 1599
1294 1682
1295 1591
1296 1300
1297 1506
1298 1309
1298 1338
1299 1310
1299 1622
1300 1351
1300 1473
1300 1759
1300 1771
1300 1776
1300 1802
1300 1893
1302 1466
1302 1523
1302 1530
1302 1622
1302 1789
1302 1952
1303 1651
1304 1423
1305 1555
1308 1309
1308 1310
1308 1313
1308 1315
1309 1339
1309 1463
1309 1480
1309 1518
1309 1862
1310 1465
1310 1543
1310 1570
1310 1861
1310 1933
1310 1995
1312 1410
1312 1626
1312 1704
1313 1407
1313 1700
1313 1997
1315 1322
1315 1347
1315 1455
1315 1654
1315 1832
1315 1929
1316 1726
1316 1884
1317 1521
1317 1606
1317 1690
1317 1805
1317 1806
1319 1885
1320 1620
1321 1767
1322 1431
1322 1595
1323 1961
1324 1968
1325 1326
1325 1356
1325 1613
1325 1729
1325 1812
1325 1832
1326 1535
1326 1675
1326 1714
1326 1797
1327 1965
1327 1966
1328 1682
1328 1683
1332 1583
1337 1539
1338 1339
1338 1340
1338 1341
1340 1669
1341 1379
1341 1813
1343 1360
1344 1385
1344 1528
1345 1577
1345 1777
1346 1755
1346 1920
1348 1751
1350 1755
1353 1489
1353 1534
1353 1704
1353 1974
1353 1988
1355 1818
1358 1516
1360 1361
1360 1362
1360 1363
1360 1364
1360 1365
1360 1366
1362 1692
1362 1970
1363 1807
1364 1807
1365 1662
1365 1682
1365 1823
1367 1970
1368 1735
1371 1443
1373 1429
1373 1438
1373 1802
1373 1875
1374 1414
1374 1622
1374 1841
1375 1747
1375 1980
1380 1676
1382 1640
1383 1722
1384 1385
1385 1504
1385 1776
1385 1900
1386 1499
1386 1799
1387 1777
1388 1783
1388 1986
1390 1391
1390 1392
1390 1393
1390 1394
1392 1620
1393 1460
1395 1439
1397 1522
1397 1523
1397 1525
1397 1527
1398 1543
1398 1681
1406 1433
1409 1410
1410 1635
1411 1522
1412 1493
1413 1516
1413 1628
1413 1837
1413 1850
1414 1485
1414 1562
1414 1563
1415 1482
1416 1457
1417 1564
1418 1516
1421 1460
1423 1516
1423 1546
1423 1819
1423 1820
1425 1965
1427 1481
1429 1482
1429 1526
1430 1431
1431 1457
1431 1624
1431 1644
1431 1692
1432 1433
1433 1538
1433 1614
1433 1728
1434 1692
1434 1925
1435 1513
1435 1756
1438 1950
1439 1440
1441 1968
1442 1461
1442 1686
1444 1664
1444 1681
1449 1504
1449 1525
1449 1552
1449 1721
1450 1651
1450 1966
1451 1483
1451 1547
1451 1760
1451 1892
1454 1572
1454 1609
1454 1718
1456 1755
1457 1518
1457 1868
1459 1525
1459 1636
1459 1880
1460 1516
1460 1569
1461 1579
1461 1615
1461 1871
1461 1993
1463 1618
1463 1623
1464 1650
1465 1595
1466 1651
1468 1493
1468 1494
1468 1495
1468 1496
1470 1635
1470 1732
1470 1827
1470 1963
1471 1477
1474 1633
1474 1957
1476 1506
1477 1557
1477 1604
1478 1539
1479 1802
1481 1586
1481 1607
1481 1716
1481 1879
1481 1934
1481 1983
1482 1493
1482 1573
1482 1974
1483 1626
1483 1707
1483 1767
1485 1831
1487 1769
1489 1522
1490 1660
1490 1691
1490 1767
1490 1895
1493 1564
1493 1821
1494 1742
1494 1823
1495 1615
1498 1505
1499 1633
1499 1634
1500 1769
1501 1620
1501 1936
1501 1955
1503 1511
1503 1750
1505 1655
1506 1942
1509 1527
1509 1756
1512 1591
1513 1642
1513 1759
1513 1760
1514 1756
1514 1955
1515 1545
1515 1546
1515 1547
1516 1559
1516 1599
1516 1659
1516 1829
1516 1873
1518 1955
1521 1777
1521 1778
1522 1865
1522 1907
1522 1936
1525 1570
1525 1578
1525 1595
1525 1876
1526 1974
1527 1819
1527 1859
1528 1976
1530 1566
1530 1625
1530 1742
1530 1959
1531 1829
1532 1651
1532 1652
1533 1821
1534 1579
1534 1589
1534 1933
1535 1821
1537 1742
1537 1965
1538 1539
1539 1860
1540 1957
1541 1637
1541 1669
1543 1678
1543 1729
1543 1867
1548 1549
1549 1635
1552 1567
1552 1630
1555 1572
1555 1668
1555 1767
1555 1782
1555 1895
1556 1557
1559 1869
1560 1747
1562 1695
1564 1584
1564 1633
1564 1776
1564 1780
1566 1829
1567 1568
1573 1851
1574 1577
1577 1647
1578 1579
1578 1580
1578 1581
1579 1925
1581 1768
1581 1961
1582 1936
1583 1643
1583 1692
1583 1789
1583 1835
1585 1687
1585 1755
1590 1894
1591 1592
1591 1593
1592 1634
1594 1595
1594 1597
1595 1799
1596 1880
1597 1600
1597 1616
1598 1894
1599 1604
1599 1867
1599 1868
1601 1655
1601 1670
1602 1619
1610 1873
1613 1622
1615 1796
1616 1951
1618 1781
1620 1644
1620 1813
1621 1630
1622 1776
1625 1788
1625 1927
1626 1971
1627 1635
1629 1650
1630 1800
1630 1804
1630 1815
1631 1851
1634 1638
1634 1657
1634 1814
1636 1819
1636 1878
1637 1680
1639 1687
1643 1780
1647 1961
1650 1723
1652 1694
1652 1765
1654 1683
1654 1777
1654 1969
1658 1686
1658 1853
1660 1669
1669 1892
1673 1742
1676 1751
1678 1972
1680 1841
1681 1826
1681 1904
1681 1966
1683 1743
1683 1872
1684 1686
1686 1696
1692 1698
1692 1718
1692 1767
1695 1696
1697 1815
1697 1883
1698 1699
1698 1700
1698 1701
1699 1745
1701 1722
1701 1745
1702 1825
1704 1861
1704 1882
1705 1962
1706 1707
1709 1829
1710 1841
1715 1807
1717 1720
1720 1800
1722 1752
1722 1753
1722 1754
1723 1777
1732 1777
1732 1852
1733 1735
1734 1745
1735 1992
1736 1767
1736 1919
1741 1742
1742 1811
1746 1875
1747 1934
1748 1847
1751 1895
1753 1968
1754 1769
1755 1991
1756 1810
1756 1865
1756 1904
1756 1930
1757 1965
1758 1767
1758 1970
1765 1853
1766 1796
1766 1873
1767 1772
1767 1794
1767 1795
1767 1916
1770 1915
1771 1823
1777 1943
1778 1832
1779 1870
1780 1949
1785 1786
1789 1794
1789 1818
1789 1852
1789 1910
1793 1794
1795 1796
1797 1825
1797 1885
1797 1995
1802 1883
1802 1906
1803 1966
1805 1854
1805 1967
1812 1875
1813 1951
1818 1820
1818 1854
1821 1903
1822 1922
1825 1865
1829 1842
1829 1959
1830 1831
1832 1851
1847 1852
1852 1975
1853 1854
1861 1898
1862 1863
1862 1864
1866 1894
1869 1987
1871 1873
1872 1873
1876 1980
1894 1916
1894 1960
1897 1961
1900 1951
1900 1958
1913 1957
1917 1988
1919 1957
1925 1954
1935 1936
1936 1944
1936 1986
1958 1996
1966 1967
1971 1972
1987 1994
