0 5
0 7
0 10
0 13
1 759
1 1256
2 1542
2 1570
2 1981
3 892
4 571
4 906
4 1000
4 1624
5 27
5 110
5 336
5 517
5 1026
5 1097
5 1246
5 1799
5 1842
6 439
7 110
7 517
7 608
7 669
7 780
7 900
7 1007
7 1631
7 1918
8 391
8 936
9 906
9 1804
9 1995
10 48
10 226
10 304
10 334
10 939
10 1007
10 1008
10 1009
10 1010
10 1011
10 1012
10 1013
10 1014
10 1015
11 100
11 309
11 352
11 395
11 1885
13 51
13 167
13 1153
13 1422
13 1529
13 1611
13 1726
13 1842
13 1926
14 23
14 25
14 26
15 1955
16 96
16 304
16 1064
18 169
18 204
18 450
18 1350
18 1476
19 320
19 453
19 1428
20 636
20 1042
20 1256
20 1259
20 1942
21 98
21 692
21 869
21 1204
22 269
22 849
23 192
23 366
23 419
23 614
23 1047
23 1266
23 1393
23 1628
23 1679
23 1704
23 1712
23 1793
23 1961
24 433
24 1131
24 1154
24 1748
25 564
25 693
25 748
25 809
25 901
25 967
25 1093
25 1154
25 1482
26 149
26 215
26 398
26 601
26 833
26 931
26 1002
27 34
27 35
28 453
28 1154
28 1830
29 942
29 1130
29 1256
29 1570
30 1476
31 96
31 509
31 874
31 1266
32 98
32 159
32 387
32 1154
32 1640
34 110
34 222
34 404
34 1096
34 1100
34 1181
34 1396
34 1586
34 1629
34 1750
34 1798
34 1892
35 113
35 159
35 317
35 497
35 556
35 754
35 804
35 1020
35 1464
35 1604
35 1947
36 37
36 41
37 206
37 368
37 416
37 572
37 665
37 703
37 917
37 1171
37 1570
37 1582
38 601
38 1258
38 1962
39 1823
40 465
41 610
41 670
41 989
41 1216
41 1361
41 1502
41 1533
41 1576
41 1784
42 270
44 47
44 52
44 53
44 54
44 58
45 1340
45 1478
45 1551
46 494
47 226
47 338
47 442
47 472
47 688
47 689
47 690
47 691
47 692
48 491
48 1493
48 1863
49 508
49 1471
49 1652
49 1728
50 433
50 560
50 1259
51 874
51 1064
51 1121
51 1567
52 661
52 668
52 814
52 906
52 928
52 1498
52 1979
53 97
53 98
53 336
53 655
53 665
53 871
53 878
53 938
53 1161
54 58
54 163
54 228
54 241
54 391
54 520
54 722
54 748
54 913
54 1626
54 1627
54 1628
55 677
56 150
56 216
56 591
56 874
57 1130
57 1134
58 174
58 242
58 397
58 409
58 896
58 1030
58 1538
58 1566
58 1598
59 1257
60 61
60 62
60 63
60 64
60 65
60 66
61 1476
62 80
62 104
62 399
62 532
62 604
62 666
62 832
62 991
62 997
62 1144
62 1145
62 1146
62 1147
62 1148
62 1149
62 1150
64 671
64 1802
65 171
65 810
65 1995
66 591
66 906
66 1943
67 69
68 506
68 1981
69 121
69 171
69 350
69 364
69 365
69 366
69 367
69 368
69 369
70 1687
71 971
71 1103
71 1340
71 1942
72 566
72 1016
72 1714
73 133
73 453
74 311
74 1054
75 138
75 1448
75 1456
75 1728
76 386
76 500
76 1074
79 136
79 1156
79 1352
79 1669
80 706
80 922
80 1074
80 1855
81 227
81 1074
82 1476
84 1522
84 1573
85 759
86 87
86 88
86 89
86 90
86 91
86 92
88 326
88 465
88 541
88 609
88 693
88 702
88 723
88 928
88 961
88 1210
88 1265
88 1847
89 273
89 407
89 1221
90 566
90 706
90 1432
92 352
92 1144
93 96
93 98
93 100
94 512
94 1642
94 1706
95 148
95 513
95 1141
95 1428
96 205
96 385
96 431
96 564
96 774
96 991
96 1055
96 1496
96 1650
97 213
97 414
97 597
97 936
97 1245
97 1256
97 1310
98 118
98 183
98 272
98 294
98 574
98 1067
98 1090
98 1990
99 137
99 1451
99 1648
100 197
100 394
100 794
100 1056
100 1294
100 1417
100 1421
100 1633
101 102
101 103
101 104
101 105
102 159
102 235
102 256
102 567
102 1074
102 1174
103 155
104 194
104 560
104 1062
104 1221
105 930
106 107
106 108
106 109
106 110
106 111
106 112
106 113
106 114
106 115
106 116
107 407
107 666
107 1648
107 1864
109 407
109 1060
109 1103
110 250
110 591
110 759
110 783
110 850
110 1039
110 1141
110 1264
110 1353
110 1549
110 1680
110 1792
110 1815
111 619
111 621
112 621
113 991
113 1641
113 1863
114 1075
114 1871
115 414
115 1296
115 1640
116 1524
117 118
117 119
117 120
117 121
118 702
118 1713
118 1714
119 707
119 1038
119 1326
120 200
120 203
120 333
120 378
120 560
120 595
120 802
120 819
120 1053
120 1058
120 1319
120 1426
120 1570
120 1684
120 1987
121 507
121 1764
122 123
122 124
122 125
122 126
122 127
122 128
122 129
122 130
122 131
122 132
122 133
122 134
123 1407
123 1573
124 133
124 759
124 1380
125 513
125 1121
125 1258
126 781
126 783
127 250
127 511
127 1204
128 222
128 501
128 1768
129 662
129 1173
129 1342
130 280
130 702
130 704
130 706
130 707
130 708
131 577
131 1608
132 273
132 1830
132 1969
132 1983
133 193
133 304
133 393
133 446
133 460
133 485
133 646
133 652
133 659
133 823
133 918
133 1524
133 1809
133 1966
134 981
134 1843
135 136
135 137
135 138
135 146
136 267
136 1087
136 1629
136 1788
137 206
137 674
137 710
137 895
138 451
138 696
138 863
138 1079
138 1405
138 1681
139 707
139 1871
140 1943
141 1009
141 1447
141 1802
142 1296
142 1302
142 1303
143 1632
144 1875
145 288
145 520
145 639
145 981
145 1353
145 1748
146 401
146 420
146 904
146 1236
146 1617
146 1682
146 1776
146 1781
147 148
147 150
148 166
148 350
148 364
148 757
148 844
148 923
148 958
148 1371
148 1907
148 1919
148 1935
150 410
150 440
150 483
150 853
150 932
150 1180
150 1427
150 1460
150 1841
151 227
151 1549
154 1033
155 156
155 157
155 158
155 159
155 160
155 161
155 162
155 163
155 164
155 165
155 166
155 167
155 168
156 520
156 991
157 282
157 322
157 502
157 1847
157 1922
157 1945
158 352
159 449
159 703
159 807
159 844
159 845
159 846
159 847
159 848
159 849
159 850
159 851
160 163
160 276
160 293
160 967
160 1521
160 1824
161 412
161 447
161 515
161 933
161 1625
162 389
163 936
164 717
164 1964
165 1428
166 280
166 457
166 657
166 1404
167 636
167 1282
167 1597
167 1869
168 420
168 534
168 828
169 170
169 171
169 172
169 173
169 174
169 175
169 176
169 177
170 1305
170 1404
170 1871
170 1953
171 257
171 393
171 655
171 1008
171 1075
171 1213
171 1256
171 1283
171 1517
171 1547
171 1742
171 1953
172 636
172 999
173 566
173 1156
173 1802
174 666
174 936
174 1154
174 1250
175 1000
175 1042
175 1156
176 1937
177 671
177 844
177 1793
178 185
178 186
180 315
180 1084
180 1134
180 1353
180 1748
181 966
181 1821
182 358
182 1410
182 1495
182 1549
183 1628
184 205
184 308
184 1212
184 1213
185 241
185 707
185 1021
185 1091
185 1263
185 1329
185 1504
185 1505
186 428
186 501
186 777
186 1081
186 1181
186 1341
187 194
188 217
188 884
189 955
189 1338
190 509
190 1955
192 511
193 1573
194 548
194 643
194 755
194 1001
194 1813
194 1917
196 849
196 1153
196 1250
197 203
197 204
197 205
198 217
198 1620
200 296
200 1495
200 1542
201 266
201 773
201 1016
201 1628
203 221
203 222
203 223
203 224
203 225
203 226
203 227
203 228
203 229
203 230
204 639
204 793
204 798
204 835
204 916
204 1222
204 1301
204 1675
204 1980
205 745
205 899
205 986
205 1069
205 1207
205 1220
205 1795
205 1914
207 248
207 1149
207 1302
207 1393
208 213
208 216
208 217
209 682
209 686
210 269
210 708
210 1632
211 395
211 692
211 1095
211 1407
212 560
212 619
212 1826
213 304
213 530
213 638
213 1026
213 1065
215 1490
215 1655
216 307
216 587
216 712
216 1120
216 1301
216 1359
216 1363
216 1642
216 1911
217 324
217 349
217 785
217 796
217 1150
217 1300
217 1304
217 1834
219 708
220 1256
220 1640
221 988
221 1774
223 591
224 1706
225 1296
225 1303
225 1512
226 461
226 632
227 852
227 1253
227 1700
228 320
228 547
228 1821
229 1457
230 772
230 1476
232 457
232 1479
233 884
233 1780
235 1153
237 238
238 624
238 753
238 982
238 1101
238 1507
238 1664
240 1259
241 270
242 1009
243 671
243 1044
243 1101
243 1340
244 269
244 884
244 1517
245 250
245 491
245 762
245 1969
246 248
246 249
246 250
247 263
248 482
248 963
248 986
248 1102
248 1247
248 1373
248 1566
248 1567
248 1797
248 1937
248 1963
249 303
249 508
249 607
249 627
249 629
249 900
249 958
249 1220
249 1552
249 1560
249 1642
250 482
250 567
250 602
250 614
250 754
250 853
250 952
250 972
250 1807
251 812
251 1778
252 494
252 857
252 1447
252 1853
254 1924
255 981
255 1340
255 1647
256 717
256 1414
257 601
257 1075
257 1352
257 1937
259 773
259 1570
259 1706
260 632
261 1066
261 1187
261 1809
262 1456
262 1953
263 639
263 642
263 822
263 1181
263 1211
263 1306
263 1367
263 1427
263 1839
264 508
264 645
264 1101
264 1404
264 1720
265 266
265 269
265 270
265 272
265 273
266 757
266 854
266 912
266 1419
266 1447
266 1513
266 1672
266 1715
266 1771
267 707
267 1432
267 1864
268 773
268 906
268 1993
269 755
269 900
269 978
269 1395
269 1542
269 1738
269 1906
270 447
270 492
270 1187
270 1901
271 545
271 1687
272 420
272 751
272 823
272 860
272 1030
272 1087
272 1420
272 1621
272 1756
272 1864
272 1893
273 432
273 764
273 956
273 1029
273 1136
274 279
274 280
275 1032
276 1410
276 1681
277 311
277 707
278 520
278 1445
279 355
279 372
279 576
279 845
279 1035
279 1087
279 1367
279 1911
280 392
280 777
280 945
280 1273
281 988
281 1793
283 1996
284 1451
284 1717
285 874
285 892
285 1221
286 1447
286 1706
286 1740
286 1843
287 288
287 290
287 296
288 301
288 346
288 458
288 572
288 645
288 945
288 1101
288 1367
288 1486
288 1698
288 1750
289 1457
290 327
290 346
290 551
290 968
290 1282
290 1665
290 1676
290 1689
292 1467
292 1720
293 772
293 1352
293 1353
294 1490
294 1551
294 1640
294 1805
296 508
296 1030
296 1384
296 1415
296 1455
296 1485
296 1868
297 298
297 299
297 300
297 301
297 302
297 303
297 304
297 305
297 306
298 560
298 1353
299 511
300 511
300 1054
300 1085
301 1432
303 331
303 513
303 1410
304 670
304 808
304 828
304 903
304 1313
304 1397
304 1457
304 1470
304 1522
304 1541
304 1713
304 1974
305 987
305 1714
305 1994
307 308
307 309
307 311
307 315
308 332
308 366
308 953
308 1142
308 1282
308 1972
309 355
309 401
309 494
309 689
309 692
309 708
309 814
309 895
309 1007
309 1154
309 1286
309 1445
309 1566
309 1686
310 1380
311 358
311 585
311 589
311 695
311 735
311 931
311 1799
311 1916
311 1996
312 1154
312 1522
312 1624
312 1993
313 848
313 874
313 1805
315 679
315 757
315 926
315 1256
315 1501
315 1645
315 1880
315 1966
316 997
316 1641
317 320
317 326
318 1101
318 1583
318 1852
320 401
320 692
320 965
320 1106
320 1114
320 1242
320 1367
320 1928
321 491
321 1304
321 1597
322 759
322 764
322 1661
323 781
323 1259
323 1424
323 1628
324 491
324 494
325 1728
326 423
326 469
326 652
326 785
326 1168
326 1382
326 1479
326 1654
326 1692
326 1734
326 1735
326 1759
327 1250
327 1446
328 1437
329 453
329 905
329 1712
330 1289
331 332
331 333
331 334
331 335
331 336
331 337
331 338
331 339
332 1877
333 339
333 379
333 525
333 670
333 760
333 934
333 1381
333 1490
333 1764
333 1785
334 507
334 644
334 1414
334 1642
334 1717
335 644
335 645
336 1838
337 1517
338 592
338 857
339 818
339 1221
341 972
342 553
342 770
342 1712
343 439
343 1155
343 1962
344 734
344 1410
344 1457
344 1793
345 474
345 1221
347 869
348 439
348 1042
348 1978
352 381
352 412
352 451
352 1154
352 1241
352 1472
352 1507
352 1767
353 386
353 1066
354 461
354 591
355 358
355 360
356 1764
357 386
357 1163
357 1282
357 1728
357 1853
358 530
358 536
358 547
358 559
358 610
358 630
358 940
358 952
358 1062
358 1063
358 1064
358 1065
359 637
359 1340
359 1932
360 492
360 504
360 672
360 899
360 1047
360 1175
360 1191
360 1227
360 1417
360 1556
361 828
362 593
362 1340
363 539
363 1655
364 1156
365 807
365 936
365 999
365 1542
366 571
366 998
366 1470
367 1435
368 1302
368 1740
368 1804
368 1805
369 491
369 1154
370 374
370 378
371 818
371 1628
372 387
372 508
372 639
372 1289
374 514
374 858
374 1139
374 1143
374 1154
374 1546
374 1692
375 1209
375 1655
376 1258
376 1342
377 491
377 1414
377 1417
378 456
378 575
378 616
378 878
378 1041
378 1145
378 1302
378 1624
378 1632
378 1758
378 1853
378 1980
380 386
380 387
380 389
380 391
381 547
381 560
381 1763
382 484
382 1130
382 1852
383 1838
383 1924
384 773
385 391
385 1717
386 790
386 890
386 1067
386 1140
386 1465
386 1654
386 1661
387 693
387 850
387 1079
387 1247
387 1488
387 1749
388 1259
388 1289
388 1620
388 1681
389 549
389 551
389 770
389 953
389 1008
389 1293
389 1301
389 1686
389 1759
389 1868
389 1931
389 1988
390 457
390 1852
391 541
391 554
391 1105
391 1468
391 1862
391 1936
392 395
392 405
392 407
393 644
394 1410
395 508
395 536
395 689
395 716
395 751
395 871
395 1084
395 1529
395 1675
396 1044
396 1257
396 1414
397 1678
399 1012
399 1583
399 1698
399 1942
401 449
401 1016
401 1542
401 1764
403 1432
404 734
405 890
405 931
405 963
405 1714
405 1736
405 1906
405 1941
405 1963
406 512
407 619
407 771
407 870
407 1356
407 1562
407 1602
408 1085
408 1444
408 1451
409 410
409 414
409 420
410 505
410 506
410 507
410 508
410 509
410 510
410 511
410 512
410 513
410 514
410 515
410 516
411 457
413 812
413 1305
413 1456
414 987
415 511
415 1512
416 461
416 1303
417 1074
417 1448
417 1731
418 513
418 1648
419 1994
420 488
420 878
420 1099
420 1271
420 1304
420 1371
420 1380
420 1568
420 1820
420 1938
422 433
423 644
423 1432
424 1016
424 1444
426 1257
427 1473
427 1943
428 1350
428 1437
428 1476
429 885
429 955
430 1286
430 1479
431 692
431 1843
432 1163
432 1932
433 467
433 822
433 846
435 559
435 1439
436 439
436 443
437 1435
437 1549
437 1953
438 1179
439 695
439 821
439 1058
439 1092
439 1223
439 1531
439 1661
441 509
441 1445
441 1995
442 692
442 1852
443 913
443 1070
443 1077
443 1198
443 1417
443 1926
446 955
446 1417
446 1509
447 449
447 450
447 453
448 1674
449 487
449 532
449 775
449 1231
449 1232
449 1233
449 1234
450 524
450 833
450 980
450 1487
450 1723
450 1771
450 1778
451 857
451 1621
451 1885
452 1655
453 728
453 846
453 1128
453 1176
453 1284
454 1475
455 1012
456 1153
457 458
457 459
457 460
457 461
457 462
457 463
458 942
460 1187
460 1524
461 499
461 547
461 665
461 716
461 879
461 1180
461 1384
461 1458
461 1459
462 1410
462 1857
464 1266
464 1523
464 1687
465 982
465 1127
465 1692
465 1990
466 663
466 1254
466 1864
467 474
468 772
469 1302
469 1475
472 577
472 1636
474 665
474 1029
474 1223
474 1353
474 1406
475 1523
475 1728
476 1380
476 1451
476 1714
476 1774
476 1870
477 478
477 484
477 485
478 1228
478 1310
478 1320
478 1578
478 1803
478 1967
479 508
479 1008
481 500
481 770
481 1993
482 491
482 905
484 547
484 718
484 1104
484 1454
484 1638
484 1639
485 908
485 956
485 1127
485 1138
485 1176
485 1362
487 1661
488 547
488 677
488 1479
488 1542
488 1960
489 577
489 1471
489 1583
490 592
491 742
491 850
491 989
491 1126
491 1155
491 1374
491 1790
491 1994
492 1060
493 795
493 997
493 1257
494 608
494 1117
494 1243
494 1288
494 1375
494 1629
495 1009
496 500
497 1523
497 1722
498 1995
499 828
499 1843
500 1400
500 1493
500 1653
501 1457
502 619
502 991
503 930
503 1652
504 1173
504 1185
505 562
505 780
505 835
505 866
505 952
505 1031
505 1313
505 1413
505 1508
505 1922
505 1950
506 799
506 907
506 1125
506 1465
506 1660
506 1701
506 1919
507 1236
507 1379
507 1508
507 1521
507 1650
507 1878
508 850
508 885
508 1008
508 1304
508 1350
508 1432
508 1746
508 1763
508 1993
509 657
509 706
509 994
509 1007
509 1044
509 1049
509 1221
509 1608
509 1667
509 1777
510 846
511 614
511 1382
511 1472
511 1540
511 1541
512 909
512 977
512 1388
512 1737
512 1833
512 1866
513 602
513 705
513 1345
514 593
514 1802
515 825
515 1522
515 1778
516 1144
517 1156
518 566
518 1687
520 521
520 522
520 523
520 524
520 525
520 526
520 527
521 1266
523 1013
523 1066
523 1326
525 717
525 825
527 723
527 966
528 534
528 535
528 539
529 1121
530 671
530 762
530 828
531 637
531 1509
532 1087
532 1471
532 1712
533 922
533 1778
534 925
534 953
534 989
534 1001
534 1215
534 1240
534 1416
534 1640
535 881
535 1328
535 1537
535 1700
535 1714
536 1389
537 666
537 1023
537 1131
538 1008
538 1102
538 1648
539 658
539 846
539 1080
539 1159
539 1260
539 1312
539 1553
539 1747
540 545
540 547
541 848
542 1522
542 1774
543 734
543 1266
543 1763
544 1250
544 1782
544 1863
544 1912
545 621
545 654
545 707
545 810
545 962
545 1507
545 1525
545 1548
545 1636
545 1679
545 1808
545 1900
546 1303
547 585
547 644
547 1251
547 1340
547 1468
547 1742
548 566
548 621
548 1877
549 1326
549 1477
550 553
550 556
550 559
550 560
551 644
551 1157
551 1266
552 972
552 1509
552 1953
553 576
553 815
553 878
553 1102
553 1230
553 1370
553 1491
553 1492
554 1042
555 1447
555 1502
555 1656
556 586
556 821
556 851
556 975
556 1363
556 1541
556 1547
557 1920
558 1130
558 1560
559 654
559 1251
559 1686
559 1894
560 663
560 834
560 1368
560 1507
560 1518
560 1519
561 566
562 1875
564 1326
565 849
565 1173
565 1708
566 1031
566 1256
568 810
568 812
568 818
569 999
569 1185
569 1681
570 1054
571 572
571 573
571 574
571 575
571 576
571 577
571 578
571 579
572 666
572 1340
572 1523
573 1064
573 1813
574 1130
574 1493
575 1456
575 1457
576 906
576 1130
576 1131
577 629
577 659
577 682
577 846
577 922
577 1054
577 1148
577 1404
577 1425
577 1450
578 759
578 1495
578 1712
579 663
579 1204
580 1039
580 1404
580 1661
580 1821
581 906
581 1012
581 1179
581 1404
581 1782
584 1808
585 1130
585 1245
587 591
587 592
587 593
588 1424
589 1250
590 657
590 1131
590 1404
590 1669
591 1133
591 1430
591 1449
591 1458
591 1630
592 639
592 845
592 1334
592 1343
592 1388
592 1635
592 1765
592 1890
593 1103
594 1060
594 1376
595 1647
596 942
596 1717
597 598
597 599
597 600
597 601
597 602
597 603
597 604
597 605
597 606
600 1042
600 1258
600 1493
600 1698
601 925
601 1224
601 1367
601 1610
601 1635
601 1674
601 1758
601 1767
601 1778
601 1779
601 1780
601 1781
602 1144
603 828
603 1621
604 1256
604 1706
604 1792
606 1424
606 1828
607 608
607 609
607 610
608 1512
609 825
609 1121
609 1855
610 1326
613 1039
613 1204
613 1448
614 1414
614 1446
614 1823
615 857
615 1713
616 885
616 1924
618 1042
618 1807
619 700
619 753
619 923
619 1003
619 1065
619 1281
619 1282
619 1283
619 1284
621 1772
621 1873
621 1936
622 1875
623 1342
623 1517
623 1937
624 1874
627 662
627 1407
627 1509
628 632
628 636
629 846
629 1393
629 1804
630 1542
630 1869
631 1239
631 1517
631 1774
632 724
632 1004
632 1659
632 1714
632 1931
634 770
634 1085
635 1206
636 850
636 1010
636 1033
636 1250
636 1390
636 1627
636 1678
636 1816
636 1920
636 1930
637 638
637 639
637 640
637 641
637 642
638 999
638 1087
638 1423
638 1570
639 646
639 1154
639 1163
639 1173
639 1206
639 1241
639 1331
639 1371
639 1381
639 1496
639 1531
641 1130
641 1153
641 1808
642 1938
644 654
644 726
644 1036
644 1215
644 1216
645 693
645 726
645 741
645 752
645 1377
645 1738
645 1814
646 991
646 1075
646 1714
648 807
648 810
648 1102
648 1823
648 1962
650 1103
650 1960
651 707
651 1445
652 1444
652 1782
653 874
653 1642
654 848
654 1032
654 1033
655 657
655 662
655 663
656 1621
656 1624
657 823
657 1161
657 1480
657 1961
658 1305
659 848
659 849
659 905
659 1549
659 1722
660 844
660 1642
660 1955
662 889
662 946
662 1017
662 1484
662 1530
662 1714
662 1729
663 681
663 757
663 788
663 990
663 1099
663 1131
663 1147
663 1597
663 1703
665 666
665 671
666 793
666 1128
666 1395
666 1396
666 1397
666 1398
667 869
669 770
669 772
670 935
671 871
671 1417
671 1528
671 1529
671 1530
672 1712
673 674
673 677
674 778
674 963
674 1078
674 1179
674 1247
674 1290
674 1499
674 1631
674 1739
674 1942
675 1678
675 1698
676 707
676 1417
676 1832
677 891
677 1154
679 810
681 1254
681 1567
682 691
682 736
682 816
682 952
682 1040
682 1232
682 1341
682 1502
682 1721
682 1748
682 1965
683 844
683 981
683 1102
683 1289
684 981
684 1583
684 1636
684 1808
684 1969
685 1393
685 1417
686 691
686 730
686 1059
686 1093
686 1101
686 1292
686 1719
686 1743
686 1846
687 1075
687 1154
687 1204
687 1493
687 1792
688 708
688 1404
689 998
689 1698
690 1153
690 1256
691 1259
691 1807
691 1813
692 838
692 868
692 938
692 953
692 1185
692 1667
692 1714
692 1852
692 1918
692 1973
694 1542
694 1551
695 777
695 783
695 1608
696 1163
700 1407
700 1624
700 1807
701 1486
701 1853
702 786
702 816
702 1419
702 1814
703 1039
703 1350
704 854
704 938
704 1036
704 1282
704 1366
705 869
705 1149
705 1680
706 1097
706 1438
706 1711
706 1715
706 1822
707 850
707 884
707 1540
707 1759
707 1966
708 714
708 1379
708 1408
708 1580
710 1632
712 1626
712 1642
713 998
715 1444
715 1445
716 717
717 903
717 1348
717 1502
717 1715
717 1716
718 1380
718 1417
720 1573
720 1809
721 777
721 1938
722 1062
723 724
723 725
723 726
723 727
723 728
723 729
723 730
723 731
723 732
724 1432
724 1792
725 1597
725 1981
726 987
727 966
728 1268
728 1451
728 1932
728 1996
730 810
731 1000
731 1680
732 1185
732 1475
732 1830
732 1964
733 1952
734 969
734 1155
734 1790
734 1886
734 1887
736 1523
737 874
737 1924
740 1075
740 1714
742 812
742 1523
742 1648
743 987
743 1259
744 988
744 1293
744 1393
744 1570
747 1874
748 773
748 1875
749 1448
749 1830
751 1185
751 1674
751 1955
754 1763
754 1764
755 1179
756 759
757 832
758 1486
758 1821
759 1419
760 1039
760 1155
761 762
761 764
762 1000
762 1016
762 1075
762 1150
762 1313
762 1482
762 1503
762 1652
762 1761
762 1958
763 783
763 1206
763 1209
764 771
764 951
764 1195
764 1263
764 1387
764 1419
764 1453
764 1471
764 1772
764 1929
765 832
765 1782
765 1953
767 935
768 1173
769 1054
769 1932
770 933
770 975
770 1021
770 1095
770 1227
770 1468
770 1616
770 1681
770 1924
771 849
771 1855
771 1993
772 882
772 1064
772 1474
772 1865
772 1866
773 774
773 775
773 776
773 777
773 778
774 1064
775 1681
777 870
777 930
777 965
777 1065
777 1094
777 1256
777 1630
777 1903
778 1286
779 1264
780 1130
780 1141
780 1154
781 1004
781 1187
781 1307
781 1520
781 1682
782 1296
782 1439
782 1777
783 944
783 1114
783 1160
783 1530
783 1657
786 930
786 1212
788 1426
790 795
791 1490
792 1185
792 1302
792 1478
793 1066
793 1209
793 1661
794 1305
795 847
795 1340
795 1366
795 1501
795 1584
795 1834
796 1648
798 1389
799 1204
799 1352
799 1778
800 1446
802 807
803 936
803 1141
803 1158
803 1225
804 1874
807 962
807 982
807 1129
807 1183
807 1611
807 1625
807 1672
807 1941
808 1310
809 1121
809 1782
809 1875
810 975
810 1091
810 1175
810 1311
810 1895
811 844
811 1264
812 967
812 1008
812 1394
812 1700
812 1745
812 1781
812 1848
813 874
813 1185
814 1340
814 1473
814 1996
815 1060
815 1212
816 1522
817 988
817 1423
818 995
818 1045
818 1417
818 1566
818 1612
818 1717
818 1836
818 1907
818 1966
819 1310
819 1567
819 1864
820 1423
821 825
821 828
822 1813
823 997
823 1456
824 825
824 1870
825 826
825 919
825 1098
825 1144
825 1174
825 1224
825 1512
825 1571
825 1646
825 1769
825 1823
825 1928
826 1470
828 950
828 1653
828 1800
828 1894
829 1239
832 833
832 834
832 835
832 836
832 837
833 1013
833 1225
833 1995
834 884
834 1628
836 1437
838 839
838 840
838 841
838 842
838 843
839 1032
839 1502
840 1471
841 1179
841 1451
842 1393
844 955
844 1047
844 1118
844 1152
844 1514
844 1589
844 1816
846 986
846 995
846 1064
846 1467
846 1583
846 1798
846 1830
846 1843
846 1962
847 1102
848 1114
849 865
849 1073
849 1275
849 1287
849 1916
850 857
850 906
850 1085
850 1101
850 1289
850 1410
850 1447
850 1509
850 1542
850 1648
850 1655
850 1656
850 1869
850 1870
850 1871
851 1264
852 857
853 1062
853 1350
854 971
854 972
855 1380
855 1912
856 1652
857 1488
857 1615
857 1746
857 1911
858 991
858 1905
860 1155
860 1303
860 1567
861 869
862 1495
863 1426
864 1512
864 1731
865 1254
865 1570
866 1877
867 892
867 1437
868 1870
869 1064
869 1325
869 1935
871 1942
872 1864
874 1304
874 1362
877 1869
878 1121
878 1570
879 988
879 1778
880 884
880 885
882 1376
882 1740
882 1995
884 992
884 1118
884 1139
884 1564
884 1644
884 1950
885 895
885 1010
885 1028
885 1096
887 1000
887 1652
887 1838
888 1121
889 1486
890 1404
890 1900
891 1731
891 1740
892 1258
892 1334
892 1413
892 1959
899 1012
899 1517
899 1748
900 1179
900 1352
900 1477
903 1282
903 1680
904 1095
905 906
905 907
905 908
905 909
905 910
905 911
905 912
905 913
906 1121
906 1267
906 1503
906 1740
908 1012
908 1479
910 1826
911 1033
911 1470
912 1173
913 955
914 922
915 1282
915 1813
916 1103
917 1239
917 1652
918 1479
919 1054
919 1393
919 1869
920 1038
920 1039
920 1042
922 1279
922 1449
922 1464
922 1556
922 1682
922 1725
923 930
925 1144
925 1153
928 1777
929 1221
929 1225
930 1114
930 1193
930 1272
932 1473
933 1103
933 1778
934 935
934 936
935 949
935 987
935 1098
935 1110
935 1160
935 1831
935 1904
935 1957
936 1086
936 1661
937 1728
938 1597
938 1960
939 1141
939 1722
940 1875
941 1774
942 1117
942 1155
942 1168
942 1511
942 1578
942 1635
942 1762
942 1893
944 1764
945 1428
945 1713
946 1085
946 1087
947 1185
949 955
951 1131
951 1551
953 1828
954 1156
955 1096
955 1285
955 1455
955 1605
957 1257
957 1981
958 1305
958 1857
961 1338
964 997
964 998
964 999
966 1050
966 1064
966 1535
966 1618
966 1659
966 1754
966 1769
966 1776
967 1101
967 1826
968 1661
969 1225
969 1714
970 1376
971 999
971 1020
971 1030
971 1087
971 1224
971 1574
971 1797
971 1833
971 1886
971 1939
971 1965
972 1089
972 1188
972 1234
973 1490
974 1451
974 1782
976 1456
976 1669
977 981
978 1763
979 1937
980 1932
981 1198
981 1283
981 1330
981 1435
982 987
983 1828
984 1448
984 1838
985 1144
986 1075
986 1163
987 1094
987 1140
987 1340
987 1495
987 1513
987 1855
988 989
988 990
988 991
988 992
989 1350
989 1473
989 1486
990 1032
991 1003
991 1008
991 1274
991 1559
991 1708
991 1905
991 1922
992 1303
993 1466
993 1777
994 1407
994 1821
995 1448
995 1792
996 1407
996 1763
996 1996
997 1026
997 1411
997 1508
997 1690
997 1772
997 1822
998 1204
998 1205
999 1151
999 1368
999 1396
1000 1001
1000 1002
1000 1003
1000 1004
1000 1005
1000 1006
1004 1885
1006 1446
1007 1495
1008 1126
1008 1161
1008 1282
1008 1403
1008 1456
1008 1551
1008 1706
1008 1749
1008 1782
1008 1828
1008 1960
1009 1241
1009 1337
1009 1503
1009 1729
1009 1775
1009 1919
1011 1471
1012 1060
1012 1205
1012 1449
1012 1450
1012 1451
1012 1452
1013 1418
1013 1436
1014 1350
1014 1466
1014 1467
1015 1446
1016 1017
1016 1018
1016 1019
1016 1020
1016 1021
1017 1624
1017 1626
1022 1023
1023 1216
1023 1275
1023 1417
1027 1352
1027 1708
1029 1437
1031 1338
1032 1155
1032 1231
1032 1327
1032 1845
1032 1915
1033 1056
1035 1647
1035 1680
1036 1250
1036 1712
1036 1877
1037 1209
1038 1081
1038 1347
1038 1451
1038 1670
1039 1053
1039 1455
1040 1877
1041 1163
1042 1479
1042 1499
1043 1044
1044 1070
1044 1280
1044 1519
1044 1736
1045 1444
1045 1717
1049 1350
1049 1376
1049 1932
1050 1621
1054 1220
1054 1598
1054 1599
1054 1600
1055 1204
1055 1942
1056 1060
1057 1338
1058 1439
1059 1163
1059 1338
1059 1456
1060 1088
1060 1276
1062 1334
1062 1906
1063 1815
1064 1268
1064 1308
1064 1368
1064 1687
1064 1778
1064 1942
1064 1955
1064 1969
1066 1256
1066 1422
1066 1434
1066 1526
1066 1666
1066 1667
1069 1435
1069 1621
1070 1074
1070 1075
1071 1293
1072 1641
1074 1170
1075 1106
1075 1196
1075 1731
1075 1834
1076 1158
1076 1293
1076 1628
1078 1473
1079 1084
1080 1621
1080 1843
1082 1296
1082 1626
1082 1813
1083 1855
1084 1539
1084 1584
1085 1145
1085 1228
1085 1482
1085 1658
1086 1815
1087 1183
1087 1312
1087 1552
1087 1661
1087 1722
1087 1836
1088 1423
1088 1424
1088 1426
1090 1815
1090 1953
1091 1502
1092 1636
1093 1130
1093 1502
1093 1780
1094 1780
1095 1096
1095 1097
1095 1098
1095 1099
1096 1524
1096 1863
1096 1864
1096 1983
1097 1435
1097 1624
1097 1714
1098 1467
1099 1410
1100 1101
1100 1102
1100 1103
1101 1147
1101 1271
1101 1368
1101 1541
1101 1878
1102 1186
1102 1303
1102 1304
1102 1307
1102 1415
1102 1417
1102 1439
1102 1548
1102 1627
1102 1978
1103 1277
1103 1282
1103 1493
1103 1586
1103 1742
1103 1838
1103 1935
1104 1157
1104 1661
1107 1221
1107 1250
1112 1978
1113 1863
1114 1423
1115 1942
1115 1955
1116 1213
1116 1608
1116 1808
1117 1698
1118 1121
1119 1570
1119 1978
1121 1497
1121 1498
1122 1583
1123 1774
1123 1869
1125 1802
1127 1938
1128 1268
1128 1830
1130 1155
1131 1345
1131 1615
1132 1302
1132 1885
1134 1135
1134 1136
1134 1137
1134 1138
1134 1139
1134 1140
1134 1141
1134 1142
1134 1143
1139 1424
1140 1681
1140 1877
1140 1932
1141 1234
1141 1237
1141 1239
1141 1615
1141 1746
1141 1961
1142 1661
1143 1642
1144 1146
1144 1233
1144 1434
1144 1761
1144 1927
1145 1437
1146 1326
1148 1286
1149 1174
1149 1219
1149 1939
1150 1326
1151 1153
1152 1486
1152 1942
1153 1304
1153 1305
1153 1306
1153 1307
1154 1155
1154 1156
1154 1157
1154 1158
1154 1159
1154 1160
1154 1161
1154 1162
1155 1225
1155 1296
1155 1349
1155 1471
1155 1639
1155 1874
1155 1885
1155 1941
1156 1184
1156 1718
1156 1741
1156 1989
1157 1208
1157 1220
1157 1458
1157 1691
1157 1935
1158 1263
1158 1403
1158 1622
1158 1664
1158 1703
1158 1974
1159 1857
1161 1870
1162 1549
1163 1201
1163 1506
1163 1799
1163 1805
1163 1974
1164 1674
1164 1740
1164 1823
1165 1213
1165 1380
1165 1748
1168 1648
1168 1722
1168 1870
1168 1955
1169 1871
1170 1669
1171 1389
1171 1439
1172 1876
1173 1198
1173 1408
1173 1899
1174 1407
1174 1826
1175 1432
1177 1456
1177 1778
1179 1180
1179 1181
1179 1182
1179 1183
1180 1517
1182 1268
1183 1257
1183 1302
1184 1185
1184 1187
1185 1265
1185 1336
1185 1609
1186 1426
1186 1456
1187 1298
1187 1300
1187 1301
1187 1304
1187 1435
1187 1436
1187 1437
1187 1438
1188 1268
1188 1467
1192 1493
1192 1636
1192 1792
1192 1832
1193 1245
1195 1994
1196 1435
1196 1567
1196 1708
1198 1444
1199 1706
1199 1778
1201 1722
1202 1338
1204 1260
1204 1637
1204 1640
1204 1715
1205 1486
1206 1664
1206 1972
1207 1486
1207 1493
1208 1466
1209 1352
1209 1363
1209 1846
1209 1913
1209 1919
1210 1763
1211 1708
1212 1417
1212 1464
1212 1568
1212 1751
1213 1497
1213 1586
1213 1935
1214 1266
1214 1404
1214 1446
1214 1447
1214 1448
1217 1792
1218 1490
1220 1597
1220 1777
1221 1576
1222 1302
1222 1838
1223 1225
1224 1669
1224 1938
1225 1630
1225 1906
1225 1913
1225 1926
1225 1965
1229 1303
1229 1342
1230 1763
1230 1863
1232 1286
1233 1717
1235 1338
1235 1964
1238 1239
1239 1528
1239 1541
1239 1591
1239 1975
1241 1310
1241 1342
1241 1495
1242 1245
1243 1608
1244 1473
1244 1964
1245 1304
1245 1639
1246 1407
1250 1251
1250 1252
1250 1253
1250 1254
1250 1255
1252 1962
1253 1407
1253 1567
1254 1321
1254 1322
1255 1353
1256 1257
1256 1258
1256 1259
1257 1285
1257 1603
1257 1899
1258 1346
1258 1398
1258 1422
1258 1448
1258 1501
1258 1753
1259 1363
1259 1649
1259 1789
1260 1264
1260 1266
1260 1268
1261 1876
1261 1877
1262 1624
1262 1763
1263 1467
1264 1403
1264 1696
1264 1759
1264 1765
1264 1840
1264 1856
1266 1349
1266 1544
1267 1680
1268 1295
1268 1387
1268 1557
1268 1563
1268 1766
1272 1478
1272 1808
1273 1451
1273 1473
1274 1439
1274 1624
1274 1636
1274 1905
1275 1567
1275 1821
1277 1620
1277 1920
1278 1684
1278 1960
1281 1414
1282 1393
1282 1407
1282 1414
1282 1875
1282 1876
1282 1877
1283 1739
1283 1740
1284 1995
1285 1286
1286 1349
1286 1356
1286 1527
1288 1549
1289 1290
1289 1291
1289 1292
1293 1294
1293 1295
1294 1640
1296 1297
1296 1298
1296 1299
1296 1300
1298 1338
1298 1352
1298 1706
1299 1310
1299 1942
1300 1473
1300 1802
1302 1466
1302 1523
1302 1530
1302 1622
1302 1789
1302 1952
1303 1651
1304 1337
1304 1423
1304 1446
1304 1573
1304 1611
1304 1640
1304 1728
1304 1813
1304 1912
1305 1346
1305 1389
1305 1424
1305 1526
1305 1555
1305 1643
1305 1854
1307 1573
1308 1310
1310 1465
1310 1543
1310 1570
1310 1861
1310 1933
1310 1995
1312 1410
1312 1471
1312 1570
1312 1626
1313 1407
1314 1641
1314 1828
1315 1832
1317 1805
1319 1728
1319 1885
1320 1389
1320 1620
1322 1426
1322 1680
1322 1764
1323 1838
1325 1326
1325 1832
1326 1535
1326 1675
1326 1714
1326 1797
1331 1509
1332 1583
1334 1393
1334 1502
1335 1864
1337 1648
1338 1339
1338 1340
1338 1341
1340 1368
1340 1491
1340 1531
1340 1669
1340 1903
1341 1813
1342 1403
1342 1717
1345 1777
1345 1838
1346 1920
1347 1350
1349 1509
1350 1646
1350 1755
1350 1992
1352 1381
1352 1453
1352 1570
1352 1987
1353 1489
1353 1534
1353 1704
1353 1974
1353 1988
1356 1717
1363 1807
1364 1782
1364 1807
1365 1476
1365 1524
1365 1823
1366 1608
1367 1905
1368 1713
1368 1735
1371 1376
1372 1376
1373 1802
1373 1875
1374 1414
1376 1501
1376 1740
1380 1676
1382 1640
1383 1722
1385 1900
1387 1777
1389 1579
1389 1758
1389 1883
1390 1393
1392 1620
1393 1415
1393 1460
1393 1901
1393 1983
1395 1439
1397 1522
1397 1523
1397 1524
1398 1681
1402 1404
1402 1407
1403 1512
1404 1569
1404 1762
1404 1856
1407 1575
1407 1901
1408 1728
1409 1410
1410 1635
1411 1467
1411 1522
1412 1493
1412 1502
1412 1656
1413 1628
1414 1485
1414 1562
1414 1563
1415 1542
1416 1457
1417 1564
1419 1632
1420 1782
1420 1863
1423 1516
1423 1546
1423 1819
1423 1820
1424 1816
1424 1817
1425 1624
1425 1960
1426 1618
1426 1724
1426 1803
1426 1967
1428 1714
1431 1457
1431 1624
1432 1433
1432 1434
1433 1728
1435 1513
1435 1675
1435 1756
1435 1895
1435 1973
1436 1678
1436 1680
1437 1588
1437 1790
1439 1440
1440 1764
1442 1656
1444 1664
1444 1681
1445 1571
1445 1588
1445 1897
1447 1492
1447 1536
1447 1570
1447 1689
1447 1760
1447 1797
1447 1929
1447 1932
1448 1450
1450 1479
1451 1483
1451 1547
1451 1760
1451 1892
1456 1615
1456 1755
1456 1774
1457 1518
1457 1868
1458 1962
1459 1628
1459 1636
1459 1855
1461 1871
1461 1993
1462 1680
1465 1712
1466 1511
1466 1565
1466 1651
1467 1510
1468 1493
1468 1495
1470 1635
1470 1732
1470 1827
1470 1963
1471 1472
1471 1473
1471 1474
1471 1475
1471 1476
1471 1477
1471 1478
1471 1479
1475 1732
1475 1760
1476 1506
1477 1557
1477 1604
1478 1539
1478 1660
1479 1584
1479 1644
1479 1665
1479 1802
1481 1983
1482 1493
1482 1573
1483 1542
1483 1551
1483 1626
1484 1573
1486 1562
1486 1574
1486 1771
1489 1522
1490 1660
1490 1691
1490 1767
1490 1895
1493 1564
1493 1821
1494 1823
1495 1615
1501 1620
1501 1955
1502 1645
1502 1689
1502 1734
1502 1741
1504 1813
1505 1655
1506 1942
1507 1509
1508 1832
1509 1527
1509 1756
1509 1800
1510 1512
1512 1591
1512 1710
1512 1801
1512 1867
1513 1642
1514 1953
1514 1955
1517 1611
1518 1955
1521 1777
1521 1778
1522 1865
1522 1907
1522 1936
1524 1878
1525 1570
1525 1876
1529 1804
1531 1828
1532 1652
1533 1821
1535 1608
1535 1821
1536 1640
1537 1964
1540 1656
1540 1830
1541 1669
1542 1933
1543 1678
1544 1714
1544 1942
1545 1937
1547 1640
1548 1549
1548 1551
1549 1635
1550 1871
1551 1771
1552 1567
1554 1937
1555 1782
1559 1869
1560 1747
1560 1967
1561 1938
1564 1780
1565 1808
1565 1843
1567 1568
1568 1621
1568 1674
1569 1570
1569 1573
1570 1647
1573 1851
1575 1680
1576 1628
1577 1647
1581 1656
1581 1706
1583 1643
1583 1692
1583 1789
1583 1835
1585 1687
1586 1960
1589 1708
1594 1597
1597 1600
1597 1616
1601 1655
1603 1871
1604 1647
1604 1655
1604 1809
1608 1609
1608 1610
1608 1611
1610 1739
1612 1874
1615 1843
1616 1621
1616 1648
1620 1644
1620 1813
1621 1630
1621 1719
1624 1857
1626 1971
1627 1708
1628 1721
1628 1724
1630 1804
1630 1815
1632 1861
1636 1819
1636 1878
1637 1680
1639 1684
1639 1687
1640 1758
1640 1804
1641 1642
1641 1643
1641 1644
1641 1645
1642 1776
1642 1797
1642 1981
1643 1780
1643 1900
1644 1900
1647 1916
1647 1961
1652 1694
1652 1765
1654 1777
1654 1969
1658 1853
1660 1669
1661 1701
1661 1816
1661 1931
1661 1950
1669 1892
1675 1962
1678 1801
1678 1972
1679 1832
1679 1877
1680 1841
1681 1826
1681 1904
1681 1966
1684 1685
1684 1686
1685 1924
1689 1708
1692 1698
1697 1815
1698 1699
1698 1700
1698 1701
1700 1938
1700 1953
1701 1722
1705 1962
1706 1707
1708 1709
1712 1719
1713 1753
1714 1930
1714 1964
1715 1739
1715 1807
1717 1718
1717 1719
1717 1720
1720 1800
1722 1752
1722 1753
1722 1754
1723 1777
1726 1740
1728 1743
1731 1732
1732 1777
1732 1852
1733 1735
1734 1804
1735 1992
1738 1857
1740 1785
1740 1902
1740 1947
1746 1875
1748 1847
1749 1843
1757 1996
1759 1813
1759 1912
1762 1863
1764 1812
1765 1853
1766 1830
1771 1823
1772 1774
1777 1943
1778 1832
1779 1870
1780 1949
1782 1783
1784 1843
1787 1793
1789 1852
1791 1857
1793 1794
1797 1871
1797 1885
1797 1995
1801 1953
1802 1883
1802 1906
1803 1900
1805 1854
1805 1967
1810 1813
1810 1964
1812 1875
1813 1951
1821 1903
1826 1884
1826 1940
1828 1850
1830 1831
1832 1851
1832 1956
1837 1838
1838 1895
1847 1852
1852 1975
1853 1854
1854 1905
1862 1863
1862 1864
1863 1927
1863 1942
1864 1918
1869 1987
1871 1873
1876 1980
1877 1929
1879 1993
1883 1912
1891 1912
1894 1960
1896 1912
1900 1951
1900 1958
1901 1962
1916 1952
1922 1993
1958 1996
1973 1978
1978 1986
1981 1982
1984 1993
1987 1994
