0 2
0 6
1 759
2 38
2 73
2 193
2 425
2 493
2 1542
2 1570
2 1981
3 888
3 894
4 124
4 572
4 1584
5 517
5 1097
6 89
6 439
6 650
6 701
6 833
6 993
6 1114
7 517
7 608
7 1631
8 709
8 936
9 617
9 1135
9 1607
9 1804
10 48
11 100
12 1238
13 51
13 1153
13 1422
13 1611
14 16
14 17
15 1955
16 96
16 304
16 347
16 583
16 1064
16 1507
16 1759
17 367
17 550
17 630
17 1363
17 1872
18 450
18 526
18 1350
19 184
19 320
19 453
19 1428
20 1259
20 1462
20 1907
21 869
21 1057
21 1145
21 1544
22 379
22 562
22 849
22 1098
23 419
23 1628
23 1679
23 1712
24 1131
25 693
25 809
25 1482
26 398
27 30
27 31
28 115
28 453
28 1602
29 710
29 1130
29 1505
29 1858
30 322
30 1076
30 1405
30 1476
30 1491
30 1818
31 73
31 96
31 226
31 509
31 755
31 874
31 1114
31 1266
31 1354
31 1972
32 195
32 299
32 866
33 888
34 1396
34 1629
34 1750
34 1798
35 1947
36 42
36 43
37 416
37 572
37 665
37 1582
38 211
38 1145
38 1962
39 526
39 1823
41 610
41 670
41 1216
42 121
42 270
42 517
42 518
42 519
43 382
43 480
43 641
43 679
43 1086
43 1136
43 1460
43 1553
43 1614
43 1940
44 47
44 48
44 49
44 51
44 52
44 55
45 516
45 894
45 1478
46 1500
47 226
47 338
47 442
47 472
47 688
47 689
47 690
47 691
47 692
48 400
48 491
48 691
48 695
48 1234
48 1493
48 1863
49 208
49 446
49 455
49 508
49 902
49 1107
49 1110
49 1126
49 1323
49 1471
49 1581
49 1652
49 1692
49 1728
49 1732
50 1259
50 1336
51 239
51 740
51 800
51 819
51 874
51 979
51 1064
51 1121
51 1316
51 1499
51 1567
51 1569
51 1951
52 661
52 668
52 814
52 906
52 928
52 1498
52 1979
53 655
53 665
53 878
54 163
54 1626
54 1628
55 284
55 677
55 690
55 819
55 1056
55 1094
55 1219
55 1532
55 1919
56 875
57 693
57 982
57 1130
57 1637
58 242
58 896
60 66
61 646
61 1053
61 1356
61 1398
62 80
62 604
62 1144
62 1145
62 1147
63 1238
63 1580
64 522
65 647
66 174
66 196
66 562
66 591
66 596
66 906
66 1525
66 1539
66 1658
66 1943
67 68
67 69
67 70
67 71
67 72
67 73
67 74
67 75
67 76
67 77
70 89
70 1372
70 1687
71 1103
72 1016
72 1714
73 133
73 425
73 453
73 552
73 765
73 785
73 858
73 904
73 982
73 1145
73 1211
73 1235
73 1489
73 1725
73 1750
74 311
74 800
74 1053
75 138
75 184
75 629
75 1456
75 1616
75 1646
75 1728
76 225
76 500
77 698
78 80
78 83
79 176
79 1279
79 1930
80 131
80 339
80 412
80 432
80 605
80 706
80 811
80 922
80 1002
80 1074
80 1461
80 1724
80 1855
81 1531
81 1893
83 235
83 544
83 610
83 719
83 720
83 721
83 722
84 1216
84 1573
85 759
85 1427
85 1580
85 1904
86 87
86 88
86 89
86 90
86 91
86 92
87 1702
88 693
88 928
88 1265
88 1847
89 220
89 273
89 407
89 463
89 608
89 611
89 647
89 801
89 1175
89 1221
89 1384
89 1548
89 1776
89 1858
90 1462
90 1718
91 1675
92 522
92 561
92 1144
93 94
93 100
94 432
94 512
94 646
94 1015
94 1271
94 1287
94 1390
94 1521
94 1605
94 1642
94 1706
95 148
95 1141
95 1428
95 1602
95 1827
96 205
96 774
96 1055
97 924
97 936
98 118
98 1067
98 1990
99 137
100 197
100 394
100 794
100 1056
100 1294
100 1417
100 1421
100 1633
101 105
103 1638
104 868
104 1062
104 1082
104 1221
104 1616
104 1670
104 1850
105 930
105 1015
105 1082
105 1168
105 1220
105 1506
105 1923
106 115
107 1864
108 282
108 735
109 1040
109 1103
110 759
110 1141
110 1264
110 1549
111 384
111 604
111 617
111 618
111 621
112 254
112 621
112 1396
114 191
114 416
114 866
114 876
114 1075
115 302
115 414
115 416
115 468
115 752
115 1296
115 1640
116 1398
116 1524
117 118
118 277
118 702
118 739
118 1129
118 1713
118 1714
120 595
120 819
120 1053
120 1426
121 1764
122 124
122 127
122 133
123 522
123 1573
124 133
124 183
124 557
124 759
124 839
124 887
124 1300
124 1380
124 1386
124 1415
124 1602
124 1683
124 1786
125 1395
125 1412
125 1845
126 781
126 784
127 184
127 250
127 511
127 847
127 1204
127 1224
131 577
131 1037
131 1608
132 273
132 698
132 1672
132 1904
132 1969
133 193
133 304
133 393
133 446
133 460
133 485
133 646
133 652
133 659
133 823
133 918
133 1524
133 1809
133 1966
134 1843
135 137
135 138
136 1629
136 1788
137 206
137 674
137 710
137 895
138 451
138 696
138 863
138 1079
138 1405
138 1681
139 876
142 618
142 1151
143 960
143 1632
145 1167
145 1721
146 401
146 904
146 1776
146 1781
147 148
147 149
147 150
147 151
147 152
147 153
147 154
148 166
148 350
148 364
148 757
148 844
148 923
148 958
148 1371
148 1907
148 1919
148 1935
149 330
150 932
150 1180
150 1427
151 1549
151 1581
152 1211
152 1787
153 581
153 586
154 774
154 1622
154 1679
155 160
155 163
155 168
156 454
156 1351
157 282
157 1847
157 1945
158 340
158 348
158 349
158 354
159 449
159 807
159 848
159 849
160 163
160 276
160 293
160 967
160 1521
160 1824
162 819
162 1356
162 1925
163 181
163 307
163 329
163 444
163 643
163 936
163 982
163 1119
163 1278
163 1586
163 1702
164 419
164 595
164 1164
165 1428
166 457
166 1147
166 1197
167 1869
168 349
168 420
168 534
168 828
168 1077
168 1092
168 1093
168 1094
169 176
170 647
171 393
171 655
171 1075
171 1213
171 1283
173 1217
174 936
175 1461
175 1516
176 661
176 792
176 841
176 1076
176 1277
176 1308
176 1730
176 1776
176 1937
177 426
177 647
178 179
178 180
178 181
178 182
178 183
178 184
178 185
178 186
180 646
180 1172
180 1967
181 1821
182 358
182 1255
182 1495
182 1549
183 229
183 1145
183 1373
183 1628
183 1898
184 205
184 212
184 308
184 425
184 641
184 659
184 819
184 834
184 894
184 911
184 1167
184 1212
184 1213
184 1214
185 1263
185 1329
185 1505
187 191
187 195
188 217
188 401
188 604
188 611
188 884
188 1371
188 1776
189 955
189 1395
190 927
190 1955
191 337
191 357
191 392
191 993
191 1161
191 1195
191 1272
193 323
193 1218
193 1573
193 1587
195 212
195 241
195 1182
195 1472
195 1639
196 849
196 1153
196 1164
196 1411
197 202
197 205
198 217
198 738
199 1371
200 212
200 296
200 1216
200 1495
201 1016
201 1489
201 1628
201 1957
202 641
202 736
202 1171
202 1261
202 1316
202 1465
202 1592
202 1880
203 225
203 229
204 835
204 1675
205 745
205 899
205 986
205 1069
205 1207
205 1220
205 1795
205 1914
208 211
208 212
208 217
208 220
209 683
209 685
209 686
210 652
210 718
210 1632
211 395
211 692
211 784
211 863
211 1006
211 1095
211 1280
211 1407
211 1848
212 560
212 576
212 619
212 1429
212 1496
212 1588
212 1825
212 1826
212 1827
213 530
215 455
217 324
217 349
217 785
217 796
217 1150
217 1300
217 1304
217 1834
218 589
218 617
220 1256
220 1348
220 1365
220 1640
220 1690
220 1820
221 1283
221 1482
221 1774
222 323
222 800
222 1599
222 1787
223 282
223 380
223 1489
225 587
225 696
225 1110
225 1251
225 1296
225 1303
225 1425
225 1512
225 1556
226 461
226 632
226 665
226 982
226 1147
226 1172
227 1253
228 320
228 547
228 630
228 1798
228 1821
229 721
229 1315
229 1408
229 1457
229 1833
229 1890
229 1922
229 1939
229 1967
230 772
230 1513
232 457
233 884
233 1216
233 1382
233 1711
233 1798
234 604
234 1607
235 1153
235 1217
235 1218
236 738
236 1037
237 238
237 242
237 243
238 624
238 753
238 982
238 1101
238 1507
238 1664
239 1581
239 1990
240 516
240 744
240 1259
240 1637
241 557
241 1974
242 594
242 630
242 714
242 847
242 960
242 1009
242 1059
242 1504
242 1559
242 1588
243 349
243 642
243 671
243 740
243 1044
243 1101
243 1340
243 1506
244 354
244 884
244 1691
245 323
245 1214
245 1969
247 264
248 1373
249 508
249 629
249 958
249 1560
251 1778
251 1781
252 1665
253 254
253 255
253 256
253 257
254 388
254 548
254 729
254 840
254 880
254 897
254 1395
254 1516
254 1553
254 1924
255 685
255 1646
255 1647
256 492
256 1414
257 1045
257 1075
257 1208
258 676
260 632
260 1395
261 923
261 1809
262 349
262 1456
262 1729
263 1211
263 1306
263 1427
264 402
264 508
264 645
264 1101
264 1232
264 1273
264 1404
264 1511
264 1720
265 273
266 1513
266 1672
267 562
267 1318
267 1798
267 1864
268 1057
269 1395
270 492
271 455
271 545
271 1295
271 1687
272 1420
272 1864
272 1893
273 432
273 764
273 956
273 1029
273 1136
274 282
275 1602
277 311
277 834
277 1067
277 1276
279 355
281 685
281 1318
282 518
282 738
282 842
282 864
282 880
282 934
282 1374
282 1939
283 630
283 1175
283 1582
283 1996
284 517
285 1221
286 1732
286 1843
287 296
288 572
288 1698
288 1750
290 1665
291 786
291 1323
292 940
293 630
293 772
294 1386
294 1544
294 1805
295 498
295 738
296 508
296 1030
296 1384
296 1415
296 1455
296 1485
296 1868
297 298
297 299
297 300
297 301
297 302
297 303
297 304
297 305
297 306
299 511
299 631
299 1020
299 1166
299 1169
299 1316
299 1365
299 1613
299 1614
299 1615
300 1646
300 1711
301 894
301 1382
301 1430
302 1097
303 331
303 572
303 1145
304 670
304 808
304 1974
305 1045
305 1461
305 1714
305 1882
306 801
306 896
307 308
307 310
307 311
307 316
308 332
308 366
308 953
308 1142
308 1282
308 1972
309 355
309 401
310 338
310 345
310 432
310 492
310 542
310 745
310 815
310 1380
310 1381
310 1382
310 1383
311 358
311 585
311 589
311 695
311 735
311 931
311 1799
311 1916
311 1996
313 562
313 848
313 1665
313 1787
313 1805
314 1882
316 546
316 622
316 952
316 997
316 1147
316 1172
316 1316
316 1635
316 1641
316 1654
316 1704
316 1711
316 1970
317 320
317 323
317 330
318 904
318 1631
320 401
320 692
320 965
320 1106
320 1114
320 1242
320 1367
320 1928
321 1037
322 759
323 345
323 586
323 590
323 781
323 1176
323 1259
323 1424
323 1628
323 1644
323 1986
324 492
325 1371
325 1728
325 1858
326 423
326 469
326 652
326 1382
326 1692
326 1735
328 630
328 652
328 957
329 348
329 453
329 905
329 1711
329 1712
330 641
330 726
330 768
330 1289
330 1508
330 1558
330 1563
330 1865
331 332
331 333
331 334
331 335
331 336
331 337
331 338
331 339
333 379
333 670
333 1764
334 1414
335 646
335 647
336 1279
337 610
337 834
338 527
338 592
338 857
338 1050
338 1057
338 1160
338 1172
338 1197
338 1356
338 1381
338 1427
338 1575
338 1584
338 1615
338 1904
339 1208
339 1221
339 1395
340 697
340 751
340 952
340 969
340 1125
340 1345
340 1379
340 1401
340 1729
342 553
342 1711
342 1712
343 1962
345 474
345 1221
346 1027
346 1037
346 1048
347 869
347 1329
347 1637
348 439
348 989
348 1042
348 1480
348 1615
348 1914
348 1978
349 384
349 617
349 780
349 808
349 1216
349 1228
349 1279
349 1336
349 1411
349 1615
349 1616
349 1967
350 1272
354 461
354 471
354 591
354 813
354 890
354 1564
354 1934
355 356
355 357
355 358
355 359
355 360
355 361
355 362
355 363
356 1108
356 1607
356 1764
357 595
357 1675
357 1728
358 530
358 536
358 547
358 559
358 610
358 630
358 940
358 952
358 1062
358 1063
358 1064
358 1065
359 637
359 698
359 1119
359 1732
360 492
360 1175
360 1417
362 593
362 1040
362 1276
362 1721
363 539
364 398
364 641
364 1164
364 1750
364 1968
365 807
365 936
365 957
365 1638
368 604
368 1297
368 1804
368 1805
369 473
369 1098
369 1172
370 371
370 373
370 377
370 379
371 818
371 822
371 1080
371 1628
371 1961
372 508
372 918
373 549
373 834
373 916
373 1065
373 1177
373 1309
373 1586
373 1639
374 858
374 1692
375 1587
376 932
377 491
377 725
377 1413
377 1414
377 1415
377 1416
377 1417
377 1418
377 1419
377 1420
377 1421
377 1422
378 878
378 1145
378 1632
379 481
379 1270
379 1271
379 1272
379 1273
379 1274
379 1275
380 381
380 382
380 383
380 384
380 385
380 386
380 387
380 388
380 389
380 390
380 391
381 547
381 693
381 1048
381 1396
381 1763
382 801
382 1130
383 572
383 1108
383 1663
383 1732
383 1924
384 398
384 628
384 638
384 773
384 835
384 1076
384 1081
384 1082
384 1251
384 1710
384 1961
385 1172
386 790
386 1067
387 693
388 538
388 1205
388 1259
388 1692
390 457
390 1167
392 393
392 398
392 401
392 403
392 405
393 628
393 644
393 703
395 508
395 1675
396 1414
397 1193
398 634
398 691
398 908
398 1317
398 1613
399 1698
400 894
400 932
400 1974
401 449
401 767
401 992
401 1016
401 1100
401 1368
401 1542
401 1764
402 1691
403 436
403 516
403 831
403 968
403 1432
403 1892
404 735
404 738
405 890
405 931
405 963
405 1714
405 1736
405 1906
405 1941
405 1963
406 512
407 1356
407 1602
409 413
409 416
409 419
410 508
410 512
410 516
411 457
411 735
411 1718
412 522
412 1750
413 459
413 812
413 865
413 1191
413 1305
413 1456
413 1532
413 1586
415 1323
415 1580
416 432
416 461
416 722
416 791
416 956
416 1171
416 1303
416 1384
417 958
417 1351
418 1788
419 445
419 667
419 727
419 896
419 923
419 1021
419 1117
419 1992
419 1994
420 878
420 1371
421 763
421 1167
421 1718
422 423
422 426
423 641
423 644
423 1321
423 1432
423 1496
423 1693
424 1016
425 790
426 779
426 793
426 887
426 1257
426 1375
426 1546
426 1715
426 1719
427 940
428 1147
428 1350
428 1818
429 885
429 955
429 1265
430 718
430 1461
431 586
431 1843
432 1422
434 1798
435 559
435 1643
435 1718
436 443
436 446
437 1382
437 1549
437 1950
438 1097
438 1356
439 1531
443 913
443 1070
443 1077
443 1198
443 1417
443 1926
444 1175
445 527
446 594
446 769
446 955
446 1417
446 1482
446 1483
446 1509
446 1605
446 1615
446 1623
446 1637
447 449
447 450
447 453
447 454
447 455
448 1674
449 487
449 532
449 775
449 1231
449 1232
449 1233
449 1234
450 524
450 833
450 980
450 1487
450 1723
450 1771
450 1778
452 904
453 728
453 846
453 1128
453 1176
453 1284
454 1427
454 1474
454 1475
454 1488
455 656
455 953
455 975
455 1012
455 1525
455 1577
455 1879
456 473
456 1153
456 1263
456 1638
457 458
457 459
457 460
457 461
457 462
457 463
458 940
460 1500
460 1524
460 1582
461 499
461 547
461 665
461 716
461 879
461 1180
461 1384
461 1458
461 1459
462 659
462 1197
463 1279
464 1523
464 1687
465 982
465 1692
465 1990
466 1864
466 1967
467 469
467 473
467 474
468 647
468 772
468 1729
469 689
469 763
469 880
469 1302
469 1475
469 1515
469 1588
470 516
470 928
471 670
471 1193
472 577
472 1636
473 588
473 760
473 771
473 968
473 1516
473 1541
474 665
474 1029
474 1223
474 1353
474 1406
475 647
475 1523
475 1728
476 1372
476 1714
476 1774
477 479
477 485
478 1228
478 1967
479 508
479 1008
479 1510
480 652
481 500
481 1893
482 905
482 923
483 526
483 943
483 1167
484 547
484 718
484 1638
485 908
485 956
485 1127
485 1138
485 1176
485 1362
487 608
487 647
487 1663
488 547
488 1318
488 1692
489 577
489 836
489 923
489 1582
490 592
492 820
492 1060
492 1253
492 1374
492 1723
492 1800
492 1929
493 1611
494 608
494 1629
496 498
496 500
497 1523
497 1616
497 1719
497 1722
498 748
498 1139
498 1211
498 1378
498 1483
498 1654
498 1755
498 1995
499 876
499 1843
500 1400
500 1493
500 1653
501 698
501 1372
502 984
502 1950
503 1652
504 610
504 1135
504 1398
505 562
505 835
505 866
505 1950
508 850
508 885
508 1008
508 1304
508 1350
508 1432
508 1746
508 1763
508 1993
509 1221
509 1608
510 1055
510 1336
511 1382
512 909
512 977
512 1388
512 1737
512 1833
512 1866
514 593
514 1197
515 1082
515 1580
515 1778
515 1818
516 1144
516 1202
516 1272
516 1392
516 1505
516 1525
516 1558
516 1887
516 1947
517 646
517 695
517 954
517 1056
517 1156
517 1341
517 1514
517 1879
518 1687
519 1318
520 522
520 526
520 527
521 786
521 1295
522 585
522 727
522 1767
523 924
525 611
525 1135
526 878
526 1005
527 723
527 964
527 965
527 966
527 967
527 968
527 969
527 970
528 530
528 533
528 535
528 538
528 539
529 1072
529 1858
530 671
530 762
530 828
530 1333
530 1418
530 1535
530 1753
530 1916
531 637
531 927
531 928
531 1265
531 1509
531 1930
532 1607
532 1712
533 922
533 1736
533 1778
535 881
535 1328
535 1537
535 1700
535 1714
536 1386
537 581
537 1131
537 1197
537 1385
538 683
538 712
538 1008
538 1080
538 1102
538 1557
538 1648
539 658
539 846
539 1080
539 1159
539 1260
539 1312
539 1553
539 1747
540 545
540 547
541 848
541 1385
542 1582
542 1774
543 1763
544 800
545 621
545 654
545 707
545 810
545 962
545 1507
545 1525
545 1548
545 1636
545 1679
545 1808
545 1900
546 875
546 1412
546 1721
547 585
547 644
547 1251
547 1340
547 1468
547 1742
548 621
548 1921
548 1986
549 629
549 1368
550 553
550 557
550 559
551 984
552 1509
553 576
553 815
553 878
553 1102
553 1230
553 1370
553 1491
553 1492
554 1957
555 608
556 586
557 599
557 962
557 1049
557 1053
557 1067
557 1202
557 1249
557 1419
557 1919
557 1920
558 836
558 1130
558 1560
559 654
559 1251
559 1686
559 1894
560 834
560 1368
560 1519
561 562
561 563
561 564
561 565
561 566
561 567
561 568
561 569
561 570
562 868
562 878
562 923
562 926
562 1123
562 1430
562 1442
562 1465
562 1482
562 1847
562 1860
562 1875
563 1371
563 1611
563 1670
564 1318
565 617
565 809
565 849
565 1904
567 1729
567 1967
568 809
568 819
569 1260
570 1382
570 1385
570 1602
570 1897
571 572
571 573
571 577
572 666
572 836
572 858
572 1224
572 1340
572 1523
573 804
573 1064
573 1813
574 727
574 1130
574 1493
575 1072
575 1456
576 1130
576 1131
576 1133
577 629
577 659
577 682
577 846
577 922
577 1054
577 1148
577 1404
577 1425
577 1450
578 696
578 759
578 1420
578 1495
578 1712
579 1462
580 1611
580 1821
581 906
581 951
581 1012
581 1179
581 1404
581 1782
581 1818
581 1951
581 1992
582 1461
582 1893
583 1169
583 1351
584 923
584 1098
584 1228
584 1297
585 630
585 683
585 1130
585 1135
586 840
586 1188
586 1191
586 1267
586 1913
586 1927
587 589
587 592
587 593
587 595
588 1424
589 992
589 1241
589 1250
589 1381
590 647
590 709
590 1131
590 1248
590 1427
591 1133
591 1430
592 639
592 845
592 1334
592 1343
592 1388
592 1635
592 1765
592 1890
593 1103
594 1228
595 710
595 1076
595 1146
595 1168
595 1647
595 1754
595 1928
595 1968
596 1974
597 604
599 1072
600 982
600 1493
600 1679
600 1698
601 1674
601 1778
601 1779
601 1781
602 1144
602 1208
603 1519
603 1672
604 695
604 1256
604 1516
604 1706
604 1792
605 738
605 1845
605 1898
606 1424
607 608
607 610
608 1358
608 1497
608 1512
608 1922
609 1097
609 1427
609 1513
610 653
610 699
610 1217
610 1246
610 1326
610 1480
611 612
611 613
611 614
611 615
611 616
612 888
612 1205
613 718
614 943
614 1414
614 1823
616 885
616 1318
616 1924
617 1425
617 1480
618 726
618 789
618 836
618 1042
618 1465
618 1659
618 1807
618 1812
619 923
619 1283
620 1575
621 1772
621 1873
621 1936
622 1719
622 1882
622 1925
623 1930
624 1386
626 744
627 710
627 1098
627 1489
627 1509
628 629
628 630
628 632
629 846
629 879
629 1006
629 1393
629 1519
629 1553
629 1768
629 1804
630 747
630 862
630 1045
630 1309
630 1496
630 1527
630 1542
630 1795
630 1869
631 641
631 1663
631 1774
632 724
632 1004
632 1659
632 1714
632 1931
633 866
633 1607
634 1665
634 1725
635 834
635 1206
635 1208
635 1967
636 1920
636 1930
637 638
637 639
637 640
637 641
637 642
638 646
638 1423
639 646
639 1206
639 1371
639 1531
640 1461
641 805
641 1037
641 1098
641 1130
641 1153
641 1543
641 1776
641 1808
641 1933
643 696
643 904
644 1216
645 693
646 698
646 991
646 1075
646 1192
646 1663
646 1705
646 1714
646 1736
646 1779
647 1543
647 1671
648 807
648 896
648 1823
648 1962
649 652
650 1103
650 1788
651 744
651 1637
652 761
652 1096
652 1444
652 1782
652 1973
653 1372
654 774
654 848
655 656
655 657
655 658
655 659
655 660
655 661
655 662
655 663
655 664
656 1622
656 1623
658 1611
659 848
659 849
659 905
659 1272
659 1364
659 1372
659 1390
659 1549
659 1722
659 1787
659 1818
659 1845
659 1921
659 1934
660 1151
660 1955
661 1306
662 1714
662 1729
663 1131
663 1147
664 1580
665 666
665 667
665 668
665 669
665 670
665 671
665 672
666 1395
666 1396
666 1398
667 869
667 1990
668 1420
668 1921
669 765
669 769
669 772
670 871
670 935
670 1137
670 1766
670 1915
671 1417
672 983
672 1712
673 676
674 1631
675 1698
676 707
676 824
676 912
676 1403
676 1417
676 1555
676 1707
676 1832
678 1133
678 1711
679 943
679 1276
682 1040
682 1721
683 844
683 981
683 1048
683 1102
683 1289
683 1318
683 1592
683 1619
683 1750
683 1758
684 1636
684 1798
684 1969
685 1393
685 1400
685 1417
686 691
686 730
686 1059
686 1093
686 1101
686 1292
686 1719
686 1743
686 1846
687 718
687 984
687 1075
687 1493
687 1675
687 1719
688 1516
689 834
689 1698
690 835
690 1153
691 1259
692 868
692 1714
693 694
693 695
693 696
693 697
694 1637
695 1119
695 1608
695 1637
696 1004
696 1010
696 1110
696 1163
696 1248
696 1455
696 1679
696 1788
697 784
698 899
698 952
698 1029
698 1298
698 1394
698 1887
699 983
700 1027
700 1193
700 1420
702 786
703 1350
705 869
705 1692
706 1097
706 1711
707 884
708 1580
709 710
709 711
709 712
709 713
709 714
709 715
710 943
710 1183
710 1200
710 1260
710 1287
710 1548
710 1631
710 1632
711 1108
712 1180
712 1626
713 1063
713 1599
713 1711
714 801
714 1729
715 960
715 1356
716 718
718 1380
718 1400
718 1417
718 1659
720 1108
720 1573
720 1809
721 1279
721 1516
722 1062
722 1160
722 1172
722 1430
722 1623
723 727
724 1306
724 1702
724 1725
725 738
725 1053
727 755
727 966
727 1108
727 1210
727 1242
727 1405
727 1664
727 1665
728 735
728 1996
729 1665
730 1197
730 1265
730 1513
730 1796
731 1422
731 1500
731 1787
733 801
735 1114
735 1270
735 1452
736 1523
737 1924
738 1390
738 1481
738 1482
738 1483
738 1484
740 1075
740 1263
740 1299
740 1714
741 1382
742 1523
742 1781
743 1259
743 1336
744 808
744 988
744 1188
744 1293
744 1393
744 1570
744 1759
744 1848
745 1108
747 858
750 1295
751 1211
751 1674
751 1955
752 1228
752 1818
752 1893
754 1763
754 1764
755 1581
755 1779
756 759
757 1364
758 1821
759 1419
760 1279
760 1372
761 763
762 1016
762 1075
762 1482
762 1652
763 783
763 790
763 1186
763 1206
763 1207
763 1208
763 1209
763 1210
763 1211
764 1263
765 829
765 832
765 839
765 1390
765 1494
765 1782
765 1846
765 1953
766 1584
766 1679
766 1907
767 1702
768 918
768 1172
768 1175
769 914
769 1054
769 1148
769 1249
769 1409
769 1932
770 1616
770 1924
771 849
771 1531
772 882
772 1064
772 1474
772 1865
772 1866
773 774
774 1064
774 1425
774 1767
774 1816
775 1197
775 1351
779 960
779 1264
780 1130
780 1141
781 1004
781 1187
781 1307
781 1520
781 1682
782 1462
783 1160
784 878
784 1081
784 1159
784 1176
784 1238
784 1403
784 1463
784 1710
784 1914
784 1925
785 786
786 808
786 930
786 1212
786 1727
786 1801
786 1915
787 1067
788 1218
788 1299
788 1426
790 791
790 792
790 793
790 794
790 795
790 796
791 1205
791 1489
792 1119
792 1478
793 1306
795 1584
796 819
796 1108
797 800
797 801
798 1147
799 1675
799 1778
800 1146
800 1219
800 1392
800 1446
800 1654
800 1999
801 1201
801 1267
801 1294
801 1354
802 807
802 808
803 936
803 1141
803 1584
803 1945
805 904
807 962
807 982
807 1129
807 1183
807 1611
807 1625
807 1672
807 1941
808 875
808 1307
808 1310
808 1481
808 1679
808 1716
808 1844
808 1879
809 831
809 860
809 1121
809 1132
809 1194
809 1287
809 1514
809 1776
809 1782
809 1875
810 1175
811 1228
811 1264
812 1781
813 1048
814 1996
815 1151
815 1265
815 1629
816 1622
817 957
817 1423
818 1045
818 1417
818 1907
819 1086
819 1295
819 1310
819 1341
819 1557
819 1567
819 1864
819 1882
820 1423
820 1607
823 1456
824 1368
825 1098
825 1144
825 1646
825 1823
829 876
829 878
830 835
831 1055
832 834
832 835
832 836
834 884
834 915
834 1135
834 1396
834 1401
834 1580
834 1628
834 1719
835 1076
835 1079
835 1327
835 1510
835 1543
836 1055
836 1109
836 1274
836 1354
836 1437
836 1654
836 1761
836 1846
836 1850
837 1180
837 1411
837 1729
839 1263
839 1371
841 894
841 1629
842 1027
842 1786
843 1164
843 1721
844 955
845 918
846 1064
846 1798
846 1843
846 1962
847 982
848 1114
849 865
849 1073
849 1275
849 1287
849 1916
850 1509
850 1869
851 1264
851 1646
852 858
853 1062
853 1350
855 1411
856 1652
857 1615
858 991
858 1442
858 1610
858 1709
858 1766
858 1854
858 1905
859 875
860 1108
860 1945
861 866
861 868
861 869
862 1495
862 1616
863 1426
864 1217
865 1725
866 928
866 1058
866 1877
868 1073
868 1246
868 1645
868 1870
869 1064
869 1325
869 1935
870 1040
870 1228
870 1482
872 932
872 1265
872 1725
872 1864
875 945
875 1132
875 1469
875 1598
875 1835
876 877
876 878
876 879
877 1869
878 1121
878 1237
878 1329
878 1418
878 1570
878 1690
878 1691
879 1637
879 1778
880 884
880 885
881 1055
882 1193
882 1272
882 1629
884 992
884 1118
884 1139
884 1564
884 1644
884 1950
885 895
885 1010
885 1028
885 1096
886 1067
887 1364
887 1652
888 945
888 954
888 1121
888 1418
888 1516
888 1790
888 1836
891 1356
894 1578
894 1756
896 897
896 898
896 899
896 900
896 901
896 902
899 1672
899 1711
900 1283
902 1544
903 1947
904 1095
904 1458
904 1553
904 1705
904 1963
904 1992
905 906
905 907
905 908
905 909
905 910
905 911
905 912
905 913
909 1845
910 1826
910 1897
910 1898
912 1055
913 955
914 918
915 1272
916 1103
917 1027
917 1652
917 1818
918 1358
918 1479
918 1923
919 1869
920 1040
922 1279
922 1725
923 924
923 925
923 926
923 927
923 928
923 929
923 930
923 931
923 932
923 933
924 1198
924 1497
924 1872
925 1144
925 1153
925 1907
925 1945
927 1709
927 1837
928 1041
928 1174
928 1355
928 1562
928 1777
928 1785
929 958
929 1221
930 1193
930 1272
932 1096
932 1343
932 1367
932 1473
933 1103
933 1778
934 936
935 1098
935 1160
935 1904
935 1957
936 1086
936 1661
937 1133
937 1172
937 1728
938 1045
938 1968
939 1141
939 1722
940 1056
940 1579
940 1737
940 1844
940 1875
941 983
941 1774
942 1893
943 944
943 945
943 946
943 947
943 948
944 1329
944 1764
944 1950
945 1276
945 1428
947 1164
947 1211
947 1607
949 955
951 1131
951 1351
952 1040
952 1072
952 1611
953 1205
953 1587
955 1096
955 1285
955 1455
955 1605
956 957
956 958
956 960
957 1257
957 1481
957 1611
957 1981
958 1305
958 1408
958 1857
959 1147
960 1106
960 1366
960 1384
960 1694
961 1907
962 1622
966 1064
966 1776
967 1575
967 1826
967 1907
969 1218
969 1714
973 1607
974 1297
975 1045
975 1197
975 1692
976 1456
976 1691
978 1763
979 1135
979 1218
980 1623
981 1283
982 983
982 984
982 985
982 986
982 987
983 1071
983 1120
983 1122
983 1309
983 1828
983 1886
984 1448
984 1480
984 1644
984 1690
984 1838
985 1053
985 1144
986 1075
986 1164
986 1167
986 1169
987 1495
987 1513
989 1350
989 1412
989 1637
991 1905
992 1725
994 1821
995 1398
996 1575
996 1587
996 1763
996 1818
996 1996
997 1411
998 1205
999 1151
999 1368
999 1396
1003 1411
1003 1412
1004 1276
1005 1925
1006 1108
1006 1580
1007 1495
1007 1970
1008 1456
1009 1729
1010 1193
1010 1732
1011 1180
1011 1711
1012 1205
1014 1279
1014 1350
1015 1974
1016 1017
1016 1018
1016 1019
1016 1020
1016 1021
1017 1626
1017 1968
1018 1611
1020 1986
1023 1216
1023 1417
1024 1027
1026 1788
1027 1281
1027 1322
1027 1352
1027 1708
1027 1776
1032 1845
1035 1422
1035 1647
1035 1702
1036 1712
1037 1209
1037 1252
1037 1355
1037 1760
1037 1820
1037 1935
1038 1670
1039 1053
1040 1272
1040 1754
1040 1785
1040 1877
1041 1858
1043 1045
1044 1519
1045 1136
1045 1358
1045 1444
1045 1717
1046 1048
1048 1184
1048 1375
1048 1768
1048 1791
1048 1965
1049 1350
1050 1197
1052 1623
1052 1631
1052 1847
1053 1070
1053 1116
1053 1591
1053 1707
1054 1599
1054 1600
1055 1204
1055 1405
1055 1463
1055 1510
1055 1535
1055 1562
1055 1600
1055 1898
1055 1942
1056 1057
1057 1190
1057 1192
1057 1271
1057 1327
1057 1338
1057 1534
1058 1779
1059 1456
1060 1276
1062 1334
1062 1906
1063 1387
1063 1815
1064 1268
1064 1308
1064 1368
1064 1687
1064 1778
1064 1942
1064 1955
1064 1969
1065 1299
1065 1422
1065 1670
1065 1893
1065 1921
1066 1422
1067 1337
1067 1349
1067 1440
1067 1736
1067 1916
1068 1489
1070 1072
1070 1075
1072 1265
1072 1359
1072 1408
1072 1619
1072 1641
1073 1599
1073 1711
1075 1106
1075 1196
1075 1731
1075 1834
1076 1628
1076 1787
1078 1629
1079 1082
1080 1175
1080 1843
1080 1967
1081 1364
1081 1412
1082 1218
1082 1296
1082 1418
1082 1614
1082 1626
1082 1629
1082 1813
1084 1584
1085 1145
1085 1228
1085 1482
1087 1722
1088 1423
1088 1424
1088 1426
1088 1427
1091 1133
1091 1489
1092 1636
1093 1130
1095 1097
1095 1098
1096 1160
1096 1524
1096 1858
1096 1864
1097 1399
1097 1435
1097 1624
1097 1714
1098 1251
1098 1260
1098 1467
1098 1601
1098 1879
1100 1103
1101 1147
1101 1368
1102 1417
1103 1277
1103 1282
1103 1493
1103 1586
1103 1742
1103 1838
1103 1935
1104 1500
1104 1702
1104 1950
1106 1371
1107 1221
1108 1966
1109 1119
1109 1336
1110 1482
1110 1500
1110 1638
1110 1781
1110 1968
1113 1248
1114 1423
1115 1253
1115 1691
1115 1955
1116 1213
1116 1608
1117 1295
1117 1698
1118 1119
1119 1284
1119 1358
1119 1363
1119 1388
1119 1398
1119 1570
1119 1978
1122 1253
1122 1336
1123 1774
1123 1869
1126 1205
1126 1235
1127 1587
1130 1155
1131 1345
1131 1615
1132 1781
1133 1291
1133 1692
1134 1135
1134 1141
1135 1752
1135 1949
1136 1329
1137 1907
1139 1276
1139 1424
1141 1234
1141 1237
1141 1239
1141 1615
1141 1746
1141 1961
1144 1146
1144 1233
1144 1434
1144 1761
1144 1927
1145 1437
1145 1789
1145 1935
1147 1483
1148 1398
1148 1461
1148 1462
1151 1152
1151 1153
1153 1304
1153 1305
1153 1306
1153 1307
1154 1160
1156 1718
1157 1208
1157 1691
1158 1263
1158 1622
1158 1974
1159 1211
1160 1589
1160 1803
1162 1549
1163 1805
1163 1974
1164 1193
1164 1533
1164 1569
1164 1674
1164 1692
1164 1740
1164 1823
1165 1213
1165 1283
1165 1373
1166 1228
1166 1638
1167 1565
1167 1738
1167 1901
1167 1998
1168 1722
1168 1955
1169 1871
1169 1914
1172 1569
1172 1705
1172 1876
1172 1957
1174 1826
1175 1432
1175 1554
1175 1913
1177 1456
1177 1778
1178 1544
1179 1180
1180 1392
1180 1513
1180 1514
1180 1515
1180 1516
1180 1517
1182 1248
1183 1265
1183 1581
1183 1629
1185 1265
1185 1336
1186 1426
1186 1456
1186 1643
1190 1193
1192 1493
1192 1636
1193 1245
1193 1673
1194 1197
1196 1721
1197 1771
1197 1915
1198 1663
1199 1356
1199 1778
1200 1990
1201 1622
1201 1721
1201 1722
1202 1372
1202 1531
1204 1260
1204 1637
1205 1368
1205 1485
1205 1486
1206 1664
1206 1972
1207 1323
1207 1493
1208 1466
1208 1613
1210 1763
1210 1933
1211 1607
1211 1708
1211 1902
1211 1934
1211 1975
1212 1417
1213 1497
1213 1586
1213 1935
1214 1266
1214 1321
1214 1404
1214 1446
1214 1447
1214 1448
1216 1252
1216 1658
1216 1768
1217 1370
1217 1405
1217 1792
1218 1319
1218 1490
1218 1801
1218 1929
1220 1672
1221 1576
1222 1663
1226 1519
1227 1631
1227 1898
1228 1229
1228 1230
1230 1763
1233 1882
1235 1338
1235 1566
1235 1660
1235 1964
1238 1239
1241 1495
1241 1643
1243 1608
1247 1732
1248 1249
1250 1253
1250 1255
1251 1368
1252 1297
1252 1420
1252 1962
1253 1407
1253 1567
1253 1927
1255 1353
1255 1427
1255 1520
1255 1530
1255 1833
1256 1259
1258 1398
1258 1422
1259 1363
1259 1649
1259 1789
1260 1261
1260 1262
1260 1263
1260 1264
1260 1265
1260 1266
1260 1267
1260 1268
1260 1269
1261 1876
1262 1763
1263 1416
1263 1467
1263 1902
1263 1975
1264 1403
1264 1696
1264 1759
1264 1765
1264 1840
1264 1856
1265 1330
1265 1578
1265 1625
1265 1639
1266 1544
1268 1295
1269 1587
1272 1384
1272 1478
1272 1587
1272 1781
1272 1808
1274 1636
1274 1905
1275 1283
1275 1821
1276 1277
1276 1278
1276 1279
1276 1280
1277 1427
1277 1920
1278 1622
1279 1332
1279 1463
1279 1892
1279 1897
1281 1414
1282 1414
1282 1876
1283 1605
1283 1692
1283 1739
1283 1740
1286 1356
1288 1372
1288 1549
1288 1670
1291 1925
1293 1295
1294 1599
1295 1591
1296 1297
1296 1299
1297 1406
1297 1506
1297 1532
1297 1719
1299 1310
1299 1622
1299 1627
1299 1942
1300 1351
1300 1776
1300 1893
1301 1587
1302 1523
1302 1622
1304 1423
1304 1573
1304 1611
1304 1728
1305 1424
1305 1643
1306 1488
1307 1573
1307 1691
1310 1933
1312 1626
1317 1805
1318 1469
1319 1728
1322 1426
1322 1764
1323 1703
1323 1838
1323 1928
1323 1961
1324 1968
1325 1356
1325 1729
1326 1675
1326 1714
1328 1683
1329 1494
1330 1611
1330 1933
1331 1509
1331 1679
1332 1582
1333 1336
1335 1864
1336 1337
1339 1897
1340 1368
1340 1531
1344 1385
1346 1672
1346 1920
1347 1350
1347 1351
1349 1509
1349 1691
1350 1646
1350 1755
1350 1992
1351 1361
1351 1671
1351 1719
1351 1746
1351 1984
1353 1489
1353 1974
1355 1788
1355 1818
1356 1717
1357 1827
1358 1516
1359 1631
1360 1364
1362 1672
1362 1692
1362 1970
1364 1501
1364 1782
1364 1807
1365 1524
1365 1823
1366 1608
1366 1907
1367 1719
1367 1905
1367 1945
1367 1970
1368 1713
1368 1735
1368 1844
1371 1376
1371 1443
1372 1373
1372 1374
1372 1375
1372 1376
1373 1429
1373 1438
1373 1696
1373 1785
1373 1802
1373 1875
1374 1414
1374 1622
1382 1640
1383 1722
1384 1385
1385 1504
1385 1776
1385 1900
1386 1499
1386 1799
1388 1986
1392 1721
1395 1439
1395 1596
1395 1903
1396 1854
1396 1860
1396 1919
1397 1523
1397 1524
1398 1543
1398 1673
1398 1681
1399 1643
1400 1519
1400 1638
1401 1798
1405 1611
1407 1575
1408 1728
1411 1467
1411 1522
1411 1559
1411 1569
1412 1493
1412 1502
1412 1656
1412 1734
1413 1516
1413 1628
1413 1850
1414 1485
1414 1562
1414 1563
1415 1482
1416 1897
1417 1564
1418 1516
1419 1632
1420 1782
1420 1863
1421 1945
1422 1761
1423 1516
1423 1546
1423 1819
1423 1820
1424 1816
1424 1817
1425 1631
1425 1986
1426 1618
1426 1724
1426 1803
1426 1967
1427 1481
1427 1588
1427 1945
1428 1714
1429 1482
1430 1431
1431 1692
1433 1728
1434 1692
1434 1925
1435 1513
1435 1675
1436 1675
1436 1679
1438 1950
1440 1629
1440 1764
1441 1968
1442 1461
1445 1897
1449 1721
1450 1580
1450 1587
1454 1718
1456 1615
1456 1755
1456 1774
1458 1718
1458 1962
1459 1628
1459 1636
1459 1882
1460 1516
1461 1579
1461 1615
1461 1871
1461 1993
1462 1679
1462 1680
1462 1765
1463 1623
1464 1921
1465 1712
1468 1493
1468 1495
1470 1732
1470 1827
1471 1478
1474 1957
1475 1732
1478 1539
1478 1660
1479 1584
1479 1665
1481 1607
1482 1493
1482 1573
1482 1974
1483 1626
1484 1573
1484 1675
1488 1798
1489 1522
1490 1691
1491 1950
1493 1564
1493 1821
1494 1823
1495 1615
1498 1505
1500 1750
1500 1769
1500 1935
1501 1721
1501 1955
1503 1750
1505 1655
1507 1509
1509 1527
1509 1756
1509 1800
1513 1642
1513 1759
1513 1760
1514 1955
1516 1559
1516 1599
1516 1659
1516 1829
1516 1873
1517 1611
1518 1955
1519 1565
1521 1778
1521 1933
1522 1907
1524 1878
1525 1876
1526 1974
1529 1804
1531 1719
1531 1828
1531 1829
1532 1652
1533 1821
1533 1893
1534 1933
1535 1608
1535 1821
1535 1947
1536 1779
1540 1957
1541 1637
1542 1933
1543 1729
1544 1714
1544 1775
1544 1942
1548 1549
1549 1635
1552 1629
1557 1670
1559 1869
1559 1947
1560 1747
1560 1967
1564 1584
1564 1776
1565 1843
1568 1674
1569 1573
1570 1647
1573 1851
1574 1575
1575 1680
1576 1628
1577 1647
1578 1580
1578 1581
1579 1925
1581 1656
1581 1706
1581 1746
1581 1768
1581 1961
1581 1979
1582 1615
1582 1936
1583 1643
1583 1692
1584 1585
1584 1586
1585 1687
1586 1893
1588 1750
1597 1600
1597 1616
1599 1604
1599 1867
1599 1868
1600 1899
1601 1670
1602 1619
1603 1702
1604 1647
1604 1809
1604 1850
1605 1607
1606 1858
1608 1609
1608 1610
1608 1611
1611 1784
1611 1820
1611 1887
1611 1971
1613 1622
1613 1643
1613 1725
1615 1670
1615 1796
1615 1798
1615 1843
1615 1990
1616 1621
1616 1648
1616 1951
1618 1781
1621 1719
1622 1776
1625 1788
1626 1971
1628 1721
1628 1724
1629 1650
1630 1804
1631 1749
1631 1812
1631 1851
1632 1861
1634 1638
1636 1819
1636 1878
1637 1680
1638 1689
1638 1776
1639 1687
1640 1804
1641 1643
1642 1776
1643 1780
1643 1817
1643 1900
1643 1967
1646 1879
1647 1916
1647 1961
1652 1694
1652 1765
1654 1683
1654 1969
1661 1950
1663 1726
1663 1922
1667 1675
1667 1702
1670 1854
1671 1718
1671 1950
1675 1962
1675 1967
1679 1729
1679 1832
1679 1877
1681 1826
1681 1904
1683 1743
1683 1872
1685 1924
1692 1698
1692 1718
1692 1767
1698 1699
1698 1700
1698 1701
1701 1722
1702 1825
1704 1882
1705 1962
1712 1719
1714 1930
1714 1964
1716 1776
1717 1718
1717 1719
1721 1872
1722 1752
1722 1753
1722 1754
1725 1726
1725 1727
1726 1788
1728 1743
1729 1730
1731 1732
1732 1777
1732 1852
1733 1735
1734 1804
1735 1992
1740 1947
1748 1847
1749 1843
1750 1799
1750 1800
1750 1801
1753 1968
1756 1904
1756 1930
1757 1996
1758 1970
1764 1812
1766 1796
1766 1945
1771 1823
1772 1774
1776 1893
1778 1832
1779 1870
1784 1843
1785 1786
1785 1787
1785 1788
1787 1793
1787 1935
1787 1956
1789 1818
1789 1845
1795 1796
1801 1930
1805 1854
1805 1967
1812 1921
1818 1820
1818 1854
1821 1903
1826 1884
1826 1940
1828 1850
1844 1845
1847 1852
1850 1916
1854 1905
1861 1898
1862 1864
1864 1918
1869 1987
1876 1980
1882 1916
1882 1927
1882 1954
1897 1961
1899 1933
1901 1962
1907 1985
1913 1957
1919 1957
1925 1954
1936 1986
1941 1945
1945 1973
1946 1947
1947 1971
1958 1996
1966 1967
1978 1986
