0 2
0 9
0 13
1 759
1 1247
2 38
2 73
2 193
2 425
2 493
2 1542
2 1570
2 1981
4 571
4 1584
4 1624
5 1026
5 1246
6 650
7 608
7 1007
8 811
9 318
9 356
9 617
9 782
9 802
9 906
9 1125
9 1135
9 1483
9 1607
9 1804
9 1995
10 48
10 1007
10 1011
10 1014
10 1015
11 77
11 352
11 395
11 1885
13 51
13 167
13 1153
13 1422
13 1529
13 1611
13 1726
13 1842
13 1926
14 21
14 22
14 26
15 1955
18 1476
18 1610
19 320
20 322
20 1110
20 1259
20 1462
21 98
21 189
21 337
21 394
21 615
21 692
21 869
21 1057
21 1145
21 1204
21 1544
22 188
22 244
22 269
22 379
22 562
22 802
22 849
22 1098
22 1109
22 1110
23 192
24 433
24 1131
26 149
26 215
26 398
26 601
26 833
26 931
26 1002
27 31
27 35
28 1362
30 322
30 1476
31 73
31 96
31 226
31 509
31 755
31 874
31 1114
31 1266
31 1354
31 1972
32 98
32 195
32 299
34 404
34 1100
34 1396
34 1586
35 113
35 159
35 317
35 497
35 556
35 754
35 804
35 1020
35 1464
35 1604
35 1947
36 37
36 38
36 39
36 40
36 41
36 42
36 43
37 665
37 1171
38 211
38 362
38 412
38 518
38 532
38 601
38 829
38 1051
38 1145
38 1258
38 1627
38 1962
39 141
39 1823
40 257
40 465
41 1576
41 1784
42 518
42 519
43 382
43 1086
43 1460
44 45
44 46
44 47
44 48
44 49
44 50
44 51
44 52
44 53
44 54
44 55
44 56
44 57
44 58
44 59
45 1478
45 1521
45 1551
46 1499
46 1500
47 226
47 338
47 442
47 472
47 688
47 689
47 690
47 691
47 692
48 400
48 491
48 691
48 695
48 1234
48 1493
48 1863
49 208
49 446
49 455
49 508
49 902
49 1107
49 1110
49 1126
49 1323
49 1471
49 1581
49 1652
49 1692
49 1728
49 1732
50 433
50 560
50 1259
50 1384
50 1394
51 239
51 740
51 800
51 819
51 874
51 979
51 1064
51 1121
51 1316
51 1499
51 1567
51 1569
51 1951
52 668
52 928
52 1979
53 98
53 665
54 58
54 1626
54 1627
55 284
55 677
55 690
55 819
55 1056
55 1094
55 1219
55 1532
55 1919
56 150
56 216
56 284
56 302
56 383
56 591
56 870
56 871
56 872
56 873
56 874
56 875
57 480
57 584
57 693
57 860
57 982
57 1130
57 1134
57 1508
57 1637
57 1928
58 174
58 242
58 397
58 409
58 896
58 1030
58 1538
58 1566
58 1598
59 458
59 1576
60 66
61 1356
61 1476
62 1147
62 1148
62 1150
63 1270
63 1580
63 1794
63 1914
64 522
64 1686
65 359
65 1321
65 1929
66 174
66 196
66 562
66 591
66 596
66 906
66 1525
66 1539
66 1658
66 1943
67 77
68 1526
68 1588
71 179
71 1103
71 1586
71 1909
72 1016
73 552
73 785
74 311
74 800
74 1050
74 1052
74 1054
75 1448
75 1728
76 225
76 1026
76 1851
77 257
77 303
77 698
77 699
77 700
78 83
79 111
79 136
79 208
79 1352
80 131
80 432
80 706
80 811
81 1893
82 1199
82 1476
83 235
83 544
83 610
83 719
83 720
83 721
83 722
84 794
84 1522
85 759
85 1394
85 1427
85 1580
85 1903
86 87
87 1181
87 1485
87 1594
87 1702
87 1736
87 1773
88 326
88 465
88 928
89 220
89 273
89 608
89 1175
89 1384
90 706
90 1462
90 1718
92 352
92 522
92 747
93 94
93 98
93 99
94 432
94 512
94 646
94 1015
94 1271
94 1287
94 1390
94 1521
94 1605
94 1642
94 1706
95 148
95 190
95 1772
96 431
96 774
97 597
97 1245
98 118
98 183
98 272
98 294
98 574
98 1067
98 1090
98 1990
99 137
99 643
99 1451
99 1558
99 1648
100 794
100 1294
101 102
102 159
102 235
102 256
102 567
102 1074
102 1174
103 1638
104 552
104 560
104 667
104 1850
104 1903
105 930
105 1015
106 107
106 108
106 109
106 110
106 111
106 112
106 113
106 114
106 115
106 116
107 1125
108 445
108 1138
109 845
109 1060
109 1103
110 759
111 247
111 384
111 604
111 617
111 618
111 619
111 620
111 621
111 622
111 623
111 624
112 254
112 1046
112 1178
112 1396
113 902
113 1576
114 668
114 1075
114 1224
116 1195
116 1524
116 1547
116 1695
118 739
118 1129
119 1038
119 1178
119 1736
120 560
120 1426
121 507
121 635
121 1384
122 127
122 131
122 134
123 522
123 785
123 1287
123 1738
124 759
124 839
124 1386
125 1088
125 1121
125 1258
125 1412
125 1543
127 184
127 250
127 511
127 847
127 1204
127 1224
128 1768
129 432
129 1173
129 1243
129 1335
129 1344
129 1346
130 280
130 704
130 705
130 706
131 167
131 544
131 577
131 853
131 1037
131 1498
131 1508
131 1608
131 1881
132 273
132 831
132 914
133 652
133 1524
134 580
134 946
134 981
134 1116
134 1379
134 1507
134 1579
134 1843
134 1884
135 136
135 139
135 141
136 267
136 1087
136 1629
136 1788
138 1079
138 1681
139 565
139 648
139 707
139 851
139 876
139 908
139 979
139 1298
139 1520
139 1871
140 305
141 319
141 440
141 1009
141 1447
141 1802
142 618
143 960
144 519
145 1915
147 148
147 149
147 150
147 151
147 152
147 153
147 154
148 166
148 350
148 364
148 757
148 844
148 923
148 958
148 1371
148 1907
148 1919
148 1935
150 1427
150 1460
151 1581
152 179
154 774
154 1033
154 1247
154 1561
155 157
155 160
156 642
157 282
157 322
157 502
157 1847
157 1922
157 1945
158 345
158 352
159 844
159 845
159 848
160 163
160 276
160 293
160 967
160 1521
160 1824
161 1625
162 458
162 1356
162 1989
163 329
163 1278
163 1586
164 1164
164 1195
164 1521
164 1915
165 1399
165 1866
166 280
166 457
166 1147
166 1335
167 1073
167 1282
167 1736
169 172
170 1049
170 1499
170 1589
170 1903
170 1953
171 257
171 1075
171 1283
171 1517
171 1547
171 1742
171 1953
172 636
172 749
172 999
172 1270
172 1703
172 1704
173 976
174 1784
175 622
175 638
175 837
176 841
177 192
177 426
177 844
177 1416
177 1695
178 179
178 186
179 1593
179 1716
179 1736
179 1918
180 315
180 1172
180 1315
180 1526
181 966
181 1316
182 864
182 1255
183 1246
184 308
184 834
184 911
186 428
186 501
186 777
186 1081
186 1181
186 1341
187 190
187 192
187 195
188 884
188 1050
189 209
189 955
189 1589
189 1745
190 192
190 292
190 356
190 370
190 388
190 509
190 622
190 845
190 867
190 927
190 1363
190 1591
190 1625
190 1955
191 337
191 1195
192 350
192 511
192 842
192 993
192 994
192 995
195 212
195 241
195 1182
195 1472
195 1639
196 799
196 1164
196 1201
197 201
197 207
198 738
198 1026
198 1620
199 431
199 907
201 266
201 447
201 452
201 552
201 773
201 1016
201 1021
201 1397
201 1489
201 1554
201 1555
201 1628
201 1957
202 1171
202 1261
202 1316
203 225
204 1980
205 745
205 1795
205 1914
207 248
207 339
207 719
207 831
207 911
207 1149
207 1302
207 1393
207 1397
207 1480
207 1577
207 1591
207 1751
208 209
208 210
208 211
208 212
208 213
208 214
208 215
208 216
208 217
208 218
208 219
208 220
209 679
209 680
209 681
209 682
209 683
209 684
209 685
209 686
209 687
210 652
211 395
212 560
212 1588
213 530
213 638
213 1026
214 1107
214 1403
214 1416
215 455
215 1490
217 324
217 785
217 1150
218 589
218 617
218 1021
218 1837
219 708
219 901
219 908
219 1047
220 1256
220 1348
220 1365
220 1640
220 1690
220 1820
221 236
221 430
221 1283
221 1499
222 800
223 380
223 1140
223 1201
224 488
224 1237
225 587
225 696
225 1110
225 1251
225 1296
225 1303
225 1425
225 1512
225 1556
226 596
226 665
226 1015
226 1147
226 1172
228 320
228 642
228 811
229 721
229 1315
229 1939
230 772
230 1110
230 1476
231 236
232 457
232 1177
233 831
233 884
233 1382
233 1780
234 345
234 1607
235 445
235 667
235 1049
236 640
236 719
236 738
236 1034
236 1035
236 1036
236 1037
239 1581
240 1138
240 1259
240 1335
241 1174
241 1246
241 1540
242 960
242 1588
243 642
244 884
244 1517
245 902
246 247
246 248
246 249
246 250
246 251
246 252
247 260
247 264
248 963
248 1247
248 1567
249 303
249 508
249 607
249 627
249 629
249 900
249 958
249 1220
249 1552
249 1560
249 1642
250 972
252 404
252 1243
252 1447
253 254
253 257
254 388
254 548
254 729
254 840
254 880
254 897
254 1395
254 1516
254 1553
254 1924
255 1647
256 362
256 1414
257 601
257 725
257 1045
257 1069
257 1075
257 1208
257 1352
257 1367
257 1554
257 1937
260 337
260 632
260 740
260 1041
260 1317
260 1375
260 1395
260 1839
260 1841
260 1842
262 470
262 1116
262 1953
263 642
263 1427
264 402
264 508
264 645
264 1101
264 1232
264 1273
264 1404
264 1511
264 1720
265 273
266 757
266 1447
268 615
268 806
268 1057
268 1612
268 1993
269 1738
269 1906
271 455
271 638
271 799
272 1087
272 1420
272 1893
273 432
273 764
273 956
273 1029
273 1136
274 278
274 280
274 285
274 286
275 1111
276 635
276 1681
276 1685
277 311
277 713
277 834
278 298
278 435
278 520
278 939
278 1445
278 1736
279 845
279 1087
280 392
280 777
280 945
280 1273
282 518
282 738
282 864
282 1939
283 816
283 1175
284 1451
285 319
285 672
285 874
285 892
285 911
285 1041
285 1221
285 1251
285 1252
285 1820
285 1946
286 415
286 440
286 606
286 1143
286 1322
286 1447
286 1494
286 1706
286 1732
286 1740
286 1746
286 1843
287 290
287 292
288 458
288 1698
289 1401
290 327
290 346
290 551
290 968
290 1282
290 1665
290 1676
290 1689
291 1052
291 1323
292 342
292 399
292 940
292 944
292 1090
292 1324
292 1467
292 1530
292 1720
293 750
293 772
293 1007
293 1352
294 1386
294 1490
294 1551
294 1805
295 498
295 738
295 1358
295 1403
296 508
296 1384
297 299
297 305
298 560
298 728
299 511
299 631
299 1020
299 1166
299 1169
299 1316
299 1365
299 1613
299 1614
299 1615
300 1054
300 1199
300 1384
301 1125
301 1201
301 1382
302 757
302 845
303 331
304 903
304 1397
304 1470
304 1522
305 569
305 911
305 987
305 1045
305 1461
305 1714
305 1882
305 1994
307 308
307 311
307 313
307 315
308 332
308 366
308 953
308 1142
308 1282
308 1972
309 1007
309 1686
310 345
310 432
310 745
310 1382
311 358
311 585
311 589
311 695
311 735
311 931
311 1799
311 1916
311 1996
312 1522
312 1624
312 1993
313 562
313 848
313 874
313 891
313 1114
313 1122
313 1403
313 1459
313 1561
313 1665
313 1694
313 1787
313 1805
314 1231
315 679
315 757
315 926
315 1256
315 1501
315 1645
315 1880
315 1966
316 622
316 1147
316 1172
316 1316
317 318
317 319
317 320
317 321
317 322
317 323
317 324
317 325
317 326
317 327
317 328
317 329
317 330
318 519
318 1583
319 1050
320 401
320 692
320 965
320 1106
320 1114
320 1242
320 1367
320 1928
321 347
321 491
321 1037
321 1089
321 1210
321 1304
321 1597
321 1834
322 531
322 689
322 724
322 759
322 764
322 1312
322 1572
322 1661
322 1700
323 345
323 1176
323 1259
323 1424
324 491
324 492
324 493
324 494
324 495
325 1138
325 1728
326 423
326 469
326 652
326 785
326 1168
326 1382
326 1479
326 1654
326 1692
326 1734
326 1735
326 1759
328 652
328 1929
329 348
329 453
329 464
329 493
329 905
329 1136
329 1425
329 1711
329 1712
330 768
330 1289
331 332
331 333
331 334
331 335
331 336
331 337
331 338
331 339
333 1490
333 1785
334 507
334 1414
336 811
336 864
336 1137
336 1399
337 346
337 350
337 585
337 605
337 610
337 668
337 713
337 834
337 961
337 963
337 1014
337 1115
337 1199
337 1294
337 1405
337 1487
337 1517
337 1664
338 592
338 1050
338 1057
338 1172
338 1356
338 1427
338 1584
340 1125
340 1401
341 667
341 728
341 972
343 1431
343 1962
345 347
345 474
345 654
345 1059
345 1096
345 1138
345 1219
345 1220
345 1221
345 1222
346 837
346 1027
347 1487
348 1480
348 1914
352 381
352 412
352 451
352 1154
352 1241
352 1472
352 1507
352 1767
354 471
354 1934
355 359
355 362
355 363
356 615
356 1607
357 1247
357 1282
357 1728
358 530
359 444
359 460
359 637
359 698
359 1088
359 1119
359 1129
359 1340
359 1732
359 1932
360 1175
361 713
361 1939
362 593
362 855
362 1024
362 1040
362 1124
362 1276
362 1340
362 1721
363 452
363 466
363 537
363 539
363 640
363 1577
363 1655
364 1164
364 1968
365 376
365 1610
365 1638
365 1707
366 571
366 1470
367 408
367 954
368 1805
369 518
369 1172
370 374
370 376
372 508
372 864
372 979
372 1289
373 834
373 1177
373 1586
373 1639
374 514
374 858
374 1139
374 1143
374 1154
374 1546
374 1692
376 664
376 932
376 1104
376 1258
376 1288
376 1342
376 1459
377 1414
377 1416
377 1420
378 1624
378 1980
379 1270
380 381
380 382
380 383
380 384
380 385
380 386
380 387
380 388
380 389
380 390
380 391
381 560
381 1159
381 1396
381 1443
381 1763
382 484
382 590
382 801
382 815
382 1130
382 1166
382 1370
382 1852
383 845
384 638
385 1088
385 1172
386 790
386 1140
387 1079
387 1247
387 1488
388 537
388 538
388 743
388 757
388 915
388 1079
388 1205
388 1259
388 1261
388 1289
388 1384
388 1397
388 1543
388 1620
388 1681
388 1686
388 1692
388 1693
389 1686
390 457
392 395
392 404
392 406
392 408
395 508
395 536
395 689
395 716
395 751
395 871
395 1084
395 1529
395 1675
396 909
396 1414
397 1237
397 1678
399 1583
399 1627
399 1698
400 537
400 1049
400 1866
400 1915
401 1016
401 1100
403 831
404 733
404 734
404 735
404 736
404 737
404 738
405 963
405 1736
405 1906
406 512
406 1530
406 1614
406 1746
406 1773
406 1884
406 1929
407 1356
408 1022
408 1085
408 1307
408 1349
408 1444
408 1451
409 413
410 507
410 508
410 509
410 510
411 457
411 1116
411 1718
411 1867
412 522
413 459
413 812
413 865
413 1191
413 1305
413 1456
413 1532
413 1586
415 728
415 1323
415 1580
416 432
416 1171
416 1384
417 1178
417 1448
418 650
418 1401
419 445
419 667
420 488
421 1718
421 1916
422 423
422 424
422 425
422 426
422 427
422 428
422 429
422 430
422 431
422 432
422 433
422 434
422 435
423 1321
423 1693
424 1016
425 750
425 790
425 1177
425 1488
426 779
426 793
426 887
426 1257
426 1375
426 1546
426 1715
426 1719
427 872
427 1473
428 1147
428 1476
429 885
429 955
429 1132
429 1138
430 660
430 716
430 718
430 908
430 913
430 1286
430 1461
430 1479
431 568
431 586
431 692
431 767
431 1606
431 1644
431 1843
431 1956
432 596
432 626
432 673
432 1163
432 1422
432 1769
432 1932
433 467
433 822
433 846
434 1358
434 1434
435 1718
435 1736
436 441
436 445
437 747
437 1382
437 1950
437 1953
438 1243
438 1355
438 1356
438 1358
440 841
441 509
441 626
441 820
441 1445
441 1987
441 1995
442 1630
444 1175
445 527
445 537
445 1497
446 955
446 1483
447 455
448 713
449 1231
450 1487
450 1723
451 1885
452 979
453 728
453 1176
454 1427
454 1475
454 1488
455 656
455 953
455 975
455 1012
455 1525
455 1577
455 1879
456 1261
456 1545
456 1638
457 458
457 459
457 460
457 461
457 462
457 463
458 495
458 503
458 541
458 799
458 806
458 897
458 938
458 939
458 940
458 941
458 942
460 1500
460 1524
461 665
461 1384
464 1362
464 1523
465 982
465 1127
465 1692
465 1990
467 470
467 471
467 476
468 772
469 1475
469 1588
470 516
470 928
471 670
471 794
471 843
471 962
471 1120
471 1193
471 1234
471 1314
471 1914
471 1915
472 577
472 1270
474 665
475 1523
475 1540
475 1728
476 729
476 792
476 1372
476 1380
476 1451
476 1676
476 1714
476 1715
476 1774
476 1870
477 479
479 508
479 1008
479 1510
480 652
481 806
481 1893
481 1993
484 1638
484 1639
485 1138
485 1176
485 1362
486 488
487 608
487 1125
487 1460
488 547
488 677
488 1146
488 1318
488 1479
488 1542
488 1692
488 1960
489 577
489 638
489 1471
489 1583
490 592
490 1480
492 1060
492 1723
492 1929
493 757
494 608
494 1243
495 1321
496 498
497 1523
498 748
498 1139
498 1211
498 1378
498 1483
498 1654
498 1755
498 1995
499 1321
502 1046
502 1178
502 1745
502 1950
502 1951
503 930
503 1652
504 979
504 1173
505 1950
506 799
506 907
506 1125
507 1236
507 1379
507 1508
507 1521
507 1650
507 1878
508 850
508 885
508 1008
508 1304
508 1350
508 1432
508 1746
508 1763
508 1993
509 657
509 706
509 994
509 1007
509 1044
509 1049
509 1221
509 1608
509 1667
509 1777
510 846
510 1017
510 1055
510 1088
510 1336
511 1382
511 1540
512 909
512 977
512 1866
513 705
514 721
514 1015
514 1851
515 1107
515 1522
515 1580
517 954
518 566
518 1687
518 1724
519 1240
519 1316
519 1317
519 1318
519 1319
519 1320
520 522
522 585
522 727
522 1767
523 1431
523 1460
523 1909
525 1989
527 966
528 530
528 533
528 537
528 538
529 1121
530 671
530 762
530 828
530 1333
530 1418
530 1535
530 1753
530 1916
531 927
531 928
531 1100
531 1914
532 824
532 1087
532 1471
532 1607
533 922
533 1736
533 1778
534 925
534 1215
534 1416
536 1316
536 1386
537 581
537 642
537 666
537 1017
537 1023
537 1131
537 1197
537 1385
538 683
538 712
538 1008
538 1080
538 1102
538 1557
538 1648
539 1159
541 848
541 1625
542 925
542 1522
543 841
543 1763
544 800
544 1610
545 962
545 1808
546 721
546 1412
547 1742
548 1921
549 721
549 1170
549 1477
549 1610
550 552
550 560
551 867
551 1159
551 1723
552 628
552 972
552 1050
552 1124
552 1201
552 1335
552 1509
552 1812
552 1934
552 1953
553 1492
554 1315
555 608
555 1447
556 1547
557 962
557 1049
558 1560
559 1686
560 663
560 834
560 1368
560 1507
560 1518
560 1519
563 1339
564 950
564 1215
565 1129
565 1173
567 1269
568 811
568 816
569 1681
570 1026
570 1054
570 1382
571 572
571 573
571 574
571 575
571 576
571 577
571 578
571 579
572 1224
572 1523
574 816
574 1416
576 1129
576 1131
576 1132
576 1133
577 629
577 659
577 682
577 846
577 922
577 1054
577 1148
577 1404
577 1425
577 1450
578 759
578 1170
578 1420
579 1243
579 1462
580 1431
580 1586
581 1951
582 1893
583 1403
583 1745
583 1761
584 635
584 1630
584 1808
585 845
585 1245
585 1761
587 592
587 596
588 1424
590 1131
590 1427
590 1527
591 1133
591 1630
592 639
592 845
592 1334
592 1343
592 1388
592 1635
592 1765
592 1890
593 1103
594 1060
594 1772
595 1647
595 1968
596 942
596 1333
596 1365
596 1699
596 1717
596 1890
596 1909
596 1974
596 1980
597 598
597 599
597 600
597 601
597 602
597 603
597 604
597 605
597 606
598 1014
599 1751
600 1258
600 1698
600 1980
601 925
601 1224
601 1367
601 1610
601 1635
601 1674
601 1758
601 1767
601 1778
601 1779
601 1780
601 1781
603 1519
605 738
605 1335
606 1424
607 608
608 1358
608 1497
608 1512
608 1922
609 1121
609 1427
610 1246
610 1480
611 615
612 1199
612 1205
612 1540
613 1448
614 1414
614 1823
615 857
615 1713
615 1998
616 885
616 1492
616 1612
616 1794
617 1480
618 726
618 789
618 836
618 1042
618 1465
618 1659
618 1807
618 1812
619 1282
619 1283
620 713
620 799
621 1772
622 767
622 1006
622 1073
622 1088
622 1120
622 1273
622 1534
622 1719
622 1875
622 1882
622 1925
623 1517
624 1237
624 1386
626 745
627 1745
628 635
629 1519
629 1768
630 747
630 1527
630 1795
631 1517
632 724
633 1607
634 1492
635 834
635 1203
635 1206
635 1208
635 1954
635 1967
636 1033
636 1627
636 1678
637 638
637 642
638 646
638 873
638 946
638 999
638 1087
638 1132
638 1423
638 1570
639 1173
640 915
640 1052
641 1543
641 1808
641 1933
642 1090
642 1319
642 1697
642 1938
643 974
643 1695
644 1215
645 1738
646 1075
646 1736
646 1779
647 1543
648 1014
648 1046
648 1823
648 1962
649 650
649 652
650 748
650 751
650 879
650 1103
650 1788
650 1960
652 761
652 1096
652 1444
652 1782
652 1973
654 774
654 848
654 1033
656 962
656 979
656 1624
656 1625
657 1480
658 1596
659 848
659 1364
659 1921
659 1934
660 844
660 1745
660 1914
660 1955
662 1484
663 757
663 990
663 1131
663 1147
664 1580
665 666
665 667
665 668
665 669
665 670
665 671
665 672
666 1396
666 1397
667 869
667 1043
667 1112
667 1896
667 1990
668 720
668 739
668 1024
668 1111
668 1138
668 1220
668 1420
668 1688
668 1921
668 1922
668 1923
669 768
669 772
670 935
670 1137
670 1766
670 1915
672 1384
672 1766
673 674
673 675
673 676
673 677
673 678
674 963
674 1247
674 1499
675 1678
675 1698
676 824
676 1403
676 1707
678 1133
681 1567
682 816
683 844
683 1289
684 1583
684 1808
687 1075
687 1287
687 1561
688 1761
689 834
689 1346
689 1627
689 1698
690 1499
691 1259
691 1335
694 1269
694 1551
695 777
695 1138
696 1110
697 911
697 1480
697 1488
698 1394
699 705
699 1107
700 1027
700 1050
700 1420
700 1624
702 816
704 854
704 938
704 1036
704 1282
704 1366
705 869
705 1149
705 1223
705 1538
705 1666
705 1680
705 1692
706 1097
706 1438
706 1711
706 1715
706 1822
707 884
707 1540
708 1580
709 713
710 1287
711 1107
712 794
712 1626
713 998
713 1063
713 1210
713 1599
713 1711
714 1261
714 1431
715 794
715 960
715 1356
715 1401
715 1443
717 903
719 758
719 1174
720 1545
721 777
721 920
721 1093
721 1219
721 1224
721 1279
721 1516
721 1604
721 1938
722 1172
723 724
723 728
724 1271
724 1306
724 1390
724 1429
724 1432
724 1702
724 1725
724 1792
725 738
725 902
725 1046
725 1734
726 950
727 966
728 735
728 1268
728 1451
728 1932
728 1949
728 1996
730 867
731 1015
731 1500
732 907
732 962
732 1475
732 1596
733 872
733 1952
735 1270
736 1523
737 1049
737 1521
737 1543
738 1390
738 1481
738 1482
738 1483
738 1484
739 740
739 741
739 742
740 1075
740 1299
741 1382
741 1980
742 1523
742 1783
742 1903
743 1259
743 1685
745 1108
745 1767
746 747
746 750
747 858
747 1441
747 1634
747 1766
747 1874
748 1140
748 1734
749 1448
750 933
750 1295
750 1521
750 1836
751 1174
751 1866
751 1955
752 1107
752 1893
753 1989
754 1344
754 1763
755 1581
755 1779
756 757
756 758
756 759
757 794
757 832
757 1051
757 1364
757 1664
757 1851
758 791
758 978
758 1043
758 1222
758 1486
758 1734
758 1821
759 1419
762 1016
762 1075
762 1150
762 1652
762 1761
763 790
764 1195
764 1471
764 1772
764 1929
765 839
765 1953
766 1584
767 935
768 915
768 918
768 1056
768 1170
768 1171
768 1172
768 1173
768 1174
768 1175
768 1176
768 1177
768 1178
769 914
769 1054
769 1148
770 1681
771 1993
772 882
772 1064
772 1474
772 1865
772 1866
773 774
773 777
774 1064
774 1425
774 1767
774 1816
775 1344
775 1681
777 870
777 930
777 965
777 1065
777 1094
777 1256
777 1630
777 1903
778 1137
779 960
779 1050
779 1199
779 1294
780 990
780 1174
780 1980
782 1462
782 1521
784 1159
784 1176
784 1403
784 1914
785 786
785 787
785 788
785 789
786 930
786 1915
788 1299
788 1426
788 1545
788 1738
789 1434
790 791
790 792
790 793
790 794
790 795
790 796
791 1205
791 1487
791 1488
791 1490
792 1478
793 1170
793 1246
793 1316
794 975
794 980
794 1305
794 1515
794 1596
794 1819
795 1584
797 799
797 800
798 1147
799 821
799 1204
799 1352
799 1675
799 1755
799 1778
799 1906
800 1146
800 1219
800 1392
800 1446
800 1654
800 1999
801 1201
801 1294
802 806
803 1158
803 1584
804 841
804 845
804 1989
805 903
806 1918
806 1940
806 1941
807 962
807 1129
807 1625
809 831
809 1121
809 1132
809 1287
810 1175
811 844
811 1228
811 1264
811 1348
811 1450
812 1394
812 1745
813 1321
814 1473
815 1060
816 840
816 1113
816 1320
816 1522
816 1546
816 1622
816 1984
818 1612
819 1086
819 1567
820 1607
821 824
821 831
823 1138
824 825
824 1274
824 1368
824 1405
824 1483
824 1530
824 1870
824 1923
825 1174
825 1224
825 1823
826 1470
828 950
829 841
829 1132
830 1487
831 917
831 1055
831 1184
831 1453
831 1892
832 834
832 837
833 1939
834 884
834 915
834 1135
834 1396
834 1401
834 1580
834 1628
834 1719
835 1079
835 1543
836 1761
836 1850
837 1180
837 1298
837 1397
837 1411
837 1729
838 839
838 841
839 985
839 1032
839 1263
839 1371
839 1397
839 1501
839 1502
839 1503
840 915
840 1088
840 1358
840 1471
841 894
841 1029
841 1179
841 1451
841 1629
842 1027
843 1164
843 1358
843 1431
844 955
844 1047
844 1118
844 1152
844 1514
844 1589
844 1816
845 918
845 1453
845 1454
846 1583
846 1962
848 1114
849 1073
849 1287
849 1916
850 1289
850 1447
852 859
854 972
854 974
854 976
856 1007
856 1243
856 1652
857 1488
858 1610
858 1766
859 875
859 1059
859 1442
859 1744
859 1866
860 1567
860 1695
861 864
861 867
863 1426
863 1867
864 1217
864 1233
864 1285
864 1384
864 1512
864 1731
865 1867
866 928
867 892
867 978
867 1115
867 1136
867 1331
867 1437
868 1073
868 1246
870 1140
872 883
872 932
872 1265
872 1725
872 1864
874 1362
875 1132
878 1121
878 1237
879 1132
879 1321
879 1527
879 1693
879 1768
880 884
880 885
882 1431
884 992
884 1118
884 1139
884 1564
884 1644
884 1950
885 895
885 1010
885 1028
885 1096
887 1364
887 1652
888 954
888 1121
890 915
890 1110
891 1356
892 1258
896 902
899 1170
899 1517
899 1785
900 1283
900 1352
900 1477
901 1339
901 1401
901 1736
902 1544
902 1557
902 1558
902 1572
902 1634
902 1919
902 1982
903 1282
903 1680
903 1947
905 907
905 909
905 911
906 1121
907 1116
907 1118
907 1207
907 1442
907 1562
909 949
909 1397
909 1770
909 1845
909 1887
911 1033
911 1403
911 1443
911 1470
911 1563
911 1612
912 1173
913 955
913 1416
914 915
914 916
914 917
914 918
914 919
914 920
914 921
914 922
915 1026
915 1052
915 1148
915 1215
915 1272
915 1282
915 1813
915 1866
915 1971
916 1103
917 1027
917 1652
918 1358
919 1054
919 1914
920 1038
921 1195
921 1403
923 925
923 927
923 928
923 930
925 939
925 1144
925 1153
925 1555
925 1566
925 1738
925 1907
925 1945
927 1709
927 1837
928 1041
928 1174
928 1355
928 1562
928 1777
928 1785
929 1487
929 1561
930 1114
930 1193
930 1272
931 1116
932 1473
933 1103
934 935
935 949
935 987
935 1098
935 1110
935 1160
935 1831
935 1904
935 1957
936 1086
937 1133
937 1172
937 1728
938 1968
941 1768
942 1893
944 1137
944 1950
945 1346
946 1086
946 1087
946 1088
947 1110
947 1164
947 1416
947 1607
948 1052
948 1316
949 950
949 954
949 955
950 1200
950 1201
950 1202
951 1131
951 1551
951 1866
953 1205
954 1156
954 1203
954 1521
954 1614
954 1846
955 1096
955 1285
955 1455
955 1605
956 960
956 962
959 1147
960 1106
960 1366
960 1384
960 1694
961 1100
961 1138
961 1526
962 1452
962 1622
965 1315
966 1050
966 1064
966 1535
966 1618
966 1659
966 1754
966 1769
966 1776
968 1772
969 1625
970 1443
971 1087
971 1224
971 1939
972 1089
972 1188
972 1234
973 1490
973 1607
974 1022
974 1058
974 1297
974 1307
974 1451
974 1782
975 1111
975 1527
975 1692
976 1456
976 1543
976 1669
976 1691
976 1747
977 978
977 979
977 980
977 981
978 1763
979 1109
979 1135
979 1218
979 1685
979 1936
979 1937
980 1050
980 1178
980 1246
980 1784
981 1283
984 1448
984 1480
985 1784
986 1075
986 1164
987 1140
988 990
989 1412
989 1473
990 1032
990 1132
990 1331
990 1667
990 1806
992 1916
994 1046
995 1448
995 1742
996 1763
997 1026
997 1772
998 1205
999 1396
1001 1215
1001 1270
1003 1412
1004 1885
1006 1107
1006 1580
1007 1495
1007 1528
1007 1760
1007 1970
1008 1282
1008 1403
1008 1551
1010 1199
1010 1394
1011 1180
1011 1381
1011 1471
1011 1711
1012 1060
1012 1205
1012 1451
1014 1279
1014 1350
1014 1464
1014 1465
1014 1466
1014 1467
1014 1468
1015 1446
1015 1747
1015 1799
1015 1888
1015 1974
1016 1017
1016 1018
1016 1019
1016 1020
1016 1021
1017 1624
1017 1626
1017 1968
1022 1023
1023 1216
1023 1275
1023 1417
1024 1026
1024 1027
1026 1059
1026 1788
1026 1892
1026 1928
1026 1954
1027 1281
1027 1322
1027 1352
1027 1708
1027 1776
1029 1866
1030 1738
1030 1946
1031 1148
1031 1627
1032 1231
1032 1915
1033 1056
1034 1499
1035 1647
1035 1989
1036 1784
1037 1355
1038 1081
1038 1347
1038 1451
1038 1670
1040 1785
1042 1499
1044 1519
1044 1736
1045 1358
1046 1047
1046 1048
1046 1049
1047 1867
1048 1768
1049 1247
1049 1350
1049 1376
1049 1932
1049 1948
1050 1197
1050 1237
1050 1546
1050 1621
1052 1623
1052 1631
1052 1847
1052 1977
1053 1116
1053 1707
1054 1220
1054 1598
1054 1599
1054 1600
1056 1057
1056 1060
1057 1190
1057 1192
1057 1271
1057 1327
1057 1338
1057 1534
1058 1779
1060 1088
1060 1276
1061 1231
1061 1946
1062 1906
1064 1955
1065 1079
1065 1246
1065 1299
1065 1893
1065 1921
1066 1434
1066 1526
1067 1736
1067 1916
1069 1707
1070 1073
1070 1075
1073 1381
1073 1599
1073 1603
1073 1711
1073 1884
1074 1170
1075 1106
1075 1196
1075 1731
1075 1834
1076 1158
1076 1480
1078 1473
1079 1080
1079 1081
1079 1082
1079 1083
1079 1084
1080 1175
1080 1866
1081 1364
1081 1412
1082 1626
1083 1321
1084 1584
1086 1199
1086 1815
1087 1183
1087 1312
1087 1552
1087 1661
1087 1722
1087 1836
1088 1381
1088 1394
1088 1423
1088 1424
1088 1425
1088 1426
1088 1427
1090 1953
1091 1133
1091 1402
1093 1780
1094 1316
1094 1780
1096 1524
1097 1399
1097 1624
1099 1195
1100 1101
1100 1102
1100 1103
1101 1147
1102 1627
1103 1277
1103 1282
1103 1493
1103 1586
1103 1742
1103 1838
1103 1935
1104 1500
1104 1909
1104 1950
1107 1221
1107 1250
1107 1459
1107 1991
1110 1116
1110 1399
1110 1482
1110 1500
1110 1576
1110 1638
1110 1639
1110 1761
1110 1781
1110 1968
1111 1112
1111 1113
1113 1734
1115 1866
1115 1955
1116 1213
1116 1232
1116 1534
1116 1553
1116 1608
1116 1808
1117 1527
1117 1698
1117 1751
1117 1766
1118 1121
1119 1358
1120 1526
1121 1497
1121 1498
1122 1583
1124 1125
1125 1534
1125 1802
1125 1918
1125 1919
1125 1923
1126 1205
1127 1344
1129 1357
1129 1891
1131 1345
1131 1615
1132 1150
1132 1274
1132 1302
1132 1767
1132 1781
1132 1841
1132 1885
1133 1291
1133 1692
1134 1137
1134 1138
1134 1140
1137 1199
1137 1341
1137 1890
1137 1907
1138 1959
1139 1294
1139 1424
1140 1162
1140 1662
1140 1681
1140 1877
1140 1932
1141 1237
1143 1795
1144 1434
1144 1761
1146 1934
1147 1483
1148 1240
1148 1286
1148 1398
1148 1425
1148 1460
1148 1461
1148 1462
1148 1463
1149 1174
1149 1939
1150 1186
1150 1326
1150 1715
1152 1171
1154 1158
1154 1159
1155 1471
1155 1639
1155 1885
1156 1718
1156 1989
1158 1263
1158 1403
1158 1622
1158 1664
1158 1703
1158 1974
1159 1199
1159 1211
1159 1370
1159 1463
1159 1857
1160 1589
1163 1201
1163 1805
1164 1193
1164 1533
1164 1569
1164 1674
1164 1692
1164 1740
1164 1823
1165 1283
1166 1638
1166 1939
1167 1738
1168 1955
1169 1914
1170 1388
1170 1440
1170 1508
1170 1668
1170 1669
1171 1389
1171 1439
1171 1814
1172 1569
1172 1705
1172 1876
1172 1957
1173 1198
1173 1408
1173 1899
1174 1280
1174 1407
1174 1633
1174 1826
1174 1991
1175 1432
1175 1554
1175 1913
1176 1284
1176 1308
1176 1347
1177 1307
1177 1456
1177 1778
1178 1241
1178 1544
1178 1770
1178 1771
1180 1517
1183 1581
1186 1426
1189 1335
1189 1734
1193 1245
1194 1195
1194 1199
1195 1312
1195 1483
1195 1759
1195 1994
1196 1567
1197 1915
1199 1356
1199 1390
1199 1706
1199 1778
1200 1215
1200 1394
1201 1622
1201 1695
1201 1721
1201 1722
1201 1723
1205 1368
1205 1485
1205 1486
1207 1323
1209 1352
1210 1339
1210 1763
1210 1933
1211 1607
1211 1934
1212 1751
1213 1586
1214 1321
1214 1447
1214 1448
1215 1741
1215 1880
1216 1768
1218 1490
1218 1929
1219 1358
1219 1416
1221 1576
1222 1434
1222 1526
1222 1612
1223 1224
1224 1278
1224 1488
1224 1635
1224 1669
1224 1894
1224 1938
1225 1630
1225 1906
1226 1519
1227 1399
1227 1627
1230 1763
1231 1766
1236 1237
1237 1770
1237 1997
1240 1243
1242 1245
1242 1246
1242 1247
1243 1586
1243 1608
1243 1635
1243 1733
1244 1473
1245 1304
1245 1639
1246 1397
1246 1407
1246 1433
1247 1269
1247 1508
1247 1703
1247 1732
1247 1784
1250 1255
1252 1420
1252 1707
1252 1962
1253 1567
1254 1321
1255 1353
1255 1427
1255 1520
1255 1530
1255 1833
1256 1258
1256 1259
1258 1346
1258 1398
1258 1422
1258 1448
1258 1501
1258 1753
1259 1363
1259 1649
1259 1789
1260 1261
1260 1269
1261 1835
1261 1842
1261 1844
1261 1861
1261 1876
1261 1877
1262 1624
1262 1763
1263 1416
1264 1403
1265 1625
1265 1639
1268 1766
1269 1341
1269 1587
1270 1280
1270 1357
1270 1366
1270 1734
1270 1926
1270 1987
1272 1384
1272 1478
1272 1808
1273 1451
1273 1473
1274 1362
1274 1624
1275 1283
1275 1567
1276 1278
1277 1427
1277 1620
1278 1622
1278 1684
1278 1759
1278 1960
1281 1414
1282 1393
1282 1407
1282 1414
1282 1875
1282 1876
1282 1877
1283 1605
1283 1692
1283 1739
1283 1740
1286 1356
1286 1527
1287 1288
1289 1290
1289 1291
1289 1292
1292 1909
1293 1294
1294 1599
1294 1640
1294 1667
1294 1682
1296 1299
1298 1352
1298 1480
1299 1310
1299 1622
1299 1627
1299 1942
1300 1473
1300 1893
1301 1588
1301 1589
1302 1523
1302 1952
1304 1728
1305 1346
1305 1424
1305 1526
1306 1488
1308 1315
1309 1339
1309 1480
1310 1543
1310 1933
1311 1399
1311 1401
1312 1471
1312 1626
1312 1906
1312 1929
1315 1322
1315 1347
1315 1455
1315 1654
1315 1832
1315 1929
1316 1726
1316 1884
1317 1521
1317 1805
1319 1728
1319 1885
1320 1402
1320 1620
1321 1767
1322 1426
1322 1431
1322 1866
1322 1979
1323 1703
1323 1838
1323 1928
1323 1961
1324 1968
1325 1356
1327 1401
1327 1545
1327 1596
1330 1933
1332 1339
1332 1583
1333 1335
1335 1609
1335 1864
1338 1339
1339 1483
1339 1724
1339 1820
1339 1897
1340 1903
1342 1403
1344 1385
1344 1528
1344 1916
1346 1672
1346 1755
1346 1920
1348 1401
1348 1751
1352 1381
1352 1453
1352 1570
1352 1987
1355 1406
1355 1788
1355 1818
1356 1717
1358 1483
1358 1516
1358 1929
1358 1989
1360 1362
1360 1364
1361 1402
1362 1672
1362 1692
1362 1886
1362 1970
1364 1501
1364 1782
1364 1807
1365 1476
1365 1524
1365 1823
1368 1735
1371 1443
1373 1785
1374 1414
1375 1980
1378 1561
1378 1612
1379 1795
1382 1640
1384 1385
1386 1499
1386 1799
1388 1783
1390 1394
1392 1620
1393 1460
1394 1923
1395 1596
1395 1903
1396 1854
1396 1860
1396 1919
1397 1474
1397 1521
1397 1522
1397 1523
1397 1524
1397 1525
1397 1526
1397 1527
1398 1543
1398 1681
1399 1643
1400 1519
1400 1638
1401 1798
1401 1927
1402 1403
1402 1404
1402 1405
1402 1406
1402 1407
1402 1408
1403 1512
1403 1791
1405 1738
1408 1728
1411 1522
1412 1493
1412 1502
1412 1656
1412 1734
1413 1850
1414 1485
1414 1562
1414 1563
1416 1457
1416 1510
1416 1639
1416 1834
1416 1897
1416 1954
1420 1782
1420 1863
1421 1460
1422 1761
1424 1816
1424 1817
1425 1624
1426 1618
1426 1724
1426 1803
1426 1967
1427 1481
1427 1588
1427 1945
1429 1526
1430 1431
1431 1457
1431 1624
1431 1644
1431 1692
1432 1434
1433 1728
1434 1692
1434 1925
1436 1627
1436 1678
1437 1588
1438 1950
1441 1499
1441 1968
1442 1686
1444 1681
1445 1588
1447 1492
1447 1536
1447 1570
1447 1689
1447 1760
1447 1797
1447 1929
1447 1932
1448 1450
1450 1580
1451 1483
1451 1547
1451 1760
1451 1892
1453 1484
1454 1718
1458 1718
1458 1962
1460 1516
1460 1569
1461 1993
1462 1679
1462 1680
1462 1765
1464 1921
1469 1903
1470 1635
1470 1732
1470 1827
1470 1963
1471 1472
1471 1473
1471 1474
1471 1475
1471 1476
1471 1477
1471 1478
1471 1479
1475 1732
1475 1760
1476 1506
1477 1557
1477 1604
1478 1539
1478 1660
1479 1584
1481 1586
1481 1607
1481 1934
1483 1542
1483 1545
1483 1551
1483 1626
1483 1707
1483 1766
1483 1767
1484 1573
1484 1675
1487 1769
1488 1798
1488 1886
1489 1522
1490 1660
1490 1691
1490 1767
1490 1895
1491 1950
1492 1710
1492 1911
1494 1742
1494 1823
1499 1633
1499 1634
1500 1750
1500 1769
1500 1935
1501 1620
1501 1955
1502 1734
1504 1723
1509 1527
1512 1867
1514 1953
1514 1955
1515 1545
1515 1547
1517 1611
1518 1955
1519 1565
1521 1540
1521 1777
1521 1778
1521 1933
1522 1865
1522 1907
1522 1936
1524 1878
1526 1835
1526 1974
1527 1819
1527 1859
1529 1589
1530 1625
1530 1742
1532 1652
1533 1772
1533 1893
1533 1939
1534 1589
1534 1933
1535 1934
1536 1779
1537 1742
1540 1656
1540 1830
1540 1957
1541 1914
1542 1933
1543 1678
1543 1729
1543 1867
1545 1937
1547 1640
1548 1551
1551 1771
1552 1567
1552 1630
1555 1767
1560 1747
1560 1967
1561 1619
1561 1653
1561 1938
1562 1695
1564 1584
1564 1780
1565 1808
1567 1568
1570 1647
1571 1738
1573 1851
1574 1576
1576 1628
1576 1954
1577 1647
1578 1580
1578 1581
1581 1656
1581 1706
1581 1746
1581 1768
1581 1961
1581 1979
1583 1643
1583 1692
1583 1789
1583 1835
1584 1585
1584 1586
1586 1893
1586 1939
1586 1948
1586 1960
1588 1750
1588 1834
1589 1699
1589 1708
1589 1791
1594 1596
1596 1880
1596 1963
1599 1867
1604 1639
1604 1647
1604 1850
1605 1607
1608 1610
1609 1610
1610 1739
1610 1873
1610 1982
1611 1784
1612 1874
1616 1951
1620 1644
1620 1813
1621 1630
1624 1857
1625 1788
1625 1927
1626 1971
1627 1635
1627 1708
1630 1800
1630 1804
1630 1815
1631 1851
1634 1638
1638 1689
1638 1776
1639 1684
1639 1687
1639 1688
1639 1689
1643 1780
1647 1916
1647 1961
1650 1723
1652 1694
1652 1765
1654 1772
1658 1686
1661 1950
1666 1734
1666 1738
1671 1718
1671 1950
1673 1742
1675 1962
1676 1751
1678 1801
1678 1972
1681 1826
1681 1904
1681 1966
1684 1685
1684 1686
1685 1924
1686 1696
1689 1914
1692 1698
1692 1718
1692 1767
1695 1696
1698 1699
1698 1700
1698 1701
1699 1745
1700 1953
1701 1745
1705 1962
1706 1707
1717 1718
1723 1777
1728 1743
1733 1734
1733 1735
1734 1745
1734 1804
1734 1948
1735 1992
1736 1767
1736 1919
1738 1857
1740 1785
1741 1742
1742 1811
1747 1934
1751 1895
1753 1909
1753 1968
1758 1767
1758 1906
1765 1979
1766 1796
1766 1830
1766 1873
1766 1945
1767 1772
1767 1794
1767 1795
1767 1916
1770 1915
1771 1823
1772 1773
1772 1774
1776 1893
1779 1870
1780 1949
1782 1783
1783 1866
1783 1911
1783 1919
1784 1843
1785 1786
1785 1787
1785 1788
1789 1794
1793 1794
1795 1796
1795 1797
1797 1885
1801 1953
1802 1906
1805 1854
1805 1967
1812 1921
1812 1939
1813 1951
1821 1903
1828 1850
1832 1851
1850 1916
1866 1894
1876 1980
1877 1929
1879 1993
1882 1916
1894 1916
1899 1933
1900 1951
1901 1962
1903 1908
1916 1952
1922 1993
1927 1929
1939 1998
1946 1947
1976 1979
1984 1993
