0 1
0 2
0 3
0 4
0 5
0 6
0 7
0 8
0 9
0 10
0 11
0 12
0 13
1 759
1 1247
2 73
2 193
2 1570
3 625
3 890
3 892
3 894
3 895
4 124
4 332
4 487
4 571
4 572
4 623
4 697
4 736
4 782
4 847
4 906
4 910
4 1000
4 1196
4 1584
4 1624
5 1246
6 439
6 650
7 608
8 936
9 318
9 906
9 1125
9 1483
10 48
10 304
10 1011
10 1012
10 1013
11 91
11 352
11 1452
11 1885
12 1238
12 1469
12 1941
13 167
13 1529
14 15
14 16
14 19
14 26
15 84
15 487
15 1196
15 1918
15 1955
15 1976
16 96
16 304
16 347
16 583
16 1064
16 1507
16 1759
18 204
19 184
19 320
19 453
19 603
19 1428
20 1259
20 1454
20 1462
20 1942
21 337
21 394
21 692
21 1145
21 1204
22 379
22 849
22 1098
24 433
24 1131
25 809
25 901
26 149
26 215
26 398
26 601
26 833
26 931
26 1002
27 30
27 31
27 35
28 1602
29 710
29 1130
29 1570
30 322
30 1076
30 1405
30 1476
30 1491
30 1818
31 73
31 96
31 226
31 509
31 755
31 874
31 1114
31 1266
31 1354
31 1972
32 143
32 387
34 1100
34 1396
34 1750
34 1798
35 113
35 159
35 317
35 497
35 556
35 754
35 804
35 1020
35 1464
35 1604
35 1947
37 368
37 917
37 1570
38 211
38 362
38 601
38 829
38 1051
38 1145
38 1258
39 46
39 1823
39 1966
40 465
41 670
41 1361
41 1533
43 641
43 1460
44 45
44 46
44 47
44 48
44 49
44 50
44 51
44 52
44 53
44 54
44 55
44 56
44 57
44 58
44 59
45 894
45 1051
45 1340
45 1551
46 356
46 462
46 494
46 742
46 1028
46 1449
46 1499
46 1500
47 442
47 472
47 692
48 400
48 491
48 691
48 695
48 1234
48 1493
48 1863
49 446
49 1471
49 1652
49 1692
49 1728
50 152
50 361
50 433
50 560
50 793
50 1036
50 1190
50 1259
50 1281
50 1332
50 1336
50 1369
50 1384
50 1394
50 1598
51 1316
51 1567
51 1951
52 814
52 906
53 97
53 98
53 336
53 655
53 665
53 871
53 878
53 938
53 1161
54 58
54 163
54 228
54 241
54 391
54 520
54 722
54 748
54 913
54 1626
54 1627
54 1628
55 284
55 677
55 690
55 819
55 1056
55 1094
55 1219
55 1532
55 1919
56 150
56 216
56 284
56 302
56 383
56 591
56 870
56 871
56 872
56 873
56 874
56 875
57 1130
58 1538
58 1566
58 1598
59 458
59 529
59 1094
59 1257
59 1576
59 1603
59 1842
60 61
60 66
61 75
61 646
61 1053
61 1099
61 1181
61 1356
61 1383
61 1398
61 1476
62 666
62 997
62 1145
62 1147
62 1149
62 1150
63 394
63 1580
63 1794
64 522
64 1284
65 224
65 318
65 332
65 647
65 823
66 174
66 196
66 562
66 591
66 596
66 906
66 1525
66 1539
66 1658
66 1943
67 71
67 72
67 73
67 75
68 524
69 350
69 368
70 886
70 1372
70 1550
70 1687
71 179
71 761
71 815
71 971
71 985
71 996
71 1103
71 1183
71 1330
71 1340
71 1586
71 1856
71 1909
71 1936
71 1942
72 566
72 590
72 1016
72 1347
72 1714
72 1902
73 133
73 425
73 453
73 552
73 765
73 785
73 858
73 904
73 982
73 1145
73 1211
73 1235
73 1489
73 1725
73 1750
74 311
74 1051
74 1052
75 138
75 184
75 574
75 629
75 733
75 886
75 1448
75 1456
75 1616
75 1646
75 1724
75 1728
76 225
76 804
76 873
76 1851
78 82
79 136
79 251
80 131
80 339
80 1461
80 1724
81 227
82 870
82 985
82 1199
82 1476
82 1696
82 1985
83 719
83 721
84 886
85 759
85 805
85 1394
85 1580
85 1903
86 87
86 91
87 1181
87 1485
87 1594
87 1702
87 1736
87 1773
88 465
89 608
89 647
89 1384
90 293
90 1462
90 1550
90 1650
91 367
91 487
91 493
91 1518
91 1568
91 1675
91 1797
92 352
92 522
92 1664
93 99
94 512
95 513
95 594
95 1141
95 1602
96 205
96 1650
97 213
97 597
97 733
97 936
99 137
99 643
99 1451
99 1558
99 1648
100 394
100 1294
101 102
101 103
101 104
101 105
103 155
103 244
103 394
103 767
103 953
103 1233
103 1406
103 1449
103 1532
103 1638
103 1667
103 1913
104 194
104 560
104 1062
104 1082
104 1903
105 1082
106 109
106 114
107 666
107 1125
107 1816
108 1190
109 126
109 407
109 845
109 937
109 1040
109 1060
109 1103
109 1537
110 759
110 1141
110 1549
110 1680
111 384
111 622
111 623
112 254
112 1396
113 1660
114 191
114 416
114 668
114 866
114 876
114 1075
114 1224
114 1359
114 1601
114 1871
116 1035
116 1195
116 1524
116 1547
117 118
117 119
117 120
117 121
118 1713
118 1714
119 1038
119 1736
120 200
120 203
120 333
120 378
120 560
120 595
120 802
120 819
120 1053
120 1058
120 1319
120 1426
120 1570
120 1684
120 1987
121 1384
121 1662
121 1760
122 124
122 125
122 131
122 133
123 522
123 785
124 133
124 183
124 557
124 759
124 839
124 887
124 1300
124 1380
124 1386
124 1415
124 1602
124 1683
124 1786
125 487
125 513
125 664
125 792
125 1088
125 1121
125 1258
125 1395
125 1412
125 1543
125 1697
125 1747
125 1845
127 184
127 847
127 1204
127 1224
128 1768
129 662
129 1346
130 280
131 167
131 544
131 577
131 853
131 1037
131 1498
131 1508
131 1608
131 1881
133 193
133 304
133 393
133 446
133 460
133 485
133 646
133 652
133 659
133 823
133 918
133 1524
133 1809
133 1966
134 1843
135 136
135 138
135 142
135 143
135 144
136 267
136 1087
136 1629
136 1788
137 710
137 895
138 451
138 696
138 863
138 1079
138 1405
138 1681
141 319
142 618
142 1021
142 1151
142 1296
142 1301
142 1302
142 1303
143 167
143 960
143 1191
143 1365
143 1632
144 519
144 1566
144 1757
144 1875
144 1922
145 1167
145 1829
146 1236
147 152
148 350
148 958
149 330
150 932
150 1460
151 227
151 1533
151 1549
152 179
152 427
152 798
152 1211
152 1787
152 1822
152 1890
153 586
154 1247
154 1622
155 156
155 157
155 158
155 159
155 160
155 161
155 162
155 163
155 164
155 165
155 166
155 167
155 168
156 417
156 454
156 520
156 642
156 991
156 1192
156 1351
156 1387
156 1759
157 282
157 322
157 502
157 1847
157 1922
157 1945
158 346
158 350
158 352
159 449
159 847
159 848
159 849
160 293
161 412
161 447
161 515
161 933
161 1625
162 306
162 389
162 458
162 819
162 856
162 879
162 1356
162 1413
162 1887
162 1925
162 1989
163 936
163 1119
164 595
164 1164
164 1195
164 1964
165 1399
165 1866
166 280
166 657
166 1147
166 1197
167 293
167 442
167 636
167 877
167 993
167 1073
167 1282
167 1597
167 1605
167 1736
167 1869
167 1982
168 349
168 420
168 534
168 828
168 1077
168 1092
168 1093
168 1094
170 647
170 1903
171 393
171 1213
171 1283
171 1547
174 666
174 936
175 622
175 733
175 837
175 1000
175 1461
176 1277
177 426
177 647
177 1931
178 179
178 180
178 181
178 182
178 183
178 184
178 185
178 186
179 1716
179 1736
180 1406
181 625
181 719
181 1316
181 1541
181 1566
182 358
182 864
182 1549
183 1145
183 1246
184 205
184 212
184 308
184 425
184 641
184 659
184 819
184 834
184 894
184 911
184 1167
184 1212
184 1213
184 1214
187 193
187 194
188 524
188 697
189 209
189 955
189 1338
190 622
190 1591
191 337
191 1195
192 350
193 252
193 323
193 732
193 1218
193 1506
193 1573
193 1587
193 1668
193 1746
193 1749
194 548
194 643
194 755
194 1001
194 1813
194 1917
196 736
196 799
196 849
196 1164
196 1829
197 200
197 203
197 204
197 205
197 207
198 738
199 1369
200 212
200 296
200 390
200 402
200 501
200 821
200 944
200 1017
200 1216
200 1495
200 1542
200 1553
200 1565
200 1650
200 1910
201 1489
201 1555
202 641
202 736
202 1316
202 1465
203 221
203 222
203 223
203 224
203 225
203 226
203 227
203 228
203 229
203 230
204 639
204 793
204 798
204 835
204 916
204 1222
204 1301
204 1675
204 1980
205 745
205 899
205 986
205 1069
205 1207
205 1220
205 1795
205 1914
206 361
206 1227
207 248
207 339
207 719
207 831
207 911
207 1149
207 1302
207 1393
207 1397
207 1480
207 1577
207 1591
207 1751
208 209
208 211
208 213
208 216
209 679
209 680
209 681
209 682
209 683
209 684
209 685
209 686
209 687
210 652
211 395
211 692
211 784
211 863
211 1006
211 1095
211 1280
211 1407
211 1848
212 560
212 1825
213 304
213 530
213 638
213 1026
213 1065
214 968
214 1236
216 307
216 587
216 712
216 1120
216 1301
216 1359
216 1363
216 1642
216 1911
217 785
217 1150
217 1300
218 589
219 901
221 430
221 910
221 1283
222 1468
222 1760
223 1489
224 396
224 488
224 1127
224 1237
224 1706
224 1773
225 587
225 696
225 1110
225 1251
225 1296
225 1303
225 1425
225 1512
225 1556
226 1147
227 852
227 1253
227 1700
228 547
228 1236
228 1798
229 721
229 1457
232 1177
233 1780
233 1798
235 741
236 719
236 738
236 1035
236 1036
237 243
238 1664
239 594
239 805
240 1259
241 271
241 472
241 557
241 1246
241 1974
242 594
242 847
243 349
243 642
243 671
243 740
243 1044
243 1101
243 1340
243 1506
244 623
244 746
244 1406
245 1214
245 1650
246 248
246 249
246 251
247 260
248 482
248 963
248 986
248 1102
248 1247
248 1373
248 1566
248 1567
248 1797
248 1937
248 1963
249 303
249 508
249 607
249 627
249 629
249 900
249 958
249 1220
249 1552
249 1560
249 1642
251 812
251 1230
251 1778
251 1781
251 1881
252 857
252 970
253 254
253 255
253 256
253 257
254 388
254 548
254 729
254 840
254 880
254 897
254 1395
254 1516
254 1553
254 1924
255 1340
255 1646
256 362
257 601
257 1367
258 1819
259 1570
259 1829
260 337
260 632
260 740
260 1041
260 1317
260 1375
260 1395
260 1839
260 1841
260 1842
261 1066
261 1809
262 736
263 1306
263 1367
264 402
264 1273
265 268
265 271
267 1798
268 615
268 773
268 806
268 906
268 1057
268 1168
268 1612
268 1935
268 1993
271 455
271 543
271 545
271 638
271 799
271 1236
271 1295
271 1687
271 1715
271 1811
272 823
272 1087
272 1420
273 1029
274 280
274 281
275 658
275 1602
276 1320
277 311
278 435
278 1736
279 1035
279 1087
279 1367
280 392
280 777
280 945
280 1273
281 447
281 685
281 755
281 813
281 988
281 1227
281 1318
281 1793
281 1865
282 738
282 864
283 1598
283 1887
284 1451
285 319
285 892
286 1843
287 293
288 346
288 1367
288 1750
289 969
289 1236
289 1457
290 346
290 968
290 1282
291 805
291 1052
292 1467
293 630
293 750
293 772
293 1007
293 1352
293 1353
294 653
294 1386
294 1551
295 498
295 738
295 741
295 1290
296 1384
296 1415
297 298
297 299
297 300
297 301
297 302
297 303
297 304
297 305
297 306
298 560
298 728
298 1415
299 1316
299 1615
300 1199
300 1384
300 1646
301 894
301 1125
303 513
303 1145
303 1566
304 670
304 808
304 828
304 903
304 1313
304 1397
304 1457
304 1470
304 1522
304 1541
304 1713
304 1974
305 987
305 1461
305 1714
305 1882
307 311
308 332
308 1142
308 1282
309 692
309 814
309 895
309 1566
310 1380
311 358
311 585
311 589
311 695
311 735
311 931
311 1799
311 1916
311 1996
312 1018
312 1624
313 848
314 1882
315 1645
315 1966
316 622
316 997
316 1147
316 1316
316 1970
317 318
317 319
317 330
318 519
318 904
318 1101
318 1227
318 1242
318 1333
318 1464
318 1583
318 1631
318 1852
318 1878
319 840
319 1020
319 1043
319 1050
320 692
320 1367
321 1597
322 759
322 1661
323 586
323 1259
325 1728
326 423
326 469
326 652
326 785
326 1692
328 472
328 652
330 641
330 726
330 768
330 1289
330 1508
330 1558
330 1563
330 1865
331 332
331 337
331 339
332 1093
332 1450
332 1578
332 1659
332 1862
332 1877
333 339
333 379
333 670
333 760
334 1660
335 647
336 394
336 864
336 1118
336 1399
336 1838
336 1856
337 346
337 350
337 585
337 605
337 610
337 668
337 713
337 834
337 961
337 963
337 1014
337 1115
337 1199
337 1294
337 1405
337 1487
337 1517
337 1664
338 857
338 1197
338 1584
338 1615
339 483
339 818
339 938
339 1208
339 1221
339 1395
339 1791
340 697
340 969
340 1125
341 394
341 728
341 1775
343 439
343 1538
344 1457
346 558
346 579
346 837
346 1003
346 1027
346 1037
346 1048
346 1378
346 1688
346 1797
346 1812
347 1487
348 439
348 1615
348 1978
349 384
349 808
349 1228
349 1336
349 1615
350 466
350 1272
350 1606
351 1971
352 381
352 412
352 451
352 1154
352 1241
352 1472
352 1507
352 1767
353 1066
354 890
354 1934
355 358
355 360
355 361
355 362
356 804
357 595
357 1247
357 1282
357 1662
357 1728
358 530
358 536
358 547
358 559
358 610
358 630
358 940
358 952
358 1062
358 1063
358 1064
358 1065
359 637
359 1119
359 1340
360 492
360 504
360 672
360 899
360 1047
360 1175
360 1191
360 1227
360 1417
360 1556
361 585
361 713
361 828
361 1078
361 1939
362 593
362 855
362 1024
362 1040
362 1124
362 1276
362 1340
362 1721
364 641
364 1164
364 1468
364 1750
364 1968
365 936
365 1638
365 1707
366 571
366 998
366 1470
367 408
367 1436
367 1591
368 604
368 965
368 1297
368 1302
368 1740
368 1804
368 1805
369 1098
369 1454
370 377
370 379
372 387
372 864
372 918
373 1177
374 514
374 858
374 1692
375 1209
375 1587
375 1660
376 664
376 932
376 1258
377 491
377 725
377 1413
377 1414
377 1415
377 1416
377 1417
377 1418
377 1419
377 1420
377 1421
377 1422
378 1145
378 1302
378 1624
379 481
379 1270
379 1271
379 1272
379 1273
379 1274
379 1275
380 384
380 387
381 547
381 560
381 1159
381 1396
382 1130
383 1468
383 1663
383 1838
383 1924
384 398
384 628
384 638
384 773
384 835
384 1076
384 1081
384 1082
384 1251
384 1710
384 1961
385 760
386 790
386 890
386 1465
386 1661
387 693
387 850
387 1079
387 1247
387 1488
387 1749
388 538
388 915
388 1259
388 1384
388 1692
389 1931
390 1167
391 1468
391 1936
392 393
392 394
392 402
392 408
393 628
393 644
393 703
394 934
394 985
394 1410
395 1529
397 1678
399 540
399 1012
399 1775
399 1942
400 894
400 932
400 1866
400 1974
401 449
401 1100
402 813
402 1274
402 1520
402 1691
402 1710
403 968
404 733
404 736
404 738
405 890
405 1714
405 1736
406 512
407 1602
408 1022
408 1085
408 1307
408 1349
408 1444
408 1451
410 512
410 513
410 514
412 522
412 1750
414 987
415 728
415 1580
416 1384
417 958
418 513
418 650
418 1071
420 1380
421 1167
422 423
422 426
422 430
422 433
422 435
423 641
423 644
423 1321
423 1432
423 1496
423 1693
425 790
425 1177
426 779
426 793
426 887
426 1257
426 1375
426 1546
426 1715
426 1719
428 970
428 1147
428 1818
429 823
429 955
429 1132
429 1369
430 660
430 716
430 718
430 908
430 913
430 1286
430 1461
430 1479
431 586
431 692
431 1843
433 467
433 822
433 846
434 1798
435 559
435 684
435 949
435 1439
435 1643
435 1689
435 1718
435 1736
436 439
436 442
436 446
437 1415
437 1549
437 1950
438 970
439 695
439 821
439 1058
439 1092
439 1223
439 1531
439 1661
442 692
442 980
442 1005
442 1071
442 1227
442 1433
442 1630
442 1703
442 1852
442 1963
444 1677
446 594
446 769
446 955
446 1417
446 1482
446 1483
446 1509
446 1605
446 1615
446 1623
446 1637
447 449
448 524
449 487
449 532
449 775
449 1231
449 1232
449 1233
449 1234
450 524
450 1487
450 1723
450 1778
451 857
451 1885
453 728
453 1284
455 1012
456 1281
456 1545
456 1638
458 799
460 1524
461 547
461 1384
462 659
462 1018
462 1197
464 1281
464 1687
465 982
465 1127
465 1692
465 1990
467 469
467 472
468 647
468 746
469 689
469 763
469 880
469 1302
469 1475
469 1515
469 1588
471 670
472 475
472 577
472 793
472 1270
472 1413
472 1606
472 1636
472 1814
473 760
473 968
473 1541
474 1029
474 1406
475 647
475 1728
476 1372
476 1380
476 1451
476 1714
477 485
478 1228
478 1320
480 652
480 1697
482 1660
483 1118
483 1167
483 1555
484 547
484 1454
484 1638
485 908
485 956
485 1127
485 1138
485 1176
485 1362
486 487
486 488
486 489
486 490
487 608
487 625
487 647
487 694
487 746
487 1051
487 1125
487 1460
487 1660
487 1661
487 1662
487 1663
488 547
488 1692
489 970
489 1051
489 1471
490 1825
492 1723
493 997
493 1697
494 608
496 498
497 1716
498 748
498 1139
498 1211
498 1378
498 1483
498 1654
498 1755
498 1995
499 873
499 1843
501 1372
501 1457
501 1650
501 1724
502 1950
502 1951
503 1652
505 1313
505 1950
506 799
506 1125
506 1465
506 1660
506 1701
507 1236
507 1650
509 657
510 1336
511 1541
512 909
512 977
512 1388
512 1737
512 1833
512 1866
513 602
513 705
513 1345
514 593
514 694
514 721
514 970
514 973
514 1015
514 1139
514 1189
514 1197
514 1251
514 1606
514 1802
514 1851
515 1082
515 1580
515 1778
515 1818
516 1887
517 1514
518 1687
518 1724
519 1316
519 1320
520 522
520 524
521 697
522 585
522 727
522 1767
523 1013
523 1066
523 1460
523 1909
524 823
524 889
524 975
524 1113
524 1198
524 1694
527 968
527 969
527 970
528 535
528 538
531 637
531 805
531 1100
531 1509
532 824
532 1087
532 1471
533 1736
533 1778
534 1215
535 881
535 1328
535 1537
535 1700
535 1714
536 1316
536 1386
536 1389
537 666
537 1131
537 1197
537 1385
538 683
538 712
538 1008
538 1080
538 1102
538 1557
538 1648
539 658
539 1159
540 541
540 542
540 543
540 544
540 545
540 546
540 547
540 548
540 549
541 848
541 1385
545 1808
546 721
546 1412
547 585
547 644
547 1251
547 1340
547 1468
547 1742
548 797
548 1284
548 1921
549 629
549 721
549 840
549 1170
549 1477
550 557
550 560
551 1159
551 1716
551 1723
552 1509
552 1934
555 608
555 1468
556 586
556 1541
556 1547
557 599
557 962
557 1049
557 1053
557 1067
557 1202
557 1249
557 1419
557 1919
557 1920
558 1130
560 663
560 834
560 1368
560 1507
560 1518
560 1519
562 1465
564 594
564 1215
565 809
565 849
565 895
565 1825
568 809
568 814
569 1227
569 1591
570 1385
570 1602
571 572
571 573
571 574
571 575
571 576
571 577
571 578
571 579
572 666
572 858
572 1224
572 1340
573 804
573 1813
574 1130
575 1457
576 906
576 1130
576 1131
576 1132
576 1133
577 629
577 659
578 759
578 823
578 1170
578 1420
579 1204
579 1462
580 623
580 1661
581 906
581 1012
581 1818
581 1951
582 1361
582 1461
584 1098
584 1228
584 1281
584 1630
584 1808
585 683
585 1130
586 840
586 1188
586 1191
586 1267
586 1913
586 1927
587 589
587 594
587 595
588 970
589 992
589 1241
589 1250
589 1381
590 647
590 657
590 1131
591 1133
591 1630
593 1103
594 1060
594 1078
594 1228
594 1251
594 1376
594 1378
594 1772
595 710
595 1076
595 1146
595 1168
595 1647
595 1754
595 1928
595 1968
596 1909
596 1974
597 598
597 599
597 600
597 601
597 602
597 603
597 604
597 605
597 606
598 1775
600 1258
601 925
601 1224
601 1367
601 1610
601 1635
601 1674
601 1758
601 1767
601 1778
601 1779
601 1780
601 1781
603 741
603 1290
603 1313
605 738
607 608
608 1358
608 1497
608 1512
608 1922
610 653
610 1246
611 613
612 1199
612 1829
613 718
613 1039
613 1091
613 1204
613 1448
613 1705
614 883
614 1662
614 1823
615 857
615 1713
616 1794
616 1924
618 1465
619 1281
619 1282
619 1283
619 1284
620 799
620 968
620 1189
621 1936
622 767
622 1006
622 1073
622 1088
622 1120
622 1273
622 1534
622 1719
622 1875
622 1882
622 1925
623 822
623 1342
623 1517
623 1753
623 1803
623 1930
623 1937
624 1386
624 1817
624 1874
625 626
625 627
627 662
627 710
627 895
627 1098
627 1489
627 1509
628 629
629 846
629 879
629 1006
629 1393
629 1519
629 1553
629 1768
629 1804
630 1869
631 641
631 1663
632 1714
632 1931
633 1550
634 1415
634 1725
636 1678
636 1816
637 638
637 639
637 640
637 641
637 642
638 873
638 1087
638 1132
638 1570
640 915
640 1052
640 1461
641 805
641 1037
641 1098
641 1130
641 1153
641 1543
641 1776
641 1808
641 1933
642 1697
643 901
643 974
644 1036
644 1215
645 741
646 1663
646 1714
646 1736
646 1779
647 1543
647 1671
648 1823
649 650
649 652
649 653
650 748
650 751
650 879
650 1103
650 1788
650 1960
651 719
652 761
652 1096
652 1444
652 1782
652 1973
653 815
653 874
653 919
653 1061
653 1096
653 1372
653 1450
653 1569
653 1642
653 1756
654 848
654 1029
655 657
655 658
655 659
655 662
655 664
656 1454
656 1622
656 1624
657 823
657 1161
657 1480
657 1961
658 733
658 1305
658 1596
658 1611
658 1758
659 848
659 849
659 905
659 1272
659 1364
659 1372
659 1390
659 1549
659 1722
659 1787
659 1818
659 1845
659 1921
659 1934
661 1142
661 1306
661 1817
662 889
662 946
662 1017
662 1484
662 1530
662 1714
662 1729
663 990
663 1131
663 1147
663 1597
664 672
664 715
664 1025
664 1058
664 1223
664 1383
664 1580
664 1775
664 1825
664 1880
665 666
665 670
666 793
666 1128
666 1395
666 1396
666 1397
666 1398
668 1420
668 1688
668 1921
669 769
670 871
670 935
670 1137
670 1766
670 1915
671 1529
672 895
672 1384
674 1247
674 1290
674 1942
675 1284
675 1678
675 1936
676 824
676 1555
676 1707
678 1133
681 1018
681 1567
682 736
683 844
683 981
683 1048
683 1102
683 1289
683 1318
683 1592
683 1619
683 1750
683 1758
684 1798
684 1808
687 1204
689 793
689 998
689 1332
689 1346
690 1152
691 1018
691 1259
691 1415
691 1813
692 838
692 868
692 938
692 953
692 1185
692 1667
692 1714
692 1852
692 1918
692 1973
693 697
694 1025
694 1236
694 1551
694 1660
695 1119
697 730
697 784
697 911
697 1059
697 1480
697 1488
697 1605
698 1029
698 1394
698 1887
700 1227
700 1420
700 1624
704 1036
704 1282
705 1149
705 1538
705 1680
705 1692
707 1966
708 1580
709 710
709 715
710 943
710 1183
710 1200
710 1260
710 1287
710 1548
710 1631
710 1632
713 998
713 1063
715 794
715 960
715 1356
715 1401
715 1441
715 1442
715 1443
715 1444
715 1445
717 1716
718 1380
719 758
719 1174
719 1357
720 1545
720 1809
721 777
721 920
721 1093
721 1219
721 1224
721 1279
721 1516
721 1604
721 1938
722 968
722 1062
723 728
724 1306
724 1725
725 738
725 1597
726 987
727 1664
728 735
728 1268
728 1451
728 1932
728 1949
728 1996
730 1197
730 1796
731 873
731 1000
731 1680
732 1964
733 801
733 843
733 872
733 1105
733 1806
733 1952
733 1973
734 969
734 1887
735 1452
736 1285
736 1405
736 1523
736 1800
737 1924
738 1390
738 1481
738 1482
738 1483
738 1484
739 741
740 1714
741 900
741 910
741 1059
741 1382
741 1980
742 805
742 1783
742 1903
743 987
743 1259
743 1336
743 1595
744 808
744 1570
745 1767
746 747
746 748
746 749
746 750
746 751
746 752
746 753
746 754
746 755
747 858
747 1874
749 1436
751 1866
751 1887
752 1228
752 1818
755 973
755 1779
756 759
756 760
757 1051
757 1364
757 1664
757 1851
759 1419
760 1039
760 1155
760 1279
760 1337
760 1363
760 1372
760 1617
760 1868
762 1000
762 1150
762 1313
762 1652
763 790
763 1209
764 1195
764 1453
764 1471
765 829
765 839
766 1584
766 1650
768 915
768 918
768 1170
768 1177
769 914
769 1054
769 1148
769 1249
769 1409
769 1932
770 1227
770 1468
770 1924
771 849
772 1866
774 1767
774 1816
775 1197
777 1630
777 1903
779 1199
779 1294
779 1829
780 990
780 1130
780 1141
782 1284
782 1462
782 1660
784 1159
785 786
785 787
785 788
785 789
786 808
786 1212
788 1369
788 1545
790 791
790 792
790 793
790 794
790 795
790 796
791 1487
791 1489
792 840
792 1119
792 1273
792 1302
792 1650
793 1018
793 1066
793 1170
793 1209
793 1246
793 1306
793 1316
793 1661
794 1819
795 847
795 1340
795 1584
796 947
796 1152
797 798
797 799
797 800
797 801
798 910
798 1147
798 1389
799 821
799 1204
799 1352
799 1675
799 1755
799 1778
799 1906
801 1294
802 804
802 805
802 808
803 936
803 1141
803 1529
803 1584
804 823
804 841
804 845
804 1840
804 1865
804 1874
804 1989
805 903
805 904
808 875
808 1307
808 1310
808 1481
808 1679
808 1716
808 1844
808 1879
809 831
809 860
809 1121
809 1132
809 1194
809 1287
809 1514
809 1776
809 1782
809 1875
811 1228
812 1394
814 992
814 1089
814 1340
814 1473
814 1996
815 1212
816 840
816 1320
816 1622
818 1566
818 1966
819 1567
819 1882
820 1071
821 823
821 824
821 829
822 1813
823 997
823 1138
823 1361
823 1436
823 1454
823 1456
824 825
824 1274
824 1368
824 1405
824 1483
824 1530
824 1870
824 1923
825 1098
825 1224
825 1646
825 1823
826 1470
827 1645
829 841
829 876
829 878
829 1080
829 1132
829 1239
829 1327
829 1550
829 1577
829 1817
829 1819
830 1487
831 917
831 1453
832 837
833 1013
834 915
834 1396
834 1580
837 1180
837 1298
837 1397
837 1411
837 1729
838 839
838 840
839 985
839 1032
839 1263
839 1371
839 1397
839 1501
839 1502
839 1503
840 915
840 952
840 1088
840 1341
840 1358
840 1471
841 894
841 1029
841 1451
842 1598
842 1786
843 1164
843 1817
844 955
844 1118
844 1152
844 1514
844 1816
845 918
845 1453
845 1454
846 1467
846 1798
846 1843
847 982
847 1056
847 1089
847 1102
847 1539
847 1928
848 1114
849 865
849 1073
849 1275
849 1287
849 1916
850 857
850 906
850 1509
850 1869
851 1290
851 1646
852 857
852 858
852 859
853 1062
854 973
854 974
855 1380
856 1652
857 1488
857 1615
857 1746
857 1911
858 991
858 1442
858 1610
858 1709
858 1766
858 1854
858 1905
859 875
859 1059
859 1442
859 1744
859 1866
860 1273
860 1567
861 864
863 1036
864 1217
864 1233
864 1285
864 1384
864 1512
864 1731
865 1570
865 1725
867 892
868 1246
868 1645
870 1228
871 1844
871 1942
872 883
872 932
872 1725
875 1132
875 1598
877 1051
877 1869
878 1570
879 1132
879 1768
879 1778
880 883
880 886
883 917
883 1232
883 1429
884 1118
884 1950
885 895
886 1065
886 1067
886 1068
886 1069
887 1000
887 1364
887 1533
887 1652
887 1838
889 1465
889 1760
890 915
890 1110
890 1404
890 1900
891 1816
892 1258
892 1334
892 1413
892 1959
894 1578
894 1756
895 934
895 1232
895 1566
896 901
897 1533
899 1012
899 1170
899 1677
900 1283
900 1477
901 1339
901 1401
901 1736
901 1797
901 1836
902 1982
903 1282
903 1680
905 906
905 910
906 1121
906 1267
906 1503
906 1740
907 1118
908 1012
909 1887
910 952
910 1331
910 1360
910 1668
910 1826
910 1897
910 1898
911 1470
913 955
914 915
914 917
914 918
915 1026
915 1052
915 1148
915 1215
915 1272
915 1282
915 1813
915 1866
915 1971
916 1103
917 1027
917 1143
917 1239
917 1241
917 1292
917 1565
917 1652
917 1818
917 1911
918 1358
918 1479
918 1923
919 1541
919 1869
920 1038
921 1195
922 1725
923 932
925 1555
925 1566
929 958
929 1487
932 1096
932 1343
932 1367
932 1473
933 1103
933 1778
934 936
935 987
935 1098
936 1086
936 1661
937 1133
937 1406
937 1728
938 1597
938 1968
939 1141
940 1844
941 1768
943 947
944 1950
945 1346
945 1701
945 1713
946 1087
947 1110
947 1164
947 1185
947 1211
947 1416
947 1607
948 1052
948 1316
949 955
951 1131
951 1551
951 1760
951 1866
953 1587
955 1096
955 1285
955 1455
955 1605
956 958
958 1305
958 1408
958 1857
959 1147
959 1453
960 1384
961 1100
961 1338
961 1662
962 1452
962 1622
964 997
964 998
967 1142
968 1307
968 1661
968 1710
968 1772
969 1218
969 1225
969 1347
969 1625
969 1714
969 1743
970 1376
970 1443
970 1666
970 1987
971 1087
971 1224
973 1034
973 1252
973 1490
973 1607
973 1609
974 1022
974 1058
974 1297
974 1307
974 1451
974 1782
975 1197
975 1692
979 1936
980 1246
981 1283
982 987
983 1071
984 1838
986 1164
986 1167
987 1094
987 1140
987 1340
987 1495
987 1513
987 1855
988 990
989 1412
990 1032
990 1132
990 1331
990 1667
990 1806
992 1725
993 1273
993 1466
994 1018
996 1587
996 1818
997 1026
997 1411
997 1508
997 1690
997 1772
997 1822
998 1204
998 1205
999 1396
1000 1001
1000 1002
1000 1003
1000 1004
1000 1005
1000 1006
1001 1215
1003 1412
1004 1885
1005 1453
1006 1580
1007 1760
1007 1970
1008 1282
1008 1551
1009 1775
1010 1199
1010 1394
1011 1180
1011 1381
1011 1471
1011 1711
1012 1060
1012 1205
1012 1449
1012 1450
1012 1451
1012 1452
1013 1418
1013 1436
1014 1465
1014 1466
1014 1467
1014 1468
1015 1974
1016 1018
1017 1624
1017 1968
1018 1559
1018 1611
1018 1758
1019 1825
1024 1025
1025 1168
1025 1737
1025 1895
1027 1281
1029 1437
1029 1866
1031 1035
1031 1338
1035 1301
1035 1422
1035 1528
1035 1647
1035 1680
1035 1702
1035 1989
1036 1241
1036 1250
1036 1712
1036 1784
1036 1877
1037 1209
1037 1760
1038 1081
1038 1347
1038 1451
1038 1670
1041 1595
1044 1736
1048 1768
1049 1247
1050 1197
1051 1359
1051 1418
1051 1601
1051 1618
1051 1910
1052 1623
1052 1631
1052 1847
1052 1977
1053 1591
1053 1707
1054 1598
1055 1204
1055 1942
1057 1190
1057 1338
1058 1779
1059 1338
1061 1844
1062 1334
1062 1906
1063 1387
1063 1815
1064 1687
1064 1778
1064 1942
1065 1246
1065 1921
1066 1256
1066 1422
1066 1434
1066 1526
1066 1666
1066 1667
1067 1736
1068 1489
1069 1707
1070 1071
1071 1293
1071 1301
1071 1579
1074 1170
1076 1817
1079 1082
1080 1843
1080 1866
1081 1364
1081 1412
1082 1218
1082 1296
1082 1418
1082 1614
1082 1626
1082 1629
1082 1813
1084 1584
1085 1145
1085 1228
1086 1199
1087 1183
1087 1312
1087 1552
1087 1661
1087 1722
1087 1836
1088 1394
1091 1133
1091 1489
1093 1130
1093 1780
1094 1316
1094 1780
1095 1098
1096 1300
1096 1524
1096 1650
1097 1399
1097 1624
1097 1714
1098 1251
1098 1260
1098 1467
1098 1601
1098 1879
1099 1195
1100 1101
1100 1102
1100 1103
1101 1147
1101 1541
1102 1415
1102 1978
1103 1277
1103 1282
1103 1493
1103 1586
1103 1742
1103 1838
1103 1935
1104 1661
1104 1909
1104 1950
1106 1662
1106 1760
1108 1966
1109 1119
1109 1336
1109 1406
1110 1399
1110 1638
1110 1968
1112 1978
1115 1825
1115 1866
1115 1942
1116 1213
1116 1808
1118 1119
1118 1120
1118 1121
1118 1122
1118 1123
1119 1284
1119 1358
1119 1363
1119 1388
1119 1398
1119 1570
1119 1978
1122 1336
1123 1869
1124 1125
1125 1534
1125 1802
1125 1918
1125 1919
1125 1923
1127 1587
1130 1155
1131 1345
1131 1615
1132 1150
1132 1274
1132 1302
1132 1767
1132 1781
1132 1841
1132 1885
1133 1291
1133 1692
1134 1141
1134 1142
1136 1332
1137 1199
1139 1294
1140 1662
1141 1234
1141 1237
1141 1239
1141 1615
1141 1746
1141 1961
1142 1661
1142 1743
1142 1891
1142 1892
1143 1415
1143 1514
1143 1662
1145 1437
1145 1789
1145 1935
1146 1934
1147 1483
1148 1460
1148 1461
1148 1462
1149 1174
1149 1219
1149 1939
1150 1186
1150 1326
1150 1715
1151 1152
1152 1171
1152 1486
1152 1940
1152 1942
1153 1306
1154 1159
1155 1471
1155 1874
1155 1885
1158 1622
1158 1664
1158 1974
1159 1199
1159 1211
1159 1370
1159 1463
1159 1857
1161 1591
1162 1549
1162 1555
1163 1974
1164 1193
1164 1533
1164 1569
1164 1674
1164 1692
1164 1740
1164 1823
1165 1213
1165 1283
1165 1380
1166 1228
1166 1638
1167 1565
1167 1738
1167 1901
1167 1998
1168 1273
1168 1300
1170 1388
1170 1440
1170 1508
1170 1668
1170 1669
1171 1389
1172 1876
1176 1284
1177 1307
1177 1456
1177 1778
1180 1514
1183 1302
1184 1189
1185 1336
1187 1300
1187 1436
1188 1467
1188 1724
1189 1335
1189 1528
1189 1671
1189 1733
1189 1734
1189 1790
1189 1806
1190 1191
1190 1192
1190 1193
1194 1195
1194 1197
1194 1199
1195 1312
1195 1483
1195 1759
1195 1994
1196 1567
1197 1771
1197 1915
1198 1663
1199 1356
1199 1390
1199 1706
1199 1778
1200 1215
1200 1394
1201 1622
1201 1723
1202 1338
1202 1372
1204 1260
1204 1637
1204 1640
1204 1715
1206 1664
1208 1466
1209 1352
1209 1363
1209 1846
1209 1913
1209 1919
1210 1436
1210 1933
1211 1934
1212 1417
1212 1464
1212 1568
1212 1751
1213 1497
1213 1586
1213 1935
1214 1266
1214 1321
1214 1404
1214 1446
1214 1447
1214 1448
1215 1741
1215 1880
1216 1768
1220 1597
1222 1302
1222 1465
1222 1566
1222 1663
1222 1838
1223 1224
1224 1278
1224 1488
1224 1635
1224 1669
1224 1894
1224 1938
1225 1630
1227 1234
1227 1399
1227 1449
1227 1465
1227 1627
1227 1631
1227 1891
1227 1898
1228 1229
1228 1230
1232 1697
1233 1882
1235 1338
1235 1566
1235 1660
1235 1964
1236 1237
1239 1541
1239 1591
1241 1716
1242 1246
1242 1247
1244 1964
1246 1397
1246 1407
1246 1433
1247 1269
1247 1508
1247 1703
1247 1732
1247 1784
1251 1367
1252 1420
1252 1707
1253 1567
1256 1258
1256 1259
1258 1346
1258 1398
1258 1422
1258 1448
1258 1501
1258 1753
1259 1363
1259 1649
1259 1789
1261 1844
1261 1876
1262 1624
1263 1467
1264 1856
1267 1680
1269 1587
1272 1384
1272 1587
1272 1808
1273 1320
1273 1451
1273 1473
1273 1529
1273 1810
1274 1624
1274 1819
1275 1283
1275 1567
1276 1277
1277 1427
1277 1605
1277 1620
1277 1920
1277 1977
1278 1622
1278 1684
1279 1332
1281 1354
1281 1414
1281 1705
1282 1393
1282 1407
1282 1414
1282 1875
1282 1876
1282 1877
1283 1605
1283 1692
1283 1739
1283 1740
1284 1872
1284 1995
1284 1999
1288 1372
1288 1549
1289 1290
1290 1566
1290 1840
1292 1909
1293 1294
1294 1599
1294 1640
1294 1667
1294 1682
1295 1591
1296 1300
1297 1406
1298 1338
1299 1622
1299 1942
1300 1351
1300 1473
1300 1759
1300 1771
1300 1776
1300 1802
1300 1893
1301 1587
1302 1466
1302 1523
1302 1530
1302 1622
1302 1789
1302 1952
1304 1728
1304 1813
1305 1346
1305 1389
1305 1555
1306 1488
1307 1332
1307 1550
1308 1313
1310 1465
1310 1570
1310 1933
1311 1399
1312 1471
1312 1570
1313 1407
1313 1700
1313 1997
1316 1726
1316 1884
1319 1728
1319 1885
1320 1389
1320 1402
1320 1464
1320 1617
1320 1618
1320 1619
1320 1620
1321 1767
1322 1595
1322 1680
1322 1819
1322 1866
1323 1838
1324 1968
1326 1714
1327 1545
1327 1966
1328 1683
1330 1933
1331 1509
1332 1339
1332 1381
1332 1582
1332 1583
1332 1918
1333 1336
1336 1337
1338 1339
1338 1340
1338 1341
1339 1483
1339 1724
1340 1368
1340 1491
1340 1531
1340 1669
1340 1903
1341 1813
1343 1856
1344 1385
1345 1838
1346 1672
1346 1755
1346 1920
1349 1509
1350 1646
1351 1361
1352 1453
1352 1570
1353 1489
1353 1974
1355 1406
1355 1818
1358 1483
1360 1361
1360 1364
1361 1402
1361 1791
1362 1692
1362 1970
1364 1501
1364 1782
1364 1807
1365 1524
1365 1662
1365 1823
1367 1548
1367 1719
1367 1879
1367 1905
1367 1945
1367 1970
1368 1713
1368 1844
1372 1373
1372 1374
1372 1375
1372 1376
1374 1622
1380 1676
1384 1385
1385 1504
1385 1776
1385 1900
1386 1499
1386 1799
1388 1783
1389 1579
1389 1758
1389 1883
1390 1394
1393 1415
1393 1460
1394 1923
1395 1903
1396 1854
1396 1860
1396 1919
1397 1524
1399 1643
1400 1638
1401 1798
1402 1406
1404 1856
1406 1433
1406 1834
1408 1728
1411 1467
1412 1493
1412 1502
1412 1656
1412 1734
1415 1482
1415 1542
1416 1457
1420 1782
1420 1863
1421 1460
1423 1819
1424 1816
1424 1817
1425 1624
1426 1724
1428 1714
1431 1457
1431 1624
1431 1692
1433 1538
1433 1728
1434 1692
1436 1538
1436 1627
1436 1645
1436 1675
1436 1676
1436 1677
1436 1678
1436 1679
1436 1680
1438 1950
1441 1968
1442 1461
1444 1664
1447 1570
1447 1760
1450 1580
1450 1587
1450 1966
1451 1483
1451 1547
1451 1760
1451 1892
1452 1803
1453 1465
1453 1484
1454 1572
1454 1609
1454 1718
1456 1615
1457 1518
1457 1868
1458 1533
1459 1882
1460 1516
1460 1569
1461 1579
1461 1615
1461 1871
1461 1993
1462 1679
1462 1680
1462 1765
1464 1650
1464 1819
1464 1921
1465 1595
1465 1712
1466 1511
1466 1565
1466 1651
1467 1510
1468 1493
1468 1494
1468 1495
1468 1496
1469 1903
1470 1635
1470 1732
1470 1827
1470 1963
1471 1472
1471 1473
1471 1474
1471 1475
1471 1476
1471 1477
1471 1478
1471 1479
1474 1816
1475 1760
1477 1557
1477 1604
1478 1660
1479 1584
1481 1716
1481 1934
1482 1974
1483 1542
1483 1545
1483 1551
1483 1626
1483 1707
1483 1766
1483 1767
1487 1769
1488 1798
1489 1522
1490 1660
1490 1767
1491 1950
1494 1823
1495 1615
1500 1750
1501 1936
1502 1645
1503 1750
1504 1533
1504 1723
1504 1813
1506 1942
1507 1509
1509 1527
1509 1756
1509 1800
1512 1591
1513 1760
1514 1756
1514 1918
1514 1953
1514 1955
1515 1545
1515 1547
1516 1829
1518 1931
1521 1778
1521 1933
1522 1936
1524 1878
1525 1570
1525 1595
1525 1876
1526 1974
1527 1819
1529 1589
1529 1804
1529 1868
1530 1566
1531 1829
1532 1652
1533 1772
1533 1821
1533 1893
1533 1939
1534 1933
1535 1934
1536 1779
1537 1964
1538 1539
1541 1637
1541 1669
1541 1914
1541 1977
1542 1933
1543 1678
1544 1714
1544 1775
1544 1942
1545 1937
1546 1887
1547 1640
1548 1549
1548 1550
1548 1551
1549 1635
1550 1871
1551 1771
1552 1567
1552 1630
1555 1572
1555 1668
1555 1767
1555 1782
1555 1895
1559 1869
1564 1584
1564 1780
1565 1808
1565 1843
1566 1829
1567 1568
1569 1570
1570 1647
1571 1775
1573 1851
1575 1680
1578 1580
1581 1768
1582 1615
1582 1936
1583 1692
1584 1585
1584 1586
1585 1687
1588 1750
1591 1592
1591 1593
1594 1595
1594 1597
1595 1799
1597 1600
1597 1616
1598 1894
1602 1619
1604 1809
1609 1887
1610 1982
1611 1887
1611 1971
1612 1874
1613 1622
1613 1725
1615 1670
1615 1796
1615 1798
1615 1843
1615 1990
1616 1951
1620 1813
1621 1630
1622 1776
1624 1857
1626 1971
1628 1724
1629 1650
1630 1800
1630 1804
1630 1815
1631 1851
1634 1638
1636 1819
1637 1680
1638 1689
1638 1776
1639 1684
1639 1687
1639 1688
1641 1645
1643 1780
1643 1817
1646 1879
1650 1723
1652 1694
1652 1765
1653 1677
1654 1683
1654 1982
1660 1669
1661 1701
1661 1816
1661 1931
1661 1950
1663 1726
1663 1922
1671 1950
1677 1741
1678 1801
1678 1972
1680 1841
1681 1966
1683 1743
1683 1872
1684 1685
1684 1686
1685 1924
1688 1811
1688 1840
1692 1698
1692 1718
1692 1767
1697 1815
1697 1883
1698 1701
1701 1722
1701 1744
1701 1745
1701 1746
1702 1825
1704 1882
1706 1707
1709 1829
1713 1753
1714 1930
1714 1964
1716 1776
1716 1879
1716 1892
1723 1777
1725 1726
1725 1727
1728 1743
1736 1767
1736 1919
1747 1934
1749 1843
1750 1799
1750 1800
1750 1801
1753 1909
1753 1968
1758 1767
1758 1970
1759 1813
1766 1796
1767 1772
1767 1794
1767 1795
1767 1916
1771 1823
1778 1832
1779 1870
1780 1949
1782 1783
1783 1866
1783 1911
1783 1919
1784 1843
1785 1786
1789 1794
1789 1818
1793 1794
1795 1796
1797 1825
1797 1885
1803 1966
1810 1813
1810 1964
1812 1921
1813 1951
1817 1975
1818 1820
1818 1854
1821 1903
1825 1865
1829 1842
1829 1959
1832 1851
1837 1838
1838 1895
1844 1845
1856 1991
1856 1992
1863 1942
1866 1894
1869 1987
1876 1980
1878 1982
1882 1916
1882 1927
1882 1954
1899 1933
1900 1951
1903 1908
1935 1936
1936 1944
1936 1986
1947 1971
1966 1967
1971 1972
1973 1978
1978 1986
1981 1982
