0 10
4 736
9 1804
10 48
10 226
10 304
10 334
10 939
10 1007
10 1008
10 1009
10 1010
10 1011
10 1012
10 1013
10 1014
10 1015
14 16
16 96
16 304
16 347
16 583
16 1064
16 1507
16 1759
18 204
20 322
24 1749
25 748
25 1093
30 322
33 588
35 113
35 317
36 41
41 610
41 670
41 989
41 1216
41 1361
41 1502
41 1533
41 1576
41 1784
49 508
49 1126
53 1161
54 748
56 216
63 1270
68 1588
69 364
72 1902
73 785
75 1456
76 113
76 1301
86 88
86 92
88 326
88 465
88 541
88 609
88 693
88 702
88 723
88 928
88 961
88 1210
88 1265
88 1847
92 107
92 352
92 522
92 561
92 747
92 1144
92 1301
92 1507
92 1664
94 1706
106 113
110 1264
113 902
113 991
113 1576
113 1641
113 1660
113 1759
113 1863
113 1881
116 1035
116 1195
116 1741
119 707
121 555
123 785
123 1749
124 1300
130 707
131 853
133 652
135 142
139 707
142 618
142 1021
142 1151
142 1296
142 1301
142 1302
142 1303
145 1721
148 364
150 853
155 156
156 417
156 454
156 520
156 642
156 991
156 1192
156 1351
156 1387
156 1759
157 322
162 389
163 329
163 1278
164 1195
165 1126
168 1093
170 1589
171 1008
172 1270
177 1931
185 707
185 1091
189 1589
189 1745
191 1161
191 1195
193 1749
194 548
194 1813
196 736
197 204
202 736
204 639
204 793
204 798
204 835
204 916
204 1222
204 1301
204 1675
204 1980
206 948
208 216
209 682
210 652
212 1588
216 307
216 587
216 712
216 1120
216 1301
216 1359
216 1363
216 1642
216 1911
217 785
217 1300
224 1127
224 1706
230 1161
230 1513
232 1479
236 1035
240 744
242 1588
249 508
250 853
254 548
257 725
259 1706
261 1733
262 736
262 1093
262 1456
264 508
266 1513
267 707
276 1334
277 707
279 1035
286 1706
291 748
296 508
296 1868
298 1733
314 1868
317 318
317 319
317 320
317 321
317 322
317 323
317 324
317 325
317 326
317 327
317 328
317 329
317 330
322 531
322 689
322 724
322 759
322 764
322 1312
322 1572
322 1661
322 1700
325 826
325 1138
325 1371
325 1552
325 1728
325 1858
326 423
326 469
326 652
326 785
326 1168
326 1382
326 1479
326 1654
326 1692
326 1734
326 1735
326 1759
328 652
329 348
329 453
329 464
329 493
329 905
329 1136
329 1425
329 1711
329 1712
332 1093
362 1721
364 398
364 563
364 602
364 641
364 775
364 830
364 1156
364 1164
364 1301
364 1468
364 1750
364 1968
368 1804
372 508
377 725
379 1270
380 389
387 1749
388 538
389 549
389 551
389 770
389 953
389 1008
389 1293
389 1301
389 1686
389 1759
389 1868
389 1931
389 1988
395 508
404 736
410 508
413 1456
418 1071
430 1479
442 1071
465 1127
469 1588
472 1270
473 588
479 508
479 1008
480 652
485 1127
488 1479
491 1126
498 748
502 1745
503 548
508 850
508 885
508 1008
508 1304
508 1350
508 1432
508 1746
508 1763
508 1993
524 1113
528 538
538 683
538 712
538 1008
538 1080
538 1102
538 1557
538 1648
540 548
544 1912
545 707
546 1721
548 566
548 621
548 797
548 893
548 921
548 1284
548 1301
548 1877
548 1921
548 1986
550 555
555 608
555 1447
555 1468
555 1502
555 1656
555 1657
555 1658
558 1093
573 1813
575 1456
577 682
579 1334
583 1745
587 588
588 720
588 970
588 1301
588 1424
588 1927
592 1334
600 1733
604 1706
606 1828
609 1513
613 1091
626 744
627 725
627 1745
629 1804
632 1931
648 1127
649 652
650 748
651 707
651 744
652 761
652 1096
652 1444
652 1782
652 1973
657 1161
660 1745
676 707
680 1868
682 691
682 736
682 816
682 952
682 1040
682 1232
682 1341
682 1502
682 1721
682 1748
682 1965
686 1093
691 1813
705 1666
707 850
707 884
707 1540
707 1759
707 1966
717 1502
719 758
721 1093
723 725
725 738
725 902
725 1046
725 1053
725 1579
725 1592
725 1597
725 1734
725 1981
730 1513
735 1270
736 1285
736 1405
736 1523
736 1800
744 808
744 988
744 1188
744 1293
744 1393
744 1570
744 1759
744 1848
746 748
748 773
748 1022
748 1140
748 1734
748 1875
752 1091
756 758
758 791
758 978
758 1043
758 1222
758 1486
758 1734
758 1821
760 1868
764 1195
779 1264
785 786
785 787
785 788
785 789
797 798
797 799
797 800
797 801
810 1091
811 1264
812 1008
812 1745
816 1113
820 1071
822 1813
823 1456
833 1127
839 1502
843 1721
844 1589
851 1264
852 853
853 913
853 1062
853 1139
853 1350
853 1759
853 1892
855 1912
892 1334
908 1479
915 1813
918 1479
919 1127
921 1195
943 948
944 1334
948 1052
948 1301
948 1316
948 1881
953 1741
953 1828
970 1666
976 1456
978 1868
983 1071
983 1828
987 1513
991 1008
1001 1113
1001 1270
1008 1126
1008 1161
1008 1282
1008 1403
1008 1456
1008 1551
1008 1706
1008 1749
1008 1782
1008 1828
1008 1960
1031 1035
1035 1301
1035 1422
1035 1528
1035 1647
1035 1680
1035 1702
1035 1989
1041 1093
1042 1479
1049 1948
1059 1456
1062 1334
1066 1666
1070 1071
1071 1293
1071 1301
1071 1579
1082 1813
1089 1091
1091 1133
1091 1203
1091 1402
1091 1489
1091 1502
1093 1130
1093 1502
1093 1780
1094 1902
1096 1300
1099 1195
1111 1113
1113 1168
1113 1248
1113 1734
1113 1863
1113 1944
1117 1126
1124 1126
1124 1127
1126 1205
1126 1235
1127 1301
1127 1324
1127 1344
1127 1587
1127 1682
1127 1938
1136 1161
1154 1161
1156 1741
1160 1589
1161 1548
1161 1591
1161 1870
1168 1300
1177 1456
1180 1513
1186 1456
1187 1300
1187 1301
1189 1733
1189 1734
1194 1195
1195 1312
1195 1483
1195 1759
1195 1994
1196 1721
1199 1706
1201 1721
1211 1902
1215 1741
1224 1278
1226 1749
1243 1733
1260 1264
1263 1902
1264 1403
1264 1696
1264 1759
1264 1765
1264 1840
1264 1856
1270 1280
1270 1357
1270 1366
1270 1734
1270 1926
1270 1987
1276 1278
1278 1622
1278 1684
1278 1759
1278 1960
1296 1300
1298 1706
1300 1351
1300 1473
1300 1759
1300 1771
1300 1776
1300 1802
1300 1893
1301 1587
1301 1588
1301 1589
1301 1590
1304 1813
1304 1912
1314 1828
1331 1741
1333 1334
1334 1393
1334 1502
1341 1813
1392 1721
1392 1902
1412 1502
1412 1734
1419 1948
1427 1588
1435 1513
1437 1588
1445 1588
1449 1721
1450 1479
1456 1615
1456 1755
1456 1774
1457 1868
1471 1479
1479 1584
1479 1644
1479 1665
1479 1802
1501 1721
1502 1645
1502 1689
1502 1734
1502 1741
1504 1813
1513 1642
1513 1759
1513 1760
1518 1931
1529 1589
1529 1804
1529 1868
1531 1828
1534 1589
1559 1948
1581 1706
1586 1948
1588 1750
1588 1834
1589 1699
1589 1708
1589 1791
1590 1894
1590 1940
1599 1868
1620 1813
1628 1721
1630 1804
1631 1749
1640 1804
1661 1931
1666 1734
1666 1737
1666 1738
1677 1741
1699 1745
1701 1745
1706 1707
1721 1872
1726 1733
1733 1734
1733 1735
1734 1745
1734 1804
1734 1948
1740 1902
1741 1742
1741 1743
1749 1843
1759 1813
1759 1902
1759 1912
1810 1813
1813 1951
1828 1850
1883 1912
1891 1912
1896 1912
