0 6
2 1542
3 891
6 89
6 439
6 650
6 701
6 833
6 993
6 1114
7 1631
8 1552
8 1743
10 1012
10 1015
16 583
19 320
25 693
26 931
27 31
31 73
31 96
31 226
31 509
31 755
31 874
31 1114
31 1266
31 1354
31 1972
37 206
38 1627
39 46
44 46
45 1551
46 356
46 462
46 494
46 742
46 1028
46 1449
46 1499
46 1500
48 1234
49 508
54 1627
55 1094
56 591
57 693
57 1637
59 1094
64 583
64 1802
66 591
66 1525
67 70
70 89
70 399
70 415
70 716
70 886
70 1114
70 1230
70 1372
70 1550
70 1687
77 700
79 1234
80 922
83 721
88 693
94 1015
101 103
103 155
103 244
103 394
103 767
103 953
103 1233
103 1406
103 1449
103 1532
103 1638
103 1667
103 1913
105 930
105 1015
107 1525
108 735
110 591
110 783
113 1660
126 783
137 206
141 1802
145 1721
146 1236
150 410
153 583
154 1561
161 933
162 389
165 1399
166 1197
168 1094
173 210
173 1802
177 1931
181 421
183 1898
185 1504
197 206
200 1542
202 1465
206 361
206 417
206 703
206 737
206 948
206 965
206 1226
206 1227
208 210
210 269
210 489
210 515
210 652
210 708
210 718
210 1449
210 1632
210 1919
211 1095
214 1236
222 1468
223 591
225 1251
226 1015
228 320
228 1236
229 721
240 1637
242 1504
249 508
249 1552
252 970
264 508
269 1542
271 1236
274 281
281 447
281 685
281 755
281 813
281 988
281 1227
281 1318
281 1793
281 1865
284 1606
285 1251
289 1236
294 931
294 1551
296 508
302 931
305 569
307 313
311 735
311 931
313 562
313 848
313 874
313 891
313 1114
313 1122
313 1403
313 1459
313 1561
313 1665
313 1694
313 1787
313 1805
317 320
318 1227
318 1631
320 401
320 692
320 965
320 1106
320 1114
320 1242
320 1367
320 1928
325 1552
334 1660
336 1399
338 1197
342 770
347 1637
350 1606
354 591
355 360
360 492
360 504
360 672
360 899
360 1047
360 1175
360 1191
360 1227
360 1417
360 1556
362 593
362 1721
364 1468
365 1542
370 374
372 508
374 514
374 858
374 1139
374 1143
374 1154
374 1546
374 1692
375 1660
380 389
381 693
383 1468
384 1251
386 1465
387 693
389 549
389 551
389 770
389 953
389 1008
389 1293
389 1301
389 1686
389 1759
389 1868
389 1931
389 1988
391 1468
395 508
399 569
399 1012
399 1627
401 1542
404 735
405 931
409 410
409 421
410 505
410 506
410 507
410 508
410 509
410 510
410 511
410 512
410 513
410 514
410 515
410 516
411 735
421 425
421 694
421 716
421 763
421 980
421 1167
421 1578
421 1718
421 1916
421 1917
427 1005
428 970
431 1606
438 970
442 1005
442 1227
446 1637
449 1234
455 1012
455 1525
462 1197
471 1234
472 1606
479 508
480 933
481 770
482 1660
487 694
487 1660
488 1542
489 970
490 933
490 1504
495 1606
502 1094
503 930
506 1465
506 1660
507 1236
508 850
508 885
508 1008
508 1304
508 1350
508 1432
508 1746
508 1763
508 1993
510 846
510 1017
510 1055
510 1088
510 1336
514 593
514 694
514 721
514 970
514 973
514 1015
514 1139
514 1189
514 1197
514 1251
514 1606
514 1802
514 1851
516 1525
526 1005
527 970
531 1606
533 922
537 1197
545 1525
546 721
546 1721
547 1251
547 1468
549 721
555 1468
559 1251
561 569
562 1465
567 1269
569 999
569 1099
569 1185
569 1227
569 1260
569 1591
569 1681
577 922
581 1012
583 634
583 798
583 1169
583 1351
583 1403
583 1449
583 1745
583 1761
587 591
587 593
588 970
591 1133
591 1430
591 1449
591 1458
591 1630
593 1103
594 1251
602 700
605 1898
609 1234
618 1465
619 700
620 1189
630 1542
631 778
632 1931
634 770
636 1627
638 1423
645 693
651 1637
664 1025
669 770
674 778
674 1631
677 891
679 1891
682 1721
686 1743
687 1561
689 1627
693 694
693 695
693 696
693 697
694 1025
694 1114
694 1236
694 1269
694 1472
694 1542
694 1551
694 1637
694 1660
694 1835
695 783
695 1637
700 964
700 1027
700 1050
700 1193
700 1227
700 1407
700 1420
700 1624
700 1807
700 1862
710 1631
721 777
721 920
721 1093
721 1219
721 1224
721 1279
721 1516
721 1604
721 1938
728 735
730 1197
731 1015
735 1114
735 1270
735 1452
750 933
755 973
763 783
770 933
770 975
770 1021
770 1095
770 1227
770 1468
770 1616
770 1681
770 1924
773 778
775 1197
777 930
777 1094
778 1137
778 1192
778 1286
778 1449
778 1758
780 1743
782 1660
783 944
783 1114
783 1160
783 1530
783 1657
786 930
798 931
817 1423
820 1423
826 1504
843 1721
848 1114
850 1542
851 1251
854 973
875 1835
879 1637
889 1465
891 1028
891 1139
891 1356
891 1409
891 1604
891 1731
891 1740
891 1816
891 1841
893 1891
899 1012
904 1095
908 1012
910 1898
914 922
922 1279
922 1449
922 1464
922 1556
922 1682
922 1725
923 930
923 931
923 933
929 1561
930 1114
930 1193
930 1272
931 1114
931 1115
931 1116
931 1117
933 1103
933 1778
933 1901
951 1551
952 1234
969 1743
970 1376
970 1443
970 1666
970 1987
972 1234
973 1034
973 1252
973 1490
973 1607
973 1609
975 1197
987 1094
989 1637
1000 1005
1005 1122
1005 1449
1005 1453
1005 1812
1005 1822
1005 1925
1008 1551
1012 1060
1012 1205
1012 1449
1012 1450
1012 1451
1012 1452
1014 1465
1014 1468
1015 1446
1015 1747
1015 1799
1015 1888
1015 1974
1024 1025
1025 1168
1025 1737
1025 1895
1031 1627
1050 1197
1052 1631
1055 1898
1083 1891
1087 1552
1088 1423
1094 1316
1094 1449
1094 1667
1094 1780
1094 1849
1094 1902
1095 1096
1095 1097
1095 1098
1095 1099
1097 1399
1098 1251
1102 1627
1110 1399
1114 1423
1114 1449
1114 1743
1125 1802
1129 1891
1141 1234
1142 1743
1142 1891
1165 1606
1184 1189
1189 1335
1189 1528
1189 1671
1189 1733
1189 1734
1189 1790
1189 1806
1194 1197
1196 1721
1197 1771
1197 1915
1201 1721
1204 1637
1222 1465
1227 1234
1227 1399
1227 1449
1227 1465
1227 1627
1227 1631
1227 1891
1227 1898
1234 1558
1234 1892
1235 1660
1236 1237
1247 1269
1249 1743
1250 1251
1251 1285
1251 1367
1251 1368
1260 1269
1261 1835
1269 1341
1269 1587
1299 1627
1300 1802
1304 1423
1310 1465
1311 1399
1317 1606
1359 1631
1373 1802
1378 1561
1385 1504
1392 1721
1397 1525
1399 1643
1415 1542
1423 1516
1423 1546
1423 1819
1423 1820
1425 1631
1436 1627
1449 1504
1449 1525
1449 1552
1449 1721
1453 1465
1459 1525
1465 1595
1465 1712
1468 1493
1468 1494
1468 1495
1468 1496
1469 1743
1478 1660
1479 1802
1483 1542
1483 1551
1490 1660
1501 1721
1504 1533
1504 1723
1504 1813
1518 1931
1525 1570
1525 1578
1525 1595
1525 1876
1526 1835
1541 1637
1542 1933
1548 1551
1548 1552
1551 1771
1552 1567
1552 1629
1552 1630
1561 1619
1561 1653
1561 1938
1583 1835
1605 1606
1606 1858
1606 1975
1627 1635
1627 1708
1628 1721
1631 1749
1631 1812
1631 1851
1637 1680
1660 1669
1661 1931
1683 1743
1721 1872
1728 1743
1741 1743
1743 1889
1802 1883
1802 1906
1834 1835
1835 1848
1835 1888
1861 1898
1891 1912
