0 10
2 193
2 425
3 894
4 124
10 48
10 226
10 304
10 334
10 939
10 1007
10 1008
10 1009
10 1010
10 1011
10 1012
10 1013
10 1014
10 1015
13 1153
14 16
14 19
16 96
16 304
16 347
16 583
16 1064
16 1507
16 1759
19 184
19 320
19 453
19 603
19 1428
22 849
22 1098
29 1130
30 1818
36 43
43 382
43 480
43 641
43 679
43 1086
43 1136
43 1460
43 1553
43 1614
43 1940
45 894
46 462
49 446
51 819
53 655
55 819
57 1130
61 75
61 646
61 1398
65 823
67 75
70 1372
73 133
73 425
75 138
75 184
75 574
75 629
75 733
75 886
75 1448
75 1456
75 1616
75 1646
75 1724
75 1728
84 1522
85 805
94 646
94 1390
96 205
97 213
110 1549
116 1398
118 1713
120 819
122 124
122 127
122 133
124 133
124 183
124 557
124 759
124 839
124 887
124 1300
124 1380
124 1386
124 1415
124 1602
124 1683
124 1786
125 1543
125 1845
127 184
127 250
127 511
127 847
127 1204
127 1224
131 577
131 1037
133 193
133 304
133 393
133 446
133 460
133 485
133 646
133 652
133 659
133 823
133 918
133 1524
133 1809
133 1966
145 1167
149 330
151 1549
152 1787
159 848
159 849
162 819
168 828
171 393
171 655
171 1213
173 631
178 179
178 180
178 181
178 182
178 183
178 184
178 185
178 186
180 646
181 1541
182 1549
184 205
184 212
184 308
184 425
184 641
184 659
184 819
184 834
184 894
184 911
184 1167
184 1212
184 1213
184 1214
187 193
193 252
193 323
193 732
193 1218
193 1506
193 1573
193 1587
193 1668
193 1746
193 1749
195 212
196 849
196 1153
197 202
197 205
200 212
202 641
202 736
202 1171
202 1261
202 1316
202 1465
202 1592
202 1880
205 745
205 899
205 986
205 1069
205 1207
205 1220
205 1795
205 1914
207 911
208 212
208 213
210 652
212 560
212 576
212 619
212 1429
212 1496
212 1588
212 1825
212 1826
212 1827
213 304
213 530
213 638
213 1026
213 1065
222 1787
229 1457
232 460
235 1153
236 1037
239 805
241 1974
245 1214
261 1809
272 823
277 834
285 911
289 1457
291 805
297 298
297 299
297 300
297 301
297 302
297 303
297 304
297 305
297 306
299 631
301 894
304 670
304 808
304 828
304 903
304 1313
304 1397
304 1457
304 1470
304 1522
304 1541
304 1713
304 1974
305 911
307 308
308 332
308 366
308 953
308 1142
308 1282
308 1972
312 1522
313 848
313 1787
317 330
321 1037
326 423
326 652
328 652
330 641
330 726
330 768
330 1289
330 1508
330 1558
330 1563
330 1865
335 646
337 834
344 1457
346 1037
349 808
354 1934
359 460
359 637
361 828
364 641
369 1098
372 918
373 834
382 1130
388 1543
390 1167
392 393
393 628
393 644
393 703
400 894
400 1974
421 425
421 1167
422 423
422 425
423 641
423 644
423 1321
423 1432
423 1496
423 1693
425 750
425 790
425 994
425 1076
425 1177
425 1360
425 1488
425 1657
427 631
428 1818
429 823
436 446
437 1549
446 594
446 769
446 955
446 1417
446 1482
446 1483
446 1509
446 1605
446 1615
446 1623
446 1637
456 1153
457 460
457 462
460 1187
460 1500
460 1524
460 1582
460 1754
462 659
462 669
462 771
462 1018
462 1197
462 1347
462 1410
462 1840
462 1857
472 577
473 1541
476 1372
480 652
483 1167
489 577
489 631
497 1722
499 828
501 1372
501 1457
504 1398
505 1313
511 1541
515 1522
515 1818
517 646
524 823
530 828
531 637
531 805
541 848
542 1522
545 1808
548 1921
552 1934
556 1541
558 1130
560 834
565 849
568 819
571 577
574 1130
575 1457
576 1130
577 629
577 659
577 682
577 846
577 922
577 1054
577 1148
577 1404
577 1425
577 1450
578 823
581 1818
584 1098
584 1808
585 1130
596 1974
603 828
603 1313
603 1673
605 1845
615 1713
627 1098
628 631
631 641
631 778
631 1219
631 1239
631 1517
631 1657
631 1663
631 1774
631 1889
635 834
636 1390
637 638
637 639
637 640
637 641
637 642
638 646
639 646
641 805
641 1037
641 1098
641 1130
641 1153
641 1543
641 1776
641 1808
641 1933
646 698
646 991
646 1075
646 1192
646 1663
646 1705
646 1714
646 1736
646 1779
647 1543
649 652
652 761
652 1096
652 1444
652 1782
652 1973
653 1372
654 848
655 656
655 657
655 658
655 659
655 660
655 661
655 662
655 663
655 664
657 823
659 848
659 849
659 905
659 1272
659 1364
659 1372
659 1390
659 1549
659 1722
659 1787
659 1818
659 1845
659 1921
659 1934
666 1398
668 1921
684 1808
689 834
690 1153
697 911
720 1809
724 1390
731 1787
737 1543
738 1390
742 805
744 808
752 1818
757 1364
760 1372
762 1313
765 1390
768 918
771 849
780 1130
786 808
786 1212
796 819
802 805
802 808
804 823
805 903
805 904
808 875
808 1307
808 1310
808 1481
808 1679
808 1716
808 1844
808 1879
815 1212
816 1522
819 1086
819 1295
819 1310
819 1341
819 1557
819 1567
819 1864
819 1882
821 823
821 828
823 997
823 1138
823 1361
823 1436
823 1454
823 1456
825 1098
828 950
828 1653
828 1800
828 1894
832 834
834 884
834 915
834 1135
834 1396
834 1401
834 1580
834 1628
834 1719
835 1543
841 894
845 918
848 1114
849 865
849 1073
849 1275
849 1287
849 1916
887 1364
894 1578
894 1756
905 911
909 1845
911 1033
911 1403
911 1443
911 1470
911 1563
911 1612
914 918
917 1818
918 1358
918 1479
918 1923
919 1541
925 1153
935 1098
939 1722
945 1713
976 1543
986 1167
994 1673
995 1398
996 1818
1015 1974
1032 1845
1037 1209
1037 1252
1037 1355
1037 1760
1037 1820
1037 1935
1065 1921
1076 1787
1081 1364
1087 1722
1093 1130
1095 1098
1098 1251
1098 1260
1098 1467
1098 1601
1098 1879
1101 1541
1116 1213
1116 1808
1119 1398
1130 1155
1146 1934
1148 1398
1151 1153
1153 1304
1153 1305
1153 1306
1153 1307
1158 1974
1162 1549
1163 1974
1165 1213
1167 1565
1167 1738
1167 1901
1167 1998
1168 1722
1193 1673
1199 1390
1201 1722
1202 1372
1210 1933
1211 1934
1212 1417
1212 1464
1212 1568
1212 1751
1213 1497
1213 1586
1213 1935
1214 1266
1214 1321
1214 1404
1214 1446
1214 1447
1214 1448
1239 1541
1258 1398
1272 1808
1288 1372
1288 1549
1308 1313
1310 1543
1310 1933
1313 1407
1313 1700
1313 1997
1330 1933
1353 1974
1355 1818
1360 1364
1364 1501
1364 1782
1364 1807
1368 1713
1372 1373
1372 1374
1372 1375
1372 1376
1379 1673
1383 1722
1390 1391
1390 1392
1390 1393
1390 1394
1397 1522
1398 1543
1398 1673
1398 1681
1411 1522
1416 1457
1431 1457
1457 1518
1457 1868
1464 1921
1481 1934
1482 1974
1489 1522
1521 1933
1522 1865
1522 1907
1522 1936
1526 1974
1534 1933
1535 1934
1541 1637
1541 1669
1541 1914
1541 1977
1542 1933
1543 1678
1543 1729
1543 1867
1548 1549
1549 1635
1565 1808
1604 1809
1673 1742
1673 1878
1701 1722
1713 1753
1722 1752
1722 1753
1722 1754
1747 1934
1785 1787
1787 1793
1787 1935
1787 1956
1789 1818
1789 1845
1812 1921
1818 1820
1818 1854
1844 1845
1899 1933
