2 425
13 1153
14 19
19 184
19 320
19 453
19 603
19 1428
22 379
22 849
29 1130
30 1818
31 509
35 1947
39 1966
43 641
44 45
45 516
45 600
45 894
45 1051
45 1340
45 1478
45 1496
45 1521
45 1551
46 462
49 446
50 1384
51 819
53 655
55 819
57 1130
61 75
61 646
62 1144
65 823
66 1525
67 75
69 350
69 364
70 1372
73 133
73 425
75 138
75 184
75 574
75 629
75 733
75 886
75 1448
75 1456
75 1616
75 1646
75 1724
75 1728
85 805
89 1221
89 1384
92 1144
94 512
94 646
95 513
96 205
104 1221
107 1525
110 1549
116 1524
120 819
121 1384
122 127
122 133
124 133
125 513
125 1543
125 1845
127 184
127 250
127 511
127 847
127 1204
127 1224
131 577
133 193
133 304
133 393
133 446
133 460
133 485
133 646
133 652
133 659
133 823
133 918
133 1524
133 1809
133 1966
145 1167
146 1781
148 350
148 364
149 330
150 410
151 1549
152 1787
158 350
159 848
159 849
162 819
162 1887
171 393
171 655
171 1213
178 179
178 180
178 181
178 182
178 183
178 184
178 185
178 186
180 646
182 1549
184 205
184 212
184 308
184 425
184 641
184 659
184 819
184 834
184 894
184 911
184 1167
184 1212
184 1213
184 1214
190 509
191 1272
192 350
193 1587
195 212
196 849
196 1153
197 202
197 205
200 212
202 641
202 736
202 1171
202 1261
202 1316
202 1465
202 1592
202 1880
205 745
205 899
205 986
205 1069
205 1207
205 1220
205 1795
205 1914
208 212
212 560
212 576
212 619
212 1429
212 1496
212 1588
212 1825
212 1826
212 1827
222 1787
235 1153
237 240
239 805
240 516
240 744
240 877
240 939
240 1138
240 1241
240 1259
240 1335
240 1637
240 1755
240 1913
245 1214
251 1781
261 1809
272 823
277 834
283 1887
285 1221
291 805
296 1384
300 1384
303 513
307 308
308 332
308 366
308 953
308 1142
308 1282
308 1972
313 848
313 1787
315 1966
317 330
326 423
329 905
330 641
330 726
330 768
330 1289
330 1508
330 1558
330 1563
330 1865
331 335
333 379
335 643
335 644
335 645
335 646
335 647
335 648
337 350
337 834
339 1221
345 1221
350 466
350 1272
350 1606
354 1934
359 637
364 398
364 563
364 602
364 641
364 775
364 830
364 1156
364 1164
364 1301
364 1468
364 1750
364 1968
370 379
372 918
373 834
375 1587
379 481
379 1270
379 1271
379 1272
379 1273
379 1274
379 1275
382 1130
383 1663
388 1384
388 1543
390 1167
392 393
392 403
393 628
393 644
393 703
403 436
403 516
403 831
403 968
403 1432
403 1892
406 512
409 410
410 505
410 506
410 507
410 508
410 509
410 510
410 511
410 512
410 513
410 514
410 515
410 516
416 1384
418 513
421 425
421 1167
422 423
422 425
423 641
423 644
423 1321
423 1432
423 1496
423 1693
425 750
425 790
425 994
425 1076
425 1177
425 1360
425 1488
425 1657
428 1818
429 823
436 446
437 1549
441 509
446 594
446 769
446 955
446 1417
446 1482
446 1483
446 1509
446 1605
446 1615
446 1623
446 1637
455 1525
456 1153
457 462
460 1524
461 1384
462 659
462 669
462 771
462 1018
462 1197
462 1347
462 1410
462 1840
462 1857
470 516
472 577
476 1372
477 485
482 905
483 1167
485 908
485 956
485 1127
485 1138
485 1176
485 1362
487 1663
489 577
497 1722
501 1372
509 657
509 706
509 994
509 1007
509 1044
509 1049
509 1221
509 1608
509 1667
509 1777
510 846
510 1017
510 1055
510 1088
510 1336
512 909
512 977
512 1388
512 1737
512 1833
512 1866
513 602
513 705
513 1345
515 1818
516 1144
516 1202
516 1272
516 1392
516 1505
516 1525
516 1558
516 1887
516 1947
517 646
524 823
531 637
531 805
541 848
545 1525
548 1921
552 1934
558 1130
560 834
565 849
568 819
571 577
574 1130
576 1130
577 629
577 659
577 682
577 846
577 922
577 1054
577 1148
577 1404
577 1425
577 1450
578 823
581 1818
585 1130
601 1781
602 1144
605 1845
631 641
631 1663
635 834
637 638
637 639
637 640
637 641
637 642
638 646
639 646
641 805
641 1037
641 1098
641 1130
641 1153
641 1543
641 1776
641 1808
641 1933
646 698
646 991
646 1075
646 1192
646 1663
646 1705
646 1714
646 1736
646 1779
647 1543
653 1372
654 848
655 656
655 657
655 658
655 659
655 660
655 661
655 662
655 663
655 664
657 823
659 848
659 849
659 905
659 1272
659 1364
659 1372
659 1390
659 1549
659 1722
659 1787
659 1818
659 1845
659 1921
659 1934
668 1921
672 1384
689 834
690 1153
698 1887
707 1966
720 1809
731 1787
734 1887
737 1543
742 805
742 1781
751 1887
752 1818
757 1364
760 1372
768 918
771 849
780 1130
786 1212
796 819
800 1392
802 805
804 823
805 903
805 904
812 1781
815 1212
818 1966
819 1086
819 1295
819 1310
819 1341
819 1557
819 1567
819 1864
819 1882
821 823
823 997
823 1138
823 1361
823 1436
823 1454
823 1456
825 1144
832 834
834 884
834 915
834 1135
834 1396
834 1401
834 1580
834 1628
834 1719
835 1543
845 918
848 1114
849 865
849 1073
849 1275
849 1287
849 1916
864 1384
882 1272
887 1364
903 1947
905 906
905 907
905 908
905 909
905 910
905 911
905 912
905 913
909 1845
909 1887
914 918
915 1272
917 1818
918 1358
918 1479
918 1923
925 1144
925 1153
929 1221
930 1272
939 1722
953 1587
960 1384
976 1543
985 1144
986 1167
996 1587
996 1818
1032 1845
1040 1272
1065 1921
1076 1787
1081 1364
1087 1722
1093 1130
1096 1524
1107 1221
1108 1966
1110 1781
1116 1213
1127 1587
1130 1155
1132 1781
1144 1146
1144 1233
1144 1434
1144 1761
1144 1927
1146 1934
1151 1153
1153 1304
1153 1305
1153 1306
1153 1307
1162 1549
1165 1213
1167 1565
1167 1738
1167 1901
1167 1998
1168 1722
1180 1392
1198 1663
1201 1722
1202 1372
1211 1934
1212 1417
1212 1464
1212 1568
1212 1751
1213 1497
1213 1586
1213 1935
1214 1266
1214 1321
1214 1404
1214 1446
1214 1447
1214 1448
1221 1576
1222 1663
1269 1587
1272 1384
1272 1478
1272 1587
1272 1781
1272 1808
1288 1372
1288 1549
1301 1587
1310 1543
1327 1966
1355 1818
1360 1364
1364 1501
1364 1782
1364 1807
1365 1524
1372 1373
1372 1374
1372 1375
1372 1376
1383 1722
1384 1385
1390 1392
1392 1485
1392 1620
1392 1721
1392 1902
1397 1524
1397 1525
1398 1543
1449 1525
1450 1587
1450 1966
1459 1525
1464 1921
1481 1934
1524 1878
1525 1570
1525 1578
1525 1595
1525 1876
1535 1934
1535 1947
1543 1678
1543 1729
1543 1867
1546 1887
1548 1549
1549 1635
1559 1947
1604 1809
1609 1887
1611 1887
1618 1781
1663 1726
1663 1922
1681 1966
1701 1722
1722 1752
1722 1753
1722 1754
1740 1947
1747 1934
1785 1787
1787 1793
1787 1935
1787 1956
1789 1818
1789 1845
1803 1966
1812 1921
1818 1820
1818 1854
1844 1845
1946 1947
1947 1971
1966 1967
