7 780
11 309
11 352
11 395
14 24
14 25
24 173
24 258
24 433
24 606
24 882
24 1077
24 1131
24 1154
24 1348
24 1469
24 1604
24 1747
24 1748
24 1749
25 564
25 693
25 748
25 809
25 901
25 967
25 1093
25 1154
25 1482
27 28
27 32
28 74
28 115
28 353
28 453
28 654
28 1154
28 1362
28 1602
28 1830
32 98
32 143
32 159
32 195
32 299
32 387
32 866
32 1154
32 1640
35 497
38 1627
44 47
45 1496
47 226
47 338
47 442
47 472
47 688
47 689
47 690
47 691
47 692
50 793
50 1332
52 814
53 1161
54 1627
55 677
57 860
58 174
58 1566
61 646
66 174
69 369
79 1156
81 1531
92 352
94 646
96 1496
112 780
121 635
123 964
126 780
129 1346
130 708
133 646
133 918
138 1681
144 1566
145 639
148 1371
155 160
158 351
158 352
160 163
160 276
160 293
160 967
160 1521
160 1824
169 174
173 1156
174 666
174 851
174 936
174 1154
174 1250
174 1694
174 1784
175 1156
175 1744
180 646
181 1566
182 864
182 1410
188 1371
191 1161
195 1639
196 1034
199 1371
204 639
204 793
209 687
210 708
211 395
212 1496
219 708
226 312
227 1700
230 1161
236 1034
247 263
248 1566
252 1162
263 639
263 642
263 822
263 1181
263 1211
263 1306
263 1367
263 1427
263 1839
272 860
274 275
274 276
274 277
274 278
274 279
274 280
274 281
274 282
274 283
274 284
274 285
274 286
276 448
276 456
276 497
276 635
276 689
276 920
276 964
276 1320
276 1334
276 1410
276 1528
276 1681
276 1685
276 1908
277 372
278 1445
279 355
279 372
282 864
283 687
300 1117
303 1410
303 1566
307 309
307 312
309 355
309 401
309 494
309 689
309 692
309 708
309 814
309 895
309 1007
309 1154
309 1286
309 1445
309 1566
309 1686
312 503
312 1018
312 1154
312 1194
312 1280
312 1522
312 1624
312 1993
322 689
322 1700
325 1371
326 469
330 1289
333 760
335 646
336 864
338 1160
343 1155
344 1410
349 780
351 689
351 1202
351 1971
352 381
352 412
352 451
352 1154
352 1241
352 1472
352 1507
352 1767
355 356
355 357
355 358
355 359
355 360
355 361
355 362
355 363
359 637
364 1156
369 473
369 491
369 518
369 1098
369 1154
369 1172
369 1280
369 1322
369 1348
369 1375
369 1378
369 1454
369 1668
369 1770
370 372
370 374
372 387
372 436
372 508
372 579
372 639
372 864
372 898
372 918
372 979
372 1034
372 1289
372 1418
372 1700
372 1744
372 1801
373 1639
374 514
374 858
374 1139
374 1143
374 1154
374 1546
374 1692
377 1418
378 456
381 1159
383 898
385 760
388 1289
388 1681
392 395
394 1410
395 508
395 536
395 689
395 716
395 751
395 871
395 1084
395 1529
395 1675
397 1700
399 1627
403 436
412 456
418 898
419 1117
420 1371
423 1496
426 793
430 1286
436 437
436 438
436 439
436 440
436 441
436 442
436 443
436 444
436 445
436 446
439 1531
441 1445
444 780
447 456
456 473
456 1153
456 1261
456 1263
456 1281
456 1347
456 1518
456 1545
456 1618
456 1638
459 1801
462 1410
464 497
467 469
469 689
469 763
469 880
469 1302
469 1475
469 1515
469 1588
472 793
473 760
484 1639
488 677
491 1155
494 1117
495 689
496 497
497 861
497 1511
497 1523
497 1616
497 1716
497 1719
497 1722
497 1899
497 1998
502 1528
504 687
505 780
517 646
517 1156
527 964
530 1418
531 637
535 1700
539 1159
544 1908
546 1744
551 1157
551 1159
563 1371
568 814
569 1681
579 1334
584 635
592 639
592 1334
624 1874
628 635
630 1496
635 834
635 1203
635 1206
635 1208
635 1954
635 1967
636 1627
637 638
637 639
637 640
637 641
637 642
638 646
639 646
639 1154
639 1163
639 1173
639 1206
639 1241
639 1331
639 1371
639 1381
639 1496
639 1531
646 698
646 991
646 1075
646 1192
646 1663
646 1705
646 1714
646 1736
646 1779
651 1445
657 1161
666 793
671 1528
673 677
677 891
677 1154
683 1289
687 718
687 984
687 1075
687 1154
687 1204
687 1287
687 1493
687 1561
687 1675
687 1719
687 1792
688 708
689 793
689 834
689 998
689 1117
689 1332
689 1346
689 1627
689 1698
700 964
708 714
708 1379
708 1408
708 1580
715 1445
721 920
722 1160
734 1155
743 1685
743 1744
747 1874
756 760
760 1039
760 1155
760 1279
760 1337
760 1363
760 1372
760 1617
760 1868
768 918
770 1681
771 1531
775 1681
778 1286
780 990
780 1130
780 1141
780 1154
780 1174
780 1198
780 1743
780 1980
783 1160
784 1159
786 1801
790 793
792 1496
793 1018
793 1066
793 1170
793 1209
793 1246
793 1306
793 1316
793 1661
798 1496
798 1801
803 1158
804 1874
809 860
812 1700
814 992
814 1089
814 1340
814 1473
814 1996
818 1566
839 1371
845 918
850 1289
850 1410
852 860
859 1744
860 880
860 1108
860 1155
860 1273
860 1303
860 1567
860 1695
860 1837
860 1945
861 864
864 1217
864 1233
864 1285
864 1384
864 1512
864 1731
878 1418
879 964
888 1418
892 1334
895 1566
896 898
898 1765
914 918
914 920
918 1358
918 1479
918 1923
920 1003
920 1038
920 1039
920 1040
920 1041
920 1042
925 1566
931 1117
935 1160
942 1117
942 1155
944 1334
945 1346
954 1156
964 996
964 997
964 998
964 999
973 1034
979 1685
985 1496
1007 1528
1008 1161
1013 1418
1031 1627
1032 1155
1034 1058
1034 1363
1034 1366
1034 1499
1034 1703
1035 1528
1051 1418
1062 1334
1076 1158
1078 1528
1082 1418
1096 1160
1099 1410
1102 1627
1104 1157
1106 1371
1110 1639
1117 1126
1117 1194
1117 1295
1117 1527
1117 1698
1117 1751
1117 1766
1130 1155
1136 1161
1136 1332
1140 1162
1140 1681
1148 1286
1154 1155
1154 1156
1154 1157
1154 1158
1154 1159
1154 1160
1154 1161
1154 1162
1155 1225
1155 1296
1155 1349
1155 1471
1155 1639
1155 1874
1155 1885
1155 1941
1156 1184
1156 1718
1156 1741
1156 1989
1157 1208
1157 1220
1157 1458
1157 1691
1157 1935
1158 1263
1158 1403
1158 1622
1158 1664
1158 1703
1158 1974
1159 1199
1159 1211
1159 1370
1159 1463
1159 1857
1160 1589
1160 1803
1161 1548
1161 1591
1161 1870
1162 1549
1162 1555
1162 1754
1162 1926
1189 1528
1200 1801
1202 1531
1218 1801
1222 1566
1227 1627
1232 1286
1235 1566
1239 1528
1245 1639
1258 1346
1265 1639
1279 1332
1285 1286
1286 1349
1286 1356
1286 1527
1289 1290
1289 1291
1289 1292
1290 1566
1292 1744
1299 1627
1305 1346
1307 1332
1312 1410
1313 1700
1330 1744
1332 1339
1332 1381
1332 1582
1332 1583
1332 1918
1333 1334
1334 1393
1334 1502
1340 1531
1344 1528
1346 1672
1346 1755
1346 1920
1371 1376
1371 1443
1398 1681
1400 1908
1409 1410
1410 1635
1416 1639
1418 1516
1436 1627
1444 1681
1445 1571
1445 1588
1445 1897
1450 1496
1468 1496
1512 1801
1528 1976
1530 1566
1531 1719
1531 1828
1531 1829
1566 1829
1604 1639
1612 1874
1613 1700
1627 1635
1627 1708
1639 1684
1639 1687
1639 1688
1639 1689
1678 1801
1681 1826
1681 1904
1681 1966
1684 1685
1685 1924
1698 1700
1700 1911
1700 1938
1700 1953
1701 1744
1750 1801
1801 1865
1801 1930
1801 1953
1903 1908
