6 650
8 1400
11 309
11 352
11 395
14 25
15 1955
20 322
20 1668
22 1098
24 1154
24 1348
25 564
25 693
25 748
25 809
25 901
25 967
25 1093
25 1154
25 1482
28 1154
30 322
32 1154
34 1100
48 491
49 1126
52 1979
53 1161
55 677
58 174
63 1914
66 174
67 69
69 121
69 171
69 350
69 364
69 365
69 366
69 367
69 368
69 369
73 1211
79 1156
79 1930
85 805
86 90
90 293
90 566
90 706
90 1322
90 1432
90 1462
90 1464
90 1550
90 1565
90 1650
90 1709
90 1718
90 1837
92 352
98 272
102 1174
110 1680
115 752
120 1426
121 1764
152 1211
157 322
158 340
158 352
162 1887
165 1126
165 1866
169 174
173 1156
174 666
174 851
174 936
174 1154
174 1250
174 1694
174 1784
175 1156
180 1172
186 1081
190 927
190 1955
191 1161
193 1668
205 1914
206 965
209 687
211 395
217 324
220 1348
226 312
226 1172
230 1161
237 245
239 805
241 1174
245 250
245 323
245 491
245 762
245 881
245 902
245 1214
245 1459
245 1650
245 1806
245 1861
245 1969
252 1162
258 1122
258 1819
260 1375
263 1211
265 272
272 420
272 751
272 823
272 860
272 1030
272 1087
272 1420
272 1621
272 1756
272 1864
272 1893
274 286
275 965
283 687
283 1887
284 1606
286 415
286 440
286 606
286 1143
286 1322
286 1447
286 1494
286 1706
286 1732
286 1740
286 1746
286 1843
291 805
295 1790
301 656
302 965
307 309
307 312
309 355
309 401
309 494
309 689
309 692
309 708
309 814
309 895
309 1007
309 1154
309 1286
309 1445
309 1566
309 1686
312 503
312 1018
312 1154
312 1194
312 1280
312 1522
312 1624
312 1993
313 1122
316 1172
317 321
317 322
317 324
320 965
321 347
321 491
321 1037
321 1089
321 1210
321 1304
321 1597
321 1834
322 531
322 689
322 724
322 759
322 764
322 1312
322 1572
322 1661
322 1700
324 491
324 492
324 493
324 494
324 495
333 1764
338 1160
338 1172
340 697
340 751
340 952
340 969
340 1125
340 1345
340 1379
340 1401
340 1729
343 1431
346 1027
346 1378
347 1668
348 1914
350 1606
352 381
352 412
352 451
352 1154
352 1241
352 1472
352 1507
352 1767
356 1764
359 637
364 1156
368 965
369 473
369 491
369 518
369 1098
369 1154
369 1172
369 1280
369 1322
369 1348
369 1375
369 1378
369 1454
369 1668
369 1770
370 377
374 1154
377 491
377 725
377 1413
377 1414
377 1415
377 1416
377 1417
377 1418
377 1419
377 1420
377 1421
377 1422
383 1122
384 1081
385 1172
392 395
395 508
395 536
395 689
395 716
395 751
395 871
395 1084
395 1529
395 1675
396 862
398 634
400 1866
401 1100
401 1764
411 862
418 650
426 1375
428 1378
431 1606
446 1509
448 862
448 1674
452 531
452 1081
455 656
456 473
464 752
466 1254
467 473
471 1914
472 1606
473 588
473 760
473 771
473 968
473 1516
473 1541
482 491
488 677
491 742
491 850
491 989
491 1126
491 1155
491 1374
491 1790
491 1994
494 1375
495 1606
498 1211
498 1378
500 1400
504 687
504 1185
512 1866
514 1606
516 1887
517 1156
523 1431
527 965
528 529
528 530
528 531
528 532
528 533
528 534
528 535
528 536
528 537
528 538
528 539
531 580
531 637
531 805
531 843
531 927
531 928
531 1100
531 1265
531 1322
531 1509
531 1606
531 1914
531 1930
551 1157
552 1509
567 1375
569 1185
580 1431
583 634
584 1098
594 1378
601 1674
602 1668
623 1930
627 1098
627 1509
628 634
630 862
634 770
634 1085
634 1322
634 1415
634 1492
634 1665
634 1725
636 1930
637 638
637 639
637 640
637 641
637 642
639 1154
641 805
641 1098
645 752
649 650
650 748
650 751
650 879
650 1103
650 1788
650 1960
655 656
656 962
656 979
656 1041
656 1322
656 1454
656 1621
656 1622
656 1623
656 1624
656 1625
657 1161
660 1914
660 1955
673 677
677 891
677 1154
680 1770
681 1254
685 1400
687 718
687 984
687 1075
687 1154
687 1204
687 1287
687 1493
687 1561
687 1675
687 1719
687 1792
692 1185
698 1887
700 1027
701 1668
705 1680
714 1431
717 1348
718 1400
719 1174
722 1160
722 1172
731 1680
732 1185
734 1790
734 1887
737 1400
742 805
743 1595
746 751
746 752
751 752
751 862
751 965
751 1081
751 1174
751 1185
751 1211
751 1400
751 1674
751 1866
751 1887
751 1955
752 893
752 1059
752 1091
752 1107
752 1228
752 1818
752 1893
752 1894
754 1764
763 1211
768 1172
768 1174
772 1866
777 965
780 1154
780 1174
783 1160
784 1081
784 1914
788 1426
792 862
792 1185
794 1819
798 1770
802 805
803 1158
805 903
805 904
811 1348
813 1185
817 1378
825 1098
825 1174
829 1819
842 1027
843 1431
850 1509
859 1866
861 862
862 1495
862 1616
862 1892
863 1426
865 1254
882 1431
888 1790
903 1680
909 1770
909 1887
910 1668
915 1866
917 1027
919 1914
923 927
927 1709
927 1837
928 1174
935 1098
935 1160
937 1172
939 1400
944 1764
947 1185
947 1211
951 1866
954 1156
961 1100
965 1315
983 1122
1005 1122
1008 1126
1008 1161
1024 1027
1027 1281
1027 1322
1027 1352
1027 1708
1027 1776
1028 1378
1029 1866
1035 1680
1038 1081
1041 1595
1048 1375
1064 1955
1076 1158
1079 1081
1080 1866
1081 1330
1081 1364
1081 1412
1081 1593
1088 1426
1095 1098
1096 1160
1098 1251
1098 1260
1098 1467
1098 1601
1098 1879
1099 1348
1100 1101
1100 1102
1100 1103
1104 1157
1115 1866
1115 1955
1117 1126
1118 1122
1122 1253
1122 1309
1122 1322
1122 1336
1122 1569
1122 1583
1124 1126
1126 1205
1126 1235
1136 1161
1140 1162
1149 1174
1154 1155
1154 1156
1154 1157
1154 1158
1154 1159
1154 1160
1154 1161
1154 1162
1156 1184
1156 1718
1156 1741
1156 1989
1157 1208
1157 1220
1157 1458
1157 1691
1157 1935
1158 1263
1158 1403
1158 1622
1158 1664
1158 1703
1158 1974
1159 1211
1160 1589
1160 1803
1161 1548
1161 1591
1161 1870
1162 1549
1162 1555
1162 1754
1162 1926
1164 1674
1165 1606
1168 1955
1169 1914
1170 1668
1172 1569
1172 1705
1172 1876
1172 1957
1174 1280
1174 1407
1174 1633
1174 1826
1174 1991
1178 1770
1184 1185
1185 1265
1185 1336
1185 1609
1186 1426
1189 1790
1211 1607
1211 1708
1211 1902
1211 1934
1211 1975
1237 1770
1250 1254
1254 1321
1254 1322
1267 1680
1274 1819
1311 1400
1314 1348
1315 1322
1317 1606
1322 1426
1322 1431
1322 1595
1322 1680
1322 1764
1322 1819
1322 1866
1322 1979
1330 1668
1331 1509
1347 1348
1348 1401
1348 1751
1349 1509
1372 1375
1375 1474
1375 1572
1375 1747
1375 1940
1375 1980
1378 1561
1378 1612
1400 1519
1400 1638
1400 1892
1400 1908
1423 1819
1426 1618
1426 1724
1426 1803
1426 1967
1430 1431
1431 1457
1431 1624
1431 1644
1431 1692
1436 1680
1437 1790
1440 1764
1462 1680
1464 1819
1465 1595
1485 1770
1498 1790
1501 1955
1507 1509
1509 1527
1509 1756
1509 1800
1514 1955
1518 1955
1525 1595
1527 1819
1541 1914
1546 1887
1555 1668
1568 1674
1575 1680
1581 1979
1594 1595
1595 1799
1605 1606
1606 1858
1606 1975
1609 1887
1611 1887
1636 1819
1637 1680
1680 1841
1689 1914
1714 1930
1715 1790
1756 1930
1764 1812
1765 1979
1770 1915
1783 1866
1801 1930
1866 1894
1976 1979
