0 9
9 318
9 356
9 617
9 782
9 802
9 906
9 1125
9 1135
9 1483
9 1607
9 1804
9 1995
11 352
18 1610
20 1259
24 433
26 601
28 1362
38 601
40 465
44 45
44 46
44 47
44 48
44 49
44 50
44 51
44 52
44 53
44 54
44 55
44 56
44 57
44 58
44 59
45 1551
49 208
49 446
49 455
49 508
49 902
49 1107
49 1110
49 1126
49 1323
49 1471
49 1581
49 1652
49 1692
49 1728
49 1732
50 152
50 361
50 433
50 560
50 793
50 1036
50 1190
50 1259
50 1281
50 1332
50 1336
50 1369
50 1384
50 1394
50 1598
53 97
53 98
53 336
53 655
53 665
53 871
53 878
53 938
53 1161
54 1626
58 1598
62 666
62 1147
63 1794
64 522
65 1321
75 1728
85 1394
87 1736
88 326
88 465
89 1384
90 1718
92 352
92 522
95 1772
96 774
99 1451
104 560
107 666
108 1190
116 1195
119 1736
120 560
121 1384
123 522
130 705
147 152
152 179
152 427
152 798
152 1211
152 1787
152 1822
152 1890
154 774
158 352
164 1164
164 1195
165 1126
166 1147
167 1736
171 1283
174 666
179 1736
182 864
191 1195
196 1164
198 738
199 1369
201 1555
204 793
205 745
205 1795
206 361
212 560
214 1107
215 1490
221 1283
224 488
226 1147
236 738
236 1036
240 1259
257 601
278 1736
282 738
282 864
283 1598
284 1451
286 1732
288 1698
294 1490
294 1551
295 498
295 738
295 1358
296 1384
298 560
300 1384
310 745
311 1916
312 1018
316 1147
317 326
323 1259
325 1728
326 423
326 469
326 652
326 785
326 1168
326 1382
326 1479
326 1654
326 1692
326 1734
326 1735
326 1759
333 1490
336 864
343 1431
349 1336
352 381
352 412
352 451
352 1154
352 1241
352 1472
352 1507
352 1767
355 361
357 1728
359 1732
361 585
361 713
361 828
361 1078
361 1939
364 1164
365 1610
365 1707
370 374
372 864
374 514
374 858
374 1139
374 1143
374 1154
374 1546
374 1692
381 560
383 1732
388 1259
388 1384
388 1692
399 1698
404 738
405 1736
408 1451
411 1718
412 522
416 1384
420 488
421 1718
421 1916
422 433
423 1321
426 793
428 1147
429 1132
429 1369
433 467
433 822
433 846
434 1358
434 1434
435 1718
435 1736
438 1358
446 1483
455 975
456 1281
456 1545
461 1384
462 1018
464 1281
464 1362
465 982
465 1127
465 1692
465 1990
472 793
475 1728
476 1451
482 975
483 1555
485 1362
486 488
488 547
488 677
488 1146
488 1318
488 1479
488 1542
488 1692
488 1960
491 1126
495 1321
496 498
498 748
498 1139
498 1211
498 1378
498 1483
498 1654
498 1755
498 1995
499 1321
510 1336
513 705
515 1107
520 522
522 585
522 727
522 1767
523 1431
524 975
530 1916
532 824
533 1736
537 666
537 1385
541 1385
544 1610
545 1900
549 1610
550 560
556 975
560 663
560 834
560 1368
560 1507
560 1518
560 1519
570 1385
572 666
576 1132
576 1133
580 1431
584 1281
591 1133
594 1772
597 601
600 1698
601 925
601 1224
601 1367
601 1610
601 1635
601 1674
601 1758
601 1767
601 1778
601 1779
601 1780
601 1781
605 738
608 1358
616 1794
619 1281
619 1283
621 1772
626 745
630 1795
638 1132
644 1036
646 1736
646 1779
654 774
663 1147
665 666
666 793
666 1128
666 1395
666 1396
666 1397
666 1398
670 1766
672 1384
672 1766
675 1698
676 824
676 1555
676 1707
678 1133
681 1018
689 793
689 1332
689 1698
691 1018
691 1259
694 1551
698 1394
699 705
699 1107
704 1036
705 869
705 1149
705 1223
705 1538
705 1666
705 1680
705 1692
711 1107
712 1626
714 1431
720 1545
725 738
728 1451
738 1390
738 1481
738 1482
738 1483
738 1484
743 1259
743 1336
745 1108
745 1767
747 1766
752 1107
755 1779
764 1195
764 1772
770 975
773 774
774 1064
774 1425
774 1767
774 1816
788 1369
788 1545
789 1434
790 793
791 1490
793 1018
793 1066
793 1170
793 1209
793 1246
793 1306
793 1316
793 1661
794 975
798 1147
809 1132
810 975
812 1394
813 1321
821 824
824 825
824 1274
824 1368
824 1405
824 1483
824 1530
824 1870
824 1923
829 1132
840 1358
841 1451
842 1598
843 1164
843 1358
843 1431
849 1916
854 975
858 1610
858 1766
861 864
863 1036
864 1217
864 1233
864 1285
864 1384
864 1512
864 1731
874 1362
875 1132
875 1598
879 1132
879 1321
882 1431
890 1900
900 1283
901 1736
918 1358
921 1195
925 1555
937 1133
937 1728
947 1164
951 1551
959 1147
960 1384
968 1772
973 1490
974 1451
975 1045
975 1111
975 1197
975 1527
975 1692
981 1283
986 1164
990 1132
992 1916
994 1018
997 1772
1006 1107
1008 1126
1008 1551
1010 1394
1010 1732
1012 1451
1016 1018
1017 1626
1018 1559
1018 1611
1018 1758
1027 1281
1036 1241
1036 1250
1036 1712
1036 1784
1036 1877
1038 1451
1044 1736
1045 1358
1053 1707
1054 1598
1057 1190
1058 1779
1066 1434
1067 1736
1067 1916
1069 1707
1082 1626
1083 1321
1088 1394
1091 1133
1099 1195
1101 1147
1107 1221
1107 1250
1107 1459
1107 1991
1109 1336
1117 1126
1117 1698
1117 1766
1119 1358
1122 1336
1124 1126
1126 1205
1126 1235
1132 1150
1132 1274
1132 1302
1132 1767
1132 1781
1132 1841
1132 1885
1133 1291
1133 1692
1136 1332
1143 1795
1144 1434
1147 1483
1156 1718
1162 1555
1164 1193
1164 1533
1164 1569
1164 1674
1164 1692
1164 1740
1164 1823
1165 1283
1185 1336
1190 1191
1190 1192
1190 1193
1194 1195
1195 1312
1195 1483
1195 1759
1195 1994
1200 1394
1214 1321
1218 1490
1219 1358
1222 1434
1231 1766
1247 1732
1252 1707
1254 1321
1256 1259
1259 1363
1259 1649
1259 1789
1268 1766
1272 1384
1273 1451
1274 1362
1275 1283
1279 1332
1281 1354
1281 1414
1281 1705
1283 1605
1283 1692
1283 1739
1283 1740
1304 1728
1305 1555
1307 1332
1312 1626
1319 1728
1321 1767
1322 1431
1327 1545
1332 1339
1332 1381
1332 1582
1332 1583
1332 1918
1333 1336
1336 1337
1339 1483
1344 1385
1344 1916
1358 1483
1358 1516
1358 1929
1358 1989
1360 1362
1362 1672
1362 1692
1362 1886
1362 1970
1379 1795
1384 1385
1385 1504
1385 1776
1385 1900
1390 1394
1394 1923
1408 1728
1430 1431
1431 1457
1431 1624
1431 1644
1431 1692
1432 1434
1433 1728
1434 1692
1434 1925
1451 1483
1451 1547
1451 1760
1451 1892
1454 1718
1458 1718
1470 1732
1475 1732
1483 1542
1483 1545
1483 1551
1483 1626
1483 1707
1483 1766
1483 1767
1490 1660
1490 1691
1490 1767
1490 1895
1515 1545
1533 1772
1536 1779
1545 1937
1548 1551
1551 1771
1555 1572
1555 1668
1555 1767
1555 1782
1555 1895
1583 1692
1598 1894
1608 1610
1609 1610
1610 1739
1610 1873
1610 1982
1626 1971
1643 1900
1644 1900
1647 1916
1654 1772
1671 1718
1692 1698
1692 1718
1692 1767
1698 1699
1698 1700
1698 1701
1706 1707
1717 1718
1728 1743
1731 1732
1732 1777
1732 1852
1736 1767
1736 1919
1758 1767
1766 1796
1766 1830
1766 1873
1766 1945
1767 1772
1767 1794
1767 1795
1767 1916
1772 1773
1772 1774
1779 1870
1789 1794
1793 1794
1795 1796
1795 1797
1803 1900
1850 1916
1882 1916
1894 1916
1900 1951
1900 1958
1916 1952
