0 2
2 38
2 73
2 193
2 425
2 493
2 1542
2 1570
2 1981
14 22
14 25
18 526
18 1280
18 1610
22 188
22 244
22 269
22 379
22 562
22 802
22 849
22 1098
22 1109
22 1110
23 419
25 564
25 693
25 748
25 809
25 901
25 967
25 1093
25 1154
25 1482
26 931
27 28
28 74
28 115
28 353
28 453
28 654
28 1154
28 1362
28 1602
28 1830
29 1539
29 1570
36 37
37 206
37 368
37 416
37 572
37 665
37 703
37 917
37 1171
37 1570
37 1582
38 829
39 526
46 1499
48 1863
49 446
51 800
51 1121
51 1499
51 1569
52 928
53 878
57 584
57 1637
63 259
65 489
66 562
66 1525
66 1539
67 74
74 311
74 800
74 1019
74 1050
74 1051
74 1052
74 1053
74 1054
78 83
79 1352
80 131
83 235
83 544
83 610
83 719
83 720
83 721
83 722
88 928
88 1847
92 561
95 148
97 924
104 868
105 930
106 115
107 1525
111 619
113 1863
115 302
115 414
115 416
115 468
115 752
115 1296
115 1640
117 120
120 200
120 203
120 333
120 378
120 560
120 595
120 802
120 819
120 1053
120 1058
120 1319
120 1426
120 1570
120 1684
120 1987
122 131
125 1121
131 167
131 544
131 577
131 853
131 1037
131 1498
131 1508
131 1608
131 1881
133 446
136 267
141 1447
144 1875
145 1539
147 148
148 166
148 350
148 364
148 757
148 844
148 923
148 958
148 1371
148 1907
148 1919
148 1935
150 932
153 584
157 1847
163 1119
164 419
170 1499
185 1329
190 927
202 1465
203 221
210 489
211 1280
212 619
221 236
221 314
221 430
221 544
221 843
221 910
221 988
221 1280
221 1283
221 1482
221 1499
221 1774
222 800
231 236
236 640
236 719
236 738
236 1034
236 1035
236 1036
236 1037
240 1637
245 762
247 259
247 261
248 482
250 482
252 1447
255 1647
257 1352
259 283
259 640
259 773
259 1570
259 1706
259 1710
259 1829
261 923
261 941
261 1066
261 1166
261 1187
261 1419
261 1733
261 1809
265 267
266 1447
267 562
267 707
267 827
267 1318
267 1432
267 1798
267 1864
267 1987
270 1901
281 988
286 1447
293 1352
294 931
300 584
300 1085
301 1430
302 931
307 313
311 931
312 1280
313 562
313 848
313 874
313 891
313 1114
313 1122
313 1403
313 1459
313 1561
313 1665
313 1694
313 1787
313 1805
322 1312
342 553
347 1329
347 1637
359 1119
365 1610
369 1280
376 932
378 878
386 1465
399 540
400 932
405 931
407 619
408 1085
409 419
410 505
413 865
419 445
419 667
419 727
419 896
419 923
419 1021
419 1117
419 1992
419 1994
420 878
422 430
424 929
430 660
430 716
430 718
430 908
430 913
430 1286
430 1461
430 1479
436 446
446 594
446 769
446 955
446 1417
446 1482
446 1483
446 1509
446 1605
446 1615
446 1623
446 1637
448 929
452 489
455 1525
468 1569
470 928
476 1774
477 482
482 491
482 879
482 905
482 923
482 975
482 1419
482 1507
482 1660
482 1896
483 526
486 489
489 577
489 631
489 638
489 836
489 881
489 923
489 970
489 1051
489 1471
489 1582
489 1583
502 619
503 930
505 562
505 780
505 835
505 866
505 952
505 1031
505 1313
505 1413
505 1508
505 1922
505 1950
506 1465
516 1525
520 526
523 924
525 1312
526 878
526 1005
529 1121
530 762
531 927
531 928
534 925
539 1312
540 541
540 542
540 543
540 544
540 545
540 546
540 547
540 548
540 549
542 925
542 1774
544 800
544 1250
544 1539
544 1610
544 1782
544 1863
544 1901
544 1908
544 1912
545 1525
549 1610
550 553
553 576
553 815
553 878
553 1102
553 1230
553 1370
553 1491
553 1492
555 1447
561 562
561 563
561 564
561 565
561 566
561 567
561 568
561 569
561 570
562 868
562 878
562 923
562 926
562 1123
562 1430
562 1442
562 1465
562 1482
562 1847
562 1860
562 1875
581 1782
584 635
584 877
584 923
584 1098
584 1228
584 1281
584 1297
584 1366
584 1630
584 1808
591 1430
595 1647
601 925
601 1610
609 1121
618 1465
619 700
619 753
619 923
619 1003
619 1065
619 1281
619 1282
619 1283
619 1284
622 1875
631 1774
634 1085
638 1570
651 1637
652 1782
653 1569
674 1499
690 1499
692 868
694 1637
695 1119
695 1637
715 1442
722 1430
726 1901
738 1482
744 988
744 1570
748 1875
761 762
762 1000
762 1016
762 1075
762 1150
762 1313
762 1482
762 1503
762 1652
762 1761
762 1958
765 829
765 1782
777 930
784 878
786 930
792 1119
797 800
798 931
799 1352
800 1146
800 1219
800 1392
800 1446
800 1654
800 1999
809 1121
809 1782
809 1875
817 988
821 829
829 841
829 876
829 878
829 1080
829 1132
829 1239
829 1327
829 1550
829 1577
829 1817
829 1819
847 1539
849 865
850 1085
850 1447
855 1912
858 1442
858 1610
859 1442
861 865
861 868
865 1200
865 1254
865 1568
865 1570
865 1725
865 1867
865 1976
866 928
868 1073
868 1246
868 1645
868 1870
870 1482
872 932
876 878
878 1121
878 1237
878 1329
878 1418
878 1570
878 1690
878 1691
879 988
879 1637
888 1121
889 1465
899 1442
900 1352
900 1569
906 1121
907 1442
913 1312
916 1280
923 924
923 925
923 926
923 927
923 928
923 929
923 930
923 931
923 932
923 933
924 1198
924 1497
924 1872
925 939
925 1144
925 1153
925 1555
925 1566
925 1738
925 1907
925 1945
927 1709
927 1837
928 1041
928 1174
928 1355
928 1562
928 1777
928 1785
929 958
929 1221
929 1225
929 1487
929 1510
929 1561
930 1114
930 1193
930 1272
931 1114
931 1115
931 1116
931 1117
932 1096
932 1343
932 1367
932 1473
933 1901
940 1875
941 1774
944 1329
946 1085
974 1782
988 989
988 990
988 991
988 992
989 1637
995 1901
1008 1782
1014 1465
1019 1569
1027 1352
1034 1499
1035 1647
1042 1499
1044 1280
1052 1847
1084 1539
1085 1145
1085 1228
1085 1482
1085 1658
1087 1312
1096 1863
1109 1119
1110 1482
1113 1863
1118 1119
1118 1121
1119 1284
1119 1358
1119 1363
1119 1388
1119 1398
1119 1570
1119 1978
1121 1497
1121 1498
1122 1569
1123 1774
1136 1329
1164 1569
1167 1901
1172 1569
1174 1280
1188 1442
1195 1312
1204 1637
1209 1352
1214 1447
1220 1280
1222 1465
1227 1465
1230 1863
1270 1280
1276 1280
1280 1880
1282 1875
1298 1352
1304 1912
1308 1312
1310 1465
1310 1570
1312 1410
1312 1471
1312 1553
1312 1570
1312 1626
1312 1704
1312 1906
1312 1929
1329 1494
1337 1539
1352 1381
1352 1453
1352 1570
1352 1987
1364 1782
1373 1875
1386 1499
1393 1901
1397 1525
1404 1569
1407 1901
1411 1569
1415 1482
1420 1782
1420 1863
1429 1482
1430 1431
1441 1499
1442 1461
1442 1592
1442 1656
1442 1686
1442 1824
1447 1492
1447 1536
1447 1570
1447 1689
1447 1760
1447 1797
1447 1929
1447 1932
1449 1525
1453 1465
1456 1774
1459 1525
1460 1569
1465 1595
1465 1712
1478 1539
1482 1493
1482 1573
1482 1974
1499 1633
1499 1634
1525 1570
1525 1578
1525 1595
1525 1876
1538 1539
1539 1860
1541 1637
1555 1782
1569 1570
1569 1571
1569 1572
1569 1573
1570 1647
1577 1647
1604 1647
1608 1610
1609 1610
1610 1739
1610 1873
1610 1982
1637 1680
1647 1916
1647 1961
1746 1875
1748 1847
1759 1912
1762 1863
1772 1774
1782 1783
1812 1875
1847 1852
1862 1863
1863 1927
1863 1942
1883 1912
1891 1912
1896 1912
1901 1962
