3 895
7 780
11 352
11 1885
14 24
14 25
18 204
18 1280
20 1454
20 1668
22 1098
23 1047
24 173
24 258
24 433
24 606
24 882
24 1077
24 1131
24 1154
24 1348
24 1469
24 1604
24 1747
24 1748
24 1749
25 564
25 693
25 748
25 809
25 901
25 967
25 1093
25 1154
25 1482
27 28
27 32
28 74
28 115
28 353
28 453
28 654
28 1154
28 1362
28 1602
28 1830
29 942
32 98
32 143
32 159
32 195
32 299
32 387
32 866
32 1154
32 1640
38 518
42 518
45 1496
49 1471
51 979
53 1161
55 677
58 174
61 1053
66 174
67 69
69 121
69 171
69 350
69 364
69 365
69 366
69 367
69 368
69 369
74 1053
79 1156
81 1531
88 723
92 352
96 1496
112 780
115 1296
118 277
120 1053
126 780
133 918
134 981
134 1579
135 145
137 895
139 979
140 1592
142 1296
145 165
145 288
145 437
145 502
145 520
145 639
145 771
145 981
145 1167
145 1353
145 1539
145 1559
145 1721
145 1748
145 1829
145 1915
148 1371
155 165
157 502
158 352
165 481
165 1126
165 1399
165 1413
165 1428
165 1866
165 1918
166 437
169 174
173 1156
174 666
174 851
174 936
174 1154
174 1250
174 1694
174 1784
175 1156
175 1744
177 502
180 1172
182 864
188 1371
191 1161
193 1668
195 1639
196 1034
197 204
199 1371
202 1592
204 639
204 793
204 798
204 835
204 916
204 1222
204 1301
204 1675
204 1980
209 687
211 1280
212 1496
219 1047
221 1280
223 277
225 1296
226 1172
227 1700
230 579
230 1161
236 1034
246 249
247 263
249 303
249 508
249 607
249 627
249 629
249 900
249 958
249 1220
249 1552
249 1560
249 1642
252 1162
255 981
257 725
263 639
263 642
263 822
263 1181
263 1211
263 1306
263 1367
263 1427
263 1839
274 277
274 279
275 1032
277 311
277 372
277 707
277 713
277 742
277 834
277 1067
277 1276
279 355
279 372
279 576
279 845
279 1035
279 1087
279 1367
279 1911
282 518
282 864
283 687
292 940
309 895
309 1154
312 1154
312 1280
314 437
314 1579
316 1172
322 1700
325 1371
330 1289
333 760
336 864
338 592
338 1172
343 1155
346 579
347 1668
349 780
352 381
352 412
352 451
352 1154
352 1241
352 1472
352 1507
352 1767
358 940
360 1047
364 1156
369 473
369 491
369 518
369 1098
369 1154
369 1172
369 1280
369 1322
369 1348
369 1375
369 1378
369 1454
369 1668
369 1770
370 372
370 374
370 377
372 387
372 436
372 508
372 579
372 639
372 864
372 898
372 918
372 979
372 1034
372 1289
372 1418
372 1700
372 1744
372 1801
373 1639
374 514
374 858
374 1139
374 1143
374 1154
374 1546
374 1692
377 491
377 725
377 1413
377 1414
377 1415
377 1416
377 1417
377 1418
377 1419
377 1420
377 1421
377 1422
381 1159
383 898
385 760
385 1172
385 1349
388 1289
397 1700
408 1349
418 898
420 1371
423 1496
427 940
434 627
436 437
437 747
437 749
437 761
437 1382
437 1415
437 1435
437 1549
437 1950
437 1953
439 1531
444 780
451 1885
452 979
458 940
458 942
459 1801
463 1047
473 760
480 1592
484 1454
484 1639
488 677
489 1471
490 592
491 1155
496 502
502 543
502 600
502 619
502 984
502 991
502 1046
502 1094
502 1178
502 1528
502 1745
502 1769
502 1950
502 1951
504 687
504 979
505 780
517 1156
518 566
518 1687
518 1724
527 723
532 1471
535 1700
539 1159
546 1744
551 1157
551 1159
557 1053
563 1371
565 895
571 579
574 1592
578 579
579 626
579 663
579 813
579 980
579 1204
579 1243
579 1334
579 1438
579 1462
579 1556
579 1879
584 1098
587 592
592 639
592 845
592 1334
592 1343
592 1388
592 1635
592 1765
592 1890
596 942
602 1668
624 1874
625 627
627 662
627 710
627 725
627 895
627 1098
627 1407
627 1409
627 1489
627 1509
627 1745
630 1496
635 1206
637 639
639 646
639 1154
639 1163
639 1173
639 1206
639 1241
639 1331
639 1371
639 1381
639 1496
639 1531
641 1098
654 1032
656 979
656 1454
657 1161
670 935
672 895
673 677
677 891
677 1154
680 1579
683 981
683 1289
683 1592
684 981
687 718
687 984
687 1075
687 1154
687 1204
687 1287
687 1493
687 1561
687 1675
687 1719
687 1792
701 1668
722 1172
723 724
723 725
723 726
723 727
723 728
723 729
723 730
723 731
723 732
725 738
725 902
725 1046
725 1053
725 1579
725 1592
725 1597
725 1734
725 1981
734 1155
743 1744
747 1874
756 760
760 1039
760 1155
760 1279
760 1337
760 1363
760 1372
760 1617
760 1868
763 1206
764 1471
767 935
768 918
768 1172
771 1531
779 1349
780 990
780 1130
780 1141
780 1154
780 1174
780 1198
780 1743
780 1980
782 1296
784 1159
786 1801
792 1496
798 1496
798 1801
803 1158
804 1874
812 1700
823 1454
825 1098
839 1032
839 1371
840 1471
844 1047
845 918
845 1454
850 1289
859 1744
860 1155
861 864
864 1217
864 1233
864 1285
864 1384
864 1512
864 1731
867 1331
885 895
889 1592
895 934
895 1232
895 1566
896 898
898 1765
910 1331
910 1668
914 918
916 1280
918 1358
918 1479
918 1923
934 935
935 949
935 987
935 1098
935 1110
935 1160
935 1831
935 1904
935 1957
937 1172
940 1056
940 1579
940 1737
940 1844
940 1875
942 1117
942 1155
942 1168
942 1511
942 1578
942 1635
942 1762
942 1893
954 1156
959 1592
973 1034
977 979
977 981
979 1109
979 1135
979 1218
979 1685
979 1936
979 1937
980 1349
981 1198
981 1283
981 1330
981 1435
985 1053
985 1496
990 1032
990 1331
1004 1885
1008 1161
1011 1471
1032 1155
1032 1231
1032 1327
1032 1845
1032 1915
1034 1058
1034 1363
1034 1366
1034 1499
1034 1703
1039 1053
1044 1280
1046 1047
1047 1092
1047 1241
1047 1579
1047 1754
1047 1867
1053 1070
1053 1116
1053 1591
1053 1707
1067 1349
1071 1579
1076 1158
1082 1296
1095 1098
1096 1349
1098 1251
1098 1260
1098 1467
1098 1601
1098 1879
1104 1157
1106 1371
1110 1639
1130 1155
1132 1885
1136 1161
1136 1331
1140 1162
1154 1155
1154 1156
1154 1157
1154 1158
1154 1159
1154 1160
1154 1161
1154 1162
1155 1225
1155 1296
1155 1349
1155 1471
1155 1639
1155 1874
1155 1885
1155 1941
1156 1184
1156 1718
1156 1741
1156 1989
1157 1208
1157 1220
1157 1458
1157 1691
1157 1935
1158 1263
1158 1403
1158 1622
1158 1664
1158 1703
1158 1974
1159 1199
1159 1211
1159 1370
1159 1463
1159 1857
1161 1548
1161 1591
1161 1870
1162 1549
1162 1555
1162 1754
1162 1926
1170 1668
1172 1569
1172 1705
1172 1876
1172 1957
1174 1280
1182 1579
1200 1801
1202 1531
1206 1664
1206 1972
1218 1801
1220 1280
1245 1639
1265 1639
1266 1349
1270 1280
1276 1280
1280 1880
1286 1349
1289 1290
1289 1291
1289 1292
1292 1744
1296 1297
1296 1298
1296 1299
1296 1300
1312 1471
1313 1700
1319 1885
1330 1668
1330 1744
1331 1509
1331 1679
1331 1741
1331 1940
1340 1531
1347 1349
1349 1509
1349 1554
1349 1691
1371 1376
1371 1443
1389 1579
1416 1639
1442 1592
1450 1496
1454 1572
1454 1609
1454 1718
1455 1592
1461 1579
1468 1496
1471 1472
1471 1473
1471 1474
1471 1475
1471 1476
1471 1477
1471 1478
1471 1479
1512 1801
1531 1719
1531 1828
1531 1829
1534 1579
1555 1668
1578 1579
1579 1925
1591 1592
1592 1634
1604 1639
1612 1874
1613 1700
1639 1684
1639 1687
1639 1688
1639 1689
1678 1801
1698 1700
1700 1911
1700 1938
1700 1953
1701 1744
1750 1801
1797 1885
1801 1865
1801 1930
1801 1953
