2 493
4 847
5 1097
7 780
10 1009
11 309
11 352
11 395
11 1885
12 1941
13 1153
13 1611
14 24
18 204
18 1350
19 1428
24 173
24 258
24 433
24 606
24 882
24 1077
24 1131
24 1154
24 1348
24 1469
24 1604
24 1747
24 1748
24 1749
25 901
25 1154
27 28
27 32
28 74
28 115
28 353
28 453
28 654
28 1154
28 1362
28 1602
28 1830
29 942
30 1405
31 874
32 98
32 143
32 159
32 195
32 299
32 387
32 866
32 1154
32 1640
34 1100
34 1396
38 1627
39 660
44 55
45 1496
49 508
49 902
49 1471
49 1728
51 239
51 874
51 979
53 1161
54 520
54 1627
55 284
55 677
55 690
55 819
55 1056
55 1094
55 1219
55 1532
55 1919
56 874
57 860
58 174
60 61
61 75
61 646
61 1053
61 1099
61 1181
61 1356
61 1383
61 1398
61 1476
62 991
66 174
67 72
68 506
69 369
72 566
72 590
72 1016
72 1347
72 1714
72 1902
75 1728
77 698
79 1156
79 1186
81 1531
84 1573
84 1705
86 87
87 1181
87 1485
87 1594
87 1702
87 1736
87 1773
90 1432
91 493
92 352
93 94
94 432
94 512
94 646
94 1015
94 1271
94 1287
94 1390
94 1521
94 1605
94 1642
94 1706
95 148
95 1428
96 991
96 1496
97 1245
97 1705
108 1705
112 780
112 1396
113 902
113 991
114 1075
115 1296
118 277
118 1714
119 1326
119 1736
123 1573
124 557
126 780
127 847
129 662
129 1173
131 1608
132 698
133 646
133 918
134 580
134 981
135 145
138 1405
139 979
140 305
140 1883
141 1009
142 1296
145 165
145 288
145 437
145 502
145 520
145 639
145 771
145 981
145 1167
145 1353
145 1539
145 1559
145 1721
145 1748
145 1829
145 1915
146 420
147 148
148 166
148 350
148 364
148 757
148 844
148 923
148 958
148 1371
148 1907
148 1919
148 1935
153 580
156 520
156 991
156 1192
158 343
158 352
159 847
164 1915
164 1964
165 1428
167 1736
168 420
169 174
171 1075
171 1517
173 210
173 1156
174 666
174 851
174 936
174 1154
174 1250
174 1694
174 1784
175 638
175 1156
175 1744
178 180
179 1736
180 315
180 646
180 1084
180 1134
180 1172
180 1315
180 1353
180 1406
180 1526
180 1748
180 1842
180 1967
182 864
184 1167
188 217
191 1161
193 1573
193 1746
194 1813
196 1034
196 1153
197 204
198 217
200 296
201 1957
204 639
204 793
204 798
204 835
204 916
204 1222
204 1301
204 1675
204 1980
207 248
208 210
208 217
210 269
210 489
210 515
210 652
210 708
210 718
210 1449
210 1632
210 1919
211 395
212 1496
213 638
217 324
217 349
217 785
217 796
217 1150
217 1300
217 1304
217 1834
219 901
223 277
223 343
225 1296
226 312
226 632
227 1700
230 579
230 1161
235 1153
236 1034
237 239
239 594
239 805
239 1581
239 1919
239 1990
241 557
241 1705
242 847
242 1009
244 1517
245 902
246 248
246 249
247 263
247 264
248 482
248 963
248 986
248 1102
248 1247
248 1373
248 1566
248 1567
248 1797
248 1937
248 1963
249 303
249 508
249 607
249 627
249 629
249 900
249 958
249 1220
249 1552
249 1560
249 1642
252 1162
255 981
257 1075
260 632
261 1187
263 639
263 642
263 822
263 1181
263 1211
263 1306
263 1367
263 1427
263 1839
264 402
264 508
264 645
264 1101
264 1232
264 1273
264 1404
264 1511
264 1720
267 1432
270 1187
271 638
272 420
272 860
274 277
274 279
275 658
277 311
277 372
277 707
277 713
277 742
277 834
277 1067
277 1276
278 520
278 1736
279 355
279 372
279 576
279 845
279 1035
279 1087
279 1367
279 1911
282 864
285 874
286 1746
287 288
287 296
288 301
288 346
288 458
288 572
288 645
288 945
288 1101
288 1367
288 1486
288 1698
288 1750
289 969
296 508
296 1030
296 1384
296 1415
296 1455
296 1485
296 1868
297 305
301 1432
302 1097
305 569
305 911
305 987
305 1045
305 1461
305 1714
305 1882
305 1994
307 309
307 312
309 355
309 401
309 494
309 689
309 692
309 708
309 814
309 895
309 1007
309 1154
309 1286
309 1445
309 1566
309 1686
310 1381
312 503
312 1018
312 1154
312 1194
312 1280
312 1522
312 1624
312 1993
313 874
317 321
321 347
321 491
321 1037
321 1089
321 1210
321 1304
321 1597
321 1834
322 1700
324 493
325 1728
327 1446
328 957
329 493
330 1289
331 335
333 760
333 1381
335 643
335 644
335 645
335 646
335 647
335 648
336 864
337 1405
337 1517
338 592
338 1160
338 1381
340 969
342 553
343 439
343 464
343 1155
343 1431
343 1538
343 1962
346 579
348 1978
349 780
351 1971
352 381
352 412
352 451
352 1154
352 1241
352 1472
352 1507
352 1767
357 1163
357 1728
359 698
362 1721
364 563
364 1156
365 957
369 473
369 491
369 518
369 1098
369 1154
369 1172
369 1280
369 1322
369 1348
369 1375
369 1378
369 1454
369 1668
369 1770
370 372
370 374
372 387
372 436
372 508
372 579
372 639
372 864
372 898
372 918
372 979
372 1034
372 1289
372 1418
372 1700
372 1744
372 1801
374 514
374 858
374 1139
374 1143
374 1154
374 1546
374 1692
375 1209
377 1418
381 1159
381 1396
381 1763
382 484
383 898
383 1663
384 638
385 760
385 1349
388 538
388 1289
390 1167
392 395
395 508
395 536
395 689
395 716
395 751
395 871
395 1084
395 1529
395 1675
397 1700
399 1627
400 1915
401 992
401 1100
403 436
403 1432
405 1714
405 1736
405 1941
406 1746
408 1349
409 420
410 506
410 508
418 898
418 1746
420 488
420 878
420 1099
420 1271
420 1304
420 1371
420 1380
420 1568
420 1820
420 1938
421 1167
423 1432
423 1496
428 1350
430 660
430 718
432 1163
435 1439
435 1736
436 437
436 438
436 439
436 440
436 441
436 442
436 443
436 444
436 445
436 446
438 1097
439 1531
444 780
451 1885
452 979
456 1153
458 942
459 1801
460 1187
467 476
471 1915
473 760
475 1728
476 729
476 792
476 1372
476 1380
476 1451
476 1676
476 1714
476 1715
476 1774
476 1870
477 479
477 484
479 508
479 1008
479 1510
483 1167
484 547
484 718
484 1104
484 1454
484 1638
484 1639
487 1663
489 638
489 1471
490 592
491 1155
493 757
493 795
493 821
493 994
493 997
493 1229
493 1257
493 1611
493 1697
493 1959
495 1009
501 698
502 991
504 979
504 1173
505 780
506 799
506 907
506 1125
506 1465
506 1660
506 1701
506 1919
508 850
508 885
508 1008
508 1304
508 1350
508 1432
508 1746
508 1763
508 1993
509 1608
517 646
517 1156
520 521
520 522
520 523
520 524
520 525
520 526
520 527
523 1326
527 969
528 538
530 1418
531 580
531 1100
532 1471
533 1736
535 1700
535 1714
538 683
538 712
538 1008
538 1080
538 1102
538 1557
538 1648
539 658
539 1159
543 1763
546 1721
546 1744
549 1326
550 553
550 557
551 563
551 1157
551 1159
553 576
553 815
553 878
553 1102
553 1230
553 1370
553 1491
553 1492
554 1957
557 599
557 962
557 1049
557 1053
557 1067
557 1202
557 1249
557 1419
557 1919
557 1920
561 563
563 1203
563 1339
563 1371
563 1611
563 1651
563 1670
563 1754
564 1326
565 1173
571 579
573 1813
578 579
579 626
579 663
579 813
579 980
579 1204
579 1243
579 1334
579 1438
579 1462
579 1556
579 1879
580 623
580 1039
580 1319
580 1363
580 1404
580 1431
580 1515
580 1586
580 1611
580 1661
580 1821
585 1245
585 1746
587 592
589 992
589 1381
592 639
592 845
592 1334
592 1343
592 1388
592 1635
592 1765
592 1890
596 942
601 1779
609 1097
610 1326
613 718
613 1705
614 1446
623 1517
624 1874
627 662
628 632
630 1496
631 1517
631 1663
632 724
632 1004
632 1659
632 1714
632 1931
635 1206
636 1627
637 638
637 639
638 646
638 873
638 946
638 999
638 1087
638 1132
638 1423
638 1570
639 646
639 1154
639 1163
639 1173
639 1206
639 1241
639 1331
639 1371
639 1381
639 1496
639 1531
641 1153
643 901
646 698
646 991
646 1075
646 1192
646 1663
646 1705
646 1714
646 1736
646 1779
648 1102
653 874
655 658
655 660
655 662
656 979
657 1161
658 733
658 1305
658 1596
658 1611
658 1758
660 844
660 1151
660 1642
660 1745
660 1914
660 1919
660 1955
662 889
662 946
662 1017
662 1484
662 1530
662 1714
662 1729
666 1396
670 1915
677 1154
682 1721
683 981
683 1102
683 1289
684 981
687 718
687 1075
687 1154
689 1627
690 1153
691 1813
692 1714
695 1608
696 1163
698 899
698 952
698 1029
698 1298
698 1394
698 1887
703 1350
706 1097
716 718
718 1380
718 1400
718 1417
718 1659
720 1573
722 1160
724 1432
725 902
727 1405
729 1941
732 1964
734 969
734 1155
736 1405
737 874
740 1075
740 1714
742 1783
743 1744
747 1874
754 1763
755 1779
756 760
760 1039
760 1155
760 1279
760 1337
760 1363
760 1372
760 1617
760 1868
762 1075
763 1186
763 1206
763 1209
764 1471
768 918
768 1173
771 1405
771 1531
771 1746
776 1405
778 1192
779 1349
780 990
780 1130
780 1141
780 1154
780 1174
780 1198
780 1743
780 1980
781 1187
782 1296
782 1439
783 1160
784 1159
786 1801
786 1915
792 1496
793 1209
795 847
798 1496
798 1801
800 1446
803 1158
804 1874
806 1941
807 1611
807 1941
809 860
812 1700
813 874
814 992
817 957
822 1813
824 1405
834 1396
840 1471
843 1721
845 918
847 982
847 1056
847 1089
847 1102
847 1539
847 1928
850 1289
852 860
853 1350
857 1746
858 991
859 1744
860 880
860 1108
860 1155
860 1273
860 1303
860 1567
860 1695
860 1837
860 1945
861 864
864 1217
864 1233
864 1285
864 1384
864 1512
864 1731
867 1331
874 1304
874 1362
878 1418
884 992
888 1418
896 898
896 901
896 902
898 1765
899 1517
901 1339
901 1401
901 1736
901 1797
901 1836
902 1544
902 1557
902 1558
902 1572
902 1634
902 1919
902 1982
904 1705
910 1331
912 1173
914 918
915 1813
915 1971
918 1358
918 1479
918 1923
925 1153
935 1160
935 1957
937 1728
942 1117
942 1155
942 1168
942 1511
942 1578
942 1635
942 1762
942 1893
945 1428
952 1611
954 1156
956 957
957 1257
957 1481
957 1611
957 1981
961 1100
969 1218
969 1225
969 1347
969 1625
969 1714
969 1743
973 1034
977 979
977 981
978 1763
979 1109
979 1135
979 1218
979 1685
979 1936
979 1937
980 1349
981 1198
981 1283
981 1330
981 1435
985 1496
986 1075
986 1163
986 1167
988 991
988 992
989 1350
990 1331
991 1003
991 1008
991 1274
991 1559
991 1708
991 1905
991 1922
992 1303
992 1725
992 1873
992 1916
992 1919
992 1926
996 1763
999 1396
1004 1885
1006 1446
1008 1161
1009 1241
1009 1337
1009 1503
1009 1729
1009 1775
1009 1919
1011 1381
1011 1471
1013 1418
1014 1350
1015 1446
1018 1611
1031 1627
1032 1155
1032 1915
1034 1058
1034 1363
1034 1366
1034 1499
1034 1703
1037 1209
1041 1163
1044 1736
1049 1350
1051 1418
1055 1405
1057 1192
1058 1439
1058 1779
1059 1163
1067 1349
1067 1736
1068 1381
1070 1075
1073 1381
1075 1106
1075 1196
1075 1731
1075 1834
1076 1158
1080 1883
1080 1941
1082 1296
1082 1418
1082 1813
1088 1381
1095 1097
1096 1160
1096 1349
1097 1399
1097 1435
1097 1624
1097 1714
1100 1101
1100 1102
1100 1103
1102 1186
1102 1303
1102 1304
1102 1307
1102 1415
1102 1417
1102 1439
1102 1548
1102 1627
1102 1978
1104 1157
1112 1978
1116 1608
1119 1978
1125 1919
1130 1155
1132 1885
1136 1161
1136 1331
1140 1162
1141 1746
1146 1326
1150 1186
1150 1326
1151 1153
1153 1304
1153 1305
1153 1306
1153 1307
1154 1155
1154 1156
1154 1157
1154 1158
1154 1159
1154 1160
1154 1161
1154 1162
1155 1225
1155 1296
1155 1349
1155 1471
1155 1639
1155 1874
1155 1885
1155 1941
1156 1184
1156 1718
1156 1741
1156 1989
1157 1208
1157 1220
1157 1458
1157 1691
1157 1935
1158 1263
1158 1403
1158 1622
1158 1664
1158 1703
1158 1974
1159 1199
1159 1211
1159 1370
1159 1463
1159 1857
1160 1589
1160 1803
1161 1548
1161 1591
1161 1870
1162 1549
1162 1555
1162 1754
1162 1926
1163 1201
1163 1506
1163 1799
1163 1805
1163 1974
1167 1565
1167 1738
1167 1901
1167 1998
1171 1439
1172 1705
1172 1957
1173 1198
1173 1408
1173 1899
1175 1432
1180 1517
1184 1186
1184 1187
1186 1426
1186 1456
1186 1643
1187 1298
1187 1300
1187 1301
1187 1304
1187 1435
1187 1436
1187 1437
1187 1438
1190 1192
1192 1288
1192 1493
1192 1636
1192 1792
1192 1832
1193 1245
1196 1721
1197 1915
1198 1663
1200 1801
1201 1721
1202 1531
1206 1664
1206 1972
1209 1352
1209 1363
1209 1846
1209 1913
1209 1919
1210 1763
1214 1446
1217 1405
1218 1801
1222 1663
1227 1627
1230 1763
1235 1964
1242 1245
1243 1608
1244 1964
1245 1304
1245 1639
1262 1763
1266 1349
1274 1439
1281 1705
1286 1349
1289 1290
1289 1291
1289 1292
1292 1744
1296 1297
1296 1298
1296 1299
1296 1300
1299 1627
1304 1337
1304 1423
1304 1446
1304 1573
1304 1611
1304 1640
1304 1728
1304 1813
1304 1912
1307 1573
1312 1471
1313 1700
1319 1728
1319 1885
1325 1326
1326 1535
1326 1675
1326 1714
1326 1797
1330 1611
1330 1744
1331 1509
1331 1679
1331 1741
1331 1940
1332 1381
1340 1531
1341 1813
1347 1349
1347 1350
1349 1509
1349 1554
1349 1691
1350 1646
1350 1755
1350 1992
1351 1746
1352 1381
1366 1608
1381 1803
1388 1783
1389 1883
1392 1721
1395 1439
1396 1854
1396 1860
1396 1919
1402 1405
1405 1459
1405 1611
1405 1738
1408 1728
1418 1516
1428 1714
1432 1433
1432 1434
1433 1728
1436 1627
1439 1440
1449 1721
1450 1496
1468 1496
1471 1472
1471 1473
1471 1474
1471 1475
1471 1476
1471 1477
1471 1478
1471 1479
1474 1957
1482 1573
1484 1573
1501 1721
1504 1813
1512 1801
1517 1611
1531 1719
1531 1828
1531 1829
1535 1608
1536 1779
1537 1964
1540 1957
1544 1714
1569 1573
1573 1851
1581 1746
1608 1609
1608 1610
1608 1611
1611 1784
1611 1820
1611 1887
1611 1971
1612 1874
1613 1700
1620 1813
1626 1971
1627 1635
1627 1708
1628 1721
1663 1726
1663 1922
1678 1801
1697 1883
1698 1700
1700 1911
1700 1938
1700 1953
1701 1744
1701 1746
1705 1962
1714 1930
1714 1964
1721 1872
1728 1743
1736 1767
1736 1919
1746 1875
1750 1801
1759 1813
1770 1915
1779 1870
1782 1783
1783 1866
1783 1911
1783 1919
1797 1885
1801 1865
1801 1930
1801 1953
1802 1883
1810 1813
1810 1964
1813 1951
1883 1912
1883 1919
1913 1957
1919 1957
1941 1945
1947 1971
1971 1972
1973 1978
1978 1986
