4 571
4 1584
5 1246
7 780
8 1743
9 1995
11 91
11 352
11 395
11 1885
16 347
16 1759
17 550
18 81
18 1350
20 1462
21 1204
23 1266
23 1704
23 1961
24 1131
25 901
28 353
31 509
31 1266
32 299
32 387
34 1798
37 1582
41 1216
43 480
44 47
47 226
47 338
47 442
47 472
47 688
47 689
47 690
47 691
47 692
49 446
49 508
50 1190
50 1336
57 480
61 1356
64 1686
65 1995
69 350
71 971
72 1902
75 1616
78 81
79 111
79 370
79 1279
80 1461
81 227
81 980
81 1059
81 1074
81 1531
81 1893
84 794
84 1216
85 1427
85 1904
86 91
88 326
88 1210
89 1221
90 1432
90 1462
91 367
91 487
91 493
91 1518
91 1568
91 1675
91 1797
92 352
98 1990
100 794
104 1082
104 1221
104 1616
104 1670
105 1082
106 107
106 108
106 109
106 110
106 111
106 112
106 113
106 114
106 115
106 116
108 282
108 445
108 735
108 993
108 1138
108 1190
108 1347
108 1705
110 1264
111 247
111 384
111 604
111 617
111 618
111 619
111 620
111 621
111 622
111 623
111 624
112 780
112 1178
113 1759
116 1195
118 277
119 1178
119 1326
126 780
127 1204
129 1243
131 1037
132 1904
133 446
133 918
134 1843
145 288
148 350
150 410
150 1427
155 156
155 158
155 168
156 417
156 454
156 520
156 642
156 991
156 1192
156 1351
156 1387
156 1759
158 340
158 341
158 342
158 343
158 344
158 345
158 346
158 347
158 348
158 349
158 350
158 351
158 352
158 353
158 354
162 389
162 1356
163 1278
164 1195
166 1197
168 349
168 420
168 534
168 828
168 1077
168 1092
168 1093
168 1094
172 1704
175 1461
180 1172
180 1967
181 421
182 864
182 1495
183 1246
186 1081
188 217
190 370
190 509
190 867
191 1195
192 350
193 1746
196 1034
196 1411
196 1812
198 217
198 551
200 296
200 1216
200 1495
204 835
207 248
208 217
211 395
211 1848
212 1825
217 324
217 349
217 785
217 796
217 1150
217 1300
217 1304
217 1834
219 901
223 277
223 343
225 1251
225 1556
226 1172
227 1700
228 1798
229 1967
230 341
230 579
230 1513
232 1292
233 1216
233 1798
236 1034
236 1037
237 243
239 1990
241 1246
243 349
243 642
243 671
243 740
243 1044
243 1101
243 1340
243 1506
244 354
246 248
246 249
247 262
247 264
248 482
248 963
248 986
248 1102
248 1247
248 1373
248 1566
248 1567
248 1797
248 1937
248 1963
249 303
249 508
249 607
249 627
249 629
249 900
249 958
249 1220
249 1552
249 1560
249 1642
250 602
252 1243
262 349
262 470
262 736
262 1093
262 1116
262 1455
262 1456
262 1729
262 1953
263 1427
264 402
264 508
264 645
264 1101
264 1232
264 1273
264 1404
264 1511
264 1720
266 1513
267 1432
267 1798
274 277
274 279
277 311
277 372
277 707
277 713
277 742
277 834
277 1067
277 1276
279 355
279 372
279 576
279 845
279 1035
279 1087
279 1367
279 1911
282 864
283 1210
283 1582
285 1221
285 1251
286 1746
286 1843
287 288
287 296
288 301
288 346
288 458
288 572
288 645
288 945
288 1101
288 1367
288 1486
288 1698
288 1750
290 346
290 551
292 342
294 347
296 508
296 1030
296 1384
296 1415
296 1455
296 1485
296 1868
297 299
299 511
299 631
299 1020
299 1166
299 1169
299 1316
299 1365
299 1613
299 1614
299 1615
301 1432
302 344
303 331
304 808
305 1461
307 310
309 1686
310 338
310 345
310 432
310 492
310 542
310 745
310 815
310 1380
310 1381
310 1382
310 1383
316 1172
316 1704
317 326
321 347
321 1037
321 1210
322 1700
326 423
326 469
326 652
326 785
326 1168
326 1382
326 1479
326 1654
326 1692
326 1734
326 1735
326 1759
331 332
331 333
331 334
331 335
331 336
331 337
331 338
331 339
336 480
336 864
336 1279
337 346
337 350
338 527
338 592
338 857
338 1050
338 1057
338 1160
338 1172
338 1197
338 1356
338 1381
338 1427
338 1575
338 1584
338 1615
338 1904
339 1221
340 697
340 751
340 952
340 969
340 1125
340 1345
340 1379
340 1401
340 1729
341 394
341 667
341 728
341 732
341 820
341 972
341 1267
341 1775
342 553
342 770
342 1494
342 1619
342 1711
342 1712
343 439
343 464
343 1155
343 1431
343 1538
343 1962
344 424
344 521
344 734
344 937
344 1410
344 1457
344 1469
344 1793
344 1865
345 347
345 1221
346 558
346 579
346 837
346 1003
346 1027
346 1037
346 1048
346 1378
346 1688
346 1797
346 1812
347 452
347 869
347 1329
347 1487
347 1637
347 1668
348 1615
349 384
349 617
349 780
349 808
349 1216
349 1228
349 1279
349 1336
349 1411
349 1615
349 1616
349 1967
350 466
350 1272
350 1606
351 689
351 1202
351 1971
352 381
352 412
352 451
352 1154
352 1241
352 1472
352 1507
352 1767
353 386
353 870
353 1066
354 461
354 471
354 591
354 813
354 890
354 1564
354 1934
359 1932
360 1556
364 602
366 571
369 1172
369 1378
370 371
370 372
370 373
370 374
370 375
370 376
370 377
370 378
370 379
371 1961
372 387
372 436
372 508
372 579
372 639
372 864
372 898
372 918
372 979
372 1034
372 1289
372 1418
372 1700
372 1744
372 1801
380 384
380 387
380 389
381 1048
381 1159
383 898
384 398
384 628
384 638
384 773
384 835
384 1076
384 1081
384 1082
384 1251
384 1710
384 1961
385 1172
387 693
387 850
387 1079
387 1247
387 1488
387 1749
388 1686
389 549
389 551
389 770
389 953
389 1008
389 1293
389 1301
389 1686
389 1759
389 1868
389 1931
389 1988
392 395
393 628
395 508
395 536
395 689
395 716
395 751
395 871
395 1084
395 1529
395 1675
397 1700
400 1860
403 1432
406 1746
407 1356
409 410
409 421
410 505
410 506
410 507
410 508
410 509
410 510
410 511
410 512
410 513
410 514
410 515
410 516
417 1178
418 898
418 1746
421 425
421 694
421 716
421 763
421 980
421 1167
421 1578
421 1718
421 1916
421 1917
423 1432
428 1350
428 1378
429 885
430 1461
431 1843
432 626
432 1932
434 1798
436 446
438 1243
438 1356
441 509
441 626
441 1995
442 980
444 780
445 527
445 1497
446 594
446 769
446 955
446 1417
446 1482
446 1483
446 1509
446 1605
446 1615
446 1623
446 1637
450 980
450 1723
451 1885
452 1081
454 1427
459 1801
460 1582
462 1197
463 1279
464 1266
465 1990
466 1967
471 794
477 479
477 480
478 1228
478 1967
479 508
479 1008
479 1510
480 551
480 652
480 933
480 1592
480 1697
489 1582
490 592
490 1825
492 1723
494 1243
497 1616
498 1378
498 1995
499 1843
502 984
502 1178
505 780
505 835
508 850
508 885
508 1008
508 1304
508 1350
508 1432
508 1746
508 1763
508 1993
509 657
509 706
509 994
509 1007
509 1044
509 1049
509 1221
509 1608
509 1667
509 1777
510 1336
512 977
513 602
514 1197
514 1251
515 1082
520 527
521 1266
523 1326
527 723
527 964
527 965
527 966
527 967
527 968
527 969
527 970
531 1509
535 1700
537 1131
537 1197
539 1159
542 1582
543 1266
544 1912
547 1251
549 1326
549 1556
550 551
550 552
550 553
550 554
550 555
550 556
550 557
550 558
550 559
550 560
551 563
551 644
551 867
551 980
551 984
551 1157
551 1159
551 1210
551 1266
551 1292
551 1716
551 1723
551 1860
552 628
552 1509
552 1812
559 1251
559 1686
562 1860
563 1670
564 1326
565 1825
565 1904
567 1967
571 572
571 573
571 574
571 575
571 576
571 577
571 578
571 579
576 1131
578 579
578 1495
579 626
579 663
579 813
579 980
579 1204
579 1243
579 1334
579 1438
579 1462
579 1556
579 1879
582 1461
584 1228
585 1746
587 592
590 1131
590 1427
592 639
592 845
592 1334
592 1343
592 1388
592 1635
592 1765
592 1890
594 1228
594 1251
594 1378
597 602
602 700
602 842
602 980
602 1144
602 1208
602 1668
608 1497
609 1427
609 1513
610 1246
610 1326
613 1204
616 885
618 1812
620 1575
625 626
626 743
626 744
626 745
627 1509
628 629
628 630
628 631
628 632
628 633
628 634
628 635
628 636
635 1967
640 1461
641 1037
643 901
643 1210
644 1216
657 1961
663 1131
664 1825
667 1990
668 1688
683 1048
684 1798
686 1292
686 1743
687 984
687 1204
690 835
691 1812
700 1027
703 1350
706 1438
707 1759
712 794
713 1210
715 794
715 1356
721 1279
722 1160
722 1172
724 1432
727 1210
728 1932
730 867
730 1197
730 1513
730 1796
743 1336
744 808
744 1759
744 1848
751 1081
752 1228
757 794
760 1279
763 1210
764 1195
766 1584
768 918
768 1172
768 1178
769 1932
770 1616
771 1746
775 1197
779 1264
780 990
780 1130
780 1141
780 1154
780 1174
780 1198
780 1743
780 1980
782 1462
783 1160
784 1081
784 1159
786 808
786 1801
790 794
793 1246
794 975
794 980
794 1305
794 1515
794 1596
794 1819
795 1584
798 1801
799 1204
802 808
803 1584
808 875
808 1307
808 1310
808 1481
808 1679
808 1716
808 1844
808 1879
811 1228
811 1264
812 1700
812 1848
813 1048
817 1378
830 835
832 835
833 1812
833 1995
835 1076
835 1079
835 1327
835 1510
835 1543
837 1411
842 1027
845 918
846 1798
846 1843
850 1509
851 1251
851 1264
853 1350
853 1759
854 971
855 1411
855 1912
856 1243
857 1615
857 1746
861 864
861 867
862 1495
862 1616
864 1217
864 1233
864 1285
864 1384
864 1512
864 1731
867 892
867 978
867 1115
867 1136
867 1331
867 1437
868 1246
870 1228
880 885
882 1995
885 895
885 1010
885 1028
885 1096
889 1860
891 1356
896 898
896 901
898 1765
901 1339
901 1401
901 1736
901 1797
901 1836
914 918
917 1027
917 1292
918 1358
918 1479
918 1923
921 1195
922 1279
922 1556
924 1497
929 1221
935 1160
935 1904
937 1172
945 1961
951 1131
967 1575
969 1743
971 999
971 1020
971 1030
971 1087
971 1224
971 1574
971 1797
971 1833
971 1886
971 1939
971 1965
973 1034
975 1197
977 978
977 979
977 980
977 981
980 1050
980 1178
980 1246
980 1349
980 1623
980 1704
980 1784
980 1932
982 984
984 1448
984 1480
984 1644
984 1690
984 1838
987 1495
987 1513
989 1350
996 1575
997 1411
998 1204
1003 1411
1004 1885
1005 1812
1007 1495
1014 1279
1014 1350
1019 1825
1023 1216
1024 1027
1027 1281
1027 1322
1027 1352
1027 1708
1027 1776
1028 1378
1034 1058
1034 1363
1034 1366
1034 1499
1034 1703
1037 1209
1037 1252
1037 1355
1037 1760
1037 1820
1037 1935
1038 1081
1038 1670
1046 1048
1048 1184
1048 1375
1048 1768
1048 1791
1048 1965
1049 1350
1049 1932
1050 1197
1055 1204
1057 1190
1065 1246
1065 1670
1079 1081
1079 1082
1080 1843
1080 1967
1081 1330
1081 1364
1081 1412
1081 1593
1082 1218
1082 1296
1082 1418
1082 1614
1082 1626
1082 1629
1082 1813
1084 1584
1085 1228
1088 1427
1094 1902
1096 1160
1098 1251
1099 1195
1104 1157
1107 1221
1109 1336
1114 1743
1115 1825
1121 1497
1122 1336
1131 1345
1131 1615
1132 1885
1140 1932
1141 1615
1141 1746
1141 1961
1142 1743
1146 1326
1148 1461
1148 1462
1150 1326
1154 1157
1154 1159
1154 1160
1155 1885
1157 1208
1157 1220
1157 1458
1157 1691
1157 1935
1159 1199
1159 1211
1159 1370
1159 1463
1159 1857
1160 1589
1160 1803
1166 1228
1172 1569
1172 1705
1172 1876
1172 1957
1175 1432
1178 1241
1178 1544
1178 1770
1178 1771
1180 1513
1185 1336
1187 1438
1190 1191
1190 1192
1190 1193
1191 1292
1194 1195
1194 1197
1195 1312
1195 1483
1195 1759
1195 1994
1197 1771
1197 1915
1199 1356
1200 1801
1200 1860
1200 1990
1201 1723
1204 1260
1204 1637
1204 1640
1204 1715
1210 1339
1210 1436
1210 1594
1210 1763
1210 1933
1211 1902
1213 1497
1214 1266
1216 1252
1216 1658
1216 1768
1218 1801
1221 1576
1224 1278
1228 1229
1228 1230
1240 1243
1241 1495
1242 1246
1243 1586
1243 1608
1243 1635
1243 1733
1246 1397
1246 1407
1246 1433
1249 1743
1250 1251
1251 1285
1251 1367
1251 1368
1255 1427
1260 1264
1260 1266
1263 1902
1264 1403
1264 1696
1264 1759
1264 1765
1264 1840
1264 1856
1266 1349
1266 1544
1274 1438
1274 1961
1276 1278
1276 1279
1277 1427
1278 1622
1278 1684
1278 1759
1278 1960
1279 1332
1279 1463
1279 1892
1279 1897
1284 1995
1286 1356
1288 1670
1289 1292
1292 1559
1292 1744
1292 1909
1300 1759
1304 1912
1310 1995
1312 1704
1313 1700
1319 1885
1323 1961
1325 1326
1325 1356
1325 1812
1326 1535
1326 1675
1326 1714
1326 1797
1331 1509
1332 1582
1333 1336
1336 1337
1347 1350
1349 1509
1350 1646
1350 1755
1350 1992
1351 1746
1353 1704
1356 1717
1373 1438
1378 1561
1378 1612
1392 1902
1396 1860
1401 1798
1407 1575
1411 1467
1411 1522
1411 1559
1411 1569
1426 1967
1427 1481
1427 1588
1427 1945
1432 1433
1432 1434
1435 1513
1438 1950
1442 1461
1442 1686
1447 1797
1447 1932
1456 1615
1461 1579
1461 1615
1461 1871
1461 1993
1462 1679
1462 1680
1462 1765
1468 1495
1469 1743
1479 1584
1488 1798
1495 1615
1497 1791
1497 1797
1497 1977
1504 1723
1507 1509
1509 1527
1509 1756
1509 1800
1511 1797
1512 1801
1513 1642
1513 1759
1513 1760
1535 1860
1539 1860
1556 1557
1557 1670
1560 1967
1564 1584
1565 1843
1574 1575
1575 1680
1581 1746
1581 1961
1582 1615
1582 1936
1584 1585
1584 1586
1597 1616
1601 1670
1613 1700
1615 1670
1615 1796
1615 1798
1615 1843
1615 1990
1616 1621
1616 1648
1616 1951
1631 1812
1639 1688
1642 1797
1643 1967
1647 1961
1650 1723
1658 1686
1670 1854
1675 1967
1678 1801
1681 1904
1683 1743
1684 1686
1686 1696
1688 1811
1688 1840
1696 1848
1698 1700
1700 1911
1700 1938
1700 1953
1701 1746
1702 1825
1704 1861
1704 1882
1723 1777
1728 1743
1740 1902
1741 1743
1743 1889
1746 1875
1749 1843
1750 1801
1756 1904
1759 1813
1759 1902
1759 1912
1764 1812
1766 1796
1784 1843
1795 1796
1795 1797
1797 1825
1797 1848
1797 1871
1797 1885
1797 1995
1801 1865
1801 1930
1801 1953
1805 1967
1812 1875
1812 1921
1812 1939
1825 1865
1835 1848
1848 1849
1860 1861
1883 1912
1891 1912
1896 1912
1897 1961
1966 1967
