0 9
3 175
5 1026
5 1246
9 318
9 356
9 617
9 782
9 802
9 906
9 1125
9 1135
9 1483
9 1607
9 1804
9 1995
10 1014
11 352
11 395
14 21
14 22
15 1955
17 1363
20 1042
20 1110
21 98
21 189
21 337
21 394
21 615
21 692
21 869
21 1057
21 1145
21 1204
21 1544
22 188
22 244
22 269
22 379
22 562
22 802
22 849
22 1098
22 1109
22 1110
28 1362
31 509
34 1396
40 465
41 1576
44 45
44 46
44 47
44 48
44 49
44 50
44 51
44 52
44 53
44 54
44 55
44 56
44 57
44 58
44 59
45 1521
45 1551
46 1500
49 208
49 446
49 455
49 508
49 902
49 1107
49 1110
49 1126
49 1323
49 1471
49 1581
49 1652
49 1692
49 1728
49 1732
50 560
50 1384
52 668
54 1626
59 1576
62 1148
63 1794
64 522
64 1686
65 1321
66 1525
68 743
69 350
75 1728
76 1026
79 208
82 1199
84 1522
87 1736
88 326
88 465
88 961
89 1384
90 1432
90 1718
92 352
92 522
94 1521
95 190
95 1772
96 774
100 1294
103 1638
104 560
107 1525
109 845
111 622
112 254
112 1396
113 1576
114 668
116 1195
116 1524
119 1736
120 560
121 635
121 1384
123 522
124 839
125 1543
130 705
132 914
133 1524
138 696
138 1079
138 1681
144 1875
148 350
148 757
151 1581
154 774
158 346
158 350
158 352
159 845
160 1521
161 1625
162 1925
164 640
164 1164
164 1195
164 1521
165 1399
165 1866
167 1736
169 175
171 1283
171 1517
175 622
175 638
175 733
175 837
175 1000
175 1042
175 1156
175 1461
175 1516
175 1651
175 1744
175 1756
175 1894
179 1736
183 1246
184 834
187 188
187 189
187 190
187 191
187 192
187 193
187 194
187 195
187 196
188 884
190 192
190 292
190 356
190 370
190 388
190 509
190 622
190 845
190 867
190 927
190 1363
190 1591
190 1625
190 1955
191 337
191 1195
192 350
195 1639
196 1164
197 201
197 207
198 738
198 1026
198 1620
201 266
201 447
201 452
201 552
201 773
201 1016
201 1021
201 1397
201 1489
201 1554
201 1555
201 1628
201 1957
202 1261
203 230
205 745
205 1795
207 248
207 339
207 719
207 831
207 911
207 1149
207 1302
207 1393
207 1397
207 1480
207 1577
207 1591
207 1751
208 209
208 210
208 211
208 212
208 213
208 214
208 215
208 216
208 217
208 218
208 219
208 220
211 395
211 1006
212 560
213 1026
215 1490
216 1120
216 1363
221 1283
223 380
223 1534
224 488
225 696
225 1110
230 341
230 579
230 772
230 842
230 1110
230 1161
230 1476
230 1513
230 1558
230 1559
233 884
236 640
236 738
239 1581
241 1246
244 884
244 1517
246 249
247 260
248 963
249 303
249 508
249 607
249 627
249 629
249 900
249 958
249 1220
249 1552
249 1560
249 1642
253 254
254 388
254 548
254 729
254 840
254 880
254 897
254 1395
254 1516
254 1553
254 1924
259 640
260 337
260 632
260 740
260 1041
260 1317
260 1375
260 1395
260 1839
260 1841
260 1842
264 508
264 1273
266 757
267 1432
268 1993
276 635
276 1681
277 713
277 834
278 1736
279 845
280 1273
282 738
286 1732
287 292
288 346
288 1698
289 1401
290 346
291 1323
292 342
292 399
292 940
292 944
292 1090
292 1324
292 1467
292 1530
292 1720
294 1490
294 1551
295 498
295 738
295 1358
296 508
296 1384
298 560
300 1120
300 1199
300 1384
301 1432
302 757
302 845
303 331
304 1397
304 1522
307 316
309 1686
310 745
311 1916
312 1522
312 1993
315 757
316 546
316 622
316 952
316 997
316 1147
316 1172
316 1316
316 1635
316 1641
316 1654
316 1704
316 1711
316 1970
317 326
318 1583
325 1728
326 423
326 469
326 652
326 785
326 1168
326 1382
326 1479
326 1654
326 1692
326 1734
326 1735
326 1759
330 768
330 1289
331 332
331 333
331 334
331 335
331 336
331 337
331 338
331 339
333 1490
336 1399
337 346
337 350
337 585
337 605
337 610
337 668
337 713
337 834
337 961
337 963
337 1014
337 1115
337 1199
337 1294
337 1405
337 1487
337 1517
337 1664
340 1401
343 1431
346 558
346 579
346 837
346 1003
346 1027
346 1037
346 1048
346 1378
346 1688
346 1797
346 1812
347 1487
348 1042
350 466
350 1272
350 1606
352 381
352 412
352 451
352 1154
352 1241
352 1472
352 1507
352 1767
357 1728
359 1732
361 713
363 537
363 640
364 1164
364 1968
365 1638
365 1707
370 374
372 508
372 1289
373 834
373 1639
374 514
374 858
374 1139
374 1143
374 1154
374 1546
374 1692
375 743
378 1758
379 1273
380 381
380 382
380 383
380 384
380 385
380 386
380 387
380 388
380 389
380 390
380 391
381 560
381 1396
381 1763
383 845
383 1732
387 1079
388 537
388 538
388 743
388 757
388 915
388 1079
388 1205
388 1259
388 1261
388 1289
388 1384
388 1397
388 1543
388 1620
388 1681
388 1686
388 1692
388 1693
389 1686
392 395
395 508
395 536
395 689
395 716
395 751
395 871
395 1084
395 1529
395 1675
396 909
399 1583
399 1698
400 537
400 1866
403 1432
404 738
405 963
405 1736
410 508
410 509
411 1718
412 522
415 1323
416 1384
418 1401
420 488
421 1718
421 1916
423 1321
423 1432
423 1693
424 1363
429 885
429 1132
434 1358
435 1718
435 1736
438 1358
441 509
444 743
445 537
446 1483
448 713
450 1487
454 1474
455 975
455 1525
456 1261
456 1545
456 1638
460 1500
460 1524
461 1384
464 1362
464 1523
465 982
465 1127
465 1692
465 1990
471 1120
475 1523
475 1728
477 479
479 508
479 1008
479 1510
481 1993
482 975
484 1638
484 1639
485 1362
486 488
488 547
488 677
488 1146
488 1318
488 1479
488 1542
488 1692
488 1960
489 1583
493 757
495 1321
496 498
497 1523
498 748
498 1139
498 1211
498 1378
498 1483
498 1654
498 1755
498 1995
499 1321
503 1652
507 1521
508 850
508 885
508 1008
508 1304
508 1350
508 1432
508 1746
508 1763
508 1993
509 657
509 706
509 994
509 1007
509 1044
509 1049
509 1221
509 1608
509 1667
509 1777
512 909
512 1866
513 705
515 1522
516 1525
520 522
522 585
522 727
522 1767
523 1431
524 975
528 537
528 538
530 1916
531 927
532 824
533 1736
534 1215
537 581
537 642
537 666
537 1017
537 1023
537 1131
537 1197
537 1385
538 683
538 712
538 1008
538 1080
538 1102
538 1557
538 1648
541 1625
542 1522
543 1763
545 1525
550 560
551 867
554 1042
556 975
556 1363
559 1686
560 663
560 834
560 1368
560 1507
560 1518
560 1519
562 1875
563 1339
564 1215
569 1681
570 1026
572 1523
576 1132
576 1133
577 1148
578 696
580 1363
580 1431
583 1761
584 635
585 845
585 1761
591 1133
592 845
594 1772
595 1968
598 1014
600 1042
600 1698
601 1758
601 1767
605 738
608 1358
610 1246
612 1199
612 1205
616 885
616 1794
618 1042
619 1283
620 713
621 1772
622 767
622 1006
622 1073
622 1088
622 1120
622 1273
622 1534
622 1719
622 1875
622 1882
622 1925
623 1517
626 743
626 745
628 635
629 1006
630 1795
631 1517
635 834
635 1203
635 1206
635 1208
635 1954
635 1967
637 640
638 1132
640 915
640 1052
640 1083
640 1230
640 1267
640 1461
641 1543
643 696
644 1215
646 1736
647 1543
648 1014
654 774
656 1625
658 1758
660 1955
663 757
665 668
666 1396
666 1397
668 720
668 739
668 1024
668 1111
668 1138
668 1220
668 1420
668 1688
668 1921
668 1922
668 1923
669 768
670 935
670 1766
672 1384
672 1766
674 963
675 1698
676 824
676 1707
678 1133
683 1289
683 1758
684 1583
688 1761
689 834
689 1698
691 1810
693 696
694 1551
696 1004
696 1010
696 1110
696 1163
696 1248
696 1455
696 1679
696 1788
699 705
705 869
705 1149
705 1223
705 1538
705 1666
705 1680
705 1692
707 884
709 713
712 1626
713 998
713 1063
713 1210
713 1599
713 1711
714 1261
714 1431
715 1401
720 1545
720 1810
724 1432
725 738
730 867
731 1500
736 1523
737 1521
737 1543
738 1390
738 1481
738 1482
738 1483
738 1484
742 1523
743 985
743 987
743 1259
743 1336
743 1595
743 1685
743 1689
743 1744
745 1108
745 1767
747 1766
748 1875
750 1521
751 1866
751 1955
754 1763
755 1581
756 757
757 794
757 832
757 1051
757 1364
757 1664
757 1851
760 1363
762 1652
762 1761
764 1195
764 1772
765 839
767 935
768 915
768 918
768 1056
768 1170
768 1171
768 1172
768 1173
768 1174
768 1175
768 1176
768 1177
768 1178
769 914
769 1148
770 975
770 1681
771 1993
772 1474
772 1866
773 774
774 1064
774 1425
774 1767
774 1816
775 1681
778 1758
779 1199
779 1294
782 1521
784 1925
787 1474
788 1545
791 1205
791 1487
791 1490
792 1273
793 1246
794 975
801 1294
804 845
807 1625
809 1132
809 1875
810 975
813 1321
816 1522
821 824
824 825
824 1274
824 1368
824 1405
824 1483
824 1530
824 1870
824 1923
829 1132
830 1487
832 834
834 884
834 915
834 1135
834 1396
834 1401
834 1580
834 1628
834 1719
835 1079
835 1543
836 1761
837 1397
838 839
839 985
839 1032
839 1263
839 1371
839 1397
839 1501
839 1502
839 1503
840 915
840 1358
843 1164
843 1358
843 1431
845 918
845 1453
845 1454
846 1583
849 1916
850 1289
854 975
856 1652
858 1766
859 1866
860 1273
861 867
864 1384
867 892
867 978
867 1115
867 1136
867 1331
867 1437
868 1246
874 1362
875 1132
879 1132
879 1321
879 1693
880 884
880 885
882 1431
884 992
884 1118
884 1139
884 1564
884 1644
884 1950
885 895
885 1010
885 1028
885 1096
887 1652
889 1363
890 915
890 1110
899 1517
900 1283
901 1339
901 1401
901 1736
905 909
909 949
909 1397
909 1770
909 1845
909 1887
914 915
914 916
914 917
914 918
914 919
914 920
914 921
914 922
915 1026
915 1052
915 1148
915 1215
915 1272
915 1282
915 1813
915 1866
915 1971
917 1652
918 1358
920 1042
921 1195
923 927
927 1709
927 1837
929 1487
934 935
935 949
935 987
935 1098
935 1110
935 1160
935 1831
935 1904
935 1957
937 1133
937 1728
938 1968
940 1875
947 1110
947 1164
951 1551
951 1866
953 1205
954 1521
956 961
960 1384
961 1100
961 1138
961 1338
961 1526
961 1662
961 1907
968 1772
969 1625
973 1490
975 1045
975 1111
975 1197
975 1527
975 1692
976 1543
978 1763
980 1246
981 1283
983 1120
986 1164
990 1132
992 1916
993 1273
996 1763
997 1026
997 1772
998 1205
999 1396
1000 1006
1001 1215
1005 1925
1006 1107
1006 1108
1006 1262
1006 1446
1006 1580
1006 1935
1008 1551
1010 1199
1010 1534
1010 1732
1012 1205
1014 1279
1014 1350
1014 1464
1014 1465
1014 1466
1014 1467
1014 1468
1017 1626
1017 1968
1018 1758
1024 1026
1026 1059
1026 1788
1026 1892
1026 1928
1026 1954
1029 1866
1031 1148
1034 1363
1042 1479
1042 1499
1044 1736
1045 1358
1053 1707
1057 1534
1064 1955
1065 1079
1065 1246
1067 1736
1067 1916
1069 1707
1079 1080
1079 1081
1079 1082
1079 1083
1079 1084
1080 1866
1082 1626
1083 1321
1086 1199
1091 1133
1096 1524
1097 1399
1099 1195
1104 1500
1110 1116
1110 1399
1110 1482
1110 1500
1110 1576
1110 1638
1110 1639
1110 1761
1110 1781
1110 1968
1115 1866
1115 1955
1116 1534
1117 1698
1117 1766
1118 1120
1119 1358
1119 1363
1120 1526
1122 1583
1125 1534
1126 1205
1132 1150
1132 1274
1132 1302
1132 1767
1132 1781
1132 1841
1132 1885
1133 1291
1133 1692
1137 1199
1139 1294
1140 1681
1143 1795
1144 1761
1147 1483
1148 1240
1148 1286
1148 1398
1148 1425
1148 1460
1148 1461
1148 1462
1148 1463
1155 1639
1156 1718
1159 1199
1164 1193
1164 1533
1164 1569
1164 1674
1164 1692
1164 1740
1164 1823
1165 1283
1166 1638
1168 1273
1168 1955
1175 1432
1180 1517
1183 1581
1194 1195
1194 1199
1195 1312
1195 1483
1195 1759
1195 1994
1199 1356
1199 1390
1199 1706
1199 1778
1200 1215
1205 1368
1205 1485
1205 1486
1207 1323
1209 1363
1210 1339
1210 1763
1214 1321
1215 1741
1215 1880
1218 1490
1219 1358
1221 1576
1227 1399
1230 1763
1231 1766
1242 1246
1245 1639
1246 1397
1246 1407
1246 1433
1247 1732
1252 1707
1254 1321
1259 1363
1260 1261
1261 1835
1261 1842
1261 1844
1261 1861
1261 1876
1261 1877
1262 1763
1265 1625
1265 1639
1268 1766
1272 1384
1273 1320
1273 1451
1273 1473
1273 1529
1273 1810
1274 1362
1275 1283
1277 1620
1282 1875
1283 1605
1283 1692
1283 1739
1283 1740
1289 1290
1289 1291
1289 1292
1291 1925
1293 1294
1294 1599
1294 1640
1294 1667
1294 1682
1302 1523
1304 1728
1309 1339
1310 1543
1311 1399
1311 1401
1312 1626
1317 1521
1319 1728
1320 1620
1321 1767
1322 1431
1322 1866
1323 1703
1323 1838
1323 1928
1323 1961
1324 1968
1327 1401
1327 1545
1332 1339
1332 1583
1338 1339
1339 1483
1339 1724
1339 1820
1339 1897
1344 1916
1348 1401
1353 1534
1358 1483
1358 1516
1358 1929
1358 1989
1360 1362
1360 1363
1362 1672
1362 1692
1362 1886
1362 1970
1363 1609
1363 1807
1365 1524
1373 1875
1375 1474
1379 1795
1384 1385
1389 1758
1392 1620
1396 1854
1396 1860
1396 1919
1397 1474
1397 1521
1397 1522
1397 1523
1397 1524
1397 1525
1397 1526
1397 1527
1398 1543
1398 1681
1399 1643
1400 1638
1401 1798
1401 1927
1408 1728
1411 1522
1416 1639
1422 1761
1430 1431
1431 1457
1431 1624
1431 1644
1431 1692
1432 1433
1432 1434
1433 1728
1434 1692
1434 1925
1441 1968
1442 1686
1444 1681
1449 1525
1451 1483
1454 1718
1458 1718
1459 1525
1461 1993
1470 1732
1471 1474
1472 1758
1474 1633
1474 1816
1474 1957
1475 1732
1483 1542
1483 1545
1483 1551
1483 1626
1483 1707
1483 1766
1483 1767
1487 1769
1489 1522
1490 1660
1490 1691
1490 1767
1490 1895
1500 1750
1500 1769
1500 1935
1501 1620
1501 1955
1514 1955
1515 1545
1517 1611
1518 1955
1521 1540
1521 1777
1521 1778
1521 1933
1522 1865
1522 1907
1522 1936
1524 1878
1525 1570
1525 1578
1525 1595
1525 1876
1530 1625
1532 1652
1533 1772
1534 1579
1534 1589
1534 1933
1543 1678
1543 1729
1543 1867
1545 1937
1548 1551
1551 1771
1555 1767
1574 1576
1576 1628
1576 1954
1578 1581
1579 1925
1581 1656
1581 1706
1581 1746
1581 1768
1581 1961
1581 1979
1583 1643
1583 1692
1583 1789
1583 1835
1604 1639
1620 1644
1620 1813
1625 1788
1625 1927
1626 1971
1634 1638
1638 1689
1638 1776
1639 1684
1639 1687
1639 1688
1639 1689
1640 1758
1647 1916
1652 1694
1652 1765
1654 1772
1658 1686
1671 1718
1681 1826
1681 1904
1681 1966
1684 1686
1686 1696
1692 1698
1692 1718
1692 1767
1698 1699
1698 1700
1698 1701
1706 1707
1717 1718
1728 1743
1731 1732
1732 1777
1732 1852
1736 1767
1736 1919
1746 1875
1753 1968
1756 1810
1758 1767
1758 1906
1758 1970
1766 1796
1766 1830
1766 1873
1766 1945
1767 1772
1767 1794
1767 1795
1767 1916
1772 1773
1772 1774
1783 1866
1789 1794
1793 1794
1795 1796
1795 1797
1810 1813
1810 1964
1812 1875
1850 1916
1866 1894
1879 1993
1882 1916
1894 1916
1916 1952
1922 1993
1925 1954
1984 1993
