3 890
4 1584
10 48
10 1011
11 395
11 1885
14 22
18 450
18 1280
18 1350
19 453
20 322
20 1110
20 1668
21 1057
22 188
22 244
22 269
22 379
22 562
22 802
22 849
22 1098
22 1109
22 1110
24 1348
25 1482
28 453
29 942
29 1130
30 322
32 387
34 1100
38 518
41 1576
42 518
44 47
44 48
44 49
45 1478
46 1500
47 226
47 338
47 442
47 472
47 688
47 689
47 690
47 691
47 692
48 400
48 491
48 691
48 695
48 1234
48 1493
48 1863
49 208
49 446
49 455
49 508
49 902
49 1107
49 1110
49 1126
49 1323
49 1471
49 1581
49 1652
49 1692
49 1728
49 1732
52 928
52 1979
57 584
57 860
57 1130
59 1576
61 1356
63 1914
65 234
66 1658
67 69
69 121
69 171
69 350
69 364
69 365
69 366
69 367
69 368
69 369
73 453
74 1054
75 1728
79 208
79 370
79 1930
85 805
85 1427
85 1904
86 90
88 928
88 1265
90 293
90 566
90 706
90 1322
90 1432
90 1462
90 1464
90 1550
90 1565
90 1650
90 1709
90 1718
90 1837
103 1638
104 234
113 1576
114 1871
115 1296
118 277
120 1426
121 1764
123 452
123 1658
132 1904
133 918
134 1116
138 696
139 1871
142 1296
146 1781
147 151
150 410
150 1427
151 170
151 227
151 791
151 861
151 1078
151 1518
151 1533
151 1549
151 1581
151 1696
151 1755
153 584
155 161
157 322
159 449
161 412
161 447
161 515
161 933
161 1625
162 1356
165 1399
165 1866
166 1197
169 170
170 300
170 590
170 647
170 813
170 1049
170 1305
170 1404
170 1499
170 1589
170 1658
170 1871
170 1903
170 1911
170 1940
170 1953
171 1953
175 1744
180 1172
180 1315
182 864
190 370
190 927
193 1668
195 1472
196 1034
200 296
201 447
201 452
203 230
205 1914
208 209
208 210
208 211
208 212
208 213
208 214
208 215
208 216
208 217
208 218
208 219
208 220
211 395
211 1280
214 1107
216 1120
217 324
220 1348
221 1280
221 1482
223 277
225 696
225 1110
225 1296
226 1172
228 265
229 1315
230 341
230 579
230 772
230 842
230 1110
230 1161
230 1476
230 1513
230 1558
230 1559
231 234
234 345
234 447
234 604
234 822
234 1607
236 1034
237 245
239 805
245 250
245 323
245 491
245 762
245 881
245 902
245 1214
245 1459
245 1650
245 1806
245 1861
245 1969
246 249
247 264
248 482
249 303
249 508
249 607
249 627
249 629
249 900
249 958
249 1220
249 1552
249 1560
249 1642
250 482
251 1781
252 857
252 949
254 840
258 1122
258 1819
262 1116
262 1953
263 1427
264 402
264 508
264 645
264 1101
264 1232
264 1273
264 1404
264 1511
264 1720
265 266
265 267
265 268
265 269
265 270
265 271
265 272
265 273
268 615
268 773
268 806
268 906
268 1057
268 1168
268 1612
268 1935
268 1993
270 447
272 860
274 277
274 279
274 281
274 286
275 1032
276 448
277 311
277 372
277 707
277 713
277 742
277 834
277 1067
277 1276
279 355
279 372
279 576
279 845
279 1035
279 1087
279 1367
279 1911
281 447
281 685
281 755
281 813
281 988
281 1227
281 1318
281 1793
281 1865
282 518
282 864
282 1374
284 1606
286 415
286 440
286 606
286 1143
286 1322
286 1447
286 1494
286 1706
286 1732
286 1740
286 1746
286 1843
287 296
291 805
291 1323
296 508
296 1030
296 1384
296 1415
296 1455
296 1485
296 1868
297 298
297 299
297 300
297 301
297 302
297 303
297 304
297 305
297 306
300 409
300 429
300 447
300 511
300 584
300 949
300 1054
300 1085
300 1117
300 1120
300 1199
300 1298
300 1384
300 1646
300 1711
300 1799
301 656
303 331
303 447
305 1994
307 310
310 338
310 345
310 432
310 492
310 542
310 745
310 815
310 1380
310 1381
310 1382
310 1383
312 1280
313 1122
316 1172
317 321
317 322
317 324
319 840
321 347
321 491
321 1037
321 1089
321 1210
321 1304
321 1597
321 1834
322 531
322 689
322 724
322 759
322 764
322 1312
322 1572
322 1661
322 1700
324 491
324 492
324 493
324 494
324 495
325 1728
328 1658
329 453
330 1289
331 332
331 333
331 334
331 335
331 336
331 337
331 338
331 339
333 760
333 1764
336 864
336 1399
338 527
338 592
338 857
338 1050
338 1057
338 1160
338 1172
338 1197
338 1356
338 1381
338 1427
338 1575
338 1584
338 1615
338 1904
343 1155
343 1431
344 734
346 1027
346 1378
347 452
347 1668
348 1914
350 1606
352 1472
354 890
356 1764
357 1728
359 637
363 452
364 1968
365 1638
369 473
369 491
369 518
369 1098
369 1154
369 1172
369 1280
369 1322
369 1348
369 1375
369 1378
369 1454
369 1668
369 1770
370 371
370 372
370 373
370 374
370 375
370 376
370 377
370 378
370 379
372 387
372 436
372 508
372 579
372 639
372 864
372 898
372 918
372 979
372 1034
372 1289
372 1418
372 1700
372 1744
372 1801
377 491
377 1418
380 387
381 1763
382 1130
383 898
383 1122
385 760
385 1172
386 890
387 693
387 850
387 1079
387 1247
387 1488
387 1749
388 1289
392 395
395 508
395 536
395 689
395 716
395 751
395 871
395 1084
395 1529
395 1675
398 634
400 1866
401 449
401 1100
401 1764
403 436
404 734
405 890
407 1356
409 410
410 505
410 506
410 507
410 508
410 509
410 510
410 511
410 512
410 513
410 514
410 515
410 516
411 1116
413 1305
415 1323
418 898
419 1994
424 1658
427 1473
428 1350
428 1378
429 885
429 1265
431 1606
435 949
436 437
436 438
436 439
436 440
436 441
436 442
436 443
436 444
436 445
436 446
437 1953
438 1356
445 527
446 1482
446 1509
447 448
447 449
447 450
447 451
447 452
447 453
447 454
447 455
447 456
448 524
448 713
448 862
448 929
448 1388
448 1674
448 1872
449 487
449 532
449 775
449 1231
449 1232
449 1233
449 1234
450 524
450 833
450 980
450 1487
450 1723
450 1771
450 1778
451 857
451 1885
452 489
452 531
452 904
452 979
452 1081
452 1577
452 1653
452 1654
452 1655
453 728
453 846
453 1128
453 1176
453 1284
454 1427
454 1474
454 1475
455 656
456 1638
458 806
458 942
460 1500
462 1197
466 1254
469 1475
470 928
471 1120
471 1914
472 1606
473 760
475 1728
477 479
477 482
479 508
479 1008
479 1510
481 806
482 491
482 879
482 905
482 923
482 975
482 1419
482 1507
482 1660
482 1896
484 1638
489 1471
490 592
491 742
491 850
491 989
491 1126
491 1155
491 1374
491 1790
491 1994
492 1374
495 1606
498 1378
503 1652
508 850
508 885
508 1008
508 1304
508 1350
508 1432
508 1746
508 1763
508 1993
511 1472
512 1866
514 1197
514 1606
515 1107
518 566
518 1687
518 1724
520 527
523 1431
527 723
527 964
527 965
527 966
527 967
527 968
527 969
527 970
528 529
528 530
528 531
528 532
528 533
528 534
528 535
528 536
528 537
528 538
528 539
529 1472
530 1418
531 580
531 637
531 805
531 843
531 927
531 928
531 1100
531 1265
531 1322
531 1509
531 1606
531 1914
531 1930
532 1471
537 1197
543 734
543 1763
546 1744
549 840
549 1477
549 1658
552 1509
552 1953
554 1315
555 1658
558 1130
562 1482
565 1904
570 1054
574 1130
576 1130
577 1054
578 696
580 1431
583 634
583 1761
584 635
584 877
584 923
584 1098
584 1228
584 1281
584 1297
584 1366
584 1630
584 1808
585 1130
585 1761
586 840
587 592
590 1427
592 639
592 845
592 1334
592 1343
592 1388
592 1635
592 1765
592 1890
594 1378
595 1968
596 942
601 1781
602 1668
609 1427
615 857
616 885
620 1575
622 1120
623 1930
624 1874
627 1509
628 634
634 770
634 1085
634 1322
634 1415
634 1492
634 1665
634 1725
636 1930
637 638
637 639
637 640
637 641
637 642
641 805
641 1130
643 696
654 1032
655 656
656 962
656 979
656 1041
656 1322
656 1454
656 1621
656 1622
656 1623
656 1624
656 1625
658 1305
660 1914
680 1770
681 1254
683 1289
684 1658
688 1761
693 696
694 1472
696 1004
696 1010
696 1110
696 1163
696 1248
696 1455
696 1679
696 1788
699 1107
700 1027
701 1668
703 1350
711 1107
714 1431
715 1356
717 1348
720 949
722 1160
722 1172
730 1197
730 1265
731 1500
732 1475
734 969
734 1155
734 1790
734 1886
734 1887
738 1482
742 805
742 1781
743 1595
743 1744
747 1874
751 1866
752 1107
754 1763
754 1764
756 760
760 1039
760 1155
760 1279
760 1337
760 1363
760 1372
760 1617
760 1868
762 1482
762 1652
762 1761
764 1471
765 1953
766 1584
768 918
768 1172
769 1054
772 1474
772 1866
775 1197
780 1130
782 1296
783 1160
784 1914
787 1474
788 1426
792 840
792 1478
794 1305
794 1819
795 1584
796 947
798 1770
802 805
802 806
803 1225
803 1584
804 1874
805 903
805 904
806 1918
806 1940
806 1941
809 860
811 1348
812 1781
814 1473
815 1265
816 840
817 1378
829 1819
833 1225
836 1761
838 840
839 1032
840 915
840 952
840 1088
840 1341
840 1358
840 1471
842 949
842 1027
843 1431
845 918
850 857
850 1289
850 1509
850 1871
852 857
852 860
853 1350
856 1652
857 1488
857 1615
857 1746
857 1911
859 1744
859 1866
860 880
860 1108
860 1155
860 1273
860 1303
860 1567
860 1695
860 1837
860 1945
861 864
863 1426
864 1217
864 1233
864 1285
864 1384
864 1512
864 1731
865 1254
866 928
870 1482
872 1265
878 1418
880 885
882 1431
885 895
885 1010
885 1028
885 1096
887 1652
888 1418
890 915
890 1110
890 1404
890 1900
891 1356
896 898
898 1765
900 1477
907 1116
909 949
909 1770
910 1668
914 918
915 1866
916 1280
917 1027
917 1652
918 1358
918 1479
918 1923
919 1054
919 1914
923 927
923 928
927 1709
927 1837
928 1041
928 1174
928 1355
928 1562
928 1777
928 1785
929 1225
931 1116
932 1473
935 949
935 1110
935 1160
935 1904
937 1172
937 1728
938 1968
942 1117
942 1155
942 1168
942 1511
942 1578
942 1635
942 1762
942 1893
943 947
944 1764
947 1110
947 1164
947 1185
947 1211
947 1416
947 1607
949 950
949 951
949 952
949 953
949 954
949 955
951 1866
958 1305
961 1100
965 1315
967 1575
969 1225
973 1034
975 1197
978 1658
978 1763
983 1120
983 1122
989 1350
989 1473
990 1032
996 1575
996 1763
1004 1885
1005 1122
1006 1107
1011 1180
1011 1381
1011 1471
1011 1711
1013 1418
1014 1350
1017 1968
1024 1027
1027 1281
1027 1322
1027 1352
1027 1708
1027 1776
1028 1378
1029 1866
1032 1155
1032 1231
1032 1327
1032 1845
1032 1915
1034 1058
1034 1363
1034 1366
1034 1499
1034 1703
1041 1595
1044 1280
1049 1350
1050 1197
1051 1418
1053 1116
1054 1220
1054 1598
1054 1599
1054 1600
1056 1057
1057 1190
1057 1192
1057 1271
1057 1327
1057 1338
1057 1534
1072 1265
1078 1473
1080 1866
1082 1296
1082 1418
1084 1584
1085 1482
1085 1658
1088 1426
1088 1427
1090 1953
1093 1130
1096 1160
1097 1399
1099 1348
1100 1101
1100 1102
1100 1103
1104 1500
1107 1221
1107 1250
1107 1459
1107 1991
1110 1116
1110 1399
1110 1482
1110 1500
1110 1576
1110 1638
1110 1639
1110 1761
1110 1781
1110 1968
1115 1866
1116 1213
1116 1232
1116 1534
1116 1553
1116 1608
1116 1808
1118 1120
1118 1122
1120 1526
1122 1253
1122 1309
1122 1322
1122 1336
1122 1569
1122 1583
1130 1155
1132 1781
1132 1885
1144 1761
1153 1305
1154 1155
1154 1160
1155 1225
1155 1296
1155 1349
1155 1471
1155 1639
1155 1874
1155 1885
1155 1941
1160 1589
1160 1803
1165 1606
1166 1638
1169 1871
1169 1914
1170 1668
1172 1569
1172 1705
1172 1876
1172 1957
1174 1280
1178 1770
1183 1265
1185 1265
1186 1426
1194 1197
1195 1994
1197 1771
1197 1915
1199 1356
1207 1323
1210 1763
1216 1658
1220 1280
1221 1576
1223 1225
1225 1630
1225 1906
1225 1913
1225 1926
1225 1965
1227 1399
1230 1763
1237 1770
1244 1473
1250 1254
1254 1321
1254 1322
1255 1427
1260 1265
1262 1763
1265 1330
1265 1578
1265 1625
1265 1639
1270 1280
1272 1478
1272 1781
1273 1473
1274 1819
1276 1280
1277 1427
1280 1880
1286 1356
1289 1290
1289 1291
1289 1292
1292 1744
1296 1297
1296 1298
1296 1299
1296 1300
1300 1473
1304 1728
1305 1346
1305 1389
1305 1424
1305 1526
1305 1555
1305 1643
1305 1854
1308 1315
1311 1399
1312 1471
1314 1348
1315 1322
1315 1347
1315 1455
1315 1654
1315 1832
1315 1929
1317 1606
1319 1728
1319 1885
1322 1426
1322 1431
1322 1595
1322 1680
1322 1764
1322 1819
1322 1866
1322 1979
1323 1703
1323 1838
1323 1928
1323 1961
1324 1968
1325 1356
1330 1668
1330 1744
1331 1509
1347 1348
1347 1350
1348 1401
1348 1751
1349 1509
1350 1646
1350 1755
1350 1992
1356 1717
1372 1374
1374 1414
1374 1622
1374 1841
1374 1917
1375 1474
1377 1472
1378 1561
1378 1612
1397 1474
1399 1643
1400 1638
1407 1575
1408 1728
1415 1482
1418 1516
1422 1761
1423 1819
1426 1618
1426 1724
1426 1803
1426 1967
1427 1481
1427 1588
1427 1945
1429 1482
1430 1431
1431 1457
1431 1624
1431 1644
1431 1692
1433 1728
1440 1764
1441 1968
1461 1871
1464 1819
1465 1595
1471 1472
1471 1473
1471 1474
1471 1475
1471 1476
1471 1477
1471 1478
1471 1479
1472 1757
1472 1758
1474 1633
1474 1816
1474 1957
1475 1732
1475 1760
1477 1557
1477 1604
1478 1539
1478 1660
1479 1584
1482 1493
1482 1573
1482 1974
1485 1770
1500 1750
1500 1769
1500 1935
1507 1509
1509 1527
1509 1756
1509 1800
1514 1953
1525 1595
1527 1819
1532 1652
1541 1914
1550 1871
1555 1668
1564 1584
1574 1575
1574 1576
1575 1680
1576 1628
1576 1954
1581 1979
1584 1585
1584 1586
1594 1595
1595 1799
1603 1871
1605 1606
1606 1858
1606 1975
1612 1874
1618 1781
1634 1638
1636 1819
1638 1689
1638 1776
1652 1694
1652 1765
1658 1686
1658 1853
1681 1904
1689 1914
1700 1953
1701 1744
1714 1930
1728 1743
1753 1968
1756 1904
1756 1930
1764 1812
1765 1979
1770 1915
1783 1866
1797 1871
1797 1885
1801 1930
1801 1953
1866 1894
1871 1873
1976 1979
1987 1994
