5 1097
9 356
11 309
11 352
11 395
11 1885
12 1941
14 24
14 25
15 84
18 204
20 1462
21 1544
22 849
24 173
24 258
24 433
24 606
24 882
24 1077
24 1131
24 1154
24 1348
24 1469
24 1604
24 1747
24 1748
24 1749
25 564
25 693
25 748
25 809
25 901
25 967
25 1093
25 1154
25 1482
27 28
27 32
28 74
28 115
28 353
28 453
28 654
28 1154
28 1362
28 1602
28 1830
29 942
29 1130
30 1405
32 98
32 143
32 159
32 195
32 299
32 387
32 866
32 1154
32 1640
38 532
38 1627
44 47
45 600
45 1478
45 1496
46 356
46 462
46 494
47 226
47 338
47 442
47 472
47 688
47 689
47 690
47 691
47 692
48 491
49 1471
51 740
51 979
51 1951
52 814
53 1161
54 520
54 1627
55 677
55 1094
57 860
57 1130
58 174
59 1094
60 61
61 75
61 646
61 1053
61 1099
61 1181
61 1356
61 1383
61 1398
61 1476
62 532
64 1686
65 489
66 174
67 72
72 566
72 590
72 1016
72 1347
72 1714
72 1902
77 698
78 84
79 1156
80 1855
84 794
84 886
84 1216
84 1337
84 1433
84 1522
84 1573
84 1705
85 495
87 1736
90 1462
92 352
93 94
94 432
94 512
94 646
94 1015
94 1271
94 1287
94 1390
94 1521
94 1605
94 1642
94 1706
96 1496
107 813
110 1353
111 619
112 1046
115 1296
118 277
118 1714
119 1326
119 1736
129 662
129 1173
129 1346
130 708
132 698
133 646
133 918
134 981
135 136
135 137
135 138
135 139
135 140
135 141
135 142
135 143
135 144
135 145
135 146
138 1405
139 979
140 305
142 1296
145 165
145 288
145 437
145 502
145 520
145 639
145 771
145 981
145 1167
145 1353
145 1539
145 1559
145 1721
145 1748
145 1829
145 1915
146 401
148 1371
155 157
155 165
156 520
156 1192
157 282
157 322
157 502
157 1847
157 1922
157 1945
158 343
158 351
158 352
158 354
159 849
164 1964
165 481
165 1126
165 1399
165 1413
165 1428
165 1866
165 1918
167 1736
168 1094
169 174
169 177
170 813
173 1156
174 666
174 851
174 936
174 1154
174 1250
174 1694
174 1784
175 1156
175 1744
177 192
177 426
177 502
177 647
177 671
177 844
177 1109
177 1262
177 1416
177 1537
177 1695
177 1793
177 1931
179 1736
180 646
180 1353
182 864
184 1167
188 401
188 1371
189 771
189 1745
190 356
191 1161
193 1746
195 1639
196 849
196 1034
196 1829
197 204
199 1371
204 639
204 793
204 798
204 835
204 916
204 1222
204 1301
204 1675
204 1980
209 687
210 489
210 708
211 395
212 619
212 1496
219 708
223 277
223 343
225 1296
225 1556
226 312
226 632
227 1700
230 579
230 1161
230 1559
236 1034
242 1559
243 740
244 354
244 495
245 491
247 263
252 494
252 1162
254 840
255 981
259 1829
260 632
260 740
261 1419
263 639
263 642
263 822
263 1181
263 1211
263 1306
263 1367
263 1427
263 1839
266 1419
272 860
274 277
274 279
275 1032
276 689
276 1528
277 311
277 372
277 707
277 713
277 742
277 834
277 1067
277 1276
278 520
278 1445
278 1736
279 355
279 372
279 576
279 845
279 1035
279 1087
279 1367
279 1911
281 813
282 864
283 687
286 1746
287 288
288 301
288 346
288 458
288 572
288 645
288 945
288 1101
288 1367
288 1486
288 1698
288 1750
293 1353
294 1544
297 305
298 616
298 1353
302 1097
305 569
305 911
305 987
305 1045
305 1461
305 1714
305 1882
305 1994
307 309
307 312
309 355
309 401
309 494
309 689
309 692
309 708
309 814
309 895
309 1007
309 1154
309 1286
309 1445
309 1566
309 1686
310 1381
312 503
312 1018
312 1154
312 1194
312 1280
312 1522
312 1624
312 1993
319 840
320 401
321 491
322 689
322 1312
322 1700
324 491
324 494
324 495
325 1371
330 1289
331 335
333 760
333 1381
335 643
335 644
335 645
335 646
335 647
335 648
336 864
337 1405
338 592
338 1160
338 1381
343 439
343 464
343 1155
343 1431
343 1538
343 1962
344 734
346 579
351 689
351 1202
351 1971
352 381
352 412
352 451
352 1154
352 1241
352 1472
352 1507
352 1767
354 461
354 471
354 591
354 813
354 890
354 1564
354 1934
355 356
356 615
356 771
356 776
356 804
356 1108
356 1298
356 1607
356 1764
357 1163
359 637
359 698
360 1556
362 1721
364 1156
366 998
369 491
369 1154
370 372
370 374
372 387
372 436
372 508
372 579
372 639
372 864
372 898
372 918
372 979
372 1034
372 1289
372 1418
372 1700
372 1744
372 1801
373 1639
374 514
374 858
374 1139
374 1143
374 1154
374 1546
374 1692
377 491
377 1418
377 1419
378 616
381 1159
382 1130
383 898
383 1663
385 760
385 1349
388 1289
388 1686
389 1686
390 1167
392 395
392 401
395 508
395 536
395 689
395 716
395 751
395 871
395 1084
395 1529
395 1675
397 1700
399 1627
401 449
401 767
401 992
401 1016
401 1100
401 1368
401 1542
401 1764
402 813
403 436
404 734
405 1714
405 1736
405 1941
406 1746
407 619
407 771
408 1349
417 600
418 898
418 1746
420 1371
421 1167
423 1496
429 885
429 1337
432 626
432 1163
432 1769
435 1736
436 437
436 438
436 439
436 440
436 441
436 442
436 443
436 444
436 445
436 446
437 1950
438 1097
441 626
441 1445
449 532
451 1885
452 489
452 979
454 1474
454 1475
455 1879
457 462
458 495
458 942
459 1801
462 659
462 669
462 771
462 1018
462 1197
462 1347
462 1410
462 1840
462 1857
466 663
467 476
469 689
469 1475
473 760
473 771
474 1353
476 729
476 792
476 1372
476 1380
476 1451
476 1676
476 1714
476 1715
476 1774
476 1870
482 491
482 1419
483 1167
484 1639
486 489
487 1663
488 677
489 577
489 631
489 638
489 836
489 881
489 923
489 970
489 1051
489 1471
489 1582
489 1583
490 592
491 742
491 850
491 989
491 1126
491 1155
491 1374
491 1790
491 1994
494 608
494 1117
494 1243
494 1288
494 1375
494 1629
495 689
495 1009
495 1321
495 1606
495 1618
495 1889
495 1890
496 497
496 498
496 499
496 500
496 501
496 502
496 503
496 504
501 698
501 740
502 543
502 600
502 619
502 984
502 991
502 1046
502 1094
502 1178
502 1528
502 1745
502 1769
502 1950
502 1951
504 687
504 979
504 1173
505 1950
508 885
508 1746
517 646
517 1156
517 1879
520 521
520 522
520 523
520 524
520 525
520 526
520 527
523 1326
525 1312
525 1769
528 532
530 1418
531 637
532 824
532 1087
532 1325
532 1471
532 1607
532 1712
533 1736
535 1700
535 1714
539 1159
539 1312
543 734
546 1721
546 1744
549 840
549 1326
549 1477
549 1556
551 1157
551 1159
557 1419
558 1130
559 1686
560 663
563 1371
564 1326
565 849
565 1173
568 813
568 814
571 578
571 579
574 1130
576 1130
578 579
578 696
578 759
578 823
578 1170
578 1354
578 1420
578 1495
578 1712
579 626
579 663
579 813
579 980
579 1204
579 1243
579 1334
579 1438
579 1462
579 1556
579 1879
581 1951
583 1745
585 1130
585 1746
586 840
587 592
589 1381
592 639
592 845
592 1334
592 1343
592 1388
592 1635
592 1765
592 1890
596 942
597 600
600 982
600 1042
600 1183
600 1258
600 1409
600 1493
600 1679
600 1698
600 1733
600 1980
601 1779
603 740
609 1097
609 1855
610 1326
611 616
612 1829
616 699
616 885
616 1318
616 1337
616 1492
616 1612
616 1794
616 1924
619 700
619 753
619 923
619 1003
619 1065
619 1281
619 1282
619 1283
619 1284
624 1874
625 626
626 743
626 744
626 745
627 662
627 1745
628 632
630 1496
631 1663
632 724
632 1004
632 1659
632 1714
632 1931
635 1206
636 1627
637 638
637 639
637 640
637 641
637 642
638 646
639 646
639 1154
639 1163
639 1173
639 1206
639 1241
639 1331
639 1371
639 1381
639 1496
639 1531
641 1130
646 698
646 991
646 1075
646 1192
646 1663
646 1705
646 1714
646 1736
646 1779
648 1046
651 1445
654 1032
655 662
655 663
656 979
657 1161
659 849
660 1745
662 889
662 946
662 1017
662 1484
662 1530
662 1714
662 1729
663 681
663 757
663 788
663 990
663 1099
663 1131
663 1147
663 1597
663 1703
669 771
671 1528
673 677
677 891
677 1154
682 1721
683 981
683 1289
684 981
687 718
687 984
687 1075
687 1154
687 1204
687 1287
687 1493
687 1561
687 1675
687 1719
687 1792
688 708
689 793
689 834
689 998
689 1117
689 1332
689 1346
689 1627
689 1698
692 1714
696 1163
698 899
698 952
698 1029
698 1298
698 1394
698 1887
702 1419
706 1097
708 714
708 1379
708 1408
708 1580
713 998
715 1445
722 1160
725 1046
727 1405
729 1769
729 1941
732 1475
732 1964
734 969
734 1155
734 1790
734 1886
734 1887
736 1405
739 740
740 1075
740 1263
740 1299
740 1714
743 1744
747 1874
755 1779
756 760
759 1419
760 1039
760 1155
760 1279
760 1337
760 1363
760 1372
760 1617
760 1868
763 1206
764 771
764 1419
764 1471
768 918
768 1173
771 849
771 1223
771 1405
771 1419
771 1531
771 1746
771 1855
771 1993
772 1474
776 1405
777 1094
778 1192
779 1349
779 1829
780 1130
780 1154
782 1296
782 1462
783 1160
784 1159
786 1801
787 1474
792 840
792 1478
792 1496
798 1496
798 1801
803 1158
803 1225
804 1874
806 1941
807 1941
808 1879
809 860
812 1700
812 1745
813 830
813 874
813 995
813 1048
813 1185
813 1321
813 1530
813 1944
813 1984
814 992
814 1089
814 1340
814 1473
814 1996
816 840
817 1559
824 1405
825 1769
833 1225
838 840
839 1032
839 1371
840 915
840 952
840 1088
840 1341
840 1358
840 1471
843 1721
845 918
849 865
849 1073
849 1275
849 1287
849 1916
850 1289
852 860
857 1746
859 1744
860 880
860 1108
860 1155
860 1273
860 1303
860 1567
860 1695
860 1837
860 1945
861 864
863 1559
864 1217
864 1233
864 1285
864 1384
864 1512
864 1731
867 1331
878 1418
880 885
884 1950
885 895
885 1010
885 1028
885 1096
888 1418
896 898
898 1765
900 1477
901 1736
902 1544
910 1331
912 1173
913 1312
914 918
918 1358
918 1479
918 1923
922 1556
929 1225
935 1160
942 1117
942 1155
942 1168
942 1511
942 1578
942 1635
942 1762
942 1893
944 1950
945 1346
954 1156
964 998
966 1769
969 1225
969 1714
973 1034
977 979
977 981
979 1109
979 1135
979 1218
979 1685
979 1936
979 1937
980 1349
981 1198
981 1283
981 1330
981 1435
985 1496
986 1163
986 1167
987 1094
987 1855
990 1032
990 1331
991 1559
994 1046
998 1204
998 1205
1004 1885
1007 1528
1008 1161
1009 1337
1011 1381
1011 1471
1013 1418
1018 1559
1031 1627
1032 1155
1032 1231
1032 1327
1032 1845
1032 1915
1034 1058
1034 1363
1034 1366
1034 1499
1034 1703
1035 1528
1041 1163
1044 1736
1046 1047
1046 1048
1046 1049
1051 1418
1055 1405
1057 1192
1058 1779
1059 1163
1059 1879
1067 1337
1067 1349
1067 1736
1068 1381
1073 1381
1076 1158
1078 1528
1080 1941
1082 1296
1082 1418
1083 1855
1087 1312
1088 1381
1093 1130
1094 1316
1094 1449
1094 1667
1094 1780
1094 1849
1094 1902
1095 1097
1096 1160
1096 1349
1097 1399
1097 1435
1097 1624
1097 1714
1098 1879
1102 1627
1104 1157
1104 1950
1106 1371
1110 1639
1130 1155
1132 1885
1136 1161
1136 1331
1140 1162
1141 1746
1146 1326
1148 1462
1150 1326
1154 1155
1154 1156
1154 1157
1154 1158
1154 1159
1154 1160
1154 1161
1154 1162
1155 1225
1155 1296
1155 1349
1155 1471
1155 1639
1155 1874
1155 1885
1155 1941
1156 1184
1156 1718
1156 1741
1156 1989
1157 1208
1157 1220
1157 1458
1157 1691
1157 1935
1158 1263
1158 1403
1158 1622
1158 1664
1158 1703
1158 1974
1159 1199
1159 1211
1159 1370
1159 1463
1159 1857
1160 1589
1160 1803
1161 1548
1161 1591
1161 1870
1162 1549
1162 1555
1162 1754
1162 1926
1163 1201
1163 1506
1163 1799
1163 1805
1163 1974
1167 1565
1167 1738
1167 1901
1167 1998
1173 1198
1173 1408
1173 1899
1178 1544
1189 1528
1190 1192
1191 1879
1192 1288
1192 1493
1192 1636
1192 1792
1192 1832
1195 1312
1196 1721
1198 1663
1200 1801
1201 1721
1206 1664
1206 1972
1217 1405
1218 1801
1222 1663
1223 1225
1225 1630
1225 1906
1225 1913
1225 1926
1225 1965
1227 1627
1235 1964
1239 1528
1244 1964
1245 1639
1255 1353
1258 1346
1265 1639
1266 1349
1266 1544
1271 1879
1272 1478
1286 1349
1289 1290
1289 1291
1289 1292
1292 1559
1292 1744
1296 1297
1296 1298
1296 1299
1296 1300
1299 1627
1304 1337
1305 1346
1308 1312
1312 1410
1312 1471
1312 1553
1312 1570
1312 1626
1312 1704
1312 1906
1312 1929
1313 1700
1319 1885
1325 1326
1326 1535
1326 1675
1326 1714
1326 1797
1330 1744
1331 1509
1331 1679
1331 1741
1331 1940
1332 1381
1333 1337
1336 1337
1337 1539
1337 1648
1337 1649
1344 1528
1346 1672
1346 1755
1346 1920
1347 1349
1349 1509
1349 1554
1349 1691
1351 1746
1352 1381
1353 1489
1353 1534
1353 1704
1353 1974
1353 1988
1367 1879
1371 1376
1371 1443
1375 1474
1381 1803
1392 1721
1397 1474
1402 1405
1405 1459
1405 1611
1405 1738
1411 1559
1416 1639
1418 1516
1419 1558
1419 1632
1419 1948
1428 1714
1436 1627
1438 1950
1442 1686
1445 1571
1445 1588
1445 1897
1449 1721
1450 1496
1459 1855
1462 1679
1462 1680
1462 1765
1468 1496
1471 1472
1471 1473
1471 1474
1471 1475
1471 1476
1471 1477
1471 1478
1471 1479
1474 1633
1474 1816
1474 1957
1475 1732
1475 1760
1477 1557
1477 1604
1478 1539
1478 1660
1481 1879
1487 1769
1491 1950
1500 1769
1501 1721
1512 1801
1516 1559
1516 1829
1528 1976
1531 1829
1536 1779
1537 1964
1544 1714
1544 1775
1544 1942
1556 1557
1559 1869
1559 1947
1559 1948
1566 1829
1581 1746
1604 1639
1612 1874
1613 1700
1616 1951
1627 1635
1627 1708
1628 1721
1639 1684
1639 1687
1639 1688
1639 1689
1646 1879
1658 1686
1661 1950
1663 1726
1663 1922
1671 1950
1678 1801
1684 1686
1686 1696
1698 1700
1699 1745
1700 1911
1700 1938
1700 1953
1701 1744
1701 1745
1701 1746
1709 1829
1714 1930
1714 1964
1716 1879
1721 1872
1734 1745
1736 1767
1736 1919
1746 1875
1750 1801
1754 1769
1779 1870
1797 1885
1801 1865
1801 1930
1801 1953
1810 1964
1813 1951
1814 1879
1829 1842
1829 1959
1879 1993
1900 1951
1941 1945
