0 10
2 73
2 193
2 425
2 493
4 124
5 517
5 1097
7 517
7 1918
10 48
10 226
10 304
10 334
10 939
10 1007
10 1008
10 1009
10 1010
10 1011
10 1012
10 1013
10 1014
10 1015
11 309
11 395
13 1153
13 1611
15 1918
16 304
18 204
18 1350
19 320
19 453
19 1428
21 692
21 1145
21 1544
22 849
24 1748
27 31
28 453
29 1539
30 1405
30 1818
31 73
31 96
31 226
31 509
31 755
31 874
31 1114
31 1266
31 1354
31 1972
32 387
32 1640
34 1100
38 1145
38 1627
39 1966
41 1784
42 517
44 49
45 1496
46 462
47 692
49 208
49 446
49 455
49 508
49 902
49 1107
49 1110
49 1126
49 1323
49 1471
49 1581
49 1652
49 1692
49 1728
49 1732
51 740
51 979
53 938
54 520
54 1627
57 982
60 61
61 75
61 646
61 1053
61 1099
61 1181
61 1356
61 1383
61 1398
61 1476
62 991
62 1145
65 823
66 1539
67 72
67 73
72 566
72 590
72 1016
72 1347
72 1714
72 1902
73 133
73 425
73 453
73 552
73 765
73 785
73 858
73 904
73 982
73 1145
73 1211
73 1235
73 1489
73 1725
73 1750
77 698
79 370
81 1531
90 1432
91 493
93 94
94 432
94 512
94 646
94 1015
94 1271
94 1287
94 1390
94 1521
94 1605
94 1642
94 1706
95 1428
96 431
96 991
96 1496
97 1245
100 1417
103 953
103 1667
104 552
104 868
113 991
115 1640
118 277
118 1713
118 1714
119 1326
122 124
122 133
123 785
124 133
124 183
124 557
124 759
124 839
124 887
124 1300
124 1380
124 1386
124 1415
124 1602
124 1683
124 1786
125 1845
129 662
129 1173
131 577
131 1608
132 698
133 193
133 304
133 393
133 446
133 460
133 485
133 646
133 652
133 659
133 823
133 918
133 1524
133 1809
133 1966
134 580
134 981
135 145
138 1405
139 979
140 305
142 1303
145 165
145 288
145 437
145 502
145 520
145 639
145 771
145 981
145 1167
145 1353
145 1539
145 1559
145 1721
145 1748
145 1829
145 1915
146 904
148 1371
150 410
152 1787
153 580
156 520
156 991
156 1192
159 848
159 849
163 982
164 1915
164 1964
165 1428
165 1918
166 437
171 393
171 1517
174 1784
175 638
175 1744
179 1918
180 646
180 1748
182 864
183 1145
183 1918
184 425
184 659
184 1167
187 193
188 1371
190 370
191 1272
193 252
193 323
193 732
193 1218
193 1506
193 1573
193 1587
193 1668
193 1746
193 1749
194 1813
196 849
196 1034
196 1153
197 204
198 938
199 431
199 1371
200 296
201 552
201 1489
204 639
204 793
204 798
204 835
204 916
204 1222
204 1301
204 1675
204 1980
210 652
211 395
211 692
212 1496
213 304
213 638
217 785
217 1304
220 1640
222 1787
223 277
223 1489
225 1303
226 632
226 982
227 1700
228 320
230 579
232 460
235 1153
236 1034
238 982
243 740
244 1517
246 249
247 263
247 264
248 1102
249 303
249 508
249 607
249 627
249 629
249 900
249 958
249 1220
249 1552
249 1560
249 1642
255 981
260 632
260 740
263 639
263 642
263 822
263 1181
263 1211
263 1306
263 1367
263 1427
263 1839
264 402
264 508
264 645
264 1101
264 1232
264 1273
264 1404
264 1511
264 1720
267 1432
268 1993
271 638
272 823
274 277
274 279
275 658
277 311
277 372
277 707
277 713
277 742
277 834
277 1067
277 1276
278 520
279 355
279 372
279 576
279 845
279 1035
279 1087
279 1367
279 1911
282 864
284 517
287 288
287 296
288 301
288 346
288 458
288 572
288 645
288 945
288 1101
288 1367
288 1486
288 1698
288 1750
289 969
294 1544
294 1640
295 1918
296 508
296 1030
296 1384
296 1415
296 1455
296 1485
296 1868
297 304
297 305
301 1432
302 1097
303 1145
304 670
304 808
304 828
304 903
304 1313
304 1397
304 1457
304 1470
304 1522
304 1541
304 1713
304 1974
305 569
305 911
305 987
305 1045
305 1461
305 1714
305 1882
305 1994
307 309
308 953
309 355
309 401
309 494
309 689
309 692
309 708
309 814
309 895
309 1007
309 1154
309 1286
309 1445
309 1566
309 1686
310 1381
312 1993
313 848
313 1787
314 437
315 1966
317 320
317 321
318 904
318 1852
320 401
320 692
320 965
320 1106
320 1114
320 1242
320 1367
320 1928
321 347
321 491
321 1037
321 1089
321 1210
321 1304
321 1597
321 1834
322 1700
324 493
325 1371
326 652
326 785
327 1446
328 652
328 957
329 453
329 493
329 905
330 1289
331 335
333 1381
335 643
335 644
335 645
335 646
335 647
335 648
336 864
337 1405
337 1517
338 592
338 1381
339 938
340 969
342 553
346 579
349 808
350 1272
351 1971
357 1163
359 460
359 698
360 1417
362 1721
365 957
370 371
370 372
370 373
370 374
370 375
370 376
370 377
370 378
370 379
372 387
372 436
372 508
372 579
372 639
372 864
372 898
372 918
372 979
372 1034
372 1289
372 1418
372 1700
372 1744
372 1801
377 1417
377 1418
378 1145
379 1272
380 387
381 1763
382 1852
383 898
383 1663
384 638
387 693
387 850
387 1079
387 1247
387 1488
387 1749
388 1289
389 953
390 1167
390 1852
392 393
392 395
392 405
393 628
393 644
393 703
395 508
395 536
395 689
395 716
395 751
395 871
395 1084
395 1529
395 1675
397 1700
399 1627
400 1915
401 1100
403 1432
405 890
405 931
405 963
405 1714
405 1736
405 1906
405 1941
405 1963
409 410
410 505
410 506
410 507
410 508
410 509
410 510
410 511
410 512
410 513
410 514
410 515
410 516
416 1303
418 898
420 1304
420 1371
421 425
421 1167
422 425
422 431
423 1432
423 1496
425 750
425 790
425 994
425 1076
425 1177
425 1360
425 1488
425 1657
428 1350
428 1818
429 823
429 885
431 568
431 586
431 692
431 767
431 1606
431 1644
431 1843
431 1956
432 1163
436 437
437 747
437 749
437 761
437 1382
437 1415
437 1435
437 1549
437 1950
437 1953
438 1097
439 1531
442 692
442 1852
443 1417
446 1417
447 453
452 904
452 979
453 728
453 846
453 1128
453 1176
453 1284
455 953
456 1153
457 460
457 462
458 938
459 1801
460 1187
460 1500
460 1524
460 1582
460 1754
462 659
462 669
462 771
462 1018
462 1197
462 1347
462 1410
462 1840
462 1857
465 982
467 476
471 1915
472 577
476 729
476 792
476 1372
476 1380
476 1451
476 1676
476 1714
476 1715
476 1774
476 1870
477 479
479 508
479 1008
479 1510
480 652
481 1993
482 905
483 1167
487 1663
489 577
489 638
490 592
493 757
493 795
493 821
493 994
493 997
493 1229
493 1257
493 1611
493 1697
493 1959
497 1722
501 698
501 740
502 991
504 979
504 1173
504 1185
508 850
508 885
508 1008
508 1304
508 1350
508 1432
508 1746
508 1763
508 1993
509 1608
509 1667
515 1818
516 1272
517 646
517 695
517 954
517 1056
517 1156
517 1341
517 1514
517 1879
520 521
520 522
520 523
520 524
520 525
520 526
520 527
523 1326
524 823
527 969
530 1418
531 580
531 1100
534 953
534 1640
535 1700
535 1714
538 1102
539 658
541 848
543 1763
544 1539
544 1912
546 1303
546 1721
546 1744
548 1921
549 1326
550 552
550 553
552 628
552 972
552 1050
552 1124
552 1201
552 1335
552 1509
552 1812
552 1934
552 1953
553 576
553 815
553 878
553 1102
553 1230
553 1370
553 1491
553 1492
562 868
563 1371
563 1611
564 1326
565 849
565 1173
569 1185
571 577
571 579
573 1813
577 629
577 659
577 682
577 846
577 922
577 1054
577 1148
577 1404
577 1425
577 1450
578 579
578 823
579 626
579 663
579 813
579 980
579 1204
579 1243
579 1334
579 1438
579 1462
579 1556
579 1879
580 623
580 1039
580 1319
580 1363
580 1404
580 1431
580 1515
580 1586
580 1611
580 1661
580 1821
581 1818
585 1245
587 592
589 1381
592 639
592 845
592 1334
592 1343
592 1388
592 1635
592 1765
592 1890
600 982
601 1779
603 740
605 1845
609 1097
610 1326
614 1446
615 1713
616 885
623 1517
627 662
627 1489
628 632
630 1496
631 1517
631 1663
632 724
632 1004
632 1659
632 1714
632 1931
634 1725
635 1206
636 1627
637 638
637 639
638 646
638 873
638 946
638 999
638 1087
638 1132
638 1423
638 1570
639 646
639 1154
639 1163
639 1173
639 1206
639 1241
639 1331
639 1371
639 1381
639 1496
639 1531
641 1153
643 904
646 698
646 991
646 1075
646 1192
646 1663
646 1705
646 1714
646 1736
646 1779
648 1102
649 652
652 761
652 1096
652 1444
652 1782
652 1973
654 848
655 658
655 659
655 662
656 979
657 823
658 733
658 1305
658 1596
658 1611
658 1758
659 848
659 849
659 905
659 1272
659 1364
659 1372
659 1390
659 1549
659 1722
659 1787
659 1818
659 1845
659 1921
659 1934
662 889
662 946
662 1017
662 1484
662 1530
662 1714
662 1729
668 1921
669 765
670 1915
671 1417
676 1417
682 1721
682 1748
683 981
683 1102
683 1289
684 981
685 1417
689 1627
690 1153
691 1813
692 838
692 868
692 938
692 953
692 1185
692 1667
692 1714
692 1852
692 1918
692 1973
695 1608
696 1163
698 899
698 952
698 1029
698 1298
698 1394
698 1887
703 1350
704 938
706 1097
707 1966
717 903
718 1417
724 1432
724 1725
727 1405
731 1787
732 1185
732 1964
734 969
736 1405
739 740
740 1075
740 1263
740 1299
740 1714
743 1744
744 808
751 1185
752 1818
754 1763
755 1779
757 1364
763 1206
765 829
765 832
765 839
765 1390
765 1494
765 1782
765 1846
765 1953
768 1173
771 849
771 1405
771 1531
771 1993
776 1405
778 1192
785 786
785 787
785 788
785 789
786 808
786 1801
786 1915
791 1489
792 1185
792 1496
798 1496
798 1801
800 1446
802 808
804 823
805 903
805 904
806 1918
807 982
807 1611
808 875
808 1307
808 1310
808 1481
808 1679
808 1716
808 1844
808 1879
812 1700
813 1185
817 957
818 1417
818 1966
821 823
822 1813
823 997
823 1138
823 1361
823 1436
823 1454
823 1456
824 1405
838 839
838 840
838 841
838 842
838 843
839 1371
843 1721
847 982
847 1102
847 1539
848 1114
849 865
849 1073
849 1275
849 1287
849 1916
850 1289
853 1350
855 1912
858 991
859 1744
860 1303
861 864
861 868
864 1217
864 1233
864 1285
864 1384
864 1512
864 1731
865 1725
867 1331
868 1073
868 1246
868 1645
868 1870
872 1725
874 1304
878 1418
880 885
882 1272
885 895
885 1010
885 1028
885 1096
887 1364
888 1418
896 898
898 1765
899 1517
899 1748
900 953
902 1544
903 1282
903 1680
903 1947
904 1095
904 1458
904 1553
904 1705
904 1963
904 1992
905 906
905 907
905 908
905 909
905 910
905 911
905 912
905 913
909 1845
910 1331
912 1173
915 1272
915 1813
915 1971
917 1818
922 1725
925 1153
930 1272
938 1045
938 1597
938 1960
938 1968
939 1722
945 1428
945 1713
947 1185
949 953
952 1611
953 1205
953 1537
953 1548
953 1557
953 1587
953 1741
953 1828
953 1833
956 957
957 1257
957 1481
957 1611
957 1981
961 1100
969 1218
969 1225
969 1347
969 1625
969 1714
969 1743
973 1034
977 979
977 981
978 1763
979 1109
979 1135
979 1218
979 1685
979 1936
979 1937
980 1784
981 1198
981 1283
981 1330
981 1435
982 983
982 984
982 985
982 986
982 987
985 1496
985 1784
986 1163
986 1167
988 991
989 1350
990 1331
990 1667
991 1003
991 1008
991 1274
991 1559
991 1708
991 1905
991 1922
992 1303
992 1725
996 1763
996 1818
1006 1446
1011 1381
1013 1418
1014 1350
1015 1446
1018 1611
1023 1417
1031 1627
1032 1845
1032 1915
1034 1058
1034 1363
1034 1366
1034 1499
1034 1703
1036 1784
1040 1272
1041 1163
1049 1350
1051 1418
1055 1405
1057 1192
1058 1779
1059 1163
1065 1921
1066 1667
1068 1381
1068 1489
1073 1381
1076 1787
1081 1364
1082 1418
1082 1813
1084 1539
1085 1145
1087 1722
1088 1381
1091 1489
1094 1667
1095 1097
1097 1399
1097 1435
1097 1624
1097 1714
1100 1101
1100 1102
1100 1103
1102 1186
1102 1303
1102 1304
1102 1307
1102 1415
1102 1417
1102 1439
1102 1548
1102 1627
1102 1978
1106 1371
1108 1966
1116 1608
1125 1918
1136 1331
1145 1437
1145 1789
1145 1935
1146 1326
1150 1326
1151 1153
1153 1304
1153 1305
1153 1306
1153 1307
1163 1201
1163 1506
1163 1799
1163 1805
1163 1974
1165 1748
1167 1565
1167 1738
1167 1901
1167 1998
1168 1722
1173 1198
1173 1408
1173 1899
1175 1432
1178 1544
1180 1517
1184 1185
1185 1265
1185 1336
1185 1609
1187 1304
1188 1667
1190 1192
1192 1288
1192 1493
1192 1636
1192 1792
1192 1832
1193 1245
1196 1721
1197 1915
1198 1663
1200 1801
1201 1721
1201 1722
1202 1531
1204 1640
1206 1664
1206 1972
1210 1763
1212 1417
1214 1446
1217 1405
1218 1801
1222 1663
1227 1627
1229 1303
1230 1763
1235 1964
1242 1245
1243 1608
1244 1964
1245 1304
1245 1639
1247 1784
1262 1763
1266 1544
1272 1384
1272 1478
1272 1587
1272 1781
1272 1808
1289 1290
1289 1291
1289 1292
1292 1744
1294 1640
1294 1667
1299 1627
1303 1651
1304 1337
1304 1423
1304 1446
1304 1573
1304 1611
1304 1640
1304 1728
1304 1813
1304 1912
1313 1700
1325 1326
1326 1535
1326 1675
1326 1714
1326 1797
1327 1966
1330 1611
1330 1744
1331 1509
1331 1679
1331 1741
1331 1940
1332 1381
1332 1918
1337 1539
1340 1531
1341 1813
1347 1350
1350 1646
1350 1755
1350 1992
1352 1381
1353 1489
1355 1818
1360 1364
1364 1501
1364 1782
1364 1807
1366 1608
1368 1713
1371 1376
1371 1443
1381 1803
1382 1640
1383 1722
1392 1721
1402 1405
1405 1459
1405 1611
1405 1738
1417 1564
1418 1516
1421 1918
1428 1714
1432 1433
1432 1434
1436 1627
1440 1918
1449 1721
1450 1496
1450 1966
1461 1993
1464 1921
1468 1496
1478 1539
1489 1522
1501 1721
1504 1813
1512 1801
1514 1918
1517 1611
1531 1719
1531 1828
1531 1829
1535 1608
1536 1640
1536 1779
1537 1918
1537 1964
1538 1539
1539 1860
1544 1714
1544 1775
1544 1942
1547 1640
1608 1609
1608 1610
1608 1611
1611 1784
1611 1820
1611 1887
1611 1971
1613 1700
1613 1725
1620 1813
1626 1971
1627 1635
1627 1708
1628 1721
1640 1758
1640 1804
1663 1726
1663 1922
1667 1675
1667 1702
1678 1801
1681 1966
1698 1700
1700 1911
1700 1938
1700 1953
1701 1722
1701 1744
1713 1753
1714 1930
1714 1964
1721 1872
1722 1752
1722 1753
1722 1754
1725 1726
1725 1727
1732 1852
1748 1847
1750 1801
1759 1813
1759 1912
1770 1915
1779 1870
1784 1843
1785 1787
1787 1793
1787 1935
1787 1956
1789 1818
1789 1845
1789 1852
1801 1865
1801 1930
1801 1953
1803 1966
1810 1813
1810 1964
1812 1921
1813 1951
1818 1820
1818 1854
1844 1845
1847 1852
1852 1975
1864 1918
1879 1993
1883 1912
1891 1912
1896 1912
1922 1993
1947 1971
1966 1967
1971 1972
1984 1993
