0 1
1 759
1 1247
1 1256
5 517
5 1246
7 517
9 1995
11 91
11 395
11 1885
13 1153
17 550
18 81
18 204
18 450
18 1350
20 1462
21 1145
21 1204
23 1704
24 1748
25 901
31 874
35 113
38 1145
42 517
43 480
45 1496
49 508
49 1728
49 1732
51 874
54 520
56 874
57 480
60 61
60 62
61 75
61 646
61 1053
61 1099
61 1181
61 1356
61 1383
61 1398
61 1476
62 80
62 104
62 399
62 532
62 604
62 666
62 832
62 991
62 997
62 1144
62 1145
62 1146
62 1147
62 1148
62 1149
62 1150
65 234
65 1995
71 971
73 858
73 1145
74 1050
75 1616
75 1728
76 113
77 698
77 699
78 80
78 81
79 370
80 131
80 339
80 412
80 432
80 605
80 706
80 811
80 922
80 1002
80 1074
80 1461
80 1724
80 1855
81 227
81 980
81 1059
81 1074
81 1531
81 1893
84 794
84 1337
84 1573
84 1705
85 1903
86 91
88 1210
89 1221
90 1432
90 1462
91 367
91 487
91 493
91 1518
91 1568
91 1675
91 1797
94 646
94 1642
96 991
96 1496
97 1245
97 1705
100 794
101 102
101 103
101 104
101 105
104 194
104 234
104 552
104 560
104 667
104 699
104 729
104 789
104 868
104 1062
104 1082
104 1221
104 1616
104 1670
104 1850
104 1903
106 113
107 666
108 1705
112 1178
113 902
113 991
113 1576
113 1641
113 1660
113 1759
113 1863
113 1881
114 1075
114 1871
118 277
119 1178
119 1326
121 1760
123 1573
127 1204
129 1173
129 1243
132 698
133 646
133 918
135 136
135 137
135 138
135 139
135 140
135 141
135 142
135 143
135 144
135 145
135 146
137 674
139 1871
141 1447
145 165
145 288
145 437
145 502
145 520
145 639
145 771
145 981
145 1167
145 1353
145 1539
145 1559
145 1721
145 1748
145 1829
145 1915
146 420
147 154
150 410
154 774
154 1033
154 1136
154 1247
154 1561
154 1622
154 1679
154 1873
155 165
156 520
156 991
156 1192
158 346
162 389
164 1915
165 481
165 1126
165 1399
165 1413
165 1428
165 1866
165 1918
168 420
170 1871
170 1903
171 1075
172 1704
173 789
174 666
179 1716
180 646
180 1748
181 421
182 864
183 1145
183 1246
188 1050
190 370
190 867
193 1573
193 1746
194 1813
196 1034
196 1153
196 1812
196 1829
197 198
197 204
198 217
198 551
198 614
198 738
198 938
198 1026
198 1128
198 1620
200 296
201 266
203 230
204 639
204 793
204 798
204 835
204 916
204 1222
204 1301
204 1675
204 1980
205 1795
207 248
207 1149
211 395
211 1848
212 1496
212 1825
216 1642
217 1304
219 901
222 1760
223 277
225 1556
227 1700
230 341
230 579
230 772
230 842
230 1110
230 1161
230 1476
230 1513
230 1558
230 1559
231 234
232 1292
234 345
234 447
234 604
234 822
234 1607
235 667
235 1153
236 1034
241 1246
241 1705
246 248
247 263
248 482
248 963
248 986
248 1102
248 1247
248 1373
248 1566
248 1567
248 1797
248 1937
248 1963
249 508
249 1642
250 602
252 1243
252 1447
254 729
257 1075
259 1829
261 1187
263 639
263 642
263 822
263 1181
263 1211
263 1306
263 1367
263 1427
263 1839
264 508
264 1511
265 266
266 757
266 854
266 912
266 1419
266 1447
266 1513
266 1672
266 1715
266 1771
267 1432
268 1993
270 1187
272 420
274 277
274 279
277 311
277 372
277 707
277 713
277 742
277 834
277 1067
277 1276
278 520
279 355
279 372
279 576
279 845
279 1035
279 1087
279 1367
279 1911
282 864
283 1210
284 517
285 874
285 1221
286 1447
286 1732
286 1746
287 296
288 346
289 699
290 346
290 551
290 1689
296 508
296 1030
296 1384
296 1415
296 1455
296 1485
296 1868
301 1432
303 1145
310 1381
312 1993
313 874
316 997
316 1704
319 1050
321 1210
321 1304
322 1700
325 1728
327 1446
333 1381
334 644
334 1642
335 644
335 646
336 480
336 864
337 346
338 592
338 1050
338 1381
339 1221
341 667
345 1221
346 558
346 579
346 837
346 1003
346 1027
346 1037
346 1048
346 1378
346 1688
346 1797
346 1812
349 1616
357 1163
357 1247
357 1728
358 1062
359 637
359 698
359 1732
360 1556
362 1721
364 563
364 602
369 1378
370 371
370 372
370 373
370 374
370 375
370 376
370 377
370 378
370 379
372 387
372 436
372 508
372 579
372 639
372 864
372 898
372 918
372 979
372 1034
372 1289
372 1418
372 1700
372 1744
372 1801
374 858
375 1963
377 1418
378 1145
380 389
381 1159
383 898
383 1663
383 1732
385 1349
387 1247
389 549
389 551
389 770
389 953
389 1008
389 1293
389 1301
389 1686
389 1759
389 1868
389 1931
389 1988
392 395
393 644
395 508
395 536
395 689
395 716
395 751
395 871
395 1084
395 1529
395 1675
397 1700
400 1860
400 1915
403 436
403 1432
405 1963
406 1746
408 1349
409 410
409 420
409 421
410 505
410 506
410 507
410 508
410 509
410 510
410 511
410 512
410 513
410 514
410 515
410 516
417 1178
418 898
418 1746
419 667
420 488
420 878
420 1099
420 1271
420 1304
420 1371
420 1380
420 1568
420 1820
420 1938
421 425
421 694
421 716
421 763
421 980
421 1167
421 1578
421 1718
421 1916
421 1917
423 644
423 1432
423 1496
428 1350
428 1378
429 885
429 1337
432 626
432 1163
435 1689
436 437
436 438
436 439
436 440
436 441
436 442
436 443
436 444
436 445
436 446
438 1243
441 626
441 1995
442 980
442 1963
445 1497
446 1623
447 450
450 524
450 833
450 980
450 1487
450 1723
450 1771
450 1778
451 1885
456 1153
459 1801
460 1187
466 663
471 794
471 1915
475 1728
476 729
477 479
477 480
479 508
479 1008
479 1510
480 551
480 652
480 933
480 1592
480 1697
481 1993
487 1663
490 592
490 1825
493 997
494 1243
497 1511
497 1616
497 1716
498 1378
498 1995
501 698
502 984
502 991
502 1178
504 1173
508 850
508 885
508 1008
508 1304
508 1350
508 1432
508 1746
508 1763
508 1993
509 1221
512 977
513 602
517 646
517 695
517 954
517 1056
517 1156
517 1341
517 1514
517 1879
520 521
520 522
520 523
520 524
520 525
520 526
520 527
523 1326
530 1418
531 637
535 1700
537 666
539 1159
544 1912
546 1721
547 644
549 1326
549 1556
550 551
550 552
550 553
550 554
550 555
550 556
550 557
550 558
550 559
550 560
551 563
551 644
551 867
551 980
551 984
551 1157
551 1159
551 1210
551 1266
551 1292
551 1716
551 1723
551 1860
552 1050
552 1812
553 1492
555 1447
560 663
561 563
562 1860
563 1203
563 1339
563 1371
563 1611
563 1651
563 1670
563 1754
564 1326
565 1173
565 1825
571 578
571 579
572 666
572 858
573 1813
578 579
578 696
578 759
578 823
578 1170
578 1354
578 1420
578 1495
578 1712
579 626
579 663
579 813
579 980
579 1204
579 1243
579 1334
579 1438
579 1462
579 1556
579 1879
585 1245
585 1746
587 592
589 1381
592 639
592 845
592 1334
592 1343
592 1388
592 1635
592 1765
592 1890
594 1378
597 602
601 1779
602 700
602 842
602 980
602 1144
602 1208
602 1668
605 1963
608 1497
610 699
610 1246
610 1326
612 1829
613 1204
613 1705
614 1446
616 699
616 885
616 1337
616 1492
618 789
618 1812
625 626
626 743
626 744
626 745
630 1496
630 1795
631 1663
633 789
634 1492
635 1206
637 638
637 639
637 640
637 641
637 642
638 646
638 1423
639 646
639 1154
639 1163
639 1173
639 1206
639 1241
639 1331
639 1371
639 1381
639 1496
639 1531
641 1153
643 901
643 1210
644 654
644 726
644 1036
644 1215
644 1216
646 698
646 991
646 1075
646 1192
646 1663
646 1705
646 1714
646 1736
646 1779
648 1963
653 874
653 1642
655 663
656 1623
660 1642
663 681
663 757
663 788
663 990
663 1099
663 1131
663 1147
663 1597
663 1703
664 1825
665 666
665 667
666 793
666 1128
666 1395
666 1396
666 1397
666 1398
667 869
667 1043
667 1112
667 1896
667 1990
668 1688
670 1915
673 674
674 778
674 963
674 1078
674 1179
674 1247
674 1290
674 1499
674 1631
674 1739
674 1942
682 1721
682 1748
686 1292
687 984
687 1075
687 1204
690 1153
691 1812
691 1813
696 1163
698 899
698 952
698 1029
698 1298
698 1394
698 1887
699 705
699 983
699 1107
699 1949
700 1050
703 1350
705 1149
712 794
712 1642
713 1210
715 794
717 1716
720 1573
722 1062
722 1623
723 729
724 1432
727 1210
729 1665
729 1769
729 1941
730 867
737 874
740 1075
742 1903
743 1689
744 1848
747 858
755 1779
757 794
760 1337
762 1075
763 1206
763 1210
768 918
768 1173
768 1178
770 1616
771 1746
771 1993
777 1903
778 1192
779 1050
779 1349
779 1829
781 1187
782 1462
784 1159
785 789
786 1801
786 1915
789 1434
789 1880
790 794
792 1496
793 1246
794 975
794 980
794 1305
794 1515
794 1596
794 1819
798 1496
798 1801
799 1204
800 1446
808 1716
812 1700
812 1848
813 874
817 1378
817 1423
820 1423
822 1813
823 997
833 1812
833 1995
843 1721
845 918
850 1447
850 1871
852 858
853 1062
853 1350
854 971
855 1912
856 1243
857 1746
858 991
858 1442
858 1610
858 1709
858 1766
858 1854
858 1905
861 864
861 867
862 1616
864 1217
864 1233
864 1285
864 1384
864 1512
864 1731
867 892
867 978
867 1115
867 1136
867 1331
867 1437
868 1246
874 1304
874 1362
878 1418
880 885
882 1995
885 895
885 1010
885 1028
885 1096
888 1418
889 1760
889 1860
896 898
896 901
898 1765
899 1748
901 1339
901 1401
901 1736
901 1797
901 1836
904 1705
904 1963
912 1173
914 918
915 1813
917 1292
918 1358
918 1479
918 1923
922 1556
924 1497
925 1153
929 1221
937 1728
942 1511
951 1760
964 997
966 1050
971 999
971 1020
971 1030
971 1087
971 1224
971 1574
971 1797
971 1833
971 1886
971 1939
971 1965
973 1034
977 978
977 979
977 980
977 981
980 1050
980 1178
980 1246
980 1349
980 1623
980 1704
980 1784
980 1932
982 984
984 1448
984 1480
984 1644
984 1690
984 1838
985 1496
986 1075
986 1163
988 991
989 1350
991 1003
991 1008
991 1274
991 1559
991 1708
991 1905
991 1922
997 1026
997 1411
997 1508
997 1690
997 1772
997 1822
998 1204
1004 1885
1005 1812
1006 1446
1007 1760
1009 1337
1010 1732
1011 1381
1013 1418
1014 1350
1015 1446
1019 1825
1028 1378
1032 1915
1034 1058
1034 1363
1034 1366
1034 1499
1034 1703
1037 1760
1041 1163
1049 1247
1049 1350
1050 1197
1050 1237
1050 1546
1050 1621
1051 1418
1052 1623
1055 1204
1057 1192
1058 1779
1059 1163
1062 1334
1062 1906
1065 1246
1067 1337
1067 1349
1068 1381
1070 1075
1073 1381
1075 1106
1075 1196
1075 1731
1075 1834
1082 1418
1082 1813
1085 1145
1088 1381
1088 1423
1096 1349
1102 1304
1104 1157
1106 1760
1107 1221
1114 1423
1115 1825
1121 1497
1132 1885
1141 1746
1143 1642
1143 1795
1145 1437
1145 1789
1145 1935
1146 1326
1148 1462
1149 1174
1149 1219
1149 1939
1150 1326
1151 1153
1153 1304
1153 1305
1153 1306
1153 1307
1154 1157
1154 1159
1155 1349
1155 1885
1157 1208
1157 1220
1157 1458
1157 1691
1157 1935
1159 1199
1159 1211
1159 1370
1159 1463
1159 1857
1163 1201
1163 1506
1163 1799
1163 1805
1163 1974
1165 1748
1169 1871
1172 1705
1173 1198
1173 1408
1173 1899
1175 1432
1178 1241
1178 1544
1178 1770
1178 1771
1184 1187
1187 1298
1187 1300
1187 1301
1187 1304
1187 1435
1187 1436
1187 1437
1187 1438
1190 1192
1191 1292
1192 1288
1192 1493
1192 1636
1192 1792
1192 1832
1193 1245
1196 1721
1197 1915
1198 1663
1200 1801
1200 1860
1201 1721
1204 1260
1204 1637
1204 1640
1204 1715
1206 1664
1206 1972
1210 1339
1210 1436
1210 1594
1210 1763
1210 1933
1213 1497
1214 1446
1214 1447
1218 1801
1221 1576
1222 1663
1240 1243
1241 1716
1242 1245
1242 1246
1242 1247
1243 1586
1243 1608
1243 1635
1243 1733
1245 1304
1245 1639
1246 1397
1246 1407
1246 1433
1247 1269
1247 1508
1247 1703
1247 1732
1247 1784
1266 1349
1281 1705
1284 1995
1286 1349
1289 1292
1292 1559
1292 1744
1292 1909
1304 1337
1304 1423
1304 1446
1304 1573
1304 1611
1304 1640
1304 1728
1304 1813
1304 1912
1307 1573
1310 1995
1312 1704
1313 1700
1319 1728
1319 1885
1325 1326
1325 1812
1326 1535
1326 1675
1326 1714
1326 1797
1332 1381
1333 1337
1336 1337
1337 1539
1337 1648
1337 1649
1340 1903
1341 1813
1347 1349
1347 1350
1349 1509
1349 1554
1349 1691
1350 1646
1350 1755
1350 1992
1351 1746
1352 1381
1353 1704
1378 1561
1378 1612
1379 1795
1381 1803
1392 1721
1395 1903
1396 1860
1408 1728
1418 1516
1423 1516
1423 1546
1423 1819
1423 1820
1432 1433
1432 1434
1433 1728
1447 1492
1447 1536
1447 1570
1447 1689
1447 1760
1447 1797
1447 1929
1447 1932
1449 1721
1450 1496
1451 1760
1461 1871
1461 1993
1462 1679
1462 1680
1462 1765
1463 1623
1466 1511
1468 1496
1469 1903
1470 1732
1470 1963
1475 1732
1475 1760
1481 1716
1482 1573
1484 1573
1492 1710
1492 1911
1497 1791
1497 1797
1497 1977
1501 1721
1502 1689
1503 1511
1504 1813
1510 1511
1511 1797
1511 1799
1512 1801
1513 1642
1513 1760
1516 1829
1531 1829
1535 1860
1536 1779
1539 1860
1550 1871
1556 1557
1566 1829
1569 1573
1573 1851
1581 1746
1596 1963
1597 1616
1603 1871
1613 1700
1616 1621
1616 1648
1616 1951
1620 1813
1628 1721
1631 1812
1638 1689
1639 1688
1639 1689
1641 1642
1642 1776
1642 1797
1642 1981
1663 1726
1663 1922
1678 1801
1688 1811
1688 1840
1689 1708
1689 1914
1696 1848
1698 1700
1700 1911
1700 1938
1700 1953
1701 1746
1702 1825
1704 1861
1704 1882
1705 1962
1709 1829
1716 1776
1716 1879
1716 1892
1721 1872
1728 1743
1731 1732
1732 1777
1732 1852
1746 1875
1748 1847
1750 1801
1759 1813
1759 1912
1764 1812
1767 1795
1770 1915
1779 1870
1795 1796
1795 1797
1797 1825
1797 1848
1797 1871
1797 1885
1797 1995
1801 1865
1801 1930
1801 1953
1810 1813
1812 1875
1812 1921
1812 1939
1813 1951
1821 1903
1825 1865
1829 1842
1829 1959
1835 1848
1848 1849
1860 1861
1871 1873
1879 1993
1883 1912
1891 1912
1896 1912
1903 1908
1922 1993
1984 1993
