0 10
5 1246
7 780
9 617
9 1995
10 48
10 226
10 304
10 334
10 939
10 1007
10 1008
10 1009
10 1010
10 1011
10 1012
10 1013
10 1014
10 1015
11 352
11 1885
17 367
18 81
18 204
18 450
18 1350
21 1204
23 1704
25 901
27 28
28 74
28 115
28 353
28 453
28 654
28 1154
28 1362
28 1602
28 1830
32 387
34 1798
37 368
41 1784
45 1551
49 508
49 1126
50 1336
51 979
53 1161
58 1030
58 1566
62 991
65 171
65 1995
66 1658
68 1526
69 171
69 350
69 367
69 368
70 716
71 1183
74 1050
75 1616
76 1031
78 81
79 1279
81 227
81 980
81 1059
81 1074
81 1531
81 1893
84 794
91 367
91 1797
92 352
94 1642
94 1706
96 774
96 991
100 794
103 155
104 1616
108 1138
111 384
111 617
112 780
112 1178
113 991
114 1871
118 277
119 1178
119 1326
120 378
123 1658
125 792
126 780
127 1204
132 1089
132 1969
133 918
134 981
135 142
139 979
139 1871
141 1447
142 618
142 1021
142 1151
142 1296
142 1301
142 1302
142 1303
144 1566
144 1757
145 981
148 350
150 410
150 1841
154 774
154 1033
154 1622
155 156
155 157
155 158
155 159
155 160
155 161
155 162
155 163
155 164
155 165
155 166
155 167
155 168
156 991
158 340
158 341
158 342
158 343
158 344
158 345
158 346
158 347
158 348
158 349
158 350
158 351
158 352
158 353
158 354
159 848
162 389
165 1126
168 349
169 171
170 1658
170 1871
171 257
171 393
171 655
171 1008
171 1075
171 1213
171 1256
171 1283
171 1517
171 1547
171 1742
171 1953
172 1704
174 1784
176 792
180 1526
180 1967
181 1566
182 864
183 1030
183 1246
188 217
188 1050
189 209
191 1161
192 350
193 1746
196 1034
196 1411
197 204
197 207
198 217
200 390
202 1465
204 639
204 793
204 798
204 835
204 916
204 1222
204 1301
204 1675
204 1980
205 1795
207 248
207 339
207 719
207 831
207 911
207 1149
207 1302
207 1393
207 1397
207 1480
207 1577
207 1591
207 1751
208 209
208 217
209 679
209 680
209 681
209 682
209 683
209 684
209 685
209 686
209 687
211 1848
212 1825
214 1403
216 1642
217 324
217 349
217 785
217 796
217 1150
217 1300
217 1304
217 1834
218 617
219 901
223 277
223 343
224 1706
225 1556
227 1700
228 654
228 1798
229 1967
230 341
230 579
230 1161
231 232
232 457
232 460
232 1177
232 1292
232 1479
233 1798
234 345
236 1034
237 243
240 1138
241 1246
243 349
243 642
243 671
243 740
243 1044
243 1101
243 1340
243 1506
244 354
245 1969
247 262
248 1566
248 1797
249 508
249 1642
250 602
252 1447
255 981
259 1706
260 1841
262 349
262 470
262 736
262 1093
262 1116
262 1455
262 1456
262 1729
262 1953
264 508
264 1273
266 1447
267 1798
268 1612
268 1993
272 1030
273 1029
274 277
274 279
275 1032
277 311
277 372
277 707
277 713
277 742
277 834
277 1067
277 1276
278 435
279 355
279 372
279 576
279 845
279 1035
279 1087
279 1367
279 1911
280 1273
282 864
286 1447
286 1706
286 1746
287 290
288 346
290 327
290 346
290 551
290 968
290 1282
290 1665
290 1676
290 1689
292 342
294 1551
295 1403
296 508
296 1030
302 344
303 1566
304 808
309 1566
310 345
312 1993
313 848
313 1403
316 1635
316 1704
318 1583
319 1050
321 1089
322 1700
323 345
325 1138
326 469
328 1658
329 348
334 644
334 1642
335 644
336 864
336 1279
336 1838
337 346
337 350
338 1050
340 697
340 751
340 952
340 969
340 1125
340 1345
340 1379
340 1401
340 1729
341 394
341 667
341 728
341 732
341 820
341 972
341 1267
341 1775
342 553
342 770
342 1494
342 1619
342 1711
342 1712
343 439
343 464
343 1155
343 1431
343 1538
343 1962
344 424
344 521
344 734
344 937
344 1410
344 1457
344 1469
344 1793
344 1865
345 347
345 474
345 654
345 1059
345 1096
345 1138
345 1219
345 1220
345 1221
345 1222
346 558
346 579
346 837
346 1003
346 1027
346 1037
346 1048
346 1378
346 1688
346 1797
346 1812
348 439
348 989
348 1042
348 1480
348 1615
348 1914
348 1978
349 384
349 617
349 780
349 808
349 1216
349 1228
349 1279
349 1336
349 1411
349 1615
349 1616
349 1967
350 466
350 1272
350 1606
351 689
351 1202
351 1971
352 381
352 412
352 451
352 1154
352 1241
352 1472
352 1507
352 1767
354 461
354 471
354 591
354 813
354 890
354 1564
354 1934
360 1556
364 602
367 408
367 684
367 954
367 1128
367 1377
367 1435
367 1436
367 1591
368 604
368 965
368 1297
368 1302
368 1740
368 1804
368 1805
370 372
370 378
372 387
372 436
372 508
372 579
372 639
372 864
372 898
372 918
372 979
372 1034
372 1289
372 1418
372 1700
372 1744
372 1801
377 1418
378 456
378 575
378 616
378 878
378 1041
378 1145
378 1302
378 1624
378 1632
378 1758
378 1853
378 1980
379 1273
380 384
380 387
380 389
380 390
381 1763
383 898
383 1663
383 1838
384 398
384 628
384 638
384 773
384 835
384 1076
384 1081
384 1082
384 1251
384 1710
384 1961
385 1349
386 1465
387 693
387 850
387 1079
387 1247
387 1488
387 1749
388 538
389 549
389 551
389 770
389 953
389 1008
389 1293
389 1301
389 1686
389 1759
389 1868
389 1931
389 1988
390 415
390 457
390 684
390 959
390 1167
390 1852
393 644
395 508
395 716
397 1700
399 1583
403 436
406 1746
408 1349
409 410
410 505
410 506
410 507
410 508
410 509
410 510
410 511
410 512
410 513
410 514
410 515
410 516
417 1178
418 898
418 1031
418 1746
421 716
421 980
422 435
423 644
424 649
424 1658
428 1089
428 1350
429 885
429 1138
430 716
432 626
434 1434
434 1798
435 559
435 684
435 949
435 1439
435 1643
435 1689
435 1718
435 1736
436 437
436 438
436 439
436 440
436 441
436 442
436 443
436 444
436 445
436 446
441 626
441 1995
442 980
444 780
444 1031
445 1497
446 1623
447 450
450 524
450 833
450 980
450 1487
450 1723
450 1771
450 1778
451 1885
452 979
459 1801
461 716
463 1279
464 1523
466 1967
467 469
469 689
469 763
469 880
469 1302
469 1475
469 1515
469 1588
471 794
472 1636
474 1029
475 1523
476 792
478 1228
478 1967
479 508
479 1008
481 1993
485 1138
487 1663
488 1960
489 1583
490 1825
491 1126
497 1523
497 1616
498 1995
502 991
502 1178
504 979
505 780
505 1031
506 1465
508 850
508 885
508 1008
508 1304
508 1350
508 1432
508 1746
508 1763
508 1993
510 1336
513 602
523 1326
528 538
530 1418
535 1700
538 683
538 712
538 1008
538 1080
538 1102
538 1557
538 1648
541 848
543 1635
543 1763
544 1782
545 654
545 1636
545 1808
547 644
549 1326
549 1556
549 1658
551 644
551 980
551 1292
552 1050
555 1447
555 1658
559 654
562 1465
564 1326
565 617
565 1825
566 1031
567 1967
571 578
571 579
572 1523
578 579
578 696
578 759
578 823
578 1170
578 1354
578 1420
578 1495
578 1712
579 626
579 663
579 813
579 980
579 1204
579 1243
579 1334
579 1438
579 1462
579 1556
579 1879
581 1782
583 1403
584 1228
584 1808
585 1031
585 1746
592 1635
594 1228
597 602
600 1183
601 1635
602 700
602 842
602 980
602 1144
602 1208
602 1668
604 1706
606 1828
608 1497
610 1246
610 1326
613 1204
616 885
616 1612
617 1425
617 1480
618 1465
622 1273
625 626
626 743
626 744
626 745
630 1795
631 1663
635 1967
636 1033
641 1808
643 901
644 654
644 726
644 1036
644 1215
644 1216
646 991
646 1663
649 650
649 651
649 652
649 653
649 654
650 1960
652 1782
653 1061
653 1642
654 684
654 774
654 848
654 1029
654 1030
654 1031
654 1032
654 1033
656 979
656 1622
656 1623
657 1161
659 848
660 1642
664 1825
668 1138
676 1403
681 1089
683 981
684 716
684 981
684 1583
684 1636
684 1658
684 1757
684 1798
684 1808
684 1969
686 691
686 730
686 1059
686 1093
686 1101
686 1292
686 1719
686 1743
686 1846
687 1204
694 1551
695 1138
698 1029
700 1050
703 1350
710 1183
712 794
712 1642
715 794
716 717
716 718
719 758
721 1279
722 1623
733 1952
736 1523
742 1523
743 1336
744 808
744 1848
752 1228
754 1763
756 758
757 794
758 791
758 978
758 1043
758 1222
758 1486
758 1734
758 1821
760 1279
765 1782
768 918
768 1178
770 1616
771 1746
771 1993
773 774
774 1064
774 1425
774 1767
774 1816
779 1050
779 1349
780 990
780 1130
780 1141
780 1154
780 1174
780 1198
780 1743
780 1980
784 1403
786 808
786 1801
789 1434
790 792
790 794
792 840
792 862
792 1089
792 1119
792 1185
792 1273
792 1302
792 1478
792 1496
792 1650
793 1246
794 975
794 980
794 1305
794 1515
794 1596
794 1819
798 1801
799 1204
802 808
807 1183
808 875
808 1307
808 1310
808 1481
808 1679
808 1716
808 1844
808 1879
809 1782
811 1228
812 1008
812 1700
812 1848
814 1089
816 1622
818 1566
818 1612
823 1138
833 1995
837 1411
839 1032
841 1029
845 918
846 1583
846 1798
847 1089
848 1114
850 1447
850 1871
853 1350
855 1411
857 1746
858 991
860 1273
861 864
862 1616
864 1217
864 1233
864 1285
864 1384
864 1512
864 1731
868 1246
870 1228
871 1089
878 1418
880 885
882 1995
885 895
885 1010
885 1028
885 1096
886 1068
887 1838
888 1418
889 1465
891 1841
895 1566
896 898
896 901
898 1765
901 1339
901 1401
901 1736
901 1797
901 1836
911 1033
911 1403
911 1612
914 918
917 1292
918 1358
918 1479
918 1923
921 1403
922 1279
922 1556
924 1497
925 1566
938 1960
942 1635
951 1551
953 1828
961 1138
961 1526
962 1622
966 1050
971 1030
971 1797
972 1089
973 1034
974 1782
977 979
977 980
977 981
978 1658
978 1763
979 1109
979 1135
979 1218
979 1685
979 1936
979 1937
980 1050
980 1178
980 1246
980 1349
980 1623
980 1704
980 1784
980 1932
981 1198
981 1283
981 1330
981 1435
983 1828
984 1838
985 1784
988 991
989 1350
990 1032
991 1003
991 1008
991 1274
991 1559
991 1708
991 1905
991 1922
993 1273
993 1466
996 1763
997 1411
998 1204
1003 1411
1004 1885
1008 1126
1008 1161
1008 1282
1008 1403
1008 1456
1008 1551
1008 1706
1008 1749
1008 1782
1008 1828
1008 1960
1013 1418
1014 1279
1014 1350
1014 1465
1014 1466
1019 1825
1029 1437
1029 1866
1030 1738
1030 1946
1031 1035
1031 1148
1031 1338
1031 1627
1031 1709
1032 1155
1032 1231
1032 1327
1032 1845
1032 1915
1033 1056
1034 1058
1034 1363
1034 1366
1034 1499
1034 1703
1036 1784
1049 1350
1050 1197
1050 1237
1050 1546
1050 1621
1051 1418
1052 1623
1055 1204
1056 1061
1061 1222
1061 1231
1061 1562
1061 1844
1061 1946
1064 1969
1065 1246
1066 1434
1066 1526
1067 1349
1068 1222
1068 1381
1068 1489
1080 1967
1082 1418
1085 1228
1085 1658
1087 1183
1089 1090
1089 1091
1092 1635
1092 1636
1096 1349
1103 1838
1109 1336
1115 1825
1116 1808
1117 1126
1120 1526
1121 1497
1122 1336
1122 1583
1124 1126
1126 1205
1126 1235
1132 1302
1132 1841
1132 1885
1134 1138
1136 1161
1138 1959
1141 1746
1143 1642
1143 1795
1144 1434
1146 1326
1150 1326
1154 1161
1155 1349
1155 1885
1158 1403
1158 1622
1161 1548
1161 1591
1161 1870
1166 1228
1168 1273
1169 1871
1178 1241
1178 1544
1178 1770
1178 1771
1179 1183
1183 1257
1183 1265
1183 1302
1183 1581
1183 1629
1183 1703
1185 1336
1191 1292
1192 1636
1198 1663
1199 1706
1200 1801
1201 1622
1204 1260
1204 1637
1204 1640
1204 1715
1208 1466
1210 1763
1213 1497
1214 1447
1216 1658
1218 1801
1222 1302
1222 1434
1222 1465
1222 1526
1222 1566
1222 1612
1222 1635
1222 1663
1222 1838
1222 1841
1224 1635
1227 1465
1228 1229
1228 1230
1230 1763
1235 1566
1242 1246
1243 1635
1246 1397
1246 1407
1246 1433
1247 1784
1262 1763
1264 1403
1266 1349
1272 1808
1273 1320
1273 1451
1273 1473
1273 1529
1273 1810
1274 1636
1276 1279
1278 1622
1278 1960
1279 1332
1279 1463
1279 1892
1279 1897
1284 1995
1286 1349
1289 1292
1290 1566
1292 1559
1292 1744
1292 1909
1298 1706
1299 1622
1302 1466
1302 1523
1302 1530
1302 1622
1302 1789
1302 1952
1305 1526
1310 1465
1310 1995
1312 1704
1313 1700
1314 1828
1319 1885
1323 1838
1325 1326
1326 1535
1326 1675
1326 1714
1326 1797
1332 1583
1333 1336
1336 1337
1342 1403
1345 1838
1347 1349
1347 1350
1349 1509
1349 1554
1349 1691
1350 1646
1350 1755
1350 1992
1351 1746
1353 1704
1364 1782
1374 1622
1374 1841
1378 1612
1379 1795
1397 1523
1397 1526
1401 1798
1402 1403
1403 1512
1403 1791
1410 1635
1411 1467
1411 1522
1411 1559
1411 1569
1418 1516
1420 1782
1425 1960
1426 1967
1429 1526
1432 1434
1434 1692
1434 1925
1447 1492
1447 1536
1447 1570
1447 1689
1447 1760
1447 1797
1447 1929
1447 1932
1453 1465
1459 1636
1461 1871
1461 1993
1463 1623
1465 1595
1465 1712
1466 1511
1466 1565
1466 1651
1470 1635
1472 1757
1483 1551
1488 1798
1497 1791
1497 1797
1497 1977
1511 1797
1512 1801
1513 1642
1526 1835
1526 1974
1530 1566
1531 1828
1548 1551
1549 1635
1550 1871
1551 1771
1555 1782
1556 1557
1560 1967
1565 1808
1566 1829
1581 1706
1581 1746
1583 1643
1583 1692
1583 1789
1583 1835
1586 1960
1597 1616
1603 1871
1611 1784
1612 1874
1613 1622
1613 1700
1615 1798
1616 1621
1616 1648
1616 1951
1622 1776
1627 1635
1636 1819
1636 1878
1641 1642
1642 1776
1642 1797
1642 1981
1643 1967
1654 1969
1658 1686
1658 1853
1663 1726
1663 1922
1675 1967
1678 1801
1680 1841
1696 1848
1698 1700
1700 1911
1700 1938
1700 1953
1701 1746
1702 1825
1704 1861
1704 1882
1706 1707
1710 1841
1746 1875
1750 1801
1757 1965
1757 1996
1767 1795
1782 1783
1784 1843
1795 1796
1795 1797
1797 1825
1797 1848
1797 1871
1797 1885
1797 1995
1801 1865
1801 1930
1801 1953
1805 1967
1825 1865
1828 1850
1835 1848
1837 1838
1838 1895
1848 1849
1871 1873
1879 1993
1894 1960
1916 1952
1922 1993
1966 1967
1984 1993
