5 517
7 517
16 96
31 96
42 517
61 646
62 991
73 858
79 1003
92 747
93 96
94 646
96 205
96 385
96 431
96 564
96 774
96 991
96 1055
96 1496
96 1650
113 991
114 1075
133 646
144 1922
145 639
145 1559
156 991
157 1922
171 1075
180 646
204 639
221 988
229 1922
230 1559
242 1559
252 1003
257 1075
263 639
281 988
284 517
335 646
346 1003
372 639
374 858
437 747
481 1922
502 991
505 1922
517 646
517 695
517 954
517 1056
517 1156
517 1341
517 1514
517 1879
565 1708
572 858
592 639
608 1922
619 1003
630 747
635 1206
637 639
638 646
639 646
639 1154
639 1163
639 1173
639 1206
639 1241
639 1331
639 1371
639 1381
639 1496
639 1531
646 698
646 991
646 1075
646 1192
646 1663
646 1705
646 1714
646 1736
646 1779
668 1922
687 1075
740 1075
744 988
746 747
747 858
747 1441
747 1634
747 1766
747 1874
762 1075
763 1206
817 988
817 1559
852 858
858 991
858 1442
858 1610
858 1709
858 1766
858 1854
858 1905
863 1559
879 988
920 1003
986 1075
988 989
988 990
988 991
988 992
991 1003
991 1008
991 1274
991 1559
991 1708
991 1905
991 1922
1000 1003
1003 1092
1003 1411
1003 1412
1018 1559
1027 1708
1070 1075
1075 1106
1075 1196
1075 1731
1075 1834
1196 1708
1206 1664
1206 1972
1211 1708
1292 1559
1319 1922
1359 1922
1411 1559
1516 1559
1559 1869
1559 1947
1559 1948
1589 1708
1627 1708
1663 1922
1689 1708
1708 1709
1822 1922
1922 1993
