51 979
61 1099
62 1147
92 1664
107 681
139 979
158 346
166 1147
172 1703
209 681
226 1147
230 579
238 1664
274 279
277 372
279 355
279 372
279 576
279 845
279 1035
279 1087
279 1367
279 1911
288 346
290 346
316 1147
337 346
337 1664
346 558
346 579
346 837
346 1003
346 1027
346 1037
346 1048
346 1378
346 1688
346 1797
346 1812
370 372
372 387
372 436
372 508
372 579
372 639
372 864
372 898
372 918
372 979
372 1034
372 1289
372 1418
372 1700
372 1744
372 1801
420 1099
428 1147
429 681
432 626
441 626
442 1703
452 979
459 1801
466 663
504 979
560 663
569 1099
571 579
578 579
579 626
579 663
579 813
579 980
579 1204
579 1243
579 1334
579 1438
579 1462
579 1556
579 1879
625 626
626 743
626 744
626 745
655 663
656 979
663 681
663 757
663 788
663 990
663 1099
663 1131
663 1147
663 1597
663 1703
681 1018
681 1089
681 1207
681 1254
681 1458
681 1567
727 1664
754 1703
757 1664
786 1801
798 1147
798 1801
803 1158
959 1147
977 979
979 1109
979 1135
979 1218
979 1685
979 1936
979 1937
1034 1703
1076 1158
1095 1099
1099 1195
1099 1348
1099 1410
1099 1464
1099 1730
1101 1147
1147 1483
1154 1158
1158 1263
1158 1403
1158 1622
1158 1664
1158 1703
1158 1974
1183 1703
1200 1801
1206 1664
1218 1801
1247 1703
1298 1703
1323 1703
1444 1664
1512 1801
1678 1801
1750 1801
1801 1865
1801 1930
1801 1953
