0 2
2 38
2 73
2 193
2 425
2 493
2 1542
2 1570
2 1981
27 29
29 295
29 710
29 942
29 1130
29 1256
29 1505
29 1539
29 1570
29 1858
36 37
37 206
37 368
37 416
37 572
37 665
37 703
37 917
37 1171
37 1570
37 1582
51 1569
53 878
66 1525
79 1352
107 1525
117 120
120 200
120 203
120 333
120 378
120 560
120 595
120 802
120 819
120 1053
120 1058
120 1319
120 1426
120 1570
120 1684
120 1987
163 1119
164 1164
175 638
196 1164
213 638
240 744
257 1352
259 1570
271 638
293 1352
359 1119
364 1164
378 878
384 638
397 1193
420 878
455 1525
468 1569
471 1193
489 638
516 1525
526 878
545 1525
553 878
562 878
626 744
637 638
638 646
638 873
638 946
638 999
638 1087
638 1132
638 1423
638 1570
651 744
653 1569
695 1119
700 1193
744 808
744 988
744 1188
744 1293
744 1393
744 1570
744 1759
744 1848
784 878
792 1119
799 1352
829 878
843 1164
865 1570
876 878
878 1121
878 1237
878 1329
878 1418
878 1570
878 1690
878 1691
882 1193
900 1352
900 1569
930 1193
947 1164
986 1164
1010 1193
1019 1569
1027 1352
1109 1119
1118 1119
1119 1284
1119 1358
1119 1363
1119 1388
1119 1398
1119 1570
1119 1978
1122 1569
1164 1193
1164 1533
1164 1569
1164 1674
1164 1692
1164 1740
1164 1823
1172 1569
1190 1193
1193 1245
1193 1673
1209 1352
1298 1352
1310 1570
1312 1570
1352 1381
1352 1453
1352 1570
1352 1987
1397 1525
1404 1569
1411 1569
1447 1570
1449 1525
1459 1525
1460 1569
1525 1570
1525 1578
1525 1595
1525 1876
1569 1570
1569 1571
1569 1572
1569 1573
1570 1647
