7 669
62 991
96 991
113 991
135 145
145 165
145 288
145 437
145 502
145 520
145 639
145 771
145 981
145 1167
145 1353
145 1539
145 1559
145 1721
145 1748
145 1829
145 1915
155 157
156 991
157 282
157 322
157 502
157 1847
157 1922
157 1945
169 177
177 192
177 426
177 502
177 647
177 671
177 844
177 1109
177 1262
177 1416
177 1537
177 1695
177 1793
177 1931
189 771
204 639
263 639
276 1528
287 288
288 301
288 346
288 458
288 572
288 645
288 945
288 1101
288 1367
288 1486
288 1698
288 1750
338 592
356 771
372 639
407 771
437 1950
462 669
462 771
473 771
490 592
496 502
502 543
502 600
502 619
502 984
502 991
502 1046
502 1094
502 1178
502 1528
502 1745
502 1769
502 1950
502 1951
505 1950
551 984
587 592
592 639
592 845
592 1334
592 1343
592 1388
592 1635
592 1765
592 1890
637 639
639 646
639 1154
639 1163
639 1173
639 1206
639 1241
639 1331
639 1371
639 1381
639 1496
639 1531
646 991
665 669
669 765
669 766
669 767
669 768
669 769
669 770
669 771
669 772
671 1528
687 984
764 771
771 849
771 1223
771 1405
771 1419
771 1531
771 1746
771 1855
771 1993
858 991
867 1331
884 1950
910 1331
944 1950
982 984
984 1448
984 1480
984 1644
984 1690
984 1838
988 991
990 1331
991 1003
991 1008
991 1274
991 1559
991 1708
991 1905
991 1922
1007 1528
1035 1528
1078 1528
1104 1950
1136 1331
1189 1528
1239 1528
1331 1509
1331 1679
1331 1741
1331 1940
1344 1528
1438 1950
1491 1950
1528 1976
1661 1950
1671 1950
