4 697
5 1026
14 18
18 81
18 169
18 204
18 438
18 450
18 526
18 1059
18 1280
18 1350
18 1476
18 1610
55 1056
58 242
75 1456
76 1026
81 1059
100 1056
115 752
116 1056
158 345
188 697
189 1338
198 1026
213 1026
234 345
237 242
242 594
242 630
242 714
242 847
242 960
242 1009
242 1059
242 1504
242 1559
242 1588
262 1456
310 345
323 345
340 697
345 347
345 474
345 654
345 1059
345 1096
345 1138
345 1219
345 1220
345 1221
345 1222
357 1163
413 1456
432 1163
455 1879
464 752
517 1056
517 1879
521 697
570 1026
575 1456
579 1879
597 598
598 1014
598 1059
598 1775
639 1163
645 752
686 1059
693 697
696 1163
697 730
697 784
697 911
697 1059
697 1480
697 1488
697 1605
741 1059
746 752
751 752
752 893
752 1059
752 1091
752 1107
752 1228
752 1818
752 1893
752 1894
768 1056
808 1879
823 1456
847 1056
852 859
859 875
859 1059
859 1442
859 1744
859 1866
915 1026
940 1056
961 1338
976 1456
986 1163
997 1026
1008 1456
1024 1026
1026 1059
1026 1788
1026 1892
1026 1928
1026 1954
1031 1338
1033 1056
1041 1163
1056 1057
1056 1058
1056 1059
1056 1060
1056 1061
1057 1338
1059 1163
1059 1338
1059 1456
1059 1879
1098 1879
1163 1201
1163 1506
1163 1799
1163 1805
1163 1974
1177 1456
1186 1456
1191 1879
1202 1338
1235 1338
1271 1879
1298 1338
1338 1339
1338 1340
1338 1341
1367 1879
1456 1615
1456 1755
1456 1774
1481 1879
1646 1879
1716 1879
1814 1879
1879 1993
