19 453
23 1628
28 453
54 1628
72 1016
73 453
73 552
73 1489
104 552
161 447
183 1628
189 1554
197 201
201 266
201 447
201 452
201 552
201 773
201 1016
201 1021
201 1397
201 1489
201 1554
201 1555
201 1628
201 1957
223 1489
234 447
257 1554
259 773
265 266
266 757
266 854
266 912
266 1419
266 1447
266 1513
266 1672
266 1715
266 1771
268 773
270 447
274 281
281 447
281 685
281 755
281 813
281 988
281 1227
281 1318
281 1793
281 1865
300 447
303 447
323 1628
329 453
362 1124
371 1628
384 773
401 1016
424 1016
447 448
447 449
447 450
447 451
447 452
447 453
447 454
447 455
447 456
453 728
453 846
453 1128
453 1176
453 1284
483 1554
483 1555
550 552
552 628
552 972
552 1050
552 1124
552 1201
552 1335
552 1509
552 1812
552 1934
552 1953
554 1957
627 1489
676 1555
748 773
762 1016
773 774
773 775
773 776
773 777
773 778
791 1489
834 1628
925 1555
935 1957
1016 1017
1016 1018
1016 1019
1016 1020
1016 1021
1068 1489
1076 1628
1091 1489
1124 1125
1124 1126
1124 1127
1162 1555
1172 1957
1175 1554
1191 1554
1220 1554
1305 1555
1349 1554
1353 1489
1413 1628
1459 1628
1474 1957
1489 1522
1540 1957
1554 1594
1554 1937
1555 1572
1555 1668
1555 1767
1555 1782
1555 1895
1576 1628
1628 1721
1628 1724
1913 1957
1919 1957
