0 9
0 10
3 889
3 890
3 894
4 910
5 1246
7 1007
9 318
9 356
9 617
9 782
9 802
9 906
9 1125
9 1135
9 1483
9 1607
9 1804
9 1995
10 48
10 226
10 304
10 334
10 939
10 1007
10 1008
10 1009
10 1010
10 1011
10 1012
10 1013
10 1014
10 1015
11 352
11 395
13 1153
13 1611
14 16
14 17
14 19
15 1955
16 96
16 304
16 347
16 583
16 1064
16 1507
16 1759
17 367
17 550
17 630
17 1363
17 1872
18 1350
19 184
19 320
19 453
19 603
19 1428
23 1628
25 809
26 149
28 1362
34 1396
38 1051
39 46
40 465
41 670
41 1784
43 1086
44 45
44 46
44 47
44 48
44 49
44 50
44 51
44 52
44 53
44 54
44 55
44 56
44 57
44 58
44 59
45 894
45 1051
45 1521
45 1551
46 356
46 462
46 494
46 742
46 1028
46 1449
46 1499
46 1500
47 226
47 338
47 442
47 472
47 688
47 689
47 690
47 691
47 692
48 1234
49 208
49 446
49 455
49 508
49 902
49 1107
49 1110
49 1126
49 1323
49 1471
49 1581
49 1652
49 1692
49 1728
49 1732
50 1384
51 819
51 1567
52 661
52 668
52 814
52 906
52 928
52 1498
52 1979
53 97
53 98
53 336
53 655
53 665
53 871
53 878
53 938
53 1161
54 58
54 1626
54 1628
55 819
56 302
57 480
57 584
57 693
57 860
57 982
57 1130
57 1134
57 1508
57 1637
57 1928
58 174
58 242
58 397
58 409
58 896
58 1030
58 1538
58 1566
58 1598
59 458
59 529
59 1094
59 1257
59 1576
59 1603
59 1842
61 75
62 1148
63 1580
63 1794
64 522
64 1686
65 756
65 810
65 1321
66 1525
67 75
68 743
71 1330
74 1051
74 1052
75 138
75 184
75 574
75 629
75 733
75 886
75 1448
75 1456
75 1616
75 1646
75 1724
75 1728
77 698
79 111
79 1234
84 794
84 1337
84 1573
85 1580
87 1736
88 326
88 465
88 723
89 1384
90 1718
92 352
92 522
92 1664
93 94
94 432
94 512
94 646
94 1015
94 1271
94 1287
94 1390
94 1521
94 1605
94 1642
94 1706
95 190
95 1772
96 774
97 213
97 1245
99 1451
100 794
103 767
104 1062
105 1506
106 111
107 1525
107 1864
109 1040
110 250
111 247
111 384
111 604
111 617
111 618
111 619
111 620
111 621
111 622
111 623
111 624
112 254
112 1396
113 902
115 302
116 1195
116 1524
117 118
117 119
117 120
117 121
118 277
118 1713
119 1736
120 200
120 203
120 333
120 378
120 560
120 595
120 802
120 819
120 1053
120 1058
120 1319
120 1426
120 1570
120 1684
120 1987
121 635
121 1384
123 522
123 1573
124 839
125 1543
127 184
127 250
130 705
131 1608
132 698
132 914
133 304
133 1524
138 1079
138 1681
145 1167
146 1781
147 149
148 757
149 330
149 468
149 952
149 1409
150 410
150 1841
151 1581
154 774
155 160
155 162
158 340
158 352
159 807
160 163
160 276
160 293
160 967
160 1521
160 1824
162 306
162 389
162 458
162 819
162 856
162 879
162 1356
162 1413
162 1887
162 1925
162 1989
164 595
164 1164
164 1195
164 1521
165 1866
167 1073
167 1736
168 828
171 1213
171 1283
171 1517
174 1784
175 622
175 837
178 179
178 180
178 181
178 182
178 183
178 184
178 185
178 186
179 1736
180 315
181 1541
182 358
183 1246
183 1628
184 205
184 212
184 308
184 425
184 641
184 659
184 819
184 834
184 894
184 911
184 1167
184 1212
184 1213
184 1214
186 1341
187 188
187 189
187 190
187 191
187 192
187 193
187 194
187 195
187 196
188 217
188 884
190 192
190 292
190 356
190 370
190 388
190 509
190 622
190 845
190 867
190 927
190 1363
190 1591
190 1625
190 1955
191 1195
193 1506
193 1573
195 212
196 1153
196 1164
197 203
197 207
198 217
198 738
198 1620
200 212
201 1397
201 1555
201 1628
202 1261
203 221
203 222
203 223
203 224
203 225
203 226
203 227
203 228
203 229
203 230
205 745
205 1795
207 248
207 339
207 719
207 831
207 911
207 1149
207 1302
207 1393
207 1397
207 1480
207 1577
207 1591
207 1751
208 212
208 213
208 217
209 686
211 395
212 560
212 576
212 619
212 1429
212 1496
212 1588
212 1825
212 1826
212 1827
213 304
213 530
213 638
213 1026
213 1065
214 1107
215 1490
216 1120
216 1363
217 324
217 349
217 785
217 796
217 1150
217 1300
217 1304
217 1834
221 910
221 1283
223 277
223 380
224 488
228 1319
230 1513
233 884
235 1153
236 738
238 1664
239 1581
241 1246
241 1540
241 1974
243 1506
244 884
244 1517
245 250
245 902
246 249
246 250
247 264
248 1567
249 303
249 508
249 607
249 627
249 629
249 900
249 958
249 1220
249 1552
249 1560
249 1642
250 482
250 567
250 602
250 614
250 754
250 853
250 952
250 972
250 1807
251 1778
251 1781
253 254
254 388
254 548
254 729
254 840
254 880
254 897
254 1395
254 1516
254 1553
254 1924
260 1841
261 1187
264 402
264 508
264 645
264 1101
264 1232
264 1273
264 1404
264 1511
264 1720
266 757
266 1513
267 1864
267 1987
268 1993
270 1187
272 1864
274 277
276 635
276 1681
277 311
277 372
277 707
277 713
277 742
277 834
277 1067
277 1276
278 1736
279 355
282 738
284 1451
287 292
288 1698
291 1052
291 1323
292 342
292 399
292 940
292 944
292 1090
292 1324
292 1467
292 1530
292 1720
293 750
293 1007
294 1490
294 1551
295 498
295 738
295 1358
296 508
296 1384
297 302
297 304
300 1120
300 1384
301 894
301 1965
302 344
302 501
302 633
302 726
302 757
302 798
302 845
302 931
302 965
302 1097
304 670
304 808
304 828
304 903
304 1313
304 1397
304 1457
304 1470
304 1522
304 1541
304 1713
304 1974
307 308
307 315
308 332
308 366
308 953
308 1142
308 1282
308 1972
309 355
309 1007
309 1686
310 745
311 358
311 1916
312 1993
315 679
315 757
315 926
315 1256
315 1501
315 1645
315 1880
315 1966
316 622
316 952
317 321
317 326
318 1583
321 347
321 491
321 1037
321 1089
321 1210
321 1304
321 1597
321 1834
323 1628
326 423
326 469
326 652
326 785
326 1168
326 1382
326 1479
326 1654
326 1692
326 1734
326 1735
326 1759
327 1446
328 957
330 768
330 1289
331 334
333 670
333 1490
334 392
334 507
334 644
334 1414
334 1642
334 1660
334 1717
334 1806
337 834
337 1517
337 1664
340 697
340 751
340 952
340 969
340 1125
340 1345
340 1379
340 1401
340 1729
343 1431
344 424
346 837
349 808
352 381
352 412
352 451
352 1154
352 1241
352 1472
352 1507
352 1767
354 890
355 356
355 357
355 358
355 359
355 360
355 361
355 362
355 363
357 595
358 530
358 536
358 547
358 559
358 610
358 630
358 940
358 952
358 1062
358 1063
358 1064
358 1065
359 698
361 828
362 1040
363 537
364 1164
365 807
365 957
365 1707
366 1470
367 954
370 373
370 374
371 1628
372 508
372 1289
373 549
373 834
373 916
373 1065
373 1177
373 1309
373 1586
373 1639
374 514
374 858
374 1139
374 1143
374 1154
374 1546
374 1692
375 743
378 1758
380 381
380 382
380 383
380 384
380 385
380 386
380 387
380 388
380 389
380 390
380 391
381 1396
381 1763
386 790
386 890
387 1079
388 537
388 538
388 743
388 757
388 915
388 1079
388 1205
388 1259
388 1261
388 1289
388 1384
388 1397
388 1543
388 1620
388 1681
388 1686
388 1692
388 1693
389 1686
390 1167
392 395
395 508
395 536
395 689
395 716
395 751
395 871
395 1084
395 1529
395 1675
396 909
399 1583
399 1698
400 537
400 894
400 1866
400 1974
401 767
404 738
405 890
405 1736
408 1451
409 410
410 505
410 506
410 507
410 508
410 509
410 510
410 511
410 512
410 513
410 514
410 515
410 516
411 1718
412 522
412 756
415 1323
415 1580
416 1384
420 488
420 1304
421 1167
421 1718
421 1916
422 424
423 1321
423 1693
424 481
424 649
424 929
424 1016
424 1363
424 1388
424 1444
424 1450
424 1658
425 750
425 790
428 1350
429 885
429 1132
429 1337
431 767
434 1358
434 1434
435 1718
435 1736
438 1358
439 1058
441 1987
444 743
445 537
446 1483
449 1234
450 1778
451 756
454 1474
455 1525
456 1153
456 1261
456 1545
460 1187
460 1524
461 1384
464 1362
464 1523
465 982
465 1127
465 1692
465 1990
466 663
466 889
466 1864
471 670
471 794
471 1120
471 1234
473 1541
475 1523
475 1540
476 1451
477 479
479 508
479 1008
479 1510
481 1993
483 1167
483 1555
485 1362
486 488
487 1051
488 547
488 677
488 1146
488 1318
488 1479
488 1542
488 1692
488 1960
489 1051
489 1583
493 757
493 795
493 1611
495 1321
496 498
497 1523
498 748
498 1139
498 1211
498 1378
498 1483
498 1654
498 1755
498 1995
499 828
499 1321
501 698
503 1652
505 952
505 1313
507 1521
508 850
508 885
508 1008
508 1304
508 1350
508 1432
508 1746
508 1763
508 1993
509 1007
509 1608
509 1777
511 1540
511 1541
512 909
512 1866
513 705
515 1107
515 1580
515 1778
516 1525
517 954
517 1341
519 1319
520 522
522 585
522 727
522 1767
523 1431
524 889
527 723
528 537
528 538
529 1072
530 828
530 1916
531 927
532 824
533 1736
533 1778
534 1215
537 581
537 642
537 666
537 1017
537 1023
537 1131
537 1197
537 1385
538 683
538 712
538 1008
538 1080
538 1102
538 1557
538 1648
543 1763
544 1912
545 810
545 1525
556 1363
556 1541
559 1686
560 663
560 834
563 1339
563 1611
564 1215
565 809
568 809
568 810
568 819
569 1681
572 1523
575 1072
576 1132
576 1133
577 1148
579 663
580 1319
580 1363
580 1431
580 1611
584 635
585 1245
587 595
590 1527
591 1133
594 1772
595 710
595 1076
595 1146
595 1168
595 1647
595 1754
595 1928
595 1968
596 1974
599 1072
600 1698
601 1758
601 1767
601 1778
601 1781
603 828
603 1313
605 738
608 1358
609 1234
609 1513
610 1246
612 1205
612 1540
614 1446
615 1713
616 885
616 1337
616 1794
619 1283
621 1772
622 767
622 1006
622 1073
622 1088
622 1120
622 1273
622 1534
622 1719
622 1875
622 1882
622 1925
623 1517
626 743
626 745
628 635
630 1527
630 1795
631 1517
635 834
635 1203
635 1206
635 1208
635 1954
635 1967
638 1132
638 1423
640 915
640 1052
641 1153
641 1543
642 1319
644 1215
646 698
646 1736
647 1543
648 807
648 810
654 774
655 663
658 1611
658 1758
659 1364
660 1955
661 1965
662 889
663 681
663 757
663 788
663 990
663 1099
663 1131
663 1147
663 1597
663 1703
664 1058
664 1580
665 670
666 1396
666 1397
669 767
669 768
670 871
670 935
670 1137
670 1766
670 1915
672 1384
675 1698
676 824
676 1555
676 1707
678 1133
679 810
681 1567
682 952
682 1040
682 1341
682 1965
683 1289
683 1758
684 1583
686 691
686 730
686 1059
686 1093
686 1101
686 1292
686 1719
686 1743
686 1846
689 834
689 1698
690 1153
694 1551
695 1608
697 730
698 899
698 952
698 1029
698 1298
698 1394
698 1887
699 705
699 1107
703 1350
705 869
705 1149
705 1223
705 1538
705 1666
705 1680
705 1692
707 884
707 1540
708 1580
711 1107
712 794
712 1626
713 1063
714 1261
714 1431
715 794
717 903
720 1545
720 1573
722 1062
723 724
723 725
723 726
723 727
723 728
723 729
723 730
723 731
723 732
725 738
725 902
727 1664
728 1451
730 796
730 810
730 867
730 870
730 952
730 1197
730 1265
730 1513
730 1796
730 1831
730 1880
730 1965
731 1341
736 1523
737 1521
737 1543
738 1390
738 1481
738 1482
738 1483
738 1484
741 910
742 1523
742 1781
743 985
743 987
743 1259
743 1336
743 1595
743 1685
743 1689
743 1744
744 808
745 1108
745 1767
746 750
750 933
750 1295
750 1521
750 1836
751 1866
751 1955
752 1107
754 1763
755 1581
756 757
756 758
756 759
756 760
757 794
757 832
757 1051
757 1364
757 1664
757 1851
760 1337
760 1363
762 1313
762 1652
763 790
764 1195
764 1772
765 839
767 935
767 1702
768 915
768 918
768 1056
768 1170
768 1171
768 1172
768 1173
768 1174
768 1175
768 1176
768 1177
768 1178
769 914
769 1148
770 1681
771 1993
772 1474
772 1866
773 774
774 1064
774 1425
774 1767
774 1816
775 1058
775 1681
778 1758
781 1187
782 1521
782 1777
786 808
786 1212
787 1474
788 1426
788 1545
789 1434
790 791
790 792
790 793
790 794
790 795
790 796
791 1205
791 1490
793 1246
794 975
794 980
794 1305
794 1515
794 1596
794 1819
795 847
795 1340
795 1366
795 1501
795 1584
795 1834
796 819
798 910
799 1778
800 1446
802 807
802 808
805 903
807 962
807 982
807 1129
807 1183
807 1611
807 1625
807 1672
807 1941
808 875
808 1307
808 1310
808 1481
808 1679
808 1716
808 1844
808 1879
809 831
809 860
809 1121
809 1132
809 1194
809 1287
809 1514
809 1776
809 1782
809 1875
810 975
810 1091
810 1175
810 1311
810 1895
812 1781
813 1321
815 1212
815 1341
817 957
817 1423
819 1086
819 1295
819 1310
819 1341
819 1557
819 1567
819 1864
819 1882
820 1423
821 824
821 828
824 825
824 1274
824 1368
824 1405
824 1483
824 1530
824 1870
824 1923
826 1470
828 950
828 1653
828 1800
828 1894
829 1132
832 834
832 837
834 884
834 915
834 1135
834 1396
834 1401
834 1580
834 1628
834 1719
835 1079
835 1543
837 1180
837 1298
837 1397
837 1411
837 1729
838 839
839 985
839 1032
839 1263
839 1371
839 1397
839 1501
839 1502
839 1503
840 915
840 952
840 1341
840 1358
841 894
841 1451
843 1164
843 1358
843 1431
846 1583
849 1073
849 1916
850 1289
853 1062
853 1350
855 1912
856 1007
856 1652
859 1866
860 1567
863 1426
864 1384
866 1058
868 1073
868 1246
870 1040
872 1864
874 1304
874 1362
875 1132
877 1051
879 1132
879 1321
879 1527
879 1693
879 1778
880 884
880 885
882 1431
884 992
884 1118
884 1139
884 1564
884 1644
884 1950
885 895
885 1010
885 1028
885 1096
887 1330
887 1364
887 1652
888 954
889 1363
889 1465
889 1486
889 1592
889 1760
889 1860
890 915
890 1110
890 1404
890 1900
891 1841
894 1578
894 1756
896 902
899 1517
900 1283
901 1339
901 1736
902 1544
902 1557
902 1558
902 1572
902 1634
902 1919
902 1982
903 1282
903 1680
903 1947
905 909
905 910
909 949
909 1397
909 1770
909 1845
909 1887
910 952
910 1331
910 1360
910 1668
910 1826
910 1897
910 1898
911 1470
914 915
914 916
914 917
914 918
914 919
914 920
914 921
914 922
915 1026
915 1052
915 1148
915 1215
915 1272
915 1282
915 1813
915 1866
915 1971
917 1652
918 1358
919 1541
920 1040
921 1195
923 927
925 1153
925 1555
927 1709
927 1837
928 1777
933 1778
936 1086
937 1133
945 1713
946 1086
947 1164
948 1052
949 952
949 954
951 1551
951 1866
952 1040
952 1072
952 1234
952 1317
952 1506
952 1611
953 1205
954 1156
954 1203
954 1521
954 1614
954 1846
956 957
957 1257
957 1481
957 1611
957 1981
959 1987
960 1384
968 1772
970 1987
971 1965
972 1234
973 1490
974 1058
974 1451
975 1527
975 1692
976 1543
978 1763
980 1246
980 1784
981 1283
981 1330
983 1120
985 1784
986 1164
986 1167
987 1513
989 1350
990 1132
992 1916
993 1777
996 1763
997 1772
998 1205
999 1396
1001 1215
1006 1107
1006 1446
1006 1580
1007 1495
1007 1528
1007 1760
1007 1970
1008 1551
1009 1337
1011 1180
1011 1381
1011 1471
1011 1711
1012 1205
1012 1451
1014 1350
1015 1446
1015 1974
1017 1626
1018 1611
1018 1758
1029 1866
1031 1148
1034 1058
1034 1363
1036 1784
1038 1451
1040 1272
1040 1754
1040 1785
1040 1877
1044 1736
1045 1358
1048 1965
1049 1350
1051 1359
1051 1418
1051 1601
1051 1618
1051 1910
1052 1623
1052 1631
1052 1847
1052 1977
1053 1707
1056 1058
1058 1439
1058 1779
1062 1334
1062 1906
1063 1387
1063 1815
1064 1778
1064 1955
1065 1079
1065 1246
1066 1434
1067 1337
1067 1736
1067 1916
1069 1707
1070 1072
1070 1073
1072 1265
1072 1359
1072 1408
1072 1619
1072 1641
1073 1381
1073 1599
1073 1603
1073 1711
1073 1884
1076 1628
1079 1080
1079 1081
1079 1082
1079 1083
1079 1084
1080 1866
1081 1330
1081 1364
1082 1626
1083 1321
1086 1199
1086 1815
1088 1423
1088 1426
1091 1133
1096 1524
1096 1864
1099 1195
1101 1541
1102 1304
1107 1221
1107 1250
1107 1459
1107 1991
1110 1781
1114 1423
1115 1866
1115 1955
1116 1213
1116 1608
1117 1527
1117 1698
1118 1120
1119 1358
1119 1363
1120 1526
1122 1583
1126 1205
1132 1150
1132 1274
1132 1302
1132 1767
1132 1781
1132 1841
1132 1885
1133 1291
1133 1692
1136 1330
1137 1341
1139 1987
1140 1681
1141 1234
1143 1795
1144 1434
1147 1483
1148 1240
1148 1286
1148 1398
1148 1425
1148 1460
1148 1461
1148 1462
1148 1463
1151 1153
1153 1304
1153 1305
1153 1306
1153 1307
1156 1718
1158 1664
1158 1974
1162 1555
1163 1506
1163 1974
1164 1193
1164 1533
1164 1569
1164 1674
1164 1692
1164 1740
1164 1823
1165 1213
1165 1283
1167 1565
1167 1738
1167 1901
1167 1998
1168 1955
1177 1778
1180 1513
1180 1517
1183 1581
1184 1187
1186 1426
1187 1298
1187 1300
1187 1301
1187 1304
1187 1435
1187 1436
1187 1437
1187 1438
1193 1245
1194 1195
1195 1312
1195 1483
1195 1759
1195 1994
1196 1567
1199 1778
1200 1215
1205 1368
1205 1485
1205 1486
1206 1664
1207 1323
1209 1363
1210 1339
1210 1763
1212 1417
1212 1464
1212 1568
1212 1751
1213 1497
1213 1586
1213 1935
1214 1321
1214 1446
1215 1741
1215 1880
1218 1319
1218 1490
1219 1358
1220 1777
1222 1434
1222 1841
1225 1965
1227 1234
1230 1763
1234 1558
1234 1892
1239 1541
1242 1245
1242 1246
1243 1608
1245 1304
1245 1639
1246 1397
1246 1407
1246 1433
1247 1784
1252 1707
1253 1567
1254 1321
1259 1363
1260 1261
1261 1835
1261 1842
1261 1844
1261 1861
1261 1876
1261 1877
1262 1763
1265 1330
1269 1341
1270 1987
1272 1384
1272 1781
1273 1451
1274 1362
1275 1283
1275 1567
1277 1620
1283 1605
1283 1692
1283 1739
1283 1740
1286 1527
1289 1290
1289 1291
1289 1292
1297 1506
1302 1523
1304 1337
1304 1423
1304 1446
1304 1573
1304 1611
1304 1640
1304 1728
1304 1813
1304 1912
1305 1555
1307 1573
1308 1313
1309 1339
1310 1543
1312 1626
1313 1407
1313 1700
1313 1997
1317 1521
1319 1728
1319 1885
1319 1922
1320 1620
1321 1767
1322 1426
1322 1431
1322 1866
1323 1703
1323 1838
1323 1928
1323 1961
1327 1545
1327 1965
1330 1537
1330 1611
1330 1649
1330 1668
1330 1744
1330 1837
1330 1933
1332 1339
1332 1583
1333 1337
1335 1864
1336 1337
1337 1539
1337 1648
1337 1649
1338 1339
1338 1341
1339 1483
1339 1724
1339 1820
1339 1897
1341 1379
1341 1813
1344 1916
1345 1777
1347 1350
1350 1646
1350 1755
1350 1992
1352 1987
1353 1974
1358 1483
1358 1516
1358 1929
1358 1989
1360 1362
1360 1363
1360 1364
1362 1672
1362 1692
1362 1886
1362 1970
1363 1609
1363 1807
1364 1501
1364 1782
1364 1807
1365 1524
1366 1608
1368 1713
1374 1841
1375 1474
1379 1795
1384 1385
1387 1777
1389 1758
1392 1620
1396 1854
1396 1860
1396 1919
1397 1474
1397 1521
1397 1522
1397 1523
1397 1524
1397 1525
1397 1526
1397 1527
1398 1543
1398 1681
1405 1611
1413 1628
1423 1516
1423 1546
1423 1819
1423 1820
1425 1965
1426 1618
1426 1724
1426 1803
1426 1967
1430 1431
1431 1457
1431 1624
1431 1644
1431 1692
1432 1434
1434 1692
1434 1925
1435 1513
1442 1686
1444 1664
1444 1681
1449 1525
1450 1580
1451 1483
1451 1547
1451 1760
1451 1892
1454 1718
1458 1718
1459 1525
1459 1628
1461 1993
1470 1635
1470 1732
1470 1827
1470 1963
1471 1474
1472 1758
1474 1633
1474 1816
1474 1957
1476 1506
1482 1573
1482 1974
1483 1542
1483 1545
1483 1551
1483 1626
1483 1707
1483 1766
1483 1767
1484 1573
1490 1660
1490 1691
1490 1767
1490 1895
1501 1620
1501 1955
1506 1942
1509 1527
1513 1642
1513 1759
1513 1760
1514 1955
1515 1545
1517 1611
1518 1955
1521 1540
1521 1777
1521 1778
1521 1933
1524 1878
1525 1570
1525 1578
1525 1595
1525 1876
1526 1974
1527 1819
1527 1859
1532 1652
1533 1772
1535 1608
1537 1965
1540 1656
1540 1830
1540 1957
1541 1637
1541 1669
1541 1914
1541 1977
1543 1678
1543 1729
1543 1867
1545 1937
1548 1551
1551 1771
1552 1567
1555 1572
1555 1668
1555 1767
1555 1782
1555 1895
1567 1568
1569 1573
1573 1851
1576 1628
1578 1580
1578 1581
1581 1656
1581 1706
1581 1746
1581 1768
1581 1961
1581 1979
1583 1643
1583 1692
1583 1789
1583 1835
1608 1609
1608 1610
1608 1611
1611 1784
1611 1820
1611 1887
1611 1971
1618 1781
1620 1644
1620 1813
1626 1971
1628 1721
1628 1724
1640 1758
1647 1916
1652 1694
1652 1765
1654 1772
1654 1777
1658 1686
1671 1718
1680 1841
1681 1826
1681 1904
1681 1966
1684 1686
1686 1696
1692 1698
1692 1718
1692 1767
1698 1699
1698 1700
1698 1701
1706 1707
1710 1841
1713 1753
1717 1718
1723 1777
1732 1777
1736 1767
1736 1919
1757 1965
1758 1767
1758 1906
1758 1970
1759 1912
1767 1772
1767 1794
1767 1795
1767 1916
1772 1773
1772 1774
1777 1943
1778 1832
1783 1866
1784 1843
1789 1794
1793 1794
1795 1796
1795 1797
1850 1916
1862 1864
1864 1918
1866 1894
1869 1987
1879 1993
1882 1916
1883 1912
1891 1912
1894 1916
1896 1912
1916 1952
1922 1993
1984 1993
1987 1994
