2 493
4 736
4 847
5 517
5 1097
7 517
7 900
7 1007
8 811
10 1007
11 309
11 352
11 1537
11 1885
13 1153
13 1611
13 1926
18 1350
19 320
19 1428
20 1462
21 692
21 1145
21 1204
21 1544
22 269
23 1047
25 809
26 1002
27 30
30 322
30 1076
30 1405
30 1476
30 1491
30 1818
31 874
32 387
34 1100
35 113
35 556
37 917
38 211
38 532
38 829
38 1145
38 1627
41 1784
42 517
44 47
45 1496
45 1551
46 494
47 226
47 338
47 442
47 472
47 688
47 689
47 690
47 691
47 692
49 455
49 508
49 1728
51 740
51 874
51 979
52 814
53 938
54 520
54 1627
56 874
56 875
60 61
60 62
61 75
61 646
61 1053
61 1099
61 1181
61 1356
61 1383
61 1398
61 1476
62 80
62 104
62 399
62 532
62 604
62 666
62 832
62 991
62 997
62 1144
62 1145
62 1146
62 1147
62 1148
62 1149
62 1150
64 1802
67 72
70 1550
72 566
72 590
72 1016
72 1347
72 1714
72 1902
73 858
73 1145
75 1724
75 1728
76 113
76 1074
77 698
78 79
78 80
78 81
78 82
78 83
78 84
78 85
79 370
79 1003
79 1186
79 1352
79 1930
80 131
80 339
80 412
80 432
80 605
80 706
80 811
80 922
80 1002
80 1074
80 1461
80 1724
80 1855
81 1074
83 721
84 1337
84 1573
84 1705
90 1432
90 1462
90 1550
91 493
92 352
92 1144
93 94
94 432
94 512
94 646
94 1015
94 1271
94 1287
94 1390
94 1521
94 1605
94 1642
94 1706
95 1428
96 431
96 991
96 1496
97 1245
97 1310
97 1705
98 118
100 1417
101 103
102 1074
103 155
103 244
103 394
103 767
103 953
103 1233
103 1406
103 1449
103 1532
103 1638
103 1667
103 1913
104 868
106 113
107 666
108 1705
109 1537
111 604
113 902
113 991
113 1576
113 1641
113 1660
113 1759
113 1863
113 1881
116 1741
117 118
118 277
118 702
118 739
118 1129
118 1713
118 1714
119 1326
123 1573
127 511
127 847
127 1204
129 662
129 1173
129 1342
130 708
131 1608
132 698
133 646
133 918
134 580
134 981
135 136
135 137
135 138
135 139
135 140
135 141
135 142
135 143
135 144
135 145
135 146
138 1405
139 979
140 305
140 605
141 1802
142 1302
142 1303
145 165
145 288
145 437
145 502
145 520
145 639
145 771
145 981
145 1167
145 1353
145 1539
145 1559
145 1721
145 1748
145 1829
145 1915
146 1781
150 410
150 1841
153 580
154 1622
155 162
156 520
156 991
156 1192
158 352
159 807
159 847
162 306
162 389
162 458
162 819
162 856
162 879
162 1356
162 1413
162 1887
162 1925
162 1989
164 1915
165 1428
165 1866
168 534
168 828
171 1517
173 1802
174 666
174 1784
175 1744
177 1537
178 180
179 1716
180 315
180 646
180 1084
180 1134
180 1172
180 1315
180 1353
180 1406
180 1526
180 1748
180 1842
180 1967
182 864
183 1145
184 308
184 1167
186 777
188 217
188 604
189 1002
190 370
192 511
193 1573
193 1587
193 1746
194 1813
196 736
196 1034
196 1153
196 1829
198 217
198 938
199 431
200 296
200 821
200 1910
202 736
203 230
204 639
204 1980
207 248
207 1149
207 1302
208 211
208 217
210 269
210 708
211 395
211 692
211 784
211 863
211 1006
211 1095
211 1280
211 1407
211 1848
212 1496
214 605
215 455
217 324
217 349
217 785
217 796
217 1150
217 1300
217 1304
217 1834
218 589
219 708
219 1047
220 1820
221 988
225 1251
225 1303
226 632
227 1700
228 320
228 811
229 721
229 1833
230 341
230 579
230 772
230 842
230 1110
230 1161
230 1476
230 1513
230 1558
230 1559
234 604
235 741
235 1153
236 1034
237 240
240 516
240 744
240 877
240 939
240 1138
240 1241
240 1259
240 1335
240 1637
240 1755
240 1913
241 1705
242 847
243 740
244 269
244 1517
246 248
247 263
247 264
248 482
248 963
248 986
248 1102
248 1247
248 1373
248 1566
248 1567
248 1797
248 1937
248 1963
249 508
249 900
251 1781
252 494
252 949
252 970
252 1003
255 900
255 981
257 1352
258 1537
259 1829
260 632
260 740
260 1841
261 1187
262 736
263 639
263 642
263 822
263 1181
263 1211
263 1306
263 1367
263 1427
263 1839
264 402
264 508
264 645
264 1101
264 1232
264 1273
264 1404
264 1511
264 1720
265 269
267 827
267 1432
268 1993
269 755
269 900
269 978
269 1395
269 1542
269 1738
269 1906
270 1187
271 455
272 1621
274 279
275 658
277 372
278 520
278 1445
279 355
279 372
279 576
279 845
279 1035
279 1087
279 1367
279 1911
280 777
281 988
282 864
284 517
284 1080
285 874
285 1251
285 1820
286 1746
287 288
287 296
288 301
288 346
288 458
288 572
288 645
288 945
288 1101
288 1367
288 1486
288 1698
288 1750
289 969
293 1007
293 1352
294 1544
294 1551
295 741
296 508
296 1030
296 1384
296 1415
296 1455
296 1485
296 1868
297 305
299 511
300 511
300 949
301 1432
302 1097
303 1145
304 828
305 569
305 911
305 987
305 1045
305 1461
305 1714
305 1882
305 1994
306 1926
307 308
307 309
308 332
308 366
308 953
308 1142
308 1282
308 1972
309 355
309 401
309 494
309 689
309 692
309 708
309 814
309 895
309 1007
309 1154
309 1286
309 1445
309 1566
309 1686
311 589
312 1018
312 1993
313 874
317 320
317 321
318 1852
320 401
320 692
320 965
320 1106
320 1114
320 1242
320 1367
320 1928
321 347
321 491
321 1037
321 1089
321 1210
321 1304
321 1597
321 1834
322 1700
324 493
324 494
325 826
325 1728
326 469
327 1446
328 957
329 493
330 1289
331 335
335 643
335 644
335 645
335 646
335 647
335 648
336 811
336 864
337 605
337 1405
337 1517
338 592
339 818
339 938
340 969
342 553
342 770
346 579
346 1003
351 1971
352 381
352 412
352 451
352 1154
352 1241
352 1472
352 1507
352 1767
357 1163
357 1728
359 637
359 698
360 1047
360 1417
361 828
362 593
362 1721
364 563
364 830
365 807
365 957
368 604
368 1302
370 371
370 372
370 373
370 374
370 375
370 376
370 377
370 378
370 379
371 818
371 1080
372 387
372 436
372 508
372 579
372 639
372 864
372 898
372 918
372 979
372 1034
372 1289
372 1418
372 1700
372 1744
372 1801
374 514
374 858
375 1587
376 1342
377 1417
377 1418
378 1145
378 1302
378 1980
380 387
380 389
381 1763
382 1852
383 898
383 1663
384 1251
387 693
387 850
387 1079
387 1247
387 1488
387 1749
388 1205
388 1289
389 549
389 551
389 770
389 953
389 1008
389 1293
389 1301
389 1686
389 1759
389 1868
389 1931
389 1988
390 1167
390 1852
392 405
395 508
397 1700
399 1627
400 900
400 1866
400 1915
401 1100
403 436
403 1432
404 736
405 890
405 931
405 963
405 1714
405 1736
405 1906
405 1941
405 1963
406 1746
409 410
410 505
410 506
410 507
410 508
410 509
410 510
410 511
410 512
410 513
410 514
410 515
410 516
415 511
416 1303
417 1074
418 826
418 898
418 1746
419 727
420 1304
420 1820
421 694
421 1167
422 431
423 1432
423 1496
428 970
428 1350
429 885
429 1132
429 1337
430 1286
431 568
431 586
431 692
431 767
431 1606
431 1644
431 1843
431 1956
432 626
432 1163
434 1820
435 949
435 1439
436 437
436 438
436 439
436 440
436 441
436 442
436 443
436 444
436 445
436 446
438 970
438 1097
439 821
441 626
441 1445
442 692
442 1852
443 1417
443 1926
446 1417
447 455
449 532
451 1621
451 1885
452 979
455 656
455 953
455 975
455 1012
455 1525
455 1577
455 1879
456 1153
458 938
460 1187
462 1018
463 1047
464 827
466 663
467 469
467 476
469 689
469 763
469 880
469 1302
469 1475
469 1515
469 1588
471 1915
475 1728
476 729
476 792
476 1372
476 1380
476 1451
476 1676
476 1714
476 1715
476 1774
476 1870
477 479
478 1310
479 508
479 1008
479 1510
481 770
481 1993
483 1167
487 694
487 1663
489 970
490 592
493 757
493 795
493 821
493 994
493 997
493 1229
493 1257
493 1611
493 1697
493 1959
494 608
494 1117
494 1243
494 1288
494 1375
494 1629
497 1716
499 828
501 698
501 740
501 1724
502 991
504 979
504 1173
504 1185
508 850
508 885
508 1008
508 1304
508 1350
508 1432
508 1746
508 1763
508 1993
509 1007
509 1608
510 846
510 1017
510 1055
510 1088
510 1336
511 614
511 1382
511 1472
511 1540
511 1541
512 1833
512 1866
514 593
514 694
514 721
514 970
514 973
514 1015
514 1139
514 1189
514 1197
514 1251
514 1606
514 1802
514 1851
516 1144
517 646
517 695
517 954
517 1056
517 1156
517 1341
517 1514
517 1879
518 1724
520 521
520 522
520 523
520 524
520 525
520 526
520 527
522 727
523 1326
527 969
527 970
528 532
528 534
530 828
530 1418
531 580
531 637
531 1100
531 1930
532 824
532 1087
532 1325
532 1471
532 1607
532 1712
533 922
534 925
534 953
534 989
534 1001
534 1215
534 1240
534 1416
534 1640
535 1537
535 1700
535 1714
537 666
537 1023
538 1080
538 1102
538 1557
539 658
539 1080
543 1763
544 1912
546 721
546 875
546 1303
546 1721
546 1744
547 1251
549 721
549 827
549 1326
550 553
550 556
551 563
551 1716
553 576
553 815
553 878
553 1102
553 1230
553 1370
553 1491
553 1492
556 586
556 821
556 851
556 975
556 1363
556 1541
556 1547
559 1251
560 663
561 563
562 868
563 1203
563 1339
563 1371
563 1611
563 1651
563 1670
563 1754
564 1326
565 809
565 1173
568 809
568 811
568 814
568 818
569 1185
571 578
571 579
572 666
572 858
573 1813
574 727
576 1132
577 922
578 579
578 696
578 759
578 823
578 1170
578 1354
578 1420
578 1495
578 1712
579 626
579 663
579 813
579 980
579 1204
579 1243
579 1334
579 1438
579 1462
579 1556
579 1879
580 623
580 1039
580 1319
580 1363
580 1404
580 1431
580 1515
580 1586
580 1611
580 1661
580 1821
585 1245
585 1746
587 589
587 592
587 593
588 970
589 992
589 1241
589 1250
589 1381
592 639
592 845
592 1334
592 1343
592 1388
592 1635
592 1765
592 1890
593 1103
594 1251
596 1980
597 604
597 605
600 1980
601 1779
601 1781
602 1144
603 740
603 741
603 828
603 1621
604 695
604 1256
604 1516
604 1706
604 1792
605 738
605 1335
605 1845
605 1898
605 1913
605 1963
606 1828
609 1097
609 1855
610 1326
612 1205
612 1829
613 1204
613 1705
614 1446
616 885
616 1337
619 1003
620 1189
623 1342
623 1517
623 1930
624 1557
625 626
626 743
626 744
626 745
627 662
628 632
630 1496
631 1517
631 1663
632 724
632 1004
632 1659
632 1714
632 1931
633 1550
634 770
635 1206
636 1627
636 1930
637 638
637 639
637 640
637 641
637 642
638 646
638 1132
639 646
639 1154
639 1163
639 1173
639 1206
639 1241
639 1331
639 1371
639 1381
639 1496
639 1531
641 1153
643 1080
645 741
646 698
646 991
646 1075
646 1192
646 1663
646 1705
646 1714
646 1736
646 1779
648 807
648 1102
651 1445
652 1973
653 874
655 658
655 662
655 663
656 979
656 1621
656 1622
658 733
658 1305
658 1596
658 1611
658 1758
662 889
662 946
662 1017
662 1484
662 1530
662 1714
662 1729
663 681
663 757
663 788
663 990
663 1099
663 1131
663 1147
663 1597
663 1703
665 666
666 793
666 1128
666 1395
666 1396
666 1397
666 1398
669 770
670 1915
671 1417
676 1417
681 1018
682 736
682 1721
683 981
683 1102
683 1289
684 981
685 1417
687 1204
688 708
689 1627
690 1153
691 1018
691 1813
692 838
692 868
692 938
692 953
692 1185
692 1667
692 1714
692 1852
692 1918
692 1973
693 694
694 1025
694 1114
694 1236
694 1269
694 1472
694 1542
694 1551
694 1637
694 1660
694 1835
695 777
695 1608
696 1163
698 899
698 952
698 1029
698 1298
698 1394
698 1887
703 1350
704 938
705 1149
706 1097
708 714
708 1379
708 1408
708 1580
715 1445
717 1716
718 1417
720 949
720 1573
721 777
721 920
721 1093
721 1219
721 1224
721 1279
721 1516
721 1604
721 1938
722 1926
723 727
724 1432
727 755
727 966
727 1108
727 1210
727 1242
727 1405
727 1664
727 1665
732 1185
733 1952
733 1973
734 969
736 1285
736 1405
736 1523
736 1800
737 874
739 740
739 741
740 1075
740 1263
740 1299
740 1714
741 900
741 910
741 1059
741 1382
741 1980
742 1781
743 1744
744 988
747 858
751 1185
751 1866
753 826
754 1763
755 1779
757 832
760 1337
763 1186
763 1206
765 829
765 832
768 918
768 1173
770 933
770 975
770 1021
770 1095
770 1227
770 1468
770 1616
770 1681
770 1924
771 1405
771 1746
771 1855
771 1993
772 1866
773 777
776 1405
777 870
777 930
777 965
777 1065
777 1094
777 1256
777 1630
777 1903
778 1192
778 1286
779 1829
780 1980
781 1187
782 1439
782 1462
782 1833
786 1915
791 1205
792 1185
792 1302
792 1496
793 1018
795 847
796 821
798 1496
799 821
799 1204
799 1352
800 1446
802 807
807 962
807 982
807 1129
807 1183
807 1611
807 1625
807 1672
807 1941
808 875
808 1310
808 1716
809 831
809 860
809 1121
809 1132
809 1194
809 1287
809 1514
809 1776
809 1782
809 1875
811 844
811 1228
811 1264
811 1348
811 1450
812 1700
812 1781
813 830
813 874
813 1185
814 992
814 1089
814 1340
814 1473
814 1996
816 1622
817 957
817 988
818 995
818 1045
818 1417
818 1566
818 1612
818 1717
818 1836
818 1907
818 1966
819 1310
819 1557
821 822
821 823
821 824
821 825
821 826
821 827
821 828
821 829
821 830
821 831
822 1813
824 1405
825 826
825 1144
826 1470
826 1504
827 1165
827 1645
828 950
828 1653
828 1800
828 1894
829 841
829 876
829 878
829 1080
829 1132
829 1239
829 1327
829 1550
829 1577
829 1817
829 1819
830 835
830 1136
830 1487
831 917
832 833
832 834
832 835
832 836
832 837
838 839
838 840
838 841
838 842
838 843
842 949
843 1721
844 1047
845 918
847 982
847 1056
847 1089
847 1102
847 1539
847 1928
850 1289
851 1251
852 858
853 1350
855 1912
856 1007
857 1746
858 991
858 1442
858 1610
858 1709
858 1766
858 1854
858 1905
859 875
859 1744
859 1866
860 1303
861 864
861 868
864 1217
864 1233
864 1285
864 1384
864 1512
864 1731
868 1073
868 1246
868 1645
868 1870
874 1304
874 1362
875 945
875 1132
875 1469
875 1598
875 1835
878 1418
879 988
879 1132
880 885
883 917
885 895
885 1010
885 1028
885 1096
888 1418
891 1841
896 898
896 900
898 1765
899 1517
900 953
900 1179
900 1283
900 1352
900 1477
900 1569
902 1544
902 1557
904 1705
909 949
912 1173
914 917
914 918
914 922
915 1813
915 1866
915 1971
917 1027
917 1143
917 1239
917 1241
917 1292
917 1565
917 1652
917 1818
917 1911
918 1358
918 1479
918 1923
920 1003
921 1820
922 1279
922 1449
922 1464
922 1556
922 1682
922 1725
925 1144
925 1153
935 949
937 1728
938 1045
938 1597
938 1960
938 1968
941 1926
945 1428
947 1185
949 950
949 951
949 952
949 953
949 954
949 955
951 1551
951 1866
952 1611
953 1205
953 1537
953 1548
953 1557
953 1587
953 1741
953 1828
953 1833
956 957
957 1257
957 1481
957 1611
957 1981
961 1100
962 1622
969 1218
969 1225
969 1347
969 1625
969 1714
969 1743
970 1376
970 1443
970 1666
970 1987
971 1833
973 1034
977 979
977 981
978 1763
979 1109
979 1135
979 1218
979 1685
979 1936
979 1937
980 1784
981 1198
981 1283
981 1330
981 1435
983 1828
985 1144
985 1496
985 1784
986 1163
986 1167
987 1855
988 989
988 990
988 991
988 992
989 1350
990 1132
991 1003
991 1008
991 1274
991 1559
991 1708
991 1905
991 1922
992 1303
992 1926
993 1466
994 1018
996 1587
996 1763
998 1204
998 1205
1000 1002
1000 1003
1003 1092
1003 1411
1003 1412
1004 1885
1006 1446
1007 1495
1007 1528
1007 1760
1007 1970
1008 1551
1008 1828
1009 1241
1009 1337
1010 1557
1012 1205
1013 1418
1014 1350
1014 1466
1015 1446
1016 1018
1018 1559
1018 1611
1018 1758
1022 1023
1023 1216
1023 1275
1023 1417
1027 1352
1029 1866
1031 1627
1032 1915
1034 1058
1034 1363
1034 1366
1034 1499
1034 1703
1036 1241
1036 1784
1037 1820
1041 1163
1046 1047
1047 1092
1047 1241
1047 1579
1047 1754
1047 1867
1049 1350
1050 1621
1051 1418
1051 1910
1055 1204
1055 1405
1057 1192
1058 1439
1058 1779
1059 1163
1067 1337
1069 1621
1070 1074
1074 1170
1076 1910
1079 1080
1080 1175
1080 1425
1080 1621
1080 1843
1080 1866
1080 1883
1080 1910
1080 1926
1080 1941
1080 1967
1082 1418
1082 1813
1083 1855
1085 1145
1095 1097
1097 1399
1097 1435
1097 1624
1097 1714
1098 1251
1100 1101
1100 1102
1100 1103
1102 1186
1102 1303
1102 1304
1102 1307
1102 1415
1102 1417
1102 1439
1102 1548
1102 1627
1102 1978
1110 1781
1115 1866
1116 1608
1125 1802
1126 1205
1127 1587
1132 1150
1132 1274
1132 1302
1132 1767
1132 1781
1132 1841
1132 1885
1139 1537
1141 1746
1144 1146
1144 1233
1144 1434
1144 1761
1144 1927
1145 1437
1145 1789
1145 1935
1146 1326
1148 1286
1148 1462
1149 1174
1149 1219
1149 1939
1150 1186
1150 1326
1151 1153
1153 1304
1153 1305
1153 1306
1153 1307
1155 1885
1156 1741
1158 1622
1162 1926
1163 1201
1163 1506
1163 1799
1163 1805
1163 1974
1167 1565
1167 1738
1167 1901
1167 1998
1171 1439
1172 1705
1172 1876
1173 1198
1173 1408
1173 1899
1175 1432
1178 1241
1178 1544
1180 1517
1183 1302
1184 1185
1184 1186
1184 1187
1184 1189
1185 1265
1185 1336
1185 1609
1186 1426
1186 1456
1186 1643
1187 1298
1187 1300
1187 1301
1187 1304
1187 1435
1187 1436
1187 1437
1187 1438
1188 1724
1189 1335
1189 1528
1189 1671
1189 1733
1189 1734
1189 1790
1189 1806
1190 1192
1192 1288
1192 1493
1192 1636
1192 1792
1192 1832
1193 1245
1196 1721
1197 1915
1198 1663
1201 1622
1201 1721
1204 1260
1204 1637
1204 1640
1204 1715
1205 1368
1205 1485
1205 1486
1206 1664
1206 1972
1208 1466
1209 1352
1210 1763
1212 1417
1214 1446
1215 1741
1217 1405
1222 1302
1222 1663
1222 1841
1225 1926
1227 1627
1229 1303
1229 1342
1230 1763
1232 1286
1240 1241
1241 1310
1241 1342
1241 1495
1241 1605
1241 1643
1241 1716
1242 1245
1243 1608
1245 1304
1245 1639
1247 1784
1250 1251
1251 1285
1251 1367
1251 1368
1255 1833
1261 1876
1262 1763
1266 1544
1268 1557
1269 1587
1270 1926
1272 1587
1272 1781
1274 1439
1278 1622
1281 1705
1282 1876
1285 1286
1286 1349
1286 1356
1286 1527
1289 1290
1289 1291
1289 1292
1292 1744
1298 1352
1299 1310
1299 1622
1299 1627
1300 1802
1301 1587
1302 1466
1302 1523
1302 1530
1302 1622
1302 1789
1302 1952
1303 1651
1304 1337
1304 1423
1304 1446
1304 1573
1304 1611
1304 1640
1304 1728
1304 1813
1304 1912
1307 1550
1307 1573
1308 1310
1310 1465
1310 1543
1310 1570
1310 1861
1310 1933
1310 1995
1313 1700
1314 1828
1319 1728
1319 1885
1322 1866
1325 1326
1326 1535
1326 1675
1326 1714
1326 1797
1330 1537
1330 1611
1330 1744
1331 1741
1333 1337
1336 1337
1337 1539
1337 1648
1337 1649
1339 1724
1339 1820
1341 1813
1342 1403
1342 1717
1347 1350
1350 1646
1350 1755
1350 1992
1351 1746
1352 1381
1352 1453
1352 1570
1352 1987
1366 1608
1373 1802
1374 1622
1374 1841
1375 1980
1392 1721
1395 1439
1402 1405
1405 1459
1405 1611
1405 1738
1408 1728
1417 1564
1418 1516
1423 1820
1426 1724
1428 1714
1432 1433
1432 1434
1433 1728
1435 1973
1436 1627
1439 1440
1445 1571
1445 1588
1445 1897
1449 1721
1450 1496
1450 1587
1459 1855
1461 1993
1462 1679
1462 1680
1462 1765
1466 1511
1466 1565
1466 1651
1468 1496
1477 1557
1479 1802
1481 1716
1482 1573
1483 1551
1484 1573
1501 1721
1502 1741
1504 1813
1516 1829
1517 1611
1525 1876
1531 1828
1531 1829
1535 1608
1536 1779
1537 1568
1537 1742
1537 1918
1537 1964
1537 1965
1544 1714
1544 1775
1544 1942
1548 1550
1548 1551
1550 1871
1551 1771
1556 1557
1557 1670
1557 1671
1566 1829
1568 1621
1569 1573
1573 1851
1581 1746
1608 1609
1608 1610
1608 1611
1611 1784
1611 1820
1611 1887
1611 1971
1613 1622
1613 1700
1616 1621
1618 1781
1620 1813
1621 1630
1621 1719
1622 1776
1626 1971
1627 1635
1627 1708
1628 1721
1628 1724
1649 1820
1663 1726
1663 1922
1677 1741
1680 1841
1698 1700
1700 1911
1700 1938
1700 1953
1701 1744
1701 1746
1705 1962
1709 1829
1710 1841
1714 1930
1714 1964
1716 1776
1716 1879
1716 1892
1721 1872
1728 1743
1732 1852
1741 1742
1741 1743
1746 1875
1756 1930
1759 1813
1759 1912
1770 1915
1779 1870
1783 1866
1784 1843
1789 1852
1789 1910
1797 1885
1801 1930
1802 1883
1802 1906
1810 1813
1813 1951
1818 1820
1820 1836
1820 1878
1828 1850
1829 1842
1829 1959
1833 1944
1847 1852
1852 1975
1866 1894
1876 1980
1879 1993
1883 1912
1891 1912
1896 1912
1916 1952
1922 1993
1926 1992
1945 1973
1947 1971
1971 1972
1973 1978
1984 1993
