0 1
0 10
0 11
1 759
1 1247
1 1256
3 890
4 1624
5 1026
6 993
9 318
9 356
9 1135
9 1995
10 48
10 226
10 304
10 334
10 939
10 1007
10 1008
10 1009
10 1010
10 1011
10 1012
10 1013
10 1014
10 1015
11 77
11 91
11 100
11 309
11 352
11 395
11 483
11 609
11 1452
11 1537
11 1885
14 21
16 583
17 367
18 169
18 204
18 1280
20 322
20 1256
20 1259
21 98
21 189
21 337
21 394
21 615
21 692
21 869
21 1057
21 1145
21 1204
21 1544
23 1393
23 1628
23 1961
24 1749
27 29
28 1362
29 295
29 710
29 942
29 1130
29 1256
29 1505
29 1539
29 1570
29 1858
30 322
30 1405
34 1396
35 113
37 665
38 829
38 1627
39 1988
41 610
44 47
44 48
45 1551
46 356
46 462
46 494
47 226
47 338
47 442
47 472
47 688
47 689
47 690
47 691
47 692
48 400
48 491
48 691
48 695
48 1234
48 1493
48 1863
49 1126
50 560
50 1259
50 1332
52 668
52 814
53 655
53 665
53 1161
54 1627
54 1628
55 1219
56 873
56 875
58 1566
59 1257
60 61
60 62
60 63
60 64
60 65
60 66
62 832
62 991
62 1148
62 1150
63 1580
63 1794
64 522
64 583
65 171
65 224
65 234
65 318
65 332
65 359
65 489
65 647
65 756
65 810
65 823
65 1321
65 1929
65 1995
69 171
69 367
70 1550
71 179
71 996
71 1103
72 566
73 858
74 1054
75 1456
76 113
76 873
76 1026
80 605
80 1855
83 610
83 720
85 495
85 1580
86 87
87 1181
87 1485
87 1594
87 1702
87 1736
87 1773
88 961
89 220
89 647
90 566
90 1550
91 367
91 1675
92 522
92 1664
94 512
94 1015
94 1390
94 1706
95 1772
96 205
96 774
96 991
96 1055
97 1256
97 1923
103 1667
104 560
105 1015
105 1220
105 1923
106 113
108 993
109 1103
110 1264
111 619
112 1220
112 1396
113 902
113 991
113 1576
113 1641
113 1660
113 1759
113 1863
113 1881
114 668
114 1075
116 1223
116 1547
118 739
119 1736
120 560
121 635
123 522
123 1407
123 1738
123 1749
126 784
129 1342
129 1346
130 704
132 914
132 1983
133 393
134 946
138 451
138 1405
140 605
144 1566
144 1875
145 771
145 1559
145 1829
146 401
146 1682
149 330
152 179
153 583
154 774
154 1561
155 156
155 162
156 417
156 454
156 520
156 642
156 991
156 1192
156 1351
156 1387
156 1759
157 322
158 345
161 933
162 306
162 389
162 458
162 819
162 856
162 879
162 1356
162 1413
162 1887
162 1925
162 1989
163 181
164 640
165 1126
165 1866
167 993
167 1282
167 1597
167 1736
169 170
169 171
169 172
169 173
169 174
169 175
169 176
169 177
170 647
170 1953
171 257
171 393
171 655
171 1008
171 1075
171 1213
171 1256
171 1283
171 1517
171 1547
171 1742
171 1953
173 566
174 1694
175 638
175 1756
177 647
178 179
178 181
179 1593
179 1716
179 1736
179 1918
180 315
181 421
181 625
181 719
181 966
181 1316
181 1421
181 1541
181 1566
181 1821
183 1628
184 205
184 308
184 834
184 911
184 1213
186 777
188 401
188 884
189 771
189 1554
190 356
191 337
191 357
191 993
191 1161
191 1272
192 993
192 994
193 1749
194 1813
196 1829
197 204
197 205
198 1026
198 1128
200 402
201 1554
201 1628
204 639
204 793
204 798
204 835
204 916
204 1222
204 1301
204 1675
204 1980
205 745
205 899
205 986
205 1069
205 1207
205 1220
205 1795
205 1914
207 911
207 1393
207 1577
208 220
211 784
211 1280
211 1407
212 560
212 619
213 638
213 1026
214 605
214 1403
215 1490
217 1150
220 1256
220 1348
220 1365
220 1640
220 1690
220 1820
221 988
221 1280
223 380
223 1535
224 1706
225 1512
226 665
226 1015
227 1253
228 1694
230 1161
230 1513
230 1559
233 884
234 345
236 640
238 1664
240 939
240 1259
242 1559
244 495
244 884
245 881
246 249
247 260
248 963
248 1566
249 303
249 508
249 607
249 627
249 629
249 900
249 958
249 1220
249 1552
249 1560
249 1642
251 812
252 494
252 1853
254 840
256 1414
256 1694
257 1075
257 1554
258 676
259 640
259 1706
259 1829
260 337
260 632
260 740
260 1041
260 1317
260 1375
260 1395
260 1839
260 1841
260 1842
261 1419
262 1456
262 1953
264 402
266 1419
266 1513
268 1993
269 1738
271 638
272 1756
275 1111
275 1535
276 635
276 689
276 1334
277 713
277 834
278 939
278 1445
278 1736
280 777
281 988
285 911
286 1706
287 290
288 1698
289 1401
290 327
290 346
290 551
290 968
290 1282
290 1665
290 1676
290 1689
294 1490
294 1551
295 1290
295 1403
298 560
300 429
300 1054
303 331
303 1566
304 903
305 911
307 308
307 309
307 310
307 313
307 315
308 332
308 366
308 953
308 1142
308 1282
308 1972
309 355
309 401
309 494
309 689
309 692
309 708
309 814
309 895
309 1007
309 1154
309 1286
309 1445
309 1566
309 1686
310 338
310 345
310 432
310 492
310 542
310 745
310 815
310 1380
310 1381
310 1382
310 1383
311 1916
312 1280
312 1624
312 1993
313 562
313 848
313 874
313 891
313 1114
313 1122
313 1403
313 1459
313 1561
313 1665
313 1694
313 1787
313 1805
315 679
315 757
315 926
315 1256
315 1501
315 1645
315 1880
315 1966
317 318
317 322
317 330
318 519
318 904
318 1101
318 1227
318 1242
318 1333
318 1464
318 1583
318 1631
318 1852
318 1878
319 840
320 401
321 1597
322 531
322 689
322 724
322 759
322 764
322 1312
322 1572
322 1661
322 1700
323 345
323 1259
323 1628
324 494
324 495
326 469
330 641
330 726
330 768
330 1289
330 1508
330 1558
330 1563
330 1865
331 332
331 333
331 334
331 335
331 336
331 337
331 338
331 339
332 1877
333 1490
334 1414
335 647
336 1838
337 346
337 350
337 585
337 605
337 610
337 668
337 713
337 834
337 961
337 963
337 1014
337 1115
337 1199
337 1294
337 1405
337 1487
337 1517
337 1664
339 1791
340 1401
345 347
345 474
345 654
345 1059
345 1096
345 1138
345 1219
345 1220
345 1221
345 1222
346 1688
347 1487
350 1272
351 689
351 1971
352 451
352 1767
354 890
355 356
355 357
355 359
356 615
356 771
356 776
356 804
356 1108
356 1298
356 1607
356 1764
357 386
357 595
357 993
357 1163
357 1247
357 1282
357 1558
357 1662
357 1675
357 1728
357 1853
358 610
359 444
359 460
359 637
359 698
359 1088
359 1119
359 1129
359 1340
359 1732
359 1932
361 713
363 640
363 1577
367 408
367 684
367 954
367 1128
367 1377
367 1435
367 1436
367 1591
369 473
369 1280
370 373
371 1628
371 1961
373 549
373 834
373 916
373 1065
373 1177
373 1309
373 1586
373 1639
374 858
376 1342
377 1414
377 1419
378 1624
378 1758
378 1853
379 1272
379 1274
380 381
380 382
380 383
380 384
380 385
380 386
380 387
380 388
380 389
380 390
380 391
381 560
381 1396
382 1852
383 451
383 1838
384 638
384 1961
386 890
387 1749
388 538
388 915
388 1259
389 549
389 551
389 770
389 953
389 1008
389 1293
389 1301
389 1686
389 1759
389 1868
389 1931
389 1988
390 1852
392 393
392 401
392 402
392 408
393 628
393 644
393 703
395 689
395 1675
396 1257
396 1414
399 1012
399 1627
399 1698
400 1866
401 449
401 767
401 992
401 1016
401 1100
401 1368
401 1542
401 1764
402 813
402 1274
402 1520
402 1691
402 1710
405 890
405 963
405 1736
406 512
407 619
407 771
408 1022
408 1085
408 1307
408 1349
408 1444
408 1451
410 510
410 512
412 522
413 812
413 1456
415 1512
415 1580
418 1401
421 1916
422 429
425 994
426 1257
426 1719
429 614
429 681
429 823
429 885
429 955
429 1132
429 1138
429 1233
429 1265
429 1337
429 1369
435 1439
435 1736
437 1435
437 1953
438 939
439 1223
441 1445
441 1995
442 1852
447 451
448 713
450 1487
451 695
451 703
451 756
451 857
451 978
451 1203
451 1220
451 1621
451 1885
452 1577
453 1128
455 1012
455 1577
456 473
457 462
458 495
458 939
461 665
462 659
462 669
462 771
462 1018
462 1197
462 1347
462 1410
462 1840
462 1857
464 1362
467 469
467 473
468 647
469 689
469 763
469 880
469 1302
469 1475
469 1515
469 1588
472 1636
473 588
473 760
473 771
473 968
473 1516
473 1541
474 665
474 1223
475 647
477 479
479 508
479 1008
479 1510
480 933
481 1993
482 1419
483 1554
485 1362
487 647
488 1960
489 638
489 881
490 933
491 1126
492 1253
493 994
493 1257
494 608
494 1117
494 1243
494 1288
494 1375
494 1629
495 689
495 1009
495 1321
495 1606
495 1618
495 1889
495 1890
497 1719
498 1995
499 873
502 619
502 991
504 610
504 1135
508 1008
508 1993
509 994
509 1667
510 846
510 1017
510 1055
510 1088
510 1336
512 909
512 977
512 1388
512 1737
512 1833
512 1866
514 1015
515 1223
515 1580
516 1272
518 566
520 522
522 585
522 727
522 1767
523 1013
524 1694
525 1135
525 1756
528 538
530 1535
530 1916
533 1736
534 1215
535 881
538 683
538 712
538 1008
538 1080
538 1102
538 1557
538 1648
544 1782
545 810
545 1636
546 875
548 566
548 1877
548 1921
549 840
549 1170
550 560
551 1157
552 1953
556 1547
557 1419
560 663
560 834
560 1368
560 1507
560 1518
560 1519
561 566
562 1875
564 1215
566 1031
566 1256
567 1791
568 810
568 812
568 814
570 1026
570 1054
572 858
573 1813
575 1456
576 1128
576 1132
577 1054
577 1148
578 1170
579 1334
579 1438
581 1012
581 1782
583 634
583 798
583 1169
583 1351
583 1403
583 1449
583 1745
583 1761
584 635
585 1135
586 840
588 720
590 647
592 1334
593 1103
594 1772
597 605
599 993
600 1698
601 1758
601 1767
603 1290
604 1256
604 1706
605 738
605 1335
605 1845
605 1898
605 1913
605 1963
606 1828
607 610
608 1512
609 1513
609 1855
610 653
610 699
610 1217
610 1246
610 1326
610 1480
612 1829
614 720
614 1414
616 1794
619 700
619 753
619 923
619 1003
619 1065
619 1281
619 1282
619 1283
619 1284
620 713
621 1772
622 1719
622 1875
623 1342
627 1407
628 635
629 1393
631 1219
633 1550
635 834
635 1203
635 1206
635 1208
635 1954
635 1967
636 1010
636 1390
636 1627
637 638
637 640
638 646
638 873
638 946
638 999
638 1087
638 1132
638 1423
638 1570
640 915
640 1052
640 1083
640 1230
640 1267
640 1461
644 1215
645 1377
645 1738
646 991
646 1075
646 1736
647 1543
647 1671
648 810
650 1103
650 1960
651 1445
652 1782
653 1756
654 774
655 656
655 657
655 658
655 659
655 660
655 661
655 662
655 663
655 664
656 1624
657 1161
657 1961
658 1758
659 1272
659 1390
659 1921
662 946
663 1597
664 1223
664 1580
665 666
665 667
665 668
665 669
665 670
665 671
665 672
666 1128
666 1396
668 720
668 739
668 1024
668 1111
668 1138
668 1220
668 1420
668 1688
668 1921
668 1922
668 1923
669 768
669 771
673 676
674 963
674 1290
675 1698
676 707
676 824
676 912
676 1403
676 1417
676 1555
676 1707
676 1832
679 810
683 1758
684 1636
685 1393
686 1719
687 1075
687 1561
687 1675
687 1719
689 793
689 834
689 998
689 1117
689 1332
689 1346
689 1627
689 1698
690 1256
691 1259
691 1813
692 1667
692 1852
694 1551
695 777
696 1010
697 784
697 911
700 1407
700 1624
701 1853
702 1419
704 854
704 938
704 1036
704 1282
704 1366
705 1223
706 1438
707 884
708 1580
709 713
713 998
713 1063
713 1210
713 1599
713 1711
715 1401
715 1445
717 903
720 949
720 1108
720 1421
720 1425
720 1545
720 1573
720 1809
720 1810
720 1881
721 777
721 1219
724 1390
725 1597
726 1923
727 1405
727 1664
730 810
730 1513
731 873
731 1015
736 1405
738 1390
739 740
739 741
739 742
740 1075
742 812
743 1259
744 988
744 1393
745 1767
747 858
748 1875
750 933
751 1866
757 832
757 1664
759 1419
762 1075
762 1150
764 771
764 1419
764 1772
765 829
765 832
765 1390
765 1782
765 1953
768 915
768 918
768 1056
768 1170
768 1171
768 1172
768 1173
768 1174
768 1175
768 1176
768 1177
768 1178
769 914
769 1054
769 1148
770 933
771 849
771 1223
771 1405
771 1419
771 1531
771 1746
771 1855
771 1993
772 1866
773 774
773 777
774 1064
774 1425
774 1767
774 1816
776 1405
777 870
777 930
777 965
777 1065
777 1094
777 1256
777 1630
777 1903
778 1758
779 1264
779 1829
781 1682
782 1439
784 878
784 1081
784 1159
784 1176
784 1238
784 1403
784 1463
784 1710
784 1914
784 1925
788 1738
791 1487
791 1490
792 840
793 1170
799 1675
800 1219
805 903
808 875
809 1132
809 1782
809 1875
810 975
810 1091
810 1175
810 1311
810 1895
811 1264
812 967
812 1008
812 1394
812 1700
812 1745
812 1781
812 1848
814 992
814 1089
814 1340
814 1473
814 1996
816 840
817 988
817 1559
818 1566
821 829
822 1813
823 1456
824 1274
824 1405
824 1923
825 1512
829 841
829 876
829 878
829 1080
829 1132
829 1239
829 1327
829 1550
829 1577
829 1817
829 1819
830 1487
831 1055
832 833
832 834
832 835
832 836
832 837
833 1013
833 1995
834 884
834 915
834 1135
834 1396
834 1401
834 1580
834 1628
834 1719
836 1055
836 1274
838 840
840 915
840 952
840 1088
840 1341
840 1358
840 1471
842 1220
842 1393
849 1916
851 1264
851 1290
852 858
858 991
858 1442
858 1610
858 1709
858 1766
858 1854
858 1905
859 875
859 1866
863 1559
864 1512
866 1877
871 1682
874 1362
875 945
875 1132
875 1469
875 1598
875 1835
879 988
879 1132
880 881
880 884
881 1020
881 1055
882 1272
882 1995
884 992
884 1118
884 1139
884 1564
884 1644
884 1950
885 1010
887 1838
890 915
890 1110
890 1404
890 1900
892 1334
894 1756
895 1566
899 1012
899 1170
901 1401
901 1736
903 1282
903 1680
903 1947
905 911
908 1012
911 1033
911 1403
911 1443
911 1470
911 1563
911 1612
912 1055
914 915
914 916
914 917
914 918
914 919
914 920
914 921
914 922
915 1026
915 1052
915 1148
915 1215
915 1272
915 1282
915 1813
915 1866
915 1971
916 1103
916 1280
918 1923
919 1054
919 1393
921 1403
922 1682
923 933
925 939
925 1566
925 1738
929 1487
929 1561
930 1272
933 1103
933 1778
933 1901
938 1597
938 1960
939 1141
939 1325
939 1400
939 1722
940 1875
943 946
944 1334
945 1346
945 1961
946 1085
946 1086
946 1087
946 1088
951 1551
951 1866
953 1828
956 961
957 1257
959 1923
960 1694
961 1100
961 1138
961 1338
961 1526
961 1662
961 1907
964 996
966 1535
968 1772
973 1490
974 1782
975 1111
976 1456
979 1135
981 1435
983 1828
984 1838
986 1075
987 1513
987 1855
988 989
988 990
988 991
988 992
990 1132
990 1667
991 1003
991 1008
991 1274
991 1559
991 1708
991 1905
991 1922
992 1916
993 1083
993 1273
993 1359
993 1466
993 1777
994 1018
994 1046
994 1407
994 1673
994 1821
996 1407
996 1575
996 1587
996 1763
996 1818
996 1996
997 1026
997 1772
999 1396
1001 1215
1006 1580
1008 1126
1008 1161
1008 1282
1008 1403
1008 1456
1008 1551
1008 1706
1008 1749
1008 1782
1008 1828
1008 1960
1010 1193
1010 1199
1010 1394
1010 1534
1010 1557
1010 1732
1011 1180
1011 1381
1011 1471
1011 1711
1012 1060
1012 1205
1012 1449
1012 1450
1012 1451
1012 1452
1013 1418
1013 1436
1015 1446
1015 1747
1015 1799
1015 1888
1015 1974
1017 1624
1018 1559
1018 1758
1024 1026
1026 1059
1026 1788
1026 1892
1026 1928
1026 1954
1028 1377
1029 1866
1030 1738
1031 1148
1031 1627
1036 1877
1040 1272
1040 1877
1044 1280
1044 1736
1048 1791
1054 1220
1054 1598
1054 1599
1054 1600
1055 1204
1055 1405
1055 1463
1055 1510
1055 1535
1055 1562
1055 1600
1055 1898
1055 1942
1058 1439
1059 1456
1062 1334
1065 1921
1066 1256
1066 1667
1067 1736
1067 1916
1069 1435
1070 1075
1074 1170
1075 1106
1075 1196
1075 1731
1075 1834
1076 1628
1080 1866
1082 1813
1083 1855
1090 1953
1092 1636
1094 1667
1096 1377
1096 1983
1097 1435
1097 1624
1100 1103
1102 1439
1102 1627
1103 1277
1103 1282
1103 1493
1103 1586
1103 1742
1103 1838
1103 1935
1104 1157
1109 1923
1111 1112
1111 1113
1115 1253
1115 1866
1116 1213
1117 1126
1117 1698
1122 1253
1124 1126
1125 1923
1126 1205
1126 1235
1127 1682
1128 1268
1128 1830
1132 1150
1132 1274
1132 1302
1132 1767
1132 1781
1132 1841
1132 1885
1134 1135
1135 1752
1135 1949
1136 1161
1136 1332
1140 1877
1141 1961
1148 1240
1148 1286
1148 1398
1148 1425
1148 1460
1148 1461
1148 1462
1148 1463
1149 1219
1150 1186
1150 1326
1150 1715
1154 1157
1154 1161
1157 1208
1157 1220
1157 1458
1157 1691
1157 1935
1158 1403
1158 1664
1161 1548
1161 1591
1161 1870
1165 1213
1167 1738
1168 1988
1170 1388
1170 1440
1170 1508
1170 1668
1170 1669
1171 1439
1172 1876
1174 1280
1174 1407
1175 1554
1177 1456
1180 1513
1181 1988
1183 1257
1186 1456
1187 1435
1187 1438
1188 1667
1191 1554
1192 1636
1196 1435
1199 1390
1199 1706
1200 1215
1206 1664
1213 1497
1213 1586
1213 1935
1215 1741
1215 1880
1217 1405
1218 1490
1219 1358
1219 1366
1219 1416
1219 1659
1220 1280
1220 1554
1220 1597
1220 1672
1220 1777
1220 1935
1222 1566
1222 1838
1223 1224
1223 1225
1226 1749
1227 1627
1229 1342
1235 1566
1241 1342
1244 1988
1246 1407
1250 1253
1253 1407
1253 1567
1253 1927
1256 1257
1256 1258
1256 1259
1257 1285
1257 1603
1257 1899
1258 1346
1259 1363
1259 1649
1259 1789
1260 1264
1261 1876
1261 1877
1262 1624
1264 1403
1264 1696
1264 1759
1264 1765
1264 1840
1264 1856
1270 1280
1272 1384
1272 1478
1272 1587
1272 1781
1272 1808
1274 1309
1274 1362
1274 1438
1274 1439
1274 1624
1274 1636
1274 1682
1274 1819
1274 1905
1274 1961
1276 1280
1278 1960
1279 1332
1280 1880
1281 1414
1282 1393
1282 1407
1282 1414
1282 1875
1282 1876
1282 1877
1284 1995
1289 1290
1290 1566
1290 1840
1292 1559
1294 1667
1294 1682
1297 1719
1298 1706
1299 1627
1304 1813
1305 1346
1307 1332
1307 1550
1310 1995
1311 1401
1313 1407
1314 1828
1321 1767
1322 1866
1323 1838
1323 1961
1326 1535
1326 1675
1327 1401
1328 1682
1332 1339
1332 1381
1332 1582
1332 1583
1332 1918
1333 1334
1334 1393
1334 1502
1341 1813
1342 1403
1342 1717
1344 1916
1345 1577
1345 1838
1346 1672
1346 1755
1346 1920
1348 1401
1349 1554
1351 1719
1353 1988
1359 1923
1360 1362
1361 1791
1362 1672
1362 1692
1362 1886
1362 1970
1364 1782
1365 1682
1367 1719
1373 1438
1373 1875
1374 1414
1377 1472
1377 1859
1378 1561
1389 1758
1390 1391
1390 1392
1390 1393
1390 1394
1393 1415
1393 1460
1393 1901
1393 1983
1394 1923
1395 1439
1396 1854
1396 1860
1396 1919
1401 1798
1401 1927
1402 1403
1402 1405
1402 1407
1403 1512
1403 1791
1405 1459
1405 1611
1405 1738
1407 1575
1407 1901
1411 1559
1413 1628
1414 1485
1414 1562
1414 1563
1419 1558
1419 1632
1419 1948
1420 1782
1425 1624
1425 1960
1431 1624
1435 1513
1435 1675
1435 1756
1435 1895
1435 1973
1436 1627
1436 1675
1438 1950
1439 1440
1444 1664
1445 1571
1445 1588
1445 1897
1450 1580
1451 1547
1456 1615
1456 1755
1456 1774
1459 1628
1459 1636
1459 1855
1461 1993
1464 1921
1472 1758
1481 1983
1483 1551
1483 1767
1484 1675
1487 1769
1490 1660
1490 1691
1490 1767
1490 1895
1497 1791
1498 1791
1504 1813
1509 1756
1510 1512
1512 1591
1512 1710
1512 1801
1512 1867
1513 1642
1513 1759
1513 1760
1514 1756
1514 1953
1515 1547
1516 1559
1516 1829
1525 1876
1530 1566
1531 1719
1531 1828
1531 1829
1533 1772
1535 1608
1535 1821
1535 1824
1535 1860
1535 1934
1535 1947
1547 1640
1548 1550
1548 1551
1550 1871
1551 1771
1554 1594
1554 1937
1555 1767
1555 1782
1559 1869
1559 1947
1559 1948
1561 1619
1561 1653
1561 1938
1566 1829
1571 1738
1574 1577
1576 1628
1577 1647
1578 1580
1581 1706
1581 1961
1586 1960
1589 1791
1594 1597
1597 1600
1597 1616
1611 1971
1620 1813
1621 1719
1624 1857
1626 1971
1627 1635
1627 1708
1628 1721
1628 1724
1631 1749
1636 1819
1636 1878
1639 1688
1640 1758
1647 1916
1647 1961
1652 1694
1654 1772
1658 1853
1666 1738
1667 1675
1667 1702
1675 1962
1675 1967
1679 1877
1688 1811
1688 1840
1692 1698
1692 1767
1698 1699
1698 1700
1698 1701
1700 1953
1706 1707
1709 1829
1712 1719
1717 1719
1732 1852
1736 1767
1736 1919
1738 1857
1746 1875
1749 1843
1756 1810
1756 1865
1756 1904
1756 1930
1758 1767
1758 1906
1758 1970
1759 1813
1765 1853
1767 1772
1767 1794
1767 1795
1767 1916
1772 1773
1772 1774
1782 1783
1783 1866
1789 1794
1789 1852
1791 1857
1793 1794
1797 1995
1801 1953
1810 1813
1812 1875
1812 1921
1813 1951
1828 1850
1829 1842
1829 1959
1837 1838
1838 1895
1847 1852
1850 1916
1852 1975
1853 1854
1866 1894
1876 1980
1877 1929
1879 1993
1882 1916
1894 1916
1894 1960
1897 1961
1916 1952
1917 1988
1922 1993
1947 1971
1971 1972
1984 1993
