0 1
1 759
1 1247
1 1256
2 1542
3 890
3 895
6 439
7 780
8 936
9 318
9 356
9 802
10 1011
10 1013
11 309
11 352
12 1469
12 1941
14 21
14 24
19 320
19 1428
20 1110
20 1256
20 1259
20 1454
21 98
21 189
21 337
21 394
21 615
21 692
21 869
21 1057
21 1145
21 1204
21 1544
22 802
22 849
22 1110
23 1679
24 173
24 258
24 433
24 606
24 882
24 1077
24 1131
24 1154
24 1348
24 1469
24 1604
24 1747
24 1748
24 1749
25 1154
25 1482
27 28
27 29
27 32
28 74
28 115
28 353
28 453
28 654
28 1154
28 1362
28 1602
28 1830
29 295
29 710
29 942
29 1130
29 1256
29 1505
29 1539
29 1570
29 1858
30 1405
31 1354
32 98
32 143
32 159
32 195
32 299
32 387
32 866
32 1154
32 1640
38 211
38 532
38 829
38 1258
40 257
41 1216
41 1361
41 1576
43 1553
44 45
44 46
44 47
44 48
44 49
44 50
44 51
44 52
44 53
44 54
44 55
44 56
44 57
44 58
44 59
45 1478
46 356
46 462
46 494
46 1500
47 442
47 689
47 690
47 692
48 491
49 208
49 446
49 455
49 508
49 902
49 1107
49 1110
49 1126
49 1323
49 1471
49 1581
49 1652
49 1692
49 1728
49 1732
50 1259
50 1332
51 740
51 979
51 1951
53 97
53 655
53 938
55 677
55 690
58 1538
59 1257
59 1576
60 61
60 62
60 63
60 64
60 65
60 66
61 1053
62 532
62 604
62 991
62 997
65 171
65 224
65 234
65 318
65 332
65 359
65 489
65 647
65 756
65 810
65 823
65 1321
65 1929
65 1995
67 69
68 524
69 121
69 171
69 350
69 364
69 365
69 366
69 367
69 368
69 369
72 566
72 1714
74 1053
75 733
75 1456
76 225
77 257
79 1003
79 1156
79 1930
80 1855
84 1216
84 1705
85 495
88 1210
89 220
89 407
89 647
90 566
90 1565
90 1650
92 352
93 94
93 95
93 96
93 97
93 98
93 99
93 100
95 1428
96 431
96 991
96 1650
97 213
97 414
97 597
97 733
97 924
97 936
97 1245
97 1256
97 1310
97 1354
97 1440
97 1705
97 1923
98 272
100 197
103 1638
104 868
105 1923
107 407
107 1017
108 1138
108 1705
109 407
110 1353
110 1680
111 604
112 780
112 1046
112 1178
113 902
113 991
113 1576
115 414
116 1547
117 118
117 119
117 120
117 121
118 277
118 1714
119 1178
119 1326
120 200
120 203
120 333
120 378
120 560
120 595
120 802
120 819
120 1053
120 1058
120 1319
120 1426
120 1570
120 1684
120 1987
125 1258
126 780
129 1173
130 708
132 831
133 393
133 823
135 136
135 137
135 138
135 139
135 140
135 141
135 142
135 143
135 144
135 145
135 146
137 895
138 1405
139 979
140 305
145 165
145 288
145 437
145 502
145 520
145 639
145 771
145 981
145 1167
145 1353
145 1539
145 1559
145 1721
145 1748
145 1829
145 1915
146 1781
148 1371
151 1581
154 1679
155 156
155 157
156 417
156 454
156 520
156 642
156 991
156 1192
156 1351
156 1387
156 1759
157 282
157 322
157 502
157 1847
157 1922
157 1945
158 351
158 352
159 849
163 936
164 595
164 1915
164 1964
165 1399
165 1428
167 442
168 828
169 171
170 647
170 1953
171 257
171 393
171 655
171 1008
171 1075
171 1213
171 1256
171 1283
171 1517
171 1547
171 1742
171 1953
173 566
173 1156
173 1676
174 936
174 1154
175 733
175 1156
175 1744
177 502
177 647
180 315
180 1353
182 864
182 1495
184 212
186 777
188 524
188 604
188 1371
189 771
189 1745
190 356
195 212
196 799
196 849
196 1034
196 1829
197 198
197 199
197 200
197 201
197 202
197 203
197 204
197 205
197 206
197 207
198 938
199 431
199 1371
200 212
200 296
200 390
200 402
200 501
200 821
200 944
200 1017
200 1216
200 1495
200 1542
200 1553
200 1565
200 1650
200 1910
203 225
203 230
204 639
207 831
208 211
208 212
208 213
208 220
209 687
210 489
210 708
211 395
211 692
211 784
211 863
211 1006
211 1095
211 1280
211 1407
211 1848
212 560
212 576
212 619
212 1429
212 1496
212 1588
212 1825
212 1826
212 1827
213 304
213 530
213 638
213 1026
213 1065
214 1107
215 455
217 796
219 708
220 1256
220 1348
220 1365
220 1640
220 1690
220 1820
221 988
221 1283
221 1482
222 1017
223 277
225 587
225 696
225 1110
225 1251
225 1296
225 1303
225 1425
225 1512
225 1556
226 312
226 632
226 1017
228 320
228 822
228 1319
230 341
230 579
230 772
230 842
230 1110
230 1161
230 1476
230 1513
230 1558
230 1559
232 1479
233 831
233 1216
234 604
234 822
236 1034
239 1581
240 1138
240 1259
241 1705
243 740
244 495
244 1517
245 491
245 902
245 1650
247 258
251 1781
252 494
252 1003
252 1162
253 257
254 840
254 1553
257 601
257 725
257 1045
257 1069
257 1075
257 1208
257 1352
257 1367
257 1554
257 1937
258 676
258 1109
258 1122
258 1537
258 1747
258 1819
259 1829
260 632
260 740
261 1066
261 1187
261 1419
262 1456
262 1953
263 639
263 822
264 402
265 272
266 1419
267 827
267 1987
269 1542
270 1187
271 455
271 799
272 420
272 751
272 823
272 860
272 1030
272 1087
272 1420
272 1621
272 1756
272 1864
272 1893
274 277
274 279
276 689
276 1528
277 311
277 372
277 707
277 713
277 742
277 834
277 1067
277 1276
278 1445
279 355
279 372
279 576
279 845
279 1035
279 1087
279 1367
279 1911
280 777
281 988
282 864
283 687
283 1210
287 288
287 296
288 301
288 346
288 458
288 572
288 645
288 945
288 1101
288 1367
288 1486
288 1698
288 1750
290 1676
291 1323
292 944
293 1353
296 508
296 1030
296 1384
296 1415
296 1455
296 1485
296 1868
297 305
298 1353
303 1565
304 828
305 569
305 911
305 987
305 1045
305 1461
305 1714
305 1882
305 1994
307 309
307 312
307 315
309 355
309 401
309 494
309 689
309 692
309 708
309 814
309 895
309 1007
309 1154
309 1286
309 1445
309 1566
309 1686
312 503
312 1018
312 1154
312 1194
312 1280
312 1522
312 1624
312 1993
315 679
315 757
315 926
315 1256
315 1501
315 1645
315 1880
315 1966
316 997
317 318
317 320
318 519
318 904
318 1101
318 1227
318 1242
318 1333
318 1464
318 1583
318 1631
318 1852
318 1878
319 840
320 401
320 692
320 965
320 1106
320 1114
320 1242
320 1367
320 1928
321 491
321 1210
322 689
323 1259
324 491
324 494
324 495
325 826
325 1138
325 1371
326 1479
328 1929
330 1289
331 333
333 339
333 379
333 525
333 670
333 760
333 934
333 1381
333 1490
333 1764
333 1785
335 647
336 864
336 1399
337 1405
337 1517
338 592
339 938
343 439
343 1155
343 1538
344 734
344 1469
345 1138
346 1003
348 439
349 780
349 1216
351 689
351 1202
351 1971
352 381
352 412
352 451
352 1154
352 1241
352 1472
352 1507
352 1767
353 1066
354 890
355 356
355 359
356 615
356 771
356 776
356 804
356 1108
356 1298
356 1607
356 1764
357 595
357 1163
359 444
359 460
359 637
359 698
359 1088
359 1119
359 1129
359 1340
359 1732
359 1932
361 828
362 1721
364 830
364 1156
365 936
365 1542
365 1638
366 998
366 1469
367 1436
368 604
369 473
369 491
369 1154
369 1454
370 372
370 374
370 378
371 822
372 387
372 436
372 508
372 579
372 639
372 864
372 898
372 918
372 979
372 1034
372 1289
372 1418
372 1700
372 1744
372 1801
374 514
374 858
374 1139
374 1143
374 1154
374 1546
374 1692
376 1258
377 491
377 1419
378 456
378 575
378 616
378 878
378 1041
378 1145
378 1302
378 1624
378 1632
378 1758
378 1853
378 1980
380 390
381 1159
383 898
385 1349
386 890
388 1259
388 1289
390 415
390 457
390 684
390 959
390 1167
390 1852
392 393
392 402
392 407
393 628
393 644
393 703
395 689
396 1257
397 1678
400 1915
401 1542
402 813
402 1274
402 1520
402 1691
402 1710
403 831
404 733
404 734
405 890
405 1714
405 1941
406 1929
407 619
407 771
407 870
407 1356
407 1562
407 1602
408 1349
409 414
413 1456
414 987
415 1323
417 1178
418 826
418 898
420 1371
422 431
426 1257
427 1473
429 823
429 1138
430 1479
431 568
431 586
431 692
431 767
431 1606
431 1644
431 1843
431 1956
432 1163
433 822
436 439
436 442
437 1953
439 695
439 821
439 1058
439 1092
439 1223
439 1531
439 1661
441 1445
441 1987
442 692
442 980
442 1005
442 1071
442 1227
442 1433
442 1630
442 1703
442 1852
442 1963
444 780
446 1482
447 455
448 524
449 532
450 524
452 489
452 979
454 1474
454 1475
455 656
455 953
455 975
455 1012
455 1525
455 1577
455 1879
456 473
456 1638
457 462
458 495
458 799
458 938
460 1187
460 1500
462 659
462 669
462 771
462 1018
462 1197
462 1347
462 1410
462 1840
462 1857
464 827
467 473
468 647
469 689
469 1475
471 1915
473 588
473 760
473 771
473 968
473 1516
473 1541
474 1353
475 647
476 1676
476 1714
478 1310
482 491
482 1419
484 1454
484 1638
485 1138
486 489
487 647
488 677
488 1479
488 1542
489 577
489 631
489 638
489 836
489 881
489 923
489 970
489 1051
489 1471
489 1582
489 1583
490 592
491 742
491 850
491 989
491 1126
491 1155
491 1374
491 1790
491 1994
492 1929
493 821
493 997
493 1257
494 608
494 1117
494 1243
494 1288
494 1375
494 1629
495 689
495 1009
495 1321
495 1606
495 1618
495 1889
495 1890
496 497
496 498
496 499
496 500
496 501
496 502
496 503
496 504
499 828
501 740
501 1650
502 543
502 600
502 619
502 984
502 991
502 1046
502 1094
502 1178
502 1528
502 1745
502 1769
502 1950
502 1951
503 1652
504 687
504 979
504 1173
504 1185
505 780
506 799
507 1650
510 1017
515 1107
517 1156
518 566
519 1319
520 524
523 924
523 1013
523 1066
523 1326
524 823
524 889
524 975
524 1113
524 1198
524 1694
528 532
528 535
530 828
531 1930
532 824
532 1087
532 1325
532 1471
532 1607
532 1712
535 881
535 1328
535 1537
535 1700
535 1714
537 1017
537 1131
539 1159
539 1553
543 734
545 810
545 1679
546 1721
546 1744
547 1742
548 566
549 827
549 840
549 1326
549 1477
551 1157
551 1159
551 1210
552 1953
556 821
556 1547
557 1053
557 1419
561 566
562 868
562 1482
563 1371
564 1326
565 849
565 895
565 1173
566 1031
566 1256
568 810
569 1185
575 1456
576 1131
578 823
578 1354
578 1495
580 1319
581 1951
582 1361
583 1745
583 1761
585 1245
585 1761
586 840
587 592
587 595
590 647
590 1131
592 639
592 845
592 1334
592 1343
592 1388
592 1635
592 1765
592 1890
595 710
595 1076
595 1146
595 1168
595 1647
595 1754
595 1928
595 1968
597 604
600 1258
600 1679
601 1781
603 740
603 828
604 695
604 1256
604 1516
604 1706
604 1792
609 1855
610 1326
612 1829
613 1705
619 1003
619 1283
620 799
623 822
623 1517
623 1930
624 1874
627 895
627 1745
628 632
629 1553
630 1542
631 1517
632 724
632 1004
632 1659
632 1714
632 1931
635 1206
636 1678
636 1930
637 639
639 646
639 1154
639 1163
639 1173
639 1206
639 1241
639 1331
639 1371
639 1381
639 1496
639 1531
642 1319
643 1210
644 1216
646 991
646 1705
646 1714
647 1543
647 1671
648 810
648 1046
651 1445
655 656
655 657
655 658
655 659
655 660
655 661
655 662
655 663
655 664
656 979
656 1454
657 823
658 733
659 849
660 1745
662 1017
662 1714
663 1131
668 1138
668 1923
669 771
670 935
670 1915
671 1528
672 895
673 677
675 1678
677 891
677 1154
679 810
679 1553
682 1721
683 1289
687 718
687 984
687 1075
687 1154
687 1204
687 1287
687 1493
687 1561
687 1675
687 1719
687 1792
688 708
688 1761
689 793
689 834
689 998
689 1117
689 1332
689 1346
689 1627
689 1698
690 835
690 1152
690 1153
690 1256
690 1499
690 1501
691 1259
692 838
692 868
692 938
692 953
692 1185
692 1667
692 1714
692 1852
692 1918
692 1973
694 1542
695 777
695 1138
696 1110
696 1163
696 1679
699 1107
702 1419
704 938
705 1538
705 1680
708 714
708 1379
708 1408
708 1580
711 1107
713 998
713 1210
715 1445
721 777
725 902
725 1046
725 1053
726 1923
727 1210
727 1405
729 1941
730 796
730 810
731 1500
731 1680
732 1185
732 1475
732 1964
733 801
733 843
733 872
733 1105
733 1806
733 1952
733 1973
734 969
734 1155
734 1790
734 1886
734 1887
736 1405
738 1482
739 740
740 1075
740 1263
740 1299
740 1714
742 1781
743 1259
743 1744
744 988
747 1874
749 1436
751 1185
752 1107
753 826
755 1581
759 1419
760 1155
762 1482
762 1652
762 1761
763 1206
763 1210
764 771
764 1419
764 1471
764 1929
765 829
765 1953
766 1650
766 1676
766 1679
767 935
768 1173
768 1178
771 849
771 1223
771 1405
771 1419
771 1531
771 1746
771 1855
771 1993
772 1474
773 777
776 802
776 1405
777 870
777 930
777 965
777 1065
777 1094
777 1256
777 1630
777 1903
779 1349
779 1829
780 990
780 1130
780 1141
780 1154
780 1174
780 1198
780 1743
780 1980
781 1187
783 944
784 1159
786 1915
787 1474
788 1426
790 796
792 840
792 1185
792 1478
792 1650
793 1066
796 819
796 821
796 947
796 1108
796 1152
796 1648
796 1878
797 799
799 821
799 1204
799 1352
799 1675
799 1755
799 1778
799 1906
801 1354
802 803
802 804
802 805
802 806
802 807
802 808
803 936
803 1158
803 1225
804 823
804 1874
806 1941
807 1941
808 1310
808 1679
809 831
810 975
810 1091
810 1175
810 1311
810 1895
812 1745
812 1781
813 830
813 1185
814 1473
816 840
817 988
819 1310
821 822
821 823
821 824
821 825
821 826
821 827
821 828
821 829
821 830
821 831
822 1333
822 1730
822 1813
823 997
823 1138
823 1361
823 1436
823 1454
823 1456
824 1405
824 1923
825 826
826 1470
826 1504
827 1165
827 1645
828 950
828 1653
828 1800
828 1894
829 841
829 876
829 878
829 1080
829 1132
829 1239
829 1327
829 1550
829 1577
829 1817
829 1819
830 835
830 1136
830 1487
831 917
831 1055
831 1184
831 1453
831 1892
833 1013
833 1225
836 1354
836 1761
838 840
839 1371
840 915
840 952
840 1088
840 1341
840 1358
840 1471
843 1721
845 1454
849 865
849 1073
849 1275
849 1287
849 1916
850 1289
850 1542
856 1652
858 991
859 1744
860 1155
861 864
861 868
862 1495
863 1426
864 1217
864 1233
864 1285
864 1384
864 1512
864 1731
868 1073
868 1246
868 1645
868 1870
870 1482
875 1469
879 988
885 895
887 1652
890 915
890 1110
890 1404
890 1900
892 1258
895 934
895 1232
895 1566
896 898
896 902
898 1765
899 1517
900 1283
900 1477
902 1544
902 1557
902 1558
902 1572
902 1634
902 1919
902 1982
903 1680
904 1553
904 1705
908 1479
912 1173
917 1565
917 1652
918 1479
918 1923
920 1003
923 924
924 1198
924 1497
924 1872
929 1225
932 1473
934 935
934 936
935 949
935 987
935 1098
935 1110
935 1160
935 1831
935 1904
935 1957
936 1086
936 1661
938 1045
938 1597
938 1960
938 1968
942 1155
943 944
944 1041
944 1137
944 1329
944 1334
944 1764
944 1950
945 1428
947 1110
947 1185
951 1131
954 1156
957 1257
959 1923
959 1987
961 1138
964 997
964 998
969 1225
969 1714
970 1987
973 1034
976 1456
977 979
979 1109
979 1135
979 1218
979 1685
979 1936
979 1937
980 1178
980 1349
981 1283
985 1053
986 1163
987 1495
987 1855
988 989
988 990
988 991
988 992
989 1473
991 1003
991 1008
991 1274
991 1559
991 1708
991 1905
991 1922
994 1046
995 1742
997 1026
997 1411
997 1508
997 1690
997 1772
997 1822
998 1204
998 1205
1000 1003
1003 1092
1003 1411
1003 1412
1006 1107
1007 1495
1007 1528
1008 1456
1011 1180
1011 1381
1011 1471
1011 1711
1013 1418
1013 1436
1016 1017
1017 1624
1017 1626
1017 1968
1023 1216
1032 1155
1032 1915
1034 1058
1034 1363
1034 1366
1034 1499
1034 1703
1035 1528
1035 1680
1039 1053
1041 1163
1042 1479
1046 1047
1046 1048
1046 1049
1051 1910
1053 1070
1053 1116
1053 1591
1053 1707
1055 1405
1059 1163
1059 1456
1066 1256
1066 1422
1066 1434
1066 1526
1066 1666
1066 1667
1067 1349
1067 1440
1076 1158
1076 1910
1078 1473
1078 1528
1080 1910
1080 1941
1083 1855
1085 1482
1088 1426
1090 1953
1096 1349
1096 1650
1097 1399
1097 1714
1103 1742
1104 1157
1104 1500
1106 1371
1107 1221
1107 1250
1107 1459
1107 1991
1109 1923
1110 1116
1110 1399
1110 1482
1110 1500
1110 1576
1110 1638
1110 1639
1110 1761
1110 1781
1110 1968
1116 1553
1125 1923
1130 1155
1131 1345
1131 1615
1132 1781
1134 1138
1136 1332
1138 1959
1139 1987
1140 1162
1144 1761
1146 1326
1150 1326
1154 1155
1154 1156
1154 1157
1154 1158
1154 1159
1154 1160
1154 1161
1154 1162
1155 1225
1155 1296
1155 1349
1155 1471
1155 1639
1155 1874
1155 1885
1155 1941
1156 1184
1156 1718
1156 1741
1156 1989
1157 1208
1157 1220
1157 1458
1157 1691
1157 1935
1158 1263
1158 1403
1158 1622
1158 1664
1158 1703
1158 1974
1159 1199
1159 1211
1159 1370
1159 1463
1159 1857
1162 1549
1162 1555
1162 1754
1162 1926
1163 1201
1163 1506
1163 1799
1163 1805
1163 1974
1165 1283
1165 1676
1166 1638
1167 1565
1170 1440
1172 1705
1173 1198
1173 1408
1173 1899
1177 1456
1178 1241
1178 1544
1178 1770
1178 1771
1180 1517
1183 1257
1183 1581
1184 1185
1184 1187
1185 1265
1185 1336
1185 1609
1186 1426
1186 1456
1187 1298
1187 1300
1187 1301
1187 1304
1187 1435
1187 1436
1187 1437
1187 1438
1189 1528
1193 1245
1196 1721
1197 1915
1201 1721
1206 1664
1206 1972
1207 1323
1210 1339
1210 1436
1210 1594
1210 1763
1210 1933
1216 1252
1216 1658
1216 1768
1217 1405
1218 1319
1218 1929
1221 1576
1223 1225
1225 1630
1225 1906
1225 1913
1225 1926
1225 1965
1227 1399
1233 1440
1235 1964
1239 1528
1241 1310
1241 1495
1242 1245
1244 1473
1244 1964
1245 1304
1245 1639
1255 1353
1256 1257
1256 1258
1256 1259
1257 1285
1257 1603
1257 1899
1258 1346
1258 1398
1258 1422
1258 1448
1258 1501
1258 1753
1259 1363
1259 1649
1259 1789
1266 1349
1267 1680
1270 1987
1272 1478
1272 1781
1273 1473
1275 1283
1278 1684
1279 1332
1281 1354
1281 1705
1283 1605
1283 1692
1283 1739
1283 1740
1286 1349
1289 1290
1289 1291
1289 1292
1292 1744
1299 1310
1300 1473
1307 1332
1308 1310
1310 1465
1310 1543
1310 1570
1310 1861
1310 1933
1310 1995
1311 1399
1312 1471
1312 1553
1312 1929
1315 1929
1318 1469
1319 1728
1319 1885
1319 1922
1322 1426
1322 1680
1323 1703
1323 1838
1323 1928
1323 1961
1325 1326
1326 1535
1326 1675
1326 1714
1326 1797
1330 1744
1331 1679
1332 1339
1332 1381
1332 1582
1332 1583
1332 1918
1344 1528
1347 1349
1349 1509
1349 1554
1349 1691
1351 1361
1352 1987
1353 1489
1353 1534
1353 1704
1353 1974
1353 1988
1358 1929
1359 1923
1360 1361
1361 1402
1361 1791
1371 1376
1371 1443
1375 1474
1380 1676
1392 1721
1394 1923
1397 1474
1399 1643
1400 1638
1402 1405
1405 1459
1405 1611
1405 1738
1415 1482
1415 1542
1419 1558
1419 1632
1419 1948
1422 1761
1426 1618
1426 1724
1426 1803
1426 1967
1428 1714
1429 1482
1433 1538
1436 1538
1436 1627
1436 1645
1436 1675
1436 1676
1436 1677
1436 1678
1436 1679
1436 1680
1439 1440
1440 1629
1440 1764
1440 1918
1445 1571
1445 1588
1445 1897
1447 1929
1449 1721
1450 1479
1451 1547
1454 1572
1454 1609
1454 1718
1456 1615
1456 1755
1456 1774
1459 1855
1462 1679
1462 1680
1464 1650
1466 1565
1468 1495
1469 1743
1469 1903
1471 1472
1471 1473
1471 1474
1471 1475
1471 1476
1471 1477
1471 1478
1471 1479
1474 1633
1474 1816
1474 1957
1475 1732
1475 1760
1477 1557
1477 1604
1478 1539
1478 1660
1479 1584
1479 1644
1479 1665
1479 1802
1482 1493
1482 1573
1482 1974
1483 1542
1494 1742
1495 1615
1500 1750
1500 1769
1500 1935
1501 1721
1514 1953
1515 1547
1516 1829
1517 1611
1519 1565
1528 1976
1530 1742
1531 1829
1532 1652
1537 1742
1537 1964
1538 1539
1542 1933
1543 1678
1544 1714
1547 1640
1565 1568
1565 1808
1565 1843
1565 1881
1566 1829
1574 1576
1575 1680
1576 1628
1576 1954
1578 1581
1581 1656
1581 1706
1581 1746
1581 1768
1581 1961
1581 1979
1612 1874
1616 1951
1618 1781
1628 1721
1629 1650
1634 1638
1637 1680
1638 1689
1638 1776
1639 1684
1650 1723
1652 1694
1652 1765
1673 1742
1676 1751
1678 1801
1678 1972
1679 1729
1679 1832
1679 1877
1680 1841
1684 1685
1684 1686
1699 1745
1700 1953
1701 1744
1701 1745
1705 1962
1709 1829
1714 1930
1714 1964
1721 1872
1734 1745
1741 1742
1742 1811
1756 1930
1770 1915
1789 1910
1801 1930
1801 1953
1810 1964
1813 1951
1829 1842
1829 1959
1869 1987
1877 1929
1900 1951
1927 1929
1941 1945
1987 1994
