0 1
0 2
0 3
0 4
0 5
0 6
0 7
0 8
0 9
0 10
0 11
0 12
0 13
3 895
4 571
5 1026
5 1799
7 780
9 356
9 617
9 1125
10 48
10 226
10 304
10 334
10 939
10 1007
10 1008
10 1009
10 1010
10 1011
10 1012
10 1013
10 1014
10 1015
11 309
11 395
14 24
14 25
16 583
18 169
18 204
18 450
19 453
20 1454
20 1462
20 1668
21 1204
23 1047
24 173
24 258
24 433
24 606
24 882
24 1077
24 1131
24 1154
24 1348
24 1469
24 1604
24 1747
24 1748
24 1749
25 564
25 693
25 748
25 809
25 901
25 967
25 1093
25 1154
25 1482
28 453
28 1154
29 1539
31 755
31 874
32 387
32 1154
33 1984
35 1604
38 518
41 1216
42 518
43 1940
44 48
45 1496
45 1551
46 356
46 1499
48 400
48 491
48 691
48 695
48 1234
48 1493
48 1863
49 455
49 508
50 433
50 1036
50 1384
51 874
51 979
51 1499
52 1979
54 520
55 677
56 874
57 584
58 409
62 666
62 991
63 1747
64 583
65 234
65 647
65 1321
66 1539
67 69
69 121
69 171
69 350
69 364
69 365
69 366
69 367
69 368
69 369
71 1103
73 453
73 858
74 1052
74 1054
75 1456
75 1646
76 1026
77 698
78 82
79 370
79 1003
79 1156
79 1352
82 870
82 985
82 1199
82 1476
82 1696
82 1985
84 1216
85 1903
86 92
89 407
89 647
89 1384
90 1322
90 1432
90 1462
92 107
92 352
92 522
92 561
92 747
92 1144
92 1301
92 1507
92 1664
94 1605
95 1799
96 991
96 1496
97 1310
99 1648
104 234
104 1903
106 107
106 108
106 109
106 110
106 111
106 112
106 113
106 114
106 115
106 116
107 407
107 477
107 666
107 681
107 813
107 880
107 897
107 959
107 1017
107 1125
107 1525
107 1648
107 1816
107 1864
109 407
109 1103
110 1264
110 1353
111 384
111 617
112 780
112 1178
113 991
114 1871
115 1296
118 277
119 1178
120 1426
121 1384
123 1407
125 1747
126 780
126 784
127 511
127 1204
129 1173
130 708
132 698
133 918
134 981
135 136
135 137
135 138
135 139
135 140
135 141
135 142
135 143
135 144
135 145
135 146
137 895
138 451
139 979
139 1298
139 1871
140 1240
142 1296
144 1922
145 165
145 288
145 437
145 502
145 520
145 639
145 771
145 981
145 1167
145 1353
145 1539
145 1559
145 1721
145 1748
145 1829
145 1915
147 151
148 1371
151 170
151 227
151 791
151 861
151 1078
151 1518
151 1533
151 1549
151 1581
151 1696
151 1755
153 583
153 584
155 161
155 165
156 454
156 520
156 991
157 1922
158 349
158 354
159 449
161 412
161 447
161 515
161 933
161 1625
162 389
164 1915
165 481
165 1126
165 1399
165 1413
165 1428
165 1866
165 1918
166 1404
167 1282
167 1605
168 349
168 1077
169 170
169 171
169 172
169 173
169 174
169 175
169 176
169 177
170 300
170 590
170 647
170 813
170 1049
170 1305
170 1404
170 1499
170 1589
170 1658
170 1871
170 1903
170 1911
170 1940
170 1953
171 1008
171 1953
172 1703
173 1156
174 666
174 1154
175 837
175 1156
177 647
179 1716
180 1315
180 1353
182 1495
183 921
184 308
184 911
184 1167
188 217
188 1371
189 1338
189 1589
190 356
190 370
191 357
192 511
192 995
193 1668
193 1746
194 755
194 1813
196 1829
197 201
197 204
198 217
198 1026
199 1371
200 402
200 1017
200 1216
200 1495
201 266
201 447
201 452
201 552
201 773
201 1016
201 1021
201 1397
201 1489
201 1554
201 1555
201 1628
201 1957
203 230
204 639
204 793
204 798
204 835
204 916
204 1222
204 1301
204 1675
204 1980
207 911
208 214
208 217
210 708
211 395
211 784
211 1407
212 1496
212 1826
213 1026
214 605
214 852
214 968
214 1107
214 1236
214 1403
214 1416
215 455
215 1655
216 1120
216 1911
217 324
217 349
217 785
217 796
217 1150
217 1300
217 1304
217 1834
218 589
218 617
219 708
219 1047
220 1690
221 988
221 1499
222 1017
223 277
225 1296
225 1512
225 1556
226 312
226 1017
229 1315
229 1922
230 341
230 579
230 772
230 842
230 1110
230 1161
230 1476
230 1513
230 1558
230 1559
231 234
233 1077
233 1216
233 1711
234 345
234 447
234 604
234 822
234 1607
235 1049
236 1036
237 240
237 243
240 516
240 744
240 877
240 939
240 1138
240 1241
240 1259
240 1335
240 1637
240 1755
240 1913
243 349
243 642
243 671
243 740
243 1044
243 1101
243 1340
243 1506
244 354
246 249
247 263
249 303
249 508
249 607
249 627
249 629
249 900
249 958
249 1220
249 1552
249 1560
249 1642
252 949
252 1003
252 1162
254 840
254 880
254 897
255 981
255 1646
256 1414
257 1352
258 676
258 1747
258 1819
259 1829
261 1187
262 349
262 1456
262 1953
263 639
263 642
263 822
263 1181
263 1211
263 1306
263 1367
263 1427
263 1839
264 402
264 508
264 1404
267 1432
267 1864
269 755
270 447
270 1187
271 455
272 1864
274 277
276 448
276 456
276 1334
277 311
277 372
277 707
277 713
277 742
277 834
277 1067
277 1276
278 520
278 1445
279 372
279 1911
281 447
281 755
281 813
281 988
282 518
282 880
284 1077
285 874
285 911
286 1322
286 1746
287 288
287 290
288 301
288 346
288 458
288 572
288 645
288 945
288 1101
288 1367
288 1486
288 1698
288 1750
290 327
290 346
290 551
290 968
290 1282
290 1665
290 1676
290 1689
291 1052
292 1530
293 1352
293 1353
294 1551
295 959
295 1403
296 508
296 1384
296 1868
297 298
297 299
297 300
297 301
297 302
297 303
297 304
297 305
297 306
298 1353
299 511
300 409
300 429
300 447
300 511
300 584
300 949
300 1054
300 1085
300 1117
300 1120
300 1199
300 1298
300 1384
300 1646
300 1711
300 1799
301 880
301 1125
301 1432
303 447
304 903
304 1313
305 911
307 308
307 309
307 312
308 332
308 366
308 953
308 1142
308 1282
308 1972
309 355
309 401
309 494
309 689
309 692
309 708
309 814
309 895
309 1007
309 1154
309 1286
309 1445
309 1566
309 1686
311 589
311 1799
312 503
312 1018
312 1154
312 1194
312 1280
312 1522
312 1624
312 1993
313 874
313 1403
314 1868
316 546
316 1711
319 840
325 1371
329 453
329 1711
330 1289
334 1414
335 647
337 1014
337 1199
340 1125
342 770
342 1711
343 1431
346 579
346 837
346 1003
346 1048
346 1378
347 1668
349 384
349 617
349 780
349 808
349 1216
349 1228
349 1279
349 1336
349 1411
349 1615
349 1616
349 1967
351 1971
352 451
352 1154
352 1241
354 461
354 471
354 591
354 813
354 890
354 1564
354 1934
355 356
355 357
356 615
356 771
356 776
356 804
356 1108
356 1298
356 1607
356 1764
357 386
357 595
357 993
357 1163
357 1247
357 1282
357 1558
357 1662
357 1675
357 1728
357 1853
359 637
359 698
360 1047
360 1556
362 593
363 1655
364 830
364 1156
366 571
369 473
369 491
369 518
369 1098
369 1154
369 1172
369 1280
369 1322
369 1348
369 1375
369 1378
369 1454
369 1668
369 1770
370 371
370 372
370 373
370 374
370 375
370 376
370 377
370 378
370 379
372 387
372 436
372 508
372 579
372 639
372 864
372 898
372 918
372 979
372 1034
372 1289
372 1418
372 1700
372 1744
372 1801
373 1309
374 858
374 1154
375 1655
377 1414
377 1418
378 456
380 384
380 387
380 389
381 1048
381 1763
383 451
383 898
384 398
384 628
384 638
384 773
384 835
384 1076
384 1081
384 1082
384 1251
384 1710
384 1961
387 693
387 850
387 1079
387 1247
387 1488
387 1749
388 915
388 1289
388 1384
389 549
389 551
389 770
389 953
389 1008
389 1293
389 1301
389 1686
389 1759
389 1868
389 1931
389 1988
390 959
390 1167
392 395
392 402
392 407
395 508
395 536
395 689
395 716
395 751
395 871
395 1084
395 1529
395 1675
396 1414
399 1984
400 1049
400 1915
401 449
402 813
402 1274
402 1520
402 1691
402 1710
403 436
403 1432
406 1530
406 1746
407 619
407 771
407 870
407 1356
407 1562
407 1602
408 1085
409 410
409 411
409 412
409 413
409 414
409 415
409 416
409 417
409 418
409 419
409 420
409 421
410 508
410 511
412 456
413 1305
413 1456
415 511
415 1512
416 1384
417 1178
418 898
418 1648
418 1746
419 1117
420 1371
421 1167
422 429
422 433
423 1321
423 1432
423 1496
428 1378
429 614
429 681
429 823
429 885
429 955
429 1132
429 1138
429 1233
429 1265
429 1337
429 1369
430 1286
431 568
432 626
433 467
433 822
433 846
435 949
436 437
436 438
436 439
436 440
436 441
436 442
436 443
436 444
436 445
436 446
437 1953
441 626
441 1445
442 1703
443 1077
444 780
446 1605
447 448
447 449
447 450
447 451
447 452
447 453
447 454
447 455
447 456
448 524
448 713
448 862
448 929
448 1388
448 1674
448 1872
449 487
449 532
449 775
449 1231
449 1232
449 1233
449 1234
450 524
450 833
450 980
450 1487
450 1723
450 1771
450 1778
451 695
451 703
451 756
451 857
451 978
451 1203
451 1220
451 1621
451 1885
452 979
452 1655
453 728
453 846
453 1128
453 1176
453 1284
454 1427
454 1474
454 1475
454 1488
455 656
455 953
455 975
455 1012
455 1525
455 1577
455 1879
456 473
456 1153
456 1261
456 1263
456 1281
456 1347
456 1518
456 1545
456 1618
456 1638
458 897
460 1187
461 1384
463 1047
466 1864
468 647
468 1240
469 880
471 1120
471 1915
474 1353
475 647
477 478
477 479
477 480
477 481
477 482
477 483
477 484
477 485
478 1310
479 508
479 1008
481 770
481 1922
483 1167
484 1454
487 647
487 1125
488 677
488 1960
494 1117
495 1321
497 1716
498 1378
499 1321
501 698
502 991
502 1178
504 979
504 1173
504 1185
505 780
505 1313
505 1922
506 1125
508 850
508 885
508 1008
508 1304
508 1350
508 1432
508 1746
508 1763
508 1993
509 1049
510 1017
511 614
511 1382
511 1472
511 1540
511 1541
514 593
517 1156
518 566
518 1687
518 1724
519 1240
520 521
520 522
520 523
520 524
520 525
520 526
520 527
521 1747
523 1431
529 1690
530 1418
531 637
531 1322
534 1215
534 1240
537 666
537 1017
537 1131
538 1008
538 1648
539 1747
540 546
543 1763
544 1539
544 1782
546 721
546 875
546 1115
546 1298
546 1303
546 1412
546 1721
546 1744
546 1839
548 921
549 840
549 1477
549 1556
551 1157
551 1716
552 1953
554 1315
554 1957
557 1049
561 568
563 1371
564 1215
565 617
565 895
565 1173
568 809
568 810
568 811
568 812
568 813
568 814
568 815
568 816
568 817
568 818
568 819
568 820
569 1185
570 1026
570 1054
571 572
571 573
571 574
571 575
571 576
571 577
571 578
571 579
572 666
572 858
573 1813
575 1456
576 755
576 1131
577 1054
577 1404
578 579
578 1495
579 626
579 663
579 813
579 980
579 1204
579 1243
579 1334
579 1438
579 1462
579 1556
579 1879
580 1404
580 1431
581 1404
581 1782
583 634
583 798
583 1169
583 1351
583 1403
583 1449
583 1745
583 1761
584 635
584 877
584 923
584 1098
584 1228
584 1281
584 1297
584 1366
584 1630
584 1808
585 1530
585 1746
586 840
587 589
587 593
589 992
589 1241
589 1250
589 1381
590 647
590 1131
590 1404
592 639
592 1334
593 1103
594 1378
598 1014
602 1668
603 1313
606 1828
608 1512
608 1922
612 1199
612 1829
613 1204
614 1414
617 1425
617 1480
619 1003
619 1282
622 1120
625 626
626 743
626 744
626 745
627 895
627 1407
630 1309
630 1496
634 770
634 1085
634 1322
635 1206
636 1816
637 638
637 639
637 640
637 641
637 642
639 646
639 1154
639 1163
639 1173
639 1206
639 1241
639 1331
639 1371
639 1381
639 1496
639 1531
640 915
640 1052
644 1036
644 1215
644 1216
646 698
646 991
647 1543
647 1671
648 1014
650 1103
650 1960
651 1445
652 1782
653 874
656 979
656 1322
656 1454
658 1305
661 1604
662 1017
662 1530
663 1131
663 1703
665 666
666 793
666 1128
666 1395
666 1396
666 1397
666 1398
668 1922
669 770
670 1915
671 1530
672 895
672 1384
673 676
673 677
674 1499
676 707
676 824
676 912
676 1403
676 1417
676 1555
676 1707
676 1832
677 891
677 1154
678 1711
680 1868
683 981
683 1048
683 1289
684 981
687 1154
687 1204
688 708
688 1404
689 1117
690 1152
690 1499
691 1813
692 1185
694 1551
697 784
697 911
697 1605
698 899
698 952
698 1029
698 1298
698 1394
698 1887
700 1407
701 1668
704 1036
704 1282
706 1711
708 714
708 1379
708 1408
708 1580
713 1711
714 1431
715 1445
717 903
717 1716
720 949
721 1604
724 1432
727 755
732 1185
737 874
737 1049
742 1648
742 1903
744 988
746 755
747 858
751 1185
754 1703
754 1763
755 973
755 1179
755 1298
755 1581
755 1779
760 1868
762 1313
763 1206
765 1782
765 1953
768 915
768 918
768 1173
768 1178
769 1054
770 933
770 975
770 1021
770 1095
770 1227
770 1468
770 1616
770 1681
770 1924
771 1746
774 1816
777 1903
778 1286
779 1199
779 1264
779 1604
779 1829
780 990
780 1130
780 1141
780 1154
780 1174
780 1198
780 1743
780 1980
781 1187
782 1296
782 1462
783 1530
784 878
784 1081
784 1159
784 1176
784 1238
784 1403
784 1463
784 1710
784 1914
784 1925
786 1915
788 1426
791 1240
792 840
792 1185
792 1496
794 1305
794 1819
796 1152
796 1648
798 1496
799 1204
799 1352
805 903
806 1940
808 1310
808 1716
809 1782
811 1264
812 1008
813 830
813 874
813 995
813 1048
813 1185
813 1321
813 1530
813 1944
813 1984
816 840
816 1984
817 988
817 1378
818 995
819 1310
819 1864
820 1077
821 830
822 1813
823 1454
823 1456
824 1530
825 1512
825 1646
829 1819
830 835
830 1136
830 1487
832 837
834 915
837 1180
837 1298
837 1397
837 1411
837 1729
838 840
839 1371
840 915
840 952
840 1088
840 1341
840 1358
840 1471
842 949
843 1431
844 1047
844 1152
844 1589
844 1816
845 918
845 1454
846 995
847 1539
850 1085
850 1289
850 1648
850 1655
850 1871
851 1264
851 1646
852 858
857 1746
857 1911
858 991
858 1442
858 1610
858 1709
858 1766
858 1854
858 1905
860 880
862 1495
863 1036
863 1426
864 1384
864 1512
872 1864
874 1304
874 1362
878 1418
878 1690
879 988
879 1321
880 881
880 882
880 883
880 884
880 885
880 886
882 1431
885 895
888 1418
890 915
890 1404
891 1604
891 1816
892 1334
895 934
895 1232
895 1566
896 897
896 898
897 1533
898 1765
899 1711
900 1352
900 1477
903 1282
903 1680
903 1947
905 911
908 1605
909 949
910 1668
910 1826
911 1033
911 1403
911 1443
911 1470
911 1563
911 1612
912 1173
914 915
914 918
914 921
915 1026
915 1052
915 1148
915 1215
915 1272
915 1282
915 1813
915 1866
915 1971
916 1103
917 1241
917 1911
918 1358
918 1479
918 1923
919 1054
920 1003
921 1195
921 1403
921 1820
922 1556
931 1117
933 1103
935 949
935 1957
938 1960
942 1117
944 1334
946 1085
947 1185
948 1052
949 950
949 951
949 952
949 953
949 954
949 955
951 1131
951 1551
953 1828
954 1156
955 1605
956 959
958 1305
959 1147
959 1229
959 1453
959 1498
959 1592
959 1923
959 1987
960 1384
961 1338
965 1315
967 1826
974 1782
976 1456
976 1747
977 979
977 981
978 1763
978 1868
979 1109
979 1135
979 1218
979 1685
979 1936
979 1937
980 1178
981 1198
981 1283
981 1330
981 1435
983 1120
983 1309
983 1828
984 1690
985 1496
986 1167
987 1495
988 989
988 990
988 991
988 992
991 1003
991 1008
991 1274
991 1559
991 1708
991 1905
991 1922
994 1407
995 1112
995 1249
995 1398
995 1448
995 1727
995 1742
995 1792
995 1888
995 1901
996 1407
996 1763
997 1026
997 1690
998 1204
1000 1003
1001 1215
1003 1092
1003 1411
1003 1412
1004 1604
1007 1495
1008 1126
1008 1161
1008 1282
1008 1403
1008 1456
1008 1551
1008 1706
1008 1749
1008 1782
1008 1828
1008 1960
1009 1241
1010 1199
1011 1711
1013 1418
1014 1279
1014 1350
1014 1464
1014 1465
1014 1466
1014 1467
1014 1468
1015 1747
1015 1799
1016 1017
1017 1624
1017 1626
1017 1968
1020 1240
1023 1216
1024 1026
1026 1059
1026 1788
1026 1892
1026 1928
1026 1954
1027 1322
1027 1352
1028 1378
1031 1338
1032 1915
1034 1499
1034 1703
1036 1241
1036 1250
1036 1712
1036 1784
1036 1877
1042 1499
1046 1047
1046 1048
1046 1049
1047 1092
1047 1241
1047 1579
1047 1754
1047 1867
1048 1184
1048 1375
1048 1768
1048 1791
1048 1965
1049 1247
1049 1350
1049 1376
1049 1932
1049 1948
1051 1418
1052 1623
1052 1631
1052 1847
1052 1977
1054 1220
1054 1598
1054 1599
1054 1600
1055 1204
1057 1338
1059 1338
1059 1456
1062 1334
1070 1077
1073 1711
1082 1296
1082 1418
1082 1813
1083 1321
1084 1539
1085 1145
1085 1228
1085 1482
1085 1658
1086 1199
1088 1426
1090 1953
1096 1864
1100 1103
1103 1277
1103 1282
1103 1493
1103 1586
1103 1742
1103 1838
1103 1935
1104 1157
1106 1371
1112 1940
1113 1944
1117 1126
1117 1194
1117 1295
1117 1527
1117 1698
1117 1751
1117 1766
1118 1120
1120 1526
1122 1309
1122 1322
1124 1125
1125 1534
1125 1802
1125 1918
1125 1919
1125 1923
1131 1345
1131 1615
1137 1199
1140 1162
1141 1746
1148 1240
1148 1286
1148 1462
1151 1152
1152 1171
1152 1486
1152 1940
1152 1942
1153 1305
1154 1155
1154 1156
1154 1157
1154 1158
1154 1159
1154 1160
1154 1161
1154 1162
1155 1296
1156 1184
1156 1718
1156 1741
1156 1989
1157 1208
1157 1220
1157 1458
1157 1691
1157 1935
1158 1403
1158 1703
1159 1199
1160 1589
1162 1549
1162 1555
1162 1754
1162 1926
1163 1799
1167 1565
1167 1738
1167 1901
1167 1998
1168 1648
1169 1871
1170 1668
1172 1876
1172 1957
1173 1198
1173 1408
1173 1899
1174 1407
1174 1826
1175 1432
1177 1456
1178 1241
1178 1544
1178 1770
1178 1771
1183 1703
1184 1185
1184 1187
1185 1265
1185 1336
1185 1609
1186 1426
1186 1456
1187 1298
1187 1300
1187 1301
1187 1304
1187 1435
1187 1436
1187 1437
1187 1438
1194 1199
1197 1915
1199 1356
1199 1390
1199 1706
1199 1778
1200 1215
1202 1338
1204 1260
1204 1637
1204 1640
1204 1715
1206 1664
1206 1972
1209 1352
1210 1763
1214 1321
1214 1404
1215 1741
1215 1880
1216 1252
1216 1658
1216 1768
1230 1763
1232 1286
1235 1338
1240 1241
1240 1242
1240 1243
1241 1310
1241 1342
1241 1495
1241 1605
1241 1643
1241 1716
1246 1407
1247 1703
1253 1407
1254 1321
1254 1322
1255 1353
1255 1530
1260 1264
1261 1876
1262 1763
1264 1403
1264 1696
1264 1759
1264 1765
1264 1840
1264 1856
1272 1384
1274 1309
1274 1819
1277 1605
1278 1960
1281 1414
1282 1393
1282 1407
1282 1414
1282 1875
1282 1876
1282 1877
1283 1605
1285 1286
1286 1349
1286 1356
1286 1527
1289 1290
1289 1291
1289 1292
1296 1297
1296 1298
1296 1299
1296 1300
1298 1309
1298 1338
1298 1352
1298 1480
1298 1690
1298 1703
1298 1706
1299 1310
1301 1589
1302 1530
1304 1813
1305 1346
1305 1389
1305 1424
1305 1526
1305 1555
1305 1643
1305 1854
1308 1309
1308 1310
1308 1313
1308 1315
1309 1339
1309 1463
1309 1480
1309 1518
1309 1862
1310 1465
1310 1543
1310 1570
1310 1861
1310 1933
1310 1995
1313 1407
1313 1700
1313 1997
1314 1828
1315 1322
1315 1347
1315 1455
1315 1654
1315 1832
1315 1929
1317 1690
1319 1922
1321 1767
1322 1426
1322 1431
1322 1595
1322 1680
1322 1764
1322 1819
1322 1866
1322 1979
1323 1703
1330 1668
1331 1940
1333 1334
1334 1393
1334 1502
1335 1864
1337 1539
1337 1648
1338 1339
1338 1340
1338 1341
1340 1903
1341 1813
1342 1403
1350 1646
1351 1746
1351 1984
1352 1381
1352 1453
1352 1570
1352 1987
1353 1489
1353 1534
1353 1704
1353 1974
1353 1988
1357 1944
1359 1922
1364 1782
1371 1376
1371 1443
1374 1414
1375 1747
1375 1940
1378 1561
1378 1612
1384 1385
1386 1499
1386 1799
1395 1903
1402 1403
1402 1404
1402 1407
1403 1512
1403 1791
1404 1569
1404 1762
1404 1856
1407 1575
1407 1901
1414 1485
1414 1562
1414 1563
1418 1516
1420 1782
1423 1819
1424 1816
1425 1960
1426 1618
1426 1724
1426 1803
1426 1967
1430 1431
1431 1457
1431 1624
1431 1644
1431 1692
1432 1433
1432 1434
1441 1499
1445 1571
1445 1588
1445 1897
1450 1496
1454 1572
1454 1609
1454 1718
1456 1615
1456 1755
1456 1774
1457 1868
1461 1871
1462 1679
1462 1680
1462 1765
1464 1819
1468 1495
1468 1496
1469 1903
1471 1477
1474 1816
1474 1957
1477 1557
1477 1604
1478 1539
1481 1716
1483 1551
1492 1911
1495 1615
1499 1633
1499 1634
1504 1813
1505 1655
1510 1512
1511 1799
1512 1591
1512 1710
1512 1801
1512 1867
1514 1953
1516 1829
1518 1984
1525 1876
1527 1819
1529 1589
1529 1868
1530 1566
1530 1625
1530 1742
1530 1959
1531 1828
1531 1829
1534 1589
1538 1539
1539 1860
1540 1957
1548 1551
1550 1871
1551 1771
1555 1668
1555 1782
1556 1557
1560 1747
1566 1829
1581 1746
1581 1979
1586 1960
1589 1699
1589 1708
1589 1791
1590 1940
1595 1799
1599 1604
1599 1868
1601 1655
1603 1871
1604 1639
1604 1647
1604 1655
1604 1809
1604 1850
1605 1606
1605 1607
1611 1971
1616 1648
1620 1813
1626 1971
1636 1819
1646 1879
1661 1816
1663 1922
1681 1826
1690 1846
1700 1911
1700 1953
1701 1746
1709 1829
1716 1776
1716 1879
1716 1892
1746 1875
1747 1934
1750 1799
1759 1813
1765 1979
1770 1915
1771 1911
1782 1783
1783 1911
1797 1871
1799 1806
1801 1953
1810 1813
1813 1951
1821 1903
1822 1922
1826 1884
1826 1940
1828 1850
1829 1842
1829 1959
1833 1944
1862 1864
1864 1918
1871 1873
1876 1980
1894 1960
1903 1908
1911 1917
1913 1957
1919 1957
1922 1993
1936 1944
1947 1971
1971 1972
1976 1979
1984 1993
