17 1006
40 152
43 152
90 104
92 152
104 123
104 152
104 161
104 341
104 394
104 513
104 612
104 614
104 1006
104 1030
104 1331
104 1528
104 1561
104 1585
104 1764
104 1832
104 1865
104 1877
104 1929
139 152
141 152
152 181
152 388
152 405
152 495
152 503
152 547
152 631
152 643
152 654
152 673
152 715
152 814
152 844
152 876
152 930
152 935
152 992
152 1032
152 1047
152 1062
152 1065
152 1190
152 1339
152 1378
152 1461
152 1679
152 1856
152 1873
152 1921
241 341
295 341
298 1006
341 614
341 676
341 1291
341 1348
677 1929
1006 1791
1006 1915
1236 1929
1261 1929
1423 1929
