8 1196
19 205
25 205
102 1196
127 1196
128 1196
136 1196
139 914
156 1196
177 205
180 205
180 914
205 275
205 336
205 510
205 529
205 548
205 633
205 737
205 751
205 881
205 896
205 914
205 971
205 1096
205 1349
205 1458
205 1462
205 1472
205 1740
205 1742
205 1811
205 1812
205 1813
205 1814
242 1196
297 971
299 971
322 1096
364 1096
365 1096
389 914
503 914
503 1196
504 914
548 971
566 914
654 1196
666 914
748 914
914 1034
914 1065
914 1117
914 1196
914 1281
914 1487
914 1745
914 1809
914 1856
971 1018
971 1091
1071 1196
1096 1389
1096 1459
1096 1855
1096 1896
1171 1196
1196 1197
1196 1539
1196 1652
1196 1810
1196 1936
