0 12
0 20
0 74
1 395
1 400
1 418
1 421
2 447
2 477
2 495
3 93
3 421
3 511
3 517
3 524
3 546
3 553
4 299
4 418
4 511
4 698
4 873
5 299
5 395
5 710
5 895
5 896
7 20
7 334
7 395
7 447
7 1137
7 1152
8 301
8 1194
9 1412
11 1218
12 65
12 123
12 180
12 198
12 299
12 302
12 318
12 352
12 364
12 385
12 440
12 463
12 509
12 515
12 531
12 551
12 781
12 792
12 814
12 926
12 950
12 976
12 1044
12 1335
12 1544
12 1579
12 1580
12 1581
12 1582
12 1583
12 1584
13 1586
14 301
15 219
15 1402
16 524
18 299
18 1409
20 151
20 297
20 354
20 505
20 652
20 697
20 974
20 1255
20 1438
20 1553
20 1618
20 1686
20 1772
23 1218
24 1043
25 151
25 1231
29 1230
31 698
32 219
34 511
39 1216
46 1409
49 511
52 986
52 1304
53 219
60 1219
62 477
69 895
74 151
74 512
74 647
74 1272
78 992
90 93
91 621
91 641
91 676
91 686
93 97
93 139
93 177
93 202
93 255
93 295
93 299
93 304
93 376
93 382
93 488
93 489
93 508
93 639
93 696
93 724
93 752
93 766
93 820
93 825
93 857
93 911
93 913
93 1015
93 1043
93 1095
93 1255
93 1256
93 1257
93 1258
93 1259
93 1260
93 1261
93 1262
93 1263
93 1264
93 1265
93 1266
96 1107
98 299
98 1219
99 299
99 1406
103 1218
107 1223
110 1224
111 517
113 1397
116 511
116 1010
118 301
124 826
124 1232
132 1227
136 1043
141 151
141 175
142 1152
143 621
145 986
145 1221
145 1226
145 1229
145 1529
145 1535
146 553
147 700
147 1107
148 524
151 219
151 240
151 299
151 334
151 395
151 400
151 421
151 505
151 511
151 517
151 553
151 686
151 698
151 733
151 838
151 841
151 873
151 939
151 970
151 992
151 1040
151 1137
151 1304
151 1361
151 1412
151 1424
151 1429
151 1445
151 1446
151 1461
151 1529
151 1535
151 1568
151 1586
151 1689
151 1796
151 1797
151 1798
151 1799
151 1800
151 1801
152 495
152 992
152 1461
153 710
153 1689
154 1224
155 1216
158 511
159 517
159 1319
160 524
161 1010
162 986
163 511
166 175
169 1223
174 641
175 299
175 459
175 838
177 217
177 219
178 621
178 759
179 299
179 301
179 826
180 217
180 421
180 511
180 686
180 939
181 986
181 1010
181 1040
181 1043
182 1304
184 1397
184 1424
184 1429
187 1304
190 1194
192 1107
193 1397
195 447
195 553
200 418
203 511
204 447
205 896
205 971
206 1224
209 1799
217 220
217 236
217 299
217 788
217 851
217 943
217 969
217 1323
217 1504
217 1559
217 1562
217 1568
217 1679
217 1725
219 278
219 707
219 748
219 1784
219 1852
219 1954
222 1256
222 1402
223 1216
226 686
229 1798
235 301
240 299
241 301
241 1535
242 970
243 1107
249 1216
249 1461
250 477
253 986
265 710
283 1217
294 826
295 299
295 301
295 330
295 334
296 299
296 698
296 700
296 710
296 719
297 400
297 970
297 971
298 986
298 992
299 301
299 330
299 418
299 447
299 477
299 495
299 524
299 546
299 641
299 676
299 710
299 719
299 748
299 759
299 895
299 896
299 971
299 986
299 1010
299 1107
299 1152
299 1216
299 1217
299 1218
299 1219
299 1220
299 1221
299 1222
299 1223
299 1224
299 1225
299 1226
299 1227
299 1228
299 1229
299 1230
299 1231
299 1232
299 1233
299 1234
300 1010
300 1230
301 440
301 534
301 611
301 621
301 733
301 787
301 826
301 1194
301 1271
301 1319
301 1330
301 1396
301 1397
301 1398
301 1399
301 1400
301 1401
301 1402
301 1403
301 1404
301 1405
301 1406
301 1407
301 1408
301 1409
301 1410
303 700
306 1223
311 1040
312 1010
313 759
314 826
315 970
323 1798
327 1633
329 1194
329 1221
330 366
330 632
330 883
330 1015
330 1126
330 1266
330 1439
330 1583
331 1107
332 1633
334 1453
334 1522
334 1524
334 1992
341 676
343 1801
345 1220
356 1234
360 1218
360 1429
364 826
364 1010
365 447
365 1107
366 986
367 1010
367 1220
368 641
369 896
370 895
370 1229
371 1010
371 1232
378 1256
382 546
383 1217
383 1234
384 1010
385 1194
387 1217
387 1402
388 1397
390 511
391 621
395 760
395 893
395 1205
395 1411
400 640
400 843
400 1027
405 477
405 1152
407 517
411 676
412 1232
413 1796
414 1397
418 718
418 1939
421 1375
421 1568
421 1791
421 1895
426 970
436 1217
442 1232
445 1429
446 621
447 514
447 706
447 841
447 1195
447 1199
447 1207
447 1700
447 1701
448 1586
449 1222
450 970
450 1229
451 698
451 719
451 1586
452 1233
452 1586
453 1319
455 1228
457 1798
460 1256
462 524
465 1226
465 1412
471 517
476 1107
477 582
477 1459
477 1569
495 688
495 1605
495 1858
503 517
504 511
504 517
504 1222
505 511
505 1220
506 1319
508 1218
510 1529
511 597
511 602
511 612
511 634
511 647
511 683
511 692
511 700
511 996
511 1027
511 1059
511 1069
511 1247
511 1261
511 1293
511 1382
511 1504
511 1629
511 1630
511 1631
511 1632
511 1633
511 1634
511 1635
511 1636
511 1637
511 1638
514 1689
515 1010
517 540
517 611
517 792
517 821
517 1125
517 1332
517 1337
517 1391
517 1522
517 1768
517 1802
517 1837
517 1838
518 1424
520 1137
521 1223
524 913
524 1049
524 1361
524 1580
524 1775
524 1889
527 1796
530 1412
534 719
538 546
542 698
543 992
546 786
546 791
546 1962
547 1231
548 971
550 1409
553 940
553 1368
553 1391
553 1444
553 1456
553 1596
553 1675
553 1691
553 1868
555 895
560 1137
564 759
565 1233
566 700
568 1230
570 1010
575 719
577 896
580 1221
608 686
611 698
613 1319
613 1689
614 1535
619 1424
621 1142
621 1694
621 1781
622 1304
624 986
625 1043
626 1429
629 1227
636 939
636 1230
641 881
641 1151
641 1349
641 1369
641 1469
641 1911
645 719
650 710
676 1520
677 1010
684 1226
686 1758
687 986
691 1800
692 1010
696 1194
698 967
698 1011
698 1055
698 1176
698 1246
698 1369
698 1398
698 1421
698 1452
698 1823
698 1824
700 912
700 920
700 1115
700 1307
700 1324
700 1524
700 1893
701 1223
702 1221
706 873
710 778
710 859
710 945
710 993
710 1019
710 1055
710 1270
710 1316
710 1661
710 1713
710 1938
719 1608
719 1870
728 1800
731 759
741 1230
746 1107
746 1461
747 1010
748 1233
749 1137
759 911
759 1021
759 1398
759 1932
759 1974
762 1222
776 896
777 1233
780 1402
787 1137
788 1225
802 1010
806 1223
809 1219
810 1227
815 1010
817 1424
819 1217
824 1221
826 1075
826 1727
826 1982
826 1992
830 1227
836 992
838 1256
840 1226
848 1010
848 1256
852 1220
854 1227
858 1424
858 1529
871 992
873 1284
873 1297
873 1489
876 1227
882 1406
883 1402
893 1219
895 1660
895 1996
896 1527
900 1800
906 970
911 1219
921 1529
923 1010
932 1010
939 998
939 1143
939 1324
963 1461
970 1060
970 1291
970 1348
970 1485
970 1763
970 1954
971 1018
971 1091
973 1229
980 1689
984 1010
986 995
986 1111
986 1407
986 1825
992 1884
1000 1461
1005 1304
1010 1296
1010 1344
1010 1433
1010 1445
1010 1446
1010 1447
1010 1448
1012 1409
1015 1219
1016 1689
1020 1304
1021 1397
1035 1226
1040 1259
1040 1306
1043 1140
1055 1234
1073 1194
1076 1689
1093 1406
1097 1397
1106 1223
1107 1125
1107 1135
1107 1193
1107 1663
1107 1664
1112 1231
1120 1397
1127 1304
1132 1256
1135 1461
1136 1224
1137 1458
1137 1566
1137 1638
1144 1228
1152 1624
1171 1194
1171 1406
1172 1397
1175 1798
1176 1633
1177 1304
1193 1412
1194 1277
1194 1581
1194 1668
1194 1671
1194 1728
1194 1816
1194 1917
1212 1319
1216 1681
1217 1523
1219 1393
1219 1904
1219 1906
1220 1261
1220 1731
1221 1580
1221 1914
1222 1744
1223 1555
1223 1938
1223 1956
1225 1579
1225 1646
1225 1726
1227 1523
1227 1734
1227 1890
1228 1576
1228 1712
1228 1827
1228 1982
1231 1459
1232 1634
1234 1960
1245 1586
1256 1768
1256 1890
1258 1799
1260 1304
1292 1304
1297 1461
1304 1314
1304 1512
1304 1872
1319 1352
1319 1682
1349 1801
1397 1591
1397 1602
1397 1842
1397 1946
1397 1948
1398 1461
1402 1772
1402 1797
1402 1912
1402 1923
1402 1924
1406 1875
1409 1943
1409 1990
1412 1548
1424 1826
1424 1833
1429 1894
1452 1633
1461 1792
1496 1796
1504 1799
1512 1800
1529 1731
1529 1887
1535 1857
1580 1796
1586 1834
1674 1796
1674 1801
1679 1796
1697 1801
1799 1844
1799 1953
1800 1831
