0 11
0 13
0 21
0 26
0 27
0 33
0 64
1 367
1 368
1 382
1 388
1 394
1 427
1 429
3 26
3 388
3 506
3 520
3 523
3 530
3 535
3 537
3 556
3 565
4 95
4 183
4 841
4 846
5 13
5 144
5 368
5 769
5 905
6 183
6 367
7 520
7 982
7 1110
8 305
8 367
8 523
8 910
9 537
9 611
10 328
10 910
11 41
11 143
11 181
11 295
11 368
11 459
11 747
11 748
11 1218
11 1343
11 1498
12 781
13 90
13 184
13 368
13 450
13 814
13 1353
13 1414
13 1585
13 1586
13 1587
13 1588
15 1323
16 523
17 33
17 328
17 520
18 33
18 183
18 556
18 1379
19 1367
20 1255
21 78
21 94
21 117
21 178
21 180
21 239
21 284
21 358
21 368
21 660
21 1665
21 1680
22 95
22 427
22 936
25 530
25 1367
25 1888
26 195
26 222
26 297
26 368
26 575
26 1039
26 1181
26 1204
26 1295
26 1382
26 1440
26 1514
26 1872
26 1893
26 1895
27 193
27 296
27 368
27 618
27 1179
27 1287
27 1479
28 1255
29 183
29 1367
31 530
32 1323
33 181
33 233
33 611
33 1345
33 1475
37 1341
39 183
42 429
43 1373
44 1110
45 982
52 1366
60 382
63 1374
64 368
64 1019
64 1120
64 1271
67 790
68 1323
70 305
84 696
90 95
91 565
91 611
91 637
91 641
91 646
92 382
92 790
93 382
93 696
93 1255
93 1260
94 931
94 1326
94 1366
95 214
95 337
95 368
95 459
95 504
95 507
95 756
95 1017
95 1028
95 1136
95 1148
95 1615
97 1371
101 367
104 394
106 944
108 841
112 537
127 520
141 144
142 382
142 1184
142 1366
143 368
144 178
144 298
144 368
144 431
144 538
144 636
144 699
144 789
144 816
144 843
144 854
144 928
144 1023
144 1171
144 1258
144 1264
144 1431
144 1445
144 1484
144 1485
144 1486
145 394
145 523
145 821
145 1376
146 368
146 905
146 1366
147 535
150 367
150 1373
151 841
152 388
152 1378
154 368
154 1288
154 1381
162 944
164 212
167 1269
168 1323
168 1374
173 1366
174 367
174 641
177 183
177 206
177 212
178 368
178 506
178 611
178 755
178 769
178 781
179 696
179 821
180 368
180 506
180 846
180 910
180 922
180 931
180 936
180 944
180 957
181 305
181 790
181 910
181 1036
182 712
182 1309
182 1315
183 188
183 197
183 320
183 505
183 508
183 611
183 619
183 735
183 757
183 824
183 862
183 1192
183 1342
183 1343
183 1344
183 1345
183 1346
183 1347
183 1348
183 1349
183 1350
183 1351
185 712
186 755
187 982
188 846
189 696
189 1368
189 1370
194 206
194 611
196 305
198 506
201 1383
202 206
202 368
202 696
203 646
203 1326
206 245
206 368
206 747
206 1024
206 1167
206 1224
206 1459
206 1463
206 1464
209 305
209 905
209 1341
212 253
212 309
212 336
212 472
212 507
212 611
212 1258
212 1275
212 1314
212 1322
212 1432
212 1463
212 1566
212 1786
212 1887
213 1888
214 394
214 646
214 1374
217 1323
220 367
220 696
220 1288
221 696
222 556
223 1377
226 1340
232 1269
240 328
241 328
243 703
244 910
245 368
245 1036
247 1366
248 1372
254 922
259 712
261 1326
286 388
292 611
295 305
295 316
295 328
296 367
296 506
296 696
296 703
296 712
297 922
297 982
299 641
300 846
300 1384
301 611
302 1325
303 530
305 365
305 380
305 532
305 607
305 611
305 825
305 837
305 923
305 934
305 1145
305 1171
305 1189
305 1598
305 1651
305 1652
305 1653
305 1654
305 1655
305 1656
308 506
308 910
309 506
309 944
311 755
311 1366
313 1036
316 368
316 462
316 512
316 624
316 836
316 1094
316 1104
316 1754
316 1939
321 910
322 520
322 530
323 388
324 1111
326 523
328 463
328 611
328 667
328 717
328 919
328 951
328 1098
328 1666
328 1742
335 922
338 1260
354 565
354 646
364 367
364 611
364 936
365 520
365 910
365 1110
365 1111
366 1184
367 430
367 451
367 527
367 536
367 594
367 611
367 614
367 616
367 694
367 729
367 764
367 789
367 835
367 869
367 912
367 946
367 974
367 1010
367 1011
367 1025
367 1061
367 1220
367 1247
367 1248
367 1249
367 1250
367 1251
367 1252
367 1253
367 1254
368 381
368 507
368 520
368 530
368 535
368 537
368 556
368 565
368 611
368 637
368 641
368 696
368 703
368 712
368 755
368 781
368 790
368 841
368 846
368 905
368 931
368 936
368 944
368 1036
368 1039
368 1110
368 1111
368 1172
368 1269
368 1288
368 1309
368 1324
368 1327
368 1366
368 1367
368 1368
368 1369
368 1370
368 1371
368 1372
368 1373
368 1374
368 1375
368 1376
368 1377
368 1378
368 1379
368 1380
368 1381
368 1382
368 1383
368 1384
368 1385
370 1371
372 506
373 1325
376 1375
377 611
377 1366
379 905
379 910
380 506
381 1372
381 1787
382 546
382 611
382 773
382 840
382 968
382 1237
382 1285
382 1358
382 1662
382 1853
384 1184
384 1888
387 1376
388 439
388 611
388 668
388 737
388 968
388 1178
388 1327
388 1397
388 1778
392 1370
394 399
394 711
394 713
394 922
394 1138
394 1708
396 1367
398 910
401 712
401 1384
407 506
414 506
421 1375
426 637
427 548
427 611
427 1369
429 611
429 1031
429 1328
429 1845
438 790
441 841
445 537
447 841
448 841
450 1787
451 1288
451 1323
451 1325
452 1325
453 1380
455 1373
457 1110
459 931
463 523
465 1309
466 1384
467 520
469 1366
473 1325
480 841
484 1255
485 1379
485 1385
497 646
500 1323
501 1255
503 703
504 506
504 696
504 703
504 957
504 1269
505 1288
506 611
506 752
506 766
506 839
506 888
506 1062
506 1108
506 1163
506 1281
506 1317
506 1318
506 1319
506 1320
506 1321
507 1323
513 1372
513 1377
515 611
517 611
517 821
518 1368
520 541
520 633
520 848
520 1092
520 1137
520 1146
520 1203
520 1251
520 1342
520 1349
520 1590
520 1600
520 1681
520 1852
520 1867
522 703
523 611
523 661
523 1211
523 1639
523 1740
523 1879
530 573
530 926
530 967
530 1058
530 1065
530 1080
530 1145
530 1157
530 1399
530 1407
530 1412
530 1818
530 1931
534 1375
535 705
535 1317
535 1473
535 1629
537 604
537 968
537 1268
539 1325
545 1368
551 1385
551 1888
553 1368
554 637
554 922
556 1080
556 1144
556 1588
559 1383
562 1111
565 589
565 746
565 1164
565 1233
565 1515
565 1734
565 1830
565 1978
568 1326
569 1255
570 769
570 910
578 1325
582 1323
582 1340
593 841
603 1888
607 611
611 612
611 646
611 651
611 698
611 717
611 752
611 766
611 769
611 788
611 882
611 910
611 922
611 957
611 967
611 982
611 987
611 1108
611 1119
611 1149
611 1165
611 1184
611 1255
611 1260
611 1303
611 1315
611 1322
611 1323
611 1324
611 1325
611 1326
611 1327
611 1328
611 1329
611 1330
611 1331
611 1332
611 1333
611 1334
611 1335
611 1336
611 1337
611 1338
611 1339
611 1340
611 1341
612 781
615 1255
616 790
624 1385
626 1329
629 696
632 910
633 1323
634 1366
637 708
637 750
637 1154
637 1649
641 881
641 1151
641 1349
641 1369
641 1469
641 1911
642 696
646 801
646 1156
646 1342
646 1481
646 1653
655 1338
665 1323
673 1371
674 1036
674 1367
680 1323
684 1340
691 1325
696 839
696 889
696 1066
696 1194
696 1195
696 1259
696 1322
696 1436
696 1437
696 1438
696 1439
696 1440
696 1441
696 1442
696 1443
696 1444
697 790
703 804
703 1250
703 1387
703 1665
703 1882
707 1385
708 1372
708 1377
712 817
712 1632
712 1853
712 1883
712 1926
712 1945
712 1987
714 1370
732 1377
746 910
748 1260
755 762
755 792
755 983
755 1114
755 1146
755 1272
755 1349
755 1755
763 1323
764 1329
765 790
769 837
769 1545
769 1641
781 1179
782 1329
787 1376
788 936
790 981
790 1089
790 1126
790 1502
790 1510
790 1549
790 1720
790 1863
790 1877
790 1908
791 1323
799 1036
809 1323
815 1326
820 1370
821 922
821 1598
821 1616
821 1914
821 1970
821 1998
824 1260
828 1323
829 1329
837 1374
840 1323
841 1209
841 1365
841 1602
846 934
846 1122
846 1350
846 1853
846 1867
861 1374
866 910
871 1325
877 1366
884 1380
885 1255
885 1269
893 1366
910 953
910 1115
910 1180
910 1313
910 1352
910 1353
910 1354
910 1355
910 1356
910 1357
910 1358
910 1359
910 1360
910 1361
910 1362
910 1363
910 1364
910 1365
922 968
922 1067
922 1245
922 1617
922 1766
922 1784
922 1787
922 1888
926 1366
929 1378
930 1255
931 1247
931 1780
931 1898
931 1920
944 1925
949 1269
957 999
957 1318
969 1184
969 1368
986 1111
987 1326
990 1329
991 1368
1015 1378
1019 1325
1019 1379
1039 1366
1041 1379
1056 1367
1060 1323
1067 1260
1076 1260
1092 1378
1097 1255
1109 1366
1110 1297
1110 1352
1110 1499
1110 1512
1110 1956
1111 1172
1111 1307
1111 1469
1127 1367
1134 1374
1136 1381
1142 1255
1146 1341
1146 1370
1166 1323
1171 1315
1173 1269
1173 1787
1177 1315
1184 1667
1184 1722
1208 1325
1213 1377
1236 1338
1241 1325
1255 1551
1255 1665
1255 1667
1255 1925
1255 1926
1260 1304
1260 1965
1260 1975
1269 1450
1283 1376
1286 1323
1287 1315
1293 1374
1300 1325
1303 1371
1307 1381
1309 1488
1309 1903
1323 1570
1323 1830
1323 1868
1323 1869
1325 1361
1325 1451
1325 1534
1325 1743
1325 1748
1325 1778
1325 1894
1326 1640
1326 1954
1326 1964
1329 1558
1330 1381
1338 1400
1338 1688
1340 1701
1341 1543
1342 1366
1359 1379
1366 1431
1366 1458
1367 1623
1367 1634
1367 1780
1370 1616
1370 1876
1371 1538
1371 1856
1371 1906
1373 1779
1375 1410
1375 1631
1375 1771
1375 1858
1376 1453
1376 1710
1376 1930
1377 1453
1378 1643
1378 1987
1379 1531
1379 1945
1380 1439
1380 1603
1380 1675
1383 1432
1383 1450
1383 1589
1384 1710
1779 1787
