0 10
0 18
0 24
0 30
1 386
1 390
1 422
2 179
2 448
2 455
2 472
2 490
3 24
3 227
3 507
3 512
3 516
3 518
3 522
3 556
3 583
4 448
4 512
4 813
5 179
5 788
5 815
5 817
6 507
6 518
6 815
6 1062
6 1081
7 390
7 1155
7 1160
7 1163
8 185
8 301
8 825
8 999
8 1201
10 44
10 145
10 179
10 297
10 328
10 366
10 392
10 485
10 513
10 571
10 617
10 623
10 645
10 708
10 843
10 879
10 910
10 1029
10 1068
10 1119
10 1153
10 1238
10 1261
10 1348
10 1431
10 1432
10 1433
10 1434
10 1435
12 318
12 814
13 814
14 301
15 179
15 272
15 814
15 822
15 827
15 1317
16 814
18 28
18 30
18 33
18 99
18 170
18 179
18 183
18 191
18 250
18 299
18 335
18 386
18 472
18 490
18 556
18 625
18 658
18 701
18 804
18 832
18 886
18 948
18 988
18 999
18 1008
18 1035
18 1062
18 1081
18 1143
18 1155
18 1160
18 1163
18 1201
18 1317
18 1344
18 1355
18 1379
18 1409
18 1411
18 1421
18 1449
18 1520
18 1525
18 1573
18 1630
18 1643
18 1694
18 1695
18 1696
18 1697
18 1698
18 1699
19 448
19 522
21 117
22 816
24 75
24 179
24 203
24 264
24 616
24 631
24 707
24 901
24 1043
24 1061
24 1422
24 1663
24 1886
28 814
30 92
30 214
30 373
30 888
30 904
30 958
30 1238
30 1259
30 1328
30 1819
30 1828
38 314
38 813
39 1081
42 817
43 171
47 448
48 185
48 1697
49 988
51 335
69 1781
71 516
74 512
75 701
77 829
84 696
85 448
90 117
91 179
91 507
91 516
91 658
91 694
92 227
92 314
92 701
92 788
92 804
93 696
93 825
95 507
98 325
111 814
116 814
117 179
117 756
117 1730
118 301
122 518
126 701
128 518
131 318
140 701
141 170
141 171
142 831
143 817
144 816
145 231
145 813
145 821
145 1525
146 386
146 1163
146 1355
147 200
147 739
148 1698
149 815
149 1630
152 814
152 1062
154 1698
161 171
161 1695
164 739
167 448
167 522
170 365
170 586
170 989
170 1919
171 179
171 1927
176 272
177 179
177 185
177 200
177 227
177 228
177 231
177 250
177 272
177 274
177 276
178 185
178 518
179 181
179 185
179 200
179 227
179 228
179 231
179 272
179 274
179 276
179 295
179 296
179 299
179 301
179 314
179 318
179 325
179 422
179 448
179 455
179 507
179 512
179 516
179 518
179 522
179 536
179 583
179 654
179 694
179 696
179 739
179 744
179 788
179 813
179 814
179 815
179 816
179 817
179 818
179 819
179 820
179 821
179 822
179 823
179 824
179 825
179 826
179 827
179 828
179 829
179 830
179 831
179 832
179 833
179 834
180 274
180 788
180 813
181 390
181 518
181 522
181 817
181 827
181 833
181 1035
183 824
183 1344
184 1421
185 218
185 290
185 295
185 623
185 629
185 712
185 756
185 836
185 881
185 921
185 964
185 1143
185 1302
185 1455
185 1456
185 1457
185 1458
187 455
187 658
189 696
190 813
190 814
190 1573
191 818
192 825
192 833
193 507
193 516
193 816
193 833
194 422
194 831
194 1317
195 583
198 1421
199 1697
200 295
200 418
200 464
200 747
202 696
204 516
204 1355
210 788
211 1421
211 1695
212 472
212 507
216 522
217 788
218 1781
220 696
221 696
222 556
226 988
227 308
227 338
227 1073
227 1112
227 1390
227 1751
228 310
228 377
228 483
228 669
228 918
228 948
228 1004
228 1495
228 1740
228 1746
231 1235
231 1644
231 1665
231 1737
231 1868
233 516
234 314
235 301
235 390
239 819
241 301
242 694
249 817
250 265
250 369
250 477
250 493
250 649
250 1844
250 1984
250 1997
254 1573
259 701
272 711
272 839
274 770
274 1175
274 1714
276 379
276 680
276 889
276 1358
276 1505
295 301
295 314
295 318
295 325
295 335
296 448
296 512
296 696
296 701
296 739
296 744
298 816
298 988
298 999
298 1008
299 301
300 512
300 824
301 440
301 534
301 611
301 621
301 733
301 787
301 826
301 1194
301 1271
301 1319
301 1330
301 1396
301 1397
301 1398
301 1399
301 1400
301 1401
301 1402
301 1403
301 1404
301 1405
301 1406
301 1407
301 1408
301 1409
301 1410
303 325
303 999
304 1643
305 825
307 813
308 829
309 335
310 1699
313 816
314 466
314 826
314 856
314 916
314 972
314 1206
314 1257
314 1322
314 1557
316 512
318 1136
318 1510
318 1520
318 1797
318 1895
318 1944
318 1945
321 988
324 658
325 331
325 635
325 793
325 1293
325 1331
325 1589
326 512
326 788
331 1421
333 448
333 819
335 922
345 830
348 522
348 1630
350 1421
353 744
362 448
362 788
363 1573
364 701
365 822
365 999
367 694
368 507
368 556
368 696
368 1379
369 1317
371 507
376 788
376 818
377 1695
380 1344
383 386
383 822
385 823
386 1057
386 1609
386 1784
386 1938
389 516
390 511
390 693
390 819
390 1170
390 1342
390 1413
390 1577
390 1765
390 1885
393 1155
399 455
399 516
403 507
404 1525
405 1699
411 1525
412 813
416 1697
422 836
422 1394
422 1809
426 824
434 804
446 1081
448 485
448 612
448 640
448 654
448 678
448 754
448 841
448 930
448 967
448 1057
448 1206
448 1258
448 1430
448 1470
448 1486
448 1499
448 1562
448 1586
448 1588
448 1593
448 1722
448 1740
448 1741
448 1742
448 1743
448 1744
448 1745
448 1746
448 1747
448 1748
448 1749
450 988
451 1573
453 1573
454 507
455 1055
455 1085
455 1197
455 1228
455 1373
455 1398
455 1460
455 1510
455 1784
455 1867
457 1643
459 1781
464 512
464 1525
466 814
472 714
472 983
472 1175
472 1819
472 1885
474 819
484 1062
485 1379
490 1108
490 1400
490 1591
492 831
494 823
500 814
504 696
504 701
506 1062
506 1163
506 1317
507 534
507 541
507 550
507 900
507 913
507 1063
507 1138
507 1323
507 1353
507 1386
507 1417
507 1418
507 1419
507 1420
508 828
511 1630
512 728
512 1118
512 1627
512 1656
512 1657
513 827
516 539
516 751
516 782
516 886
516 1139
516 1141
516 1168
516 1432
517 821
518 531
518 591
518 627
518 708
518 722
518 763
518 974
518 1174
518 1253
518 1268
518 1343
518 1353
518 1368
518 1394
518 1424
518 1673
518 1818
518 1849
518 1852
521 522
522 593
522 640
522 703
522 885
522 1049
522 1148
522 1268
522 1448
522 1875
522 1876
529 819
531 816
535 1317
536 830
545 815
548 1155
549 701
556 1080
556 1144
556 1588
558 701
564 828
567 823
581 823
583 748
583 836
589 988
602 739
611 788
613 1344
614 834
616 1160
619 788
621 1694
621 1781
624 819
625 1630
626 1695
628 817
629 696
642 696
644 814
649 988
653 788
658 750
658 1405
672 823
680 1630
685 988
685 1695
687 1160
691 1781
694 1523
696 839
696 889
696 1066
696 1194
696 1195
696 1259
696 1322
696 1436
696 1437
696 1438
696 1439
696 1440
696 1441
696 1442
696 1443
696 1444
698 1421
701 917
701 985
701 1128
701 1223
703 804
704 818
709 817
712 817
713 788
718 814
723 744
726 788
727 1421
739 1179
744 1818
747 818
749 1160
751 1698
753 1008
761 818
763 1573
774 1201
775 1696
777 1081
788 803
788 820
788 845
788 916
788 936
788 1058
788 1120
788 1199
788 1200
788 1225
788 1235
788 1515
788 1705
788 1706
788 1707
788 1708
788 1709
792 804
793 1696
798 988
799 814
804 1235
804 1866
810 814
813 836
813 1237
813 1398
813 1433
813 1563
813 1602
813 1616
814 996
814 1068
814 1174
814 1392
814 1456
814 1530
814 1603
814 1672
814 1673
814 1674
814 1675
814 1676
815 995
815 1010
815 1235
815 1270
815 1326
815 1531
815 1604
815 1613
815 1750
815 1887
815 1911
816 902
816 1021
816 1028
816 1098
816 1253
816 1271
816 1449
816 1561
816 1762
816 1815
816 1896
816 1920
817 884
817 920
817 964
817 969
817 1058
817 1156
817 1399
817 1424
817 1673
817 1725
817 1886
817 1907
818 1087
818 1179
818 1419
819 888
819 1217
819 1257
819 1451
819 1781
819 1841
821 922
821 1598
821 1616
821 1914
821 1970
821 1998
822 1305
823 1268
823 1336
823 1523
823 1874
824 1029
824 1221
824 1260
824 1410
824 1466
825 949
825 1206
825 1656
827 1046
827 1123
827 1795
827 1878
828 1055
828 1323
828 1626
829 1240
829 1312
829 1329
829 1352
829 1832
830 1227
830 1587
831 1138
831 1598
833 925
834 857
834 1614
834 1634
838 1008
843 1697
879 1525
882 988
883 1694
910 1355
911 1201
912 1696
916 1699
925 1643
932 1694
957 999
977 1630
988 1041
988 1059
988 1254
988 1685
988 1928
988 1941
994 1163
999 1687
1008 1148
1010 1344
1019 1379
1023 1573
1035 1095
1035 1226
1035 1507
1035 1637
1035 1645
1035 1779
1035 1971
1041 1379
1060 1062
1062 1792
1062 1968
1081 1513
1087 1699
1109 1317
1125 1698
1127 1525
1155 1626
1155 1627
1160 1369
1160 1480
1163 1749
1171 1201
1171 1696
1174 1525
1201 1702
1201 1874
1243 1781
1266 1525
1317 1701
1317 1906
1344 1978
1354 1695
1355 1612
1359 1379
1378 1643
1379 1531
1379 1945
1411 1525
1421 1718
1525 1653
1525 1848
1525 1918
1530 1695
1533 1695
1552 1781
1573 1891
1629 1694
1630 1665
1630 1940
1694 1989
1696 1844
1696 1850
1697 1801
1697 1939
1697 1961
1698 1902
