0 7
1 7
2 467
3 520
4 839
4 849
5 904
6 697
7 20
7 32
7 78
7 96
7 103
7 177
7 180
7 182
7 208
7 260
7 296
7 306
7 310
7 312
7 334
7 346
7 356
7 378
7 390
7 395
7 409
7 445
7 447
7 469
7 520
7 525
7 529
7 605
7 616
7 617
7 697
7 720
7 733
7 741
7 794
7 839
7 849
7 855
7 863
7 881
7 883
7 904
7 982
7 1058
7 1060
7 1074
7 1091
7 1108
7 1110
7 1131
7 1135
7 1136
7 1137
7 1138
7 1139
7 1140
7 1141
7 1142
7 1143
7 1144
7 1145
7 1146
7 1147
7 1148
7 1149
7 1150
7 1151
7 1152
7 1153
7 1154
7 1155
7 1156
7 1157
7 1158
7 1159
7 1160
7 1161
7 1162
7 1163
7 1164
7 1165
7 1166
7 1167
7 1168
7 1169
7 1170
8 1203
15 467
15 1203
17 520
18 1160
20 697
30 904
79 697
127 520
146 467
151 334
182 839
190 1135
193 849
272 839
295 322
295 334
296 697
297 697
303 322
304 697
305 1145
322 366
322 398
322 520
322 530
322 657
322 855
322 949
322 1013
322 1096
322 1589
322 1624
322 1963
334 1453
334 1522
334 1524
334 1992
339 849
365 520
368 520
384 849
420 1135
450 1145
467 520
467 871
467 1576
467 1590
467 1665
467 1873
468 1135
473 1162
505 849
505 904
506 839
509 1135
520 541
520 633
520 848
520 1092
520 1137
520 1146
520 1203
520 1251
520 1342
520 1349
520 1590
520 1600
520 1681
520 1852
520 1867
530 1145
544 1203
554 839
616 1160
618 697
625 697
657 839
687 1160
696 839
697 790
697 897
697 898
697 938
697 1066
697 1175
697 1498
697 1552
697 1660
697 1661
697 1662
731 1162
748 1203
749 1160
787 1135
795 1162
839 1101
839 1594
839 1631
839 1726
839 1807
839 1817
839 1843
849 874
849 1161
849 1917
904 1741
1107 1135
1135 1252
1135 1290
1135 1461
1135 1507
1135 1777
1135 1778
1141 1145
1160 1369
1160 1480
1162 1906
1203 1808
