0 12
1 368
2 180
2 449
2 464
3 180
3 449
3 503
4 180
5 368
6 503
7 180
11 368
12 65
12 123
12 180
12 198
12 299
12 302
12 318
12 352
12 364
12 385
12 440
12 463
12 509
12 515
12 531
12 551
12 781
12 792
12 814
12 926
12 950
12 976
12 1044
12 1335
12 1544
12 1579
12 1580
12 1581
12 1582
12 1583
12 1584
13 368
21 180
21 368
22 180
26 368
27 368
38 449
46 180
53 464
58 180
64 368
87 964
91 503
91 670
94 916
95 368
105 915
119 180
128 180
143 368
143 449
144 368
146 368
149 180
152 503
152 935
154 368
177 180
178 368
178 670
180 192
180 205
180 210
180 217
180 233
180 262
180 274
180 295
180 297
180 302
180 317
180 345
180 363
180 368
180 375
180 376
180 381
180 387
180 421
180 449
180 464
180 503
180 506
180 510
180 511
180 519
180 571
180 578
180 615
180 645
180 670
180 686
180 750
180 780
180 788
180 805
180 813
180 846
180 847
180 852
180 892
180 910
180 911
180 912
180 913
180 914
180 915
180 916
180 917
180 918
180 919
180 920
180 921
180 922
180 923
180 924
180 925
180 926
180 927
180 928
180 929
180 930
180 931
180 932
180 933
180 934
180 935
180 936
180 937
180 938
180 939
180 940
180 941
180 942
180 943
180 944
180 945
180 946
180 947
180 948
180 949
180 950
180 951
180 952
180 953
180 954
180 955
180 956
180 957
180 958
180 959
180 960
180 961
180 962
180 963
180 964
180 965
180 966
181 915
181 916
182 503
185 964
193 449
198 918
200 464
202 368
206 368
226 915
228 918
230 915
245 368
251 918
257 918
278 449
279 946
296 503
297 964
298 918
300 915
300 935
308 915
314 916
316 368
327 449
333 449
337 935
344 503
367 946
368 381
368 507
368 520
368 530
368 535
368 537
368 556
368 565
368 611
368 637
368 641
368 696
368 703
368 712
368 755
368 781
368 790
368 841
368 846
368 905
368 931
368 936
368 944
368 1036
368 1039
368 1110
368 1111
368 1172
368 1269
368 1288
368 1309
368 1324
368 1327
368 1366
368 1367
368 1368
368 1369
368 1370
368 1371
368 1372
368 1373
368 1374
368 1375
368 1376
368 1377
368 1378
368 1379
368 1380
368 1381
368 1382
368 1383
368 1384
368 1385
412 449
442 918
449 579
449 622
449 623
449 638
449 727
449 887
449 952
449 1038
449 1109
449 1180
449 1202
449 1222
449 1287
449 1571
449 1612
449 1646
449 1650
449 1757
449 1758
449 1759
449 1760
449 1761
449 1762
454 503
459 915
464 512
464 748
464 872
464 1525
464 1636
464 1880
464 1949
464 1977
503 517
503 552
503 703
503 836
503 914
503 1060
503 1061
503 1181
503 1196
503 1235
503 1236
503 1237
503 1238
503 1239
503 1240
503 1241
503 1242
503 1243
503 1244
503 1245
503 1246
534 670
586 915
616 918
670 1395
670 1590
670 1709
670 1963
737 946
750 946
762 946
788 916
817 964
907 964
915 968
915 991
915 1055
915 1141
915 1191
915 1262
915 1312
915 1478
915 1509
915 1581
915 1595
915 1743
915 1923
916 1699
918 1045
918 1142
918 1487
918 1779
918 1790
918 1955
935 1303
935 1814
946 1906
946 1952
964 1612
