1 181
3 522
4 702
4 837
5 181
5 702
6 181
8 910
10 910
11 181
19 522
33 181
48 1047
59 1563
67 790
72 702
82 181
91 683
92 790
93 1015
94 916
99 837
125 181
143 181
146 991
146 1563
148 181
152 181
152 1047
155 702
158 181
167 522
177 181
179 181
179 522
180 910
180 916
181 189
181 194
181 223
181 248
181 294
181 296
181 305
181 364
181 365
181 375
181 390
181 396
181 398
181 438
181 508
181 518
181 522
181 544
181 545
181 585
181 593
181 683
181 702
181 753
181 790
181 817
181 827
181 833
181 836
181 837
181 910
181 915
181 916
181 929
181 962
181 963
181 986
181 991
181 1010
181 1011
181 1012
181 1013
181 1014
181 1015
181 1016
181 1017
181 1018
181 1019
181 1020
181 1021
181 1022
181 1023
181 1024
181 1025
181 1026
181 1027
181 1028
181 1029
181 1030
181 1031
181 1032
181 1033
181 1034
181 1035
181 1036
181 1037
181 1038
181 1039
181 1040
181 1041
181 1042
181 1043
181 1044
181 1045
181 1046
181 1047
181 1048
181 1049
181 1050
181 1051
181 1052
181 1053
181 1054
186 702
186 1038
216 522
244 910
296 702
298 991
305 837
308 910
310 837
314 916
319 1126
321 837
321 910
330 1015
330 1126
342 837
348 522
365 910
365 1126
368 790
369 1038
376 683
379 910
381 837
398 910
410 702
438 790
449 1038
451 1047
505 837
510 837
511 683
521 522
522 593
522 640
522 703
522 885
522 1049
522 1148
522 1268
522 1448
522 1875
522 1876
533 837
570 910
574 1038
586 837
611 910
616 790
620 837
632 910
645 991
683 1546
697 790
702 1221
702 1417
702 1768
702 1770
702 1788
702 1905
702 1924
746 910
749 1015
765 790
769 837
788 916
790 981
790 1089
790 1126
790 1502
790 1510
790 1549
790 1720
790 1863
790 1877
790 1908
813 1563
837 1193
837 1263
837 1374
837 1521
837 1639
837 1766
840 1126
866 910
910 953
910 1115
910 1180
910 1313
910 1352
910 1353
910 1354
910 1355
910 1356
910 1357
910 1358
910 1359
910 1360
910 1361
910 1362
910 1363
910 1364
910 1365
915 991
916 1699
991 1368
991 1637
1015 1219
1015 1272
1015 1378
1015 1387
1038 1130
1047 1585
1047 1841
1126 1563
1126 1690
1126 1714
1126 1794
1156 1563
