0 27
1 296
1 367
2 296
3 296
4 296
4 702
4 869
5 702
6 367
6 714
6 741
7 296
7 741
8 367
9 296
27 193
27 296
27 368
27 618
27 1179
27 1287
27 1479
38 296
48 734
61 296
72 702
80 296
91 296
91 614
97 296
101 367
104 614
109 869
116 734
142 296
145 296
148 296
150 367
155 702
174 367
178 614
179 296
180 946
181 296
181 702
186 702
188 1247
191 296
192 614
192 716
193 296
195 296
198 296
199 296
220 367
263 296
279 946
295 296
296 297
296 298
296 299
296 302
296 349
296 367
296 371
296 372
296 378
296 383
296 397
296 434
296 446
296 448
296 470
296 503
296 505
296 506
296 512
296 514
296 521
296 576
296 584
296 588
296 696
296 697
296 698
296 699
296 700
296 701
296 702
296 703
296 704
296 705
296 706
296 707
296 708
296 709
296 710
296 711
296 712
296 713
296 714
296 715
296 716
296 717
296 718
296 719
296 720
296 721
296 722
296 723
296 724
296 725
296 726
296 727
296 728
296 729
296 730
296 731
296 732
296 733
296 734
296 735
296 736
296 737
296 738
296 739
296 740
296 741
296 742
296 743
296 744
296 745
323 722
340 714
341 614
364 367
365 722
366 614
367 430
367 451
367 527
367 536
367 594
367 611
367 614
367 616
367 694
367 729
367 764
367 789
367 835
367 869
367 912
367 946
367 974
367 1010
367 1011
367 1025
367 1061
367 1220
367 1247
367 1248
367 1249
367 1250
367 1251
367 1252
367 1253
367 1254
410 702
472 714
489 1247
504 716
505 714
510 1247
511 1247
518 722
519 1247
527 869
550 716
562 1247
613 1254
614 834
614 925
614 1172
614 1237
614 1246
614 1442
614 1469
614 1503
614 1535
614 1709
614 1751
614 1752
614 1753
614 1754
614 1755
680 1254
690 714
702 1221
702 1417
702 1768
702 1770
702 1788
702 1905
702 1924
714 911
714 1054
714 1237
714 1370
716 1770
722 792
722 1103
722 1965
734 780
734 1139
734 1489
734 1814
734 1887
737 946
741 1083
741 1230
750 946
762 946
836 1247
850 1254
869 1094
931 1247
946 1906
946 1952
966 1254
988 1254
1041 1247
1070 1247
1138 1247
1247 1285
1247 1459
1247 1581
1247 1671
1254 1997
