0 10
0 44
10 44
10 145
10 179
10 297
10 328
10 366
10 392
10 485
10 513
10 571
10 617
10 623
10 645
10 708
10 843
10 879
10 910
10 1029
10 1068
10 1119
10 1153
10 1238
10 1261
10 1348
10 1431
10 1432
10 1433
10 1434
10 1435
12 781
22 1435
27 1179
29 1476
44 145
44 1059
44 1110
44 1474
44 1967
89 1943
91 645
93 1261
143 1476
165 1261
178 781
180 645
183 1348
192 1261
205 1812
209 1857
210 1812
263 1261
299 1220
302 645
302 1476
341 1348
345 1220
366 1179
367 1220
368 781
383 1179
416 645
437 1943
474 1435
482 1261
505 1220
511 1261
538 1943
547 1261
548 1857
569 1857
609 1333
611 1333
612 781
645 655
645 719
645 991
645 1030
645 1210
645 1544
645 1782
645 1839
664 1812
695 1857
728 1179
739 1179
751 1179
781 1179
787 1476
801 1261
818 1179
852 1220
858 1179
882 1435
890 1812
934 1348
970 1348
1083 1348
1179 1333
1188 1348
1209 1333
1220 1261
1220 1731
1261 1333
1261 1476
1261 1812
1261 1929
1261 1943
1292 1857
1322 1435
1333 1361
1333 1396
1333 1481
1333 1831
1333 1857
1409 1943
1486 1943
1533 1812
1535 1857
1943 1948
