1 94
1 178
1 186
1 406
2 178
3 94
3 533
4 94
4 187
4 304
6 178
6 186
7 1139
12 302
14 1139
15 302
19 178
21 94
21 178
25 304
30 1819
37 302
48 302
54 302
86 302
90 94
91 178
93 304
94 186
94 283
94 297
94 473
94 534
94 689
94 916
94 931
94 1057
94 1139
94 1326
94 1366
94 1396
94 1449
94 1450
112 1026
142 178
144 178
146 187
150 178
156 178
163 1494
168 304
173 533
177 178
177 186
177 187
178 184
178 185
178 186
178 225
178 230
178 295
178 347
178 364
178 365
178 368
178 370
178 478
178 506
178 518
178 528
178 611
178 614
178 621
178 629
178 664
178 670
178 746
178 747
178 748
178 749
178 750
178 751
178 752
178 753
178 754
178 755
178 756
178 757
178 758
178 759
178 760
178 761
178 762
178 763
178 764
178 765
178 766
178 767
178 768
178 769
178 770
178 771
178 772
178 773
178 774
178 775
178 776
178 777
178 778
178 779
178 780
178 781
178 782
178 783
178 784
178 785
178 786
180 302
181 1026
186 187
186 190
186 256
186 302
186 304
186 702
186 755
186 794
186 907
186 912
186 962
186 967
186 978
186 1026
186 1038
186 1074
186 1100
186 1176
186 1285
186 1302
186 1428
186 1487
186 1488
186 1489
186 1490
186 1491
186 1492
186 1493
186 1494
186 1495
186 1496
186 1497
187 188
187 295
187 303
187 365
187 440
187 455
187 619
187 658
187 979
187 982
187 1009
187 1057
187 1114
187 1186
187 1245
187 1251
187 1304
187 1369
187 1420
187 1499
187 1500
187 1501
187 1502
187 1503
187 1504
187 1505
187 1506
199 302
202 304
204 302
288 1285
295 302
295 304
295 348
296 302
298 302
300 406
302 350
302 358
302 559
302 645
302 793
302 924
302 1325
302 1404
302 1476
302 1510
302 1511
302 1512
302 1513
302 1514
302 1515
302 1516
302 1517
302 1518
302 1519
304 365
304 475
304 620
304 697
304 760
304 838
304 911
304 1001
304 1177
304 1274
304 1460
304 1639
304 1640
304 1641
304 1642
304 1643
348 406
348 522
348 533
348 665
348 1630
348 1876
348 1917
369 1285
376 1819
382 1285
393 1026
406 754
406 1342
406 1819
406 1880
406 1954
472 1819
475 1139
479 1819
505 1285
510 1494
516 1139
533 613
533 837
533 882
533 1139
533 1605
533 1881
627 1494
708 1494
721 1139
734 1139
760 1139
870 1494
883 1139
1003 1139
1026 1487
1026 1491
1026 1848
1026 1878
1139 1253
1139 1468
1139 1477
1139 1751
1139 1770
1139 1815
1139 1890
1205 1285
1247 1285
1285 1676
