1 295
2 488
3 93
3 295
5 295
5 355
9 295
10 1029
11 295
24 1043
42 295
60 295
61 308
63 295
90 93
91 308
92 295
93 97
93 139
93 177
93 202
93 255
93 295
93 299
93 304
93 376
93 382
93 488
93 489
93 508
93 639
93 696
93 724
93 752
93 766
93 820
93 825
93 857
93 911
93 913
93 1015
93 1043
93 1095
93 1255
93 1256
93 1257
93 1258
93 1259
93 1260
93 1261
93 1262
93 1263
93 1264
93 1265
93 1266
109 308
110 308
111 295
115 295
136 1043
137 295
143 295
145 1221
178 295
179 295
179 824
180 295
181 1015
181 1029
181 1043
183 824
185 295
187 295
188 295
196 295
200 295
211 308
227 308
229 295
238 295
295 296
295 297
295 298
295 299
295 300
295 301
295 302
295 303
295 304
295 305
295 306
295 307
295 308
295 309
295 310
295 311
295 312
295 313
295 314
295 315
295 316
295 317
295 318
295 319
295 320
295 321
295 322
295 323
295 324
295 325
295 326
295 327
295 328
295 329
295 330
295 331
295 332
295 333
295 334
295 335
295 336
295 337
295 338
295 339
295 340
295 341
295 342
295 343
295 344
295 345
295 346
295 347
295 348
295 349
295 350
295 351
295 352
295 353
295 354
295 355
295 356
295 357
295 358
295 359
295 360
295 361
295 362
295 363
299 1221
300 824
308 370
308 380
308 383
308 385
308 502
308 506
308 538
308 660
308 671
308 715
308 762
308 789
308 806
308 829
308 878
308 910
308 915
308 972
308 1056
308 1093
308 1138
308 1173
308 1192
308 1236
308 1388
308 1456
308 1564
308 1614
308 1712
308 1790
308 1791
308 1792
308 1793
308 1794
308 1795
311 365
311 369
311 476
311 505
311 708
311 755
311 854
311 1040
311 1080
311 1366
311 1604
311 1605
311 1874
329 1221
330 1015
338 1260
355 606
355 1020
355 1346
355 1758
423 1029
426 824
488 792
488 1250
488 1976
580 1221
611 1260
625 1043
702 1221
746 1466
748 1260
749 1015
750 1466
821 1914
824 1029
824 1221
824 1260
824 1410
824 1466
842 1914
954 1914
1015 1219
1015 1272
1015 1378
1015 1387
1017 1914
1029 1289
1029 1475
1043 1140
1067 1260
1076 1260
1134 1466
1221 1580
1221 1914
1260 1304
1260 1965
1260 1975
1466 1508
1466 1811
1634 1914
