1 427
3 517
4 698
9 611
22 427
30 1328
31 698
33 611
91 611
91 651
93 766
94 1326
100 1331
104 1331
111 517
142 1184
151 517
151 698
155 1328
159 517
178 611
178 766
182 1315
183 611
194 611
203 1326
212 611
226 1340
261 1326
292 611
296 698
300 766
301 611
305 611
309 1328
310 651
325 1331
328 611
338 1964
364 611
366 1184
367 611
368 611
377 611
382 611
384 1184
388 611
397 651
407 517
411 1328
427 548
427 611
427 1369
429 611
429 1328
446 651
451 698
471 517
503 517
504 517
506 611
506 766
515 611
517 540
517 611
517 792
517 821
517 1125
517 1332
517 1337
517 1391
517 1522
517 1768
517 1802
517 1837
517 1838
523 611
529 1328
542 698
568 1326
582 1340
597 766
607 611
611 612
611 646
611 651
611 698
611 717
611 752
611 766
611 769
611 788
611 882
611 910
611 922
611 957
611 967
611 982
611 987
611 1108
611 1119
611 1149
611 1165
611 1184
611 1255
611 1260
611 1303
611 1315
611 1322
611 1323
611 1324
611 1325
611 1326
611 1327
611 1328
611 1329
611 1330
611 1331
611 1332
611 1333
611 1334
611 1335
611 1336
611 1337
611 1338
611 1339
611 1340
611 1341
651 1944
655 1338
684 1340
692 1331
698 967
698 1011
698 1055
698 1176
698 1246
698 1369
698 1398
698 1421
698 1452
698 1823
698 1824
720 1964
743 1328
753 1331
766 981
766 1663
766 1687
815 1326
950 1331
969 1184
984 1328
987 1326
1085 1328
1102 1964
1123 1964
1171 1315
1177 1315
1184 1667
1184 1722
1236 1338
1287 1315
1326 1640
1326 1954
1326 1964
1328 1562
1328 1748
1328 1894
1338 1400
1338 1688
1340 1701
1619 1964
1945 1964
