0 25
0 82
3 510
17 1560
19 205
19 1367
25 82
25 151
25 205
25 282
25 304
25 530
25 664
25 746
25 772
25 807
25 924
25 945
25 987
25 1004
25 1123
25 1142
25 1231
25 1367
25 1665
25 1725
25 1822
25 1888
25 1890
29 1367
45 510
82 181
82 1154
82 1587
82 1824
82 1889
92 800
100 800
101 1811
145 510
146 1560
147 1462
148 1725
177 205
180 205
180 510
181 1046
205 275
205 336
205 510
205 529
205 548
205 633
205 737
205 751
205 881
205 896
205 914
205 971
205 1096
205 1349
205 1458
205 1462
205 1472
205 1740
205 1742
205 1811
205 1812
205 1813
205 1814
213 1888
217 1725
218 510
226 1811
249 1560
252 510
258 800
278 510
300 510
300 1046
303 510
315 1046
322 1096
364 1096
365 1096
368 1367
384 1888
396 1367
410 1890
510 543
510 730
510 783
510 800
510 837
510 874
510 1046
510 1247
510 1264
510 1294
510 1470
510 1494
510 1529
510 1560
510 1584
510 1599
510 1600
510 1601
529 1560
551 1888
603 1888
630 1811
652 1725
666 800
674 1367
746 1462
800 843
800 975
800 1490
817 1725
827 1046
868 1462
922 1888
1056 1367
1068 1811
1093 1725
1096 1389
1096 1459
1096 1855
1096 1896
1127 1367
1139 1890
1156 1811
1227 1890
1256 1890
1367 1623
1367 1634
1367 1780
1455 1462
1462 1552
1466 1811
1725 1834
