0 12
2 477
3 515
3 546
4 299
5 299
12 65
12 123
12 180
12 198
12 299
12 302
12 318
12 352
12 364
12 385
12 440
12 463
12 509
12 515
12 531
12 551
12 781
12 792
12 814
12 926
12 950
12 976
12 1044
12 1335
12 1544
12 1579
12 1580
12 1581
12 1582
12 1583
12 1584
13 814
15 814
16 814
18 299
19 1579
20 151
25 151
28 814
29 1230
60 1219
62 477
74 151
91 515
93 299
98 299
98 1219
99 299
106 1582
111 814
116 814
141 151
141 175
151 219
151 240
151 299
151 334
151 395
151 400
151 421
151 505
151 511
151 517
151 553
151 686
151 698
151 733
151 838
151 841
151 873
151 939
151 970
151 992
151 1040
151 1137
151 1304
151 1361
151 1412
151 1424
151 1429
151 1445
151 1446
151 1461
151 1529
151 1535
151 1568
151 1586
151 1689
151 1796
151 1797
151 1798
151 1799
151 1800
151 1801
152 814
166 175
175 299
175 459
175 838
179 299
179 814
190 814
198 352
217 299
240 299
250 477
283 1582
295 299
295 352
296 299
299 301
299 330
299 418
299 447
299 477
299 495
299 524
299 546
299 641
299 676
299 710
299 719
299 748
299 759
299 895
299 896
299 971
299 986
299 1010
299 1107
299 1152
299 1216
299 1217
299 1218
299 1219
299 1220
299 1221
299 1222
299 1223
299 1224
299 1225
299 1226
299 1227
299 1228
299 1229
299 1230
299 1231
299 1232
299 1233
299 1234
300 1230
338 515
352 721
352 747
352 1803
352 1955
382 546
405 477
449 1222
466 814
477 582
477 1459
477 1569
478 515
500 814
504 1222
515 611
515 617
515 627
515 866
515 1010
515 1063
515 1267
515 1286
515 1343
515 1440
515 1683
515 1734
538 546
546 786
546 791
546 1962
568 1230
636 1230
644 814
713 1582
718 814
741 1230
762 1222
799 814
809 1219
810 814
814 996
814 1068
814 1174
814 1392
814 1456
814 1530
814 1603
814 1672
814 1673
814 1674
814 1675
814 1676
883 1582
893 1219
911 1219
973 1579
1015 1219
1088 1579
1156 1579
1195 1579
1219 1393
1219 1904
1219 1906
1222 1744
1225 1579
1352 1579
1418 1579
1506 1582
1541 1579
1569 1582
1579 1605
1579 1782
1579 1957
1579 1981
