0 20
1 91
1 204
2 91
2 179
3 91
3 505
3 511
3 515
3 544
3 570
4 91
4 183
4 511
4 847
5 91
5 179
6 183
6 505
7 20
8 505
8 1211
10 179
10 645
12 515
15 179
16 505
18 179
18 183
20 151
20 297
20 354
20 505
20 652
20 697
20 974
20 1255
20 1438
20 1553
20 1618
20 1686
20 1772
24 179
27 1287
29 183
34 511
37 91
39 183
48 1287
49 511
62 1291
71 91
72 1211
83 91
90 91
91 127
91 129
91 130
91 132
91 136
91 148
91 157
91 177
91 178
91 179
91 189
91 193
91 194
91 197
91 204
91 287
91 296
91 297
91 298
91 308
91 332
91 364
91 454
91 457
91 474
91 478
91 485
91 503
91 504
91 505
91 507
91 515
91 516
91 525
91 540
91 543
91 551
91 555
91 565
91 570
91 601
91 611
91 612
91 613
91 614
91 615
91 616
91 617
91 618
91 619
91 620
91 621
91 622
91 623
91 624
91 625
91 626
91 627
91 628
91 629
91 630
91 631
91 632
91 633
91 634
91 635
91 636
91 637
91 638
91 639
91 640
91 641
91 642
91 643
91 644
91 645
91 646
91 647
91 648
91 649
91 650
91 651
91 652
91 653
91 654
91 655
91 656
91 657
91 658
91 659
91 660
91 661
91 662
91 663
91 664
91 665
91 666
91 667
91 668
91 669
91 670
91 671
91 672
91 673
91 674
91 675
91 676
91 677
91 678
91 679
91 680
91 681
91 682
91 683
91 684
91 685
91 686
91 687
91 688
91 689
91 690
91 691
91 692
91 693
91 694
91 695
106 847
116 511
117 179
123 544
141 157
145 1291
145 1294
151 505
151 511
154 1288
157 753
157 1067
157 1451
157 1555
157 1806
157 1927
158 511
163 511
164 212
165 1287
171 179
177 179
177 183
177 204
177 212
177 280
179 181
179 185
179 200
179 227
179 228
179 231
179 272
179 274
179 276
179 295
179 296
179 299
179 301
179 314
179 318
179 325
179 422
179 448
179 455
179 507
179 512
179 516
179 518
179 522
179 536
179 583
179 654
179 694
179 696
179 739
179 744
179 788
179 813
179 814
179 815
179 816
179 817
179 818
179 819
179 820
179 821
179 822
179 823
179 824
179 825
179 826
179 827
179 828
179 829
179 830
179 831
179 832
179 833
179 834
180 511
180 645
180 847
181 544
183 188
183 197
183 320
183 505
183 508
183 611
183 619
183 735
183 757
183 824
183 862
183 1192
183 1342
183 1343
183 1344
183 1345
183 1346
183 1347
183 1348
183 1349
183 1350
183 1351
186 1285
188 1287
192 309
198 309
198 544
203 511
204 302
204 444
204 447
204 516
204 657
204 883
204 919
204 1195
204 1355
204 1437
204 1614
204 1627
204 1680
209 1292
212 253
212 309
212 336
212 472
212 507
212 611
212 1258
212 1275
212 1314
212 1322
212 1432
212 1463
212 1566
212 1786
212 1887
220 1288
239 1291
258 1291
268 1287
280 321
280 375
280 379
280 847
280 1980
288 1285
295 309
296 505
298 544
300 1291
302 645
309 335
309 392
309 505
309 506
309 544
309 628
309 648
309 663
309 847
309 944
309 1328
309 1459
309 1719
309 1835
309 1836
311 505
319 1301
338 515
341 1291
368 1288
369 681
369 1285
370 674
382 1285
390 511
409 1301
413 1287
416 645
449 1287
450 1287
451 1288
456 505
470 544
478 515
504 511
505 511
505 561
505 587
505 699
505 714
505 742
505 751
505 812
505 837
505 849
505 887
505 904
505 990
505 1055
505 1200
505 1211
505 1220
505 1265
505 1284
505 1285
505 1286
505 1287
505 1288
505 1289
505 1290
505 1291
505 1292
505 1293
505 1294
505 1295
505 1296
505 1297
505 1298
505 1299
505 1300
505 1301
510 1294
511 597
511 602
511 612
511 634
511 647
511 683
511 692
511 700
511 996
511 1027
511 1059
511 1069
511 1247
511 1261
511 1293
511 1382
511 1504
511 1629
511 1630
511 1631
511 1632
511 1633
511 1634
511 1635
511 1636
511 1637
511 1638
515 611
515 617
515 627
515 866
515 1010
515 1063
515 1267
515 1286
515 1343
515 1440
515 1683
515 1734
523 1211
543 847
544 552
544 897
544 969
544 1203
544 1755
544 1824
544 1832
544 1950
570 748
570 769
570 910
570 1010
570 1979
573 1294
645 655
645 719
645 991
645 1030
645 1210
645 1544
645 1782
645 1839
671 1292
674 972
674 1036
674 1367
674 1714
681 1068
681 1093
681 1275
695 1287
847 937
847 1944
847 1968
859 1291
886 1968
892 1301
893 1301
962 1298
965 1968
970 1291
980 1298
1031 1211
1060 1292
1062 1968
1065 1292
1084 1292
1098 1968
1205 1285
1205 1292
1247 1285
1285 1676
1287 1315
1287 1621
1287 1829
1287 1879
1287 1952
1291 1442
1291 1644
1291 1669
1291 1826
1291 1831
1292 1304
1292 1857
1292 1922
1294 1490
1298 1308
1298 1567
1298 1802
1446 1968
