0 10
0 50
1 190
1 400
1 420
3 190
3 297
3 561
4 750
5 897
6 211
6 697
6 973
6 1066
7 697
10 44
10 145
10 179
10 297
10 328
10 366
10 392
10 485
10 513
10 571
10 617
10 623
10 645
10 708
10 843
10 879
10 910
10 1029
10 1068
10 1119
10 1153
10 1238
10 1261
10 1348
10 1431
10 1432
10 1433
10 1434
10 1435
11 1498
15 561
17 297
19 297
20 297
20 697
26 297
48 977
50 52
50 193
50 297
50 548
50 1095
73 188
79 697
79 969
81 978
83 629
84 977
87 964
91 297
91 629
92 750
92 805
94 297
96 297
96 968
109 969
121 973
142 977
151 400
151 970
177 188
177 190
177 211
178 629
178 750
180 297
180 750
180 805
180 953
180 964
183 188
184 297
185 629
185 964
186 190
186 967
186 978
187 188
188 191
188 273
188 295
188 297
188 337
188 445
188 665
188 724
188 846
188 1247
188 1287
188 1441
188 1507
188 1508
188 1509
189 978
190 216
190 289
190 297
190 377
190 723
190 763
190 793
190 794
190 799
190 813
190 814
190 871
190 881
190 1135
190 1194
190 1335
190 1480
190 1573
190 1574
190 1575
190 1576
205 971
211 261
211 297
211 308
211 591
211 625
211 765
211 787
211 927
211 1032
211 1239
211 1421
211 1542
211 1612
211 1695
211 1864
217 969
223 750
224 297
232 805
236 967
242 970
244 977
244 1803
263 980
269 1498
295 297
296 297
296 697
297 356
297 387
297 400
297 401
297 420
297 450
297 470
297 547
297 561
297 579
297 613
297 618
297 629
297 697
297 749
297 750
297 770
297 775
297 805
297 865
297 894
297 917
297 922
297 953
297 964
297 967
297 968
297 969
297 970
297 971
297 972
297 973
297 974
297 975
297 976
297 977
297 978
297 979
297 980
297 981
297 982
297 983
297 984
297 985
299 971
304 697
315 970
343 973
352 1803
364 897
382 968
388 968
398 978
400 640
400 843
400 1027
414 1498
420 453
420 706
420 1135
420 1594
426 970
448 967
450 970
451 805
451 978
452 973
457 968
496 1498
505 561
530 967
537 968
541 973
542 1066
544 897
544 969
548 971
551 969
561 1734
563 629
599 1498
605 969
611 967
618 697
619 980
625 697
628 1066
629 696
629 797
629 885
629 1227
629 1761
637 750
643 969
652 953
652 969
658 750
661 1066
675 969
696 1066
697 790
697 897
697 898
697 938
697 1066
697 1175
697 1498
697 1552
697 1660
697 1661
697 1662
698 967
750 941
750 946
750 1466
750 1913
766 981
782 980
790 981
798 969
817 964
817 969
867 897
897 913
897 1803
906 970
907 964
910 953
915 968
922 968
940 968
953 1767
964 1612
967 1079
967 1425
967 1906
967 1918
968 1095
968 1611
968 1900
969 1058
969 1184
969 1368
969 1571
969 1595
969 1669
969 1934
970 1060
970 1291
970 1348
970 1485
970 1763
970 1954
971 1018
971 1091
973 1060
973 1229
973 1249
973 1405
973 1579
973 1734
973 1813
977 1630
977 1897
980 1298
980 1646
980 1689
981 1018
981 1821
1066 1445
1115 1498
1192 1803
1498 1807
1498 1939
1498 1940
1498 1977
1803 1881
