0 21
2 180
3 180
3 297
3 506
3 566
3 571
4 180
4 847
5 788
7 180
8 910
10 297
10 571
10 645
10 910
12 180
17 297
19 297
20 297
21 78
21 94
21 117
21 178
21 180
21 239
21 284
21 358
21 368
21 660
21 1665
21 1680
22 180
25 945
26 297
28 615
36 571
42 912
46 180
50 297
58 180
71 960
83 615
83 912
91 297
91 615
91 645
91 670
92 788
94 297
94 931
96 297
101 960
106 847
119 180
126 571
128 180
139 914
143 615
149 180
172 1809
177 180
177 274
178 506
178 670
179 274
179 788
180 192
180 205
180 210
180 217
180 233
180 262
180 274
180 295
180 297
180 302
180 317
180 345
180 363
180 368
180 375
180 376
180 381
180 387
180 421
180 449
180 464
180 503
180 506
180 510
180 511
180 519
180 571
180 578
180 615
180 645
180 670
180 686
180 750
180 780
180 788
180 805
180 813
180 846
180 847
180 852
180 892
180 910
180 911
180 912
180 913
180 914
180 915
180 916
180 917
180 918
180 919
180 920
180 921
180 922
180 923
180 924
180 925
180 926
180 927
180 928
180 929
180 930
180 931
180 932
180 933
180 934
180 935
180 936
180 937
180 938
180 939
180 940
180 941
180 942
180 943
180 944
180 945
180 946
180 947
180 948
180 949
180 950
180 951
180 952
180 953
180 954
180 955
180 956
180 957
180 958
180 959
180 960
180 961
180 962
180 963
180 964
180 965
180 966
181 910
184 297
186 912
186 1487
188 297
190 297
191 954
195 615
198 506
198 566
205 914
208 566
208 923
210 788
211 297
211 927
217 788
217 943
224 297
229 943
234 920
244 910
260 912
274 770
274 1175
274 1714
280 847
293 615
295 297
296 297
296 506
297 356
297 387
297 400
297 401
297 420
297 450
297 470
297 547
297 561
297 579
297 613
297 618
297 629
297 697
297 749
297 750
297 770
297 775
297 805
297 865
297 894
297 917
297 922
297 953
297 964
297 967
297 968
297 969
297 970
297 971
297 972
297 973
297 974
297 975
297 976
297 977
297 978
297 979
297 980
297 981
297 982
297 983
297 984
297 985
298 912
298 949
302 645
305 923
307 615
308 506
308 910
309 506
309 847
321 910
322 949
326 788
327 912
346 945
362 788
365 910
366 912
366 954
367 912
368 931
372 506
374 912
374 1809
376 788
379 910
380 506
385 927
389 914
398 910
407 506
414 506
416 645
422 1809
449 952
450 920
459 923
459 931
476 1487
503 914
504 506
504 914
506 611
506 752
506 766
506 839
506 888
506 1062
506 1108
506 1163
506 1281
506 1317
506 1318
506 1319
506 1320
506 1321
521 945
527 952
534 670
536 1809
539 615
542 1809
543 847
548 912
550 1487
551 1487
559 923
566 700
566 914
566 1242
566 1657
570 910
571 633
571 1346
571 1871
611 788
611 910
615 951
615 1255
615 1339
615 1407
615 1770
615 1771
619 788
631 927
632 910
645 655
645 719
645 991
645 1030
645 1210
645 1544
645 1782
645 1839
653 788
659 959
666 914
667 959
670 1395
670 1590
670 1709
670 1963
687 920
700 912
700 920
710 945
713 788
726 788
746 910
748 914
751 927
788 803
788 820
788 845
788 916
788 936
788 1058
788 1120
788 1199
788 1200
788 1225
788 1235
788 1515
788 1705
788 1706
788 1707
788 1708
788 1709
817 920
825 949
847 937
847 1944
847 1968
848 952
866 910
885 912
886 912
910 953
910 1115
910 1180
910 1313
910 1352
910 1353
910 1354
910 1355
910 1356
910 1357
910 1358
910 1359
910 1360
910 1361
910 1362
910 1363
910 1364
910 1365
911 920
912 1296
912 1414
912 1547
912 1597
912 1607
912 1696
912 1716
912 1735
912 1736
912 1737
912 1738
912 1739
914 1034
914 1065
914 1117
914 1196
914 1281
914 1487
914 1745
914 1809
914 1856
918 1487
923 1010
927 1753
931 1247
931 1780
931 1898
931 1920
943 1322
943 1734
949 1269
952 1017
952 1583
954 1262
954 1914
959 1417
959 1999
960 1055
960 1483
960 1499
1026 1487
1093 1809
1103 1487
1150 1487
1487 1690
1487 1862
1487 1922
