0 5
0 34
1 90
1 364
1 401
1 417
2 90
2 417
2 457
3 457
3 555
5 13
5 14
5 34
5 51
5 86
5 90
5 91
5 102
5 114
5 144
5 161
5 179
5 181
5 255
5 262
5 295
5 299
5 307
5 312
5 355
5 364
5 366
5 368
5 395
5 401
5 431
5 451
5 496
5 504
5 509
5 521
5 526
5 595
5 626
5 656
5 699
5 702
5 705
5 710
5 746
5 748
5 769
5 788
5 815
5 817
5 875
5 881
5 882
5 883
5 884
5 885
5 886
5 887
5 888
5 889
5 890
5 891
5 892
5 893
5 894
5 895
5 896
5 897
5 898
5 899
5 900
5 901
5 902
5 903
5 904
5 905
5 906
5 907
5 908
5 909
6 90
7 1141
8 364
12 364
13 90
24 203
34 86
34 214
34 303
34 511
34 979
34 1125
34 1183
34 1363
34 1399
34 1438
34 1526
34 1700
34 1864
35 882
36 882
39 457
42 817
50 1095
61 882
90 91
90 92
90 93
90 94
90 95
90 96
90 97
90 98
90 99
90 100
90 101
90 102
90 103
90 104
90 105
90 106
90 107
90 108
90 109
90 110
90 111
90 112
90 113
90 114
90 115
90 116
90 117
90 118
90 119
90 120
90 121
90 122
90 123
90 124
90 125
90 126
90 127
90 128
90 129
90 130
90 131
90 132
90 133
90 134
90 135
90 136
90 137
90 138
90 139
90 140
91 364
91 457
91 555
91 678
92 203
92 417
92 799
93 1095
98 203
99 1104
102 1092
103 903
105 902
105 1092
114 555
116 1010
118 364
125 1521
143 817
145 1521
161 1010
166 882
177 203
178 364
179 817
181 364
181 817
181 1010
181 1036
182 364
184 364
186 1100
189 903
190 799
192 307
198 882
203 315
203 364
203 369
203 381
203 511
203 526
203 646
203 762
203 1005
203 1048
203 1056
203 1326
203 1352
203 1580
203 1712
203 1775
203 1776
215 882
223 678
245 1036
248 555
249 817
255 1521
263 1095
264 555
295 307
296 745
297 401
299 1010
300 1010
307 315
307 456
307 615
307 729
307 785
307 813
307 921
307 1025
307 1055
307 1070
307 1193
307 1212
307 1262
307 1500
307 1511
307 1552
307 1621
307 1679
307 1680
307 1702
307 1717
307 1718
312 1010
313 1036
315 799
316 1104
317 902
319 1521
324 1095
327 1101
364 366
364 367
364 446
364 457
364 504
364 521
364 525
364 555
364 568
364 611
364 612
364 616
364 678
364 701
364 745
364 826
364 897
364 936
364 998
364 1010
364 1014
364 1056
364 1091
364 1092
364 1093
364 1094
364 1095
364 1096
364 1097
364 1098
364 1099
364 1100
364 1101
364 1102
364 1103
364 1104
364 1105
364 1106
365 555
365 882
366 1092
366 1106
367 1010
368 1036
371 1010
380 555
380 1101
384 1010
401 466
401 712
401 1384
401 1422
401 1549
401 1550
416 799
417 446
417 1095
417 1736
431 1092
432 1095
445 882
446 1095
448 678
449 887
457 462
457 527
457 693
457 968
457 1110
457 1116
457 1150
457 1392
457 1643
457 1654
457 1798
504 745
505 887
514 887
515 1010
516 1141
520 1092
527 1141
533 882
549 678
555 895
555 1019
555 1027
555 1448
555 1719
570 1010
587 887
611 882
628 817
639 745
656 1095
666 1141
674 1036
677 1010
692 1010
709 817
711 882
712 817
745 1790
746 1092
747 1010
764 1092
799 814
799 1036
799 1141
799 1606
802 1010
815 1010
816 902
817 884
817 920
817 964
817 969
817 1058
817 1156
817 1399
817 1424
817 1673
817 1725
817 1886
817 1907
836 1092
837 1521
839 1101
848 1010
882 988
882 1069
882 1248
882 1356
882 1406
882 1435
882 1518
882 1657
882 1726
882 1891
883 1104
884 1100
887 1014
887 1295
887 1486
887 1980
902 1079
903 1423
903 1891
915 1141
923 1010
932 1010
948 1092
968 1095
976 1092
984 1010
1010 1296
1010 1344
1010 1433
1010 1445
1010 1446
1010 1447
1010 1448
1028 1101
1035 1095
1092 1170
1092 1188
1092 1378
1092 1495
1092 1868
1095 1141
1095 1144
1095 1521
1095 1556
1095 1567
1100 1508
1100 1742
1100 1871
1104 1293
1104 1910
1106 1223
1106 1603
1106 1802
1108 1141
1141 1145
1141 1933
1289 1521
1493 1521
1521 1679
1566 1933
1667 1933
1748 1933
1877 1933
