0 1
0 14
1 2
1 3
1 7
1 8
1 14
1 36
1 90
1 91
1 94
1 96
1 134
1 141
1 177
1 178
1 181
1 182
1 186
1 190
1 196
1 204
1 207
1 213
1 221
1 229
1 232
1 242
1 246
1 277
1 295
1 296
1 303
1 306
1 364
1 365
1 366
1 367
1 368
1 369
1 370
1 371
1 372
1 373
1 374
1 375
1 376
1 377
1 378
1 379
1 380
1 381
1 382
1 383
1 384
1 385
1 386
1 387
1 388
1 389
1 390
1 391
1 392
1 393
1 394
1 395
1 396
1 397
1 398
1 399
1 400
1 401
1 402
1 403
1 404
1 405
1 406
1 407
1 408
1 409
1 410
1 411
1 412
1 413
1 414
1 415
1 416
1 417
1 418
1 419
1 420
1 421
1 422
1 423
1 424
1 425
1 426
1 427
1 428
1 429
1 430
1 431
1 432
1 433
1 434
1 435
1 436
1 437
1 438
1 439
1 440
1 441
1 442
1 443
1 444
2 141
2 178
2 369
2 373
3 94
3 388
3 526
3 597
4 94
4 213
4 303
4 415
5 14
5 366
5 526
6 178
6 369
6 1077
7 96
7 409
8 213
10 366
12 440
14 244
14 301
14 313
14 504
14 706
14 757
14 1017
14 1022
14 1093
14 1139
14 1453
14 1612
14 1613
14 1614
15 232
18 250
19 178
19 366
21 94
21 178
22 427
30 373
30 1259
34 303
35 141
42 141
49 1823
54 141
56 1259
58 303
67 303
68 303
89 1823
90 94
90 96
90 134
91 178
91 681
92 141
92 366
93 1259
94 186
94 283
94 297
94 473
94 534
94 689
94 916
94 931
94 1057
94 1139
94 1326
94 1366
94 1396
94 1449
94 1450
96 129
96 177
96 246
96 297
96 372
96 479
96 542
96 550
96 687
96 693
96 758
96 852
96 878
96 900
96 913
96 968
96 1052
96 1107
96 1246
96 1396
96 1515
96 1523
96 1574
96 1618
96 1619
96 1620
96 1621
96 1622
97 141
100 375
102 141
102 409
106 1536
106 1823
113 369
114 303
116 409
130 597
134 222
134 1322
134 1752
141 142
141 143
141 144
141 145
141 146
141 147
141 148
141 149
141 150
141 151
141 152
141 153
141 154
141 155
141 156
141 157
141 158
141 159
141 160
141 161
141 162
141 163
141 164
141 165
141 166
141 167
141 168
141 169
141 170
141 171
141 172
141 173
141 174
141 175
141 176
142 178
142 436
143 369
143 1077
144 178
145 373
145 424
149 303
150 178
151 400
152 388
154 1540
156 178
167 424
177 178
177 213
177 232
177 250
177 277
178 184
178 185
178 186
178 225
178 230
178 295
178 347
178 364
178 365
178 368
178 370
178 478
178 506
178 518
178 528
178 611
178 614
178 621
178 629
178 664
178 670
178 746
178 747
178 748
178 749
178 750
178 751
178 752
178 753
178 754
178 755
178 756
178 757
178 758
178 759
178 760
178 761
178 762
178 763
178 764
178 765
178 766
178 767
178 768
178 769
178 770
178 771
178 772
178 773
178 774
178 775
178 776
178 777
178 778
178 779
178 780
178 781
178 782
178 783
178 784
178 785
178 786
180 375
181 375
182 373
182 1309
186 1488
186 1495
187 303
187 440
196 1267
197 303
203 369
203 526
213 353
213 492
213 671
213 1108
213 1198
213 1208
213 1888
226 412
228 1495
230 1488
231 1868
232 365
232 445
232 728
232 805
232 1269
232 1320
232 1538
232 1683
232 1746
250 265
250 369
250 477
250 493
250 649
250 1844
250 1984
250 1997
267 366
277 291
277 840
277 1210
277 1610
277 1669
277 1840
280 375
286 388
295 303
297 400
297 420
298 433
300 406
301 440
303 322
303 325
303 365
303 374
303 510
303 530
303 610
303 631
303 636
303 647
303 700
303 860
303 894
303 999
303 1012
303 1172
303 1236
303 1273
303 1282
303 1322
303 1332
303 1552
303 1553
303 1554
303 1555
303 1556
310 413
311 369
315 366
315 1259
322 366
323 388
330 366
331 1536
344 366
348 406
353 436
364 366
365 366
366 430
366 471
366 528
366 529
366 564
366 614
366 624
366 627
366 632
366 726
366 765
366 845
366 853
366 912
366 932
366 954
366 986
366 1013
366 1021
366 1053
366 1055
366 1092
366 1099
366 1106
366 1112
366 1171
366 1172
366 1173
366 1174
366 1175
366 1176
366 1177
366 1178
366 1179
366 1180
366 1181
366 1182
366 1183
366 1184
366 1185
366 1186
366 1187
366 1188
366 1189
366 1190
366 1191
368 1309
369 504
369 526
369 597
369 680
369 681
369 709
369 896
369 1038
369 1285
369 1317
369 1318
369 1488
369 1499
369 1536
369 1537
369 1538
369 1539
369 1540
369 1541
373 384
373 486
373 504
373 754
373 872
373 925
373 1325
373 1389
373 1673
373 1773
373 1774
375 513
375 532
375 884
375 1055
375 1629
375 1700
375 1815
375 1816
384 433
388 439
388 611
388 668
388 737
388 968
388 1178
388 1327
388 1397
388 1778
396 1536
400 640
400 843
400 1027
406 754
406 1342
406 1819
406 1880
406 1954
408 424
409 1301
409 1330
409 1546
412 449
412 451
412 776
412 813
412 1232
413 1287
413 1478
413 1513
413 1528
413 1796
413 1805
413 1880
413 1904
413 1981
415 446
415 595
415 1140
415 1171
420 453
420 706
420 1135
420 1594
424 748
424 1059
424 1928
427 548
427 611
427 1369
433 613
433 1322
436 579
436 592
436 743
436 1217
436 1246
436 1863
440 854
444 1077
465 1309
465 1823
504 1267
506 1318
511 597
515 1267
526 679
526 840
526 990
526 1559
547 1077
553 1868
597 766
604 1318
613 1318
657 1540
681 1068
681 1093
681 1275
696 1259
698 1823
746 1267
787 1077
859 1488
879 1823
901 1318
911 1540
924 1318
957 1318
1013 1318
1040 1259
1067 1488
1077 1488
1092 1495
1092 1868
1115 1536
1173 1267
1237 1267
1259 1488
1259 1619
1259 1986
1267 1488
1267 1599
1267 1720
1309 1488
1309 1903
1318 1610
1318 1658
1323 1868
1488 1495
1488 1823
1488 1868
1495 1637
1495 1869
1507 1536
1540 1729
