0 27
1 296
1 371
1 434
2 296
2 371
2 448
2 485
3 199
3 296
3 512
3 588
4 296
4 448
4 512
4 736
4 841
5 699
7 296
7 733
8 706
8 1206
9 296
10 485
13 1588
14 706
19 448
27 193
27 296
27 368
27 618
27 1179
27 1287
27 1479
38 296
47 448
61 296
74 512
80 296
81 1430
85 448
91 296
91 485
91 612
91 640
92 199
93 724
93 1258
97 296
97 704
98 199
102 1741
104 612
108 841
122 1722
125 612
141 167
142 296
144 699
144 1258
144 1486
145 296
145 612
146 1562
147 612
147 700
147 1722
148 296
150 371
151 733
151 841
152 930
158 704
167 424
167 448
167 522
167 1269
177 199
177 263
178 754
179 296
179 448
179 512
180 930
181 296
183 735
184 1430
186 967
188 724
189 588
189 706
191 296
191 333
192 1593
193 296
193 699
194 371
195 296
198 296
199 201
199 296
199 302
199 1171
199 1697
199 1750
201 612
202 704
205 737
205 1740
212 1258
217 1562
222 1745
228 1740
236 967
241 706
241 1593
242 1258
253 930
263 296
263 980
263 1095
263 1261
263 1681
263 1937
264 726
268 699
282 612
295 296
295 333
296 297
296 298
296 299
296 302
296 349
296 367
296 371
296 372
296 378
296 383
296 397
296 434
296 446
296 448
296 470
296 503
296 505
296 506
296 512
296 514
296 521
296 576
296 584
296 588
296 696
296 697
296 698
296 699
296 700
296 701
296 702
296 703
296 704
296 705
296 706
296 707
296 708
296 709
296 710
296 711
296 712
296 713
296 714
296 715
296 716
296 717
296 718
296 719
296 720
296 721
296 722
296 723
296 724
296 725
296 726
296 727
296 728
296 729
296 730
296 731
296 732
296 733
296 734
296 735
296 736
296 737
296 738
296 739
296 740
296 741
296 742
296 743
296 744
296 745
297 967
300 512
300 713
301 733
303 700
306 612
310 733
314 1206
316 512
326 512
326 754
333 448
333 449
333 819
333 1034
333 1400
333 1744
333 1825
333 1930
333 1977
345 1743
346 1740
362 448
364 612
365 704
366 726
368 841
371 507
371 607
371 1010
371 1232
371 1447
371 1610
371 1611
373 754
377 737
377 1258
378 730
378 1206
379 612
388 737
394 713
400 640
406 754
410 713
420 706
434 478
434 804
434 925
441 640
441 841
446 754
447 706
447 841
448 485
448 612
448 640
448 654
448 678
448 754
448 841
448 930
448 967
448 1057
448 1206
448 1258
448 1430
448 1470
448 1486
448 1499
448 1562
448 1586
448 1588
448 1593
448 1722
448 1740
448 1741
448 1742
448 1743
448 1744
448 1745
448 1746
448 1747
448 1748
448 1749
460 612
460 706
464 512
470 1743
479 699
480 841
485 625
485 1379
485 1385
485 1707
496 1748
505 699
510 730
511 612
511 700
512 728
512 1118
512 1627
512 1656
512 1657
522 640
523 1740
530 967
536 736
542 1588
554 735
556 1588
566 700
567 1593
588 1302
588 1826
593 841
593 1747
604 1740
608 1258
611 612
611 967
612 622
612 781
612 985
612 1013
612 1112
612 1133
612 1159
612 1173
612 1189
612 1471
612 1632
612 1645
640 787
640 888
652 735
690 1722
698 967
699 1289
699 1417
700 912
700 920
700 1115
700 1307
700 1324
700 1524
700 1893
704 818
704 838
704 1072
704 1635
704 1656
704 1844
704 1878
704 1885
705 1562
706 732
706 758
706 873
706 975
706 1520
706 1543
706 1710
706 1806
706 1877
706 1927
713 788
713 924
713 933
713 1582
713 1664
713 1960
713 1989
724 1109
724 1175
724 1872
726 788
726 1067
726 1395
730 751
730 1776
730 1790
731 1747
735 1682
736 1273
736 1941
737 946
754 774
754 1608
754 1618
754 1844
825 1206
841 1209
841 1365
841 1602
885 930
887 1486
891 1722
904 1741
908 1743
914 1745
915 1743
930 1099
930 1102
930 1255
930 1530
930 1917
930 1990
967 1079
967 1425
967 1906
967 1918
984 1593
1065 1743
1097 1745
1123 1258
1143 1741
1144 1740
1173 1745
1184 1722
1206 1538
1235 1741
1258 1362
1258 1417
1258 1478
1258 1799
1258 1982
1290 1748
1310 1747
1325 1743
1325 1748
1328 1562
1328 1748
1430 1501
1430 1980
1486 1907
1486 1943
1501 1588
1518 1748
1547 1745
1562 1969
1589 1741
1592 1747
1688 1743
1740 1974
1741 1858
1745 1989
1745 1999
1748 1933
