0 4
0 8
0 83
1 8
1 91
1 178
1 415
2 4
2 91
2 178
2 485
3 4
3 91
3 197
3 297
3 540
4 8
4 15
4 62
4 91
4 94
4 95
4 102
4 103
4 119
4 146
4 147
4 168
4 180
4 183
4 187
4 191
4 192
4 193
4 196
4 213
4 296
4 298
4 299
4 303
4 304
4 313
4 383
4 415
4 418
4 448
4 482
4 509
4 511
4 512
4 549
4 564
4 572
4 601
4 613
4 631
4 698
4 702
4 715
4 736
4 747
4 750
4 785
4 791
4 795
4 797
4 813
4 835
4 836
4 837
4 838
4 839
4 840
4 841
4 842
4 843
4 844
4 845
4 846
4 847
4 848
4 849
4 850
4 851
4 852
4 853
4 854
4 855
4 856
4 857
4 858
4 859
4 860
4 861
4 862
4 863
4 864
4 865
4 866
4 867
4 868
4 869
4 870
4 871
4 872
4 873
4 874
4 875
4 876
4 877
4 878
4 879
4 880
5 91
5 656
5 702
6 8
6 178
6 838
7 103
8 100
8 124
8 130
8 185
8 213
8 215
8 300
8 301
8 305
8 336
8 349
8 353
8 364
8 367
8 441
8 456
8 474
8 505
8 523
8 613
8 616
8 617
8 626
8 630
8 706
8 787
8 825
8 835
8 910
8 975
8 999
8 1007
8 1055
8 1058
8 1071
8 1140
8 1154
8 1166
8 1192
8 1193
8 1194
8 1195
8 1196
8 1197
8 1198
8 1199
8 1200
8 1201
8 1202
8 1203
8 1204
8 1205
8 1206
8 1207
8 1208
8 1209
8 1210
8 1211
8 1212
8 1213
8 1214
8 1215
10 297
10 485
10 843
14 301
15 644
16 842
17 297
18 191
19 178
19 297
20 297
21 178
21 660
22 838
23 197
26 297
37 91
46 642
49 838
50 297
71 91
72 702
83 91
83 615
83 629
83 912
89 619
90 91
90 103
90 127
90 129
90 136
91 127
91 129
91 130
91 132
91 136
91 148
91 157
91 177
91 178
91 179
91 189
91 193
91 194
91 197
91 204
91 287
91 296
91 297
91 298
91 308
91 332
91 364
91 454
91 457
91 474
91 478
91 485
91 503
91 504
91 505
91 507
91 515
91 516
91 525
91 540
91 543
91 551
91 555
91 565
91 570
91 601
91 611
91 612
91 613
91 614
91 615
91 616
91 617
91 618
91 619
91 620
91 621
91 622
91 623
91 624
91 625
91 626
91 627
91 628
91 629
91 630
91 631
91 632
91 633
91 634
91 635
91 636
91 637
91 638
91 639
91 640
91 641
91 642
91 643
91 644
91 645
91 646
91 647
91 648
91 649
91 650
91 651
91 652
91 653
91 654
91 655
91 656
91 657
91 658
91 659
91 660
91 661
91 662
91 663
91 664
91 665
91 666
91 667
91 668
91 669
91 670
91 671
91 672
91 673
91 674
91 675
91 676
91 677
91 678
91 679
91 680
91 681
91 682
91 683
91 684
91 685
91 686
91 687
91 688
91 689
91 690
91 691
91 692
91 693
91 694
91 695
94 297
96 129
96 297
101 838
103 107
103 258
103 903
103 1103
103 1151
103 1172
103 1218
103 1390
103 1396
103 1465
103 1713
115 838
116 1209
118 301
127 149
127 520
127 1086
127 1196
129 567
129 998
129 1128
129 1312
129 1569
129 1958
136 1043
136 1196
136 1388
141 148
142 178
144 178
144 843
144 854
145 843
148 181
148 296
148 524
148 613
148 998
148 1410
148 1482
148 1698
148 1703
148 1725
148 1726
148 1727
150 178
150 191
151 838
155 702
156 178
160 868
161 856
166 644
175 838
177 178
177 191
177 194
177 197
177 287
178 184
178 185
178 186
178 225
178 230
178 295
178 347
178 364
178 365
178 368
178 370
178 478
178 506
178 518
178 528
178 611
178 614
178 621
178 629
178 664
178 670
178 746
178 747
178 748
178 749
178 750
178 751
178 752
178 753
178 754
178 755
178 756
178 757
178 758
178 759
178 760
178 761
178 762
178 763
178 764
178 765
178 766
178 767
178 768
178 769
178 770
178 771
178 772
178 773
178 774
178 775
178 776
178 777
178 778
178 779
178 780
178 781
178 782
178 783
178 784
178 785
178 786
179 301
180 297
180 846
181 194
181 702
182 856
183 197
183 619
184 297
186 702
187 619
188 191
188 297
188 846
190 297
191 208
191 296
191 333
191 365
191 372
191 454
191 818
191 954
191 1290
191 1577
191 1578
192 842
194 206
194 371
194 422
194 542
194 611
194 669
194 673
194 831
194 1167
194 1317
194 1469
194 1598
194 1639
194 1658
194 1659
197 265
197 303
197 626
197 749
197 975
197 1182
197 1281
197 1306
197 1719
197 1720
203 646
211 297
214 646
224 297
235 301
241 301
260 692
285 1209
287 315
287 1642
287 1671
287 1684
295 297
295 301
296 297
296 702
297 356
297 387
297 400
297 401
297 420
297 450
297 470
297 547
297 561
297 579
297 613
297 618
297 629
297 697
297 749
297 750
297 770
297 775
297 805
297 865
297 894
297 917
297 922
297 953
297 964
297 967
297 968
297 969
297 970
297 971
297 972
297 973
297 974
297 975
297 976
297 977
297 978
297 979
297 980
297 981
297 982
297 983
297 984
297 985
298 1007
299 301
299 676
300 846
301 440
301 534
301 611
301 621
301 733
301 787
301 826
301 1194
301 1271
301 1319
301 1330
301 1396
301 1397
301 1398
301 1399
301 1400
301 1401
301 1402
301 1403
301 1404
301 1405
301 1406
301 1407
301 1408
301 1409
301 1410
304 838
308 660
310 651
311 854
312 619
314 856
315 619
317 642
323 644
341 676
354 646
365 540
366 845
368 846
369 681
370 674
370 868
374 843
379 842
380 540
392 838
397 651
400 843
403 660
410 702
411 676
415 446
415 595
415 1140
415 1171
440 854
446 619
446 651
448 485
453 842
465 842
469 838
479 1007
485 625
485 1379
485 1385
485 1707
497 646
508 845
511 692
513 642
517 540
521 644
526 679
530 1407
540 1692
540 1932
554 838
557 838
605 854
611 646
611 651
615 1407
619 788
619 980
619 1117
619 1118
619 1140
619 1147
619 1424
619 1752
620 660
625 845
642 696
642 950
642 1058
644 668
644 814
644 1706
644 1908
646 801
646 1156
646 1342
646 1481
646 1653
651 1944
656 1095
656 1354
656 1665
674 972
674 1036
674 1367
674 1714
676 1520
679 798
679 1120
679 1140
679 1951
681 1068
681 1093
681 1275
692 1010
692 1331
702 1221
702 1417
702 1768
702 1770
702 1788
702 1905
702 1924
704 838
788 845
800 843
838 900
838 919
838 989
838 994
838 1008
838 1256
838 1290
838 1303
838 1520
838 1730
838 1777
838 1839
841 1209
842 1147
842 1914
842 1915
843 1393
843 1599
843 1697
843 1918
845 1028
845 1821
845 1861
845 1900
845 1907
846 934
846 1122
846 1350
846 1853
846 1867
854 889
854 911
854 1227
854 1403
854 1519
854 1660
856 1322
856 1794
856 1840
856 1923
856 1993
868 883
868 1462
986 1407
1007 1522
1007 1566
1209 1333
1209 1618
1407 1736
