23 1047
39 660
107 1816
142 1151
148 844
159 844
169 177
177 192
177 426
177 502
177 647
177 671
177 844
177 1109
177 1262
177 1416
177 1537
177 1695
177 1793
177 1931
189 1745
219 1047
360 1047
430 660
463 1047
475 1262
502 1745
583 1745
609 1262
627 1745
636 1816
655 660
660 844
660 1151
660 1642
660 1745
660 1914
660 1919
660 1955
683 844
774 1816
811 844
812 1745
815 1151
844 955
844 1047
844 1118
844 1152
844 1514
844 1589
844 1816
891 1816
999 1151
1006 1262
1046 1047
1047 1092
1047 1241
1047 1579
1047 1754
1047 1867
1109 1262
1151 1152
1151 1153
1260 1262
1262 1285
1262 1564
1262 1624
1262 1763
1424 1816
1474 1816
1661 1816
1699 1745
1701 1745
1734 1745
