5 1246
41 610
71 996
77 699
83 610
104 699
123 1407
183 1246
211 1407
241 1246
249 607
289 699
304 1313
318 1242
320 1242
337 610
358 610
504 610
505 1313
603 1313
607 608
607 609
607 610
610 653
610 699
610 1217
610 1246
610 1326
610 1480
616 699
627 1407
699 705
699 983
699 1107
699 1949
700 1407
727 1242
762 1313
793 1246
868 1246
964 996
980 1246
994 1407
996 1407
996 1575
996 1587
996 1763
996 1818
996 1996
1065 1246
1174 1407
1240 1242
1242 1244
1242 1245
1242 1246
1242 1247
1246 1397
1246 1407
1246 1433
1253 1407
1282 1407
1308 1313
1313 1407
1313 1700
1313 1997
1402 1407
1407 1575
1407 1901
