21 1057
23 1047
110 1792
148 844
156 1192
159 844
170 1589
177 844
189 1589
219 1047
223 1534
265 268
268 615
268 773
268 806
268 906
268 1057
268 1168
268 1612
268 1935
268 1993
338 1057
360 1047
463 1047
604 1792
622 1534
641 1933
646 1192
660 844
683 844
687 1792
690 1152
724 1792
778 1192
796 1152
811 844
844 955
844 1047
844 1118
844 1152
844 1514
844 1589
844 1816
995 1792
1010 1534
1046 1047
1047 1092
1047 1241
1047 1579
1047 1754
1047 1867
1056 1057
1057 1190
1057 1192
1057 1271
1057 1327
1057 1338
1057 1534
1116 1534
1125 1534
1151 1152
1152 1171
1152 1486
1152 1940
1152 1942
1160 1589
1190 1192
1192 1288
1192 1493
1192 1636
1192 1792
1192 1832
1210 1933
1217 1792
1301 1589
1310 1933
1330 1933
1353 1534
1521 1933
1529 1589
1534 1579
1534 1589
1534 1933
1542 1933
1589 1699
1589 1708
1589 1791
1899 1933
