43 641
69 364
95 148
147 148
147 149
147 150
147 151
147 152
147 153
147 154
148 166
148 350
148 364
148 757
148 844
148 923
148 958
148 1371
148 1907
148 1919
148 1935
184 641
188 1371
197 199
199 294
199 327
199 431
199 907
199 1369
199 1370
199 1371
202 641
325 1371
330 641
336 775
364 398
364 563
364 602
364 641
364 775
364 830
364 1156
364 1164
364 1301
364 1468
364 1750
364 1968
420 1371
423 641
449 775
563 1371
594 1376
631 641
637 641
639 1371
641 805
641 1037
641 1098
641 1130
641 1153
641 1543
641 1776
641 1808
641 1933
773 775
775 1058
775 1197
775 1344
775 1351
775 1681
839 1371
882 1376
970 1376
1049 1376
1106 1371
1371 1376
1371 1443
1372 1376
1376 1501
1376 1740
