73 1489
120 203
197 203
201 1489
203 221
203 222
203 223
203 224
203 225
203 226
203 227
203 228
203 229
203 230
223 277
223 282
223 343
223 380
223 591
223 609
223 1140
223 1201
223 1489
223 1534
223 1535
223 1536
241 1536
275 1535
380 381
380 382
380 383
380 384
380 385
380 386
380 387
380 388
380 389
380 390
380 391
530 1535
627 1489
633 1536
791 1489
886 1068
966 1535
1020 1536
1055 1535
1068 1222
1068 1381
1068 1489
1091 1489
1326 1535
1353 1489
1357 1536
1408 1536
1447 1536
1485 1536
1489 1522
1535 1608
1535 1821
1535 1824
1535 1860
1535 1934
1535 1947
1536 1640
1536 1779
