123 1407
132 914
167 1282
204 916
211 1407
290 1282
304 903
308 1282
330 768
357 1282
373 916
388 915
446 769
599 916
619 1282
627 1407
640 915
669 768
669 769
700 1407
704 1282
717 903
768 915
768 918
768 1056
768 1170
768 1171
768 1172
768 1173
768 1174
768 1175
768 1176
768 1177
768 1178
769 914
769 1054
769 1148
769 1249
769 1409
769 1932
805 903
834 915
840 915
890 915
903 1282
903 1680
903 1947
914 915
914 916
914 917
914 918
914 919
914 920
914 921
914 922
915 1026
915 1052
915 1148
915 1215
915 1272
915 1282
915 1813
915 1866
915 1971
916 1103
916 1184
916 1280
994 1407
996 1407
1008 1282
1103 1282
1174 1407
1246 1407
1253 1407
1282 1393
1282 1407
1282 1414
1282 1875
1282 1876
1282 1877
1313 1407
1402 1407
1407 1575
1407 1901
