0 2
0 10
2 38
2 73
2 193
2 425
2 493
2 1542
2 1570
2 1981
10 48
10 226
10 304
10 334
10 939
10 1007
10 1008
10 1009
10 1010
10 1011
10 1012
10 1013
10 1014
10 1015
11 395
17 1872
18 1350
20 322
20 636
22 379
22 562
23 1704
25 1482
27 29
29 295
29 710
29 942
29 1130
29 1256
29 1505
29 1539
29 1570
29 1858
30 322
32 159
32 387
35 159
36 37
37 206
37 368
37 416
37 572
37 665
37 703
37 917
37 1171
37 1570
37 1582
38 829
41 670
43 1460
44 49
44 53
45 600
45 1551
48 491
49 208
49 446
49 455
49 508
49 902
49 1107
49 1110
49 1126
49 1323
49 1471
49 1581
49 1652
49 1692
49 1728
49 1732
51 1121
51 1569
53 97
53 98
53 336
53 655
53 665
53 871
53 878
53 938
53 1161
54 520
54 913
62 991
63 259
65 171
66 562
66 1525
69 171
74 1019
75 1456
75 1728
79 208
79 1003
79 1352
80 339
88 1847
92 561
96 385
96 991
99 1648
102 159
104 868
107 1525
107 1648
109 845
110 850
110 1039
113 902
113 991
114 1871
115 468
120 333
120 378
120 1570
121 555
121 1764
123 1123
125 1121
126 784
136 267
139 1871
141 1447
144 1875
145 502
145 520
145 1559
146 420
146 1617
148 844
149 468
150 1460
151 1581
155 159
156 520
156 991
157 322
157 502
157 1847
159 449
159 703
159 807
159 844
159 845
159 846
159 847
159 848
159 849
159 850
159 851
163 1119
164 1164
167 636
168 420
169 171
170 1871
171 257
171 393
171 655
171 1008
171 1075
171 1213
171 1256
171 1283
171 1517
171 1547
171 1742
171 1953
172 636
172 1704
175 638
176 1308
177 502
177 844
184 1213
185 1329
189 1617
190 845
196 1164
201 266
202 1465
207 339
208 209
208 210
208 211
208 212
208 213
208 214
208 215
208 216
208 217
208 218
208 219
208 220
211 395
211 784
213 638
214 1107
215 1655
217 324
220 1690
221 1482
224 1237
230 1559
238 1101
239 1581
240 744
242 1559
243 1101
244 1691
245 491
245 902
246 249
247 259
249 303
249 508
249 607
249 627
249 629
249 900
249 958
249 1220
249 1552
249 1560
249 1642
251 812
252 857
252 1003
252 1447
255 1647
257 1352
259 283
259 640
259 773
259 1570
259 1706
259 1710
259 1829
262 1456
264 508
264 1101
265 266
265 267
266 757
266 854
266 912
266 1419
266 1447
266 1513
266 1672
266 1715
266 1771
267 562
267 707
267 827
267 1318
267 1432
267 1798
267 1864
267 1987
268 1993
271 638
272 420
274 286
278 520
279 845
283 1019
286 415
286 440
286 606
286 1143
286 1322
286 1447
286 1494
286 1706
286 1732
286 1740
286 1746
286 1843
288 1101
290 1689
291 1323
293 1352
294 1551
296 508
296 1868
301 1430
302 845
304 670
307 313
312 1993
313 562
313 848
313 874
313 891
313 1114
313 1122
313 1403
313 1459
313 1561
313 1665
313 1694
313 1787
313 1805
314 1868
315 926
316 1704
317 322
317 324
318 1101
321 491
322 531
322 689
322 724
322 759
322 764
322 1312
322 1572
322 1661
322 1700
324 491
324 492
324 493
324 494
324 495
325 1728
330 1289
331 333
331 334
331 339
333 339
333 379
333 525
333 670
333 760
333 934
333 1381
333 1490
333 1764
333 1785
334 392
334 507
334 644
334 1414
334 1642
334 1660
334 1717
334 1806
338 857
339 483
339 818
339 938
339 1208
339 1221
339 1395
339 1791
342 553
346 1003
347 1329
356 1764
357 1728
359 1119
359 1932
363 539
363 1655
364 1164
369 473
369 491
370 378
370 379
372 387
372 508
372 1289
372 1418
375 1655
377 491
377 1418
378 456
378 575
378 616
378 878
378 1041
378 1145
378 1302
378 1624
378 1632
378 1758
378 1853
378 1980
379 481
379 1270
379 1271
379 1272
379 1273
379 1274
379 1275
380 385
380 387
381 1763
383 845
384 638
385 391
385 760
385 1088
385 1172
385 1349
385 1717
386 1465
387 693
387 850
387 1079
387 1247
387 1488
387 1749
388 1289
389 1008
389 1868
392 395
395 508
395 536
395 689
395 716
395 751
395 871
395 1084
395 1529
395 1675
397 1237
400 1860
401 1764
402 1691
409 420
410 505
410 508
413 812
413 865
413 1456
415 1323
417 600
418 1123
418 1648
420 488
420 878
420 1099
420 1271
420 1304
420 1371
420 1380
420 1568
420 1820
420 1938
428 1350
429 885
430 913
432 1932
435 1689
443 913
446 1482
446 1509
448 1872
451 857
452 1655
455 1525
456 473
467 468
467 473
468 647
468 746
468 772
468 1240
468 1569
468 1651
468 1729
471 670
473 588
473 760
473 771
473 968
473 1516
473 1541
475 1728
479 508
479 1008
481 1993
482 491
487 1460
488 1960
489 638
491 742
491 850
491 989
491 1126
491 1155
491 1374
491 1790
491 1994
496 502
502 543
502 600
502 619
502 984
502 991
502 1046
502 1094
502 1178
502 1528
502 1745
502 1769
502 1950
502 1951
503 1652
505 562
505 780
505 835
505 866
505 952
505 1031
505 1313
505 1413
505 1508
505 1922
505 1950
506 1465
508 850
508 885
508 1008
508 1304
508 1350
508 1432
508 1746
508 1763
508 1993
515 1107
516 1525
520 521
520 522
520 523
520 524
520 525
520 526
520 527
523 1460
525 611
525 717
525 825
525 1135
525 1312
525 1571
525 1756
525 1769
525 1872
525 1989
526 878
528 539
529 1121
529 1690
530 1418
531 1509
538 1008
538 1648
539 658
539 846
539 1080
539 1159
539 1260
539 1312
539 1553
539 1747
543 1308
543 1763
544 1782
545 1525
550 553
550 555
551 1860
552 1509
553 576
553 815
553 878
553 1102
553 1230
553 1370
553 1491
553 1492
555 608
555 1447
555 1468
555 1502
555 1656
555 1657
555 1658
561 562
561 563
561 564
561 565
561 566
561 567
561 568
561 569
561 570
562 868
562 878
562 923
562 926
562 1123
562 1430
562 1442
562 1465
562 1482
562 1847
562 1860
562 1875
568 812
575 1456
580 1039
581 1782
585 845
591 1430
592 845
595 1647
597 600
600 982
600 1042
600 1183
600 1258
600 1409
600 1493
600 1679
600 1698
600 1733
600 1980
606 1828
609 1121
613 1039
615 857
616 885
618 1465
619 1003
622 1875
624 1237
626 744
627 1509
628 636
636 850
636 1010
636 1033
636 1250
636 1390
636 1627
636 1678
636 1816
636 1920
636 1930
637 638
638 646
638 873
638 946
638 999
638 1087
638 1132
638 1423
638 1570
646 991
650 1960
651 744
652 1782
653 1569
660 844
665 670
670 871
670 935
670 1137
670 1766
670 1915
680 1868
683 844
683 1289
686 1101
692 868
694 1551
695 1119
697 784
699 1107
703 1039
703 1350
707 850
711 1107
715 1442
722 1430
725 902
728 1932
738 1482
742 812
742 1648
743 1689
744 808
744 988
744 1188
744 1293
744 1393
744 1570
744 1759
744 1848
748 1875
752 1107
754 1763
754 1764
755 1581
756 760
760 1039
760 1155
760 1279
760 1337
760 1363
760 1372
760 1617
760 1868
762 1482
762 1652
765 829
765 1782
766 1308
769 1932
771 1993
784 878
784 1081
784 1159
784 1176
784 1238
784 1403
784 1463
784 1710
784 1914
784 1925
792 1119
796 1648
799 1352
804 845
809 1121
809 1782
809 1875
811 844
812 967
812 1008
812 1394
812 1700
812 1745
812 1781
812 1848
817 1559
821 829
823 1456
829 841
829 876
829 878
829 1080
829 1132
829 1239
829 1327
829 1550
829 1577
829 1817
829 1819
843 1164
844 955
844 1047
844 1118
844 1152
844 1514
844 1589
844 1816
845 918
845 1453
845 1454
849 865
850 857
850 906
850 1085
850 1101
850 1289
850 1410
850 1447
850 1509
850 1542
850 1648
850 1655
850 1656
850 1869
850 1870
850 1871
852 857
853 913
853 1350
856 1652
857 1488
857 1615
857 1746
857 1911
858 991
858 1442
859 1442
861 865
861 868
863 1559
865 1200
865 1254
865 1568
865 1570
865 1725
865 1867
865 1976
868 1073
868 1246
868 1645
868 1870
870 1482
876 878
878 1121
878 1237
878 1329
878 1418
878 1570
878 1690
878 1691
880 885
882 1308
885 895
885 1010
885 1028
885 1096
887 1652
888 1121
888 1418
889 1465
889 1860
896 902
899 1442
899 1785
900 1352
900 1569
902 1544
902 1557
902 1558
902 1572
902 1634
902 1919
902 1982
905 913
906 1121
907 1442
913 955
913 1105
913 1312
913 1416
917 1652
920 1003
920 1039
923 926
924 1872
928 1785
937 1728
938 1960
940 1875
944 1329
944 1764
947 1164
951 1551
953 1828
967 1101
974 1782
976 1456
976 1691
978 1763
978 1868
980 1704
980 1932
983 1828
984 1690
986 1164
988 991
989 1350
991 1003
991 1008
991 1274
991 1559
991 1708
991 1905
991 1922
996 1763
997 1690
1000 1003
1001 1308
1003 1092
1003 1411
1003 1412
1006 1107
1008 1126
1008 1161
1008 1282
1008 1403
1008 1456
1008 1551
1008 1706
1008 1749
1008 1782
1008 1828
1008 1960
1011 1180
1011 1381
1011 1471
1011 1711
1013 1418
1014 1350
1014 1465
1016 1019
1018 1559
1019 1569
1019 1825
1027 1352
1035 1647
1039 1053
1039 1455
1040 1785
1049 1350
1049 1932
1050 1237
1051 1418
1052 1847
1059 1456
1064 1308
1082 1418
1083 1617
1085 1482
1087 1312
1100 1101
1101 1147
1101 1271
1101 1368
1101 1541
1101 1878
1107 1221
1107 1250
1107 1459
1107 1991
1109 1119
1110 1482
1115 1691
1116 1213
1118 1119
1118 1121
1118 1123
1119 1284
1119 1358
1119 1363
1119 1388
1119 1398
1119 1570
1119 1978
1121 1497
1121 1498
1122 1569
1123 1774
1123 1869
1136 1329
1140 1932
1141 1237
1148 1460
1157 1691
1164 1193
1164 1533
1164 1569
1164 1674
1164 1692
1164 1740
1164 1823
1165 1213
1168 1648
1169 1871
1172 1569
1176 1308
1177 1456
1183 1581
1186 1456
1188 1442
1195 1312
1200 1860
1207 1323
1209 1352
1210 1763
1213 1497
1213 1586
1213 1935
1214 1447
1222 1465
1227 1465
1230 1763
1236 1237
1237 1770
1237 1997
1262 1763
1278 1960
1282 1875
1284 1872
1289 1290
1289 1291
1289 1292
1292 1559
1298 1352
1298 1690
1304 1728
1307 1691
1308 1309
1308 1310
1308 1311
1308 1312
1308 1313
1308 1314
1308 1315
1310 1465
1310 1570
1312 1410
1312 1471
1312 1553
1312 1570
1312 1626
1312 1704
1312 1906
1312 1929
1314 1828
1317 1690
1319 1728
1320 1617
1322 1764
1323 1703
1323 1838
1323 1928
1323 1961
1329 1494
1331 1509
1337 1648
1347 1350
1349 1509
1349 1691
1350 1646
1350 1755
1350 1992
1352 1381
1352 1453
1352 1570
1352 1987
1353 1704
1364 1782
1373 1785
1373 1875
1393 1460
1396 1860
1397 1525
1404 1569
1408 1728
1411 1559
1411 1569
1415 1482
1418 1516
1420 1782
1421 1460
1425 1960
1429 1482
1430 1431
1433 1728
1440 1764
1442 1461
1442 1592
1442 1656
1442 1686
1442 1824
1447 1492
1447 1536
1447 1570
1447 1689
1447 1760
1447 1797
1447 1929
1447 1932
1449 1525
1453 1465
1456 1615
1456 1755
1456 1774
1457 1868
1459 1525
1460 1516
1460 1569
1461 1871
1461 1993
1465 1595
1465 1712
1482 1493
1482 1573
1482 1974
1483 1551
1490 1691
1502 1689
1505 1655
1507 1509
1509 1527
1509 1756
1509 1800
1516 1559
1525 1570
1525 1578
1525 1595
1525 1876
1529 1868
1531 1828
1532 1652
1535 1860
1539 1860
1548 1551
1550 1871
1551 1771
1555 1782
1559 1869
1559 1947
1559 1948
1569 1570
1569 1571
1569 1572
1569 1573
1570 1647
1577 1647
1578 1581
1581 1656
1581 1706
1581 1746
1581 1768
1581 1961
1581 1979
1586 1960
1599 1868
1601 1655
1603 1871
1604 1647
1604 1655
1616 1648
1638 1689
1639 1689
1647 1916
1647 1961
1652 1694
1652 1765
1683 1872
1689 1708
1689 1914
1690 1846
1704 1861
1704 1882
1721 1872
1728 1743
1740 1785
1746 1875
1748 1847
1764 1812
1782 1783
1785 1786
1785 1787
1785 1788
1797 1871
1803 1872
1812 1875
1828 1850
1847 1852
1860 1861
1871 1873
1872 1873
1879 1993
1894 1960
1922 1993
1984 1993
