3 890
3 895
7 780
7 1007
7 1918
10 1007
10 1011
11 309
11 1885
12 1941
14 21
14 22
14 25
15 1918
18 1476
19 320
20 322
20 1110
20 1668
21 98
21 189
21 337
21 394
21 615
21 692
21 869
21 1057
21 1145
21 1204
21 1544
22 188
22 244
22 269
22 379
22 562
22 802
22 849
22 1098
22 1109
22 1110
24 1154
24 1749
25 564
25 693
25 748
25 809
25 901
25 967
25 1093
25 1154
25 1482
27 28
27 32
28 74
28 115
28 353
28 453
28 654
28 1154
28 1362
28 1602
28 1830
29 942
30 322
30 1476
32 98
32 143
32 159
32 195
32 299
32 387
32 866
32 1154
32 1640
34 1100
41 1576
44 47
44 49
46 494
46 1500
47 226
47 338
47 442
47 472
47 688
47 689
47 690
47 691
47 692
49 208
49 446
49 455
49 508
49 902
49 1107
49 1110
49 1126
49 1323
49 1471
49 1581
49 1652
49 1692
49 1728
49 1732
52 928
52 1979
53 938
53 1161
55 677
57 860
58 174
59 1576
61 1476
63 1914
64 522
66 174
66 1658
67 69
69 121
69 171
69 350
69 364
69 365
69 366
69 367
69 368
69 369
73 785
75 1728
79 1156
79 1930
82 1476
84 1573
85 805
86 90
88 928
88 1265
90 293
90 566
90 706
90 1322
90 1432
90 1462
90 1464
90 1550
90 1565
90 1650
90 1709
90 1718
90 1837
92 522
94 1287
103 953
103 1638
103 1667
104 868
106 116
110 1680
112 780
113 1576
115 1296
116 123
116 427
116 1035
116 1056
116 1195
116 1223
116 1398
116 1494
116 1524
116 1547
116 1695
116 1741
120 1426
121 1764
122 123
122 124
122 125
122 126
122 127
122 128
122 129
122 130
122 131
122 132
122 133
122 134
123 255
123 381
123 452
123 522
123 785
123 964
123 1123
123 1287
123 1407
123 1573
123 1658
123 1738
123 1749
126 780
130 708
134 1116
137 895
138 696
142 1296
146 1781
157 322
162 389
165 1399
165 1866
165 1918
169 174
170 1658
173 1156
174 666
174 851
174 936
174 1154
174 1250
174 1694
174 1784
175 1156
179 1918
180 1315
183 1918
184 308
190 927
191 1161
193 1573
193 1668
193 1749
195 1472
198 938
201 452
205 1914
210 708
211 692
211 1407
217 785
219 708
225 696
225 1110
225 1296
226 312
228 320
229 1315
229 1833
230 1110
230 1161
230 1476
232 1479
239 805
249 508
251 1781
252 494
252 949
252 1162
253 255
255 685
255 900
255 912
255 981
255 1340
255 1508
255 1646
255 1647
258 1122
258 1819
262 1116
264 508
269 1738
272 860
274 286
275 1032
276 964
278 1445
279 355
284 1606
286 415
286 440
286 606
286 1143
286 1322
286 1447
286 1494
286 1706
286 1732
286 1740
286 1746
286 1843
291 805
293 1007
295 1918
296 508
300 949
301 656
307 308
307 309
307 312
308 332
308 366
308 953
308 1142
308 1282
308 1972
309 355
309 401
309 494
309 689
309 692
309 708
309 814
309 895
309 1007
309 1154
309 1286
309 1445
309 1566
309 1686
312 503
312 1018
312 1154
312 1194
312 1280
312 1522
312 1624
312 1993
313 1122
317 320
317 322
318 1852
320 401
320 692
320 965
320 1106
320 1114
320 1242
320 1367
320 1928
322 531
322 689
322 724
322 759
322 764
322 1312
322 1572
322 1661
322 1700
324 494
325 1728
326 785
326 1479
328 1658
333 760
333 1764
336 1399
338 1160
339 938
343 1155
343 1431
344 734
346 1027
346 1378
347 452
347 1668
348 1914
349 780
350 1606
352 381
352 1154
352 1472
354 890
355 356
355 357
355 358
355 359
355 360
355 361
355 362
355 363
356 1764
357 1728
359 637
363 452
364 1156
365 1638
369 473
369 491
369 518
369 1098
369 1154
369 1172
369 1280
369 1322
369 1348
369 1375
369 1378
369 1454
369 1668
369 1770
370 374
372 508
374 514
374 858
374 1139
374 1143
374 1154
374 1546
374 1692
380 381
380 389
381 547
381 560
381 582
381 693
381 1048
381 1159
381 1198
381 1396
381 1443
381 1763
381 1894
382 1852
383 1122
385 760
386 890
387 1749
388 1205
389 549
389 551
389 770
389 953
389 1008
389 1293
389 1301
389 1686
389 1759
389 1868
389 1931
389 1988
390 1852
395 508
398 634
400 1866
401 1100
401 1764
404 734
405 890
405 1941
410 508
411 1116
412 522
418 1123
424 1658
427 1473
428 1378
428 1476
429 1265
430 1286
430 1479
431 692
431 1606
435 949
441 1445
442 692
442 1852
444 780
446 1509
447 452
451 1885
452 489
452 531
452 904
452 979
452 1081
452 1577
452 1653
452 1654
452 1655
454 1474
454 1475
455 656
455 953
456 1638
458 938
458 942
460 1500
466 1254
469 1475
470 928
471 1914
472 1606
473 760
475 1728
479 508
484 1638
488 677
488 1479
489 1471
491 1155
494 608
494 1117
494 1243
494 1288
494 1375
494 1629
495 1606
498 1378
505 780
508 850
508 885
508 1008
508 1304
508 1350
508 1432
508 1746
508 1763
508 1993
509 1007
509 1667
511 1472
512 1833
512 1866
514 1606
517 1156
520 522
522 585
522 727
522 1767
523 1431
527 964
528 529
528 530
528 531
528 532
528 533
528 534
528 535
528 536
528 537
528 538
528 539
529 1472
531 580
531 637
531 805
531 843
531 927
531 928
531 1100
531 1265
531 1322
531 1509
531 1606
531 1914
531 1930
532 1471
534 953
543 734
549 1477
549 1658
551 1157
552 1509
554 1315
555 1658
562 868
562 1123
565 895
578 696
580 1431
583 634
583 1761
585 1761
594 1378
596 942
601 1781
602 1668
606 1828
612 1205
623 1930
624 1874
627 895
627 1407
627 1509
628 634
634 770
634 1085
634 1322
634 1415
634 1492
634 1665
634 1725
636 1930
637 638
637 639
637 640
637 641
637 642
639 1154
641 805
643 696
645 1738
651 1445
652 1973
654 1032
655 656
656 962
656 979
656 1041
656 1322
656 1454
656 1621
656 1622
656 1623
656 1624
656 1625
657 1161
660 1914
672 895
673 677
677 891
677 1154
681 1254
684 1658
687 1154
687 1287
688 708
688 1761
692 838
692 868
692 938
692 953
692 1185
692 1667
692 1714
692 1852
692 1918
692 1973
693 696
694 1472
696 1004
696 1010
696 1110
696 1163
696 1248
696 1455
696 1679
696 1788
700 964
700 1027
700 1407
701 1668
704 938
705 1680
708 714
708 1379
708 1408
708 1580
710 1287
714 1431
715 1443
715 1445
720 949
720 1573
722 1160
729 1941
730 1265
731 1500
731 1680
732 1475
733 1973
734 969
734 1155
734 1790
734 1886
734 1887
742 805
742 1781
743 1595
747 1874
751 1866
754 1764
756 760
760 1039
760 1155
760 1279
760 1337
760 1363
760 1372
760 1617
760 1868
762 1761
764 1471
772 1474
772 1866
778 1286
780 990
780 1130
780 1141
780 1154
780 1174
780 1198
780 1743
780 1980
782 1296
782 1833
783 1160
784 1914
785 786
785 787
785 788
785 789
787 1474
788 1426
788 1738
791 1205
794 1819
796 947
802 805
803 1158
803 1225
804 1874
805 903
805 904
806 1918
806 1941
807 1941
809 860
809 1287
812 1781
814 1473
815 1265
817 1378
829 1819
833 1225
836 1761
838 839
838 840
838 841
838 842
838 843
839 1032
840 1471
842 949
842 1027
843 1431
849 1287
850 1509
852 860
856 1007
859 1866
860 880
860 1108
860 1155
860 1273
860 1303
860 1567
860 1695
860 1837
860 1945
861 868
863 1426
865 1254
866 928
868 1073
868 1246
868 1645
868 1870
872 1265
879 964
882 1431
885 895
890 915
890 1110
890 1404
890 1900
895 934
895 1232
895 1566
900 953
900 1477
903 1680
907 1116
908 1479
909 949
910 1668
911 1443
915 1866
917 1027
918 1479
919 1914
923 927
923 928
925 1738
927 1709
927 1837
928 1041
928 1174
928 1355
928 1562
928 1777
928 1785
929 1225
931 1116
932 1473
935 949
935 1110
935 1160
937 1728
938 1045
938 1597
938 1960
938 1968
942 1117
942 1155
942 1168
942 1511
942 1578
942 1635
942 1762
942 1893
943 947
944 1764
947 1110
947 1164
947 1185
947 1211
947 1416
947 1607
949 950
949 951
949 952
949 953
949 954
949 955
951 1866
953 1205
953 1537
953 1548
953 1557
953 1587
953 1741
953 1828
953 1833
954 1156
961 1100
964 996
964 997
964 998
964 999
965 1315
969 1225
970 1443
971 1833
978 1658
983 1122
983 1828
989 1473
990 1032
990 1667
994 1407
996 1407
998 1205
1004 1885
1005 1122
1007 1495
1007 1528
1007 1760
1007 1970
1008 1161
1008 1749
1008 1828
1011 1180
1011 1381
1011 1471
1011 1711
1012 1205
1024 1027
1027 1281
1027 1322
1027 1352
1027 1708
1027 1776
1028 1378
1029 1866
1030 1738
1032 1155
1032 1231
1032 1327
1032 1845
1032 1915
1035 1680
1041 1595
1042 1479
1053 1116
1066 1667
1072 1265
1076 1158
1078 1473
1080 1866
1080 1941
1082 1296
1085 1658
1088 1426
1094 1667
1096 1160
1097 1399
1100 1101
1100 1102
1100 1103
1104 1157
1104 1500
1110 1116
1110 1399
1110 1482
1110 1500
1110 1576
1110 1638
1110 1639
1110 1761
1110 1781
1110 1968
1115 1866
1116 1213
1116 1232
1116 1534
1116 1553
1116 1608
1116 1808
1118 1122
1118 1123
1122 1253
1122 1309
1122 1322
1122 1336
1122 1569
1122 1583
1123 1774
1123 1869
1125 1918
1126 1205
1130 1155
1132 1781
1132 1885
1136 1161
1140 1162
1144 1761
1148 1286
1154 1155
1154 1156
1154 1157
1154 1158
1154 1159
1154 1160
1154 1161
1154 1162
1155 1225
1155 1296
1155 1349
1155 1471
1155 1639
1155 1874
1155 1885
1155 1941
1156 1184
1156 1718
1156 1741
1156 1989
1157 1208
1157 1220
1157 1458
1157 1691
1157 1935
1158 1263
1158 1403
1158 1622
1158 1664
1158 1703
1158 1974
1160 1589
1160 1803
1161 1548
1161 1591
1161 1870
1162 1549
1162 1555
1162 1754
1162 1926
1165 1606
1166 1638
1167 1738
1169 1914
1170 1668
1174 1407
1183 1265
1185 1265
1186 1426
1188 1667
1205 1368
1205 1485
1205 1486
1216 1658
1221 1576
1223 1225
1225 1630
1225 1906
1225 1913
1225 1926
1225 1965
1226 1749
1227 1399
1232 1286
1244 1473
1246 1407
1250 1254
1253 1407
1254 1321
1254 1322
1255 1833
1260 1265
1265 1330
1265 1578
1265 1625
1265 1639
1267 1680
1272 1781
1273 1473
1274 1819
1282 1407
1285 1286
1286 1349
1286 1356
1286 1527
1287 1288
1294 1667
1296 1297
1296 1298
1296 1299
1296 1300
1300 1473
1304 1573
1304 1728
1307 1573
1308 1315
1311 1399
1312 1471
1313 1407
1314 1828
1315 1322
1315 1347
1315 1455
1315 1654
1315 1832
1315 1929
1317 1606
1319 1728
1319 1885
1322 1426
1322 1431
1322 1595
1322 1680
1322 1764
1322 1819
1322 1866
1322 1979
1330 1668
1331 1509
1332 1918
1349 1509
1365 1476
1371 1443
1375 1474
1377 1472
1378 1561
1378 1612
1397 1474
1399 1643
1400 1638
1402 1407
1405 1738
1407 1575
1407 1901
1408 1728
1421 1918
1422 1761
1423 1819
1426 1618
1426 1724
1426 1803
1426 1967
1430 1431
1431 1457
1431 1624
1431 1644
1431 1692
1433 1728
1435 1973
1436 1680
1440 1764
1440 1918
1445 1571
1445 1588
1445 1897
1450 1479
1462 1680
1464 1819
1465 1595
1471 1472
1471 1473
1471 1474
1471 1475
1471 1476
1471 1477
1471 1478
1471 1479
1472 1757
1472 1758
1474 1633
1474 1816
1474 1957
1475 1732
1475 1760
1476 1506
1477 1557
1477 1604
1479 1584
1479 1644
1479 1665
1479 1802
1482 1573
1484 1573
1500 1750
1500 1769
1500 1935
1507 1509
1509 1527
1509 1756
1509 1800
1514 1918
1525 1595
1527 1819
1531 1828
1537 1918
1541 1914
1555 1668
1569 1573
1571 1738
1573 1851
1574 1576
1575 1680
1576 1628
1576 1954
1581 1979
1594 1595
1595 1799
1605 1606
1606 1858
1606 1975
1612 1874
1618 1781
1631 1749
1634 1638
1636 1819
1637 1680
1638 1689
1638 1776
1658 1686
1658 1853
1666 1738
1667 1675
1667 1702
1680 1841
1689 1914
1714 1930
1728 1743
1732 1852
1738 1857
1749 1843
1756 1930
1764 1812
1765 1979
1783 1866
1789 1852
1797 1885
1801 1930
1828 1850
1833 1944
1847 1852
1852 1975
1864 1918
1866 1894
1941 1945
1945 1973
1973 1978
1976 1979
