0 5
0 7
0 13
1 759
2 493
2 1542
4 906
5 27
5 110
5 336
5 517
5 1026
5 1097
5 1246
5 1799
5 1842
7 110
7 517
7 608
7 669
7 780
7 900
7 1007
7 1631
7 1918
9 906
10 1008
10 1010
11 395
13 51
13 167
13 1153
13 1422
13 1529
13 1611
13 1726
13 1842
13 1926
14 20
18 1350
20 322
20 587
20 636
20 887
20 1042
20 1110
20 1256
20 1259
20 1454
20 1462
20 1668
20 1907
20 1942
23 1393
26 149
27 34
30 1405
31 874
32 159
32 387
32 1640
34 110
34 222
34 404
34 1096
34 1100
34 1181
34 1396
34 1586
34 1629
34 1750
34 1798
34 1892
35 159
38 1627
41 1784
44 45
44 46
44 47
44 48
44 49
44 50
44 51
44 52
44 53
44 54
44 55
44 56
44 57
44 58
44 59
45 1551
48 491
49 208
49 446
49 455
49 508
49 902
49 1107
49 1110
49 1126
49 1323
49 1471
49 1581
49 1652
49 1692
49 1728
49 1732
50 1259
51 874
52 906
54 1627
56 874
62 991
65 171
66 906
69 171
71 1103
79 1930
83 544
84 1573
85 759
90 1432
91 493
94 1706
95 1141
96 991
97 1245
99 1648
102 159
105 1506
106 107
106 108
106 109
106 110
106 111
106 112
106 113
106 114
106 115
106 116
107 1648
109 1103
110 250
110 591
110 759
110 783
110 850
110 1039
110 1141
110 1264
110 1353
110 1549
110 1680
110 1792
110 1815
111 619
113 991
114 1871
115 1640
119 707
123 1573
124 759
126 783
130 707
131 544
131 1608
134 580
138 1405
139 707
139 1871
141 1447
145 1353
146 420
147 149
149 330
149 468
149 952
149 1409
151 1549
153 580
155 159
156 991
158 340
159 449
159 703
159 807
159 844
159 845
159 846
159 847
159 848
159 849
159 850
159 851
162 389
162 1887
167 636
167 1282
167 1869
168 420
169 171
169 172
170 1871
171 257
171 393
171 655
171 1008
171 1075
171 1213
171 1256
171 1283
171 1517
171 1547
171 1742
171 1953
172 636
172 749
172 999
172 1270
172 1703
172 1704
174 1250
174 1784
180 1353
182 358
182 1410
182 1549
183 1317
184 308
185 707
188 217
193 1506
193 1573
193 1668
194 1813
196 1250
198 217
200 296
200 1542
203 221
207 1393
208 217
209 682
211 395
212 619
214 1403
215 455
215 1655
216 587
217 324
217 349
217 785
217 796
217 1150
217 1300
217 1304
217 1834
220 1640
221 236
221 314
221 430
221 544
221 843
221 910
221 988
221 1280
221 1283
221 1482
221 1499
221 1774
224 1706
225 587
225 1251
238 1101
240 1259
243 1101
243 1506
245 491
246 249
249 303
249 508
249 607
249 627
249 629
249 900
249 958
249 1220
249 1552
249 1560
249 1642
250 952
251 812
252 857
252 949
252 1447
254 840
256 1414
259 1706
260 1317
261 1187
264 508
264 1101
266 1447
267 707
267 1432
268 906
268 1993
269 1542
270 1187
271 455
272 420
275 658
276 1410
276 1908
277 707
283 1887
285 874
285 1251
286 1447
286 1706
287 296
288 1101
290 1282
291 1323
293 1353
294 1551
294 1640
295 1403
296 508
296 1030
296 1384
296 1415
296 1455
296 1485
296 1868
298 1353
300 949
300 1085
301 1432
303 1410
307 308
307 316
308 332
308 366
308 953
308 1142
308 1282
308 1972
311 358
312 1018
312 1993
313 874
313 1403
316 546
316 622
316 952
316 997
316 1147
316 1172
316 1316
316 1635
316 1641
316 1654
316 1704
316 1711
316 1970
318 1101
319 840
321 491
321 1304
322 759
323 1259
324 491
324 493
327 1250
327 1446
328 957
329 493
330 1289
332 1877
334 1414
337 1405
338 857
340 697
340 751
340 952
340 969
340 1125
340 1345
340 1379
340 1401
340 1729
344 1410
347 1668
351 1971
355 358
357 1282
358 530
358 536
358 547
358 559
358 610
358 630
358 940
358 952
358 1062
358 1063
358 1064
358 1065
363 1655
364 563
365 957
365 1542
369 491
369 1454
369 1668
372 387
372 508
372 1289
375 1655
377 491
377 1414
380 387
380 389
381 1763
384 1251
387 693
387 850
387 1079
387 1247
387 1488
387 1749
388 1259
388 1289
389 549
389 551
389 770
389 953
389 1008
389 1293
389 1301
389 1686
389 1759
389 1868
389 1931
389 1988
392 395
394 1410
395 508
395 536
395 689
395 716
395 751
395 871
395 1084
395 1529
395 1675
396 1414
397 1678
398 1317
399 1627
401 1542
403 1432
407 619
408 1085
409 420
410 505
410 508
413 812
415 1323
418 1648
420 488
420 878
420 1099
420 1271
420 1304
420 1371
420 1380
420 1568
420 1820
420 1938
423 1432
428 1350
435 949
437 1549
446 1509
447 455
451 857
452 1655
455 656
455 953
455 975
455 1012
455 1525
455 1577
455 1879
460 1187
462 1018
462 1410
474 1353
476 1774
476 1870
479 508
479 1008
481 1993
482 491
484 1454
488 1542
488 1960
491 742
491 850
491 989
491 1126
491 1155
491 1374
491 1790
491 1994
493 757
493 795
493 821
493 994
493 997
493 1229
493 1257
493 1611
493 1697
493 1959
502 619
502 991
503 1652
505 562
505 780
505 835
505 866
505 952
505 1031
505 1313
505 1413
505 1508
505 1922
505 1950
508 850
508 885
508 1008
508 1304
508 1350
508 1432
508 1746
508 1763
508 1993
509 1608
514 1251
516 1887
519 1317
529 1072
531 580
531 1509
531 1930
534 1640
538 1008
538 1648
539 658
540 544
542 1774
543 1763
544 800
544 1250
544 1539
544 1610
544 1782
544 1863
544 1901
544 1908
544 1912
545 707
547 1251
548 1877
549 840
551 563
552 1509
555 1447
555 1656
559 1251
561 563
563 1203
563 1339
563 1371
563 1611
563 1651
563 1670
563 1754
568 812
573 1813
575 1072
576 906
577 682
578 759
580 623
580 1039
580 1319
580 1363
580 1404
580 1431
580 1515
580 1586
580 1611
580 1661
580 1821
581 906
583 1403
585 1245
586 840
587 588
587 589
587 590
587 591
587 592
587 593
587 594
587 595
587 596
589 1250
593 1103
594 1251
599 1072
602 1668
604 1706
604 1792
606 1828
614 1414
614 1446
615 857
619 700
619 753
619 923
619 1003
619 1065
619 1281
619 1282
619 1283
619 1284
623 1930
627 1509
628 636
629 1393
630 1542
630 1869
631 1774
634 1085
636 850
636 1010
636 1033
636 1250
636 1390
636 1627
636 1678
636 1816
636 1920
636 1930
638 1423
646 991
650 1103
650 1960
651 707
653 874
655 658
656 1454
658 733
658 1305
658 1596
658 1611
658 1758
659 1549
675 1678
676 707
676 1403
681 1018
682 691
682 736
682 816
682 952
682 1040
682 1232
682 1341
682 1502
682 1721
682 1748
682 1965
683 1289
685 1393
686 730
686 1101
687 1792
689 1627
691 1018
691 1259
691 1813
694 1542
694 1551
695 783
695 1608
696 1010
697 730
698 952
698 1887
701 1668
703 1350
704 1282
705 1680
707 850
707 884
707 1540
707 1759
707 1966
720 949
720 1573
723 730
724 1432
724 1792
727 1405
730 796
730 810
730 867
730 870
730 952
730 1197
730 1265
730 1513
730 1796
730 1831
730 1880
730 1965
731 1680
734 1887
736 1405
737 874
742 812
742 1648
743 1259
744 1393
751 1887
754 1763
756 759
759 1419
762 1652
763 783
771 1405
771 1993
776 1405
780 1141
781 1187
783 944
783 1114
783 1160
783 1530
783 1657
784 1403
792 840
793 1018
796 1648
800 1446
803 1141
807 1611
812 967
812 1008
812 1394
812 1700
812 1745
812 1781
812 1848
813 874
816 840
817 957
817 1423
820 1423
822 1813
823 1454
824 1405
824 1870
838 840
840 915
840 952
840 1088
840 1341
840 1358
840 1471
842 949
842 1393
845 1454
850 857
850 906
850 1085
850 1101
850 1289
850 1410
850 1447
850 1509
850 1542
850 1648
850 1655
850 1656
850 1869
850 1870
850 1871
851 1251
852 857
853 1350
856 1652
857 1488
857 1615
857 1746
857 1911
858 991
866 1877
868 1870
874 1304
874 1362
877 1869
885 1010
887 1652
903 1282
903 1680
905 906
906 1121
906 1267
906 1503
906 1740
909 949
909 1887
910 952
910 1668
911 1403
915 1282
915 1813
915 1971
916 1103
917 1652
919 1393
919 1869
921 1403
933 1103
935 949
938 1960
939 1141
941 1774
946 1085
949 950
949 951
949 952
949 953
949 954
949 955
951 1551
952 1040
952 1072
952 1234
952 1317
952 1506
952 1611
953 1828
956 957
957 1257
957 1481
957 1611
957 1981
967 1101
978 1763
980 1784
983 1828
985 1784
988 991
989 1350
991 1003
991 1008
991 1274
991 1559
991 1708
991 1905
991 1922
994 1018
995 1792
996 1763
1006 1446
1008 1126
1008 1161
1008 1282
1008 1403
1008 1456
1008 1551
1008 1706
1008 1749
1008 1782
1008 1828
1008 1960
1010 1193
1010 1199
1010 1394
1010 1534
1010 1557
1010 1732
1014 1350
1015 1446
1016 1018
1018 1559
1018 1611
1018 1758
1031 1627
1035 1680
1036 1250
1036 1784
1036 1877
1040 1877
1049 1350
1055 1405
1063 1815
1070 1072
1072 1265
1072 1359
1072 1408
1072 1619
1072 1641
1082 1813
1085 1145
1085 1228
1085 1482
1085 1658
1086 1815
1088 1423
1090 1815
1098 1251
1099 1410
1100 1101
1100 1103
1101 1147
1101 1271
1101 1368
1101 1541
1101 1878
1102 1304
1102 1627
1103 1277
1103 1282
1103 1493
1103 1586
1103 1742
1103 1838
1103 1935
1104 1317
1107 1250
1114 1423
1116 1608
1123 1774
1123 1869
1134 1141
1140 1877
1141 1234
1141 1237
1141 1239
1141 1615
1141 1746
1141 1961
1153 1304
1158 1403
1161 1870
1162 1549
1163 1506
1168 1648
1168 1870
1169 1871
1170 1668
1175 1432
1184 1187
1187 1298
1187 1300
1187 1301
1187 1304
1187 1435
1187 1436
1187 1437
1187 1438
1191 1317
1192 1792
1193 1245
1199 1706
1204 1640
1207 1323
1210 1763
1214 1446
1214 1447
1217 1405
1217 1792
1227 1627
1230 1763
1242 1245
1243 1608
1245 1304
1245 1639
1247 1784
1250 1251
1250 1252
1250 1253
1250 1254
1250 1255
1251 1285
1251 1367
1251 1368
1255 1353
1256 1259
1259 1363
1259 1649
1259 1789
1261 1877
1262 1763
1264 1403
1267 1680
1278 1960
1281 1414
1282 1393
1282 1407
1282 1414
1282 1875
1282 1876
1282 1877
1288 1549
1289 1290
1289 1291
1289 1292
1294 1640
1297 1506
1298 1706
1299 1627
1304 1337
1304 1423
1304 1446
1304 1573
1304 1611
1304 1640
1304 1728
1304 1813
1304 1912
1307 1573
1312 1410
1314 1828
1317 1521
1317 1606
1317 1690
1317 1805
1317 1806
1322 1680
1323 1703
1323 1838
1323 1928
1323 1961
1330 1611
1330 1668
1331 1509
1334 1393
1337 1648
1341 1813
1342 1403
1347 1350
1349 1509
1350 1646
1350 1755
1350 1992
1353 1489
1353 1534
1353 1704
1353 1974
1353 1988
1366 1608
1374 1414
1382 1640
1390 1393
1393 1415
1393 1460
1393 1901
1393 1983
1400 1908
1402 1403
1402 1405
1403 1512
1403 1791
1405 1459
1405 1611
1405 1738
1409 1410
1410 1635
1412 1656
1414 1485
1414 1562
1414 1563
1415 1542
1423 1516
1423 1546
1423 1819
1423 1820
1425 1960
1432 1433
1432 1434
1436 1627
1436 1678
1436 1680
1442 1656
1447 1492
1447 1536
1447 1570
1447 1689
1447 1760
1447 1797
1447 1929
1447 1932
1454 1572
1454 1609
1454 1718
1456 1774
1461 1871
1461 1993
1462 1680
1476 1506
1482 1573
1483 1542
1483 1551
1484 1573
1504 1813
1505 1655
1506 1942
1507 1509
1509 1527
1509 1756
1509 1800
1517 1611
1531 1828
1532 1652
1535 1608
1536 1640
1540 1656
1542 1933
1543 1678
1546 1887
1547 1640
1548 1549
1548 1551
1549 1635
1550 1871
1551 1771
1555 1668
1559 1869
1569 1573
1573 1851
1575 1680
1581 1656
1581 1706
1586 1960
1601 1655
1603 1871
1604 1655
1608 1609
1608 1610
1608 1611
1609 1887
1611 1784
1611 1820
1611 1887
1611 1971
1616 1648
1620 1813
1626 1971
1627 1635
1627 1708
1630 1815
1637 1680
1640 1758
1640 1804
1652 1694
1652 1765
1678 1801
1678 1972
1679 1877
1680 1841
1697 1815
1706 1707
1714 1930
1756 1930
1759 1813
1772 1774
1779 1870
1784 1843
1797 1871
1801 1930
1810 1813
1813 1951
1828 1850
1869 1987
1871 1873
1877 1929
1879 1993
1894 1960
1903 1908
1922 1993
1947 1971
1971 1972
1984 1993
