0 10
5 1246
9 356
9 1483
10 48
10 226
10 304
10 334
10 939
10 1007
10 1008
10 1009
10 1010
10 1011
10 1012
10 1013
10 1014
10 1015
11 352
14 16
15 1955
16 96
16 304
16 347
16 583
16 1064
16 1507
16 1759
17 1363
28 1362
40 465
42 519
44 49
45 1521
45 1551
46 356
49 208
49 446
49 455
49 508
49 902
49 1107
49 1110
49 1126
49 1323
49 1471
49 1581
49 1652
49 1692
49 1728
49 1732
50 1384
51 1316
54 1626
55 1094
59 1094
62 997
63 1794
64 522
64 1686
65 1321
66 1525
68 1526
75 1728
79 370
87 1736
88 326
88 465
89 1384
90 1718
92 352
92 522
94 1521
95 190
96 774
97 213
99 1451
103 1667
107 1525
109 845
111 622
112 254
116 1195
116 1524
118 1713
119 1736
121 1384
123 522
124 839
125 1543
130 705
132 914
133 304
133 1524
134 1884
138 1079
138 1681
144 519
148 757
150 410
154 774
155 168
158 352
159 845
160 1521
161 1625
163 307
164 1164
164 1195
164 1521
167 1736
168 349
168 420
168 534
168 828
168 1077
168 1092
168 1093
168 1094
171 1283
175 622
175 837
179 1736
180 1526
181 1316
181 1541
183 1246
187 188
187 189
187 190
187 191
187 192
187 193
187 194
187 195
187 196
190 192
190 292
190 356
190 370
190 388
190 509
190 622
190 845
190 867
190 927
190 1363
190 1591
190 1625
190 1955
191 1195
196 1164
198 738
198 1620
201 1397
201 1555
202 1261
202 1316
205 745
205 1795
207 1397
207 1591
208 213
213 304
213 530
213 638
213 1026
213 1065
215 1490
216 307
216 1363
221 1283
223 380
224 488
236 738
241 1246
249 508
253 254
254 388
254 548
254 729
254 840
254 880
254 897
254 1395
254 1516
254 1553
254 1924
264 508
266 757
268 1993
276 1681
278 1736
279 845
282 738
284 1451
286 1732
287 292
288 1698
292 342
292 399
292 940
292 944
292 1090
292 1324
292 1467
292 1530
292 1720
294 1490
294 1551
295 498
295 738
295 1358
296 508
296 1384
297 298
297 299
297 300
297 301
297 302
297 303
297 304
297 305
297 306
299 1316
300 1384
302 757
302 845
304 670
304 808
304 828
304 903
304 1313
304 1397
304 1457
304 1470
304 1522
304 1541
304 1713
304 1974
305 987
307 308
307 309
307 310
307 311
307 312
307 313
307 314
307 315
307 316
309 1686
310 745
311 1916
312 1993
315 757
316 546
316 622
316 952
316 997
316 1147
316 1172
316 1316
316 1635
316 1641
316 1654
316 1704
316 1711
316 1970
317 326
318 519
318 1583
325 1728
326 423
326 469
326 652
326 785
326 1168
326 1382
326 1479
326 1654
326 1692
326 1734
326 1735
326 1759
330 1289
333 1490
343 1431
346 837
349 808
352 381
352 412
352 451
352 1154
352 1241
352 1472
352 1507
352 1767
355 356
356 615
356 771
356 776
356 804
356 1108
356 1298
356 1607
356 1764
357 1728
358 536
359 1732
363 537
364 1164
365 1707
367 1591
370 371
370 372
370 373
370 374
370 375
370 376
370 377
370 378
370 379
372 508
372 1289
374 1692
378 1758
380 381
380 382
380 383
380 384
380 385
380 386
380 387
380 388
380 389
380 390
380 391
381 1763
383 845
383 1732
387 1079
388 537
388 538
388 743
388 757
388 915
388 1079
388 1205
388 1259
388 1261
388 1289
388 1384
388 1397
388 1543
388 1620
388 1681
388 1686
388 1692
388 1693
389 1686
395 508
395 536
396 909
399 1583
399 1698
400 537
404 738
405 1736
406 1884
408 1451
409 410
410 505
410 506
410 507
410 508
410 509
410 510
410 511
410 512
410 513
410 514
410 515
410 516
411 1718
412 522
414 987
416 1384
420 488
421 1718
421 1916
423 1321
423 1693
424 1363
429 1132
434 1358
434 1434
435 1718
435 1736
438 1358
445 537
446 1483
454 1474
455 975
455 1525
456 1261
456 1545
460 1524
461 1384
464 1362
464 1523
465 982
465 1127
465 1692
465 1990
473 1541
475 1523
475 1728
476 1451
479 508
481 1993
482 975
483 1555
485 1362
486 488
488 547
488 677
488 1146
488 1318
488 1479
488 1542
488 1692
488 1960
489 1583
493 757
493 997
495 1321
496 498
497 1523
498 748
498 1139
498 1211
498 1378
498 1483
498 1654
498 1755
498 1995
499 1321
502 1094
503 1652
505 1313
507 1521
508 850
508 885
508 1008
508 1304
508 1350
508 1432
508 1746
508 1763
508 1993
509 1667
511 1541
512 909
513 705
516 1525
519 1240
519 1316
519 1317
519 1318
519 1319
519 1320
520 522
522 585
522 727
522 1767
523 1431
524 975
528 536
528 537
528 538
530 1916
531 927
532 824
533 1736
536 1316
536 1327
536 1386
536 1387
536 1388
536 1389
537 581
537 642
537 666
537 1017
537 1023
537 1131
537 1197
537 1385
538 683
538 712
538 1008
538 1080
538 1102
538 1557
538 1648
540 546
541 1625
543 1635
543 1763
545 1525
546 721
546 875
546 1115
546 1298
546 1303
546 1412
546 1721
546 1744
546 1839
556 975
556 1363
556 1541
559 1686
563 1339
569 1591
569 1681
572 1523
576 1132
576 1133
580 1363
580 1431
585 845
591 1133
592 845
592 1635
600 1698
601 1635
601 1758
601 1767
603 1313
605 738
608 1358
610 1246
612 1205
615 1713
616 1794
619 1283
622 767
622 1006
622 1073
622 1088
622 1120
622 1273
622 1534
622 1719
622 1875
622 1882
622 1925
626 745
630 1795
638 1132
640 915
641 1543
646 1736
647 1543
654 774
656 1625
658 1758
660 1955
663 757
666 1397
670 1766
672 1384
672 1766
675 1698
676 824
676 1555
676 1707
678 1133
683 1289
683 1758
684 1583
689 1698
692 1667
694 1551
699 705
705 869
705 1149
705 1223
705 1538
705 1666
705 1680
705 1692
712 1626
714 1261
714 1431
717 903
720 1545
725 738
726 987
728 1451
736 1523
737 1521
737 1543
738 1390
738 1481
738 1482
738 1483
738 1484
742 1523
743 987
744 808
745 1108
745 1767
747 1766
750 1521
751 1955
754 1763
756 757
757 794
757 832
757 1051
757 1364
757 1664
757 1851
760 1363
762 1313
762 1652
764 1195
765 839
768 915
769 914
770 975
770 1681
771 1993
772 1474
773 774
774 1064
774 1425
774 1767
774 1816
775 1681
777 1094
778 1758
782 1521
786 808
787 1474
788 1545
789 1434
791 1205
791 1490
793 1246
793 1316
794 975
802 808
804 845
805 903
807 1625
808 875
808 1307
808 1310
808 1481
808 1679
808 1716
808 1844
808 1879
809 1132
810 975
813 1321
821 824
823 997
824 825
824 1274
824 1368
824 1405
824 1483
824 1530
824 1870
824 1923
829 1132
832 837
834 915
835 1079
835 1543
837 1180
837 1298
837 1397
837 1411
837 1729
838 839
839 985
839 1032
839 1263
839 1371
839 1397
839 1501
839 1502
839 1503
840 915
840 1358
841 1451
843 1164
843 1358
843 1431
845 918
845 1453
845 1454
846 1583
849 1916
850 1289
854 975
856 1652
858 1766
864 1384
868 1246
874 1362
875 1132
879 1132
879 1321
879 1693
882 1431
887 1652
889 1363
890 915
900 1283
901 1339
901 1736
903 1282
903 1680
903 1947
905 909
909 949
909 1397
909 1770
909 1845
909 1887
914 915
914 916
914 917
914 918
914 919
914 920
914 921
914 922
915 1026
915 1052
915 1148
915 1215
915 1272
915 1282
915 1813
915 1866
915 1971
917 1652
918 1358
919 1541
921 1195
923 927
925 1555
927 1709
927 1837
935 987
937 1133
937 1728
942 1635
945 1713
947 1164
948 1316
951 1551
953 1205
954 1521
960 1384
961 1526
964 997
969 1625
973 1490
974 1451
975 1045
975 1111
975 1197
975 1527
975 1692
976 1543
978 1763
980 1246
981 1283
982 987
986 1164
987 1094
987 1140
987 1340
987 1495
987 1513
987 1855
990 1132
990 1667
992 1916
996 1763
997 1026
997 1411
997 1508
997 1690
997 1772
997 1822
998 1205
1008 1551
1010 1732
1012 1205
1012 1451
1017 1626
1018 1758
1034 1363
1038 1451
1044 1736
1045 1358
1053 1591
1053 1707
1064 1955
1065 1079
1065 1246
1066 1434
1066 1526
1066 1667
1067 1736
1067 1916
1069 1707
1073 1884
1079 1080
1079 1081
1079 1082
1079 1083
1079 1084
1082 1626
1083 1321
1091 1133
1092 1635
1094 1316
1094 1449
1094 1667
1094 1780
1094 1849
1094 1902
1096 1524
1099 1195
1101 1541
1115 1955
1117 1698
1117 1766
1119 1358
1119 1363
1120 1526
1122 1583
1126 1205
1132 1150
1132 1274
1132 1302
1132 1767
1132 1781
1132 1841
1132 1885
1133 1291
1133 1692
1140 1681
1143 1795
1144 1434
1147 1483
1156 1718
1161 1591
1162 1555
1164 1193
1164 1533
1164 1569
1164 1674
1164 1692
1164 1740
1164 1823
1165 1283
1168 1955
1188 1667
1194 1195
1195 1312
1195 1483
1195 1759
1195 1994
1205 1368
1205 1485
1205 1486
1209 1363
1210 1339
1210 1763
1214 1321
1218 1490
1219 1358
1222 1434
1222 1526
1222 1635
1224 1635
1230 1763
1231 1766
1239 1541
1239 1591
1242 1246
1243 1635
1246 1397
1246 1407
1246 1433
1247 1732
1252 1707
1254 1321
1259 1363
1260 1261
1261 1835
1261 1842
1261 1844
1261 1861
1261 1876
1261 1877
1262 1763
1265 1625
1268 1766
1272 1384
1273 1451
1274 1362
1275 1283
1277 1620
1283 1605
1283 1692
1283 1739
1283 1740
1289 1290
1289 1291
1289 1292
1294 1667
1295 1591
1302 1523
1304 1728
1305 1526
1305 1555
1308 1313
1309 1339
1310 1543
1312 1626
1313 1407
1313 1700
1313 1997
1316 1726
1316 1884
1317 1521
1319 1728
1320 1620
1321 1767
1322 1431
1327 1545
1332 1339
1332 1583
1338 1339
1339 1483
1339 1724
1339 1820
1339 1897
1344 1916
1358 1483
1358 1516
1358 1929
1358 1989
1360 1362
1360 1363
1362 1672
1362 1692
1362 1886
1362 1970
1363 1609
1363 1807
1365 1524
1368 1713
1375 1474
1379 1795
1384 1385
1389 1758
1392 1620
1397 1474
1397 1521
1397 1522
1397 1523
1397 1524
1397 1525
1397 1526
1397 1527
1398 1543
1398 1681
1408 1728
1410 1635
1429 1526
1430 1431
1431 1457
1431 1624
1431 1644
1431 1692
1432 1434
1433 1728
1434 1692
1434 1925
1442 1686
1444 1681
1449 1525
1451 1483
1451 1547
1451 1760
1451 1892
1454 1718
1458 1718
1459 1525
1461 1993
1470 1635
1470 1732
1471 1474
1472 1758
1474 1633
1474 1816
1474 1957
1475 1732
1483 1542
1483 1545
1483 1551
1483 1626
1483 1707
1483 1766
1483 1767
1490 1660
1490 1691
1490 1767
1490 1895
1501 1620
1501 1955
1512 1591
1514 1955
1515 1545
1518 1955
1521 1540
1521 1777
1521 1778
1521 1933
1524 1878
1525 1570
1525 1578
1525 1595
1525 1876
1526 1835
1526 1974
1530 1625
1532 1652
1541 1637
1541 1669
1541 1914
1541 1977
1543 1678
1543 1729
1543 1867
1545 1937
1548 1551
1549 1635
1551 1771
1555 1572
1555 1668
1555 1767
1555 1782
1555 1895
1583 1643
1583 1692
1583 1789
1583 1835
1591 1592
1591 1593
1620 1644
1620 1813
1625 1788
1625 1927
1626 1971
1627 1635
1640 1758
1647 1916
1652 1694
1652 1765
1657 1884
1658 1686
1667 1675
1667 1702
1671 1718
1681 1826
1681 1904
1681 1966
1684 1686
1686 1696
1692 1698
1692 1718
1692 1767
1698 1699
1698 1700
1698 1701
1706 1707
1713 1753
1717 1718
1728 1743
1731 1732
1732 1777
1732 1852
1736 1767
1736 1919
1752 1884
1758 1767
1758 1906
1758 1970
1766 1796
1766 1830
1766 1873
1766 1945
1767 1772
1767 1794
1767 1795
1767 1916
1789 1794
1793 1794
1795 1796
1795 1797
1826 1884
1848 1849
1850 1916
1879 1993
1882 1916
1894 1916
1916 1952
1922 1993
1984 1993
