4 571
5 517
5 1246
7 517
9 1995
11 91
11 395
11 1885
13 1153
17 550
18 81
18 204
18 1350
21 1204
23 1704
24 1748
25 901
31 874
32 387
36 40
40 257
40 411
40 464
40 465
40 466
41 1784
42 517
43 480
44 49
45 1496
47 442
49 208
49 446
49 455
49 508
49 902
49 1107
49 1110
49 1126
49 1323
49 1471
49 1581
49 1652
49 1692
49 1728
49 1732
51 874
54 520
56 874
57 480
60 61
61 75
61 646
61 1053
61 1099
61 1181
61 1356
61 1383
61 1398
61 1476
62 991
65 1995
71 971
74 1050
77 698
78 81
79 370
81 227
81 980
81 1059
81 1074
81 1531
81 1893
84 794
84 1337
84 1573
86 91
88 1210
90 1432
90 1718
91 367
91 487
91 493
91 1518
91 1568
91 1675
91 1797
93 94
94 432
94 512
94 646
94 1015
94 1271
94 1287
94 1390
94 1521
94 1605
94 1642
94 1706
96 991
96 1496
97 1245
100 794
112 1178
113 991
114 1075
114 1871
118 277
119 1178
119 1326
123 1573
127 1204
132 698
133 646
133 918
135 136
135 137
135 138
135 139
135 140
135 141
135 142
135 143
135 144
135 145
135 146
139 1871
141 1447
145 165
145 288
145 437
145 502
145 520
145 639
145 771
145 981
145 1167
145 1353
145 1539
145 1559
145 1721
145 1748
145 1829
145 1915
146 420
150 410
155 165
156 520
156 991
156 1192
158 346
162 389
164 1915
165 481
165 1126
165 1399
165 1413
165 1428
165 1866
165 1918
166 437
166 457
167 442
168 420
170 1871
171 1075
172 1704
174 1784
179 1716
180 646
180 1748
182 864
183 1246
184 1167
188 1050
190 370
190 867
193 1573
194 1813
196 1034
196 1153
196 1829
197 198
197 204
198 217
198 551
198 614
198 738
198 938
198 1026
198 1128
198 1620
200 296
203 230
204 639
204 793
204 798
204 835
204 916
204 1222
204 1301
204 1675
204 1980
207 248
211 395
211 1848
212 1496
212 1825
217 1304
219 901
223 277
227 1700
229 1408
230 341
230 579
230 772
230 842
230 1110
230 1161
230 1476
230 1513
230 1558
230 1559
232 457
232 1292
235 1153
236 1034
241 1246
246 248
246 249
247 263
248 482
248 963
248 986
248 1102
248 1247
248 1373
248 1566
248 1567
248 1797
248 1937
248 1963
249 303
249 508
249 607
249 627
249 629
249 900
249 958
249 1220
249 1552
249 1560
249 1642
250 602
252 1447
257 1075
259 1829
263 639
263 642
263 822
263 1181
263 1211
263 1306
263 1367
263 1427
263 1839
264 508
264 1511
266 1447
267 1432
268 1993
272 420
274 277
274 279
274 286
276 1334
277 311
277 372
277 707
277 713
277 742
277 834
277 1067
277 1276
278 520
279 355
279 372
279 576
279 845
279 1035
279 1087
279 1367
279 1911
282 864
283 1210
284 517
285 874
286 415
286 440
286 606
286 1143
286 1322
286 1447
286 1494
286 1706
286 1732
286 1740
286 1746
286 1843
287 296
288 346
290 346
290 551
296 508
296 1030
296 1384
296 1415
296 1455
296 1485
296 1868
301 1432
310 1381
312 1993
313 874
314 437
316 1704
319 1050
321 1210
321 1304
322 1700
327 1446
332 1862
333 1381
334 644
335 644
335 646
336 480
336 864
337 346
338 1050
338 1381
346 558
346 579
346 837
346 1003
346 1027
346 1037
346 1048
346 1378
346 1688
346 1797
346 1812
357 1163
359 637
359 698
362 1721
364 563
364 602
366 571
370 371
370 372
370 373
370 374
370 375
370 376
370 377
370 378
370 379
372 387
372 436
372 508
372 579
372 639
372 864
372 898
372 918
372 979
372 1034
372 1289
372 1418
372 1700
372 1744
372 1801
374 1143
377 1418
380 387
380 389
381 1159
383 898
383 1663
385 1349
387 693
387 850
387 1079
387 1247
387 1488
387 1749
389 549
389 551
389 770
389 953
389 1008
389 1293
389 1301
389 1686
389 1759
389 1868
389 1931
389 1988
390 457
390 1167
391 1862
392 395
393 644
395 508
395 536
395 689
395 716
395 751
395 871
395 1084
395 1529
395 1675
397 1700
400 1860
400 1915
403 1432
408 1349
409 410
409 411
409 420
410 505
410 506
410 507
410 508
410 509
410 510
410 511
410 512
410 513
410 514
410 515
410 516
411 457
411 735
411 862
411 1116
411 1143
411 1408
411 1718
411 1753
411 1862
411 1867
417 1178
418 898
420 488
420 878
420 1099
420 1271
420 1304
420 1371
420 1380
420 1568
420 1820
420 1938
421 980
421 1167
421 1718
423 644
423 1432
423 1496
428 1350
429 885
429 1337
432 1163
435 1718
436 437
436 442
437 747
437 749
437 761
437 1382
437 1415
437 1435
437 1549
437 1950
437 1953
441 1995
442 692
442 980
442 1005
442 1071
442 1227
442 1433
442 1630
442 1703
442 1852
442 1963
445 1497
446 1623
450 980
450 1723
451 1885
456 1153
457 458
457 459
457 460
457 461
457 462
457 463
459 1801
466 663
471 794
471 1915
477 479
477 480
479 508
479 1008
479 1510
480 551
480 652
480 933
480 1592
480 1697
481 1993
483 1167
487 1663
490 1825
492 1723
497 1511
497 1716
498 1995
501 698
502 984
502 991
502 1178
508 850
508 885
508 1008
508 1304
508 1350
508 1432
508 1746
508 1763
508 1993
512 977
513 602
517 646
517 695
517 954
517 1056
517 1156
517 1341
517 1514
517 1879
520 521
520 522
520 523
520 524
520 525
520 526
520 527
523 1326
530 1418
531 637
535 1700
539 1159
544 1912
546 1721
547 644
549 1326
550 551
550 552
550 553
550 554
550 555
550 556
550 557
550 558
550 559
550 560
551 563
551 644
551 867
551 980
551 984
551 1157
551 1159
551 1210
551 1266
551 1292
551 1716
551 1723
551 1860
552 1050
555 1447
560 663
561 563
562 1860
563 1203
563 1339
563 1371
563 1611
563 1651
563 1670
563 1754
564 1326
565 1825
571 572
571 573
571 574
571 575
571 576
571 577
571 578
571 579
573 1813
578 579
579 626
579 663
579 813
579 980
579 1204
579 1243
579 1334
579 1438
579 1462
579 1556
579 1879
585 1245
589 1381
592 639
592 1334
597 602
601 1779
602 700
602 842
602 980
602 1144
602 1208
602 1668
608 1497
610 1246
610 1326
612 1829
613 1204
614 1446
616 885
616 1337
630 1496
631 1663
635 1206
637 638
637 639
637 640
637 641
637 642
638 646
638 1423
639 646
639 1154
639 1163
639 1173
639 1206
639 1241
639 1331
639 1371
639 1381
639 1496
639 1531
641 1153
643 901
643 1210
644 654
644 726
644 1036
644 1215
644 1216
646 698
646 991
646 1075
646 1192
646 1663
646 1705
646 1714
646 1736
646 1779
653 874
655 663
656 1623
663 681
663 757
663 788
663 990
663 1099
663 1131
663 1147
663 1597
663 1703
664 1825
670 1915
682 1721
682 1748
686 1292
687 984
687 1075
687 1204
690 1153
691 1813
696 1163
698 899
698 952
698 1029
698 1298
698 1394
698 1887
700 1050
700 1862
703 1350
706 1438
708 1408
712 794
713 1210
715 794
717 1716
720 1573
722 1623
724 1432
727 1210
730 867
737 874
740 1075
744 1848
755 1779
757 794
760 1337
762 1075
763 1206
763 1210
768 918
768 1178
771 1993
778 1192
779 1050
779 1349
779 1829
784 1159
786 1801
786 1915
790 794
792 1496
793 1246
794 975
794 980
794 1305
794 1515
794 1596
794 1819
798 1496
798 1801
799 1204
800 1446
808 1716
812 1700
812 1848
813 874
817 1423
820 1143
820 1423
822 1813
833 1995
843 1721
845 918
850 1447
850 1871
853 1350
854 971
855 1912
858 991
861 864
861 867
864 1217
864 1233
864 1285
864 1384
864 1512
864 1731
867 892
867 978
867 1115
867 1136
867 1331
867 1437
868 1246
874 1304
874 1362
878 1418
880 885
882 1995
885 895
885 1010
885 1028
885 1096
888 1418
889 1860
892 1334
896 898
896 901
898 1765
899 1748
901 1339
901 1401
901 1736
901 1797
901 1836
914 918
915 1813
917 1143
917 1292
918 1358
918 1479
918 1923
924 1497
925 1153
942 1511
944 1334
958 1408
966 1050
971 999
971 1020
971 1030
971 1087
971 1224
971 1574
971 1797
971 1833
971 1886
971 1939
971 1965
973 1034
977 978
977 979
977 980
977 981
980 1050
980 1178
980 1246
980 1349
980 1623
980 1704
980 1784
980 1932
982 984
984 1448
984 1480
984 1644
984 1690
984 1838
985 1496
985 1784
986 1075
986 1163
986 1167
988 991
989 1350
991 1003
991 1008
991 1274
991 1559
991 1708
991 1905
991 1922
998 1204
1004 1885
1006 1446
1009 1337
1011 1381
1013 1418
1014 1350
1015 1446
1019 1825
1032 1915
1034 1058
1034 1363
1034 1366
1034 1499
1034 1703
1036 1784
1041 1163
1049 1350
1050 1197
1050 1237
1050 1546
1050 1621
1051 1418
1052 1623
1055 1204
1057 1192
1058 1779
1059 1163
1062 1334
1065 1246
1067 1337
1067 1349
1068 1381
1070 1075
1072 1408
1073 1381
1075 1106
1075 1196
1075 1731
1075 1834
1082 1418
1082 1813
1088 1381
1088 1423
1096 1349
1102 1304
1104 1157
1114 1423
1115 1825
1121 1497
1132 1885
1134 1143
1143 1188
1143 1415
1143 1514
1143 1642
1143 1662
1143 1795
1146 1326
1150 1326
1151 1153
1153 1304
1153 1305
1153 1306
1153 1307
1154 1157
1154 1159
1155 1349
1155 1885
1156 1718
1157 1208
1157 1220
1157 1458
1157 1691
1157 1935
1159 1199
1159 1211
1159 1370
1159 1463
1159 1857
1163 1201
1163 1506
1163 1799
1163 1805
1163 1974
1165 1748
1167 1565
1167 1738
1167 1901
1167 1998
1169 1871
1173 1408
1175 1432
1178 1241
1178 1544
1178 1770
1178 1771
1187 1304
1187 1438
1190 1192
1191 1292
1192 1288
1192 1493
1192 1636
1192 1792
1192 1832
1193 1245
1196 1721
1197 1915
1198 1663
1200 1801
1200 1860
1201 1721
1201 1723
1204 1260
1204 1637
1204 1640
1204 1715
1206 1664
1206 1972
1210 1339
1210 1436
1210 1594
1210 1763
1210 1933
1213 1497
1214 1446
1214 1447
1218 1801
1222 1663
1241 1716
1242 1245
1242 1246
1245 1304
1245 1639
1246 1397
1246 1407
1246 1433
1247 1784
1266 1349
1274 1438
1284 1995
1286 1349
1289 1292
1292 1559
1292 1744
1292 1909
1304 1337
1304 1423
1304 1446
1304 1573
1304 1611
1304 1640
1304 1728
1304 1813
1304 1912
1307 1573
1309 1862
1310 1995
1312 1704
1313 1700
1319 1885
1325 1326
1326 1535
1326 1675
1326 1714
1326 1797
1332 1381
1333 1334
1333 1337
1334 1393
1334 1502
1336 1337
1337 1539
1337 1648
1337 1649
1341 1813
1347 1349
1347 1350
1349 1509
1349 1554
1349 1691
1350 1646
1350 1755
1350 1992
1352 1381
1353 1704
1373 1438
1381 1803
1392 1721
1396 1860
1402 1408
1408 1536
1408 1728
1418 1516
1423 1516
1423 1546
1423 1819
1423 1820
1432 1433
1432 1434
1438 1950
1447 1492
1447 1536
1447 1570
1447 1689
1447 1760
1447 1797
1447 1929
1447 1932
1449 1721
1450 1496
1454 1718
1458 1718
1461 1871
1461 1993
1463 1623
1466 1511
1468 1496
1481 1716
1482 1573
1484 1573
1497 1791
1497 1797
1497 1977
1501 1721
1503 1511
1504 1723
1504 1813
1510 1511
1511 1797
1511 1799
1512 1801
1516 1829
1531 1829
1535 1860
1536 1779
1539 1860
1550 1871
1566 1829
1569 1573
1573 1851
1603 1871
1611 1784
1613 1700
1620 1813
1628 1721
1642 1797
1650 1723
1663 1726
1663 1922
1671 1718
1678 1801
1692 1718
1696 1848
1698 1700
1700 1911
1700 1938
1700 1953
1702 1825
1704 1861
1704 1882
1709 1829
1716 1776
1716 1879
1716 1892
1717 1718
1721 1872
1723 1777
1748 1847
1750 1801
1759 1813
1759 1912
1770 1915
1779 1870
1784 1843
1795 1797
1797 1825
1797 1848
1797 1871
1797 1885
1797 1995
1801 1865
1801 1930
1801 1953
1810 1813
1813 1951
1825 1865
1829 1842
1829 1959
1835 1848
1848 1849
1860 1861
1862 1863
1862 1864
1871 1873
1879 1993
1883 1912
1891 1912
1896 1912
1922 1993
1984 1993
