1 1256
4 1624
8 811
10 1008
10 1012
11 352
11 1885
16 96
20 1256
20 1942
21 1145
22 379
23 1393
23 1961
24 1749
25 809
28 1362
29 1256
31 96
35 113
37 368
38 829
38 1145
38 1627
40 257
45 1551
49 1126
50 560
53 655
53 1161
54 1627
56 875
60 61
60 62
60 63
60 64
60 65
60 66
62 80
62 104
62 399
62 532
62 604
62 666
62 832
62 991
62 997
62 1144
62 1145
62 1146
62 1147
62 1148
62 1149
62 1150
63 1794
64 522
65 171
65 234
65 1321
67 70
69 171
69 368
70 89
70 399
70 415
70 716
70 886
70 1114
70 1230
70 1372
70 1550
70 1687
71 1103
71 1942
73 552
73 858
73 1145
75 1456
75 1616
76 113
76 1074
77 257
78 79
78 80
78 81
78 82
78 83
78 84
78 85
79 1003
80 131
80 339
80 412
80 432
80 605
80 706
80 811
80 922
80 1002
80 1074
80 1461
80 1724
80 1855
81 1074
85 1903
87 1736
89 1221
92 352
92 522
93 96
94 1706
96 205
96 385
96 431
96 564
96 774
96 991
96 1055
96 1496
96 1650
97 1256
101 102
101 103
101 104
101 105
102 1074
104 194
104 234
104 552
104 560
104 667
104 699
104 729
104 789
104 868
104 1062
104 1082
104 1221
104 1616
104 1670
104 1850
104 1903
105 1082
106 113
107 666
109 1103
113 902
113 991
113 1576
113 1641
113 1660
113 1759
113 1863
113 1881
119 1736
120 560
122 131
123 522
123 1407
123 1749
125 792
130 704
131 167
131 544
131 577
131 853
131 1037
131 1498
131 1508
131 1608
131 1881
133 393
135 142
142 618
142 1021
142 1151
142 1296
142 1301
142 1302
142 1303
144 1922
145 1559
146 1682
146 1781
155 156
156 417
156 454
156 520
156 642
156 991
156 1192
156 1351
156 1387
156 1759
157 1922
158 352
162 389
165 1126
166 1147
167 1282
167 1736
169 171
170 1903
171 257
171 393
171 655
171 1008
171 1075
171 1213
171 1256
171 1283
171 1517
171 1547
171 1742
171 1953
173 789
174 666
175 638
176 792
179 1736
183 921
183 1145
184 308
184 1213
187 194
191 357
191 1161
193 1749
194 548
194 643
194 755
194 1001
194 1813
194 1917
200 402
201 552
201 1555
205 745
205 1795
207 1149
207 1302
207 1393
208 214
211 1407
212 560
213 638
214 605
214 852
214 968
214 1107
214 1236
214 1403
214 1416
215 1490
220 1256
221 1283
224 1706
226 1147
228 811
229 1922
230 1161
230 1559
231 234
234 345
234 447
234 604
234 822
234 1607
235 667
242 1559
251 1781
252 1003
253 257
254 729
256 1414
257 601
257 725
257 1045
257 1069
257 1075
257 1208
257 1352
257 1367
257 1554
257 1937
259 1706
261 1066
262 1456
264 402
271 638
278 1736
285 1221
286 1706
287 290
288 1698
290 327
290 346
290 551
290 968
290 1282
290 1665
290 1676
290 1689
292 399
294 1490
294 1551
295 1403
298 560
300 429
303 1145
304 903
305 569
307 308
308 332
308 366
308 953
308 1142
308 1282
308 1972
310 745
311 1916
312 1624
313 1403
315 1256
316 997
316 1147
318 1583
332 1877
333 379
333 1490
334 1414
336 811
339 1221
341 667
341 1775
345 1221
346 1003
349 1616
352 381
352 412
352 451
352 1154
352 1241
352 1472
352 1507
352 1767
353 1066
355 357
357 386
357 595
357 993
357 1163
357 1247
357 1282
357 1558
357 1662
357 1675
357 1728
357 1853
358 1062
368 604
368 965
368 1297
368 1302
368 1740
368 1804
368 1805
370 379
371 1961
373 1309
374 858
377 1414
378 1145
378 1302
378 1624
378 1758
379 481
379 1270
379 1271
379 1272
379 1273
379 1274
379 1275
380 389
381 560
384 638
384 1082
384 1961
387 1749
388 538
389 549
389 551
389 770
389 953
389 1008
389 1293
389 1301
389 1686
389 1759
389 1868
389 1931
389 1988
392 393
392 399
392 402
393 628
393 644
393 703
396 1414
399 540
399 569
399 575
399 754
399 1012
399 1583
399 1627
399 1698
399 1775
399 1942
399 1984
402 813
402 1274
402 1520
402 1691
402 1710
405 1736
412 522
413 1456
417 1074
419 667
421 1916
422 429
423 1321
428 1147
429 614
429 681
429 823
429 885
429 955
429 1132
429 1138
429 1233
429 1265
429 1337
429 1369
435 1439
435 1736
451 1885
455 1012
464 1362
464 1523
469 1302
472 1636
475 1523
476 729
476 792
477 479
479 508
479 1008
479 1510
481 1922
483 1555
485 1362
488 1146
488 1960
489 638
489 836
489 1583
491 1126
493 997
495 1321
497 1523
497 1616
499 1321
502 991
505 1922
508 1008
509 1221
515 1082
520 522
522 585
522 727
522 1767
523 1066
528 538
530 1916
532 824
533 1736
537 666
538 683
538 712
538 1008
538 1080
538 1102
538 1557
538 1648
545 1636
546 875
548 921
548 1877
550 552
550 560
552 628
552 972
552 1050
552 1124
552 1201
552 1335
552 1509
552 1812
552 1934
552 1953
558 836
560 663
560 834
560 1368
560 1507
560 1518
560 1519
561 569
562 868
563 1670
565 809
566 1256
568 809
568 811
569 999
569 1099
569 1185
569 1227
569 1260
569 1591
569 1681
572 666
572 836
572 858
572 1523
575 1456
576 1132
577 1148
579 1438
581 1012
583 1403
593 1103
595 1146
598 1775
600 1698
601 1758
601 1767
601 1781
604 1256
604 1706
608 1922
609 1855
614 1414
616 1794
618 789
618 836
619 1003
619 1282
619 1283
626 745
627 1407
629 1393
630 1309
630 1795
633 789
636 1627
637 638
638 646
638 873
638 946
638 999
638 1087
638 1132
638 1423
638 1570
646 991
646 1736
650 1103
650 1960
655 656
655 657
655 658
655 659
655 660
655 661
655 662
655 663
655 664
656 1624
657 1161
657 1961
658 1758
663 990
663 1147
664 1775
665 666
665 667
666 793
666 1128
666 1395
666 1396
666 1397
666 1398
667 869
667 1043
667 1112
667 1896
667 1990
668 1922
672 983
674 1942
675 1698
676 824
676 1403
676 1555
683 1758
684 1583
684 1636
685 1393
689 1627
689 1698
690 1256
692 868
694 1551
699 983
700 1407
700 1624
704 854
704 938
704 1036
704 1282
704 1366
705 1149
706 1438
717 903
722 1062
723 729
729 1665
729 1769
729 1941
736 1523
742 1523
742 1781
742 1903
744 1393
745 1108
745 1767
747 858
765 829
769 1148
770 1616
771 1855
774 1767
777 1256
777 1903
778 1758
780 990
781 1682
782 1439
784 1403
785 789
789 1434
789 1880
790 792
791 1490
792 840
792 862
792 1089
792 1119
792 1185
792 1273
792 1302
792 1478
792 1496
792 1650
793 1066
798 1147
800 1146
805 903
808 875
809 831
809 860
809 1121
809 1132
809 1194
809 1287
809 1514
809 1776
809 1782
809 1875
811 844
811 1228
811 1264
811 1348
811 1450
812 1008
812 1781
813 1321
817 1559
821 824
821 829
823 997
823 1456
824 825
824 1274
824 1368
824 1405
824 1483
824 1530
824 1870
824 1923
829 841
829 876
829 878
829 1080
829 1132
829 1239
829 1327
829 1550
829 1577
829 1817
829 1819
832 836
836 1055
836 1109
836 1274
836 1354
836 1437
836 1654
836 1761
836 1846
836 1850
842 1393
846 1583
849 1916
852 858
853 1062
858 991
858 1442
858 1610
858 1709
858 1766
858 1854
858 1905
859 875
861 868
862 1616
863 1559
866 1877
868 1073
868 1246
868 1645
868 1870
871 1682
871 1942
874 1362
875 945
875 1132
875 1469
875 1598
875 1835
879 1132
879 1321
899 1012
900 1283
901 1736
903 1282
903 1680
903 1947
908 1012
911 1403
914 921
915 1148
915 1282
916 1103
919 1393
920 1003
921 1195
921 1403
921 1820
922 1682
925 1555
929 1221
933 1103
938 1960
941 983
945 1961
951 1551
959 1147
964 997
973 1490
976 1456
981 1283
982 983
983 1071
983 1120
983 1122
983 1309
983 1828
983 1886
987 1855
988 990
988 991
990 1032
990 1132
990 1331
990 1667
990 1806
991 1003
991 1008
991 1274
991 1559
991 1708
991 1905
991 1922
992 1916
994 1407
996 1407
997 1026
997 1411
997 1508
997 1690
997 1772
997 1822
1000 1003
1003 1092
1003 1411
1003 1412
1004 1885
1008 1126
1008 1161
1008 1282
1008 1403
1008 1456
1008 1551
1008 1706
1008 1749
1008 1782
1008 1828
1008 1960
1009 1775
1012 1060
1012 1205
1012 1449
1012 1450
1012 1451
1012 1452
1017 1624
1018 1559
1018 1758
1031 1148
1031 1627
1036 1877
1038 1670
1040 1877
1044 1736
1055 1942
1058 1439
1059 1456
1062 1334
1062 1906
1064 1942
1065 1670
1066 1256
1066 1422
1066 1434
1066 1526
1066 1666
1066 1667
1067 1736
1067 1916
1070 1074
1074 1170
1079 1082
1082 1218
1082 1296
1082 1418
1082 1614
1082 1626
1082 1629
1082 1813
1083 1321
1083 1855
1085 1145
1092 1636
1097 1624
1100 1103
1101 1147
1102 1439
1102 1627
1103 1277
1103 1282
1103 1493
1103 1586
1103 1742
1103 1838
1103 1935
1107 1221
1110 1781
1115 1942
1116 1213
1117 1126
1117 1698
1122 1309
1122 1583
1124 1126
1126 1205
1126 1235
1127 1682
1132 1150
1132 1274
1132 1302
1132 1767
1132 1781
1132 1841
1132 1885
1136 1161
1140 1877
1141 1961
1143 1795
1144 1146
1145 1437
1145 1789
1145 1935
1146 1326
1146 1327
1146 1572
1146 1934
1147 1483
1148 1240
1148 1286
1148 1398
1148 1425
1148 1460
1148 1461
1148 1462
1148 1463
1149 1174
1149 1219
1149 1939
1152 1942
1154 1161
1155 1885
1158 1403
1161 1548
1161 1591
1161 1870
1162 1555
1165 1213
1165 1283
1171 1439
1172 1876
1174 1407
1177 1456
1183 1302
1186 1456
1187 1438
1192 1636
1199 1706
1213 1497
1213 1586
1213 1935
1214 1321
1218 1490
1221 1576
1222 1302
1226 1749
1227 1627
1246 1407
1253 1407
1254 1321
1256 1257
1256 1258
1256 1259
1261 1876
1261 1877
1262 1624
1264 1403
1272 1781
1274 1309
1274 1362
1274 1438
1274 1439
1274 1624
1274 1636
1274 1682
1274 1819
1274 1905
1274 1961
1275 1283
1278 1960
1281 1414
1282 1393
1282 1407
1282 1414
1282 1875
1282 1876
1282 1877
1283 1605
1283 1692
1283 1739
1283 1740
1288 1670
1292 1559
1294 1682
1298 1309
1298 1706
1299 1627
1299 1942
1302 1466
1302 1523
1302 1530
1302 1622
1302 1789
1302 1952
1305 1555
1308 1309
1309 1339
1309 1463
1309 1480
1309 1518
1309 1862
1313 1407
1319 1885
1319 1922
1321 1767
1323 1961
1328 1682
1332 1583
1334 1393
1340 1903
1342 1403
1344 1916
1359 1922
1360 1362
1362 1672
1362 1692
1362 1886
1362 1970
1365 1682
1373 1438
1374 1414
1379 1795
1389 1758
1390 1393
1393 1415
1393 1460
1393 1901
1393 1983
1395 1439
1395 1903
1397 1523
1402 1403
1402 1407
1403 1512
1403 1791
1407 1575
1407 1901
1411 1559
1414 1485
1414 1562
1414 1563
1425 1624
1425 1960
1431 1624
1436 1627
1438 1950
1439 1440
1456 1615
1456 1755
1456 1774
1459 1636
1459 1855
1469 1903
1472 1758
1483 1551
1483 1767
1490 1660
1490 1691
1490 1767
1490 1895
1506 1942
1516 1559
1525 1876
1544 1775
1544 1942
1548 1551
1551 1771
1555 1572
1555 1668
1555 1767
1555 1782
1555 1895
1557 1670
1559 1869
1559 1947
1559 1948
1571 1775
1581 1706
1581 1961
1583 1643
1583 1692
1583 1789
1583 1835
1586 1960
1597 1616
1601 1670
1615 1670
1616 1621
1616 1648
1616 1951
1618 1781
1624 1857
1627 1635
1627 1708
1631 1749
1636 1819
1636 1878
1640 1758
1647 1916
1647 1961
1663 1922
1670 1854
1679 1877
1692 1698
1692 1767
1698 1699
1698 1700
1698 1701
1706 1707
1736 1767
1736 1919
1749 1843
1758 1767
1758 1906
1758 1970
1767 1772
1767 1794
1767 1795
1767 1916
1789 1794
1793 1794
1795 1796
1795 1797
1797 1885
1821 1903
1822 1922
1850 1916
1863 1942
1876 1980
1877 1929
1882 1916
1894 1916
1894 1960
1897 1961
1903 1908
1916 1952
1922 1993
