3 889
40 466
61 1398
66 1943
69 350
106 107
106 108
106 109
106 110
106 111
106 112
106 113
106 114
106 115
106 116
107 1864
116 123
116 427
116 1035
116 1056
116 1195
116 1223
116 1398
116 1494
116 1524
116 1547
116 1695
116 1741
122 123
122 124
122 125
122 126
122 127
122 128
122 129
122 130
122 131
122 132
122 133
122 134
123 255
123 381
123 452
123 522
123 785
123 964
123 1123
123 1287
123 1407
123 1573
123 1658
123 1738
123 1749
133 1524
140 1943
148 350
152 427
158 350
164 1195
171 1547
177 1695
191 1195
192 350
235 466
236 1035
267 1864
272 1864
279 1035
286 1494
292 940
337 350
342 1494
350 466
350 1272
350 1606
358 940
363 466
422 427
427 466
427 631
427 872
427 899
427 940
427 1005
427 1473
427 1943
439 1223
442 1005
458 940
460 1524
466 663
466 889
466 1022
466 1254
466 1864
466 1967
474 1223
504 1398
515 1223
524 889
526 1005
556 1547
643 1695
662 889
664 1223
666 1398
705 1223
764 1195
765 1494
771 1223
819 1864
860 1695
872 1864
889 1363
889 1465
889 1486
889 1592
889 1760
889 1860
921 1195
940 1056
940 1579
940 1737
940 1844
940 1875
953 1741
995 1398
1000 1005
1005 1122
1005 1449
1005 1453
1005 1812
1005 1822
1005 1925
1031 1035
1035 1301
1035 1422
1035 1528
1035 1647
1035 1680
1035 1702
1035 1989
1096 1524
1096 1864
1099 1195
1119 1398
1148 1398
1156 1741
1194 1195
1195 1312
1195 1483
1195 1759
1195 1994
1201 1695
1215 1741
1223 1224
1223 1225
1258 1398
1329 1494
1331 1741
1335 1864
1365 1524
1397 1524
1398 1543
1398 1673
1398 1681
1451 1547
1468 1494
1494 1742
1494 1823
1502 1741
1515 1547
1524 1878
1547 1640
1562 1695
1677 1741
1695 1696
1741 1742
1741 1743
1777 1943
1862 1864
1864 1918
