4 1624
21 1145
38 412
38 1145
50 1281
62 1145
73 1145
79 370
80 412
89 611
91 1518
117 120
120 200
120 203
120 333
120 378
120 560
120 595
120 802
120 819
120 1053
120 1058
120 1319
120 1426
120 1570
120 1684
120 1987
143 1632
151 1518
161 412
164 595
183 1145
188 611
190 370
197 200
200 212
200 296
200 390
200 402
200 501
200 821
200 944
200 1017
200 1216
200 1495
200 1542
200 1553
200 1565
200 1650
200 1910
204 1980
210 1632
260 1041
267 1318
276 456
281 1318
285 1041
298 616
303 1145
312 1624
352 412
357 595
370 371
370 372
370 373
370 374
370 375
370 376
370 377
370 378
370 379
378 456
378 575
378 616
378 878
378 1041
378 1145
378 1302
378 1624
378 1632
378 1758
378 1853
378 1980
409 412
412 456
412 522
412 633
412 737
412 756
412 1455
412 1750
447 456
456 473
456 1153
456 1261
456 1263
456 1281
456 1347
456 1518
456 1545
456 1618
456 1638
464 1281
488 1318
519 1318
525 611
553 1492
558 1041
560 1518
564 1318
584 1281
587 595
595 710
595 1076
595 1146
595 1168
595 1647
595 1754
595 1928
595 1968
596 1980
600 1980
611 612
611 613
611 614
611 615
611 616
616 699
616 885
616 1318
616 1337
616 1492
616 1612
616 1794
616 1924
619 1281
634 1492
656 1041
656 1624
683 1318
700 1624
710 1632
720 1545
741 1980
780 1980
788 1545
920 1041
928 1041
944 1041
1017 1624
1027 1281
1041 1093
1041 1163
1041 1595
1041 1858
1085 1145
1097 1624
1145 1437
1145 1789
1145 1935
1262 1624
1274 1624
1281 1354
1281 1414
1281 1705
1309 1518
1318 1469
1327 1545
1375 1980
1419 1632
1425 1624
1431 1624
1447 1492
1457 1518
1483 1545
1492 1710
1492 1911
1515 1545
1518 1931
1518 1955
1518 1984
1545 1937
1624 1857
1632 1861
1876 1980
