24 1748
54 520
92 747
110 1353
110 1549
124 1415
134 981
135 136
135 137
135 138
135 139
135 140
135 141
135 142
135 143
135 144
135 145
135 146
145 165
145 288
145 437
145 502
145 520
145 639
145 771
145 981
145 1167
145 1353
145 1539
145 1559
145 1721
145 1748
145 1829
145 1915
148 166
151 1549
155 165
155 166
156 520
164 1915
165 481
165 1126
165 1399
165 1413
165 1428
165 1866
165 1918
166 280
166 437
166 457
166 657
166 1147
166 1197
166 1335
166 1404
172 749
180 1353
180 1748
182 1549
221 314
226 314
230 1559
233 1382
242 1559
255 981
278 520
287 288
288 301
288 346
288 458
288 572
288 645
288 945
288 1101
288 1367
288 1486
288 1698
288 1750
291 749
293 1353
296 1415
298 1353
298 1415
301 1382
307 314
310 1382
314 437
314 1231
314 1579
314 1842
314 1868
314 1882
326 1382
362 1721
372 436
377 1415
400 1915
403 436
436 437
436 438
436 439
436 440
436 441
436 442
436 443
436 444
436 445
436 446
437 747
437 749
437 761
437 1382
437 1415
437 1435
437 1549
437 1950
437 1953
471 1915
474 1353
511 1382
520 521
520 522
520 523
520 524
520 525
520 526
520 527
546 1721
558 749
570 1382
630 747
634 1415
659 1549
670 1915
682 1721
682 1748
683 981
684 981
691 1415
741 1382
746 747
746 749
747 858
747 1441
747 1634
747 1766
747 1874
749 1436
749 1448
749 1830
786 1915
817 1559
843 1721
863 1559
899 1748
977 981
981 1198
981 1283
981 1330
981 1435
991 1559
1018 1559
1032 1915
1102 1415
1143 1415
1162 1549
1165 1748
1196 1721
1197 1915
1201 1721
1255 1353
1288 1549
1292 1559
1353 1489
1353 1534
1353 1704
1353 1974
1353 1988
1382 1640
1392 1721
1393 1415
1411 1559
1415 1482
1415 1542
1449 1721
1501 1721
1516 1559
1548 1549
1549 1635
1559 1869
1559 1947
1559 1948
1628 1721
1721 1872
1748 1847
1770 1915
