18 204
58 1566
68 1526
71 1183
120 378
142 1302
144 1566
150 1841
158 345
180 1526
181 1566
197 204
202 1465
204 639
204 793
204 798
204 835
204 916
204 1222
204 1301
204 1675
204 1980
207 1302
234 345
248 1566
260 1841
268 1612
303 1566
309 1566
310 345
323 345
326 469
336 1838
345 347
345 474
345 654
345 1059
345 1096
345 1138
345 1219
345 1220
345 1221
345 1222
368 1302
370 378
378 456
378 575
378 616
378 878
378 1041
378 1145
378 1302
378 1624
378 1632
378 1758
378 1853
378 1980
383 1663
383 1838
386 1465
434 1434
464 1523
467 469
469 689
469 763
469 880
469 1302
469 1475
469 1515
469 1588
475 1523
487 1663
497 1523
506 1465
562 1465
572 1523
600 1183
616 1612
618 1465
631 1663
646 1663
653 1061
710 1183
719 758
736 1523
742 1523
756 758
758 791
758 978
758 1043
758 1222
758 1486
758 1734
758 1821
789 1434
792 1302
807 1183
818 1566
818 1612
886 1068
887 1838
889 1465
891 1841
895 1566
911 1612
925 1566
961 1526
984 1838
993 1466
1014 1465
1014 1466
1056 1061
1061 1222
1061 1231
1061 1562
1061 1844
1061 1946
1066 1434
1066 1526
1068 1222
1068 1381
1068 1489
1087 1183
1103 1838
1120 1526
1132 1302
1132 1841
1144 1434
1145 1789
1179 1183
1183 1257
1183 1265
1183 1302
1183 1581
1183 1629
1183 1703
1198 1663
1208 1466
1222 1302
1222 1434
1222 1465
1222 1526
1222 1566
1222 1612
1222 1635
1222 1663
1222 1838
1222 1841
1227 1465
1235 1566
1259 1789
1290 1566
1302 1466
1302 1523
1302 1530
1302 1622
1302 1789
1302 1952
1305 1526
1310 1465
1323 1838
1345 1838
1374 1841
1378 1612
1397 1523
1397 1526
1429 1526
1432 1434
1434 1692
1434 1925
1453 1465
1465 1595
1465 1712
1466 1511
1466 1565
1466 1651
1526 1835
1526 1974
1530 1566
1566 1829
1583 1789
1612 1874
1663 1726
1663 1922
1680 1841
1710 1841
1789 1794
1789 1818
1789 1845
1789 1852
1789 1910
1837 1838
1838 1895
