0 9
4 906
9 318
9 356
9 617
9 782
9 802
9 906
9 1125
9 1135
9 1483
9 1607
9 1804
9 1995
37 206
44 52
47 442
48 1234
52 661
52 668
52 814
52 906
52 928
52 1498
52 1979
65 318
66 906
77 700
79 1234
137 206
153 581
165 1399
167 442
183 1898
197 206
206 361
206 417
206 703
206 737
206 948
206 965
206 1226
206 1227
268 906
281 1227
317 318
318 519
318 904
318 1101
318 1227
318 1242
318 1333
318 1464
318 1583
318 1631
318 1852
318 1878
320 1242
329 905
336 1399
355 360
360 492
360 504
360 672
360 899
360 1047
360 1175
360 1191
360 1227
360 1417
360 1556
436 442
438 1179
442 692
442 980
442 1005
442 1071
442 1227
442 1433
442 1630
442 1703
442 1852
442 1963
449 1234
471 1234
482 905
530 1333
537 581
569 1227
576 906
581 906
581 951
581 1012
581 1179
581 1404
581 1782
581 1818
581 1951
581 1992
596 1333
602 700
605 1898
609 1234
619 700
659 905
674 1179
679 1891
700 964
700 1027
700 1050
700 1193
700 1227
700 1407
700 1420
700 1624
700 1807
700 1862
727 1242
755 1179
770 1227
822 1333
841 1179
850 906
893 1891
900 1179
905 906
905 907
905 908
905 909
905 910
905 911
905 912
905 913
906 1121
906 1267
906 1503
906 1740
910 1898
952 1234
972 1234
1055 1898
1083 1891
1097 1399
1110 1399
1129 1891
1141 1234
1142 1891
1179 1180
1179 1181
1179 1182
1179 1183
1227 1234
1227 1399
1227 1449
1227 1465
1227 1627
1227 1631
1227 1891
1227 1898
1234 1558
1234 1892
1240 1242
1242 1244
1242 1245
1242 1246
1242 1247
1311 1399
1333 1334
1333 1335
1333 1336
1333 1337
1399 1643
1861 1898
1891 1912
