0 2
2 38
2 73
2 193
2 425
2 493
2 1542
2 1570
2 1981
24 433
50 433
50 1369
50 1384
73 425
75 1646
89 1384
96 431
116 427
121 1384
152 427
170 300
177 426
184 425
199 431
199 1369
221 430
232 1177
255 1646
278 435
296 1384
297 300
300 409
300 429
300 447
300 511
300 584
300 949
300 1054
300 1085
300 1117
300 1120
300 1199
300 1298
300 1384
300 1646
300 1711
300 1799
344 424
373 1177
386 790
387 1488
388 1384
396 434
416 1384
421 425
422 423
422 424
422 425
422 426
422 427
422 428
422 429
422 430
422 431
422 432
422 433
422 434
422 435
424 481
424 649
424 929
424 1016
424 1363
424 1388
424 1444
424 1450
424 1658
425 750
425 790
425 994
425 1076
425 1177
425 1360
425 1488
425 1657
426 779
426 793
426 887
426 1257
426 1375
426 1546
426 1715
426 1719
427 466
427 631
427 872
427 899
427 940
427 1005
427 1473
427 1943
429 614
429 681
429 823
429 885
429 955
429 1132
429 1138
429 1233
429 1265
429 1337
429 1369
430 660
430 716
430 718
430 908
430 913
430 1286
430 1461
430 1479
431 568
431 586
431 692
431 767
431 1606
431 1644
431 1843
431 1956
433 467
433 822
433 846
434 627
434 1202
434 1249
434 1358
434 1413
434 1434
434 1798
434 1820
435 559
435 684
435 949
435 1439
435 1643
435 1689
435 1718
435 1736
454 1488
461 1384
672 1384
697 1488
763 790
768 1177
782 1439
788 1369
790 791
790 792
790 793
790 794
790 795
790 796
791 1488
825 1646
851 1646
857 1488
864 1384
910 1360
960 1384
1058 1439
1102 1439
1171 1439
1177 1307
1177 1456
1177 1778
1224 1488
1272 1384
1274 1439
1306 1488
1343 1360
1350 1646
1360 1361
1360 1362
1360 1363
1360 1364
1360 1365
1360 1366
1384 1385
1395 1439
1439 1440
1488 1798
1488 1886
1646 1879
