4 697
5 1026
7 1631
9 318
18 81
18 1059
18 1280
20 322
23 1628
30 322
35 317
35 1464
54 1628
55 1056
55 1219
58 242
65 318
75 1456
76 1026
78 81
81 227
81 980
81 1059
81 1074
81 1531
81 1893
90 1464
96 205
100 1056
105 1220
112 1220
115 752
116 1056
141 319
157 322
158 345
163 329
183 1628
184 205
188 697
189 1338
193 323
197 205
198 1026
201 1628
205 745
205 899
205 986
205 1069
205 1207
205 1220
205 1795
205 1914
209 686
211 1280
213 1026
217 324
221 1280
222 323
234 345
235 741
237 242
237 245
242 594
242 630
242 714
242 847
242 960
242 1009
242 1059
242 1504
242 1559
242 1588
245 250
245 323
245 491
245 762
245 881
245 902
245 1214
245 1459
245 1650
245 1806
245 1861
245 1969
249 1220
262 1456
268 1993
285 319
295 741
310 345
312 1280
312 1993
317 318
317 319
317 320
317 321
317 322
317 323
317 324
317 325
317 326
317 327
317 328
317 329
317 330
318 519
318 904
318 1101
318 1227
318 1242
318 1333
318 1464
318 1583
318 1631
318 1852
318 1878
319 840
319 1020
319 1043
319 1050
320 1242
322 531
322 689
322 724
322 759
322 764
322 1312
322 1572
322 1661
322 1700
323 345
323 586
323 590
323 781
323 1176
323 1259
323 1424
323 1628
323 1644
323 1986
324 491
324 492
324 493
324 494
324 495
328 472
328 630
328 652
328 957
328 1437
328 1658
328 1929
329 348
329 453
329 464
329 493
329 905
329 1136
329 1425
329 1711
329 1712
340 697
345 347
345 474
345 654
345 1059
345 1096
345 1138
345 1219
345 1220
345 1221
345 1222
357 1163
369 1280
371 1628
413 1456
432 1163
451 1220
455 1879
464 752
481 1993
508 1993
517 1056
517 1879
521 697
541 1464
551 1157
570 1026
575 1456
579 1879
588 1424
597 598
598 1014
598 1059
598 1775
603 741
606 1424
631 1219
639 1163
645 741
645 752
668 1220
674 1631
686 691
686 730
686 1059
686 1093
686 1101
686 1292
686 1719
686 1743
686 1846
693 697
696 1163
697 730
697 784
697 911
697 1059
697 1480
697 1488
697 1605
710 1631
721 1219
727 1242
739 741
741 900
741 910
741 1059
741 1382
741 1980
746 752
751 752
752 893
752 1059
752 1091
752 1107
752 1228
752 1818
752 1893
752 1894
768 1056
771 1993
800 1219
808 1879
823 1456
834 1628
842 1220
847 1056
852 859
859 875
859 1059
859 1442
859 1744
859 1866
915 1026
916 1280
922 1464
940 1056
961 1338
976 1456
986 1163
997 1026
1008 1456
1014 1464
1024 1026
1026 1059
1026 1788
1026 1892
1026 1928
1026 1954
1031 1338
1033 1056
1041 1163
1044 1280
1052 1631
1054 1220
1056 1057
1056 1058
1056 1059
1056 1060
1056 1061
1057 1338
1059 1163
1059 1338
1059 1456
1059 1879
1076 1628
1088 1424
1098 1879
1099 1464
1104 1157
1139 1424
1149 1219
1154 1157
1157 1208
1157 1220
1157 1458
1157 1691
1157 1935
1163 1201
1163 1506
1163 1799
1163 1805
1163 1974
1174 1280
1177 1456
1186 1456
1191 1879
1202 1338
1212 1464
1219 1358
1219 1366
1219 1416
1219 1659
1220 1280
1220 1554
1220 1597
1220 1672
1220 1777
1220 1935
1227 1631
1235 1338
1240 1242
1242 1244
1242 1245
1242 1246
1242 1247
1270 1280
1271 1879
1276 1280
1280 1880
1298 1338
1305 1424
1320 1464
1338 1339
1338 1340
1338 1341
1359 1631
1367 1879
1413 1628
1424 1816
1424 1817
1425 1631
1456 1615
1456 1755
1456 1774
1459 1628
1461 1993
1464 1650
1464 1819
1464 1921
1481 1879
1576 1628
1628 1721
1628 1724
1631 1749
1631 1812
1631 1851
1646 1879
1716 1879
1814 1879
1879 1993
1922 1993
1984 1993
