2 1542
10 1014
14 17
14 21
17 367
17 550
17 630
17 1363
17 1872
21 98
21 189
21 337
21 394
21 615
21 692
21 869
21 1057
21 1145
21 1204
21 1544
30 1405
41 610
52 668
58 242
69 350
76 1031
80 605
82 1199
83 610
88 961
90 293
92 1664
97 597
97 1245
100 1294
114 191
114 668
138 1405
140 605
147 153
148 350
153 287
153 580
153 581
153 582
153 583
153 584
153 585
153 586
158 346
158 350
160 293
167 293
167 1869
171 1517
184 834
187 191
191 337
191 357
191 392
191 993
191 1161
191 1195
191 1272
192 350
200 1542
214 605
228 547
228 630
237 242
238 1664
242 594
242 630
242 714
242 847
242 960
242 1009
242 1059
242 1504
242 1559
242 1588
244 1517
247 260
248 963
260 337
260 632
260 740
260 1041
260 1317
260 1375
260 1395
260 1839
260 1841
260 1842
269 1542
277 713
277 834
283 630
287 293
288 346
290 346
292 1530
293 630
293 750
293 772
293 1007
293 1352
293 1353
300 1199
303 331
311 585
328 630
331 332
331 333
331 334
331 335
331 336
331 337
331 338
331 339
337 346
337 350
337 585
337 605
337 610
337 668
337 713
337 834
337 961
337 963
337 1014
337 1115
337 1199
337 1294
337 1405
337 1487
337 1517
337 1664
346 558
346 579
346 837
346 1003
346 1027
346 1037
346 1048
346 1378
346 1688
346 1797
346 1812
347 1487
350 466
350 1272
350 1606
358 547
358 610
358 630
361 585
361 713
365 1542
373 834
373 1309
381 547
384 628
393 628
401 1542
405 963
406 1530
418 1031
444 1031
448 713
450 1487
461 547
464 1115
484 547
488 547
488 1542
504 610
505 1031
522 585
540 547
546 1115
547 585
547 644
547 1251
547 1340
547 1468
547 1742
552 628
560 834
566 1031
585 630
585 683
585 845
585 912
585 1031
585 1130
585 1135
585 1245
585 1530
585 1746
585 1761
597 598
597 599
597 600
597 601
597 602
597 603
597 604
597 605
597 606
598 1014
605 738
605 1335
605 1845
605 1898
605 1913
605 1963
607 610
610 653
610 699
610 1217
610 1246
610 1326
610 1480
612 1199
620 713
623 1517
628 629
628 630
628 631
628 632
628 633
628 634
628 635
628 636
630 747
630 862
630 1045
630 1309
630 1496
630 1527
630 1542
630 1795
630 1869
631 1517
635 834
648 1014
654 1031
662 1530
665 668
668 720
668 739
668 1024
668 1111
668 1138
668 1220
668 1420
668 1688
668 1921
668 1922
668 1923
671 1530
674 963
689 834
694 1542
709 713
713 998
713 1063
713 1210
713 1599
713 1711
727 1405
727 1664
736 1405
757 1664
771 1405
776 1405
779 1199
779 1294
783 1530
791 1487
801 1294
813 1530
824 1405
824 1530
830 1487
832 834
834 884
834 915
834 1135
834 1396
834 1401
834 1580
834 1628
834 1719
850 1542
850 1869
867 1115
877 1869
899 1517
919 1869
929 1487
931 1115
956 961
961 1100
961 1138
961 1338
961 1526
961 1662
961 1907
983 1309
1010 1199
1014 1279
1014 1350
1014 1464
1014 1465
1014 1466
1014 1467
1014 1468
1031 1035
1031 1148
1031 1338
1031 1627
1031 1709
1055 1405
1086 1199
1115 1253
1115 1691
1115 1825
1115 1866
1115 1942
1115 1955
1122 1309
1123 1869
1137 1199
1139 1294
1158 1664
1159 1199
1180 1517
1193 1245
1194 1199
1199 1356
1199 1390
1199 1706
1199 1778
1206 1664
1217 1405
1242 1245
1245 1304
1245 1639
1255 1530
1274 1309
1293 1294
1294 1599
1294 1640
1294 1667
1294 1682
1298 1309
1302 1530
1308 1309
1309 1339
1309 1463
1309 1480
1309 1518
1309 1862
1402 1405
1405 1459
1405 1611
1405 1738
1415 1542
1444 1664
1483 1542
1487 1769
1517 1611
1530 1566
1530 1625
1530 1742
1530 1959
1542 1933
1559 1869
1869 1987
