0 9
5 1246
9 318
9 356
9 617
9 782
9 802
9 906
9 1125
9 1135
9 1483
9 1607
9 1804
9 1995
26 601
28 1362
38 601
40 465
44 49
45 1521
45 1551
49 208
49 446
49 455
49 508
49 902
49 1107
49 1110
49 1126
49 1323
49 1471
49 1581
49 1652
49 1692
49 1728
49 1732
50 1384
62 1147
64 1686
65 1929
68 743
88 326
88 465
89 1384
90 1718
94 1521
95 190
95 1772
96 774
116 1524
121 1384
124 839
125 1543
130 705
133 1524
138 1079
138 1681
148 757
154 774
160 1521
164 1521
166 1147
171 1283
183 1246
187 190
190 192
190 292
190 356
190 370
190 388
190 509
190 622
190 845
190 867
190 927
190 1363
190 1591
190 1625
190 1955
198 738
198 1620
201 1397
205 745
207 1397
221 843
221 1283
223 380
224 488
226 1147
236 738
241 1246
254 388
254 840
257 601
266 757
276 1681
282 738
288 1698
294 1551
295 738
295 1358
296 1384
300 1384
302 757
304 1397
309 1686
310 745
311 1916
315 757
316 1147
317 326
318 1583
319 840
326 423
326 469
326 652
326 785
326 1168
326 1382
326 1479
326 1654
326 1692
326 1734
326 1735
326 1759
328 1929
330 1289
332 1877
352 1767
363 537
365 1707
370 374
372 1289
374 514
374 858
374 1139
374 1143
374 1154
374 1546
374 1692
375 743
380 381
380 382
380 383
380 384
380 385
380 386
380 387
380 388
380 389
380 390
380 391
383 843
387 1079
388 537
388 538
388 743
388 757
388 915
388 1079
388 1205
388 1259
388 1261
388 1289
388 1384
388 1397
388 1543
388 1620
388 1681
388 1686
388 1692
388 1693
389 1686
399 1583
399 1698
400 537
404 738
406 1929
411 1718
416 1384
420 488
421 1718
421 1916
423 1693
428 1147
434 1358
434 1434
435 1718
438 1358
444 743
445 537
446 1483
454 1474
455 975
460 1524
461 1384
464 1362
465 982
465 1127
465 1692
465 1990
471 843
482 975
485 1362
486 488
488 547
488 677
488 1146
488 1318
488 1479
488 1542
488 1692
488 1960
489 1583
492 1929
493 757
498 1483
507 1521
513 705
522 1767
524 975
528 537
528 538
530 1916
531 843
537 581
537 642
537 666
537 1017
537 1023
537 1131
537 1197
537 1385
538 683
538 712
538 1008
538 1080
538 1102
538 1557
538 1648
548 1877
549 840
556 975
559 1686
563 1339
569 1681
576 1133
586 840
591 1133
594 1772
597 601
600 1698
601 925
601 1224
601 1367
601 1610
601 1635
601 1674
601 1758
601 1767
601 1778
601 1779
601 1780
601 1781
605 738
608 1358
610 1246
612 1205
619 1283
621 1772
626 743
626 745
641 1543
647 1543
654 774
663 757
663 1147
666 1397
670 1766
672 1384
672 1766
675 1698
676 1707
678 1133
683 1289
684 1583
689 1698
694 1551
699 705
705 869
705 1149
705 1223
705 1538
705 1666
705 1680
705 1692
725 738
733 843
737 1521
737 1543
738 1390
738 1481
738 1482
738 1483
738 1484
743 985
743 987
743 1259
743 1336
743 1595
743 1685
743 1689
743 1744
745 1108
745 1767
747 1766
750 1521
756 757
757 794
757 832
757 1051
757 1364
757 1664
757 1851
764 1772
764 1929
765 839
770 975
770 1681
772 1474
773 774
774 1064
774 1425
774 1767
774 1816
775 1681
782 1521
787 1474
789 1434
791 1205
792 840
793 1246
794 975
798 1147
810 975
816 840
824 1483
835 1079
835 1543
837 1397
838 839
838 840
838 843
839 985
839 1032
839 1263
839 1371
839 1397
839 1501
839 1502
839 1503
840 915
840 952
840 1088
840 1341
840 1358
840 1471
843 1164
843 1358
843 1431
843 1671
843 1721
843 1817
846 1583
849 1916
850 1289
854 975
858 1766
864 1384
866 1877
868 1246
874 1362
879 1693
900 1283
901 1339
909 1397
918 1358
937 1133
951 1551
953 1205
954 1521
959 1147
960 1384
968 1772
975 1045
975 1111
975 1197
975 1527
975 1692
976 1543
980 1246
981 1283
992 1916
997 1772
998 1205
1008 1551
1012 1205
1036 1877
1040 1877
1045 1358
1053 1707
1065 1079
1065 1246
1066 1434
1067 1916
1069 1707
1079 1080
1079 1081
1079 1082
1079 1083
1079 1084
1091 1133
1096 1524
1101 1147
1117 1698
1117 1766
1119 1358
1122 1583
1126 1205
1132 1767
1133 1291
1133 1692
1140 1681
1140 1877
1144 1434
1147 1483
1156 1718
1164 1692
1165 1283
1195 1483
1205 1368
1205 1485
1205 1486
1210 1339
1218 1929
1219 1358
1222 1434
1231 1766
1242 1246
1246 1397
1246 1407
1246 1433
1252 1707
1261 1877
1268 1766
1272 1384
1274 1362
1275 1283
1277 1620
1282 1877
1283 1605
1283 1692
1283 1739
1283 1740
1289 1290
1289 1291
1289 1292
1309 1339
1310 1543
1312 1929
1315 1929
1317 1521
1320 1620
1321 1767
1332 1339
1332 1583
1338 1339
1339 1483
1339 1724
1339 1820
1339 1897
1344 1916
1358 1483
1358 1516
1358 1929
1358 1989
1360 1362
1362 1672
1362 1692
1362 1886
1362 1970
1365 1524
1375 1474
1384 1385
1392 1620
1397 1474
1397 1521
1397 1522
1397 1523
1397 1524
1397 1525
1397 1526
1397 1527
1398 1543
1398 1681
1431 1692
1432 1434
1434 1692
1434 1925
1442 1686
1444 1681
1447 1929
1451 1483
1454 1718
1458 1718
1471 1474
1474 1633
1474 1816
1474 1957
1483 1542
1483 1545
1483 1551
1483 1626
1483 1707
1483 1766
1483 1767
1490 1767
1501 1620
1521 1540
1521 1777
1521 1778
1521 1933
1524 1878
1533 1772
1543 1678
1543 1729
1543 1867
1548 1551
1551 1771
1555 1767
1583 1643
1583 1692
1583 1789
1583 1835
1620 1644
1620 1813
1647 1916
1654 1772
1658 1686
1671 1718
1679 1877
1681 1826
1681 1904
1681 1966
1684 1686
1686 1696
1692 1698
1692 1718
1692 1767
1698 1699
1698 1700
1698 1701
1706 1707
1717 1718
1736 1767
1758 1767
1766 1796
1766 1830
1766 1873
1766 1945
1767 1772
1767 1794
1767 1795
1767 1916
1772 1773
1772 1774
1850 1916
1877 1929
1882 1916
1894 1916
1916 1952
1927 1929
