3 891
6 1114
10 1012
10 1015
11 1537
22 244
31 1114
35 1947
43 1460
45 516
45 1551
46 1449
47 688
55 1219
57 1134
57 1637
62 604
62 1144
64 1802
70 1114
76 1851
79 1669
83 721
92 1144
94 1015
99 1558
100 1294
103 244
103 1449
105 1015
109 1537
111 604
112 254
113 1881
114 1224
120 1987
121 503
121 507
127 511
127 1224
131 853
131 1881
141 1802
145 1829
150 410
150 853
150 1460
154 1873
165 481
166 1197
173 1802
175 1516
175 1894
177 1537
180 1134
181 421
188 604
192 511
196 1829
206 1227
210 1449
225 1251
226 1015
229 721
230 1558
234 604
237 244
240 516
240 1637
244 269
244 354
244 495
244 623
244 746
244 884
244 1139
244 1406
244 1508
244 1517
244 1691
250 853
251 1881
253 254
254 388
254 548
254 729
254 840
254 880
254 897
254 1395
254 1516
254 1553
254 1924
258 1537
259 1829
267 1987
277 1276
281 1227
284 1606
285 1251
294 1551
295 498
299 511
300 511
312 503
313 891
313 1114
318 1227
320 1114
323 1424
330 1558
334 507
337 1294
338 1197
345 1219
347 1637
350 1606
357 1558
360 1227
362 593
362 1276
368 604
369 473
372 1418
374 514
374 1139
377 1418
379 481
381 1894
384 1251
399 1012
403 516
409 410
409 421
410 505
410 506
410 507
410 508
410 509
410 510
410 511
410 512
410 513
410 514
410 515
410 516
415 511
421 425
421 694
421 716
421 763
421 980
421 1167
421 1578
421 1718
421 1916
421 1917
424 481
427 1005
431 1606
441 1987
442 1005
442 1227
446 1637
455 1012
456 473
458 503
462 1197
463 688
467 473
470 516
472 1606
473 588
473 760
473 771
473 968
473 1516
473 1541
477 481
481 500
481 565
481 770
481 806
481 1139
481 1166
481 1893
481 1922
481 1993
487 694
487 1460
495 1606
496 498
496 503
498 748
498 1139
498 1211
498 1378
498 1483
498 1654
498 1755
498 1995
503 548
503 930
503 1139
503 1652
505 562
505 780
505 835
505 866
505 952
505 1031
505 1313
505 1413
505 1508
505 1922
505 1950
507 1236
507 1379
507 1508
507 1521
507 1650
507 1878
511 614
511 1382
511 1472
511 1540
511 1541
514 593
514 694
514 721
514 970
514 973
514 1015
514 1139
514 1189
514 1197
514 1251
514 1606
514 1802
514 1851
516 1144
516 1202
516 1272
516 1392
516 1505
516 1525
516 1558
516 1887
516 1947
523 1460
526 1005
530 1418
531 1606
535 1537
537 1197
546 721
547 1251
549 721
559 1251
559 1894
569 1227
572 1224
581 1012
583 1449
587 593
588 1424
590 1669
591 1449
593 1103
594 1251
597 604
601 1224
602 1144
603 1558
604 695
604 1256
604 1516
604 1706
604 1792
606 1424
606 1558
612 1829
620 1189
621 1873
631 1219
643 1881
651 1637
664 1025
677 891
679 1276
688 708
688 1404
688 1516
688 1761
693 694
694 1025
694 1114
694 1236
694 1269
694 1472
694 1542
694 1551
694 1637
694 1660
694 1835
695 1637
700 1227
720 1881
721 777
721 920
721 1093
721 1219
721 1224
721 1279
721 1516
721 1604
721 1938
730 1197
731 1015
735 1114
750 1836
752 1894
755 973
757 1851
770 1227
775 1197
778 1449
779 1294
779 1829
783 1114
800 1219
800 1392
801 1294
818 1836
825 1144
825 1224
828 1894
848 1114
851 1251
852 853
853 913
853 1062
853 1139
853 1350
853 1759
853 1892
854 973
878 1418
879 1637
884 1139
888 1418
888 1516
888 1836
891 1028
891 1139
891 1356
891 1409
891 1604
891 1731
891 1740
891 1816
891 1841
899 1012
901 1836
902 1558
903 1947
908 1012
922 1449
925 1144
930 1114
931 1114
945 1276
948 1881
951 1551
953 1537
959 1987
970 1987
971 1224
973 1034
973 1252
973 1490
973 1607
973 1609
975 1197
976 1669
985 1144
989 1637
992 1873
1000 1005
1004 1276
1005 1122
1005 1449
1005 1453
1005 1812
1005 1822
1005 1925
1008 1551
1012 1060
1012 1205
1012 1449
1012 1450
1012 1451
1012 1452
1013 1418
1015 1446
1015 1747
1015 1799
1015 1888
1015 1974
1024 1025
1025 1168
1025 1737
1025 1895
1050 1197
1051 1418
1060 1276
1082 1418
1087 1836
1088 1424
1094 1449
1098 1251
1114 1423
1114 1449
1114 1743
1125 1802
1134 1135
1134 1136
1134 1137
1134 1138
1134 1139
1134 1140
1134 1141
1134 1142
1134 1143
1139 1276
1139 1294
1139 1424
1139 1537
1139 1836
1139 1881
1139 1987
1144 1146
1144 1233
1144 1434
1144 1761
1144 1927
1148 1460
1149 1219
1165 1606
1170 1669
1180 1392
1180 1516
1184 1189
1189 1335
1189 1528
1189 1671
1189 1733
1189 1734
1189 1790
1189 1806
1194 1197
1197 1771
1197 1915
1204 1637
1219 1358
1219 1366
1219 1416
1219 1659
1223 1224
1224 1278
1224 1488
1224 1635
1224 1669
1224 1894
1224 1938
1227 1234
1227 1399
1227 1449
1227 1465
1227 1627
1227 1631
1227 1891
1227 1898
1234 1558
1250 1251
1251 1285
1251 1367
1251 1368
1270 1987
1276 1277
1276 1278
1276 1279
1276 1280
1293 1294
1294 1599
1294 1640
1294 1667
1294 1682
1300 1802
1305 1424
1317 1606
1330 1537
1340 1669
1352 1987
1358 1516
1373 1802
1390 1392
1392 1485
1392 1620
1392 1721
1392 1902
1393 1460
1413 1516
1418 1516
1419 1558
1421 1460
1423 1516
1424 1816
1424 1817
1449 1504
1449 1525
1449 1552
1449 1721
1460 1516
1460 1569
1479 1802
1483 1551
1516 1559
1516 1599
1516 1659
1516 1829
1516 1873
1531 1829
1535 1947
1537 1568
1537 1742
1537 1918
1537 1964
1537 1965
1541 1637
1541 1669
1548 1551
1551 1771
1559 1947
1565 1881
1566 1829
1573 1851
1590 1894
1598 1894
1605 1606
1606 1858
1606 1975
1610 1873
1631 1851
1637 1680
1660 1669
1669 1892
1709 1829
1740 1947
1754 1836
1766 1873
1802 1883
1802 1906
1820 1836
1829 1842
1829 1959
1832 1851
1866 1894
1869 1987
1871 1873
1872 1873
1894 1916
1894 1960
1946 1947
1947 1971
1987 1994
