3 895
6 650
9 617
11 1885
22 849
31 1972
37 368
38 829
39 46
44 46
46 356
46 462
46 494
46 742
46 1028
46 1449
46 1499
46 1500
56 875
57 1637
62 1150
65 1321
68 1526
69 368
71 1183
85 805
85 1904
92 561
111 617
118 277
118 739
118 1129
120 378
123 964
125 792
128 1768
129 1173
132 1904
135 139
135 142
137 895
139 565
139 648
139 707
139 851
139 876
139 908
139 979
139 1298
139 1520
139 1871
142 618
142 1021
142 1151
142 1296
142 1301
142 1302
142 1303
154 1622
155 162
158 345
159 849
162 306
162 389
162 458
162 819
162 856
162 879
162 1356
162 1413
162 1887
162 1925
162 1989
164 1285
165 481
175 638
176 792
180 1526
189 742
196 849
197 207
202 1465
204 1222
207 248
207 339
207 719
207 831
207 911
207 1149
207 1302
207 1393
207 1397
207 1480
207 1577
207 1591
207 1751
212 1825
213 638
217 1150
218 617
221 988
223 277
226 461
234 345
239 805
240 1637
248 482
250 482
251 1778
271 638
274 277
276 964
277 311
277 372
277 707
277 713
277 742
277 834
277 1067
277 1276
281 988
291 805
292 1530
300 429
308 1972
309 895
310 345
323 345
326 469
336 1838
338 1904
345 347
345 474
345 654
345 1059
345 1096
345 1138
345 1219
345 1220
345 1221
345 1222
347 1637
349 617
354 461
359 1129
368 604
368 965
368 1297
368 1302
368 1740
368 1804
368 1805
370 378
378 456
378 575
378 616
378 878
378 1041
378 1145
378 1302
378 1624
378 1632
378 1758
378 1853
378 1980
379 481
383 1663
383 1838
384 638
386 1465
388 1693
406 1530
416 461
418 650
422 429
423 1321
423 1693
424 481
429 614
429 681
429 823
429 885
429 955
429 1132
429 1138
429 1233
429 1265
429 1337
429 1369
434 1434
446 1637
450 1778
451 1885
457 461
461 499
461 547
461 665
461 716
461 879
461 1180
461 1384
461 1458
461 1459
467 469
469 689
469 763
469 880
469 1302
469 1475
469 1515
469 1588
476 792
477 481
477 482
481 500
481 565
481 770
481 806
481 1139
481 1166
481 1893
481 1922
481 1993
482 491
482 879
482 905
482 923
482 975
482 1419
482 1507
482 1660
482 1896
487 1663
489 638
490 1825
491 742
495 1321
499 1321
504 1173
506 1465
515 1778
527 964
531 805
533 1778
546 875
561 562
561 563
561 564
561 565
561 566
561 567
561 568
561 569
561 570
562 1465
565 617
565 742
565 809
565 849
565 879
565 895
565 1129
565 1173
565 1708
565 1825
565 1904
565 1972
576 1129
576 1132
585 1530
590 1527
600 1183
601 1778
617 1425
617 1480
618 1465
627 895
629 879
629 1768
630 1527
631 1663
637 638
638 646
638 873
638 946
638 999
638 1087
638 1132
638 1423
638 1570
639 1173
641 805
646 1663
649 650
650 748
650 751
650 879
650 1103
650 1788
650 1960
651 1637
653 1061
656 1622
659 849
662 1530
664 1825
668 739
671 1530
672 895
675 742
694 1637
695 1637
700 964
710 1183
719 758
731 1972
733 1952
736 1285
739 740
739 741
739 742
742 805
742 812
742 1285
742 1523
742 1648
742 1781
742 1783
742 1903
744 988
756 758
758 791
758 978
758 1043
758 1222
758 1486
758 1734
758 1821
762 1150
765 829
768 1173
771 849
783 1530
789 1434
790 792
792 840
792 862
792 1089
792 1119
792 1185
792 1273
792 1302
792 1478
792 1496
792 1650
799 1778
802 805
805 903
805 904
807 1129
807 1183
808 875
809 1132
813 1321
813 1530
816 1622
817 988
821 829
824 1530
829 841
829 876
829 878
829 1080
829 1132
829 1239
829 1327
829 1550
829 1577
829 1817
829 1819
849 865
849 1073
849 1275
849 1287
849 1916
859 875
864 1285
875 945
875 1132
875 1469
875 1598
875 1835
876 879
879 964
879 988
879 1132
879 1321
879 1527
879 1637
879 1693
879 1768
879 1778
885 895
887 1838
889 1465
895 934
895 1232
895 1566
912 1173
933 1778
935 1904
941 1768
955 1285
961 1526
962 1622
964 996
964 997
964 998
964 999
975 1527
984 1838
988 989
988 990
988 991
988 992
989 1637
990 1132
991 1708
993 1466
1004 1885
1014 1465
1014 1466
1019 1825
1027 1708
1048 1768
1056 1061
1061 1222
1061 1231
1061 1562
1061 1844
1061 1946
1064 1778
1066 1434
1066 1526
1068 1222
1083 1321
1087 1183
1103 1838
1115 1825
1117 1527
1120 1526
1129 1357
1129 1891
1132 1150
1132 1274
1132 1302
1132 1767
1132 1781
1132 1841
1132 1885
1144 1434
1145 1789
1150 1186
1150 1326
1150 1715
1155 1885
1158 1622
1173 1198
1173 1408
1173 1899
1177 1778
1179 1183
1183 1257
1183 1265
1183 1302
1183 1581
1183 1629
1183 1703
1196 1708
1198 1663
1199 1778
1201 1622
1204 1637
1206 1972
1208 1466
1211 1708
1214 1321
1216 1768
1222 1302
1222 1434
1222 1465
1222 1526
1222 1566
1222 1612
1222 1635
1222 1663
1222 1838
1222 1841
1227 1465
1251 1285
1254 1321
1255 1530
1257 1285
1259 1789
1262 1285
1278 1622
1285 1286
1286 1527
1299 1622
1302 1466
1302 1523
1302 1530
1302 1622
1302 1789
1302 1952
1305 1526
1310 1465
1319 1885
1321 1767
1323 1838
1345 1838
1374 1622
1388 1783
1397 1526
1397 1527
1429 1526
1432 1434
1434 1692
1434 1925
1453 1465
1465 1595
1465 1712
1466 1511
1466 1565
1466 1651
1509 1527
1521 1778
1526 1835
1526 1974
1527 1819
1527 1859
1530 1566
1530 1625
1530 1742
1530 1959
1541 1637
1581 1768
1583 1789
1589 1708
1613 1622
1622 1776
1627 1708
1637 1680
1663 1726
1663 1922
1678 1972
1681 1904
1689 1708
1702 1825
1708 1709
1756 1904
1778 1832
1782 1783
1783 1866
1783 1911
1783 1919
1789 1794
1789 1818
1789 1845
1789 1852
1789 1910
1797 1825
1797 1885
1825 1865
1837 1838
1838 1895
1916 1952
1971 1972
