5 1246
6 650
8 1400
11 395
15 1955
20 1454
20 1668
24 1154
24 1348
25 1154
28 1154
32 195
32 1154
44 54
47 472
49 455
52 928
52 1979
54 58
54 163
54 228
54 241
54 391
54 520
54 722
54 748
54 913
54 1626
54 1627
54 1628
69 369
70 1687
73 1211
84 1705
86 90
88 928
89 1175
90 293
90 566
90 706
90 1322
90 1432
90 1462
90 1464
90 1550
90 1565
90 1650
90 1709
90 1718
90 1837
94 512
97 1705
102 1174
108 1705
110 1680
120 1426
121 1764
124 557
129 1173
152 1211
158 340
162 1887
165 1866
174 1154
178 185
183 1246
185 241
185 707
185 1021
185 1091
185 1263
185 1329
185 1504
185 1505
186 1081
187 195
190 1955
193 1668
195 212
195 241
195 1182
195 1472
195 1639
206 965
211 395
215 455
220 1348
223 1536
228 265
232 1177
237 238
237 239
237 240
237 241
237 242
237 243
237 244
237 245
241 270
241 271
241 472
241 543
241 557
241 1174
241 1246
241 1536
241 1540
241 1705
241 1974
244 746
258 1122
258 1819
260 1375
263 1211
265 266
265 267
265 268
265 269
265 270
265 271
265 272
265 273
271 455
271 543
271 545
271 638
271 799
271 1236
271 1295
271 1687
271 1715
271 1811
272 751
274 286
275 965
283 1175
283 1887
286 415
286 440
286 606
286 1143
286 1322
286 1447
286 1494
286 1706
286 1732
286 1740
286 1746
286 1843
302 965
304 1974
309 1154
312 1154
313 1122
320 965
328 472
330 768
333 1764
340 697
340 751
340 952
340 969
340 1125
340 1345
340 1379
340 1401
340 1729
343 1431
346 1027
347 1668
352 1154
356 1764
360 1175
368 965
369 473
369 491
369 518
369 1098
369 1154
369 1172
369 1280
369 1322
369 1348
369 1375
369 1378
369 1454
369 1668
369 1770
373 1177
374 1154
383 1122
384 1081
392 395
395 508
395 536
395 689
395 716
395 751
395 871
395 1084
395 1529
395 1675
396 862
398 634
400 1866
400 1974
401 1764
406 512
410 512
411 862
418 650
425 1177
426 1375
444 1175
447 455
448 862
448 1674
452 1081
455 656
455 953
455 975
455 1012
455 1525
455 1577
455 1879
464 1687
466 1254
467 472
468 746
470 928
472 475
472 577
472 793
472 1270
472 1413
472 1606
472 1636
472 1814
475 1540
484 1454
487 746
494 1375
498 1211
500 1400
504 1173
504 1185
511 1540
512 909
512 977
512 1388
512 1737
512 1833
512 1866
516 1887
518 1687
521 1295
523 1431
527 965
531 928
531 1322
550 557
557 599
557 962
557 1049
557 1053
557 1067
557 1202
557 1249
557 1419
557 1919
557 1920
565 1173
567 1375
569 1185
580 1431
583 634
596 1974
601 1674
602 1668
610 1246
612 1540
613 1705
628 634
630 862
633 1536
634 770
634 1085
634 1322
634 1415
634 1492
634 1665
634 1725
639 1154
639 1173
646 1705
649 650
650 748
650 751
650 879
650 1103
650 1788
650 1960
656 1322
656 1454
660 1955
669 768
677 1154
680 1770
681 1254
685 1400
687 1154
691 1811
692 1185
698 1887
700 1027
701 1668
705 1680
707 1540
714 1431
717 1348
718 1400
719 1174
731 1680
732 1185
734 1887
737 1400
742 1783
743 1595
746 747
746 748
746 749
746 750
746 751
746 752
746 753
746 754
746 755
750 1295
751 752
751 862
751 965
751 1081
751 1174
751 1185
751 1211
751 1400
751 1674
751 1866
751 1887
751 1955
754 1764
763 1211
768 915
768 918
768 1056
768 1170
768 1171
768 1172
768 1173
768 1174
768 1175
768 1176
768 1177
768 1178
772 1866
777 965
780 1154
780 1174
784 1081
788 1426
792 862
792 1185
793 1246
794 1819
798 1770
810 1175
811 1348
813 1185
819 1295
823 1454
825 1174
829 1819
842 1027
843 1431
845 1454
859 1866
861 862
862 1495
862 1616
862 1892
863 1426
865 1254
866 928
868 1246
882 1431
903 1680
904 1705
909 1770
909 1887
910 1668
912 1173
915 1866
917 1027
923 928
928 1041
928 1174
928 1355
928 1562
928 1777
928 1785
939 1400
944 1764
947 1185
947 1211
951 1866
965 1315
980 1246
983 1122
1005 1122
1015 1974
1020 1536
1024 1027
1027 1281
1027 1322
1027 1352
1027 1708
1027 1776
1029 1866
1035 1680
1038 1081
1041 1595
1048 1375
1064 1687
1064 1955
1065 1246
1079 1081
1080 1175
1080 1866
1081 1330
1081 1364
1081 1412
1081 1593
1088 1426
1099 1348
1115 1866
1115 1955
1117 1295
1118 1122
1122 1253
1122 1309
1122 1322
1122 1336
1122 1569
1122 1583
1149 1174
1154 1155
1154 1156
1154 1157
1154 1158
1154 1159
1154 1160
1154 1161
1154 1162
1158 1974
1159 1211
1163 1974
1164 1674
1168 1955
1170 1668
1172 1705
1173 1198
1173 1408
1173 1899
1174 1280
1174 1407
1174 1633
1174 1826
1174 1991
1175 1432
1175 1554
1175 1913
1177 1307
1177 1456
1177 1778
1178 1770
1184 1185
1185 1265
1185 1336
1185 1609
1186 1426
1211 1607
1211 1708
1211 1902
1211 1934
1211 1975
1237 1770
1242 1246
1246 1397
1246 1407
1246 1433
1250 1254
1254 1321
1254 1322
1267 1680
1268 1295
1274 1819
1281 1705
1293 1295
1295 1591
1311 1400
1314 1348
1315 1322
1322 1426
1322 1431
1322 1595
1322 1680
1322 1764
1322 1819
1322 1866
1322 1979
1330 1668
1347 1348
1348 1401
1348 1751
1353 1974
1357 1536
1372 1375
1375 1474
1375 1572
1375 1747
1375 1940
1375 1980
1388 1783
1400 1519
1400 1638
1400 1892
1400 1908
1408 1536
1423 1819
1426 1618
1426 1724
1426 1803
1426 1967
1430 1431
1431 1457
1431 1624
1431 1644
1431 1692
1436 1680
1440 1764
1447 1536
1454 1572
1454 1609
1454 1718
1462 1680
1464 1819
1465 1595
1482 1974
1485 1536
1485 1770
1501 1955
1514 1955
1518 1955
1521 1540
1525 1595
1526 1974
1527 1819
1536 1640
1536 1779
1540 1656
1540 1830
1540 1957
1546 1887
1555 1668
1568 1674
1575 1680
1581 1979
1585 1687
1594 1595
1595 1799
1609 1887
1611 1887
1636 1819
1637 1680
1639 1687
1680 1841
1688 1811
1705 1962
1742 1811
1764 1812
1765 1979
1770 1915
1782 1783
1783 1866
1783 1911
1783 1919
1811 1927
1866 1894
1976 1979
