2 193
3 890
4 571
8 709
20 587
20 1259
22 849
23 1628
24 1131
39 1966
43 382
45 516
46 462
47 472
50 1259
50 1384
54 1628
55 1219
59 529
64 529
65 647
67 72
70 1372
71 1856
72 566
72 590
72 1016
72 1347
72 1714
72 1902
74 1054
79 1669
80 131
85 1427
89 647
89 1221
89 1384
94 1390
104 1221
110 1549
121 1384
122 131
125 1845
126 781
131 167
131 544
131 577
131 853
131 1037
131 1498
131 1508
131 1608
131 1881
133 193
133 659
133 1966
140 1240
150 1427
151 791
151 1549
152 1787
153 581
158 345
159 848
159 849
166 657
166 1404
170 590
170 647
170 1404
175 1651
177 647
182 1549
183 1628
184 659
184 1214
187 193
191 1272
193 252
193 323
193 732
193 1218
193 1506
193 1573
193 1587
193 1668
193 1746
193 1749
196 849
201 1628
215 1490
216 587
222 323
222 1787
225 587
234 345
240 516
240 1259
241 472
245 323
245 1214
263 1427
264 1404
285 1221
294 1490
296 1384
300 1054
300 1384
310 345
313 848
313 1787
315 1966
317 323
323 345
323 586
323 590
323 781
323 1176
323 1259
323 1424
323 1628
323 1644
323 1986
328 472
329 905
332 1450
333 1490
335 647
336 1856
338 1427
339 1221
345 347
345 474
345 654
345 1059
345 1096
345 1138
345 1219
345 1220
345 1221
345 1222
350 1272
354 890
354 1934
366 571
371 1628
374 1546
379 1272
380 382
382 484
382 590
382 801
382 815
382 1130
382 1166
382 1370
382 1852
386 890
388 1259
388 1384
403 516
405 890
410 516
416 791
416 1384
424 1450
426 1546
431 1644
437 1549
453 1176
454 1427
457 462
461 1384
462 659
462 669
462 771
462 1018
462 1197
462 1347
462 1410
462 1840
462 1857
467 472
468 647
468 1240
468 1651
470 516
472 475
472 577
472 793
472 1270
472 1413
472 1606
472 1636
472 1814
475 647
476 1372
482 905
485 1176
487 647
489 577
497 1722
501 1372
509 657
509 1221
516 1144
516 1202
516 1272
516 1392
516 1505
516 1525
516 1558
516 1887
516 1947
519 1240
528 529
529 590
529 761
529 791
529 1072
529 1121
529 1472
529 1659
529 1690
529 1858
529 1985
534 1240
537 581
537 1131
541 848
548 1921
548 1986
552 1934
563 1651
565 849
570 1054
571 572
571 573
571 574
571 575
571 576
571 577
571 578
571 579
576 1131
577 629
577 659
577 682
577 846
577 922
577 1054
577 1148
577 1404
577 1425
577 1450
580 1404
581 906
581 951
581 1012
581 1179
581 1404
581 1782
581 1818
581 1951
581 1992
587 588
587 589
587 590
587 591
587 592
587 593
587 594
587 595
587 596
588 1424
590 647
590 657
590 709
590 1131
590 1248
590 1404
590 1427
590 1527
590 1546
590 1669
605 1845
606 1424
609 1427
630 1527
631 1219
636 1390
647 1543
647 1671
653 1372
653 1450
654 848
655 657
655 659
657 823
657 1161
657 1480
657 1961
659 848
659 849
659 905
659 1272
659 1364
659 1372
659 1390
659 1549
659 1722
659 1787
659 1818
659 1845
659 1921
659 1934
663 1131
668 1921
672 1384
688 1404
691 1259
696 1248
707 1966
709 710
709 711
709 712
709 713
709 714
709 715
719 758
721 1219
724 1390
731 1787
738 1390
743 1259
754 1762
756 758
757 1364
758 791
758 978
758 1043
758 1222
758 1486
758 1734
758 1821
760 1372
765 1390
768 1176
769 1054
771 849
781 1004
781 1187
781 1307
781 1520
781 1682
784 1176
788 1651
790 791
791 1205
791 1240
791 1487
791 1488
791 1489
791 1490
800 1219
803 1546
811 1450
816 1546
818 1966
834 1628
848 1114
849 865
849 1073
849 1275
849 1287
849 1916
864 1384
877 1450
879 1527
882 1272
884 1644
887 1364
890 915
890 1110
890 1404
890 1900
905 906
905 907
905 908
905 909
905 910
905 911
905 912
905 913
909 1845
915 1272
919 1054
929 1221
930 1272
939 1722
942 1762
951 1131
960 1384
973 1490
975 1527
976 1669
984 1644
1012 1450
1020 1240
1020 1986
1032 1845
1040 1272
1050 1546
1054 1220
1054 1598
1054 1599
1054 1600
1065 1921
1076 1628
1076 1787
1081 1364
1087 1722
1088 1424
1088 1427
1091 1402
1107 1221
1108 1966
1113 1248
1117 1527
1131 1345
1131 1615
1139 1424
1146 1934
1148 1240
1149 1219
1162 1549
1168 1722
1170 1669
1176 1284
1176 1308
1176 1347
1182 1248
1199 1390
1201 1722
1202 1372
1211 1934
1214 1266
1214 1321
1214 1404
1214 1446
1214 1447
1214 1448
1218 1490
1219 1358
1219 1366
1219 1416
1219 1659
1221 1576
1224 1669
1240 1241
1240 1242
1240 1243
1248 1249
1255 1427
1256 1259
1259 1363
1259 1649
1259 1789
1264 1856
1272 1384
1272 1478
1272 1587
1272 1781
1272 1808
1277 1427
1286 1527
1288 1372
1288 1549
1303 1651
1305 1424
1320 1402
1327 1966
1340 1669
1343 1856
1360 1364
1361 1402
1364 1501
1364 1782
1364 1807
1372 1373
1372 1374
1372 1375
1372 1376
1383 1722
1384 1385
1388 1986
1390 1391
1390 1392
1390 1393
1390 1394
1397 1527
1402 1403
1402 1404
1402 1405
1402 1406
1402 1407
1402 1408
1404 1569
1404 1762
1404 1856
1413 1628
1423 1546
1424 1816
1424 1817
1425 1986
1427 1481
1427 1588
1427 1945
1431 1644
1448 1450
1450 1479
1450 1496
1450 1580
1450 1587
1450 1651
1450 1966
1459 1628
1464 1921
1466 1651
1479 1644
1481 1934
1490 1660
1490 1691
1490 1767
1490 1895
1509 1527
1515 1546
1527 1819
1527 1859
1532 1651
1535 1934
1541 1669
1546 1765
1546 1887
1548 1549
1549 1635
1562 1762
1576 1628
1620 1644
1628 1721
1628 1724
1641 1644
1644 1900
1660 1669
1669 1892
1681 1966
1701 1722
1722 1752
1722 1753
1722 1754
1747 1934
1762 1863
1762 1913
1785 1787
1787 1793
1787 1935
1787 1956
1789 1845
1803 1966
1812 1921
1844 1845
1856 1991
1856 1992
1936 1986
1966 1967
1978 1986
