5 1246
13 1153
14 26
20 1259
26 149
26 215
26 398
26 601
26 833
26 931
26 1002
28 1362
38 601
40 465
44 49
45 1521
49 208
49 446
49 455
49 508
49 902
49 1107
49 1110
49 1126
49 1323
49 1471
49 1581
49 1652
49 1692
49 1728
49 1732
50 1259
50 1384
63 1794
64 522
64 1686
68 1526
88 326
88 465
89 1384
90 1718
92 522
94 1521
95 190
95 1772
96 774
100 1421
112 254
121 1384
123 522
124 839
125 1543
130 705
138 1079
138 1681
148 757
154 774
157 1945
160 1521
164 1521
168 534
171 1283
180 1526
181 1421
183 1246
187 190
190 192
190 292
190 356
190 370
190 388
190 509
190 622
190 845
190 867
190 927
190 1363
190 1591
190 1625
190 1955
196 1153
198 1620
201 1397
202 1261
205 1795
207 1397
221 1283
223 380
224 488
233 1780
235 1153
240 1259
241 1246
253 254
254 388
254 548
254 729
254 840
254 880
254 897
254 1395
254 1516
254 1553
254 1924
257 601
263 1306
266 757
276 1681
288 1698
296 1384
300 1384
302 757
304 1397
309 1686
315 757
316 1635
317 326
318 1583
323 1259
326 423
326 469
326 652
326 785
326 1168
326 1382
326 1479
326 1654
326 1692
326 1734
326 1735
326 1759
330 1289
343 1431
352 1767
363 537
370 374
372 1289
374 514
374 858
374 1139
374 1143
374 1154
374 1546
374 1692
377 1421
380 381
380 382
380 383
380 384
380 385
380 386
380 387
380 388
380 389
380 390
380 391
387 1079
388 537
388 538
388 743
388 757
388 915
388 1079
388 1205
388 1259
388 1261
388 1289
388 1384
388 1397
388 1543
388 1620
388 1681
388 1686
388 1692
388 1693
389 1686
399 1583
399 1698
400 537
411 1718
412 522
416 1384
420 488
421 1718
423 1693
434 1434
435 1718
445 537
448 1674
455 975
456 1153
456 1261
461 1384
464 1362
464 1523
465 982
465 1127
465 1692
465 1990
475 1523
482 975
485 1362
486 488
488 547
488 677
488 1146
488 1318
488 1479
488 1542
488 1692
488 1960
489 1583
493 757
497 1523
507 1521
513 705
520 522
522 585
522 727
522 1767
523 1431
524 975
528 534
528 537
528 538
534 925
534 953
534 989
534 1001
534 1215
534 1240
534 1416
534 1640
537 581
537 642
537 666
537 1017
537 1023
537 1131
537 1197
537 1385
538 683
538 712
538 1008
538 1080
538 1102
538 1557
538 1648
542 925
543 1635
556 975
559 1686
569 1681
572 1523
576 1133
580 1431
591 1133
592 1635
594 1772
597 601
600 1698
601 925
601 1224
601 1367
601 1610
601 1635
601 1674
601 1758
601 1767
601 1778
601 1779
601 1780
601 1781
610 1246
612 1205
616 1794
619 1283
621 1772
630 1795
640 915
641 1153
641 1543
647 1543
654 774
661 1306
663 757
666 1397
672 1384
675 1698
678 1133
683 1289
684 1583
689 1698
690 1153
691 1259
699 705
705 869
705 1149
705 1223
705 1538
705 1666
705 1680
705 1692
714 1261
714 1431
720 1421
724 1306
736 1523
737 1521
737 1543
742 1523
743 1259
745 1767
750 1521
751 1674
756 757
757 794
757 832
757 1051
757 1364
757 1664
757 1851
764 1772
765 839
768 915
770 975
770 1681
773 774
774 1064
774 1425
774 1767
774 1816
775 1681
782 1521
789 1434
791 1205
793 1246
793 1306
794 975
803 1945
810 975
834 915
835 1079
835 1543
837 1397
838 839
839 985
839 1032
839 1263
839 1371
839 1397
839 1501
839 1502
839 1503
840 915
843 1431
846 1583
850 1289
854 975
860 1945
864 1384
868 1246
874 1362
879 1693
882 1431
890 915
900 1283
909 1397
914 915
915 1026
915 1052
915 1148
915 1215
915 1272
915 1282
915 1813
915 1866
915 1971
923 925
925 939
925 1144
925 1153
925 1555
925 1566
925 1738
925 1907
925 1945
937 1133
942 1635
953 1205
954 1521
960 1384
961 1526
968 1772
975 1045
975 1111
975 1197
975 1527
975 1692
976 1543
980 1246
981 1283
997 1772
998 1205
1012 1205
1065 1079
1065 1246
1066 1434
1066 1526
1079 1080
1079 1081
1079 1082
1079 1083
1079 1084
1091 1133
1092 1635
1093 1780
1094 1780
1117 1698
1120 1526
1122 1583
1126 1205
1132 1767
1133 1291
1133 1692
1140 1681
1143 1795
1144 1434
1151 1153
1153 1304
1153 1305
1153 1306
1153 1307
1156 1718
1164 1674
1164 1692
1165 1283
1196 1421
1205 1368
1205 1485
1205 1486
1222 1434
1222 1526
1222 1635
1224 1635
1242 1246
1243 1635
1246 1397
1246 1407
1246 1433
1256 1259
1259 1363
1259 1649
1259 1789
1260 1261
1261 1835
1261 1842
1261 1844
1261 1861
1261 1876
1261 1877
1272 1384
1274 1362
1275 1283
1277 1620
1283 1605
1283 1692
1283 1739
1283 1740
1289 1290
1289 1291
1289 1292
1302 1523
1305 1526
1306 1488
1310 1543
1317 1521
1320 1620
1321 1767
1322 1431
1332 1583
1360 1362
1362 1672
1362 1692
1362 1886
1362 1970
1367 1945
1379 1795
1384 1385
1392 1620
1397 1474
1397 1521
1397 1522
1397 1523
1397 1524
1397 1525
1397 1526
1397 1527
1398 1543
1398 1681
1410 1635
1421 1460
1421 1918
1421 1945
1427 1945
1429 1526
1430 1431
1431 1457
1431 1624
1431 1644
1431 1692
1432 1434
1434 1692
1434 1925
1442 1686
1444 1681
1454 1718
1458 1718
1470 1635
1483 1767
1490 1767
1501 1620
1521 1540
1521 1777
1521 1778
1521 1933
1526 1835
1526 1974
1533 1772
1543 1678
1543 1729
1543 1867
1549 1635
1555 1767
1564 1780
1568 1674
1583 1643
1583 1692
1583 1789
1583 1835
1620 1644
1620 1813
1627 1635
1643 1780
1654 1772
1658 1686
1671 1718
1681 1826
1681 1904
1681 1966
1684 1686
1686 1696
1692 1698
1692 1718
1692 1767
1698 1699
1698 1700
1698 1701
1717 1718
1736 1767
1758 1767
1766 1945
1767 1772
1767 1794
1767 1795
1767 1916
1772 1773
1772 1774
1780 1949
1789 1794
1793 1794
1795 1796
1795 1797
1941 1945
1945 1973
