0 7
1 759
2 1542
4 906
4 910
5 110
7 110
7 517
7 608
7 669
7 780
7 900
7 1007
7 1631
7 1918
9 906
11 395
13 1153
13 1611
20 636
30 1405
31 874
32 159
32 387
32 1640
34 110
35 159
46 462
48 491
49 508
49 1728
51 874
52 906
56 874
66 906
75 1728
77 698
84 1573
85 759
90 1432
97 1245
99 1648
102 159
106 107
106 108
106 109
106 110
106 111
106 112
106 113
106 114
106 115
106 116
107 1648
110 250
110 591
110 759
110 783
110 850
110 1039
110 1141
110 1264
110 1353
110 1549
110 1680
110 1792
110 1815
114 1871
115 1640
119 707
123 1573
124 759
130 707
131 1608
132 698
138 1405
139 707
139 1871
141 1447
146 420
149 952
151 1549
155 159
159 449
159 703
159 807
159 844
159 845
159 846
159 847
159 848
159 849
159 850
159 851
166 457
167 636
167 1869
168 420
170 1871
171 1517
172 636
182 1410
182 1549
185 707
188 217
193 1573
194 1813
196 1153
198 217
200 1542
208 217
211 395
215 1655
217 324
217 349
217 785
217 796
217 1150
217 1300
217 1304
217 1834
220 1640
221 910
232 457
235 1153
238 1101
243 1101
244 1517
245 491
246 249
248 1102
249 303
249 508
249 607
249 627
249 629
249 900
249 958
249 1220
249 1552
249 1560
249 1642
250 952
252 857
252 1447
254 840
261 1187
264 508
264 1101
266 1447
267 707
267 1432
268 906
269 1542
270 1187
272 420
276 1410
277 707
285 874
286 1447
288 1101
294 1640
296 508
300 1085
301 1432
303 1410
313 874
316 952
318 1101
319 840
321 491
321 1304
322 759
324 491
325 1728
327 1446
330 1289
337 1405
337 1517
338 857
340 952
344 1410
357 1728
358 952
359 698
363 1655
365 1542
369 491
372 387
372 508
372 1289
375 1655
377 491
380 387
387 693
387 850
387 1079
387 1247
387 1488
387 1749
388 1289
390 457
392 395
394 1410
395 508
395 536
395 689
395 716
395 751
395 871
395 1084
395 1529
395 1675
401 1542
403 1432
408 1085
409 420
410 508
411 457
418 1648
420 488
420 878
420 1099
420 1271
420 1304
420 1371
420 1380
420 1568
420 1820
420 1938
423 1432
437 1549
446 1509
451 857
452 1655
456 1153
457 458
457 459
457 460
457 461
457 462
457 463
460 1187
462 659
462 669
462 771
462 1018
462 1197
462 1347
462 1410
462 1840
462 1857
475 1728
476 1870
479 508
482 491
488 1542
491 742
491 850
491 989
491 1126
491 1155
491 1374
491 1790
491 1994
493 1611
501 698
505 952
508 850
508 885
508 1008
508 1304
508 1350
508 1432
508 1746
508 1763
508 1993
509 1608
531 1509
534 1640
538 1102
538 1648
544 1912
545 707
549 840
552 1509
553 1102
555 1447
555 1656
563 1611
573 1813
576 906
578 759
580 1611
581 906
585 1245
586 840
614 1446
615 857
623 1517
627 1509
628 636
630 1542
630 1869
631 1517
634 1085
636 850
636 1010
636 1033
636 1250
636 1390
636 1627
636 1678
636 1816
636 1920
636 1930
638 1423
641 1153
646 698
648 1102
651 707
653 874
658 1611
659 1549
676 707
682 952
683 1102
683 1289
686 1101
690 1153
691 1813
694 1542
695 1608
698 899
698 952
698 1029
698 1298
698 1394
698 1887
705 1680
707 850
707 884
707 1540
707 1759
707 1966
720 1573
724 1432
727 1405
730 952
731 1680
736 1405
737 874
741 910
742 1648
756 759
759 1419
771 1405
776 1405
781 1187
792 840
796 1648
798 910
800 1446
807 1611
813 874
816 840
817 1423
820 1423
822 1813
824 1405
824 1870
838 840
840 915
840 952
840 1088
840 1341
840 1358
840 1471
847 1102
850 857
850 906
850 1085
850 1101
850 1289
850 1410
850 1447
850 1509
850 1542
850 1648
850 1655
850 1656
850 1869
850 1870
850 1871
852 857
855 1912
857 1488
857 1615
857 1746
857 1911
868 1870
874 1304
874 1362
877 1869
899 1517
903 1680
905 906
905 910
906 1121
906 1267
906 1503
906 1740
910 952
910 1331
910 1360
910 1668
910 1826
910 1897
910 1898
915 1813
919 1869
925 1153
937 1728
946 1085
949 952
952 1040
952 1072
952 1234
952 1317
952 1506
952 1611
957 1611
967 1101
1006 1446
1015 1446
1018 1611
1035 1680
1055 1405
1082 1813
1085 1145
1085 1228
1085 1482
1085 1658
1088 1423
1099 1410
1100 1101
1100 1102
1101 1147
1101 1271
1101 1368
1101 1541
1101 1878
1102 1186
1102 1303
1102 1304
1102 1307
1102 1415
1102 1417
1102 1439
1102 1548
1102 1627
1102 1978
1114 1423
1116 1608
1123 1869
1151 1153
1153 1304
1153 1305
1153 1306
1153 1307
1161 1870
1162 1549
1168 1648
1168 1870
1169 1871
1175 1432
1180 1517
1184 1187
1187 1298
1187 1300
1187 1301
1187 1304
1187 1435
1187 1436
1187 1437
1187 1438
1193 1245
1204 1640
1214 1446
1214 1447
1217 1405
1242 1245
1243 1608
1245 1304
1245 1639
1267 1680
1288 1549
1289 1290
1289 1291
1289 1292
1294 1640
1304 1337
1304 1423
1304 1446
1304 1573
1304 1611
1304 1640
1304 1728
1304 1813
1304 1912
1307 1573
1312 1410
1319 1728
1322 1680
1330 1611
1331 1509
1337 1648
1341 1813
1349 1509
1366 1608
1382 1640
1402 1405
1405 1459
1405 1611
1405 1738
1408 1728
1409 1410
1410 1635
1412 1656
1415 1542
1423 1516
1423 1546
1423 1819
1423 1820
1432 1433
1432 1434
1433 1728
1436 1680
1442 1656
1447 1492
1447 1536
1447 1570
1447 1689
1447 1760
1447 1797
1447 1929
1447 1932
1461 1871
1462 1680
1482 1573
1483 1542
1484 1573
1504 1813
1505 1655
1507 1509
1509 1527
1509 1756
1509 1800
1517 1611
1535 1608
1536 1640
1540 1656
1542 1933
1547 1640
1548 1549
1549 1635
1550 1871
1559 1869
1569 1573
1573 1851
1575 1680
1581 1656
1601 1655
1603 1871
1604 1655
1608 1609
1608 1610
1608 1611
1611 1784
1611 1820
1611 1887
1611 1971
1616 1648
1620 1813
1637 1680
1640 1758
1640 1804
1680 1841
1728 1743
1759 1813
1759 1912
1779 1870
1797 1871
1810 1813
1813 1951
1869 1987
1871 1873
1883 1912
1891 1912
1896 1912
