0 13
3 890
5 1246
13 51
13 167
13 1153
13 1422
13 1529
13 1611
13 1726
13 1842
13 1926
15 1955
20 1259
31 509
45 1521
50 1259
50 1384
64 1686
66 1525
68 1526
84 1522
89 1384
93 95
94 1521
95 148
95 190
95 513
95 594
95 753
95 852
95 1141
95 1428
95 1602
95 1671
95 1772
95 1799
95 1827
107 1525
109 845
112 254
116 1195
116 1524
120 595
121 1384
124 839
125 1543
131 167
133 1524
138 1079
138 1681
143 167
148 757
155 160
155 164
155 167
159 845
160 163
160 276
160 293
160 967
160 1521
160 1824
164 419
164 595
164 640
164 717
164 1164
164 1195
164 1285
164 1521
164 1696
164 1752
164 1842
164 1915
164 1964
165 1866
167 293
167 442
167 636
167 877
167 993
167 1073
167 1282
167 1597
167 1605
167 1736
167 1869
167 1982
175 837
180 1526
183 1246
183 1317
184 308
187 190
190 192
190 292
190 356
190 370
190 388
190 509
190 622
190 845
190 867
190 927
190 1363
190 1591
190 1625
190 1955
191 1195
196 1164
197 201
197 207
198 1620
201 266
201 447
201 452
201 552
201 773
201 1016
201 1021
201 1397
201 1489
201 1554
201 1555
201 1628
201 1957
202 1261
207 248
207 339
207 719
207 831
207 911
207 1149
207 1302
207 1393
207 1397
207 1480
207 1577
207 1591
207 1751
223 380
240 1259
241 1246
253 254
254 388
254 548
254 729
254 840
254 880
254 897
254 1395
254 1516
254 1553
254 1924
256 1414
260 1317
266 757
276 1681
279 845
290 1282
293 750
296 1384
300 1384
302 757
302 845
304 1397
304 1522
307 308
308 332
308 366
308 953
308 1142
308 1282
308 1972
309 1686
312 1522
315 757
323 1259
330 1289
334 1414
346 837
354 890
357 595
357 1282
363 537
364 1164
367 954
372 1289
377 1414
380 381
380 382
380 383
380 384
380 385
380 386
380 387
380 388
380 389
380 390
380 391
383 845
386 890
387 1079
388 537
388 538
388 743
388 757
388 915
388 1079
388 1205
388 1259
388 1261
388 1289
388 1384
388 1397
388 1543
388 1620
388 1681
388 1686
388 1692
388 1693
389 1686
396 909
396 1414
398 1317
400 537
400 1866
405 890
410 509
416 1384
423 1693
425 750
441 509
445 537
454 1474
455 1525
456 1261
460 1524
461 1384
464 1523
475 1523
493 757
497 1523
507 1521
509 657
509 706
509 994
509 1007
509 1044
509 1049
509 1221
509 1608
509 1667
509 1777
512 909
512 1866
515 1522
516 1525
517 954
519 1317
528 537
528 538
531 927
537 581
537 642
537 666
537 1017
537 1023
537 1131
537 1197
537 1385
538 683
538 712
538 1008
538 1080
538 1102
538 1557
538 1648
542 1522
545 1525
559 1686
569 1681
572 1523
585 845
587 595
590 1527
592 845
595 710
595 1076
595 1146
595 1168
595 1647
595 1754
595 1928
595 1968
610 1246
612 1205
614 1414
619 1282
630 1527
640 915
641 1543
647 1543
660 1955
663 757
666 1397
672 1384
683 1289
691 1259
704 1282
714 1261
732 1964
736 1523
737 1521
737 1543
742 1523
743 1259
746 750
750 933
750 1295
750 1521
750 1836
751 1866
751 1955
756 757
757 794
757 832
757 1051
757 1364
757 1664
757 1851
764 1195
765 839
768 915
770 1681
772 1474
772 1866
775 1681
782 1521
787 1474
791 1205
793 1246
804 845
816 1522
832 837
834 915
835 1079
835 1543
837 1180
837 1298
837 1397
837 1411
837 1729
838 839
839 985
839 1032
839 1263
839 1371
839 1397
839 1501
839 1502
839 1503
840 915
843 1164
845 918
845 1453
845 1454
850 1289
859 1866
864 1384
868 1246
879 1527
879 1693
888 954
890 915
890 1110
890 1404
890 1900
903 1282
905 909
909 949
909 1397
909 1770
909 1845
909 1887
914 915
915 1026
915 1052
915 1148
915 1215
915 1272
915 1282
915 1813
915 1866
915 1971
921 1195
923 927
927 1709
927 1837
947 1164
949 954
951 1866
952 1317
953 1205
954 1156
954 1203
954 1521
954 1614
954 1846
960 1384
961 1526
975 1527
976 1543
980 1246
986 1164
998 1205
1008 1282
1012 1205
1029 1866
1064 1955
1065 1079
1065 1246
1066 1526
1079 1080
1079 1081
1079 1082
1079 1083
1079 1084
1080 1866
1096 1524
1099 1195
1103 1282
1104 1317
1115 1866
1115 1955
1117 1527
1120 1526
1126 1205
1140 1681
1164 1193
1164 1533
1164 1569
1164 1674
1164 1692
1164 1740
1164 1823
1168 1955
1191 1317
1194 1195
1195 1312
1195 1483
1195 1759
1195 1994
1205 1368
1205 1485
1205 1486
1222 1526
1235 1964
1242 1246
1244 1964
1246 1397
1246 1407
1246 1433
1256 1259
1259 1363
1259 1649
1259 1789
1260 1261
1261 1835
1261 1842
1261 1844
1261 1861
1261 1876
1261 1877
1272 1384
1277 1620
1281 1414
1282 1393
1282 1407
1282 1414
1282 1875
1282 1876
1282 1877
1286 1527
1289 1290
1289 1291
1289 1292
1302 1523
1305 1526
1310 1543
1317 1521
1317 1606
1317 1690
1317 1805
1317 1806
1320 1620
1322 1866
1365 1524
1374 1414
1375 1474
1384 1385
1392 1620
1397 1474
1397 1521
1397 1522
1397 1523
1397 1524
1397 1525
1397 1526
1397 1527
1398 1543
1398 1681
1411 1522
1414 1485
1414 1562
1414 1563
1429 1526
1442 1686
1444 1681
1449 1525
1459 1525
1471 1474
1474 1633
1474 1816
1474 1957
1489 1522
1501 1620
1501 1955
1509 1527
1514 1955
1518 1955
1521 1540
1521 1777
1521 1778
1521 1933
1522 1865
1522 1907
1522 1936
1524 1878
1525 1570
1525 1578
1525 1595
1525 1876
1526 1835
1526 1974
1527 1819
1527 1859
1537 1964
1543 1678
1543 1729
1543 1867
1620 1644
1620 1813
1658 1686
1681 1826
1681 1904
1681 1966
1684 1686
1686 1696
1714 1964
1783 1866
1810 1964
1866 1894
