4 351
7 888
10 97
10 100
13 507
18 507
19 97
21 507
45 859
77 840
97 505
97 507
97 508
100 494
100 653
100 694
100 698
100 699
100 701
100 703
100 749
100 837
100 838
100 839
100 840
104 506
110 507
128 463
149 463
150 895
166 334
190 224
201 267
206 982
215 331
215 333
215 402
223 224
224 286
228 951
241 559
241 890
242 306
242 463
242 464
242 559
243 556
244 463
246 849
246 993
248 464
251 649
251 964
253 306
253 463
253 464
253 652
254 463
254 559
261 267
262 267
262 271
262 274
267 274
267 351
267 354
267 649
267 829
267 982
271 714
271 751
271 752
271 753
271 754
271 756
271 757
271 758
274 990
279 286
286 310
286 313
286 314
286 315
286 316
286 317
286 319
286 321
286 322
286 323
286 324
286 325
286 326
286 327
286 328
286 329
286 330
286 331
286 332
286 333
286 334
286 335
304 306
306 376
306 463
306 523
306 553
306 554
306 599
306 648
306 689
306 690
306 888
306 890
307 464
307 965
310 312
311 314
311 315
312 315
312 317
312 318
312 319
312 320
313 334
313 402
313 872
313 876
314 924
315 317
315 329
315 330
315 335
315 399
315 402
315 670
315 672
315 873
315 875
315 876
315 925
315 944
315 957
315 965
317 327
317 334
318 872
318 875
319 556
324 551
324 942
324 945
327 889
327 976
328 330
328 332
328 976
330 331
330 402
331 671
331 861
333 691
333 787
334 671
351 352
357 463
365 464
397 856
401 876
419 879
437 879
460 463
460 464
460 465
462 467
463 467
463 531
463 543
463 552
463 553
463 554
463 555
463 556
463 557
463 558
463 559
463 560
463 561
464 555
464 598
464 687
464 689
464 690
464 691
465 469
465 507
465 647
465 690
465 965
467 468
467 521
467 719
468 965
469 552
485 486
485 487
485 488
486 488
486 489
487 488
487 490
487 491
488 490
488 491
488 492
488 493
488 494
489 678
489 680
490 492
491 493
491 715
492 493
494 653
494 694
505 506
506 507
507 739
507 740
507 741
519 875
531 559
552 645
552 647
552 649
553 856
553 895
555 923
557 651
559 599
559 689
559 986
559 994
599 890
623 855
641 646
645 646
645 647
646 648
647 650
647 651
647 652
647 653
649 689
649 893
649 895
651 688
652 993
653 694
669 670
670 672
689 888
692 694
693 695
693 696
693 697
694 698
694 699
694 700
694 701
694 702
694 703
694 704
695 696
695 978
696 697
696 978
696 979
697 979
702 838
712 714
712 715
714 715
714 739
714 750
714 751
714 754
714 756
714 757
714 758
714 759
714 760
715 753
715 758
715 760
715 859
715 922
749 840
750 751
750 752
754 759
754 859
758 859
759 850
759 922
760 978
782 952
783 881
784 851
784 951
785 855
787 873
788 943
789 875
789 944
801 848
819 850
837 838
839 840
846 847
846 848
846 849
847 850
847 851
848 852
849 852
849 853
849 854
849 855
850 855
850 881
851 854
852 952
853 855
853 881
854 881
854 952
855 884
856 993
859 977
872 873
879 964
881 884
881 951
881 976
882 952
922 942
942 943
943 944
954 957
955 957
956 957
957 958
957 959
964 965
978 979
981 982
982 985
993 994
