43 288
76 387
83 387
83 391
84 187
88 729
89 395
95 502
101 287
122 125
125 128
125 134
125 135
125 136
125 137
125 138
125 139
125 140
125 141
125 142
125 143
125 144
132 144
133 629
136 142
137 140
137 141
137 160
137 344
137 816
139 142
141 142
142 160
142 816
142 928
143 261
143 606
144 815
144 816
152 388
152 391
162 163
163 166
163 167
166 167
166 184
166 187
166 334
166 502
166 631
166 633
166 634
166 635
166 636
166 637
166 638
166 639
167 187
167 502
167 632
167 633
167 636
167 639
184 187
186 193
187 504
187 632
187 633
187 634
187 635
188 633
188 643
189 637
189 641
190 193
190 218
190 219
190 221
190 223
190 224
190 229
190 236
192 221
193 212
193 216
193 217
193 221
193 222
193 225
193 228
193 230
193 235
193 284
193 394
193 395
193 397
193 677
193 818
193 819
193 820
193 821
194 223
195 214
209 210
210 212
210 213
210 214
211 216
211 217
212 222
214 216
214 225
214 629
216 222
216 228
216 229
216 236
216 396
216 676
216 677
217 626
218 394
218 395
219 228
219 235
219 396
219 674
219 675
221 222
221 758
221 791
222 223
223 224
223 227
223 395
224 286
225 395
225 677
227 395
228 229
233 392
235 394
236 425
236 821
243 391
275 339
277 282
278 284
278 285
279 287
279 288
279 290
279 293
279 294
279 295
280 284
280 339
280 471
280 718
281 284
282 284
282 997
284 285
284 288
284 718
284 719
284 720
284 721
284 722
284 723
285 726
285 997
286 334
287 295
287 338
287 711
287 717
288 294
288 343
288 656
288 719
290 720
290 725
290 823
292 293
292 717
293 721
294 825
294 996
295 716
295 997
313 334
317 334
334 671
336 337
336 338
336 339
337 340
337 341
338 342
338 343
339 344
340 341
340 534
340 535
340 536
340 538
340 539
340 540
341 535
341 536
341 539
341 921
342 724
342 727
343 655
343 987
344 718
361 387
375 382
375 383
375 384
375 385
376 387
376 388
376 391
376 392
377 471
381 388
381 391
382 391
382 477
382 530
382 551
382 654
383 640
383 900
384 385
384 387
384 393
384 472
384 477
384 548
384 828
384 900
384 901
385 421
385 545
385 989
387 388
387 391
387 393
387 478
387 544
387 627
387 628
387 629
387 630
388 472
388 474
388 626
388 707
388 729
388 732
388 733
391 393
391 473
392 619
392 640
392 708
394 396
395 397
421 504
470 633
471 473
473 530
474 548
477 619
480 626
481 901
499 500
499 502
500 503
500 504
503 504
504 633
504 637
504 642
504 745
544 626
545 628
545 707
548 816
550 626
551 619
577 722
577 724
619 654
619 657
628 707
628 967
629 630
629 967
631 632
631 633
633 638
633 639
633 640
633 641
633 642
633 643
633 644
634 635
636 871
638 643
639 644
640 733
640 901
641 646
642 871
654 655
655 656
656 808
675 676
676 936
677 791
716 723
717 721
720 721
721 722
723 987
723 996
724 725
725 726
726 987
727 987
727 996
729 730
987 997
