3 23
5 476
9 94
10 94
15 94
23 161
23 419
23 422
23 425
23 426
23 427
23 431
23 432
23 433
23 434
23 435
23 436
23 437
23 438
23 439
23 440
23 441
23 442
23 443
23 444
23 445
23 446
23 447
23 448
23 449
23 450
23 451
23 452
23 453
23 454
23 455
23 456
23 457
23 458
26 596
45 596
51 935
55 353
56 596
57 596
82 596
83 391
94 728
94 740
152 391
156 265
158 161
161 446
161 457
190 219
190 234
190 235
190 236
193 235
198 203
199 205
199 206
199 207
200 206
203 270
203 438
203 861
204 265
204 270
204 353
205 260
205 264
205 272
205 307
205 309
205 610
205 613
205 686
205 845
205 929
206 207
206 275
206 308
206 309
206 767
206 909
206 938
206 981
206 982
207 260
207 461
207 610
207 829
207 989
208 262
208 264
216 236
216 396
216 676
219 228
219 235
219 396
219 674
219 675
234 235
234 833
235 394
236 425
236 821
243 391
251 964
251 966
259 262
260 264
261 265
262 267
262 269
262 270
262 271
262 272
262 273
262 274
262 275
263 864
264 606
264 682
264 915
265 613
265 678
265 683
265 684
265 685
265 686
267 274
269 662
269 709
270 517
270 743
270 897
272 863
273 675
273 679
273 702
273 938
274 990
275 613
275 866
275 998
280 471
286 315
305 309
307 965
309 828
311 315
312 315
315 317
315 329
315 330
315 335
315 399
315 402
315 670
315 672
315 873
315 875
315 876
315 925
315 944
315 957
315 965
324 551
350 442
352 981
353 862
353 864
353 865
353 866
357 572
364 607
375 381
375 382
375 384
375 385
376 391
376 393
377 471
377 472
378 479
381 388
381 391
381 474
381 476
381 477
382 391
382 477
382 530
382 551
382 654
384 385
384 387
384 393
384 472
384 477
384 548
384 828
384 900
384 901
385 421
385 545
385 989
386 476
386 479
387 391
387 393
388 472
390 393
391 393
391 473
393 474
393 477
393 479
393 545
393 596
393 728
394 396
419 425
419 442
419 453
419 498
419 857
419 879
419 886
423 425
424 431
425 426
425 427
425 444
425 445
425 449
425 451
425 453
425 457
425 501
425 793
425 796
425 797
425 802
425 805
425 886
425 919
425 923
425 932
425 960
425 962
426 857
427 437
427 438
427 498
428 431
428 453
428 960
430 885
431 436
431 437
431 445
431 458
431 524
431 610
431 806
432 495
432 496
433 477
433 501
434 620
434 622
435 658
435 659
436 445
436 454
436 455
436 458
436 792
436 795
436 796
436 797
436 798
436 799
437 456
437 572
437 674
437 710
437 793
437 879
437 880
439 440
439 795
442 803
442 885
442 932
442 933
445 453
445 966
446 498
448 960
449 454
452 496
452 794
452 894
452 961
453 793
453 795
453 835
453 880
454 961
455 456
455 795
455 894
455 966
465 965
468 965
471 473
472 474
472 475
473 530
474 548
474 551
496 498
498 573
498 755
498 804
498 907
498 918
498 919
526 845
528 845
548 816
551 619
551 706
572 894
578 907
604 607
605 610
606 613
607 865
607 897
607 983
613 908
619 654
627 728
654 655
658 660
659 662
659 663
659 665
659 668
660 661
660 662
660 737
660 738
661 668
662 663
662 664
662 665
662 666
662 668
663 664
664 668
665 666
666 668
675 676
675 983
676 936
678 679
679 681
679 682
680 686
686 938
705 989
745 998
780 857
789 944
795 907
804 966
857 885
857 886
861 936
864 908
865 935
865 937
865 938
866 998
879 964
897 936
908 938
935 936
943 944
964 965
981 982
