22 417
23 161
23 419
23 427
23 431
23 436
23 437
23 438
23 442
23 453
23 454
23 455
23 457
28 172
84 187
95 502
119 427
158 161
161 446
161 457
162 163
162 164
162 165
163 166
163 167
164 168
164 169
164 170
164 171
164 172
164 173
164 174
164 175
164 176
164 177
165 168
165 172
165 173
165 178
165 179
166 167
166 184
166 187
166 334
166 502
166 631
166 633
166 634
166 635
166 636
166 637
166 638
166 639
167 187
167 502
167 632
167 635
167 636
167 639
167 644
168 178
169 853
169 854
170 179
170 180
171 175
171 177
171 404
171 973
172 176
172 177
172 180
172 181
172 995
173 174
173 516
175 995
177 995
178 576
179 419
184 187
187 504
187 632
187 633
187 634
187 635
188 635
189 635
189 637
190 211
193 217
199 205
199 206
199 207
200 206
203 438
205 260
205 264
205 272
205 307
205 309
205 610
205 613
205 686
205 845
205 929
206 207
206 275
206 308
206 309
206 767
206 909
206 938
206 981
206 982
207 260
207 461
207 610
207 829
207 989
209 211
211 215
211 216
211 217
215 313
215 317
215 331
215 333
215 398
215 402
217 626
228 951
245 889
251 966
265 613
275 613
277 283
283 782
283 783
283 801
283 853
283 883
286 310
286 317
286 327
286 330
286 331
286 332
286 333
286 334
286 335
305 309
309 828
310 311
310 312
312 315
312 317
312 318
312 319
312 320
313 317
313 330
313 334
313 790
315 317
315 330
315 335
315 670
315 672
317 319
317 322
317 327
317 332
317 334
317 418
317 787
317 788
317 789
317 790
319 332
319 790
320 330
323 332
325 332
327 889
327 976
328 330
328 332
328 976
330 331
330 402
330 704
330 926
331 671
331 861
332 335
332 854
332 945
333 691
333 787
334 671
335 789
347 416
350 427
350 442
357 418
357 572
368 419
371 418
371 495
415 416
415 417
416 418
417 419
417 420
417 421
419 425
419 427
419 429
419 442
419 445
419 451
419 453
419 457
419 496
419 497
419 498
419 755
419 806
419 857
419 879
419 886
419 919
419 930
419 932
421 504
424 427
424 431
425 427
425 453
425 457
426 857
427 437
427 438
427 495
427 498
427 524
427 710
427 755
427 792
427 800
427 801
427 802
427 803
427 804
427 805
427 806
428 431
428 453
428 961
431 436
431 437
431 445
431 458
431 524
431 610
431 806
432 495
432 496
436 445
436 454
436 455
436 458
436 792
436 795
436 796
436 797
436 798
436 799
437 456
437 572
437 674
437 710
437 793
437 879
437 880
442 803
442 885
442 932
442 933
445 453
445 966
449 454
452 496
452 961
453 793
453 795
453 835
453 880
454 961
455 456
455 795
455 894
455 966
457 880
495 497
496 498
499 500
499 502
500 503
500 504
503 504
504 633
504 637
504 642
504 745
518 669
526 845
528 845
560 671
572 894
605 610
606 613
613 908
623 855
631 632
631 633
633 639
633 642
633 644
634 635
635 638
636 871
639 644
642 871
644 746
669 670
669 671
670 672
672 878
689 889
747 871
759 850
780 857
782 952
783 881
784 851
784 887
784 951
785 855
799 961
801 848
804 966
819 850
819 853
846 847
846 848
846 849
847 850
847 851
848 852
849 852
849 853
849 854
849 855
850 855
850 881
851 854
852 952
853 854
853 855
853 881
853 882
853 883
853 884
854 881
854 883
854 884
854 887
854 952
855 884
857 885
857 886
858 887
881 884
881 951
881 976
882 952
973 995
