7 888
10 97
13 507
18 507
19 97
21 507
26 599
83 391
84 187
94 728
95 502
97 505
97 507
97 508
104 506
110 507
145 146
145 147
145 148
146 149
146 150
150 240
150 245
150 895
152 391
162 163
163 166
163 167
164 169
166 167
166 184
166 187
166 334
166 502
166 631
166 633
166 634
166 635
166 636
166 637
166 638
166 639
167 187
167 502
167 632
167 633
167 636
167 639
169 853
169 854
184 187
187 504
187 632
187 633
187 634
187 635
188 633
188 643
189 637
189 641
215 331
215 402
233 392
237 240
240 247
240 248
240 249
240 250
240 251
240 252
240 253
240 254
241 557
241 559
242 306
242 559
243 391
243 599
244 599
246 993
251 523
251 964
253 306
253 554
253 648
253 652
254 559
280 471
283 853
283 883
286 310
286 314
286 315
286 331
286 332
286 334
286 335
304 306
306 376
306 463
306 523
306 553
306 554
306 599
306 648
306 689
306 690
306 888
306 890
307 965
310 311
310 312
311 313
311 314
311 315
311 316
312 315
312 317
312 318
312 319
312 320
313 334
313 402
313 872
313 876
314 924
315 317
315 329
315 330
315 335
315 399
315 402
315 670
315 672
315 873
315 875
315 876
315 925
315 944
315 957
315 965
317 332
317 334
318 872
318 875
319 332
323 332
324 942
325 332
328 332
330 331
330 402
331 671
331 861
332 335
332 854
332 945
334 671
335 789
375 381
375 382
375 383
375 384
376 391
376 392
376 393
377 471
378 479
381 388
381 391
381 474
381 476
381 477
382 391
382 477
382 530
382 551
382 654
383 640
383 900
384 385
384 387
384 393
384 472
384 477
384 548
384 828
384 900
384 901
386 479
387 391
387 393
390 393
391 393
391 473
392 619
392 640
392 708
393 474
393 477
393 479
393 545
393 596
393 728
401 876
419 879
421 504
437 879
459 460
460 463
460 464
460 465
462 469
463 553
463 554
463 557
463 559
465 469
465 507
465 647
465 690
465 965
468 557
468 965
469 523
469 552
470 633
471 473
473 530
477 619
499 500
499 502
500 503
500 504
503 504
504 633
504 637
504 642
504 745
505 506
506 507
507 739
507 740
507 741
519 875
520 523
523 530
523 531
523 532
531 559
532 554
551 619
552 645
552 647
553 856
553 893
553 895
554 557
554 700
557 651
557 688
559 599
559 689
559 986
559 994
560 671
599 890
619 654
619 657
623 855
627 728
631 632
631 633
633 638
633 639
633 640
633 641
633 642
633 643
633 644
634 635
636 871
638 643
639 644
640 733
640 901
641 646
642 871
645 646
645 647
646 648
647 650
647 651
647 652
647 653
648 994
649 895
651 688
652 993
654 655
669 670
669 671
670 672
689 888
782 952
784 851
784 887
785 855
787 873
788 943
789 875
789 944
819 853
846 847
847 850
847 851
848 852
849 852
849 853
849 854
849 855
850 855
851 854
852 952
853 854
853 855
853 881
853 882
853 883
853 884
854 881
854 883
854 884
854 887
854 952
855 884
856 993
858 887
872 873
879 964
882 952
922 942
942 943
943 944
954 955
954 956
954 957
955 957
956 957
957 958
957 959
964 965
993 994
