3 69
5 69
69 190
186 190
190 191
190 193
190 209
190 211
190 213
190 218
190 219
190 220
190 221
190 222
190 223
190 224
190 225
190 226
190 227
190 228
190 229
190 230
190 231
190 232
190 233
190 234
190 235
190 236
192 221
193 216
193 221
193 225
209 211
211 215
211 216
211 217
214 216
214 225
216 222
216 228
216 229
216 236
216 396
216 676
216 677
218 394
218 395
219 228
219 235
219 396
219 674
219 675
220 225
221 222
221 758
221 791
223 224
224 286
225 226
225 395
225 600
225 677
228 231
228 232
230 231
231 325
231 820
232 821
234 235
234 833
236 425
236 821
675 676
676 936
