156 265
199 205
199 206
199 207
200 206
204 265
205 260
205 264
205 272
205 307
205 309
205 610
205 613
205 686
205 845
205 929
206 207
206 275
206 308
206 309
206 767
206 909
206 938
206 981
206 982
207 260
207 461
207 610
207 829
207 989
208 264
260 264
261 265
262 272
264 606
264 682
264 915
265 613
265 678
265 683
265 684
265 685
265 686
267 982
272 863
273 938
275 613
305 309
309 828
353 865
431 610
526 845
528 845
605 610
606 613
607 865
613 908
680 686
686 938
865 935
865 937
865 938
908 938
981 982
982 985
