286 315
286 330
286 332
286 335
307 965
310 312
311 315
312 315
312 317
312 318
312 319
312 320
313 330
313 876
315 317
315 329
315 330
315 335
315 399
315 402
315 670
315 672
315 873
315 875
315 876
315 925
315 944
315 957
315 965
317 332
318 875
319 332
320 330
323 332
324 942
325 332
328 330
328 332
330 331
330 402
330 704
330 926
332 335
332 854
332 945
335 789
401 876
465 965
468 965
519 875
669 670
670 672
787 873
788 943
789 875
789 944
872 873
922 942
942 943
943 944
954 957
955 957
956 957
957 958
957 959
964 965
