1 6
1 7
3 6
3 7
3 53
3 79
5 6
5 53
5 483
5 484
6 25
6 26
6 32
6 45
6 50
6 57
6 68
6 70
6 77
6 483
6 484
6 709
6 710
7 26
7 28
7 31
7 36
7 45
7 51
7 53
7 57
7 61
7 63
7 64
7 65
7 77
7 600
7 602
7 888
7 891
26 53
26 79
26 483
26 600
26 601
30 79
31 484
45 601
47 53
53 72
53 73
53 74
53 78
53 79
53 84
53 483
53 787
59 891
62 891
71 992
72 992
103 570
190 225
193 225
214 225
220 225
225 226
225 395
225 600
225 677
306 888
357 570
357 571
359 570
372 570
483 571
483 601
483 992
484 602
570 571
570 716
689 888
