108 278
215 402
224 286
276 277
276 278
276 279
277 280
277 281
277 282
277 283
278 279
278 284
278 285
279 286
279 287
279 288
279 289
279 290
279 291
279 292
279 293
279 294
279 295
282 284
282 997
284 285
285 726
285 997
286 310
286 313
286 314
286 315
286 316
286 317
286 319
286 321
286 322
286 323
286 324
286 325
286 326
286 327
286 328
286 329
286 330
286 331
286 332
286 333
286 334
286 335
295 997
310 312
311 315
312 315
312 317
312 318
312 319
312 320
313 402
315 317
315 329
315 330
315 335
315 399
315 402
315 670
315 672
315 873
315 875
315 876
315 925
315 944
315 957
315 965
330 402
670 672
672 878
725 726
726 987
789 944
943 944
987 997
