10 101
10 115
12 349
18 870
19 115
43 288
83 391
101 112
101 115
101 287
101 731
101 867
101 869
101 870
106 870
152 391
193 284
243 391
250 869
276 277
277 280
277 281
277 282
277 283
278 284
278 285
279 287
279 288
279 293
279 294
280 284
280 339
280 471
280 718
281 284
282 284
282 997
283 782
283 783
283 801
283 853
283 883
284 285
284 288
284 718
284 719
284 720
284 721
284 722
284 723
285 726
285 997
287 295
287 338
287 711
287 717
288 294
288 343
288 656
288 719
292 293
292 717
293 721
294 825
294 996
336 338
338 342
338 343
342 724
342 727
343 655
343 987
344 718
349 511
349 682
349 869
375 382
376 391
377 471
381 391
382 391
382 477
382 530
382 551
382 654
387 391
391 393
391 473
471 473
473 530
577 722
655 656
656 808
717 721
720 721
721 722
723 996
727 996
853 883
854 883
