2 10
2 20
9 10
9 90
9 94
10 12
10 26
10 85
10 86
10 87
10 90
10 92
10 94
10 96
10 97
10 98
10 99
10 100
10 101
10 102
10 103
10 104
10 105
10 106
10 107
10 108
10 109
10 110
10 111
10 112
10 113
10 114
10 115
10 116
10 117
10 118
10 119
10 120
10 121
13 507
15 94
18 507
19 97
20 113
20 116
20 120
21 507
61 113
89 939
90 116
90 939
90 941
94 728
94 740
97 505
97 507
97 508
104 506
106 113
110 507
150 895
201 267
206 982
246 993
251 649
253 652
261 267
262 267
267 274
267 351
267 354
267 649
267 829
267 982
273 679
307 965
315 965
393 728
397 856
459 460
460 463
460 464
460 465
463 552
465 469
465 507
465 647
465 690
465 965
468 965
469 552
505 506
506 507
507 739
507 740
507 741
508 939
552 645
552 647
552 649
553 856
553 895
557 651
627 728
641 646
645 646
645 647
646 648
647 650
647 651
647 652
647 653
649 689
649 893
649 895
651 688
652 993
678 679
679 681
679 682
681 941
681 974
856 993
941 974
941 975
964 965
974 975
981 982
982 985
993 994
