0 1
0 2
0 3
1 3
1 4
1 5
1 6
1 7
1 8
3 5
3 8
3 26
3 45
5 6
5 26
5 53
5 57
5 65
5 69
5 70
5 78
5 476
5 483
5 484
6 26
6 45
6 483
7 26
7 45
7 600
8 45
10 26
14 244
16 26
24 26
26 27
26 28
26 29
26 36
26 38
26 39
26 43
26 44
26 45
26 48
26 49
26 50
26 51
26 53
26 55
26 56
26 57
26 58
26 60
26 62
26 63
26 64
26 71
26 72
26 74
26 76
26 77
26 78
26 79
26 80
26 82
26 84
26 483
26 596
26 597
26 598
26 599
26 600
26 601
26 602
30 45
44 45
45 57
45 60
45 62
45 71
45 74
45 80
45 84
45 165
45 596
45 601
45 859
53 483
128 463
149 463
162 163
162 164
162 165
164 173
164 176
165 168
165 172
165 173
165 176
165 177
165 178
165 179
165 180
165 181
165 182
168 178
170 179
172 176
173 174
173 516
176 182
176 985
177 182
178 576
179 419
225 600
237 239
239 243
239 244
239 245
239 246
241 559
241 890
242 463
242 559
243 556
243 599
244 463
244 599
244 650
253 463
253 554
254 463
254 559
306 463
306 553
306 554
306 599
306 890
319 556
357 463
381 476
386 476
459 460
460 463
460 464
460 465
462 467
463 467
463 531
463 543
463 552
463 553
463 554
463 555
463 556
463 557
463 558
463 559
463 560
463 561
464 555
467 468
467 521
467 719
469 552
483 571
483 601
483 992
531 559
532 554
552 645
552 647
552 649
553 856
553 893
553 895
554 557
554 700
555 923
559 599
559 689
559 986
559 994
599 890
