43 288
76 387
83 387
83 391
101 287
133 629
152 391
193 284
214 629
243 391
276 277
277 280
277 281
277 282
277 283
278 284
278 285
279 287
279 288
279 290
279 293
279 294
280 284
280 339
280 471
280 718
281 284
282 284
282 997
283 782
283 783
283 801
283 853
283 883
284 285
284 288
284 718
284 719
284 720
284 721
284 722
284 723
285 726
285 997
287 295
287 338
287 711
287 717
288 294
288 343
288 656
288 719
290 720
290 725
290 823
292 293
292 717
293 721
294 825
294 996
336 338
338 342
338 343
342 724
342 727
343 655
343 987
344 718
361 387
375 381
375 384
376 387
376 391
377 471
381 388
381 391
381 474
381 476
381 477
382 391
384 385
384 387
384 393
384 472
384 477
384 548
384 828
384 900
384 901
387 388
387 391
387 393
387 478
387 544
387 627
387 628
387 629
387 630
391 393
391 473
471 473
473 530
577 724
629 630
629 967
655 656
656 808
717 721
720 721
721 722
723 996
724 725
727 996
853 883
854 883
