26 599
54 319
54 877
95 167
128 463
149 463
163 166
163 167
166 167
166 184
166 187
166 334
166 502
166 631
166 633
166 634
166 635
166 636
166 637
166 638
166 639
167 187
167 188
167 449
167 502
167 503
167 632
167 633
167 635
167 636
167 638
167 639
167 644
167 746
167 747
167 748
187 504
187 633
187 634
188 633
188 643
189 637
189 641
208 748
215 313
215 317
233 392
241 557
241 559
242 463
242 559
243 556
243 599
244 463
244 599
253 463
254 463
254 559
286 313
286 315
286 317
286 319
286 334
286 335
306 463
306 553
306 599
307 965
311 313
311 315
312 315
312 317
312 319
313 317
313 318
313 330
313 334
313 402
313 518
313 583
313 790
313 872
313 876
313 877
315 317
315 329
315 330
315 335
315 399
315 402
315 670
315 672
315 873
315 875
315 876
315 925
315 944
315 957
315 965
317 319
317 322
317 327
317 332
317 334
317 418
317 787
317 788
317 789
317 790
318 872
318 875
319 326
319 332
319 556
319 790
324 942
332 335
334 671
335 789
357 463
375 383
376 392
383 640
383 900
392 619
392 640
392 708
421 504
459 460
460 463
460 464
460 465
462 467
462 468
463 467
463 531
463 543
463 552
463 553
463 554
463 555
463 556
463 557
463 558
463 559
463 560
463 561
464 555
465 965
467 468
467 521
467 719
468 521
468 557
468 782
468 923
468 965
469 552
470 633
477 619
499 500
500 503
500 504
503 504
504 633
504 637
504 642
504 745
519 875
531 559
551 619
552 645
552 647
552 649
553 856
553 893
553 895
554 557
555 923
557 651
557 688
559 599
559 689
559 986
559 994
599 890
619 654
619 657
631 632
631 633
633 638
633 639
633 640
633 641
633 642
633 643
633 644
634 635
636 871
638 643
640 733
640 901
641 646
642 871
669 670
670 672
685 991
747 871
748 990
748 991
787 877
788 943
789 875
789 944
829 991
872 873
922 942
942 943
943 944
954 957
955 957
956 957
957 958
957 959
964 965
