4 351
7 888
10 100
54 319
100 494
100 653
100 694
100 698
100 699
100 701
100 703
100 749
100 837
100 838
100 839
100 840
128 463
149 463
150 895
190 224
201 267
206 982
211 215
215 313
215 317
215 331
215 333
215 398
215 402
223 224
224 286
241 559
241 890
242 306
242 463
242 559
243 556
244 463
246 993
251 649
253 306
253 463
253 648
253 652
254 463
254 559
261 267
262 267
262 274
267 274
267 351
267 354
267 649
267 829
267 982
274 990
279 286
286 310
286 313
286 314
286 315
286 316
286 317
286 319
286 321
286 322
286 323
286 324
286 325
286 326
286 327
286 328
286 329
286 330
286 331
286 332
286 333
286 334
286 335
304 306
306 376
306 463
306 523
306 553
306 554
306 599
306 648
306 689
306 690
306 888
306 890
310 311
310 312
311 314
312 317
312 319
313 317
313 330
313 790
314 924
315 317
315 330
317 319
317 322
317 327
317 332
317 334
317 418
317 787
317 788
317 789
317 790
319 326
319 332
319 556
319 790
320 330
328 330
330 331
330 402
330 704
330 926
351 352
357 463
397 856
460 463
460 465
462 467
463 467
463 531
463 543
463 552
463 553
463 554
463 555
463 556
463 557
463 558
463 559
463 560
463 561
464 555
465 469
465 507
465 647
465 690
465 965
467 468
467 521
467 719
469 552
485 486
485 487
485 488
486 488
487 488
487 490
487 491
488 490
488 491
488 492
488 493
488 494
491 493
492 493
494 653
494 694
531 559
552 645
552 647
552 649
553 856
553 895
555 923
557 651
559 599
559 689
559 986
559 994
599 890
641 646
645 646
645 647
646 648
647 650
647 651
647 652
647 653
648 994
649 689
649 893
649 895
651 688
652 993
653 694
689 888
694 701
694 704
698 704
700 701
701 704
704 749
749 839
837 838
837 839
839 840
856 993
981 982
982 985
993 994
