10 97
13 507
18 507
19 97
21 507
23 161
23 432
23 436
23 437
23 445
23 452
23 453
23 454
23 455
23 457
97 505
97 507
97 508
104 506
110 507
158 161
161 446
161 457
169 854
215 402
251 964
253 445
286 310
286 314
286 315
286 332
286 335
307 965
310 311
310 312
311 313
311 314
311 315
311 316
312 315
312 317
312 318
312 319
312 320
313 402
313 872
313 876
314 924
315 317
315 329
315 330
315 335
315 399
315 402
315 670
315 672
315 873
315 875
315 876
315 925
315 944
315 957
315 965
317 332
318 872
318 875
319 332
323 332
324 942
325 332
328 332
330 402
332 335
332 854
332 945
335 789
357 572
368 971
371 495
401 876
419 445
419 453
419 457
419 496
419 497
419 498
419 879
425 445
425 453
425 457
426 880
427 437
427 495
427 498
428 453
428 961
431 436
431 437
431 445
432 495
432 496
436 445
436 454
436 455
436 458
436 792
436 795
436 796
436 797
436 798
436 799
437 456
437 572
437 674
437 710
437 793
437 879
437 880
443 497
444 445
445 453
445 806
445 966
446 498
449 454
449 497
452 496
452 794
452 894
452 961
453 793
453 795
453 835
453 880
454 961
455 456
455 795
455 894
455 966
457 880
460 465
465 469
465 507
465 647
465 690
465 965
468 965
495 497
496 498
497 741
497 918
497 931
498 573
498 755
498 804
498 907
498 918
498 919
505 506
506 507
507 739
507 740
507 741
519 875
524 971
572 894
578 907
670 672
672 878
787 873
788 943
789 875
789 944
795 907
799 961
849 854
851 854
853 854
854 881
854 883
854 884
854 887
854 952
872 873
879 964
880 971
922 942
942 943
943 944
954 957
955 957
956 957
957 958
957 959
964 965
