0 48
1 178
2 178
3 528
4 750
5 881
6 178
6 774
7 881
8 185
16 749
19 178
21 178
25 664
48 185
48 196
48 279
48 302
48 584
48 734
48 977
48 1047
48 1050
48 1170
48 1178
48 1287
48 1697
91 178
91 664
92 750
93 766
96 758
108 749
142 178
142 777
144 178
145 528
146 767
150 178
156 178
177 178
177 185
178 184
178 185
178 186
178 225
178 230
178 295
178 347
178 364
178 365
178 368
178 370
178 478
178 506
178 518
178 528
178 611
178 614
178 621
178 629
178 664
178 670
178 746
178 747
178 748
178 749
178 750
178 751
178 752
178 753
178 754
178 755
178 756
178 757
178 758
178 759
178 760
178 761
178 762
178 763
178 764
178 765
178 766
178 767
178 768
178 769
178 770
178 771
178 772
178 773
178 774
178 775
178 776
178 777
178 778
178 779
178 780
178 781
178 782
178 783
178 784
178 785
178 786
179 185
180 750
185 218
185 290
185 295
185 623
185 629
185 712
185 756
185 836
185 881
185 921
185 964
185 1143
185 1302
185 1455
185 1456
185 1457
185 1458
189 774
190 763
190 881
197 749
205 881
205 1458
223 750
248 776
270 881
295 347
297 749
297 750
300 347
300 766
304 760
323 763
347 479
347 1436
347 1926
366 528
370 528
381 771
384 758
395 760
396 881
412 776
438 749
450 749
454 776
504 881
506 766
510 783
513 758
513 881
518 763
528 1018
528 1451
528 1512
528 1736
538 771
546 786
552 749
560 749
567 760
574 763
582 777
585 763
597 766
611 766
637 750
641 881
658 750
664 1108
664 1322
664 1812
706 758
749 908
749 1015
749 1118
749 1137
749 1160
749 1507
749 1718
749 1806
749 1807
749 1808
750 941
750 946
750 1466
750 1913
754 774
758 1427
760 1139
760 1185
760 1443
760 1574
760 1607
760 1757
760 1906
763 1323
763 1573
763 1609
763 1756
766 981
766 1663
766 1687
767 1023
767 1322
767 1464
771 1257
771 1275
771 1650
771 1664
771 1893
771 1972
774 1201
776 896
777 883
777 1081
777 1233
783 934
783 1244
783 1455
784 797
784 1395
784 1396
784 1837
786 1507
786 1511
786 1751
881 1597
1137 1458
1366 1458
1458 1906
