0 3
1 3
2 3
2 180
3 4
3 24
3 26
3 43
3 53
3 87
3 91
3 92
3 93
3 94
3 98
3 163
3 177
3 180
3 190
3 195
3 197
3 199
3 227
3 248
3 273
3 295
3 296
3 297
3 298
3 300
3 317
3 329
3 350
3 365
3 376
3 377
3 379
3 388
3 393
3 421
3 446
3 449
3 453
3 457
3 460
3 503
3 504
3 505
3 506
3 507
3 508
3 509
3 510
3 511
3 512
3 513
3 514
3 515
3 516
3 517
3 518
3 519
3 520
3 521
3 522
3 523
3 524
3 525
3 526
3 527
3 528
3 529
3 530
3 531
3 532
3 533
3 534
3 535
3 536
3 537
3 538
3 539
3 540
3 541
3 542
3 543
3 544
3 545
3 546
3 547
3 548
3 549
3 550
3 551
3 552
3 553
3 554
3 555
3 556
3 557
3 558
3 559
3 560
3 561
3 562
3 563
3 564
3 565
3 566
3 567
3 568
3 569
3 570
3 571
3 572
3 573
4 180
7 180
12 180
21 180
22 180
46 180
58 180
90 105
105 177
105 491
105 638
105 902
105 913
105 915
105 1092
105 1519
105 1550
105 1840
119 180
128 180
149 180
177 180
180 192
180 205
180 210
180 217
180 233
180 262
180 274
180 295
180 297
180 302
180 317
180 345
180 363
180 368
180 375
180 376
180 381
180 387
180 421
180 449
180 464
180 503
180 506
180 510
180 511
180 519
180 571
180 578
180 615
180 645
180 670
180 686
180 750
180 780
180 788
180 805
180 813
180 846
180 847
180 852
180 892
180 910
180 911
180 912
180 913
180 914
180 915
180 916
180 917
180 918
180 919
180 920
180 921
180 922
180 923
180 924
180 925
180 926
180 927
180 928
180 929
180 930
180 931
180 932
180 933
180 934
180 935
180 936
180 937
180 938
180 939
180 940
180 941
180 942
180 943
180 944
180 945
180 946
180 947
180 948
180 949
180 950
180 951
180 952
180 953
180 954
180 955
180 956
180 957
180 958
180 959
180 960
180 961
180 962
180 963
180 964
180 965
180 966
181 915
188 1509
226 915
230 915
300 915
308 915
345 1743
354 1923
366 1191
448 1743
459 915
470 1743
481 1509
536 1191
536 1923
586 915
856 1923
908 1743
915 968
915 991
915 1055
915 1141
915 1191
915 1262
915 1312
915 1478
915 1509
915 1581
915 1595
915 1743
915 1923
926 1509
1065 1743
1191 1598
1191 1947
1325 1743
1402 1923
1455 1509
1468 1509
1509 1513
1509 1616
1509 1626
1509 1795
1688 1743
