1 90
2 90
2 99
3 93
5 90
6 90
13 90
18 99
90 91
90 92
90 93
90 94
90 95
90 96
90 97
90 98
90 99
90 100
90 101
90 102
90 103
90 104
90 105
90 106
90 107
90 108
90 109
90 110
90 111
90 112
90 113
90 114
90 115
90 116
90 117
90 118
90 119
90 120
90 121
90 122
90 123
90 124
90 125
90 126
90 127
90 128
90 129
90 130
90 131
90 132
90 133
90 134
90 135
90 136
90 137
90 138
90 139
90 140
91 132
91 136
91 655
91 672
93 97
93 139
93 177
93 202
93 255
93 295
93 299
93 304
93 376
93 382
93 488
93 489
93 508
93 639
93 696
93 724
93 752
93 766
93 820
93 825
93 857
93 911
93 913
93 1015
93 1043
93 1095
93 1255
93 1256
93 1257
93 1258
93 1259
93 1260
93 1261
93 1262
93 1263
93 1264
93 1265
93 1266
99 174
99 299
99 548
99 639
99 837
99 1068
99 1104
99 1265
99 1406
99 1598
99 1717
104 123
104 152
104 161
104 341
104 394
104 513
104 612
104 614
104 1006
104 1030
104 1331
104 1528
104 1561
104 1585
104 1764
104 1832
104 1865
104 1877
104 1929
109 257
109 308
109 370
109 504
109 551
109 579
109 869
109 969
109 1063
109 1268
109 1524
109 1719
109 1966
110 223
110 236
110 308
110 377
110 626
110 1224
110 1251
110 1585
110 1624
110 1865
110 1882
112 298
112 300
112 537
112 655
112 921
112 1026
112 1202
112 1242
112 1896
112 1978
113 279
113 369
113 380
113 487
113 563
113 1397
113 1425
113 1665
113 1839
113 1928
116 409
116 511
116 734
116 779
116 814
116 1010
116 1146
116 1161
116 1209
116 1300
116 1559
116 1631
116 1753
116 1847
116 1854
131 226
131 318
131 513
131 1652
131 1955
132 313
132 1227
132 1618
136 1043
136 1196
136 1388
137 233
137 295
137 942
137 1724
137 1729
146 921
180 921
180 955
185 921
246 1973
307 921
432 655
489 655
549 1973
606 1935
623 1935
645 655
655 891
655 955
655 1069
655 1338
655 1935
655 1973
672 823
672 921
672 1082
672 1236
672 1403
807 1973
921 1501
921 1507
921 1529
921 1537
951 955
955 1156
955 1236
955 1480
1608 1935
1726 1973
1865 1935
