1 91
1 369
2 91
2 369
3 91
3 195
3 504
4 91
5 91
5 504
6 369
14 504
26 195
28 195
37 91
40 504
65 504
70 622
71 91
83 91
90 91
91 127
91 129
91 130
91 132
91 136
91 148
91 157
91 177
91 178
91 179
91 189
91 193
91 194
91 197
91 204
91 287
91 296
91 297
91 298
91 308
91 332
91 364
91 454
91 457
91 474
91 478
91 485
91 503
91 504
91 505
91 507
91 515
91 516
91 525
91 540
91 543
91 551
91 555
91 565
91 570
91 601
91 611
91 612
91 613
91 614
91 615
91 616
91 617
91 618
91 619
91 620
91 621
91 622
91 623
91 624
91 625
91 626
91 627
91 628
91 629
91 630
91 631
91 632
91 633
91 634
91 635
91 636
91 637
91 638
91 639
91 640
91 641
91 642
91 643
91 644
91 645
91 646
91 647
91 648
91 649
91 650
91 651
91 652
91 653
91 654
91 655
91 656
91 657
91 658
91 659
91 660
91 661
91 662
91 663
91 664
91 665
91 666
91 667
91 668
91 669
91 670
91 671
91 672
91 673
91 674
91 675
91 676
91 677
91 678
91 679
91 680
91 681
91 682
91 683
91 684
91 685
91 686
91 687
91 688
91 689
91 690
91 691
91 692
91 693
91 694
91 695
95 504
107 504
109 504
113 369
120 504
124 1539
143 369
145 504
177 195
182 195
195 296
195 310
195 374
195 447
195 504
195 553
195 583
195 615
195 717
195 1089
195 1131
195 1140
195 1552
195 1628
195 1674
195 1677
203 369
250 369
298 504
298 622
300 504
303 1273
311 369
353 504
361 504
364 504
369 504
369 526
369 597
369 680
369 681
369 709
369 896
369 1038
369 1285
369 1317
369 1318
369 1488
369 1499
369 1536
369 1537
369 1538
369 1539
369 1540
369 1541
373 504
392 504
419 622
423 504
449 622
451 1541
453 504
461 504
504 506
504 511
504 517
504 696
504 701
504 703
504 716
504 745
504 757
504 787
504 806
504 840
504 881
504 914
504 940
504 957
504 1055
504 1073
504 1091
504 1094
504 1153
504 1222
504 1267
504 1268
504 1269
504 1270
504 1271
504 1272
504 1273
504 1274
504 1275
504 1276
504 1277
504 1278
504 1279
504 1280
504 1281
504 1282
504 1283
504 1284
574 1539
612 622
622 911
622 1283
622 1304
622 1459
622 1572
622 1864
628 1273
715 1273
736 1273
867 1273
941 1541
956 1541
1014 1539
1083 1539
1196 1539
1273 1307
1541 1579
