0 11
0 13
0 14
0 23
0 26
0 27
0 37
0 40
0 50
0 65
0 89
1 14
1 91
1 178
1 277
1 371
1 373
1 392
1 395
1 399
1 401
1 413
1 414
1 420
1 425
1 434
1 439
2 91
2 178
2 342
2 371
2 373
2 456
2 468
2 471
2 472
2 474
2 476
2 486
3 26
3 91
3 197
3 297
3 503
3 504
3 505
3 507
3 516
3 525
3 528
3 533
3 534
3 540
3 543
3 547
3 551
3 552
3 555
3 565
3 569
3 570
3 579
3 580
3 582
3 586
3 587
3 589
3 593
3 600
3 601
4 91
4 119
4 601
4 631
4 702
4 747
4 791
4 837
4 840
4 844
4 845
4 847
4 849
4 864
4 865
4 869
5 13
5 14
5 91
5 262
5 395
5 401
5 504
5 656
5 702
5 889
5 894
5 897
5 900
5 904
6 178
6 357
6 361
6 399
6 503
6 505
6 507
6 586
6 623
6 649
6 659
6 663
6 774
6 973
6 1057
6 1059
6 1061
6 1063
6 1073
6 1078
7 334
7 346
7 356
7 395
7 525
7 616
7 617
7 849
7 904
7 982
7 1091
7 1145
7 1152
7 1153
7 1164
8 130
8 305
8 336
8 353
8 456
8 474
8 505
8 616
8 617
8 630
8 825
8 1193
8 1200
8 1211
9 142
9 976
9 1059
9 1278
9 1386
9 1412
9 1414
9 1415
10 297
10 392
10 617
10 623
10 645
10 1153
10 1238
10 1348
10 1431
11 41
11 143
11 181
11 295
11 368
11 459
11 747
11 748
11 1218
11 1343
11 1498
12 65
12 352
12 551
12 781
12 976
12 1544
12 1583
13 90
13 184
13 368
13 450
13 814
13 1353
13 1414
13 1585
13 1586
13 1587
13 1588
14 244
14 301
14 313
14 504
14 706
14 757
14 1017
14 1022
14 1093
14 1139
14 1453
14 1612
14 1613
14 1614
15 224
15 635
16 505
16 628
17 297
17 747
17 929
17 1153
18 335
18 472
18 625
18 658
18 701
18 1630
18 1643
18 1696
18 1698
19 178
19 297
20 297
20 505
20 1255
20 1438
20 1553
21 178
21 660
23 98
23 145
23 197
23 209
23 214
23 290
23 1057
23 1172
23 1218
23 1438
23 1885
24 616
24 631
24 1061
25 807
25 1725
26 195
26 222
26 297
26 368
26 575
26 1039
26 1181
26 1204
26 1295
26 1382
26 1440
26 1514
26 1872
26 1893
26 1895
27 193
27 296
27 368
27 618
27 1179
27 1287
27 1479
28 615
28 1045
28 1255
28 1727
29 1230
30 373
30 904
30 958
30 1238
30 1828
33 233
33 1345
34 979
34 1438
36 1345
37 91
37 302
37 414
37 439
37 521
37 958
37 1169
37 1341
37 1431
37 1464
37 1465
37 1574
37 1577
37 1834
37 1961
39 40
40 133
40 152
40 504
40 911
40 1631
40 1710
40 1953
40 1962
40 1972
41 1473
42 251
42 1876
43 1506
43 1774
44 1059
45 225
45 982
46 642
46 1472
46 1620
48 1178
48 1287
49 865
50 52
50 193
50 297
50 548
50 1095
51 335
51 632
52 580
52 1651
53 1659
54 1105
55 688
56 425
56 1854
57 281
57 1544
58 663
58 1660
59 1270
60 140
61 653
63 1453
64 1019
64 1271
65 504
65 1002
65 1097
65 1098
65 1986
66 587
66 764
66 1289
70 305
70 622
71 91
71 516
72 580
72 702
72 1211
73 233
73 894
74 647
75 701
75 1655
78 992
79 253
80 1750
81 778
81 978
83 91
83 615
84 684
87 964
88 289
89 619
89 1823
89 1943
89 1998
90 91
90 107
90 119
90 120
90 121
90 127
90 129
90 130
90 132
90 136
90 140
91 127
91 129
91 130
91 132
91 136
91 148
91 157
91 177
91 178
91 179
91 189
91 193
91 194
91 197
91 204
91 287
91 296
91 297
91 298
91 308
91 332
91 364
91 454
91 457
91 474
91 478
91 485
91 503
91 504
91 505
91 507
91 515
91 516
91 525
91 540
91 543
91 551
91 555
91 565
91 570
91 601
91 611
91 612
91 613
91 614
91 615
91 616
91 617
91 618
91 619
91 620
91 621
91 622
91 623
91 624
91 625
91 626
91 627
91 628
91 629
91 630
91 631
91 632
91 633
91 634
91 635
91 636
91 637
91 638
91 639
91 640
91 641
91 642
91 643
91 644
91 645
91 646
91 647
91 648
91 649
91 650
91 651
91 652
91 653
91 654
91 655
91 656
91 657
91 658
91 659
91 660
91 661
91 662
91 663
91 664
91 665
91 666
91 667
91 668
91 669
91 670
91 671
91 672
91 673
91 674
91 675
91 676
91 677
91 678
91 679
91 680
91 681
91 682
91 683
91 684
91 685
91 686
91 687
91 688
91 689
91 690
91 691
91 692
91 693
91 694
91 695
92 107
92 634
92 701
92 747
92 778
92 791
92 793
92 805
92 806
92 807
92 808
92 812
93 752
93 766
93 825
93 913
93 1255
93 1265
93 1266
94 297
94 534
94 689
94 1057
95 504
95 507
95 756
95 1017
95 1615
96 129
96 297
96 687
96 693
96 758
96 900
96 913
96 1107
96 1620
96 1621
97 281
98 1654
98 1872
99 837
99 1265
100 1030
100 1314
100 1346
100 1878
101 1620
103 107
103 1465
103 1713
104 1030
105 638
105 913
106 847
106 1289
107 504
107 539
107 938
107 1223
108 120
109 257
109 504
109 551
109 579
109 869
109 1063
114 555
114 1094
116 1300
116 1854
117 756
119 180
119 323
119 1193
120 504
120 746
120 1185
120 1842
120 1880
121 519
121 863
121 886
121 892
121 973
121 1147
121 1351
121 1936
124 627
124 1232
125 1544
126 474
126 701
127 149
127 520
127 1086
127 1196
129 567
129 998
129 1128
129 1312
129 1569
129 1958
130 597
130 746
130 1144
130 1578
131 1652
132 313
132 1227
132 1618
133 1091
133 1453
134 1752
135 1713
136 1043
136 1196
136 1388
137 233
137 942
140 701
140 1322
140 1561
141 142
141 148
141 156
141 157
141 158
141 164
142 177
142 178
142 222
142 296
142 382
142 436
142 453
142 768
142 777
142 795
142 831
142 977
142 1105
142 1152
142 1178
142 1184
142 1358
142 1366
142 1428
142 1468
142 1469
142 1470
142 1471
142 1472
143 615
143 1091
143 1118
143 1164
143 1473
144 178
144 636
144 1431
144 1485
145 373
145 504
145 528
145 647
145 650
145 682
145 791
145 821
145 1094
145 1229
145 1294
145 1300
146 653
146 767
146 991
146 1270
146 1282
147 200
147 543
147 738
147 865
147 1107
148 181
148 296
148 524
148 613
148 998
148 1410
148 1482
148 1698
148 1703
148 1725
148 1726
148 1727
149 625
149 1091
149 1545
149 1630
149 1728
150 178
150 257
150 371
150 635
150 1193
151 240
151 334
151 395
151 505
151 686
151 939
151 970
151 992
151 1412
151 1586
152 503
152 547
152 631
152 643
152 654
152 673
152 844
152 992
152 1339
153 534
153 1854
154 738
154 1288
154 1431
154 1698
155 702
155 1925
156 178
156 209
156 284
156 378
156 481
156 1114
156 1196
156 1596
157 753
157 1067
157 1451
157 1555
157 1806
157 1927
158 181
158 511
158 616
158 704
158 1567
159 600
163 688
163 1925
164 212
164 306
164 739
164 1235
164 1607
164 1625
164 1732
164 1882
164 1918
165 690
165 1287
165 1639
167 1269
169 1239
170 586
173 533
174 641
174 1193
177 178
177 197
177 200
177 212
177 224
177 225
177 230
177 233
177 238
177 240
177 243
177 251
177 253
177 254
177 257
177 262
177 265
177 268
177 277
177 281
177 287
177 289
177 290
178 184
178 185
178 186
178 225
178 230
178 295
178 347
178 364
178 365
178 368
178 370
178 478
178 506
178 518
178 528
178 611
178 614
178 621
178 629
178 664
178 670
178 746
178 747
178 748
178 749
178 750
178 751
178 752
178 753
178 754
178 755
178 756
178 757
178 758
178 759
178 760
178 761
178 762
178 763
178 764
178 765
178 766
178 767
178 768
178 769
178 770
178 771
178 772
178 773
178 774
178 775
178 776
178 777
178 778
178 779
178 780
178 781
178 782
178 783
178 784
178 785
178 786
179 200
179 507
179 516
179 654
179 694
179 821
179 825
179 831
179 833
180 233
180 262
180 297
180 503
180 615
180 645
180 686
180 780
180 805
180 847
180 913
180 918
180 922
180 923
180 925
180 927
180 929
180 933
180 939
180 940
180 942
180 953
180 957
180 958
180 964
180 966
181 305
181 593
181 683
181 702
181 833
181 837
181 929
181 991
181 1016
181 1017
181 1019
181 1022
181 1030
181 1039
181 1045
182 373
182 503
182 1022
182 1306
182 1314
182 1315
183 197
183 505
183 619
183 1345
183 1346
183 1348
184 297
184 807
184 1426
184 1428
185 290
185 623
185 756
185 964
186 702
186 755
186 967
186 978
186 1285
186 1428
187 619
187 658
187 979
187 982
187 1057
187 1420
187 1506
188 297
188 665
188 1287
189 648
189 774
189 978
189 1279
189 1386
189 1551
190 289
190 297
190 763
190 793
191 1577
192 342
192 628
192 677
192 716
192 825
192 833
192 1107
192 1240
192 1353
192 1386
192 1463
193 507
193 516
193 525
193 543
193 833
193 849
193 1164
193 1293
194 371
194 669
194 673
194 831
194 1639
194 1659
195 504
195 615
196 305
196 1267
196 1651
197 265
197 303
197 626
197 749
197 975
197 1182
197 1281
197 1306
197 1719
197 1720
198 352
198 918
199 1750
200 295
200 418
200 464
200 747
202 840
202 1768
203 646
204 516
204 657
204 1437
205 336
205 633
205 1472
205 1813
206 747
206 1463
207 1270
207 1414
207 1774
207 1828
208 923
209 305
209 667
209 1341
209 1833
210 251
211 297
211 625
211 765
211 927
211 1239
212 253
212 309
212 336
212 472
212 507
212 611
212 1258
212 1275
212 1314
212 1322
212 1432
212 1463
212 1566
212 1786
212 1887
213 353
213 671
214 646
215 1022
216 659
217 1725
218 685
219 1784
219 1852
219 1954
220 1249
220 1288
220 1551
222 1891
223 663
223 678
224 297
224 349
224 705
224 1343
225 370
225 532
225 705
225 709
225 1720
225 1941
226 579
226 686
226 894
226 925
226 1279
226 1426
226 1912
227 1073
228 669
228 918
229 547
229 966
230 915
230 1235
230 1250
230 1352
230 1401
230 1488
230 1851
232 805
232 1269
233 450
233 516
233 1883
233 1951
233 1981
236 967
237 486
237 677
237 1760
237 1774
238 295
238 747
238 872
238 1069
238 1398
238 1730
239 1597
240 299
240 328
240 631
242 694
242 970
243 703
243 878
243 972
243 1107
243 1236
244 1813
244 1826
245 476
248 555
248 776
248 1752
249 1471
249 1577
249 1808
250 265
250 649
250 1984
251 918
251 1011
253 300
253 930
253 986
253 1168
253 1497
254 475
254 922
254 1055
254 1573
254 1702
257 310
257 918
257 1124
257 1860
258 1129
259 624
259 701
260 692
260 812
260 1828
262 628
262 1515
262 1604
264 555
264 1872
265 323
265 710
265 1884
267 631
267 1353
268 699
268 1287
268 1516
268 1523
268 1934
275 1752
276 889
276 1358
277 291
277 840
277 1210
277 1610
277 1669
277 1840
280 847
281 616
281 1512
284 1353
287 315
287 1642
287 1671
287 1684
288 1285
289 313
289 625
289 1723
290 1572
290 1785
293 615
293 1346
295 297
295 305
295 331
295 332
295 334
295 335
295 336
295 342
295 346
295 347
295 352
295 353
295 356
295 357
295 359
295 361
296 297
296 371
296 434
296 503
296 505
296 701
296 702
296 716
296 738
296 742
296 745
297 356
297 387
297 400
297 401
297 420
297 450
297 470
297 547
297 561
297 579
297 613
297 618
297 629
297 697
297 749
297 750
297 770
297 775
297 805
297 865
297 894
297 917
297 922
297 953
297 964
297 967
297 968
297 969
297 970
297 971
297 972
297 973
297 974
297 975
297 976
297 977
297 978
297 979
297 980
297 981
297 982
297 983
297 984
297 985
298 504
298 622
298 752
298 918
298 990
298 991
298 992
299 641
299 676
299 759
299 1107
299 1152
299 1220
299 1222
299 1229
299 1230
299 1232
299 1233
300 347
300 504
300 624
300 766
300 913
300 1129
300 1230
300 1386
300 1389
301 534
301 1271
301 1407
302 645
302 793
303 631
303 636
303 647
303 894
303 1282
303 1553
304 760
304 1274
304 1639
304 1643
305 365
305 380
305 532
305 607
305 611
305 825
305 837
305 923
305 934
305 1145
305 1171
305 1189
305 1598
305 1651
305 1652
305 1653
305 1654
305 1655
305 1656
306 1651
306 1703
306 1704
307 456
307 615
307 1193
307 1621
308 660
308 671
308 806
309 335
309 392
309 505
309 628
309 648
309 663
309 847
310 356
310 413
310 651
310 837
310 913
310 1238
310 1418
311 476
311 505
311 755
312 619
312 942
312 1912
313 616
313 638
313 759
313 1506
313 1727
315 600
315 619
315 970
316 624
316 1094
317 642
318 1895
319 1126
319 1301
319 1727
320 1760
320 1891
321 543
321 761
321 837
322 657
323 682
323 763
324 658
325 331
325 635
325 793
325 1293
327 666
327 1715
328 667
329 648
330 632
330 1126
330 1266
330 1439
330 1583
331 380
331 1107
331 1413
331 1421
331 1536
331 1623
331 1901
332 437
332 519
332 1172
332 1268
332 1633
334 1453
334 1522
334 1524
334 1992
335 922
336 1413
336 1667
336 1773
337 668
338 1909
339 849
340 1437
341 676
341 1348
342 837
342 886
343 942
343 973
343 1249
344 503
344 534
344 1091
345 1220
346 625
346 945
346 1109
346 1740
347 479
347 1436
347 1926
348 533
348 665
348 1630
348 1876
349 1419
352 721
352 747
352 1803
352 1955
353 436
353 504
353 744
353 1956
354 565
354 646
355 1346
356 451
356 1168
356 1234
357 410
357 501
357 534
357 1839
359 893
359 984
359 1065
359 1949
360 1909
361 504
361 924
361 1880
364 504
364 525
364 555
364 616
364 678
364 701
364 745
364 897
364 1091
364 1094
364 1102
364 1105
365 540
365 555
365 650
365 1016
365 1045
365 1107
365 1118
365 1126
365 1129
366 471
366 528
366 624
366 627
366 632
366 765
366 845
366 1178
366 1182
366 1184
366 1189
367 616
367 694
367 764
367 869
367 1061
367 1220
367 1249
367 1253
368 507
368 565
368 637
368 641
368 755
368 781
368 1039
368 1269
368 1288
368 1375
368 1382
369 504
369 681
369 1285
370 528
370 674
370 1229
370 1241
370 1346
370 1485
371 507
371 607
371 1010
371 1232
371 1447
371 1610
371 1611
373 384
373 486
373 504
373 754
373 872
373 925
373 1325
373 1389
373 1673
373 1773
373 1774
374 653
376 632
376 634
376 683
376 1300
376 1375
376 1437
376 1553
376 1615
377 627
377 773
377 1182
378 474
378 661
378 929
378 1200
378 1249
378 1276
378 1473
379 808
379 889
379 1426
380 540
380 555
380 636
380 1621
381 771
381 837
381 1418
381 1787
382 773
382 840
382 1285
382 1358
383 742
383 942
384 643
384 758
384 849
384 1091
384 1184
384 1274
385 534
385 927
386 1057
386 1784
387 756
388 439
388 668
388 1178
389 516
389 617
389 1651
390 693
390 1577
391 1652
392 504
392 838
392 1370
393 1189
393 1239
394 399
394 922
395 760
395 893
395 1205
395 1411
396 1415
397 651
398 978
399 455
399 516
399 947
399 1197
399 1672
399 1688
399 1761
400 640
401 466
401 712
401 1384
401 1422
401 1549
401 1550
403 507
403 660
405 808
405 1152
405 1728
406 1954
407 1673
409 1301
410 702
410 1271
410 1895
411 676
412 776
412 1232
413 1287
413 1478
413 1513
413 1528
413 1796
413 1805
413 1880
413 1904
413 1981
414 506
414 975
414 1397
414 1498
414 1503
414 1913
416 645
416 1417
416 1420
419 622
419 1414
420 453
420 706
420 1135
420 1594
421 1375
421 1895
423 504
423 525
424 1059
425 925
425 1175
425 1581
426 637
426 970
431 990
432 807
434 478
434 804
434 925
436 579
439 1119
439 1136
441 640
442 666
442 918
442 1232
443 793
443 1306
446 619
446 624
446 651
446 1566
448 640
448 654
448 678
448 967
448 1057
448 1586
448 1588
449 579
449 622
449 623
449 638
449 1222
449 1287
449 1571
449 1760
450 456
450 643
450 958
450 970
450 1145
450 1229
450 1287
450 1784
450 1787
451 547
451 635
451 805
451 844
451 978
451 1288
451 1586
451 1613
451 1760
452 468
452 894
452 973
452 1078
452 1233
452 1586
452 1715
453 504
453 649
454 503
454 507
454 776
455 1784
456 505
456 997
456 1395
456 1623
457 693
457 1643
457 1654
459 923
459 1428
461 504
461 582
462 471
464 1949
465 1412
468 616
468 983
468 987
468 1135
468 1187
468 1590
468 1661
468 1848
468 1942
470 616
470 1984
471 517
471 576
471 1091
471 1846
472 714
472 983
472 1175
472 1819
472 1885
473 534
473 1750
474 819
474 1435
475 864
476 1107
476 1487
477 582
479 1249
480 1299
482 773
484 1241
484 1255
485 625
486 559
486 1352
492 831
493 649
493 1078
494 1415
495 688
496 1760
497 646
497 1415
497 1826
498 589
499 582
499 1045
501 1255
501 1300
503 517
503 552
503 703
503 836
503 914
503 1060
503 1061
503 1181
503 1196
503 1235
503 1236
503 1237
503 1238
503 1239
503 1240
503 1241
503 1242
503 1243
503 1244
503 1245
503 1246
504 506
504 511
504 517
504 696
504 701
504 703
504 716
504 745
504 757
504 787
504 806
504 840
504 881
504 914
504 940
504 957
504 1055
504 1073
504 1091
504 1094
504 1153
504 1222
504 1267
504 1268
504 1269
504 1270
504 1271
504 1272
504 1273
504 1274
504 1275
504 1276
504 1277
504 1278
504 1279
504 1280
504 1281
504 1282
504 1283
504 1284
505 511
505 561
505 587
505 699
505 714
505 742
505 751
505 812
505 837
505 849
505 887
505 904
505 990
505 1055
505 1200
505 1211
505 1220
505 1265
505 1284
505 1285
505 1286
505 1287
505 1288
505 1289
505 1290
505 1291
505 1292
505 1293
505 1294
505 1295
505 1296
505 1297
505 1298
505 1299
505 1300
505 1301
506 752
506 766
507 534
507 541
507 550
507 900
507 913
507 1063
507 1138
507 1323
507 1353
507 1386
507 1417
507 1418
507 1419
507 1420
508 845
508 1039
508 1358
508 1544
508 1545
509 669
510 543
510 783
510 837
510 1294
511 634
511 647
511 683
511 692
511 1059
511 1293
511 1382
511 1630
512 1118
513 642
513 758
515 617
515 627
515 1063
515 1267
516 539
516 751
516 782
516 886
516 1139
516 1141
516 1168
516 1432
517 540
517 821
517 1768
518 627
518 763
518 1253
518 1353
518 1673
518 1852
519 1358
520 633
520 1852
521 1606
522 593
522 640
522 1448
522 1876
523 661
523 1211
523 1639
524 913
525 527
525 529
525 539
525 802
525 1129
525 1205
525 1214
525 1506
526 679
526 840
526 990
527 869
527 940
527 1063
528 1018
528 1451
528 1512
528 1736
529 552
529 1239
529 1271
529 1415
530 967
530 1145
530 1407
530 1412
532 1417
533 613
533 837
533 882
533 1139
533 1605
533 1881
534 538
534 670
534 719
534 929
534 1070
534 1375
534 1878
535 1473
538 771
538 1704
539 615
539 1200
540 1692
540 1932
541 973
541 1061
542 1588
543 695
543 847
543 992
543 1013
543 1242
543 1553
543 1734
544 552
544 897
545 630
546 786
546 791
547 1077
547 1231
547 1261
547 1557
547 1913
549 678
549 701
550 633
550 716
550 1306
550 1833
551 969
551 1132
551 1385
551 1487
551 1888
551 1921
552 749
552 795
552 1625
553 940
554 637
554 922
555 895
555 1019
555 1027
555 1448
555 1719
556 1588
557 1752
558 701
558 1091
559 923
560 1241
562 635
564 759
565 589
565 746
565 1164
565 1233
565 1515
565 1734
565 1830
565 1978
567 760
568 1230
569 705
569 1032
569 1117
569 1255
569 1408
569 1522
569 1825
569 1831
569 1857
570 748
570 769
570 910
570 1010
570 1979
571 633
571 1346
572 765
573 1294
574 763
575 1647
577 648
577 1240
579 1733
580 616
580 1221
580 1423
582 625
582 777
582 1323
582 1340
585 763
586 837
586 915
586 948
586 1782
587 802
587 887
588 1826
589 988
589 1411
589 1792
592 966
593 631
593 841
593 1747
595 1431
596 668
596 865
596 1094
596 1713
597 766
598 1784
600 793
600 1503
601 1396
601 1508
607 667
608 686
610 1253
611 646
611 651
611 752
611 766
611 922
611 957
611 967
611 982
611 1184
611 1255
611 1315
611 1339
611 1341
612 622
612 781
612 1189
612 1471
614 925
614 1752
615 951
615 1255
615 1339
615 1407
615 1770
615 1771
616 790
616 807
616 918
616 1059
616 1160
616 1263
616 1286
616 1387
616 1426
616 1606
616 1659
616 1704
616 1713
616 1826
616 1827
616 1828
616 1829
616 1830
617 909
617 1257
617 1359
617 1522
617 1604
617 1834
619 788
619 980
619 1117
619 1118
619 1140
619 1147
619 1424
619 1752
620 632
620 660
620 684
620 837
620 1910
622 911
622 1283
622 1304
622 1459
622 1572
622 1864
623 928
623 1018
623 1610
623 1934
623 1935
624 819
624 986
624 1385
624 1470
624 1611
624 1662
624 1728
624 1912
625 697
625 708
625 845
625 1043
625 1473
625 1554
625 1626
625 1630
625 1791
625 1820
625 1852
625 1949
626 942
626 1299
626 1471
626 1728
626 1768
627 1494
628 817
628 1066
628 1273
628 1597
628 1615
628 1715
628 1808
630 1324
630 1334
630 1537
630 1618
630 1811
630 1822
631 927
631 942
631 1150
631 1277
631 1545
631 1773
631 1846
631 1976
632 801
632 910
632 974
632 997
632 1151
632 1454
632 1910
633 853
633 1323
633 1513
633 1825
634 872
634 1366
635 853
635 1614
636 746
636 785
636 933
636 939
636 1230
636 1437
636 1601
636 1656
636 1865
637 708
637 750
637 1154
637 1649
638 675
638 1680
639 689
639 745
639 1728
640 787
640 888
641 881
641 1151
641 1349
641 1369
641 1469
641 1911
642 696
642 950
642 1058
643 969
643 1500
643 1624
643 1976
644 668
645 655
645 719
645 991
645 1030
645 1210
645 1544
645 1782
645 1839
646 801
646 1156
646 1342
646 1481
646 1653
647 1236
647 1791
648 919
649 988
649 1268
650 710
650 962
650 1744
650 1820
651 1944
652 677
652 953
652 1420
652 1725
653 788
654 1196
654 1208
656 1095
656 1354
656 1665
657 836
657 839
657 1492
657 1540
657 1662
657 1860
657 1905
658 750
658 1405
659 888
659 959
659 1398
661 1066
661 1150
662 911
662 1192
662 1403
662 1946
663 898
665 1014
665 1323
666 800
666 914
666 1141
666 1947
667 959
667 1302
667 1879
667 1960
668 1108
668 1169
668 1350
668 1669
669 924
669 1481
671 863
671 1292
671 1425
671 1564
671 1941
672 823
672 921
672 1082
672 1236
672 1403
673 932
673 1371
674 972
674 1036
674 1367
674 1714
676 1520
677 1010
677 1755
677 1929
679 798
679 1120
679 1140
679 1951
680 1630
681 1068
681 1093
681 1275
682 1520
682 1880
683 1546
684 851
684 1226
684 1340
684 1618
685 988
685 1297
685 1695
686 1758
687 920
687 986
687 1160
687 1841
688 851
689 1246
689 1504
690 714
690 1722
690 1882
691 1325
691 1781
691 1800
691 1972
692 1010
692 1331
693 768
694 1523
695 1287
696 889
696 1437
696 1438
696 1439
697 897
697 1660
698 967
699 1289
699 1417
701 917
701 985
701 1128
701 1223
702 1221
702 1417
702 1768
702 1770
702 1788
702 1905
702 1924
704 1878
705 1389
706 758
707 1073
708 1289
709 1153
709 1418
710 778
710 1019
710 1270
710 1713
713 933
715 756
715 1833
716 1770
717 1652
724 1872
727 990
731 759
731 1652
734 780
734 1887
738 1193
738 1403
741 1230
742 787
742 835
745 1790
746 1107
746 1267
746 1463
746 1465
747 757
747 818
747 928
747 966
747 1010
747 1415
747 1571
747 1572
748 1233
748 1431
749 1118
749 1808
751 927
751 1698
752 1208
754 774
755 762
755 792
755 983
755 1114
755 1146
755 1272
755 1349
755 1755
756 961
756 1324
756 1761
757 1016
757 1659
758 1427
759 911
759 1021
759 1398
759 1932
759 1974
760 1139
760 1185
760 1443
760 1574
760 1607
760 1757
760 1906
761 818
761 1411
761 1585
761 1996
762 1222
762 1655
763 1323
763 1573
763 1609
763 1756
764 1092
764 1290
764 1329
764 1388
765 790
765 1347
765 1401
765 1955
766 981
766 1663
766 1687
767 1023
767 1322
767 1464
769 837
769 1545
771 1257
771 1275
771 1650
771 1664
771 1893
771 1972
772 1471
772 1949
773 1572
773 1978
774 1201
775 1696
776 896
777 1233
778 779
778 1000
778 1837
780 1090
780 1402
780 1874
780 1975
781 1179
783 934
783 1244
783 1455
784 797
784 1395
784 1396
784 1837
786 1507
786 1511
786 1751
787 1240
787 1647
788 845
788 1200
790 1126
791 1124
791 1193
791 1323
791 1455
792 1102
793 1347
793 1353
793 1388
793 1512
793 1696
793 1770
793 1960
794 1265
796 1017
796 1061
797 929
797 1105
799 1606
804 1866
806 1223
806 1978
807 1514
807 1829
807 1973
808 1353
808 1522
812 1512
812 1869
814 1673
815 1270
815 1613
815 1750
815 1887
816 1253
816 1271
816 1920
817 964
817 1673
817 1725
818 1419
821 922
821 1598
821 1616
821 1914
821 1970
821 1998
825 949
825 1206
825 1656
826 1727
827 1878
828 1626
829 1240
831 1138
831 1598
833 925
835 1453
836 992
836 1626
837 1193
837 1263
837 1374
837 1521
837 1639
837 1766
838 900
839 1726
840 911
840 1126
840 1226
840 1323
840 1865
840 1866
844 913
844 1286
844 1862
845 1028
845 1821
845 1861
845 1900
845 1907
847 937
847 1944
847 1968
849 874
849 1161
849 1917
850 1909
852 1220
854 889
854 1660
858 1431
864 1044
864 1151
864 1417
864 1634
864 1987
865 1455
867 897
869 1094
871 992
880 1577
880 1639
881 1597
882 1726
882 1891
883 1078
883 1238
883 1296
883 1813
884 1296
885 1255
885 1269
886 1621
886 1647
888 1984
889 899
889 925
889 1079
889 1172
892 1301
893 1301
893 1774
894 1568
894 1827
895 1660
897 913
897 1803
898 1715
899 1813
900 1236
900 1800
903 1891
904 1741
906 970
906 1910
907 964
909 976
910 953
910 1353
910 1358
911 979
911 1615
912 1296
912 1414
912 1597
912 1696
913 1016
913 1210
913 1277
913 1346
913 1452
913 1647
913 1662
913 1750
913 1777
913 1786
913 1833
915 991
918 1045
918 1142
918 1487
918 1779
918 1790
918 1955
922 968
922 1067
922 1245
922 1617
922 1766
922 1784
922 1787
922 1888
923 1010
924 1280
925 1055
925 1345
925 1583
925 1643
925 1891
927 1753
928 976
929 1147
929 1378
929 1408
929 1672
929 1760
929 1763
929 1941
930 1102
930 1255
931 1920
933 1037
933 1192
933 1763
934 1240
934 1348
939 998
939 1143
939 1324
940 968
940 1365
940 1591
940 1605
940 1967
941 1891
942 1614
944 1925
947 1274
949 1269
951 1266
951 1949
952 1017
952 1583
953 1767
957 999
957 1318
958 1154
958 1685
959 1417
962 1298
964 1612
966 1254
967 1079
967 1425
967 1906
967 1918
969 1184
969 1571
970 1060
970 1291
970 1348
970 1485
970 1763
970 1954
971 1091
973 1060
973 1229
973 1249
973 1405
973 1579
973 1734
973 1813
974 1448
976 1092
977 1630
979 1113
980 1298
985 1615
986 1407
987 1713
988 1059
990 1005
990 1060
990 1093
990 1305
990 1329
991 1368
991 1637
992 1884
994 1118
994 1954
996 1551
1000 1419
1004 1949
1005 1866
1007 1566
1009 1826
1010 1296
1010 1448
1013 1249
1014 1439
1016 1097
1016 1244
1016 1452
1016 1689
1016 1793
1017 1067
1017 1914
1019 1325
1019 1379
1019 1546
1019 1883
1022 1711
1022 1906
1026 1878
1027 1306
1029 1289
1030 1055
1030 1972
1031 1211
1031 1439
1033 1439
1034 1270
1034 1389
1039 1366
1040 1306
1041 1703
1045 1398
1048 1282
1055 1299
1055 1382
1055 1713
1055 1715
1056 1078
1057 1423
1057 1861
1057 1919
1059 1552
1059 1558
1059 1705
1060 1105
1061 1433
1061 1444
1061 1678
1063 1454
1067 1866
1070 1417
1072 1453
1073 1194
1073 1204
1078 1094
1082 1094
1083 1348
1083 1358
1085 1241
1088 1091
1088 1270
1090 1282
1091 1235
1091 1712
1091 1777
1091 1854
1091 1855
1093 1725
1094 1102
1094 1324
1094 1423
1094 1554
1094 1926
1094 1952
1096 1389
1096 1855
1097 1255
1098 1439
1098 1465
1102 1447
1102 1964
1103 1243
1104 1293
1104 1910
1107 1125
1107 1135
1107 1193
1107 1663
1107 1664
1108 1597
1113 1613
1115 1129
1116 1673
1117 1566
1118 1556
1118 1850
1118 1989
1120 1271
1122 1280
1122 1473
1123 1647
1125 1698
1126 1563
1126 1690
1126 1714
1126 1794
1133 1453
1137 1566
1138 1279
1139 1253
1141 1145
1142 1255
1142 1274
1146 1341
1149 1654
1150 1389
1152 1624
1154 1345
1155 1626
1161 1639
1164 1599
1164 1953
1171 1239
1171 1279
1171 1315
1171 1696
1171 1726
1171 1808
1172 1855
1173 1267
1173 1269
1173 1787
1175 1615
1177 1239
1177 1315
1178 1257
1182 1482
1182 1502
1182 1682
1182 1789
1183 1346
1184 1667
1184 1722
1188 1296
1188 1348
1189 1797
1190 1299
1193 1305
1193 1412
1193 1712
1193 1802
1193 1909
1194 1728
1195 1659
1196 1652
1197 1276
1203 1808
1205 1285
1208 1282
1214 1345
1214 1566
1215 1265
1220 1261
1220 1731
1222 1744
1225 1726
1232 1634
1236 1571
1237 1267
1238 1970
1239 1440
1239 1926
1239 1950
1239 1967
1240 1387
1241 1325
1241 1460
1241 1480
1241 1584
1242 1920
1243 1524
1243 1585
1243 1781
1243 1820
1245 1586
1247 1285
1253 1353
1255 1551
1255 1665
1255 1667
1255 1925
1255 1926
1256 1768
1258 1417
1265 1322
1266 1353
1266 1525
1267 1488
1267 1599
1267 1720
1268 1703
1269 1450
1270 1986
1271 1754
1271 1959
1274 1680
1276 1436
1276 1602
1278 1387
1278 1587
1278 1864
1280 1504
1280 1684
1282 1441
1285 1676
1286 1551
1287 1315
1287 1621
1287 1829
1287 1879
1287 1952
1289 1521
1291 1826
1293 1374
1293 1742
1294 1490
1296 1600
1296 1814
1298 1308
1298 1567
1298 1802
1299 1758
1300 1325
1304 1314
1304 1872
1306 1459
1306 1665
1310 1314
1311 1654
1322 1389
1322 1606
1326 1954
1336 1426
1336 1453
1339 1492
1339 1515
1341 1543
1342 1437
1345 1730
1346 1601
1346 1921
1346 1975
1352 1431
1353 1439
1353 1672
1354 1855
1358 1467
1359 1417
1365 1415
1366 1431
1370 1876
1375 1410
1375 1631
1375 1771
1375 1858
1376 1453
1377 1453
1378 1643
1380 1439
1382 1404
1382 1677
1382 1951
1387 1439
1388 1866
1389 1572
1389 1660
1389 1688
1389 1876
1389 1920
1389 1984
1394 1854
1398 1566
1402 1912
1407 1736
1412 1548
1413 1652
1415 1423
1415 1442
1415 1547
1415 1894
1417 1620
1417 1986
1418 1579
1419 1590
1419 1990
1420 1841
1423 1726
1424 1826
1424 1833
1426 1478
1426 1600
1426 1807
1428 1623
1431 1871
1438 1598
1441 1620
1448 1552
1448 1997
1452 1545
1453 1861
1459 1655
1460 1826
1463 1844
1465 1538
1468 1925
1468 1949
1470 1571
1471 1764
1472 1714
1472 1805
1472 1843
1473 1591
1473 1974
1485 1587
1485 1881
1493 1566
1501 1588
1502 1852
1502 1855
1506 1582
1509 1626
1511 1583
1513 1639
1513 1703
1529 1887
1544 1916
1553 1618
1566 1933
1573 1891
1577 1578
1577 1612
1586 1834
1606 1734
1609 1626
1611 1920
1613 1867
1615 1778
1615 1959
1617 1647
1622 1813
1630 1665
1630 1940
1644 1828
1651 1931
1652 1915
1654 1907
1655 1766
1658 1750
1663 1768
1673 1917
1675 1713
1677 1703
1687 1876
1691 1912
1696 1844
1696 1850
1698 1902
1704 1893
1704 1916
1707 1887
1710 1984
1713 1924
1713 1931
1725 1834
1726 1973
1728 1901
1746 1854
1749 1828
1759 1895
1771 1910
1779 1787
1784 1788
1785 1895
1830 1925
1833 1892
1852 1958
1852 1961
1860 1872
1909 1972
