0 5
0 9
0 13
0 20
0 27
0 29
0 33
0 34
0 35
0 37
0 38
0 42
0 47
0 50
0 57
0 61
0 71
0 80
0 82
0 85
1 141
1 181
1 213
1 296
1 374
1 375
1 384
1 387
1 389
1 390
1 396
1 397
1 398
1 399
1 402
1 417
1 420
1 424
1 426
1 431
1 433
1 434
1 438
1 439
1 443
2 141
2 208
2 266
2 296
2 417
2 445
2 446
2 448
2 462
2 463
2 465
2 483
2 485
2 488
2 490
2 496
3 163
3 195
3 296
3 297
3 350
3 446
3 503
3 506
3 509
3 512
3 514
3 515
3 516
3 518
3 526
3 539
3 542
3 544
3 545
3 547
3 553
3 559
3 561
3 564
3 573
3 576
3 579
3 584
3 593
3 595
4 168
4 191
4 213
4 296
4 448
4 509
4 512
4 564
4 715
4 736
4 747
4 837
4 839
4 848
4 849
4 860
4 862
4 865
4 866
4 868
4 875
4 877
5 13
5 14
5 34
5 51
5 86
5 90
5 91
5 102
5 114
5 144
5 161
5 179
5 181
5 255
5 262
5 295
5 299
5 307
5 312
5 355
5 364
5 366
5 368
5 395
5 401
5 431
5 451
5 496
5 504
5 509
5 521
5 526
5 595
5 626
5 656
5 699
5 702
5 705
5 710
5 746
5 748
5 769
5 788
5 815
5 817
5 875
5 881
5 882
5 883
5 884
5 885
5 886
5 887
5 888
5 889
5 890
5 891
5 892
5 893
5 894
5 895
5 896
5 897
5 898
5 899
5 900
5 901
5 902
5 903
5 904
5 905
5 906
5 907
5 908
5 909
6 143
6 181
6 399
6 503
6 509
6 518
6 714
6 741
6 774
6 908
6 973
6 1037
6 1057
6 1061
6 1062
6 1063
6 1078
7 20
7 208
7 296
7 356
7 390
7 445
7 733
7 741
7 839
7 849
7 883
7 904
7 982
7 1108
7 1149
7 1157
7 1164
8 213
8 349
8 626
8 630
8 975
8 1206
8 1212
9 17
9 29
9 142
9 145
9 295
9 296
9 298
9 351
9 537
9 611
9 976
9 1059
9 1278
9 1327
9 1330
9 1386
9 1411
9 1412
9 1413
9 1414
9 1415
9 1416
10 297
10 485
10 1029
10 1434
11 143
11 181
11 747
11 748
12 302
12 463
12 509
12 515
12 792
12 1044
13 90
13 184
13 368
13 450
13 814
13 1353
13 1414
13 1585
13 1586
13 1587
13 1588
14 1017
14 1022
15 294
15 302
15 561
15 803
15 928
15 1014
16 374
16 1686
17 33
17 297
17 707
17 747
17 929
17 1012
18 33
18 170
18 191
18 335
18 490
18 701
18 886
18 1035
18 1062
18 1344
18 1694
18 1695
19 237
19 297
19 448
19 891
19 1519
20 151
20 297
20 354
20 505
20 652
20 697
20 974
20 1255
20 1438
20 1553
20 1618
20 1686
20 1772
21 358
23 1057
24 707
24 901
24 1043
24 1061
25 82
25 664
26 195
26 297
26 1039
26 1181
26 1440
27 193
27 296
27 368
27 618
27 1179
27 1287
27 1479
28 195
28 1045
28 1048
29 183
29 210
29 216
29 591
29 1000
29 1149
29 1157
29 1230
29 1367
29 1476
29 1507
29 1513
29 1617
29 1776
30 904
30 958
31 47
31 1482
33 181
33 233
33 611
33 1345
33 1475
34 86
34 214
34 303
34 511
34 979
34 1125
34 1183
34 1363
34 1399
34 1438
34 1526
34 1700
34 1864
35 141
35 300
35 882
35 1055
35 1423
36 1037
37 91
37 302
37 414
37 439
37 521
37 958
37 1169
37 1341
37 1431
37 1464
37 1465
37 1574
37 1577
37 1834
37 1961
38 296
38 314
38 449
38 813
38 1398
38 1783
38 1860
38 1945
39 223
39 465
41 1473
42 141
42 251
42 295
42 429
42 581
42 817
42 912
42 1457
42 1619
42 1744
42 1876
42 1942
43 171
45 982
45 1044
45 1302
47 207
47 448
47 563
47 1757
47 1770
48 279
48 302
48 584
48 734
48 977
48 1047
48 1050
49 865
50 52
50 193
50 297
50 548
50 1095
51 335
51 709
52 986
53 1659
54 141
54 302
55 1028
57 281
57 459
57 609
57 626
57 1060
57 1175
57 1544
57 1555
58 892
59 1050
60 584
61 296
61 308
61 653
61 882
61 1665
61 1684
61 1692
62 1742
63 770
64 1019
69 626
69 895
71 91
71 115
71 124
71 516
71 960
71 1723
74 512
75 701
76 1518
80 296
80 298
80 1150
80 1750
80 1967
81 1430
82 181
82 1154
82 1587
82 1824
82 1889
83 629
84 446
84 977
85 448
85 536
85 1444
85 1835
86 302
88 1018
89 619
90 114
90 125
90 127
90 128
91 127
91 189
91 194
91 296
91 297
91 485
91 503
91 515
91 516
91 619
91 626
91 629
91 630
91 640
91 648
91 654
91 656
91 664
91 665
91 668
91 673
91 683
91 692
92 141
92 417
92 446
92 701
92 747
92 792
92 802
92 803
92 805
93 255
93 488
93 724
93 752
93 766
93 1015
93 1043
93 1258
93 1260
93 1263
94 297
94 916
94 1057
95 1017
95 1028
96 297
96 542
96 758
96 900
96 1052
96 1246
96 1574
96 1621
97 141
97 296
97 374
97 398
97 704
98 1037
99 174
99 837
99 1104
100 375
100 396
100 1030
102 141
102 1031
103 1465
104 1030
105 902
105 1519
105 1550
106 143
106 159
107 539
109 579
109 1063
109 1268
110 223
110 626
111 1905
112 1026
112 1242
113 279
113 1425
114 303
114 555
114 1094
114 1772
115 891
116 734
116 1010
118 389
118 509
118 860
121 886
121 892
121 973
121 1351
122 384
122 518
123 544
124 1539
125 181
125 612
125 899
125 1507
125 1521
125 1544
125 1997
126 701
127 149
127 520
127 1086
127 1196
128 180
128 518
128 1150
128 1196
128 1661
128 1911
129 1569
136 1043
136 1388
137 942
140 701
141 142
141 143
141 144
141 145
141 146
141 147
141 148
141 149
141 150
141 151
141 152
141 153
141 154
141 155
141 156
141 157
141 158
141 159
141 160
141 161
141 162
141 163
141 164
141 165
141 166
141 167
141 168
141 169
141 170
141 171
141 172
141 173
141 174
141 175
141 176
142 296
142 777
142 831
142 977
142 1184
142 1469
142 1470
142 1471
143 181
143 284
143 295
143 368
143 369
143 370
143 378
143 380
143 445
143 449
143 463
143 466
143 564
143 615
143 618
143 621
143 705
143 720
143 817
143 1023
143 1077
143 1091
143 1118
143 1164
143 1212
143 1322
143 1434
143 1473
143 1474
143 1475
143 1476
143 1477
143 1478
143 1479
143 1480
143 1481
143 1482
143 1483
144 431
144 928
144 1258
144 1486
145 189
145 296
145 362
145 424
145 821
145 963
145 986
145 1376
146 553
146 748
146 905
146 991
146 1025
146 1562
147 200
147 700
147 738
147 739
147 865
147 1549
148 181
148 296
148 1482
149 177
149 180
149 193
149 215
149 218
149 303
149 402
149 591
149 625
149 815
149 888
149 1091
149 1400
149 1545
149 1630
149 1728
149 1729
150 191
150 753
151 553
151 733
151 1040
151 1446
151 1568
152 181
152 503
152 547
152 654
152 673
152 715
152 930
152 1032
152 1047
152 1062
153 189
154 738
154 860
155 298
155 377
155 454
155 702
155 1216
155 1328
155 1585
155 1916
155 1925
156 178
156 209
156 284
156 378
156 481
156 1114
156 1196
156 1596
157 753
158 181
158 704
158 1567
159 517
159 600
159 811
159 861
159 1175
159 1202
159 1319
160 868
160 908
161 171
161 1010
161 1695
162 986
162 1483
163 380
163 511
163 688
163 1494
163 1520
163 1635
163 1719
163 1919
163 1925
164 739
164 1235
164 1732
165 207
165 690
165 1261
165 1287
165 1497
165 1639
165 1947
166 175
167 424
167 448
168 304
168 1323
168 1374
168 1805
169 192
169 1223
169 1239
169 1455
170 365
170 586
170 989
170 1919
171 179
171 1927
172 173
172 748
173 365
173 533
173 1366
174 367
174 641
174 1193
174 1937
175 299
175 459
175 838
176 272
176 450
176 451
176 987
177 181
177 189
177 191
177 194
177 195
177 200
177 208
177 213
177 223
177 237
177 238
177 254
177 255
177 256
177 262
177 263
177 266
177 279
177 294
178 506
178 518
178 629
178 664
178 747
178 748
178 752
178 753
178 758
178 763
178 766
178 770
178 774
178 775
178 777
179 181
179 200
179 296
179 448
179 512
179 516
179 518
179 654
179 739
179 821
179 831
179 833
180 262
180 297
180 302
180 375
180 387
180 503
180 506
180 805
180 892
180 916
180 922
180 928
180 929
180 930
180 942
180 953
180 954
180 958
180 962
180 963
180 965
180 966
181 189
181 194
181 223
181 248
181 294
181 296
181 305
181 364
181 365
181 375
181 390
181 396
181 398
181 438
181 508
181 518
181 522
181 544
181 545
181 585
181 593
181 683
181 702
181 753
181 790
181 817
181 827
181 833
181 836
181 837
181 910
181 915
181 916
181 929
181 962
181 963
181 986
181 991
181 1010
181 1011
181 1012
181 1013
181 1014
181 1015
181 1016
181 1017
181 1018
181 1019
181 1020
181 1021
181 1022
181 1023
181 1024
181 1025
181 1026
181 1027
181 1028
181 1029
181 1030
181 1031
181 1032
181 1033
181 1034
181 1035
181 1036
181 1037
181 1038
181 1039
181 1040
181 1041
181 1042
181 1043
181 1044
181 1045
181 1046
181 1047
181 1048
181 1049
181 1050
181 1051
181 1052
181 1053
181 1054
182 195
182 503
182 712
182 718
182 839
182 1022
182 1302
182 1311
182 1313
183 619
183 735
183 862
183 1344
183 1347
183 1351
184 297
184 1181
184 1425
184 1430
185 629
185 712
185 1302
186 256
186 302
186 907
186 962
186 1026
186 1038
186 1176
186 1302
187 619
187 982
187 1057
187 1499
187 1500
187 1504
188 191
188 297
188 445
188 665
188 724
189 218
189 237
189 256
189 266
189 426
189 557
189 573
189 588
189 648
189 696
189 706
189 774
189 903
189 965
189 978
189 1001
189 1195
189 1279
189 1302
189 1311
189 1368
189 1370
189 1386
189 1474
189 1546
189 1547
189 1548
189 1549
189 1550
189 1551
190 297
190 723
190 763
190 1480
190 1574
191 208
191 296
191 333
191 365
191 372
191 454
191 818
191 954
191 1290
191 1577
191 1578
192 255
192 716
192 833
192 1240
192 1313
192 1569
192 1593
193 296
193 516
193 740
193 833
193 849
193 1024
193 1164
193 1483
194 206
194 371
194 422
194 542
194 611
194 669
194 673
194 831
194 1167
194 1317
194 1469
194 1598
194 1639
194 1658
194 1659
195 296
195 310
195 374
195 447
195 504
195 553
195 583
195 615
195 717
195 1089
195 1131
195 1140
195 1552
195 1628
195 1674
195 1677
196 1267
196 1434
197 626
197 975
197 1281
198 208
198 296
198 506
198 544
199 296
199 302
200 295
200 418
200 464
200 747
202 704
202 1683
202 1768
203 526
203 1048
204 302
204 516
204 883
205 737
205 896
205 1740
205 1742
206 747
206 1024
208 566
208 923
208 1197
208 1342
209 465
209 905
209 1020
209 1341
209 1636
210 384
210 893
211 297
211 1032
211 1695
212 1258
212 1566
213 353
213 492
213 671
213 1108
213 1198
213 1208
213 1888
214 374
214 1176
214 1804
215 1022
216 397
216 1321
217 1504
217 1562
217 1568
218 1447
219 707
219 748
219 1784
219 1852
220 1551
222 1327
222 1732
222 1745
223 235
223 380
223 478
223 527
223 663
223 678
223 727
223 750
223 1216
223 1377
223 1538
223 1921
224 297
224 349
225 709
226 579
226 866
226 1279
226 1321
226 1658
228 483
228 1740
228 1746
229 547
229 966
230 1235
231 1235
232 445
232 805
232 1320
232 1683
232 1746
233 516
233 1951
235 390
237 377
237 486
237 677
237 1457
237 1502
237 1730
237 1760
237 1774
238 295
238 747
238 872
238 1069
238 1398
238 1730
239 1597
241 1593
242 1258
243 972
244 707
244 977
244 1041
244 1674
245 514
245 1036
245 1477
246 545
246 770
246 1818
247 886
247 1014
248 266
248 514
248 576
248 770
249 1446
249 1471
251 1011
252 559
253 930
253 986
254 475
254 922
254 1055
254 1573
254 1702
255 594
255 1521
255 1596
256 708
256 1171
259 701
259 712
259 1550
260 692
262 628
262 1515
262 1604
263 296
263 980
263 1095
263 1261
263 1681
263 1937
264 389
264 726
266 411
266 1619
266 1932
269 898
269 1548
270 573
272 839
273 1771
274 770
276 889
279 514
279 946
279 1985
280 375
281 1512
283 1217
285 718
288 397
290 1572
294 826
294 1369
295 296
295 297
295 302
295 335
295 344
295 349
295 350
295 356
295 358
295 362
296 297
296 298
296 299
296 302
296 349
296 367
296 371
296 372
296 378
296 383
296 397
296 434
296 446
296 448
296 470
296 503
296 505
296 506
296 512
296 514
296 521
296 576
296 584
296 588
296 696
296 697
296 698
296 699
296 700
296 701
296 702
296 703
296 704
296 705
296 706
296 707
296 708
296 709
296 710
296 711
296 712
296 713
296 714
296 715
296 716
296 717
296 718
296 719
296 720
296 721
296 722
296 723
296 724
296 725
296 726
296 727
296 728
296 729
296 730
296 731
296 732
296 733
296 734
296 735
296 736
296 737
296 738
296 739
296 740
296 741
296 742
296 743
296 744
296 745
297 356
297 387
297 400
297 401
297 420
297 450
297 470
297 547
297 561
297 579
297 613
297 618
297 629
297 697
297 749
297 750
297 770
297 775
297 805
297 865
297 894
297 917
297 922
297 953
297 964
297 967
297 968
297 969
297 970
297 971
297 972
297 973
297 974
297 975
297 976
297 977
297 978
297 979
297 980
297 981
297 982
297 983
297 984
297 985
298 302
298 433
298 544
298 752
298 883
298 986
298 991
298 994
298 1000
298 1001
299 719
299 748
299 895
299 896
299 986
299 1010
299 1217
300 512
300 713
300 766
300 994
300 1010
300 1012
300 1046
300 1388
300 1394
301 733
301 1330
302 350
302 358
302 559
302 645
302 793
302 924
302 1325
302 1404
302 1476
302 1510
302 1511
302 1512
302 1513
302 1514
302 1515
302 1516
302 1517
302 1518
302 1519
303 374
303 700
303 860
303 1012
304 1001
304 1274
305 837
307 729
307 1025
307 1212
307 1500
307 1621
308 506
308 715
308 972
308 1388
309 335
309 506
309 544
309 648
310 356
310 733
310 837
310 1011
311 1040
312 619
312 942
312 1010
312 1425
313 972
313 1036
313 1053
314 916
314 972
314 1206
315 619
315 626
315 1046
315 1569
316 462
316 512
316 1104
317 902
319 1735
321 837
321 1031
321 1033
321 1686
322 398
323 387
323 483
323 763
324 1302
326 512
327 1477
328 463
328 1742
329 648
330 883
330 1015
332 1268
333 448
333 1034
335 922
337 668
338 515
338 1260
339 849
339 1434
340 714
342 837
342 886
343 942
343 973
344 366
344 503
344 534
344 1091
346 1740
348 665
349 1199
349 1419
350 1295
350 1421
350 1591
351 384
351 1327
352 721
352 747
355 1020
356 451
356 1168
356 1234
358 1520
358 1753
359 893
362 416
362 448
362 788
363 1011
364 446
364 701
364 745
364 1010
364 1014
364 1104
365 445
365 559
365 704
365 1012
365 1016
365 1025
365 1045
365 1108
366 564
366 726
366 954
366 986
366 1021
366 1053
366 1176
366 1181
366 1184
367 729
367 1010
367 1011
367 1025
367 1061
367 1253
368 712
368 905
368 1036
368 1039
368 1327
368 1376
369 526
369 709
369 896
369 1038
369 1499
369 1539
370 496
370 868
370 895
371 1010
371 1447
372 506
373 384
373 1673
374 653
374 843
374 912
374 1393
374 1809
374 1810
375 513
375 532
375 884
375 1055
375 1629
375 1700
375 1815
375 1816
376 683
376 1818
377 737
377 891
377 1258
377 1695
378 730
378 886
378 929
378 1206
378 1446
378 1473
379 889
379 905
379 1011
380 506
380 1344
380 1621
381 837
381 1686
381 1746
381 1787
383 545
383 742
383 753
383 942
383 1217
383 1742
384 433
384 462
384 643
384 758
384 849
384 919
384 1010
384 1064
384 1091
384 1184
384 1274
384 1351
384 1387
384 1464
384 1570
384 1735
384 1769
384 1780
384 1888
384 1906
386 1057
386 1784
387 454
387 508
387 567
387 756
387 1217
387 1376
387 1402
387 1776
387 1779
387 1893
387 1908
388 439
388 668
388 737
388 1327
389 516
389 617
389 836
389 876
389 914
389 1436
389 1651
389 1681
389 1701
389 1721
389 1758
390 511
390 693
390 819
390 1170
390 1342
390 1413
390 1577
390 1765
390 1885
391 1434
393 721
393 1026
394 399
394 713
394 922
395 893
396 550
396 881
396 1367
396 1415
396 1536
397 651
397 1013
397 1112
397 1359
397 1733
398 910
398 978
399 455
399 516
399 947
399 1197
399 1672
399 1688
399 1761
400 640
400 1027
401 712
401 1549
401 1550
402 1192
402 1422
402 1513
402 1558
407 506
407 1673
408 424
408 1550
409 1330
410 713
410 1567
411 1108
414 506
414 975
415 446
415 595
417 446
417 1095
417 1736
418 718
420 453
420 706
420 1135
420 1594
421 1568
422 1394
423 1029
424 748
424 1059
424 1928
426 637
426 824
426 970
426 1350
429 1031
431 990
431 1092
431 1858
433 613
433 1322
434 478
434 804
434 925
436 579
436 743
436 1217
436 1246
437 1504
438 492
438 749
438 790
439 1119
439 1136
441 640
443 446
443 793
443 1306
443 1758
445 537
445 768
445 882
445 1316
445 1429
446 484
446 532
446 577
446 619
446 621
446 624
446 651
446 711
446 754
446 1081
446 1095
446 1322
446 1566
446 1567
446 1568
446 1569
446 1570
447 514
448 485
448 612
448 640
448 654
448 678
448 754
448 841
448 930
448 967
448 1057
448 1206
448 1258
448 1430
448 1470
448 1486
448 1499
448 1562
448 1586
448 1588
448 1593
448 1722
448 1740
448 1741
448 1742
448 1743
448 1744
448 1745
448 1746
448 1747
448 1748
448 1749
449 579
449 1038
450 573
450 958
450 1784
450 1787
451 547
451 719
451 805
451 883
451 906
451 1047
451 1311
452 973
452 1078
452 1658
453 1044
454 503
454 1628
455 1784
457 462
462 471
462 524
462 1501
463 523
463 1357
463 1862
464 512
464 748
464 1636
465 498
465 842
465 886
465 1226
465 1309
465 1412
465 1823
466 542
468 983
470 544
471 576
472 714
472 983
477 1569
478 515
479 1674
480 545
480 1033
480 1299
482 866
483 545
483 1175
483 1578
483 1592
484 1062
485 625
485 1379
485 1385
485 1707
486 559
487 1012
488 792
488 1250
488 1976
490 1108
490 1400
490 1591
492 831
493 1078
494 1176
496 1498
496 1748
496 1760
499 1045
503 517
503 552
503 703
503 836
503 914
503 1060
503 1061
503 1181
503 1196
503 1235
503 1236
503 1237
503 1238
503 1239
503 1240
503 1241
503 1242
503 1243
503 1244
503 1245
503 1246
504 506
504 701
504 716
504 745
504 1267
504 1268
504 1274
504 1278
504 1279
504 1281
505 561
505 714
505 742
505 837
505 849
505 904
505 1290
505 1297
505 1299
506 611
506 752
506 766
506 839
506 888
506 1062
506 1108
506 1163
506 1281
506 1317
506 1318
506 1319
506 1320
506 1321
507 900
507 1063
508 1039
508 1545
509 669
509 993
509 1135
509 1510
509 1598
510 730
510 837
510 1046
510 1470
511 683
511 692
511 700
511 1027
511 1504
511 1636
512 728
512 1118
512 1627
512 1656
512 1657
513 707
513 758
513 1302
514 613
514 620
514 746
514 768
514 792
514 860
514 887
514 899
514 1297
514 1352
514 1475
514 1511
514 1542
514 1689
514 1710
514 1711
515 611
515 617
515 627
515 866
515 1010
515 1063
515 1267
515 1286
515 1343
515 1440
515 1683
515 1734
516 539
516 751
516 782
516 886
516 1139
516 1141
516 1168
516 1432
517 792
517 821
517 1337
517 1768
517 1838
518 531
518 591
518 627
518 708
518 722
518 763
518 974
518 1174
518 1253
518 1268
518 1343
518 1353
518 1368
518 1394
518 1424
518 1673
518 1818
518 1849
518 1852
520 848
520 1852
521 1347
522 593
522 640
522 1049
522 1268
522 1448
523 1740
524 1049
525 539
525 802
526 679
526 840
526 990
526 1559
527 1063
528 1018
528 1512
529 1388
530 573
530 1157
530 1818
531 901
533 837
534 719
534 929
535 1473
536 736
537 1268
539 549
539 615
539 1180
539 1200
539 1325
539 1766
539 1777
539 1924
541 973
541 1061
542 698
542 836
542 932
542 1066
542 1588
542 1809
543 1242
544 552
544 897
544 969
544 1203
544 1755
544 1824
544 1832
544 1950
545 602
545 630
545 815
545 917
545 1176
545 1368
545 1504
545 1542
545 1717
545 1769
545 1958
545 1959
547 1077
547 1231
547 1261
547 1557
547 1913
549 701
550 716
550 892
550 1052
553 940
553 1368
553 1391
553 1444
553 1456
553 1596
553 1675
553 1691
553 1868
554 735
554 839
554 922
554 965
554 1771
555 895
555 1019
555 1027
555 1448
557 753
558 701
559 923
559 1114
559 1383
559 1666
559 1901
560 1033
561 1734
563 629
564 759
564 828
564 1952
565 1164
566 700
566 1242
567 1593
569 1032
570 748
570 1010
573 836
573 1294
573 1505
573 1762
574 763
574 1038
574 1539
575 719
575 1647
576 1612
576 1775
577 648
577 896
577 1240
579 1733
582 777
583 748
584 604
584 1404
585 763
585 1050
586 837
587 802
588 1302
592 966
593 631
593 841
593 1747
594 1512
595 1431
595 1478
595 1845
596 668
596 865
596 963
597 766
598 1784
599 1416
602 739
603 983
604 1740
608 1258
609 1568
610 1253
611 752
611 766
611 922
611 982
611 1108
611 1149
611 1184
611 1260
611 1327
611 1329
611 1330
611 1337
611 1341
612 1471
613 1051
613 1344
614 1246
614 1469
615 1771
616 1263
616 1659
617 909
617 1834
619 788
619 980
619 1117
619 1118
619 1140
619 1147
619 1424
619 1752
620 837
620 1686
621 1694
622 1572
623 928
623 1018
624 986
624 1470
625 1043
625 1473
625 1852
626 942
626 1295
626 1299
626 1329
626 1429
626 1471
626 1695
626 1728
626 1768
626 1771
626 1807
626 1913
626 1950
626 1951
628 1597
629 696
629 797
629 885
629 1227
629 1761
630 1324
630 1334
630 1537
630 1618
630 1811
630 1822
631 942
631 1545
639 745
640 787
640 888
641 1469
643 1500
644 668
645 719
645 991
645 1030
646 1481
648 919
649 1268
650 962
652 735
652 953
654 1196
654 1208
655 891
656 1095
656 1354
656 1665
657 839
657 1905
663 898
664 1108
664 1322
664 1812
665 1014
665 1323
667 1302
668 1108
668 1169
668 1350
668 1669
669 1481
671 1425
673 932
673 1371
674 972
674 1036
677 1010
679 1951
683 1546
685 1297
685 1695
687 986
689 1246
689 1504
690 714
692 1010
692 1331
696 839
696 889
696 1440
697 898
698 1011
698 1176
698 1246
700 912
700 920
700 1115
700 1307
700 1324
700 1524
700 1893
701 917
701 985
701 1128
701 1223
702 1768
702 1905
704 818
704 838
704 1072
704 1635
704 1656
704 1844
704 1878
704 1885
705 1562
705 1658
706 732
706 758
706 975
707 919
707 1073
707 1385
707 1508
707 1785
707 1903
709 817
709 1153
709 1174
709 1418
709 1783
710 1019
711 1051
712 817
712 1632
712 1853
712 1883
712 1926
712 1945
712 1987
713 788
713 924
713 933
713 1582
713 1664
713 1960
713 1989
714 911
714 1054
714 1237
714 1370
715 756
715 1273
715 1363
715 1833
715 1904
716 1770
718 762
718 814
718 1432
718 1648
718 1873
719 1608
719 1870
721 1120
721 1139
721 1459
721 1484
721 1942
722 792
723 744
723 1236
723 1575
723 1712
723 1906
724 1109
724 1175
724 1872
725 743
726 788
726 1067
726 1395
729 1177
729 1825
730 751
730 1776
730 1790
731 759
731 890
731 911
731 1162
731 1652
731 1747
731 1916
732 1377
732 1490
732 1827
734 780
734 1139
734 1489
734 1814
734 1887
735 1682
736 1273
736 1941
737 946
738 1193
738 1403
739 1179
740 1174
740 1324
740 1665
741 1083
741 1230
742 787
742 835
743 746
743 1328
744 1818
745 1790
746 909
746 1267
746 1465
747 757
747 818
747 928
747 966
747 1010
747 1415
747 1571
747 1572
748 862
748 914
748 994
748 1203
748 1233
748 1260
748 1275
748 1313
748 1337
748 1411
748 1431
748 1445
748 1514
748 1585
748 1617
749 908
749 1015
752 1208
753 911
753 1008
753 1144
753 1275
753 1303
753 1331
753 1451
753 1468
753 1782
754 774
755 792
755 983
757 1016
757 1499
757 1659
758 1427
759 1021
760 1574
763 1323
763 1573
763 1609
763 1756
764 1290
764 1329
764 1388
765 1347
766 981
766 1663
766 1687
769 837
769 1545
772 1050
772 1471
773 1572
774 1201
775 851
775 1113
775 1696
775 1921
776 896
777 883
777 1081
777 1233
778 1000
782 1329
787 1157
787 1240
787 1321
787 1376
787 1647
788 803
788 916
788 1235
790 1549
792 804
792 1069
792 1102
792 1195
792 1436
792 1508
792 1561
792 1729
792 1838
793 1347
793 1388
793 1512
794 1337
796 886
796 1017
796 1061
797 891
797 929
799 1036
800 975
801 1469
802 1010
802 1490
802 1832
802 1881
803 883
803 1710
803 1906
804 1235
812 1512
814 1673
814 1674
815 1010
815 1235
816 902
816 1021
816 1028
816 1253
817 1673
819 1217
821 922
821 1598
821 1616
821 1914
821 1970
821 1998
823 1268
824 1029
824 1260
825 1206
827 1046
829 1240
829 1329
831 1138
831 1598
833 925
835 1108
836 1628
837 1193
837 1263
837 1374
837 1521
837 1639
837 1766
838 900
838 994
838 1290
839 1101
839 1594
839 1631
839 1726
839 1807
839 1817
839 1843
845 1028
848 857
848 952
848 1010
848 1086
848 1256
848 1352
848 1403
849 874
849 1161
849 1917
851 1951
854 889
854 1519
855 1746
861 883
862 1701
862 1779
864 1044
865 1455
866 910
868 883
868 1462
870 1749
873 1297
875 1644
875 1677
875 1734
875 1758
877 886
877 1308
877 1366
877 1837
881 1597
882 1518
883 1078
883 1104
883 1115
883 1139
883 1238
883 1296
883 1347
883 1369
883 1402
883 1500
883 1582
883 1694
883 1769
883 1813
883 1903
883 1904
883 1905
885 906
885 930
885 1020
886 912
886 1186
886 1621
886 1647
886 1804
886 1862
886 1965
886 1968
887 1014
887 1486
889 899
889 925
889 1079
889 1172
890 1212
890 1567
891 1516
891 1601
891 1722
892 1301
893 1219
893 1301
893 1360
893 1366
893 1774
893 1869
894 1568
895 1660
895 1996
896 1527
898 1513
898 1664
898 1715
898 1764
898 1850
900 1236
900 1800
901 1085
901 1318
901 1832
901 1999
902 1079
904 1741
906 970
906 1665
906 1910
907 964
907 1004
907 1244
908 1743
909 976
909 1113
910 953
910 1313
911 1628
911 1683
912 1597
912 1735
913 1016
913 1647
914 1034
914 1281
914 1745
915 991
916 1699
917 1732
918 1045
919 1149
922 968
922 1067
922 1245
922 1617
922 1766
922 1784
922 1787
922 1888
923 1010
924 1157
924 1838
928 976
929 1147
929 1378
929 1408
929 1672
929 1760
929 1763
929 1941
930 1099
930 1102
930 1255
930 1530
930 1917
930 1990
932 1010
932 1519
932 1574
932 1694
933 1037
934 1240
942 1614
947 1274
952 1017
953 1767
954 1262
954 1914
955 1480
958 1154
958 1685
960 1483
960 1499
962 1298
963 1461
965 1795
965 1968
966 1254
967 1425
969 1184
971 1018
972 1513
972 1671
973 1060
973 1229
973 1249
973 1405
973 1579
973 1734
973 1813
974 1020
974 1448
975 1136
977 1630
977 1897
981 1018
983 1513
983 1843
983 1980
983 1982
984 1010
984 1416
984 1593
986 995
986 1111
986 1407
986 1825
987 1014
988 1041
990 1329
991 1368
991 1637
994 1118
994 1122
994 1163
994 1954
996 1551
997 1018
1000 1419
1000 1461
1000 1489
1000 1561
1001 1086
1001 1640
1001 1779
1003 1157
1007 1566
1010 1296
1010 1344
1010 1433
1010 1445
1010 1446
1010 1447
1010 1448
1011 1042
1011 1474
1012 1409
1012 1817
1012 1835
1012 1901
1014 1388
1014 1425
1014 1439
1014 1539
1014 1561
1014 1612
1014 1665
1014 1666
1014 1911
1015 1219
1015 1272
1015 1378
1015 1387
1016 1097
1016 1244
1016 1452
1016 1689
1016 1793
1017 1067
1017 1914
1018 1112
1018 1186
1019 1325
1019 1379
1019 1546
1019 1883
1020 1304
1020 1992
1021 1397
1022 1711
1022 1906
1024 1177
1024 1844
1024 1995
1026 1487
1026 1491
1026 1848
1026 1878
1027 1306
1027 1756
1027 1977
1028 1101
1028 1759
1029 1289
1029 1475
1030 1055
1030 1972
1031 1211
1031 1439
1031 1517
1031 1546
1031 1776
1031 1845
1031 1995
1032 1055
1033 1439
1034 1270
1034 1389
1034 1988
1035 1095
1035 1226
1035 1507
1035 1637
1035 1645
1035 1779
1035 1971
1038 1130
1039 1366
1040 1259
1040 1306
1041 1247
1041 1379
1041 1703
1043 1140
1045 1398
1047 1585
1047 1841
1048 1136
1048 1282
1049 1056
1049 1199
1051 1664
1051 1879
1052 1109
1052 1520
1053 1088
1053 1780
1055 1290
1055 1299
1055 1447
1056 1078
1057 1423
1057 1861
1057 1919
1060 1062
1060 1181
1060 1512
1061 1433
1061 1444
1061 1678
1062 1792
1062 1968
1063 1454
1064 1320
1064 1834
1065 1470
1067 1260
1067 1313
1071 1302
1072 1330
1076 1260
1076 1416
1078 1094
1083 1539
1089 1351
1091 1235
1095 1567
1097 1745
1098 1465
1100 1742
1102 1447
1103 1243
1104 1293
1104 1910
1108 1131
1108 1141
1108 1597
1108 1636
1108 1731
1108 1732
1108 1733
1110 1297
1110 1499
1110 1512
1111 1469
1116 1673
1117 1566
1119 1263
1122 1473
1123 1258
1123 1647
1125 1263
1132 1731
1135 1290
1136 1235
1137 1566
1138 1279
1139 1253
1139 1477
1140 1337
1142 1274
1144 1740
1146 1320
1146 1341
1149 1618
1149 1654
1160 1480
1163 1749
1164 1599
1164 1953
1165 1746
1167 1176
1168 1297
1171 1279
1171 1636
1173 1267
1173 1745
1173 1787
1174 1320
1174 1434
1175 1959
1176 1308
1176 1547
1176 1633
1176 1937
1176 1988
1181 1835
1182 1482
1184 1667
1184 1722
1190 1299
1192 1804
1195 1659
1195 1683
1196 1539
1202 1281
1206 1538
1212 1319
1214 1566
1217 1523
1220 1731
1235 1741
1235 1936
1235 1937
1236 1549
1237 1267
1237 1548
1239 1440
1240 1387
1241 1480
1242 1585
1242 1920
1243 1524
1243 1585
1243 1781
1243 1820
1252 1268
1253 1353
1255 1551
1256 1768
1258 1362
1258 1417
1258 1478
1258 1799
1258 1982
1260 1304
1260 1965
1260 1975
1262 1818
1267 1488
1267 1599
1267 1720
1268 1703
1268 1849
1271 1959
1272 1482
1274 1680
1278 1387
1278 1587
1278 1864
1280 1504
1283 1376
1286 1551
1287 1621
1290 1748
1293 1742
1297 1461
1297 1640
1298 1567
1299 1758
1303 1351
1303 1500
1304 1512
1311 1459
1311 1534
1311 1634
1311 1654
1311 1719
1312 1742
1318 1658
1321 1514
1327 1983
1328 1562
1329 1558
1330 1381
1330 1974
1333 1481
1336 1574
1341 1543
1344 1978
1352 1477
1354 1695
1375 1771
1376 1453
1376 1710
1376 1930
1382 1951
1388 1587
1388 1866
1389 1572
1394 1522
1394 1565
1394 1854
1398 1566
1399 1628
1400 1512
1412 1548
1416 1705
1425 1757
1427 1735
1430 1501
1430 1980
1434 1970
1440 1665
1446 1484
1446 1968
1448 1552
1448 1997
1452 1545
1465 1538
1469 1517
1469 1530
1470 1502
1470 1571
1470 1717
1470 1995
1471 1764
1473 1591
1473 1974
1481 1617
1483 1762
1486 1907
1486 1943
1489 1572
1492 1504
1493 1566
1500 1859
1502 1852
1504 1708
1504 1799
1512 1790
1512 1800
1512 1970
1518 1748
1518 1790
1529 1731
1530 1695
1533 1695
1546 1749
1547 1745
1548 1904
1550 1670
1557 1742
1561 1959
1562 1969
1566 1933
1568 1638
1569 1582
1586 1834
1589 1735
1615 1959
1617 1647
1624 1905
1629 1694
1635 1838
1648 1731
1658 1750
1663 1768
1663 1959
1673 1917
1674 1796
1674 1801
1694 1989
1701 1735
1725 1834
1731 1956
1732 1791
1737 1742
1739 1804
1740 1974
1742 1806
1745 1989
1745 1999
1746 1854
1749 1828
1771 1910
1779 1787
1784 1788
1804 1820
1804 1885
1825 1838
1852 1958
1852 1961
1951 1990
