0 3
0 9
0 11
0 24
0 31
0 38
0 39
0 43
0 53
0 63
0 69
0 75
0 83
0 87
1 3
1 94
1 190
1 196
1 246
1 295
1 372
1 376
1 379
1 388
1 393
1 403
1 407
1 413
1 414
1 420
1 421
1 431
2 3
2 31
2 122
2 216
2 319
2 342
2 345
2 379
2 447
2 453
2 454
2 455
2 456
2 457
2 458
2 460
2 466
2 473
2 476
2 490
3 4
3 24
3 26
3 43
3 53
3 87
3 91
3 92
3 93
3 94
3 98
3 163
3 177
3 180
3 190
3 195
3 197
3 199
3 227
3 248
3 273
3 295
3 296
3 297
3 298
3 300
3 317
3 329
3 350
3 365
3 376
3 377
3 379
3 388
3 393
3 421
3 446
3 449
3 453
3 457
3 460
3 503
3 504
3 505
3 506
3 507
3 508
3 509
3 510
3 511
3 512
3 513
3 514
3 515
3 516
3 517
3 518
3 519
3 520
3 521
3 522
3 523
3 524
3 525
3 526
3 527
3 528
3 529
3 530
3 531
3 532
3 533
3 534
3 535
3 536
3 537
3 538
3 539
3 540
3 541
3 542
3 543
3 544
3 545
3 546
3 547
3 548
3 549
3 550
3 551
3 552
3 553
3 554
3 555
3 556
3 557
3 558
3 559
3 560
3 561
3 562
3 563
3 564
3 565
3 566
3 567
3 568
3 569
3 570
3 571
3 572
3 573
3 574
3 575
3 576
3 577
3 578
3 579
3 580
3 581
3 582
3 583
3 584
3 585
3 586
3 587
3 588
3 589
3 590
3 591
3 592
3 593
3 594
3 595
3 596
3 597
3 598
3 599
3 600
3 601
3 602
3 603
3 604
3 605
3 606
3 607
3 608
3 609
3 610
4 94
4 102
4 168
4 187
4 196
4 304
4 313
4 509
4 549
4 564
4 572
4 601
4 785
4 848
4 853
4 856
4 860
4 866
4 870
4 871
4 874
5 102
5 295
5 307
5 312
5 431
5 509
5 526
5 595
5 626
5 815
5 889
5 900
5 905
6 211
6 319
6 357
6 361
6 507
6 509
6 518
6 575
6 586
6 590
6 603
6 623
6 649
6 659
6 782
6 815
6 1037
6 1062
6 1070
7 310
7 312
7 334
7 346
7 447
7 520
7 525
7 605
7 617
7 794
7 982
7 1108
7 1131
7 1145
7 1158
7 1163
7 1170
8 185
8 301
8 336
8 349
8 353
8 456
8 523
8 617
8 626
8 630
8 787
8 1193
8 1198
8 1203
8 1206
8 1212
8 1214
9 17
9 29
9 142
9 145
9 295
9 296
9 298
9 351
9 537
9 611
9 976
9 1059
9 1278
9 1327
9 1330
9 1386
9 1411
9 1412
9 1413
9 1414
9 1415
9 1416
10 328
10 513
10 571
10 617
10 623
10 1238
10 1432
11 41
11 143
11 181
11 295
11 368
11 459
11 747
11 748
11 1218
11 1343
11 1498
12 318
12 352
12 509
12 515
12 551
12 1044
13 1414
14 301
14 313
14 1613
15 561
15 1198
15 1203
15 1310
15 1402
16 111
16 523
16 524
16 1679
16 1686
17 328
17 363
17 519
17 520
17 1560
18 335
18 490
18 556
18 1062
18 1163
18 1409
18 1699
20 354
20 974
20 1553
20 1686
21 94
21 358
22 162
22 1475
23 98
23 197
23 290
24 75
24 179
24 203
24 264
24 616
24 631
24 707
24 901
24 1043
24 1061
24 1422
24 1663
24 1886
25 304
25 530
25 664
26 575
26 1440
28 615
28 1531
29 216
29 1476
30 1238
30 1819
31 47
31 59
31 261
31 378
31 530
31 698
31 796
31 1067
31 1482
31 1608
31 1946
31 1947
32 376
32 794
33 1475
34 979
34 1526
36 571
36 1037
37 414
37 1574
38 296
38 314
38 449
38 813
38 1398
38 1783
38 1860
38 1945
39 40
39 183
39 223
39 457
39 465
39 1060
39 1081
39 1216
39 1603
42 295
42 581
43 152
43 171
43 298
43 452
43 779
43 1185
43 1373
43 1506
43 1774
43 1980
45 510
45 982
45 1044
46 460
46 642
46 1409
47 563
48 185
48 196
48 279
48 584
48 1170
48 1178
49 1678
49 1702
50 548
51 53
51 335
52 580
52 1304
53 219
53 437
53 464
53 1659
53 1797
53 1903
57 609
57 626
59 246
59 1270
60 295
60 572
60 584
62 574
63 239
63 295
63 478
63 770
63 1374
63 1453
63 1624
63 1762
63 1795
64 1271
66 587
66 764
67 111
67 1706
69 450
69 626
69 895
69 1195
69 1634
69 1781
70 622
71 115
71 516
72 313
72 580
75 701
75 937
75 1631
75 1655
76 354
76 519
77 339
77 768
79 675
83 91
83 615
83 629
83 912
85 536
87 557
87 620
87 964
88 578
88 1186
90 94
90 98
90 102
90 105
90 108
90 110
90 111
90 115
90 121
90 122
90 127
90 128
90 132
90 137
91 127
91 132
91 197
91 454
91 457
91 507
91 515
91 516
91 525
91 540
91 551
91 555
91 570
91 601
91 615
91 617
91 621
91 622
91 623
91 626
91 630
91 634
91 640
91 642
91 649
91 651
91 659
91 664
91 675
91 683
91 689
92 227
92 295
92 314
92 567
92 634
92 787
92 794
92 799
92 800
92 808
92 809
93 202
93 295
93 304
93 376
93 752
93 1043
93 1262
93 1264
94 186
94 283
94 297
94 473
94 534
94 689
94 916
94 931
94 1057
94 1139
94 1326
94 1366
94 1396
94 1449
94 1450
95 337
95 507
95 756
95 1615
96 246
96 372
96 758
96 900
96 1574
96 1621
96 1622
98 199
98 203
98 299
98 323
98 325
98 1037
98 1219
98 1449
98 1511
98 1645
98 1648
98 1654
98 1870
98 1871
98 1872
99 548
99 1406
100 800
101 536
102 141
102 408
102 409
102 1031
102 1092
102 1196
102 1741
104 341
104 513
105 177
105 491
105 638
105 902
105 913
105 915
105 1092
105 1519
105 1550
105 1840
106 407
106 568
107 938
108 120
108 313
108 365
108 749
108 841
108 1360
109 257
109 551
109 579
110 223
110 236
110 308
110 377
110 626
110 1224
110 1251
110 1585
110 1624
110 1865
110 1882
111 234
111 258
111 295
111 517
111 814
111 1113
111 1775
111 1839
111 1905
111 1944
113 279
113 563
114 555
115 295
115 365
115 838
115 891
115 1148
115 1618
116 1300
117 756
118 301
118 509
118 860
118 1531
119 1193
121 519
121 863
121 886
121 892
121 973
121 1147
121 1351
121 1936
122 384
122 518
122 1722
122 1734
122 1756
122 1974
126 571
127 149
127 520
127 1086
127 1196
128 180
128 518
128 1150
128 1196
128 1661
128 1911
129 567
129 1958
130 597
131 318
131 513
132 313
132 1227
132 1618
133 1501
136 1043
137 233
137 295
137 942
137 1724
137 1729
138 606
138 787
138 974
141 162
141 163
141 168
142 453
142 768
142 1178
142 1358
142 1471
143 295
143 466
143 564
143 615
143 621
143 1212
143 1475
143 1476
143 1480
143 1482
144 431
144 538
144 1264
144 1484
145 271
145 362
145 510
145 523
145 528
145 549
145 1264
145 1294
145 1300
145 1376
145 1501
145 1526
145 1529
145 1531
146 187
146 553
146 905
146 1025
146 1163
146 1270
146 1286
146 1560
147 200
147 458
147 535
147 738
147 995
148 524
148 1482
149 815
149 1728
150 257
150 1193
150 1552
151 334
151 421
151 553
151 1304
151 1424
151 1529
151 1689
151 1798
152 388
152 547
152 1062
152 1339
152 1378
152 1679
152 1873
153 513
153 787
153 1689
154 738
154 860
154 1682
154 1767
155 454
157 1927
159 600
160 524
160 1401
161 856
162 451
162 513
162 944
162 986
162 1295
162 1483
162 1831
163 380
163 511
163 688
163 1494
163 1520
163 1635
163 1719
163 1919
163 1925
164 1235
164 1732
165 1947
168 304
168 1323
168 1374
168 1805
170 586
170 989
171 1927
174 1193
177 185
177 187
177 190
177 196
177 197
177 200
177 201
177 202
177 211
177 216
177 227
177 228
177 235
177 238
177 246
177 257
177 265
177 271
177 273
177 278
177 279
177 283
177 290
177 293
178 185
178 295
178 347
178 506
178 518
178 528
178 621
178 664
178 752
178 756
178 758
178 764
178 768
178 782
178 783
178 785
179 185
179 200
179 227
179 228
179 295
179 301
179 314
179 318
179 455
179 507
179 516
179 518
179 536
179 583
179 815
179 818
180 295
180 345
180 363
180 376
180 421
180 506
180 510
180 519
180 571
180 578
180 615
180 927
180 931
180 938
181 518
181 545
181 585
181 593
181 683
181 1025
181 1037
181 1043
181 1044
181 1046
181 1053
181 1054
182 519
182 712
182 856
182 1304
182 1305
182 1306
182 1310
183 197
183 1349
184 319
184 995
184 1422
184 1424
184 1426
185 218
185 290
185 295
185 623
185 629
185 712
185 756
185 836
185 881
185 921
185 964
185 1143
185 1302
185 1455
185 1456
185 1457
185 1458
186 187
186 190
186 304
186 794
186 967
186 1176
186 1491
187 188
187 295
187 303
187 365
187 440
187 455
187 619
187 658
187 979
187 982
187 1009
187 1057
187 1114
187 1186
187 1245
187 1251
187 1304
187 1369
187 1420
187 1499
187 1500
187 1501
187 1502
187 1503
187 1504
187 1505
187 1506
188 273
188 295
188 337
189 588
189 1001
190 216
190 289
190 297
190 377
190 723
190 763
190 793
190 794
190 799
190 813
190 814
190 871
190 881
190 1135
190 1194
190 1335
190 1480
190 1573
190 1574
190 1575
190 1576
191 333
191 372
191 454
191 818
192 307
192 342
192 1590
193 339
193 403
193 507
193 516
193 525
195 310
195 447
195 553
195 583
195 615
195 1131
195 1552
195 1677
196 295
196 305
196 1267
196 1434
196 1651
197 265
197 303
197 626
197 749
197 975
197 1182
197 1281
197 1306
197 1719
197 1720
198 352
198 506
198 558
198 566
199 201
200 295
200 418
200 464
200 747
201 612
201 787
201 836
201 1383
201 1765
202 206
202 304
202 368
202 696
202 704
202 840
202 1171
202 1489
202 1683
202 1767
202 1768
202 1769
203 526
204 447
204 516
204 1437
204 1627
205 336
205 510
205 548
205 737
205 1349
205 1458
207 1270
207 1414
207 1844
208 566
209 324
209 574
209 905
209 1475
209 1491
209 1636
210 1681
211 261
211 297
211 308
211 591
211 625
211 765
211 787
211 927
211 1032
211 1239
211 1421
211 1542
211 1612
211 1695
211 1864
212 336
212 507
212 1432
213 353
213 1108
213 1198
214 1176
216 397
216 522
216 659
216 1064
216 1172
216 1321
216 1441
216 1491
216 1653
216 1873
216 1899
216 1927
217 1679
218 510
218 1127
219 278
220 403
222 403
222 556
222 1401
222 1402
222 1732
223 235
223 1377
224 349
225 532
225 1720
226 273
226 327
226 567
226 579
226 866
226 989
226 1121
226 1264
226 1310
226 1426
227 308
227 338
227 1073
227 1112
227 1390
227 1751
228 310
228 377
228 483
228 669
228 918
228 948
228 1004
228 1495
228 1740
228 1746
229 295
229 547
229 554
229 578
229 1798
230 1235
230 1401
231 1235
232 1320
233 516
233 1951
234 314
235 301
235 317
235 390
235 1082
236 548
236 967
237 1502
238 295
238 747
238 872
238 1069
238 1398
238 1730
239 1597
240 328
241 278
241 301
241 328
241 341
245 460
245 476
245 514
246 300
246 545
246 770
246 1580
246 1818
246 1948
246 1973
248 514
248 555
248 576
248 599
248 1372
249 319
249 1471
249 1560
249 1649
250 265
250 649
250 1844
252 510
252 559
254 1702
255 594
257 310
257 918
257 1124
257 1860
258 800
258 1129
259 712
263 1681
264 555
264 1422
265 323
265 710
265 1884
270 473
271 379
271 948
271 1503
272 711
273 1363
273 1701
273 1771
276 379
276 889
276 1358
276 1505
278 449
278 510
279 514
279 946
279 1985
280 321
280 379
283 1217
283 1582
283 1896
286 388
287 1642
287 1671
289 313
290 1572
290 1785
292 313
292 989
293 615
293 1072
293 1346
293 1995
295 296
295 297
295 298
295 299
295 300
295 301
295 302
295 303
295 304
295 305
295 306
295 307
295 308
295 309
295 310
295 311
295 312
295 313
295 314
295 315
295 316
295 317
295 318
295 319
295 320
295 321
295 322
295 323
295 324
295 325
295 326
295 327
295 328
295 329
295 330
295 331
295 332
295 333
295 334
295 335
295 336
295 337
295 338
295 339
295 340
295 341
295 342
295 343
295 344
295 345
295 346
295 347
295 348
295 349
295 350
295 351
295 352
295 353
295 354
295 355
295 356
295 357
295 358
295 359
295 360
295 361
295 362
295 363
296 349
296 372
296 506
296 514
296 576
296 584
296 588
296 711
296 712
296 722
296 723
296 729
296 730
296 737
296 738
296 742
297 420
297 547
297 561
297 579
297 967
297 974
297 979
297 982
298 460
298 622
298 752
298 989
298 995
298 1001
299 301
299 330
299 447
299 524
300 347
300 510
300 513
300 1046
300 1129
300 1305
300 1384
300 1392
300 1394
301 440
301 534
301 611
301 621
301 733
301 787
301 826
301 1194
301 1271
301 1319
301 1330
301 1396
301 1397
301 1398
301 1399
301 1400
301 1401
301 1402
301 1403
301 1404
301 1405
301 1406
301 1407
301 1408
301 1409
301 1410
302 358
302 559
302 1476
303 510
303 530
303 610
303 860
303 1552
303 1553
304 365
304 475
304 620
304 697
304 760
304 838
304 911
304 1001
304 1177
304 1274
304 1460
304 1639
304 1640
304 1641
304 1642
304 1643
305 532
305 607
305 1145
306 532
306 1702
307 315
307 456
307 615
307 729
307 785
307 813
307 921
307 1025
307 1055
307 1070
307 1193
307 1212
307 1262
307 1500
307 1511
307 1552
307 1621
307 1679
307 1680
307 1702
307 1717
307 1718
308 506
308 538
309 335
309 506
310 356
310 391
310 413
310 651
310 711
310 733
310 837
310 853
310 913
310 938
310 989
310 1011
310 1238
310 1252
310 1403
310 1418
310 1484
310 1557
310 1650
310 1667
310 1682
310 1699
310 1844
310 1845
311 365
311 369
311 476
311 505
311 708
311 755
311 854
311 1040
311 1080
311 1366
311 1604
311 1605
311 1874
312 329
312 619
312 942
312 1010
312 1356
312 1425
312 1912
313 405
313 458
313 616
313 638
313 675
313 759
313 816
313 972
313 1036
313 1053
313 1144
313 1506
313 1692
313 1727
313 1736
313 1880
314 466
314 826
314 856
314 916
314 972
314 1206
314 1257
314 1322
314 1557
315 600
315 626
315 799
315 1046
315 1502
316 368
316 462
316 512
316 624
316 836
316 1094
316 1104
316 1754
316 1939
317 642
318 1136
318 1510
318 1520
318 1797
318 1895
318 1944
318 1945
319 502
319 984
319 1054
319 1126
319 1134
319 1171
319 1301
319 1308
319 1310
319 1354
319 1521
319 1526
319 1727
319 1735
319 1836
320 532
320 563
320 1198
320 1711
321 543
321 761
321 837
321 910
321 988
321 1031
321 1033
321 1460
321 1671
321 1677
321 1686
321 1903
321 1957
322 520
322 530
323 360
323 388
323 722
323 1354
323 1798
324 383
324 658
324 1095
324 1111
324 1302
324 1913
325 331
326 523
326 1931
327 449
327 452
327 666
327 850
327 912
327 1101
327 1477
327 1633
327 1715
328 463
328 611
328 667
328 717
328 919
328 951
328 1098
328 1666
328 1742
330 366
330 632
330 883
330 1015
330 1126
330 1266
330 1439
330 1583
331 380
331 1107
331 1413
331 1421
331 1536
331 1623
331 1901
332 519
333 448
333 449
333 819
333 1034
333 1400
333 1744
333 1825
333 1930
333 1977
334 1453
334 1522
334 1524
334 1992
335 922
336 1413
336 1667
336 1773
337 428
337 521
337 668
337 811
337 935
337 1489
337 1596
337 1900
337 1928
338 473
338 515
339 450
339 849
339 1167
339 1434
340 460
340 1437
341 614
341 676
341 1291
341 1348
342 837
342 886
343 942
343 973
343 987
343 1249
343 1801
344 366
344 503
344 534
344 1091
345 830
345 1220
345 1743
345 1794
346 625
346 945
346 1109
346 1740
347 479
347 1436
347 1926
348 406
348 522
348 533
348 665
348 1630
348 1876
348 1917
349 1199
349 1419
352 721
352 747
352 1803
352 1955
353 436
353 504
353 744
353 1956
354 391
354 565
354 646
354 1923
355 606
357 410
357 501
357 534
357 1839
358 1520
358 1753
359 893
359 984
359 1065
359 1949
360 450
360 1199
360 1218
360 1429
360 1909
361 504
361 924
361 1880
362 416
362 448
362 788
363 1011
363 1573
364 457
364 525
364 555
364 568
364 1092
365 393
365 447
365 520
365 540
365 555
365 559
365 722
365 787
365 1025
365 1108
365 1121
365 1127
365 1129
365 1131
365 1133
365 1134
366 528
366 564
366 853
366 1053
366 1092
366 1176
366 1178
366 1186
366 1188
367 536
367 594
367 729
367 764
367 974
367 1025
367 1252
368 507
368 520
368 530
368 535
368 556
368 712
368 905
368 931
368 1372
368 1376
368 1377
368 1378
368 1380
368 1384
369 526
369 597
369 1318
369 1499
370 393
370 513
370 528
370 590
371 507
371 607
372 435
372 506
372 1119
372 1257
372 1618
372 1763
372 1764
375 513
375 532
376 391
376 469
376 632
376 634
376 683
376 788
376 818
376 1116
376 1300
376 1375
376 1437
376 1553
376 1584
376 1599
376 1615
376 1641
376 1646
376 1817
376 1818
376 1819
377 737
378 598
378 730
378 1206
379 411
379 612
379 808
379 809
379 842
379 850
379 889
379 905
379 910
379 1011
379 1426
379 1622
379 1730
380 458
380 506
380 540
380 555
380 1621
381 1372
381 1686
382 1358
383 545
383 577
383 742
383 1671
384 758
384 1274
384 1735
385 927
387 454
387 567
387 756
387 1376
387 1402
388 439
388 611
388 668
388 737
388 968
388 1178
388 1327
388 1397
388 1778
389 516
389 617
389 1681
390 1170
391 621
391 1432
393 721
393 835
393 1026
393 1155
393 1189
393 1239
393 1640
393 1706
393 1765
393 1881
394 711
396 1415
397 651
399 455
399 516
400 640
401 466
401 712
401 1384
401 1422
402 1422
403 507
403 660
403 1147
403 1780
404 592
405 808
405 1699
405 1728
406 1819
407 506
407 517
407 1673
407 1815
408 605
409 1301
410 1271
410 1526
411 1108
413 1287
413 1478
413 1513
413 1528
413 1796
413 1805
413 1880
413 1904
413 1981
414 506
414 975
414 1397
414 1498
414 1503
414 1913
415 595
416 799
419 581
419 622
419 1414
420 453
420 706
420 1135
420 1594
421 1375
421 1568
421 1791
421 1895
422 1394
423 525
427 548
430 1170
431 990
431 1092
431 1858
435 974
436 579
436 592
441 640
443 1306
444 1127
445 768
446 532
446 577
446 621
446 651
446 711
447 514
447 706
447 841
447 1195
447 1199
447 1207
447 1700
447 1701
448 640
448 967
448 1206
448 1499
449 579
449 622
449 623
450 456
450 1145
450 1214
450 1491
451 453
451 547
451 870
451 1354
451 1613
452 1505
453 504
453 649
453 842
453 1044
453 1174
453 1319
453 1335
453 1380
453 1443
453 1573
453 1627
453 1730
454 503
454 507
454 776
454 1628
454 1755
455 1055
455 1085
455 1197
455 1228
455 1373
455 1398
455 1460
455 1510
455 1784
455 1867
456 505
456 997
456 1395
456 1623
457 462
457 527
457 693
457 968
457 1110
457 1116
457 1150
457 1392
457 1643
457 1654
457 1798
458 705
458 1076
458 1672
458 1792
458 1922
458 1940
459 931
460 612
460 706
460 947
460 1064
460 1113
460 1256
460 1450
460 1900
461 582
462 524
462 1501
463 523
464 1636
466 542
466 814
466 1198
466 1384
466 1976
467 520
467 871
467 1576
467 1590
467 1873
468 1590
469 1158
471 576
472 1819
473 482
473 508
473 534
473 1117
473 1162
473 1325
473 1750
473 1802
475 562
476 1107
476 1487
477 582
478 515
478 1310
479 1819
480 545
480 1299
480 1354
482 866
482 1870
483 545
484 870
484 1062
486 559
487 1718
490 1108
490 1400
490 1591
493 592
493 649
494 1176
494 1415
497 1415
498 589
499 582
500 1927
501 1070
501 1300
502 1252
503 552
503 1235
503 1238
503 1245
504 506
504 787
504 1270
504 1271
504 1274
504 1278
504 1284
505 561
505 587
505 742
505 1284
505 1286
505 1294
505 1297
505 1299
505 1300
505 1301
506 611
506 752
506 766
506 839
506 888
506 1062
506 1108
506 1163
506 1281
506 1317
506 1318
506 1319
506 1320
506 1321
507 534
507 541
507 550
507 900
507 913
507 1063
507 1138
507 1323
507 1353
507 1386
507 1417
507 1418
507 1419
507 1420
508 538
508 606
508 1358
509 669
509 993
509 1135
509 1510
509 1598
510 543
510 730
510 783
510 800
510 837
510 874
510 1046
510 1247
510 1264
510 1294
510 1470
510 1494
510 1529
510 1560
510 1584
510 1599
510 1600
510 1601
511 597
511 634
511 683
511 1636
512 1627
513 642
513 707
513 758
513 827
513 881
513 1302
513 1352
513 1372
513 1377
513 1390
513 1400
513 1678
514 613
514 620
514 746
514 768
514 792
514 860
514 887
514 899
514 1297
514 1352
514 1475
514 1511
514 1542
514 1689
514 1710
514 1711
515 611
515 617
515 627
515 866
515 1010
515 1063
515 1267
515 1286
515 1343
515 1440
515 1683
515 1734
516 539
516 751
516 782
516 886
516 1139
516 1141
516 1168
516 1432
517 540
518 531
518 591
518 627
518 708
518 722
518 763
518 974
518 1174
518 1253
518 1268
518 1343
518 1353
518 1368
518 1394
518 1424
518 1673
518 1818
518 1849
518 1852
519 1247
519 1358
519 1624
519 1653
519 1657
519 1858
519 1859
519 1860
520 541
520 633
520 848
520 1092
520 1137
520 1146
520 1203
520 1251
520 1342
520 1349
520 1590
520 1600
520 1681
520 1852
520 1867
521 809
521 1873
522 593
522 640
523 611
523 661
523 1211
523 1639
523 1740
523 1879
524 913
524 1049
524 1361
524 1580
524 1775
524 1889
525 527
525 529
525 539
525 802
525 1129
525 1205
525 1214
525 1506
526 679
526 840
526 990
526 1559
527 1817
528 1018
528 1451
528 1512
528 1736
529 552
529 1271
529 1415
529 1560
530 573
530 926
530 967
530 1058
530 1065
530 1080
530 1145
530 1157
530 1399
530 1407
530 1412
530 1818
530 1931
532 1417
533 1881
534 538
534 1070
535 705
535 1317
535 1473
535 1629
536 736
536 830
536 1056
536 1191
536 1668
536 1751
536 1809
536 1923
538 546
538 771
538 1210
538 1387
538 1616
538 1704
538 1942
538 1943
539 549
539 615
540 1692
540 1932
543 1553
544 552
544 1203
544 1950
545 602
545 630
545 815
545 917
545 1176
545 1368
545 1504
545 1542
545 1717
545 1769
545 1958
545 1959
547 1077
547 1231
547 1261
547 1557
547 1913
548 912
548 971
548 1155
548 1522
548 1637
548 1857
549 678
549 701
549 1824
549 1973
550 1306
550 1392
550 1409
551 969
551 1132
551 1385
551 1487
551 1888
551 1921
552 749
552 795
552 1625
553 940
553 1368
553 1391
553 1444
553 1456
553 1596
553 1675
553 1691
553 1868
554 637
554 735
554 838
554 839
554 922
554 965
554 1364
554 1701
554 1705
554 1771
555 895
555 1019
555 1027
555 1448
555 1719
556 1080
556 1144
556 1588
557 558
558 701
558 832
558 1091
558 1410
559 923
559 1114
559 1383
559 1666
559 1901
560 749
560 797
560 1033
560 1137
560 1140
560 1241
561 1734
562 635
562 705
562 1111
562 1247
562 1807
562 1979
563 608
563 629
563 695
563 1687
563 1842
564 759
564 828
564 1952
565 589
566 700
566 914
566 1242
566 1657
567 760
567 823
567 1443
567 1593
567 1892
568 879
568 1230
568 1326
568 1352
569 705
569 1032
569 1117
569 1255
569 1408
569 1522
569 1825
569 1831
569 1857
570 748
570 769
570 910
570 1010
570 1979
571 633
571 1346
571 1871
572 765
572 1138
572 1884
573 1294
573 1505
574 705
574 763
574 1038
574 1539
575 719
575 1042
575 1618
575 1645
575 1647
575 1849
576 1612
576 1775
577 648
577 896
577 1240
577 1575
578 1098
578 1325
579 1733
580 616
580 1221
580 1423
581 823
581 1308
581 1883
582 625
582 777
582 1323
582 1340
583 748
583 836
584 604
584 1404
585 763
585 919
585 1050
585 1926
586 837
586 915
586 948
586 1782
587 802
587 887
588 1302
588 1826
589 988
589 1411
589 1792
590 899
590 1352
592 966
592 1688
593 631
593 841
593 1747
594 1283
594 1512
594 1825
595 1431
595 1478
595 1845
596 668
596 865
596 963
596 1094
596 1713
597 766
598 996
598 1369
598 1784
599 798
599 1177
599 1416
599 1498
600 793
600 1503
601 1396
601 1508
603 983
603 1148
603 1888
604 1318
605 854
605 969
605 1009
606 1441
606 1935
607 611
607 667
609 1174
609 1333
609 1568
609 1990
610 1253
610 1906
610 1953
611 651
611 752
611 967
611 982
611 1108
611 1339
612 622
612 1133
612 1471
613 1318
613 1689
615 951
615 1255
615 1339
615 1407
615 1770
615 1771
616 1286
616 1426
617 909
617 1257
617 1359
617 1522
617 1604
617 1834
619 1424
620 1686
621 1142
621 1694
621 1781
622 911
622 1283
622 1304
622 1459
622 1572
622 1864
623 928
623 1018
623 1610
623 1934
623 1935
624 1728
625 1043
626 942
626 1295
626 1299
626 1329
626 1429
626 1471
626 1695
626 1728
626 1768
626 1771
626 1807
626 1913
626 1950
626 1951
628 1597
628 1615
630 1324
630 1334
630 1537
630 1618
630 1811
630 1822
631 927
632 974
633 853
634 872
634 1366
635 853
636 785
636 1437
637 1649
638 675
639 689
639 785
639 1501
639 1728
640 787
640 888
641 1349
642 696
642 950
642 1058
644 1706
649 988
649 1268
651 1944
656 1354
658 1405
659 888
659 959
659 1398
664 1108
664 1322
664 1812
666 800
666 1947
668 1108
670 1590
675 969
675 1516
675 1836
679 1951
683 1546
685 1297
689 1246
689 1504
693 768
696 889
696 1437
696 1440
697 938
697 1552
698 967
698 1176
704 818
704 1844
705 1284
706 758
706 1927
708 1372
708 1377
708 1720
710 1270
711 867
711 882
711 961
711 1051
711 1248
711 1546
712 817
712 1632
712 1853
712 1883
712 1926
712 1945
712 1987
714 1054
715 756
718 1432
718 1873
719 1870
721 1484
722 792
722 1103
722 1965
723 744
723 1236
723 1575
723 1712
723 1906
729 1177
729 1825
730 751
730 1776
730 1790
732 1377
735 1682
737 946
738 1193
738 1403
742 787
742 835
746 1092
747 818
747 1415
748 1203
749 1718
751 927
752 1208
754 1844
755 1349
756 961
756 1324
756 1761
757 1499
758 1427
760 1574
761 818
762 1817
764 1092
764 1290
764 1329
764 1388
765 1401
766 1663
768 1391
768 1792
772 1471
780 1402
782 980
782 1329
783 934
783 1244
783 1455
787 870
787 1077
787 1121
787 1133
787 1135
787 1137
787 1157
787 1158
787 1240
787 1284
787 1321
787 1376
787 1476
787 1635
787 1646
787 1647
787 1648
787 1649
787 1650
788 1235
788 1706
790 1502
790 1720
791 1193
794 926
794 1009
794 1265
794 1337
794 1859
795 1286
796 1576
799 814
799 1036
799 1141
799 1606
800 843
800 975
800 1490
802 1881
804 1235
808 1353
808 1522
809 1219
809 1323
814 1392
815 995
815 1010
815 1235
815 1270
815 1326
815 1531
815 1604
815 1613
815 1750
815 1887
815 1911
816 1271
817 1424
817 1886
818 1087
818 1179
818 1419
822 1305
825 1206
827 1046
835 1108
835 1121
836 1092
836 1627
837 1193
838 900
838 989
839 1817
844 1286
848 857
848 952
848 1010
848 1086
848 1256
848 1352
848 1403
849 874
850 1958
851 1951
853 1840
854 889
856 1322
856 1794
856 1840
856 1923
856 1993
858 1424
858 1529
858 1958
864 1044
866 910
870 1494
870 1749
871 992
871 1325
873 1284
873 1297
874 1490
874 1816
875 1677
881 1597
882 1406
883 1238
883 1402
884 1380
886 1186
886 1621
889 899
889 925
889 1079
889 1172
890 1212
892 1301
893 1301
900 1236
900 1800
901 1318
910 1354
910 1358
911 979
911 1615
911 1679
911 1681
911 1682
912 1414
912 1597
912 1735
915 1262
916 1699
917 938
917 1732
919 1767
921 1501
921 1529
922 1245
924 1318
927 1753
929 1378
931 1247
931 1780
931 1898
931 1920
932 1574
933 1037
947 1274
948 1092
953 1767
954 1262
955 1480
956 1552
957 1318
960 1499
967 1079
967 1425
967 1906
967 1918
972 1671
973 1405
974 1020
974 1448
974 1985
976 1092
979 1113
980 1689
985 1615
986 995
989 1087
989 1093
989 1207
989 1391
990 1305
994 1163
995 1916
996 1158
996 1622
1001 1086
1001 1640
1001 1779
1005 1304
1005 1590
1012 1409
1012 1817
1013 1121
1013 1318
1015 1378
1016 1689
1018 1186
1020 1304
1022 1711
1023 1131
1024 1844
1026 1491
1027 1306
1029 1475
1034 1270
1040 1306
1043 1140
1053 1088
1053 1780
1054 1190
1054 1460
1055 1299
1058 1576
1059 1552
1060 1062
1061 1678
1062 1792
1062 1968
1064 1320
1064 1886
1065 1401
1069 1505
1069 1899
1070 1247
1070 1417
1072 1671
1076 1689
1079 1354
1083 1358
1084 1310
1087 1699
1088 1270
1091 1235
1092 1170
1092 1188
1092 1378
1092 1495
1092 1868
1093 1406
1093 1682
1097 1950
1098 1198
1099 1354
1099 1950
1107 1193
1107 1663
1108 1131
1108 1141
1108 1597
1108 1636
1108 1731
1108 1732
1108 1733
1110 1297
1110 1499
1113 1613
1115 1129
1120 1133
1120 1271
1121 1957
1127 1213
1127 1304
1127 1367
1127 1456
1127 1525
1133 1453
1134 1369
1134 1374
1134 1466
1135 1252
1136 1235
1136 1245
1136 1354
1136 1899
1137 1458
1141 1145
1142 1274
1143 1718
1146 1320
1147 1702
1151 1671
1155 1627
1158 1700
1158 1822
1160 1480
1163 1749
1167 1176
1168 1297
1171 1406
1171 1484
1171 1636
1171 1881
1172 1681
1173 1881
1174 1320
1175 1615
1175 1798
1176 1308
1176 1547
1176 1633
1176 1937
1176 1988
1177 1304
1177 1870
1178 1257
1182 1482
1182 1502
1182 1682
1186 1585
1186 1902
1188 1296
1188 1348
1188 1503
1190 1299
1191 1947
1193 1305
1193 1412
1193 1712
1193 1802
1193 1909
1194 1671
1194 1728
1197 1931
1198 1408
1199 1671
1201 1702
1203 1808
1205 1642
1206 1538
1212 1319
1213 1377
1213 1931
1214 1345
1214 1566
1216 1681
1228 1576
1235 1741
1235 1936
1235 1937
1238 1970
1239 1440
1239 1950
1241 1480
1245 1586
1247 1671
1250 1767
1252 1268
1252 1316
1252 1524
1260 1304
1261 1476
1262 1369
1262 1600
1262 1790
1262 1818
1267 1720
1270 1986
1271 1754
1271 1959
1272 1482
1274 1680
1275 1899
1278 1387
1278 1587
1278 1864
1283 1376
1286 1323
1286 1551
1287 1621
1292 1304
1294 1490
1295 1947
1297 1461
1297 1640
1299 1758
1300 1325
1304 1314
1304 1512
1304 1872
1305 1763
1306 1459
1306 1665
1310 1314
1310 1747
1318 1610
1318 1658
1319 1682
1336 1426
1336 1574
1339 1492
1339 1515
1342 1437
1342 1706
1349 1801
1354 1695
1354 1855
1354 1983
1354 1993
1358 1467
1365 1415
1366 1458
1369 1767
1376 1453
1376 1710
1376 1930
1377 1453
1378 1643
1378 1987
1379 1531
1380 1439
1380 1603
1380 1675
1382 1677
1382 1951
1383 1432
1384 1710
1392 1580
1394 1522
1394 1565
1394 1854
1400 1401
1400 1881
1401 1607
1402 1772
1402 1797
1402 1912
1402 1923
1402 1924
1403 1671
1405 1511
1405 1532
1405 1680
1406 1875
1409 1943
1409 1990
1411 1844
1415 1423
1415 1442
1415 1547
1415 1894
1419 1590
1421 1718
1422 1766
1424 1826
1424 1833
1426 1478
1426 1600
1426 1807
1427 1502
1427 1735
1430 1501
1432 1602
1432 1965
1440 1665
1443 1844
1446 1484
1448 1552
1449 1927
1454 1671
1457 1590
1457 1642
1458 1906
1462 1552
1463 1844
1470 1502
1471 1764
1475 1841
1475 1934
1475 1977
1484 1684
1484 1791
1485 1881
1501 1588
1501 1994
1502 1601
1502 1852
1502 1855
1508 1552
1521 1679
1524 1649
1526 1721
1529 1731
1529 1887
1552 1734
1552 1781
1552 1782
1553 1618
1557 1590
1564 1711
1589 1735
1610 1886
1613 1867
1615 1778
1615 1959
1622 1813
1622 1847
1624 1899
1642 1770
1649 1865
1651 1931
1663 1768
1663 1959
1665 1927
1668 1817
1677 1703
1678 1862
1678 1974
1679 1766
1679 1796
1679 1952
1682 1976
1696 1844
1701 1735
1711 1840
1713 1931
1716 1927
1718 1763
1728 1901
1732 1791
1770 1870
1799 1844
1803 1881
1832 1886
1849 1958
1852 1958
1862 1947
1871 1873
1881 1972
1951 1990
