0 6
0 11
0 13
0 14
0 19
0 30
0 35
0 45
0 49
0 51
0 67
0 68
0 72
0 79
0 83
1 14
1 90
1 96
1 134
1 186
1 232
1 246
1 303
1 365
1 373
1 375
1 378
1 379
1 392
1 399
1 411
1 416
1 431
1 434
2 90
2 319
2 373
2 379
2 447
2 454
2 463
2 466
2 467
2 469
2 471
2 474
2 479
2 483
2 491
2 502
3 317
3 365
3 379
3 509
3 518
3 520
3 521
3 522
3 529
3 531
3 535
3 540
3 552
3 555
3 557
3 564
3 570
3 575
3 586
3 590
3 595
3 598
3 603
3 607
3 608
3 610
4 95
4 102
4 119
4 183
4 191
4 303
4 509
4 564
4 631
4 702
4 835
4 838
4 842
4 843
4 848
4 852
4 860
4 862
4 866
4 872
4 878
4 880
5 13
5 14
5 51
5 90
5 102
5 144
5 431
5 509
5 521
5 595
5 702
5 705
5 815
5 885
5 891
5 894
5 897
5 905
5 907
5 908
6 8
6 17
6 22
6 41
6 90
6 100
6 143
6 177
6 178
6 181
6 183
6 184
6 186
6 211
6 319
6 357
6 361
6 365
6 367
6 369
6 399
6 491
6 503
6 505
6 507
6 508
6 509
6 518
6 575
6 586
6 590
6 603
6 623
6 649
6 659
6 663
6 697
6 714
6 741
6 774
6 782
6 815
6 835
6 838
6 908
6 973
6 1023
6 1037
6 1055
6 1056
6 1057
6 1058
6 1059
6 1060
6 1061
6 1062
6 1063
6 1064
6 1065
6 1066
6 1067
6 1068
6 1069
6 1070
6 1071
6 1072
6 1073
6 1074
6 1075
6 1076
6 1077
6 1078
6 1079
6 1080
6 1081
6 1082
6 1083
6 1084
6 1085
6 1086
6 1087
6 1088
6 1089
6 1090
7 96
7 378
7 447
7 469
7 520
7 529
7 697
7 720
7 794
7 1058
7 1091
7 1110
7 1131
7 1137
7 1143
7 1145
7 1164
8 124
8 130
8 305
8 474
8 835
8 910
8 1055
8 1058
8 1071
8 1200
8 1203
8 1206
8 1209
8 1212
9 351
9 1059
9 1413
10 392
10 623
10 843
10 910
10 1068
10 1119
10 1434
11 41
11 143
11 181
11 295
11 368
11 459
11 747
11 748
11 1218
11 1343
11 1498
12 123
12 463
12 509
12 531
12 1583
13 90
13 184
13 368
13 450
13 814
13 1353
13 1414
13 1585
13 1586
13 1587
13 1588
14 244
14 301
14 313
14 504
14 706
14 757
14 1017
14 1022
14 1093
14 1139
14 1453
14 1612
14 1613
14 1614
15 224
15 232
15 467
15 644
15 822
15 1203
15 1236
15 1492
16 842
16 1143
16 1686
17 491
17 520
17 929
17 1560
17 1693
18 30
18 183
18 191
18 1008
18 1062
18 1081
18 1143
18 1344
18 1355
18 1421
18 1695
19 178
19 205
19 237
19 286
19 297
19 317
19 366
19 448
19 522
19 891
19 1136
19 1367
19 1519
19 1579
19 1754
19 1756
20 697
20 1553
20 1686
21 117
21 239
21 284
22 95
22 838
22 1475
23 1057
24 631
24 1061
25 945
25 1725
26 575
26 1382
27 1479
28 615
28 1045
28 1068
28 1084
28 1531
28 1727
29 183
29 1230
29 1476
30 92
30 214
30 373
30 888
30 904
30 958
30 1238
30 1259
30 1328
30 1819
30 1828
31 261
31 378
31 1067
31 1482
32 794
33 1475
34 303
34 1125
34 1363
34 1526
35 141
35 300
35 882
35 1055
35 1423
36 1037
37 521
37 1464
37 1574
37 1961
39 183
39 1081
39 1603
40 1631
42 1619
42 1876
42 1942
43 779
43 1373
44 1059
44 1110
44 1474
44 1967
45 225
45 510
45 982
45 1044
45 1055
45 1302
45 1966
46 1493
46 1620
46 1924
48 977
49 55
49 511
49 838
49 865
49 988
49 1522
49 1678
49 1702
49 1823
51 53
51 335
51 620
51 632
51 709
51 1334
51 1972
52 1076
52 1651
54 1851
55 1028
55 1175
56 1119
57 281
57 1175
57 1555
58 303
58 663
58 705
58 1660
59 246
59 1270
59 1362
60 140
60 1816
62 1554
62 1738
63 239
66 1117
67 111
67 249
67 303
67 790
67 1706
68 303
68 1323
68 1520
68 1561
70 305
70 378
71 124
72 313
72 580
72 702
72 1211
72 1765
72 1842
73 894
73 934
75 937
75 1631
75 1655
78 469
79 253
79 675
79 697
79 969
80 1967
81 978
83 91
83 615
83 629
83 912
84 977
87 557
90 91
90 92
90 93
90 94
90 95
90 96
90 97
90 98
90 99
90 100
90 101
90 102
90 103
90 104
90 105
90 106
90 107
90 108
90 109
90 110
90 111
90 112
90 113
90 114
90 115
90 116
90 117
90 118
90 119
90 120
90 121
90 122
90 123
90 124
90 125
90 126
90 127
90 128
90 129
90 130
90 131
90 132
90 133
90 134
90 135
90 136
90 137
90 138
90 139
90 140
91 130
91 132
91 136
91 454
91 474
91 540
91 555
91 570
91 615
91 621
91 623
91 631
91 632
91 633
91 636
91 640
91 644
91 648
91 649
91 650
91 659
91 661
91 663
91 687
91 693
92 107
92 789
92 794
92 801
92 808
93 97
93 139
93 1264
94 186
94 1057
94 1396
95 214
95 337
95 368
95 459
95 504
95 507
95 756
95 1017
95 1028
95 1136
95 1148
95 1615
96 129
96 177
96 246
96 297
96 372
96 479
96 542
96 550
96 687
96 693
96 758
96 852
96 878
96 900
96 913
96 968
96 1052
96 1107
96 1246
96 1396
96 1515
96 1523
96 1574
96 1618
96 1619
96 1620
96 1621
96 1622
97 141
97 172
97 281
97 296
97 374
97 398
97 704
97 917
97 1360
97 1371
97 1467
97 1618
97 1793
98 325
98 1037
98 1654
99 1068
100 375
100 835
100 1030
100 1346
100 1693
100 1877
101 838
101 1620
102 141
102 408
102 409
102 1031
102 1092
102 1196
102 1741
103 107
103 1396
104 123
104 1030
104 1832
104 1877
104 1929
105 491
105 1519
106 143
106 159
106 917
106 1175
106 1559
107 504
107 539
107 938
107 1223
108 120
108 365
109 1063
110 223
110 236
110 308
110 377
110 626
110 1224
110 1251
110 1585
110 1624
110 1865
110 1882
111 1113
111 1905
112 298
112 300
112 537
112 655
112 921
112 1026
112 1202
112 1242
112 1896
112 1978
113 279
113 369
113 380
113 487
113 563
113 1397
113 1425
113 1665
113 1839
113 1928
114 303
114 555
115 365
115 838
115 891
116 409
116 511
116 734
116 779
116 814
116 1010
116 1146
116 1161
116 1209
116 1300
116 1559
116 1631
116 1753
116 1847
116 1854
117 179
117 756
117 1730
118 509
118 860
118 1531
119 180
119 323
119 1193
120 504
120 746
120 1185
120 1842
120 1880
121 973
122 518
123 544
123 798
124 177
124 383
124 627
124 826
124 1232
124 1539
124 1714
125 181
125 612
125 899
125 1507
125 1521
125 1544
125 1997
126 474
126 1132
127 520
128 518
128 1911
129 1128
130 597
130 746
130 1144
130 1578
131 226
131 318
131 513
131 1652
131 1955
132 313
132 1227
132 1618
133 1091
134 222
134 1322
134 1752
135 145
135 153
135 1174
135 1713
136 1043
136 1196
136 1388
137 233
137 295
137 942
137 1724
137 1729
138 491
139 152
139 914
139 1210
140 701
140 1322
140 1561
141 143
141 144
141 150
141 159
141 167
141 173
141 175
142 977
142 1428
143 181
143 284
143 295
143 368
143 369
143 370
143 378
143 380
143 445
143 449
143 463
143 466
143 564
143 615
143 618
143 621
143 705
143 720
143 817
143 1023
143 1077
143 1091
143 1118
143 1164
143 1212
143 1322
143 1434
143 1473
143 1474
143 1475
143 1476
143 1477
143 1478
143 1479
143 1480
143 1481
143 1482
143 1483
144 178
144 298
144 368
144 431
144 538
144 636
144 699
144 789
144 816
144 843
144 854
144 928
144 1023
144 1171
144 1258
144 1264
144 1431
144 1445
144 1484
144 1485
144 1486
145 271
145 373
145 557
145 650
145 843
145 1113
145 1117
145 1264
145 1277
145 1300
145 1332
145 1396
145 1489
145 1523
145 1526
145 1531
146 467
146 905
146 1025
146 1270
146 1303
146 1355
146 1546
146 1559
146 1560
146 1562
147 535
147 700
147 995
147 1549
148 1482
148 1725
148 1727
149 303
149 815
149 1091
149 1545
150 178
150 191
150 257
150 367
150 371
150 635
150 753
150 1193
150 1352
150 1373
150 1507
150 1552
150 1779
150 1780
151 240
151 838
151 1137
151 1361
151 1424
151 1445
151 1446
151 1586
151 1798
152 631
152 935
152 1062
152 1065
153 317
154 479
154 860
155 454
155 702
156 284
156 378
156 1114
157 1067
157 1451
157 1555
159 517
159 600
159 811
159 861
159 1175
159 1202
159 1319
160 908
161 1695
162 1483
163 1494
165 1497
166 175
166 644
167 424
167 448
167 522
167 1269
170 365
170 586
172 173
172 1809
173 365
173 533
173 1366
175 299
175 459
175 838
177 183
177 186
177 191
177 211
177 224
177 232
177 237
177 239
177 240
177 244
177 246
177 254
177 256
177 261
177 267
177 271
177 274
177 276
177 281
177 284
177 286
178 186
178 365
178 518
178 621
178 758
178 761
178 763
178 765
178 774
178 779
178 782
179 274
179 276
179 325
179 518
179 522
179 815
179 822
179 824
179 833
180 274
180 317
180 375
180 615
180 852
180 910
180 917
180 919
180 923
180 925
180 929
180 934
180 935
180 937
180 941
180 945
180 951
180 953
180 954
181 305
181 365
181 375
181 518
181 522
181 702
181 833
181 910
181 929
181 1016
181 1022
181 1025
181 1028
181 1030
181 1033
181 1037
181 1038
181 1041
181 1045
181 1049
182 373
182 1022
182 1119
182 1303
183 188
183 197
183 320
183 505
183 508
183 611
183 619
183 735
183 757
183 824
183 862
183 1192
183 1342
183 1343
183 1344
183 1345
183 1346
183 1347
183 1348
183 1349
183 1350
183 1351
184 319
184 378
184 835
184 995
184 1421
184 1424
184 1428
185 623
185 1143
186 187
186 190
186 256
186 302
186 304
186 702
186 755
186 794
186 907
186 912
186 962
186 967
186 978
186 1026
186 1038
186 1074
186 1100
186 1176
186 1285
186 1302
186 1428
186 1487
186 1488
186 1489
186 1490
186 1491
186 1492
186 1493
186 1494
186 1495
186 1496
186 1497
187 303
187 365
187 1057
187 1114
187 1500
188 191
189 237
189 256
189 557
189 648
189 774
189 978
189 1368
189 1474
189 1546
189 1549
190 723
190 763
190 794
190 1480
190 1574
191 208
191 296
191 333
191 365
191 372
191 454
191 818
191 954
191 1290
191 1577
191 1578
192 833
192 842
192 1594
193 833
193 951
193 1164
193 1483
194 1658
195 447
195 615
195 1089
195 1131
196 305
196 1267
196 1434
196 1651
197 303
198 1421
202 1489
202 1768
204 447
204 919
204 1355
204 1614
205 529
205 633
205 971
205 1096
206 1464
207 1270
207 1828
207 1851
208 923
209 305
209 365
209 905
209 1475
209 1491
209 1708
210 937
210 1064
210 1173
210 1396
210 1489
210 1490
210 1681
211 261
211 297
211 308
211 591
211 625
211 765
211 787
211 927
211 1032
211 1239
211 1421
211 1542
211 1612
211 1695
211 1864
212 1887
214 779
214 1176
215 286
215 1022
216 522
216 659
216 1064
216 1491
216 1653
217 1559
217 1562
217 1725
218 1127
218 1447
220 1067
220 1542
222 934
223 663
224 297
224 349
224 705
224 1343
225 705
226 866
226 894
226 925
226 951
226 1055
226 1264
226 1658
227 1073
227 1112
228 483
228 1495
229 1460
229 1603
229 1798
230 1851
232 365
232 445
232 728
232 805
232 1269
232 1320
232 1538
232 1683
232 1746
235 317
235 1082
237 377
237 486
237 677
237 1457
237 1502
237 1730
237 1760
237 1774
238 872
238 1069
239 819
239 835
239 987
239 1291
239 1597
239 1617
240 299
240 328
240 631
243 703
243 878
243 1236
244 300
244 707
244 910
244 977
244 1041
244 1364
244 1674
244 1785
244 1803
244 1813
244 1826
245 1477
246 300
246 545
246 770
246 1580
246 1818
246 1948
246 1973
248 555
248 1128
248 1496
249 319
249 1446
249 1560
250 649
253 1497
254 475
254 922
254 1055
254 1573
254 1702
256 708
256 1171
257 1124
258 1129
260 1828
261 1195
261 1326
262 1515
263 1681
264 555
266 411
266 1619
267 366
267 631
267 1202
267 1353
267 1889
268 1523
271 379
271 948
271 1503
273 1363
273 1771
274 770
274 1175
274 1714
276 379
276 680
276 889
276 1358
276 1505
280 321
280 375
280 379
281 616
281 1512
284 1353
284 1716
285 1209
285 1350
286 370
286 388
288 531
288 1285
290 1572
293 615
293 1072
293 1346
295 303
295 305
295 317
295 319
295 321
295 325
295 333
295 343
295 344
295 351
295 357
295 361
296 378
296 434
296 521
296 697
296 700
296 702
296 703
296 705
296 714
296 720
296 723
296 730
296 735
296 742
297 697
297 894
297 917
297 953
297 968
297 971
297 973
297 977
297 978
297 984
298 995
298 1008
299 447
299 971
299 1230
299 1234
300 502
300 789
300 824
300 935
300 1129
300 1230
300 1394
301 621
301 1396
301 1407
302 1476
302 1515
302 1519
303 322
303 325
303 365
303 374
303 510
303 530
303 610
303 631
303 636
303 647
303 700
303 860
303 894
303 999
303 1012
303 1172
303 1236
303 1273
303 1282
303 1322
303 1332
303 1552
303 1553
303 1554
303 1555
303 1556
304 365
304 697
304 838
304 1460
305 365
305 380
305 532
305 607
305 611
305 825
305 837
305 923
305 934
305 1145
305 1171
305 1189
305 1598
305 1651
305 1652
305 1653
305 1654
305 1655
305 1656
306 1651
307 615
307 1025
307 1055
307 1070
307 1212
307 1500
307 1621
308 502
308 789
308 878
308 910
308 1093
308 1173
308 1236
308 1614
308 1791
309 392
309 648
309 663
309 1836
311 365
311 1080
312 1356
313 1727
314 466
314 1206
316 1754
317 642
317 902
317 1733
317 1770
317 1941
319 502
319 984
319 1054
319 1126
319 1134
319 1171
319 1301
319 1308
319 1310
319 1354
319 1521
319 1526
319 1727
319 1735
319 1836
320 852
321 543
321 761
321 837
321 910
321 988
321 1031
321 1033
321 1460
321 1671
321 1677
321 1686
321 1903
321 1957
322 520
322 1096
323 483
323 644
323 763
323 1798
324 1111
325 331
325 635
325 793
325 1293
325 1331
325 1589
326 1083
327 1477
327 1715
328 463
328 919
328 951
329 648
329 1356
330 632
330 1583
331 1413
331 1421
333 448
333 449
333 819
333 1034
333 1400
333 1744
333 1825
333 1930
333 1977
336 1413
337 521
337 935
337 1489
339 1434
340 714
343 942
343 973
343 987
343 1249
343 1801
344 366
344 503
344 534
344 1091
346 945
346 1109
347 479
348 522
348 1876
350 1421
351 384
351 1058
351 1327
355 1346
356 1234
357 410
357 501
357 534
357 1839
358 1753
359 984
359 1065
361 504
361 924
361 1880
362 416
364 521
364 555
364 897
364 1091
364 1093
364 1096
364 1100
365 366
365 370
365 393
365 445
365 447
365 520
365 521
365 540
365 555
365 559
365 608
365 650
365 704
365 722
365 787
365 796
365 822
365 882
365 910
365 999
365 1012
365 1016
365 1025
365 1045
365 1096
365 1107
365 1108
365 1109
365 1110
365 1111
365 1112
365 1113
365 1114
365 1115
365 1116
365 1117
365 1118
365 1119
365 1120
365 1121
365 1122
365 1123
365 1124
365 1125
365 1126
365 1127
365 1128
365 1129
365 1130
365 1131
365 1132
365 1133
365 1134
366 471
366 529
366 564
366 632
366 765
366 954
366 1055
366 1112
366 1173
366 1175
366 1176
366 1189
367 789
367 835
367 1025
367 1061
368 520
368 535
368 703
368 905
368 1110
368 1111
368 1368
368 1373
368 1382
369 1038
369 1285
370 590
370 852
370 1093
370 1346
370 1485
370 1497
370 1523
371 607
371 1447
372 1119
373 384
373 486
373 504
373 754
373 872
373 925
373 1325
373 1389
373 1673
373 1773
373 1774
374 843
374 1809
375 513
375 532
375 884
375 1055
375 1629
375 1700
375 1815
375 1816
376 469
376 632
376 1116
376 1300
376 1553
377 891
377 1065
377 1695
378 474
378 598
378 661
378 730
378 850
378 886
378 929
378 941
378 1200
378 1206
378 1249
378 1256
378 1276
378 1436
378 1446
378 1473
378 1603
378 1724
378 1766
378 1831
378 1832
379 411
379 612
379 808
379 809
379 842
379 850
379 889
379 905
379 910
379 1011
379 1426
379 1622
379 1730
380 540
380 555
380 636
380 1087
380 1344
380 1621
381 1686
382 968
382 1285
382 1662
383 742
383 822
383 1234
384 758
384 919
384 1064
384 1091
384 1464
384 1735
384 1780
386 1057
387 454
388 968
389 1651
389 1681
390 693
390 1413
391 621
391 1434
392 504
392 838
392 1370
393 835
393 1189
394 399
394 1708
397 1112
397 1359
398 910
398 978
399 455
399 516
399 947
399 1197
399 1672
399 1688
399 1761
400 640
400 843
401 466
401 1549
403 1780
404 705
404 1079
405 808
405 1114
409 1301
409 1546
410 702
410 1122
410 1526
411 676
411 1108
411 1251
411 1328
411 1525
411 1764
411 1790
413 1478
415 595
416 645
416 799
416 1004
416 1303
416 1417
416 1420
416 1697
420 1594
421 1791
422 1394
422 1809
424 1059
425 925
425 1175
426 824
426 1350
430 1114
431 990
431 1092
431 1858
434 478
434 804
434 925
436 1246
439 1119
441 640
441 1064
444 1127
446 621
446 1081
447 514
447 706
447 841
447 1195
447 1199
447 1207
447 1700
447 1701
448 640
448 1057
448 1206
448 1486
448 1562
448 1586
449 623
449 1038
449 1109
449 1571
450 1072
450 1145
450 1491
451 491
451 705
451 978
451 1586
451 1847
451 1848
452 894
452 973
452 1078
452 1093
452 1586
452 1658
452 1715
453 649
453 842
454 503
454 507
454 776
454 1628
454 1755
455 1055
455 1085
455 1373
455 1460
457 693
457 968
457 1110
457 1116
457 1654
457 1798
458 705
458 1076
459 923
459 1093
459 1125
459 1428
460 1064
460 1113
461 705
461 835
462 471
463 523
463 1357
463 1862
464 872
465 842
466 542
466 814
466 1198
466 1384
466 1976
467 520
467 871
467 1576
467 1590
467 1665
467 1873
468 1848
468 1942
469 838
469 1158
469 1366
469 1956
471 517
471 576
471 1091
471 1846
472 714
472 1175
473 1117
474 819
474 1435
475 835
476 1487
479 699
479 956
479 1007
479 1249
479 1674
479 1819
480 1033
480 1299
480 1603
482 866
482 1055
482 1132
483 545
483 1175
483 1578
483 1592
484 1062
491 1957
493 649
493 1078
494 1176
499 1045
501 1070
501 1300
502 1252
503 552
503 703
503 1061
503 1236
503 1246
504 703
504 1055
504 1073
504 1091
504 1267
504 1270
504 1273
504 1276
504 1277
504 1284
505 714
505 742
505 1055
505 1200
505 1284
505 1285
505 1299
505 1300
505 1301
506 1062
507 1063
508 1542
508 1545
509 669
509 993
509 1135
509 1510
509 1598
510 730
510 1264
510 1494
510 1560
510 1600
511 700
511 1059
511 1069
511 1382
511 1631
513 758
514 860
514 1475
514 1542
515 866
515 1063
515 1267
516 782
517 540
517 1125
517 1332
517 1768
518 531
518 591
518 627
518 708
518 722
518 763
518 974
518 1174
518 1253
518 1268
518 1343
518 1353
518 1368
518 1394
518 1424
518 1673
518 1818
518 1849
518 1852
519 1653
520 541
520 633
520 848
520 1092
520 1137
520 1146
520 1203
520 1251
520 1342
520 1349
520 1590
520 1600
520 1681
520 1852
520 1867
521 522
521 644
521 809
521 945
521 1143
521 1223
521 1347
521 1464
521 1606
521 1693
521 1791
521 1873
522 593
522 640
522 703
522 885
522 1049
522 1148
522 1268
522 1448
522 1875
522 1876
523 661
524 1049
524 1361
525 529
525 1129
526 1559
527 917
527 1063
528 1451
529 552
529 819
529 1175
529 1239
529 1271
529 1328
529 1388
529 1415
529 1560
529 1688
529 1783
529 1915
530 1058
530 1065
530 1080
530 1145
530 1407
531 816
531 901
531 1557
531 1734
531 1932
534 929
534 1070
535 705
535 1317
535 1473
535 1629
536 1809
537 968
538 1942
539 615
539 1200
539 1924
540 1692
540 1932
541 973
541 1055
541 1061
542 1809
543 1553
544 552
544 897
544 1203
544 1832
545 815
545 917
545 1176
545 1368
545 1542
545 1959
548 971
550 633
550 1124
550 1350
550 1487
550 1492
551 1132
551 1487
552 749
552 795
552 1625
553 1368
554 735
554 838
554 1771
555 895
555 1019
555 1027
555 1448
555 1719
556 1080
557 558
557 753
557 838
557 1543
557 1752
558 1091
559 923
559 1114
560 1033
560 1137
562 705
562 1111
563 608
564 759
564 828
564 1952
565 1164
565 1515
566 700
568 1230
569 705
569 1117
570 748
570 769
570 910
570 1010
570 1979
571 633
571 1346
572 765
574 705
574 763
574 1038
575 719
575 1042
575 1618
575 1645
575 1647
575 1849
577 648
585 763
585 919
586 837
586 915
586 948
586 1782
590 899
590 1352
593 631
595 1431
595 1478
595 1845
598 996
598 1369
598 1784
601 1396
602 1124
603 983
603 1148
603 1888
607 611
607 667
608 686
608 1258
610 1253
610 1906
610 1953
611 910
611 1119
611 1303
611 1332
611 1338
612 1112
612 1133
612 1173
612 1189
613 1344
613 1363
614 925
614 1246
614 1753
614 1754
615 951
615 1255
615 1339
615 1407
615 1770
615 1771
616 1059
616 1606
616 1828
617 1359
618 697
619 1117
619 1424
620 632
620 1686
621 1142
621 1694
621 1781
622 1572
623 928
623 1018
623 1610
623 1934
623 1935
624 1662
625 697
625 1554
625 1791
626 1299
626 1695
626 1768
626 1771
627 1494
628 1273
628 1715
629 885
631 927
631 942
631 1150
631 1277
631 1545
631 1773
631 1846
631 1976
632 801
632 910
632 974
632 997
632 1151
632 1454
632 1910
633 853
633 1323
633 1513
633 1825
634 872
635 1614
636 746
636 785
636 933
636 939
636 1230
636 1437
636 1601
636 1656
636 1865
640 787
640 888
641 1911
642 1058
643 1500
644 668
644 814
644 1706
644 1908
645 1030
646 801
646 1481
646 1653
647 1236
647 1791
648 919
649 988
649 1268
650 710
650 962
650 1744
650 1820
652 735
652 953
652 1725
655 891
655 1069
655 1338
657 1492
657 1662
657 1905
659 888
659 959
659 1398
661 1066
661 1150
663 898
668 1350
669 1481
672 1082
672 1236
675 1836
677 1929
681 1068
681 1093
683 1546
685 1695
687 920
687 986
687 1160
687 1841
689 1246
690 714
693 768
694 1523
697 790
697 897
697 898
697 938
697 1066
697 1175
697 1498
697 1552
697 1660
697 1661
697 1662
698 1055
698 1176
698 1246
698 1421
700 912
700 920
700 1115
700 1307
700 1324
700 1524
700 1893
701 917
701 1128
702 1221
702 1417
702 1768
702 1770
702 1788
702 1905
702 1924
703 804
703 1250
703 1387
703 1665
703 1882
704 838
704 1072
705 1075
705 1130
705 1192
705 1284
705 1389
705 1413
705 1562
705 1610
705 1658
705 1730
705 1848
705 1898
706 758
706 1877
707 919
707 1073
708 1494
710 945
710 1055
710 1270
711 1546
714 911
714 1054
714 1237
714 1370
715 1273
715 1363
717 1359
720 1060
720 1147
720 1543
720 1964
721 1942
722 1965
723 744
723 1236
723 1575
723 1712
723 1906
724 1109
724 1175
725 885
725 1065
725 1236
726 1067
727 1421
730 751
730 1776
730 1790
732 1490
734 1489
734 1887
735 1682
736 1273
741 1083
741 1230
742 787
742 835
746 910
746 1267
746 1460
746 1464
746 1467
747 1571
747 1572
748 862
748 1203
748 1445
749 908
749 1137
750 941
751 937
753 1008
753 1303
753 1451
754 774
755 1114
757 1016
758 1427
760 1574
761 818
761 1411
761 1585
761 1996
762 1655
763 1323
763 1573
763 1609
763 1756
765 790
765 1347
765 1401
765 1955
767 1464
769 1545
773 1572
774 1201
775 1113
777 1081
778 779
779 1393
780 1090
782 980
782 1329
783 934
784 1396
787 1133
787 1137
787 1284
787 1476
788 1058
788 1200
788 1515
788 1708
789 996
789 1056
790 1089
790 1549
790 1877
791 1124
792 1069
794 926
794 1009
794 1265
794 1337
794 1859
796 1061
797 891
797 929
797 1875
799 1606
800 843
800 1490
801 1261
801 1469
802 1490
802 1832
808 1353
808 1522
814 1068
814 1603
815 995
815 1010
815 1235
815 1270
815 1326
815 1531
815 1604
815 1613
815 1750
815 1887
815 1911
816 1028
817 1058
817 1424
817 1725
818 1087
819 1451
822 1305
823 1523
824 1029
824 1221
824 1260
824 1410
824 1466
825 1206
826 1727
828 1055
829 1832
833 925
834 1614
835 1108
835 1121
835 1451
835 1452
835 1453
835 1454
836 941
836 1356
836 1497
838 900
838 919
838 989
838 994
838 1008
838 1256
838 1290
838 1303
838 1520
838 1730
838 1777
838 1839
839 1594
839 1631
841 1209
841 1365
842 1147
842 1914
842 1915
843 1393
843 1599
843 1697
843 1918
845 1028
846 934
846 1122
846 1350
847 937
848 857
848 952
848 1010
848 1086
848 1256
848 1352
848 1403
851 1754
852 1220
854 1519
854 1660
858 1089
858 1424
862 1701
862 1779
866 910
867 897
867 1273
870 1494
873 1284
873 1489
874 1490
874 1816
878 1322
880 1055
880 1577
880 1639
880 1734
882 1069
882 1356
883 1078
883 1500
883 1905
884 1100
885 906
885 912
885 930
885 1020
885 1255
885 1269
885 1685
885 1783
886 1621
886 1965
887 1486
889 925
889 1079
890 1212
891 1516
891 1601
891 1722
892 1301
893 1301
894 1568
894 1827
895 1660
897 913
897 1803
898 1715
900 1236
901 1085
901 1832
902 1079
907 964
907 1004
907 1244
908 1743
909 1113
910 953
910 1115
910 1180
910 1313
910 1352
910 1353
910 1354
910 1355
910 1356
910 1357
910 1358
910 1359
910 1360
910 1361
910 1362
910 1363
910 1364
910 1365
911 1681
912 1735
912 1738
913 1016
913 1277
913 1346
913 1662
914 1065
914 1117
914 1487
914 1809
915 968
915 1055
915 1478
917 938
917 1589
917 1732
918 1045
918 1487
919 1149
919 1546
919 1587
919 1708
919 1767
919 1861
919 1960
922 968
922 1067
923 1010
925 1055
925 1345
925 1583
925 1643
925 1891
927 1753
929 1147
929 1378
929 1408
929 1672
929 1760
929 1763
929 1941
931 1780
931 1898
932 1519
932 1574
933 1037
934 1240
934 1348
934 1610
934 1733
934 1861
935 1303
935 1814
937 1166
937 1489
937 1592
937 1759
937 1765
939 1143
940 968
940 1365
940 1967
941 1541
941 1724
941 1891
942 1614
951 955
951 1266
951 1949
952 1583
953 1767
954 1262
954 1914
955 1236
955 1480
956 1877
960 1055
960 1483
961 1492
967 1079
968 1095
968 1611
968 1900
969 1058
969 1368
969 1571
970 1485
971 1018
971 1091
973 1060
973 1229
973 1249
973 1405
973 1579
973 1734
973 1813
977 1630
977 1897
979 1113
984 1010
984 1328
984 1398
984 1416
984 1593
986 995
986 1111
986 1407
988 1041
988 1059
989 1087
989 1093
990 1093
991 1368
993 1460
994 1122
995 1916
1000 1489
1006 1791
1008 1148
1010 1344
1010 1445
1010 1446
1010 1447
1011 1474
1013 1113
1014 1911
1016 1097
1016 1244
1016 1452
1016 1689
1016 1793
1017 1067
1018 1112
1019 1546
1022 1711
1022 1906
1023 1131
1023 1492
1026 1487
1026 1491
1026 1848
1028 1101
1028 1759
1029 1475
1030 1055
1030 1972
1031 1546
1032 1055
1033 1439
1034 1270
1038 1130
1041 1247
1041 1379
1041 1703
1045 1398
1049 1056
1049 1199
1052 1109
1053 1780
1054 1460
1055 1173
1055 1234
1055 1290
1055 1299
1055 1382
1055 1447
1055 1712
1055 1713
1055 1714
1055 1715
1055 1716
1056 1078
1056 1175
1056 1236
1057 1423
1057 1861
1057 1919
1058 1565
1058 1576
1058 1680
1058 1793
1059 1552
1059 1558
1059 1705
1060 1062
1061 1433
1061 1444
1061 1678
1062 1792
1062 1968
1063 1454
1064 1320
1064 1834
1064 1886
1064 1922
1065 1292
1065 1401
1065 1470
1065 1743
1065 1979
1066 1445
1067 1174
1067 1260
1067 1313
1067 1488
1067 1866
1068 1811
1068 1831
1069 1505
1069 1899
1070 1247
1070 1417
1071 1180
1071 1196
1071 1302
1071 1640
1071 1853
1071 1874
1071 1979
1072 1330
1072 1453
1072 1671
1073 1194
1073 1204
1076 1260
1076 1416
1076 1689
1076 1985
1078 1094
1079 1354
1080 1680
1081 1513
1082 1094
1082 1807
1083 1348
1083 1358
1083 1539
1084 1136
1084 1292
1084 1310
1085 1241
1085 1328
1085 1908
1086 1474
1087 1120
1087 1699
1088 1091
1088 1270
1089 1144
1089 1351
1090 1282
1090 1591
1090 1839
1091 1235
1091 1712
1091 1777
1091 1854
1091 1855
1092 1495
1093 1272
1093 1406
1093 1682
1093 1725
1093 1738
1093 1809
1093 1851
1093 1930
1094 1554
1095 1556
1096 1389
1096 1459
1096 1855
1096 1896
1100 1508
1100 1742
1100 1871
1102 1447
1103 1487
1106 1603
1107 1125
1108 1131
1109 1317
1109 1366
1109 1558
1109 1629
1109 1665
1109 1788
1109 1953
1110 1297
1110 1352
1110 1499
1110 1512
1110 1956
1111 1172
1111 1307
1111 1469
1112 1231
1112 1398
1113 1613
1113 1691
1113 1789
1114 1411
1115 1129
1116 1673
1116 1764
1117 1123
1117 1566
1117 1635
1117 1864
1117 1992
1118 1556
1119 1190
1119 1263
1119 1364
1120 1133
1122 1280
1122 1473
1124 1147
1125 1263
1125 1595
1125 1698
1127 1213
1127 1304
1127 1367
1127 1456
1127 1525
1128 1766
1128 1930
1128 1966
1132 1256
1132 1731
1133 1453
1136 1847
1136 1898
1137 1458
1137 1566
1137 1638
1138 1816
1139 1477
1141 1145
1143 1718
1143 1741
1144 1911
1149 1654
1150 1487
1160 1480
1161 1489
1164 1599
1164 1953
1167 1176
1171 1490
1172 1681
1173 1267
1173 1269
1173 1745
1173 1787
1173 1820
1173 1867
1173 1881
1173 1896
1174 1434
1175 1594
1175 1615
1175 1798
1175 1807
1175 1959
1175 1965
1176 1308
1176 1547
1176 1633
1176 1937
1176 1988
1182 1482
1183 1346
1187 1832
1189 1797
1190 1299
1194 1277
1194 1816
1197 1276
1197 1631
1203 1808
1205 1285
1206 1538
1207 1631
1209 1333
1209 1618
1212 1319
1216 1681
1217 1523
1223 1555
1227 1523
1234 1960
1236 1338
1236 1549
1236 1571
1236 1929
1236 1942
1237 1267
1237 1836
1239 1967
1241 1460
1241 1480
1244 1738
1245 1586
1247 1285
1256 1768
1258 1362
1258 1478
1259 1619
1260 1965
1261 1476
1261 1929
1262 1600
1267 1488
1267 1599
1267 1720
1270 1986
1271 1754
1271 1959
1272 1362
1272 1482
1272 1556
1273 1307
1276 1436
1276 1602
1285 1676
1287 1621
1294 1490
1296 1600
1299 1758
1300 1325
1303 1351
1303 1371
1303 1500
1303 1533
1303 1661
1303 1877
1303 1961
1303 1967
1311 1654
1318 1658
1322 1523
1322 1603
1322 1606
1324 1479
1325 1361
1325 1451
1328 1562
1332 1820
1332 1932
1332 1936
1333 1361
1333 1396
1333 1481
1334 1490
1336 1574
1338 1400
1338 1688
1339 1492
1339 1515
1342 1898
1344 1978
1346 1601
1346 1921
1346 1975
1352 1477
1354 1695
1355 1612
1358 1467
1359 1379
1359 1417
1362 1398
1365 1415
1365 1957
1367 1780
1370 1876
1373 1779
1375 1631
1375 1771
1379 1531
1380 1603
1382 1404
1382 1677
1382 1951
1389 1572
1389 1660
1389 1876
1390 1836
1394 1522
1394 1565
1394 1854
1396 1773
1396 1879
1396 1880
1398 1847
1402 1924
1406 1875
1407 1736
1413 1652
1417 1620
1421 1718
1423 1929
1424 1826
1424 1833
1426 1478
1426 1600
1427 1735
1428 1623
1432 1965
1434 1970
1436 1467
1436 1753
1441 1620
1442 1875
1445 1997
1446 1484
1446 1968
1452 1545
1456 1875
1459 1655
1460 1826
1467 1648
1470 1571
1474 1602
1475 1841
1475 1934
1475 1977
1478 1971
1479 1688
1479 1764
1481 1617
1483 1762
1484 1791
1485 1587
1485 1881
1486 1907
1486 1943
1487 1690
1487 1862
1487 1922
1488 1495
1489 1572
1489 1607
1489 1971
1490 1623
1492 1504
1492 1821
1493 1521
1493 1566
1493 1604
1495 1637
1495 1869
1496 1558
1496 1612
1496 1796
1500 1859
1504 1708
1511 1583
1517 1631
1523 1604
1523 1665
1525 1653
1525 1848
1526 1721
1528 1555
1529 1887
1530 1695
1533 1695
1546 1602
1546 1707
1546 1749
1547 1693
1553 1618
1554 1581
1554 1897
1556 1903
1561 1959
1562 1969
1586 1834
1589 1735
1594 1907
1603 1937
1603 1975
1606 1734
1615 1959
1619 1770
1619 1964
1622 1847
1624 1791
1624 1905
1638 1847
1644 1828
1651 1931
1654 1907
1655 1766
1658 1750
1663 1768
1663 1959
1675 1816
1680 1753
1687 1876
1693 1948
1697 1961
1701 1735
1707 1887
1712 1738
1713 1924
1725 1834
1732 1791
1749 1828
1771 1910
1779 1898
1790 1816
1791 1897
1791 1991
1797 1961
1825 1851
1832 1886
1847 1880
1852 1961
1875 1998
1877 1933
