0 1
0 2
0 3
0 4
0 5
0 6
0 7
0 8
0 9
0 10
0 11
0 12
0 13
0 14
0 15
0 16
0 17
0 18
0 19
0 20
0 21
0 22
0 23
0 24
0 25
0 26
0 27
0 28
0 29
0 30
0 31
0 32
0 33
0 34
0 35
0 36
0 37
0 38
0 39
0 40
0 41
0 42
0 43
0 44
0 45
0 46
0 47
0 48
0 49
0 50
0 51
0 52
0 53
0 54
0 55
0 56
0 57
0 58
0 59
0 60
0 61
0 62
0 63
0 64
0 65
0 66
0 67
0 68
0 69
0 70
0 71
0 72
0 73
0 74
0 75
0 76
0 77
0 78
0 79
0 80
0 81
0 82
0 83
0 84
0 85
0 86
0 87
0 88
0 89
1 2
1 14
1 36
1 90
1 141
1 178
1 186
1 196
1 369
1 371
1 372
1 377
1 379
1 383
1 385
1 386
1 403
1 404
1 408
1 412
1 415
1 424
1 438
1 443
2 3
2 4
2 15
2 16
2 22
2 31
2 86
2 90
2 91
2 99
2 122
2 141
2 177
2 178
2 179
2 180
2 192
2 208
2 216
2 222
2 266
2 296
2 319
2 342
2 345
2 369
2 371
2 373
2 377
2 379
2 383
2 385
2 417
2 419
2 445
2 446
2 447
2 448
2 449
2 450
2 451
2 452
2 453
2 454
2 455
2 456
2 457
2 458
2 459
2 460
2 461
2 462
2 463
2 464
2 465
2 466
2 467
2 468
2 469
2 470
2 471
2 472
2 473
2 474
2 475
2 476
2 477
2 478
2 479
2 480
2 481
2 482
2 483
2 484
2 485
2 486
2 487
2 488
2 489
2 490
2 491
2 492
2 493
2 494
2 495
2 496
2 497
2 498
2 499
2 500
2 501
2 502
3 87
3 163
3 377
3 379
3 446
3 449
3 453
3 457
3 460
3 506
3 514
3 518
3 526
3 528
3 531
3 532
3 552
3 554
3 579
3 591
3 605
4 103
4 119
4 168
4 192
4 196
4 383
4 415
4 448
4 482
4 747
4 750
4 785
4 850
4 862
5 14
5 34
5 51
5 90
5 114
5 255
5 496
5 526
5 656
5 769
5 889
5 890
5 896
5 904
5 905
5 907
6 41
6 90
6 178
6 184
6 186
6 361
6 369
6 491
6 518
6 623
6 659
6 774
6 782
6 1062
6 1074
6 1088
7 20
7 32
7 103
7 208
7 260
7 346
7 445
7 447
7 469
7 605
7 904
7 1074
7 1136
7 1137
7 1138
7 1141
7 1148
7 1160
7 1169
7 1170
8 130
8 456
8 474
8 825
8 975
8 1192
8 1207
9 17
9 29
9 142
9 145
9 295
9 296
9 298
9 351
9 537
9 611
9 976
9 1059
9 1278
9 1327
9 1330
9 1386
9 1411
9 1412
9 1413
9 1414
9 1415
9 1416
10 44
10 623
10 1238
10 1431
10 1433
11 41
11 459
11 747
11 1343
12 65
12 352
12 385
12 463
12 531
12 781
12 976
13 90
13 184
13 1414
13 1588
14 244
14 301
14 313
14 504
14 706
14 757
14 1017
14 1022
14 1093
14 1139
14 1453
14 1612
14 1613
14 1614
15 467
15 822
15 1492
16 184
16 628
16 749
16 1136
16 1686
17 33
17 491
17 707
17 747
17 1006
18 28
18 30
18 33
18 170
18 386
18 472
18 490
18 1035
18 1062
18 1160
18 1643
18 1695
18 1697
18 1698
19 178
19 448
19 1136
20 151
20 297
20 354
20 505
20 652
20 697
20 974
20 1255
20 1438
20 1553
20 1618
20 1686
20 1772
21 178
22 162
23 98
23 145
23 197
23 209
23 214
23 290
23 1057
23 1172
23 1218
23 1438
23 1885
24 75
24 707
24 1422
25 82
25 664
25 772
25 807
25 924
25 1822
26 222
26 1181
27 193
27 296
27 368
27 618
27 1179
27 1287
27 1479
28 195
28 404
28 408
28 615
28 639
28 814
28 1045
28 1048
28 1068
28 1084
28 1255
28 1324
28 1423
28 1433
28 1531
28 1602
28 1727
28 1773
28 1893
28 1916
29 216
29 591
29 1000
30 92
30 214
30 373
30 888
30 904
30 958
30 1238
30 1259
30 1328
30 1819
30 1828
31 59
31 1946
32 219
32 226
32 300
32 376
32 794
32 1323
32 1948
33 181
33 233
33 611
33 1345
33 1475
34 86
34 214
34 303
34 511
34 979
34 1125
34 1183
34 1363
34 1399
34 1438
34 1526
34 1700
34 1864
35 141
36 145
36 177
36 571
36 855
36 882
36 1037
36 1345
36 1907
37 91
37 302
37 414
37 439
37 521
37 958
37 1169
37 1341
37 1431
37 1464
37 1465
37 1574
37 1577
37 1834
37 1961
38 449
39 457
40 133
40 1953
41 381
41 746
41 1473
42 141
42 1744
43 171
43 452
43 779
43 1373
44 145
44 1059
44 1110
44 1474
44 1967
45 225
45 510
45 982
45 1044
45 1055
45 1302
45 1966
46 460
46 1493
47 448
48 185
48 196
48 279
48 302
48 584
48 734
48 977
48 1047
48 1050
48 1170
48 1178
48 1287
48 1697
49 55
49 511
49 838
49 865
49 988
49 1522
49 1678
49 1702
49 1823
50 52
50 1095
51 53
51 335
51 620
51 632
51 709
51 1334
51 1972
52 580
52 986
52 1076
52 1304
52 1366
52 1651
53 464
54 141
56 1953
57 459
58 180
58 303
58 639
58 663
58 705
58 892
58 1660
58 1993
58 1996
59 146
59 246
59 1050
59 1204
59 1270
59 1362
59 1563
59 1595
60 140
60 177
60 295
60 382
60 572
60 584
60 1219
60 1816
60 1996
61 296
61 308
61 653
61 882
61 1665
61 1684
61 1692
62 477
63 239
63 295
63 478
63 770
63 1374
63 1453
63 1624
63 1762
63 1795
64 368
64 1019
64 1120
64 1271
65 504
65 1002
65 1097
65 1098
65 1986
66 587
66 764
66 796
66 1117
66 1289
67 111
67 249
67 303
67 790
67 1706
68 303
68 1323
68 1520
68 1561
69 450
69 626
69 895
69 1195
69 1634
69 1781
70 305
70 378
70 622
70 1123
71 91
71 115
71 124
71 516
71 960
71 1723
72 313
72 580
72 702
72 1211
72 1765
72 1842
73 188
73 233
73 894
73 934
74 151
74 512
74 647
74 1272
75 701
75 937
75 1631
75 1655
76 354
76 519
76 725
76 1308
76 1518
77 339
77 768
77 829
77 1452
78 469
79 253
79 675
79 697
79 969
80 296
80 298
80 1150
80 1750
80 1967
81 778
81 948
81 978
81 1430
81 1510
82 181
82 1154
82 1587
82 1824
82 1889
83 91
83 615
83 629
83 912
84 446
85 448
87 557
87 620
87 964
88 289
88 578
88 1018
88 1186
89 619
89 1823
89 1943
89 1998
90 91
90 92
90 93
90 94
90 95
90 96
90 97
90 98
90 99
90 100
90 101
90 102
90 103
90 104
90 105
90 106
90 107
90 108
90 109
90 110
90 111
90 112
90 113
90 114
90 115
90 116
90 117
90 118
90 119
90 120
90 121
90 122
90 123
90 124
90 125
90 126
90 127
90 128
90 129
90 130
90 131
90 132
90 133
90 134
90 135
90 136
90 137
90 138
90 139
90 140
91 127
91 129
91 130
91 132
91 136
91 148
91 157
91 178
91 454
91 457
91 474
91 623
91 628
91 638
91 640
91 651
91 654
91 656
91 659
91 664
91 669
91 670
91 677
91 678
91 680
91 681
91 691
91 693
92 141
92 192
92 446
92 747
92 750
92 762
92 807
92 808
92 809
93 139
93 202
93 255
93 488
93 489
93 724
93 825
93 1015
93 1095
94 186
94 1450
95 337
95 459
95 756
95 1136
95 1148
96 129
96 372
96 479
96 693
96 758
97 141
97 172
98 1654
99 174
100 222
100 452
100 1030
100 1331
100 1773
100 1877
101 452
101 1894
102 141
102 408
103 107
103 258
103 903
103 1103
103 1151
103 1172
103 1218
103 1390
103 1396
103 1465
103 1713
104 123
104 152
104 161
104 341
104 394
104 513
104 612
104 614
104 1006
104 1030
104 1331
104 1528
104 1561
104 1585
104 1764
104 1832
104 1865
104 1877
104 1929
105 491
105 638
105 1550
106 159
106 184
106 1536
106 1646
106 1946
108 120
108 749
109 579
110 377
110 1224
110 1865
111 258
112 298
112 300
112 537
112 655
112 921
112 1026
112 1202
112 1242
112 1896
112 1978
113 369
113 487
113 1397
113 1425
114 303
114 555
114 1094
114 1772
115 1148
116 779
116 1847
117 756
118 301
118 364
118 389
118 509
118 860
118 1531
118 1645
119 180
119 323
119 1193
120 504
120 746
120 1185
120 1842
120 1880
121 519
121 863
121 886
121 892
121 973
121 1147
121 1351
121 1936
122 518
122 1722
124 383
124 1539
125 181
125 612
125 899
125 1507
125 1521
125 1544
125 1997
126 474
127 149
127 520
127 1086
127 1196
128 518
129 567
129 998
129 1128
129 1312
129 1569
129 1958
130 597
130 746
130 1144
130 1578
131 226
131 318
131 513
131 1652
131 1955
132 313
132 1227
132 1618
133 1091
133 1453
133 1501
134 222
135 145
135 153
135 1174
135 1713
136 1043
136 1196
136 1388
137 233
137 295
137 942
137 1724
137 1729
138 491
139 152
139 914
139 1210
141 142
141 143
141 144
141 145
141 146
141 147
141 148
141 149
141 150
141 151
141 152
141 153
141 154
141 155
141 156
141 157
141 158
141 159
141 160
141 161
141 162
141 163
141 164
141 165
141 166
141 167
141 168
141 169
141 170
141 171
141 172
141 173
141 174
141 175
141 176
142 178
142 222
142 453
142 777
142 1178
142 1470
143 369
143 445
143 449
143 463
143 466
143 1118
144 178
144 1431
144 1486
145 271
145 362
145 424
145 461
145 528
145 1074
145 1192
145 1489
145 1526
145 1528
145 1534
146 386
146 467
146 767
146 905
146 1562
147 458
147 995
147 1722
148 181
148 296
148 524
148 613
148 998
148 1410
148 1482
148 1698
148 1703
148 1725
148 1726
148 1727
149 591
150 178
150 371
150 1373
151 1137
151 1361
151 1412
151 1568
151 1689
151 1798
152 495
152 654
152 930
152 1047
152 1062
152 1856
153 1689
154 383
154 479
154 1180
154 1224
154 1381
154 1431
154 1540
154 1698
154 1767
155 377
155 454
156 178
156 481
157 753
157 1067
157 1451
157 1555
157 1806
157 1927
158 181
158 511
158 616
158 704
158 1567
159 517
159 600
159 811
159 861
159 1175
159 1202
159 1319
160 524
160 868
160 908
160 1056
160 1147
160 1401
161 171
161 1695
162 451
162 513
162 944
162 986
162 1295
162 1483
162 1831
163 380
163 511
163 688
163 1494
163 1520
163 1635
163 1719
163 1919
163 1925
164 212
164 306
164 739
164 1235
164 1607
164 1625
164 1732
164 1882
164 1918
165 207
165 690
165 1261
165 1287
165 1497
165 1639
165 1947
166 184
167 424
167 448
168 304
168 1323
168 1374
168 1805
169 192
170 365
170 586
170 989
170 1919
171 179
171 1927
172 173
172 748
172 1172
172 1809
174 367
174 641
174 1193
174 1937
175 459
176 272
176 450
176 451
176 987
177 178
177 184
177 186
177 192
177 196
177 202
177 208
177 216
177 222
177 230
177 238
177 244
177 255
177 256
177 258
177 260
177 263
177 266
177 269
177 271
177 275
177 278
177 280
178 184
178 185
178 186
178 225
178 230
178 295
178 347
178 364
178 365
178 368
178 370
178 478
178 506
178 518
178 528
178 611
178 614
178 621
178 629
178 664
178 670
178 746
178 747
178 748
178 749
178 750
178 751
178 752
178 753
178 754
178 755
178 756
178 757
178 758
178 759
178 760
178 761
178 762
178 763
178 764
178 765
178 766
178 767
178 768
178 769
178 770
178 771
178 772
178 773
178 774
178 775
178 776
178 777
178 778
178 779
178 780
178 781
178 782
178 783
178 784
178 785
178 786
179 448
179 455
179 518
179 654
179 822
179 825
179 833
180 192
180 345
180 449
180 464
180 506
180 670
180 750
180 780
180 924
180 930
180 932
180 933
180 947
180 952
180 962
180 966
181 438
181 518
181 833
181 962
181 1011
181 1015
181 1022
181 1030
181 1035
181 1047
182 499
182 718
182 1022
182 1313
183 862
183 1192
183 1343
184 297
184 319
184 364
184 378
184 807
184 835
184 995
184 1136
184 1181
184 1397
184 1421
184 1422
184 1423
184 1424
184 1425
184 1426
184 1427
184 1428
184 1429
184 1430
185 623
185 756
186 187
186 190
186 256
186 302
186 304
186 702
186 755
186 794
186 907
186 912
186 962
186 967
186 978
186 1026
186 1038
186 1074
186 1100
186 1176
186 1285
186 1302
186 1428
186 1487
186 1488
186 1489
186 1490
186 1491
186 1492
186 1493
186 1494
186 1495
186 1496
186 1497
187 455
187 979
187 1245
187 1505
188 337
188 445
188 724
189 256
189 266
189 774
189 1368
189 1550
190 216
190 377
191 208
191 372
191 454
191 1577
192 255
192 260
192 275
192 307
192 309
192 342
192 527
192 614
192 628
192 677
192 716
192 751
192 825
192 833
192 842
192 932
192 1107
192 1138
192 1148
192 1192
192 1240
192 1261
192 1313
192 1353
192 1386
192 1463
192 1537
192 1569
192 1589
192 1590
192 1591
192 1592
192 1593
192 1594
192 1595
192 1596
193 403
193 449
193 833
193 1207
193 1397
194 371
194 669
194 1658
195 447
196 295
196 305
196 1267
196 1434
196 1651
197 749
197 975
197 1182
197 1281
198 208
198 352
198 506
198 947
199 1697
200 464
200 747
202 206
202 304
202 368
202 696
202 704
202 840
202 1171
202 1489
202 1683
202 1767
202 1768
202 1769
203 369
203 526
203 762
204 447
204 1614
204 1627
205 275
205 737
205 896
206 747
206 1224
206 1463
207 452
207 1414
208 566
208 923
208 1197
208 1342
209 890
209 905
209 1341
209 1820
210 1489
210 1490
211 591
211 765
211 1542
211 1695
212 472
212 1463
214 779
215 1022
216 397
216 522
216 659
216 1064
216 1172
216 1321
216 1441
216 1491
216 1653
216 1873
216 1899
216 1927
217 1562
217 1568
219 278
219 707
219 1852
220 403
220 1450
220 1542
222 269
222 403
222 410
222 556
222 855
222 934
222 1256
222 1327
222 1401
222 1402
222 1732
222 1745
222 1856
222 1891
223 678
223 727
223 750
223 1538
224 1343
225 532
226 412
226 579
226 1646
226 1658
227 1390
228 377
228 483
228 669
228 1495
228 1746
229 554
229 966
229 1136
229 1744
229 1798
230 915
230 1235
230 1250
230 1352
230 1401
230 1488
230 1851
232 445
232 1320
232 1538
232 1683
232 1746
237 377
237 486
237 677
238 295
238 747
238 872
238 1069
238 1398
238 1730
241 278
241 341
241 494
244 300
244 707
244 910
244 977
244 1041
244 1364
244 1674
244 1785
244 1803
244 1813
244 1826
245 460
245 476
245 514
246 1818
248 266
248 514
248 1496
249 1577
250 369
250 477
250 493
251 1011
253 930
254 475
255 594
255 1521
255 1596
256 708
256 1171
258 435
258 800
258 1129
258 1291
258 1360
259 1550
260 692
260 812
260 855
260 912
260 1130
260 1828
262 628
263 296
263 980
263 1095
263 1261
263 1681
263 1937
264 1422
266 411
266 1619
266 1932
269 613
269 898
269 1498
269 1548
271 379
271 948
271 1503
272 711
273 1363
273 1701
275 1140
275 1752
275 1807
276 379
276 680
276 889
276 1505
278 449
278 510
279 514
280 321
280 375
280 379
280 847
280 1980
283 1217
285 718
287 1671
288 531
295 337
295 340
295 341
295 345
295 346
295 351
295 352
295 361
295 362
296 371
296 372
296 383
296 446
296 448
296 470
296 506
296 514
296 707
296 711
296 716
296 718
296 722
296 724
296 727
296 737
296 742
297 470
297 579
297 749
297 750
297 775
297 975
297 976
297 979
298 460
298 995
298 1000
298 1006
299 447
299 477
299 495
299 759
299 896
299 1217
299 1224
299 1228
299 1234
300 502
300 772
300 1169
300 1390
300 1392
300 1394
301 1397
301 1399
301 1410
302 924
302 1325
303 1553
304 475
304 760
304 1643
305 532
305 825
305 1653
305 1654
306 532
306 1703
307 456
307 785
308 383
308 385
308 502
308 506
308 762
308 1138
308 1192
308 1614
309 506
309 628
310 651
310 711
310 1011
310 1238
311 369
311 476
312 1425
313 458
313 638
313 759
314 466
315 1343
315 1788
318 1136
319 502
319 1526
320 532
320 1891
321 761
321 1671
321 1686
322 1589
323 483
323 722
323 1798
324 383
324 1095
325 1331
325 1589
327 449
327 452
327 850
328 463
329 404
330 1015
331 1413
331 1536
333 448
333 449
333 1744
336 1413
336 1773
337 428
337 521
337 668
337 811
337 935
337 1489
337 1596
337 1900
337 1928
340 450
340 460
340 714
340 1437
341 614
341 676
341 1291
341 1348
345 830
345 1220
345 1743
345 1794
346 625
346 945
346 1109
346 1740
347 479
351 384
351 1058
351 1327
352 721
352 747
352 1803
352 1955
356 1234
357 501
361 504
361 924
361 1880
362 416
362 448
362 788
363 1011
364 446
364 457
364 678
364 1095
364 1100
365 445
365 447
365 722
365 822
365 1109
365 1118
366 471
366 528
366 765
366 932
366 1178
366 1180
366 1181
366 1182
366 1183
367 1011
367 1253
368 781
368 905
368 1368
368 1373
368 1380
368 1381
369 504
369 526
369 597
369 680
369 681
369 709
369 896
369 1038
369 1285
369 1317
369 1318
369 1488
369 1499
369 1536
369 1537
369 1538
369 1539
369 1540
369 1541
370 496
370 528
370 1241
371 507
371 607
371 1010
371 1232
371 1447
371 1610
371 1611
372 435
372 506
372 1119
372 1257
372 1618
372 1763
372 1764
373 486
373 1325
373 1673
373 1773
375 532
376 469
376 1553
376 1646
376 1817
376 1818
377 611
377 627
377 737
377 773
377 891
377 1065
377 1182
377 1258
377 1366
377 1522
377 1570
377 1695
377 1758
377 1820
377 1821
377 1822
378 474
378 850
378 1832
379 411
379 612
379 808
379 809
379 842
379 850
379 889
379 905
379 910
379 1011
379 1426
379 1622
379 1730
380 458
380 506
380 1759
381 771
381 1686
381 1746
383 386
383 492
383 545
383 577
383 742
383 753
383 822
383 924
383 942
383 1002
383 1179
383 1217
383 1234
383 1671
383 1742
384 758
384 1769
385 534
385 823
385 927
385 1194
385 1736
385 1772
385 1922
386 1057
386 1609
386 1784
386 1938
387 454
387 756
387 1217
388 737
388 1178
388 1397
388 1778
389 1701
390 693
390 1170
390 1413
390 1577
394 711
394 1138
395 760
396 1536
397 651
399 455
399 947
400 640
401 466
401 1422
401 1550
402 1192
402 1422
403 507
403 660
403 1147
403 1780
404 592
404 705
404 1079
404 1525
404 1962
405 477
405 808
407 506
407 1673
408 424
408 428
408 450
408 605
408 1342
408 1452
408 1550
408 1764
408 1969
408 1983
408 1995
410 1526
410 1528
412 449
412 451
412 776
412 813
412 1232
413 1528
414 506
414 975
414 1397
415 446
415 595
415 1140
415 1171
416 1697
417 446
417 1095
418 718
419 452
419 1414
420 453
420 1594
421 1568
422 1394
424 748
424 1059
424 1928
428 1192
430 1170
432 807
432 1095
436 579
436 1217
437 475
438 492
438 749
438 790
439 1136
441 640
443 446
443 793
443 1306
443 1758
445 537
445 768
445 882
445 1316
445 1429
446 484
446 532
446 577
446 619
446 621
446 624
446 651
446 711
446 754
446 1081
446 1095
446 1322
446 1566
446 1567
446 1568
446 1569
446 1570
447 514
447 706
447 841
447 1195
447 1199
447 1207
447 1700
447 1701
448 485
448 612
448 640
448 654
448 678
448 754
448 841
448 930
448 967
448 1057
448 1206
448 1258
448 1430
448 1470
448 1486
448 1499
448 1562
448 1586
448 1588
448 1593
448 1722
448 1740
448 1741
448 1742
448 1743
448 1744
448 1745
448 1746
448 1747
448 1748
448 1749
449 579
449 622
449 623
449 638
449 727
449 887
449 952
449 1038
449 1109
449 1180
449 1202
449 1222
449 1287
449 1571
449 1612
449 1646
449 1650
449 1757
449 1758
449 1759
449 1760
449 1761
449 1762
450 456
450 749
450 1788
451 452
451 453
451 491
451 1047
451 1325
451 1541
451 1613
451 1820
451 1847
451 1849
452 468
452 890
452 894
452 911
452 973
452 1078
452 1093
452 1233
452 1325
452 1342
452 1505
452 1586
452 1623
452 1658
452 1715
452 1757
452 1859
453 504
453 649
453 842
453 1044
453 1174
453 1319
453 1335
453 1380
453 1443
453 1573
453 1627
453 1730
454 503
454 507
454 776
454 1628
454 1755
455 1055
455 1085
455 1197
455 1228
455 1373
455 1398
455 1460
455 1510
455 1784
455 1867
456 505
456 997
456 1395
456 1623
457 462
457 527
457 693
457 968
457 1110
457 1116
457 1150
457 1392
457 1643
457 1654
457 1798
458 705
458 1076
458 1672
458 1792
458 1922
458 1940
459 915
459 923
459 931
459 1093
459 1125
459 1428
459 1611
459 1781
460 612
460 706
460 947
460 1064
460 1113
460 1256
460 1450
460 1900
461 504
461 582
461 705
461 835
461 1908
462 471
463 523
463 1357
463 1862
464 512
464 748
464 872
464 1525
464 1636
464 1880
464 1949
464 1977
465 498
465 1412
466 542
466 814
466 1198
466 1384
466 1976
467 520
467 871
467 1576
467 1590
467 1665
467 1873
469 838
469 1158
469 1366
469 1956
470 544
470 616
470 1532
470 1700
470 1743
470 1984
471 517
471 576
471 1091
471 1846
472 714
472 983
472 1175
472 1819
472 1885
473 482
473 1325
473 1802
474 819
474 1435
475 562
475 835
475 864
475 1139
475 1213
476 1107
476 1487
477 582
477 1459
477 1569
479 699
479 956
479 1007
479 1249
479 1674
479 1819
480 545
480 841
480 1033
480 1299
480 1354
480 1603
481 1509
481 1629
481 1680
482 773
482 866
482 1055
482 1132
482 1165
482 1261
482 1870
483 545
483 1175
483 1578
483 1592
484 1062
484 1241
486 559
486 1352
487 1012
487 1618
487 1718
488 792
488 1250
488 1976
489 655
489 1244
489 1247
490 1108
490 1400
490 1591
491 1957
493 592
493 649
493 987
493 1078
494 823
494 1176
494 1415
495 688
495 1605
495 1858
496 1498
496 1748
496 1760
497 646
497 1415
497 1734
497 1826
498 589
498 1398
498 1668
499 582
499 1045
499 1398
500 814
500 1323
500 1927
500 1970
501 1070
501 1255
501 1300
502 1252
503 552
503 1181
503 1238
503 1240
503 1241
503 1245
504 506
504 716
504 1278
504 1280
504 1281
505 742
505 904
505 1297
506 611
506 752
506 766
506 839
506 888
506 1062
506 1108
506 1163
506 1281
506 1317
506 1318
506 1319
506 1320
506 1321
507 1138
508 850
508 890
508 1542
509 669
510 783
510 1470
512 1118
512 1627
513 707
513 758
513 1390
514 613
514 620
514 746
514 768
514 792
514 860
514 887
514 899
514 1297
514 1352
514 1475
514 1511
514 1542
514 1689
514 1710
514 1711
515 1343
515 1683
516 782
516 1141
517 1768
517 1802
517 1838
518 531
518 591
518 627
518 708
518 722
518 763
518 974
518 1174
518 1253
518 1268
518 1343
518 1353
518 1368
518 1394
518 1424
518 1673
518 1818
518 1849
518 1852
519 1653
519 1859
520 1137
520 1852
521 809
522 640
522 1148
524 1361
526 679
526 840
526 990
526 1559
527 952
527 1141
527 1817
528 1018
528 1451
528 1512
528 1736
529 552
530 1399
530 1412
530 1818
531 816
531 901
531 1557
531 1734
531 1932
532 1417
534 670
538 771
539 1180
539 1325
542 932
542 1588
543 1553
544 552
544 1832
545 1368
545 1542
545 1769
546 786
549 678
550 716
550 1392
550 1492
552 749
552 795
552 1625
553 1368
554 637
554 735
554 838
554 839
554 922
554 965
554 1364
554 1701
554 1705
554 1771
556 1588
558 1410
560 749
560 1137
560 1241
564 759
567 760
570 769
572 765
572 1138
573 1505
574 1539
575 1849
577 896
577 1240
578 1325
579 1733
582 777
592 966
593 1747
595 1431
599 1416
603 1148
605 854
605 969
605 1009
609 1568
610 1253
610 1953
611 651
611 769
611 1325
611 1331
611 1341
612 781
613 1363
613 1689
616 807
616 1160
617 1834
619 1118
620 890
620 1686
623 928
623 1018
623 1610
623 1934
623 1935
624 1470
625 1820
625 1852
626 1695
626 1768
628 817
628 1066
628 1273
628 1597
628 1615
628 1715
628 1808
630 1822
631 1773
635 1614
636 785
636 933
636 1865
637 750
638 675
638 1680
639 772
639 785
640 787
640 888
645 1030
646 1653
650 962
650 1744
650 1820
651 1944
652 677
654 1196
654 1208
656 1095
656 1354
656 1665
657 1492
657 1540
658 750
659 888
659 959
659 1398
662 1192
662 1946
664 1108
664 1322
664 1812
666 1141
668 1169
669 924
669 1481
670 1395
670 1590
670 1709
670 1963
671 1425
673 932
677 1010
677 1755
677 1929
680 1254
680 1323
680 1630
681 1068
681 1093
681 1275
685 1297
685 1695
687 1160
690 1722
691 1325
691 1781
691 1800
691 1972
692 1331
693 768
696 889
698 1011
702 1768
702 1788
705 1192
705 1413
705 1562
705 1658
705 1898
706 758
706 975
706 1877
707 919
707 1073
707 1385
707 1508
707 1785
707 1903
711 867
711 882
711 961
711 1051
711 1248
711 1546
713 924
713 933
715 756
715 1363
716 1770
718 762
718 814
718 1432
718 1648
718 1873
722 792
722 1103
722 1965
724 1109
724 1175
724 1872
727 990
727 1421
731 759
731 890
731 1747
732 1490
734 780
734 1489
737 946
742 787
742 835
744 1818
746 1463
747 757
747 818
747 928
747 966
747 1010
747 1415
747 1571
747 1572
748 862
748 1313
748 1431
749 908
749 1015
749 1118
749 1137
749 1160
749 1507
749 1718
749 1806
749 1807
749 1808
750 941
750 946
750 1466
750 1913
751 1698
753 1331
754 774
755 762
756 961
756 1324
756 1761
758 1427
759 911
759 1021
759 1398
759 1932
759 1974
760 1139
760 1185
760 1443
760 1574
760 1607
760 1757
760 1906
761 818
761 1411
761 1585
761 1996
762 946
762 1222
762 1655
762 1685
762 1729
762 1751
762 1795
762 1817
762 1837
765 790
765 1347
765 1401
765 1955
767 1023
767 1322
767 1464
769 837
769 1545
769 1641
771 1257
771 1275
771 1650
771 1664
771 1893
771 1972
772 1050
772 1471
772 1949
774 1201
775 851
775 1113
775 1696
775 1921
776 896
777 883
777 1081
777 1233
778 779
778 1000
779 1393
780 1090
780 1402
780 1874
780 1975
781 1179
782 980
782 1329
783 934
783 1244
783 1455
784 797
784 1395
784 1396
784 1837
786 1507
786 1511
786 1751
787 1137
787 1240
787 1646
790 1877
792 1838
794 1859
799 1141
800 975
800 1490
802 1490
802 1832
807 1514
807 1829
807 1973
808 1353
808 1522
809 1219
809 1323
813 1433
814 1392
814 1673
815 995
815 1613
816 1253
817 1399
817 1673
819 1217
822 1305
824 1410
825 949
825 1206
825 1656
829 1240
829 1832
831 1138
833 925
834 1614
836 1627
839 1594
839 1726
839 1817
840 1865
843 1697
848 952
850 1254
850 1909
850 1958
850 1991
854 889
855 1746
858 1431
862 1701
862 1779
870 1749
871 1325
873 1297
873 1489
874 1490
880 1577
882 1726
882 1891
883 1238
883 1769
884 1100
884 1380
885 930
885 1685
887 1486
889 899
889 925
889 1079
889 1172
890 1212
890 1444
890 1567
890 1812
890 1829
890 1918
891 1722
894 1568
896 1527
901 1832
903 1891
904 1741
907 964
907 1004
907 1244
909 976
910 1180
910 1313
910 1361
910 1363
911 979
911 1540
911 1683
911 1685
912 1414
914 1281
914 1856
915 1141
917 1589
919 1767
922 1245
924 1157
924 1280
924 1318
924 1369
924 1838
924 1902
925 1643
925 1891
928 976
930 1099
930 1102
930 1255
930 1530
930 1917
930 1990
931 1898
932 1010
932 1519
932 1574
932 1694
932 1737
932 1995
933 1037
933 1192
933 1763
934 1240
937 1489
937 1759
941 1541
941 1891
942 1614
947 1274
950 1331
952 1017
952 1583
953 1767
956 1541
956 1646
956 1877
958 1685
961 1492
962 1298
966 1254
967 1425
968 1095
969 1368
972 1671
975 1136
976 1092
977 1897
979 1113
980 1646
980 1689
984 1416
986 995
988 1685
989 1207
991 1368
994 1118
995 1916
1000 1419
1000 1461
1000 1489
1000 1561
1006 1791
1006 1915
1008 1148
1010 1433
1011 1042
1011 1474
1012 1817
1014 1425
1014 1539
1015 1219
1015 1272
1015 1378
1015 1387
1016 1689
1019 1325
1021 1397
1022 1711
1022 1906
1023 1183
1023 1492
1023 1769
1028 1759
1030 1055
1030 1972
1035 1095
1035 1226
1035 1507
1035 1637
1035 1645
1035 1779
1035 1971
1041 1703
1047 1585
1047 1841
1048 1136
1052 1109
1053 1088
1055 1234
1060 1062
1060 1181
1060 1399
1061 1433
1062 1792
1062 1968
1064 1320
1064 1834
1065 1470
1067 1313
1069 1505
1071 1180
1072 1671
1074 1171
1074 1357
1074 1441
1074 1634
1074 1962
1076 1416
1076 1689
1083 1539
1084 1136
1085 1241
1088 1091
1088 1136
1088 1270
1088 1579
1088 1969
1092 1170
1092 1495
1095 1141
1095 1144
1095 1521
1095 1556
1095 1567
1097 1397
1100 1508
1100 1742
1100 1871
1106 1802
1108 1141
1109 1317
1109 1366
1109 1558
1109 1629
1109 1665
1109 1788
1109 1953
1110 1297
1113 1613
1115 1536
1115 1822
1116 1673
1118 1556
1118 1850
1118 1989
1120 1397
1122 1280
1125 1698
1135 1778
1136 1144
1136 1224
1136 1235
1136 1245
1136 1308
1136 1354
1136 1381
1136 1847
1136 1864
1136 1897
1136 1898
1136 1899
1136 1900
1137 1458
1137 1566
1137 1638
1138 1247
1138 1279
1138 1816
1139 1253
1141 1145
1141 1933
1144 1228
1144 1390
1146 1320
1146 1341
1148 1998
1149 1654
1151 1671
1155 1627
1158 1822
1160 1369
1160 1480
1161 1489
1163 1749
1164 1953
1165 1746
1168 1297
1169 1969
1171 1490
1171 1726
1172 1397
1173 1820
1174 1320
1175 1594
1175 1798
1178 1257
1181 1835
1182 1482
1182 1502
1182 1682
1182 1789
1183 1346
1183 1514
1184 1722
1185 1773
1187 1832
1190 1859
1192 1802
1192 1803
1192 1804
1192 1805
1193 1412
1193 1802
1194 1671
1195 1683
1196 1539
1199 1671
1199 1856
1202 1281
1206 1538
1207 1631
1208 1325
1217 1523
1222 1744
1225 1646
1225 1726
1228 1576
1228 1712
1228 1827
1228 1982
1234 1960
1238 1970
1240 1387
1241 1325
1241 1460
1241 1480
1241 1584
1243 1820
1245 1586
1247 1671
1250 1767
1250 1802
1253 1353
1256 1768
1262 1818
1268 1703
1268 1849
1269 1450
1278 1387
1278 1587
1278 1864
1280 1504
1280 1684
1294 1490
1297 1461
1297 1640
1298 1802
1300 1325
1303 1877
1307 1381
1310 1747
1311 1534
1311 1654
1317 1701
1318 1658
1325 1361
1325 1451
1325 1534
1325 1743
1325 1748
1325 1778
1325 1894
1328 1562
1328 1894
1330 1381
1332 1820
1333 1361
1334 1490
1335 1820
1339 1492
1340 1701
1341 1543
1342 1898
1343 1524
1352 1431
1352 1759
1354 1695
1366 1431
1369 1767
1371 1538
1371 1856
1373 1779
1375 1410
1378 1643
1380 1439
1380 1603
1380 1675
1383 1450
1383 1589
1390 1684
1390 1836
1392 1580
1394 1522
1394 1565
1394 1854
1396 1773
1397 1591
1397 1602
1397 1842
1397 1946
1397 1948
1398 1847
1399 1587
1399 1628
1399 1717
1399 1810
1403 1671
1411 1589
1411 1778
1412 1548
1413 1652
1415 1894
1416 1705
1422 1766
1423 1726
1425 1757
1429 1894
1431 1871
1441 1701
1454 1671
1459 1701
1463 1844
1465 1538
1470 1502
1470 1571
1470 1717
1470 1995
1486 1907
1486 1943
1488 1495
1489 1572
1489 1607
1489 1971
1490 1623
1492 1504
1492 1821
1493 1521
1493 1566
1493 1604
1495 1637
1495 1869
1496 1558
1496 1612
1496 1796
1500 1859
1501 1588
1502 1852
1507 1536
1513 1703
1516 1865
1522 1946
1525 1653
1526 1721
1528 1555
1528 1974
1530 1695
1533 1695
1534 1558
1534 1710
1538 1936
1540 1729
1541 1579
1546 1749
1550 1670
1553 1618
1554 1897
1562 1969
1568 1638
1573 1891
1577 1578
1577 1612
1586 1834
1589 1666
1589 1735
1589 1741
1592 1747
1594 1907
1613 1867
1615 1778
1622 1847
1635 1838
1638 1847
1646 1983
1649 1865
1654 1907
1658 1750
1663 1768
1668 1817
1673 1917
1677 1703
1680 1897
1697 1801
1697 1939
1697 1961
1698 1902
1701 1735
1701 1739
1701 1869
1701 1960
1725 1834
1726 1973
1746 1854
1749 1828
1759 1895
1759 1978
1770 1865
1773 1919
1779 1898
1784 1788
1791 1897
1799 1953
1804 1820
1825 1838
1832 1886
1847 1880
1849 1958
1852 1958
1852 1961
1865 1935
1877 1933
1946 1948
