0 7
0 78
1 7
1 96
1 388
1 390
1 395
2 208
2 445
2 487
3 388
3 520
3 525
3 575
4 119
4 839
4 849
5 312
5 395
6 575
6 697
6 741
6 1060
7 20
7 32
7 78
7 96
7 103
7 177
7 180
7 182
7 208
7 260
7 296
7 306
7 310
7 312
7 334
7 346
7 356
7 378
7 390
7 395
7 409
7 445
7 447
7 469
7 520
7 525
7 529
7 605
7 616
7 617
7 697
7 720
7 733
7 741
7 794
7 839
7 849
7 855
7 863
7 881
7 883
7 904
7 982
7 1058
7 1060
7 1074
7 1091
7 1108
7 1110
7 1131
7 1135
7 1136
7 1137
7 1138
7 1139
7 1140
7 1141
7 1142
7 1143
7 1144
7 1145
7 1146
7 1147
7 1148
7 1149
7 1150
7 1151
7 1152
7 1153
7 1154
7 1155
7 1156
7 1157
7 1158
7 1159
7 1160
7 1161
7 1162
7 1163
7 1164
7 1165
7 1166
7 1167
7 1168
7 1169
7 1170
8 630
8 1166
8 1209
10 1153
14 1139
15 1668
16 1143
17 520
17 1153
18 1143
20 697
20 1553
20 1618
21 78
26 575
32 794
37 1169
39 1060
44 1110
57 1060
71 115
78 469
78 992
79 697
80 1150
90 96
90 97
90 115
90 119
91 525
91 630
91 682
91 687
92 794
93 97
94 1139
96 129
96 177
96 246
96 297
96 372
96 479
96 542
96 550
96 687
96 693
96 758
96 852
96 878
96 900
96 913
96 968
96 1052
96 1107
96 1246
96 1396
96 1515
96 1523
96 1574
96 1618
96 1619
96 1620
96 1621
96 1622
97 141
97 172
97 281
97 296
97 374
97 398
97 704
97 917
97 1360
97 1371
97 1467
97 1618
97 1793
98 323
113 487
115 295
115 365
115 838
115 891
115 1148
115 1618
116 1209
119 180
119 323
119 1193
127 520
128 1150
132 1618
142 1152
143 445
145 682
146 1060
151 334
151 395
151 1798
152 388
177 208
177 252
177 260
178 754
178 758
181 390
182 839
185 1143
186 794
188 445
190 794
190 1135
191 208
192 260
192 1138
193 525
193 849
195 310
195 1131
198 208
208 566
208 923
208 1197
208 1342
214 1165
228 310
229 1798
232 445
235 390
252 323
252 510
252 559
252 851
252 1969
253 1168
257 310
260 692
260 812
260 855
260 912
260 1130
260 1828
265 323
272 839
285 1209
286 388
295 310
295 312
295 323
295 334
295 346
295 360
296 697
296 722
296 741
297 697
299 1152
300 1169
303 1553
304 697
305 1145
307 1621
308 1138
310 356
310 391
310 413
310 651
310 711
310 733
310 837
310 853
310 913
310 938
310 989
310 1011
310 1238
310 1252
310 1403
310 1418
310 1484
310 1557
310 1650
310 1667
310 1682
310 1699
310 1844
310 1845
312 329
312 619
312 942
312 1010
312 1356
312 1425
312 1912
322 520
323 360
323 387
323 388
323 483
323 644
323 682
323 722
323 763
323 1272
323 1354
323 1592
323 1618
323 1798
326 754
334 1453
334 1522
334 1524
334 1992
339 849
346 625
346 945
346 1109
346 1740
355 1758
356 1168
360 450
360 1199
360 1218
360 1429
360 1909
364 525
365 445
365 520
365 722
365 1110
365 1131
368 520
368 1110
372 1618
373 754
376 1553
377 1758
379 1622
380 1621
384 758
384 849
388 439
388 611
388 668
388 737
388 968
388 1178
388 1327
388 1397
388 1778
389 1758
390 511
390 693
390 819
390 1170
390 1342
390 1413
390 1577
390 1765
390 1885
394 1138
395 760
395 893
395 1205
395 1411
405 1152
406 754
420 1135
423 525
443 1758
445 537
445 768
445 882
445 1316
445 1429
446 754
448 754
449 1758
450 1145
451 1618
457 1110
457 1150
457 1798
467 520
468 1135
469 1158
473 1162
475 1139
482 1165
487 1012
487 1618
487 1718
498 1668
503 1060
504 1153
505 849
506 839
507 1138
509 1135
513 758
516 1139
516 1168
518 722
520 541
520 633
520 848
520 1092
520 1137
520 1146
520 1203
520 1251
520 1342
520 1349
520 1590
520 1600
520 1681
520 1852
520 1867
521 1143
525 527
525 529
525 539
525 802
525 1129
525 1205
525 1214
525 1506
530 1145
533 1139
536 1668
543 1553
545 630
550 1861
554 839
572 1138
575 719
575 1042
575 1618
575 1645
575 1647
575 1849
611 1165
612 1159
618 697
625 697
630 1324
630 1334
630 1537
630 1618
630 1811
630 1822
631 1150
657 839
661 1150
668 1169
682 1520
682 1880
684 1618
686 1758
687 920
687 986
687 1160
687 1841
696 839
697 790
697 897
697 898
697 938
697 1066
697 1175
697 1498
697 1552
697 1660
697 1661
697 1662
706 758
709 1153
720 1060
721 1139
722 792
722 1103
722 1965
731 1162
734 1139
741 1083
741 1230
754 774
754 1608
754 1618
754 1844
758 1427
760 1139
787 1135
787 1158
794 926
794 1009
794 1265
794 1337
794 1859
795 1162
798 1758
831 1138
839 1101
839 1594
839 1631
839 1726
839 1807
839 1817
839 1843
841 1209
845 1861
849 874
849 1161
849 1917
863 1166
875 1758
883 1139
886 1621
919 1861
934 1861
937 1166
939 1143
970 1060
973 1060
990 1060
996 1158
996 1622
1003 1139
1023 1131
1057 1861
1060 1062
1060 1105
1060 1181
1060 1292
1060 1308
1060 1323
1060 1399
1060 1444
1060 1512
1107 1135
1108 1131
1110 1297
1110 1352
1110 1499
1110 1512
1110 1956
1120 1159
1135 1252
1135 1290
1135 1461
1135 1507
1135 1777
1135 1778
1138 1247
1138 1279
1138 1816
1139 1253
1139 1468
1139 1477
1139 1751
1139 1770
1139 1815
1139 1890
1141 1145
1143 1718
1143 1741
1149 1618
1150 1389
1150 1487
1152 1624
1158 1700
1158 1822
1159 1403
1159 1837
1159 1862
1162 1906
1165 1746
1166 1323
1168 1297
1169 1969
1175 1798
1194 1668
1209 1333
1209 1618
1287 1621
1299 1758
1453 1861
1553 1618
1618 1668
1618 1758
1618 1861
1622 1813
1622 1847
1668 1817
1707 1758
