0 3
0 4
1 3
1 190
1 196
2 3
2 4
2 446
2 460
3 4
3 24
3 26
3 43
3 53
3 87
3 91
3 92
3 93
3 94
3 98
3 163
3 177
3 180
3 190
3 195
3 197
3 199
3 227
3 248
3 273
3 295
3 296
3 297
3 298
3 300
3 317
3 329
3 350
3 365
3 376
3 377
3 379
3 388
3 393
3 421
3 446
3 449
3 453
3 457
3 460
3 503
3 504
3 505
3 506
3 507
3 508
3 509
3 510
3 511
3 512
3 513
3 514
3 515
3 516
3 517
3 518
3 519
3 520
3 521
3 522
3 523
3 524
3 525
3 526
3 527
3 528
3 529
3 530
3 531
3 532
3 533
3 534
3 535
3 536
3 537
3 538
3 539
3 540
3 541
3 542
3 543
3 544
3 545
3 546
3 547
3 548
3 549
3 550
3 551
3 552
3 553
3 554
3 555
3 556
3 557
3 558
3 559
3 560
3 561
3 562
3 563
3 564
3 565
3 566
3 567
3 568
3 569
3 570
3 571
3 572
3 573
3 574
3 575
3 576
3 577
3 578
3 579
3 580
3 581
3 582
3 583
3 584
3 585
3 586
3 587
3 588
3 589
3 590
3 591
3 592
3 593
3 594
3 595
3 596
3 597
3 598
3 599
3 600
3 601
3 602
3 603
3 604
3 605
3 606
3 607
3 608
3 609
3 610
4 8
4 15
4 62
4 91
4 94
4 95
4 102
4 103
4 119
4 146
4 147
4 168
4 180
4 183
4 187
4 191
4 192
4 193
4 196
4 213
4 296
4 298
4 299
4 303
4 304
4 313
4 383
4 415
4 418
4 448
4 482
4 509
4 511
4 512
4 549
4 564
4 572
4 601
4 613
4 631
4 698
4 702
4 715
4 736
4 747
4 750
4 785
4 791
4 795
4 797
4 813
4 835
4 836
4 837
4 838
4 839
4 840
4 841
4 842
4 843
4 844
4 845
4 846
4 847
4 848
4 849
4 850
4 851
4 852
4 853
4 854
4 855
4 856
4 857
4 858
4 859
4 860
4 861
4 862
4 863
4 864
4 865
4 866
4 867
4 868
4 869
4 870
4 871
4 872
4 873
4 874
4 875
4 876
4 877
4 878
4 879
4 880
5 521
6 518
6 575
6 835
7 103
7 605
8 300
8 523
8 835
16 523
16 524
25 530
26 575
31 530
32 300
35 300
37 521
42 581
46 460
48 196
52 1651
66 587
84 446
87 557
90 93
90 103
92 227
92 300
92 446
93 97
93 139
93 177
93 202
93 255
93 295
93 299
93 304
93 376
93 382
93 488
93 489
93 508
93 639
93 696
93 724
93 752
93 766
93 820
93 825
93 857
93 911
93 913
93 1015
93 1043
93 1095
93 1255
93 1256
93 1257
93 1258
93 1259
93 1260
93 1261
93 1262
93 1263
93 1264
93 1265
93 1266
96 542
100 835
103 107
103 258
103 903
103 1103
103 1151
103 1172
103 1218
103 1390
103 1396
103 1465
103 1713
106 568
112 300
122 518
123 544
128 518
145 523
145 557
148 524
160 524
177 190
177 196
177 227
178 506
178 518
179 227
179 518
180 506
181 518
181 544
181 585
184 835
186 190
189 557
190 216
190 289
190 297
190 377
190 723
190 763
190 793
190 794
190 799
190 813
190 814
190 871
190 881
190 1135
190 1194
190 1335
190 1480
190 1573
190 1574
190 1575
190 1576
194 542
196 295
196 305
196 1267
196 1434
196 1651
198 506
198 544
226 866
227 308
227 338
227 1073
227 1112
227 1390
227 1751
229 554
239 835
244 300
245 460
246 300
253 300
295 300
296 446
296 506
296 521
298 460
298 544
299 524
300 347
300 406
300 502
300 504
300 510
300 512
300 513
300 624
300 713
300 746
300 766
300 772
300 789
300 824
300 846
300 911
300 913
300 915
300 935
300 994
300 1010
300 1012
300 1046
300 1097
300 1129
300 1169
300 1230
300 1291
300 1305
300 1384
300 1386
300 1387
300 1388
300 1389
300 1390
300 1391
300 1392
300 1393
300 1394
300 1395
303 530
305 607
305 1651
306 1651
308 506
309 506
309 544
322 530
326 523
337 521
340 460
364 446
364 521
364 568
365 521
365 608
367 835
368 530
371 607
372 506
380 506
389 1651
393 835
407 506
408 605
414 506
415 446
417 446
419 581
443 446
446 484
446 532
446 577
446 619
446 621
446 624
446 651
446 711
446 754
446 1081
446 1095
446 1322
446 1566
446 1567
446 1568
446 1569
446 1570
460 612
460 706
460 947
460 1064
460 1113
460 1256
460 1450
460 1900
461 835
462 524
463 523
466 542
470 544
475 562
475 835
482 866
504 506
505 587
506 611
506 752
506 766
506 839
506 888
506 1062
506 1108
506 1163
506 1281
506 1317
506 1318
506 1319
506 1320
506 1321
515 866
518 531
518 591
518 627
518 708
518 722
518 763
518 974
518 1174
518 1253
518 1268
518 1343
518 1353
518 1368
518 1394
518 1424
518 1673
518 1818
518 1849
518 1852
521 522
521 644
521 809
521 945
521 1143
521 1223
521 1347
521 1464
521 1606
521 1693
521 1791
521 1873
523 611
523 661
523 1211
523 1639
523 1740
523 1879
524 913
524 1049
524 1361
524 1580
524 1775
524 1889
530 573
530 926
530 967
530 1058
530 1065
530 1080
530 1145
530 1157
530 1399
530 1407
530 1412
530 1818
530 1931
542 698
542 836
542 932
542 1066
542 1588
542 1809
544 552
544 897
544 969
544 1203
544 1755
544 1824
544 1832
544 1950
554 637
554 735
554 838
554 839
554 922
554 965
554 1364
554 1701
554 1705
554 1771
557 558
557 753
557 838
557 1543
557 1752
562 635
562 705
562 1111
562 1247
562 1807
562 1979
563 608
568 879
568 1230
568 1326
568 1352
575 719
575 1042
575 1618
575 1645
575 1647
575 1849
581 823
581 1308
581 1883
585 763
585 919
585 1050
585 1926
587 802
587 887
596 668
596 865
596 963
596 1094
596 1713
605 854
605 969
605 1009
607 611
607 667
608 686
608 1258
742 835
835 1108
835 1121
835 1451
835 1452
835 1453
835 1454
866 910
1651 1931
