0 16
0 37
1 91
1 204
1 364
2 16
2 91
3 91
3 505
3 511
3 561
3 601
4 91
4 183
4 511
4 601
4 613
4 837
4 849
5 91
5 364
5 887
5 904
6 183
6 505
6 659
6 714
7 849
7 904
8 364
8 505
8 613
8 1211
12 364
15 561
16 111
16 184
16 374
16 505
16 523
16 524
16 628
16 749
16 814
16 842
16 1136
16 1143
16 1215
16 1248
16 1679
16 1686
16 1687
18 183
20 505
20 1686
27 1287
29 183
30 904
34 511
37 91
37 302
37 414
37 439
37 521
37 958
37 1169
37 1341
37 1431
37 1464
37 1465
37 1574
37 1577
37 1834
37 1961
39 183
48 1287
49 511
55 688
62 1291
66 1289
71 91
72 1211
79 675
83 91
90 91
91 127
91 129
91 130
91 132
91 136
91 148
91 157
91 177
91 178
91 179
91 189
91 193
91 194
91 197
91 204
91 287
91 296
91 297
91 298
91 308
91 332
91 364
91 454
91 457
91 474
91 478
91 485
91 503
91 504
91 505
91 507
91 515
91 516
91 525
91 540
91 543
91 551
91 555
91 565
91 570
91 601
91 611
91 612
91 613
91 614
91 615
91 616
91 617
91 618
91 619
91 620
91 621
91 622
91 623
91 624
91 625
91 626
91 627
91 628
91 629
91 630
91 631
91 632
91 633
91 634
91 635
91 636
91 637
91 638
91 639
91 640
91 641
91 642
91 643
91 644
91 645
91 646
91 647
91 648
91 649
91 650
91 651
91 652
91 653
91 654
91 655
91 656
91 657
91 658
91 659
91 660
91 661
91 662
91 663
91 664
91 665
91 666
91 667
91 668
91 669
91 670
91 671
91 672
91 673
91 674
91 675
91 676
91 677
91 678
91 679
91 680
91 681
91 682
91 683
91 684
91 685
91 686
91 687
91 688
91 689
91 690
91 691
91 692
91 693
91 694
91 695
92 812
93 1265
96 687
96 693
99 837
99 1265
106 1289
116 511
116 1300
118 364
145 650
145 1291
145 1294
145 1300
146 1286
148 613
151 505
151 511
154 1288
158 511
163 511
163 688
165 1287
174 641
177 183
177 204
178 364
180 511
181 364
181 837
182 364
183 188
183 197
183 320
183 505
183 508
183 611
183 619
183 735
183 757
183 824
183 862
183 1192
183 1342
183 1343
183 1344
183 1345
183 1346
183 1347
183 1348
183 1349
183 1350
183 1351
184 364
186 1285
188 1287
191 1290
192 309
193 849
198 309
203 364
203 511
204 302
204 444
204 447
204 516
204 657
204 883
204 919
204 1195
204 1355
204 1437
204 1614
204 1627
209 1292
212 309
216 659
220 1288
239 1291
258 1291
260 812
268 1287
269 613
288 1285
295 309
295 311
296 505
296 714
297 561
297 613
298 990
299 641
299 1220
300 1291
305 837
309 335
309 392
309 505
309 506
309 544
309 628
309 648
309 663
309 847
309 944
309 1328
309 1459
309 1719
309 1835
309 1836
310 837
311 365
311 369
311 476
311 505
311 708
311 755
311 854
311 1040
311 1080
311 1366
311 1604
311 1605
311 1874
313 675
321 837
321 1686
339 849
340 714
341 1291
342 837
345 1220
364 366
364 367
364 446
364 457
364 504
364 521
364 525
364 555
364 568
364 611
364 612
364 616
364 678
364 701
364 745
364 826
364 897
364 936
364 998
364 1010
364 1014
364 1056
364 1091
364 1092
364 1093
364 1094
364 1095
364 1096
364 1097
364 1098
364 1099
364 1100
364 1101
364 1102
364 1103
364 1104
364 1105
364 1106
365 650
367 1220
367 1248
368 641
368 1288
369 1285
376 1300
381 837
381 1686
382 1285
384 849
390 511
390 693
413 1287
431 990
433 613
449 887
449 1287
450 1287
451 1288
456 505
457 693
472 714
480 1299
495 688
501 1300
504 511
504 1284
505 511
505 561
505 587
505 699
505 714
505 742
505 751
505 812
505 837
505 849
505 887
505 904
505 990
505 1055
505 1200
505 1211
505 1220
505 1265
505 1284
505 1285
505 1286
505 1287
505 1288
505 1289
505 1290
505 1291
505 1292
505 1293
505 1294
505 1295
505 1296
505 1297
505 1298
505 1299
505 1300
505 1301
510 837
510 1294
511 597
511 602
511 612
511 634
511 647
511 683
511 692
511 700
511 996
511 1027
511 1059
511 1069
511 1247
511 1261
511 1293
511 1382
511 1504
511 1629
511 1630
511 1631
511 1632
511 1633
511 1634
511 1635
511 1636
511 1637
511 1638
514 613
514 887
514 1297
515 1286
523 1211
526 990
533 613
533 837
561 1734
573 1294
586 837
587 887
601 1396
601 1508
613 620
613 911
613 950
613 1051
613 1254
613 1318
613 1319
613 1344
613 1363
613 1516
613 1632
613 1688
613 1689
613 1690
616 1286
620 837
620 1686
626 1299
638 675
641 881
641 1151
641 1349
641 1369
641 1469
641 1911
650 710
650 962
650 1744
650 1820
659 888
659 959
659 1398
671 1292
672 823
672 921
672 1082
672 1236
672 1403
675 969
675 1516
675 1836
685 1297
687 920
687 986
687 1160
687 1841
688 851
690 714
693 768
695 1287
699 1289
705 1284
708 1289
711 1248
714 911
714 1054
714 1237
714 1370
727 990
764 1290
769 837
787 1284
794 1265
795 1286
812 1512
812 1869
837 1193
837 1263
837 1374
837 1521
837 1639
837 1766
838 1290
844 1286
849 874
849 1161
849 1917
852 1220
859 1291
873 1284
873 1297
882 1248
883 1296
884 1296
887 1014
887 1295
887 1486
887 1980
904 1741
912 1296
962 1298
970 1291
980 1298
987 1248
990 1005
990 1060
990 1093
990 1305
990 1329
1010 1296
1029 1289
1031 1211
1055 1290
1055 1299
1060 1292
1065 1292
1084 1292
1110 1297
1135 1290
1168 1297
1188 1296
1190 1299
1205 1285
1205 1292
1215 1265
1220 1261
1220 1731
1247 1285
1265 1322
1285 1676
1286 1323
1286 1551
1287 1315
1287 1621
1287 1829
1287 1879
1287 1952
1289 1521
1290 1748
1291 1442
1291 1644
1291 1669
1291 1826
1291 1831
1292 1304
1292 1857
1292 1922
1294 1490
1296 1600
1296 1814
1297 1461
1297 1640
1298 1308
1298 1567
1298 1802
1299 1758
1300 1325
