0 12
1 376
1 381
1 387
2 180
2 192
2 449
2 464
3 180
3 317
3 376
3 449
3 506
3 519
3 578
4 119
4 180
4 192
4 847
4 852
5 262
7 180
10 645
12 65
12 123
12 180
12 198
12 299
12 302
12 318
12 352
12 364
12 385
12 440
12 463
12 509
12 515
12 531
12 551
12 781
12 792
12 814
12 926
12 950
12 976
12 1044
12 1335
12 1544
12 1579
12 1580
12 1581
12 1582
12 1583
12 1584
17 519
18 1035
19 317
21 180
22 180
25 924
32 376
38 449
41 381
42 912
43 1373
46 180
53 464
58 180
71 960
76 519
83 912
88 578
90 119
91 645
91 686
92 192
92 805
93 376
93 913
94 916
95 756
96 852
96 913
97 917
101 960
105 913
105 915
106 847
106 917
117 756
119 180
119 323
119 1193
121 519
128 180
143 449
149 180
150 1373
150 1779
151 686
151 939
153 317
169 192
177 180
177 192
177 217
177 262
178 506
178 756
180 192
180 205
180 210
180 217
180 233
180 262
180 274
180 295
180 297
180 302
180 317
180 345
180 363
180 368
180 375
180 376
180 381
180 387
180 421
180 449
180 464
180 503
180 506
180 510
180 511
180 519
180 571
180 578
180 615
180 645
180 670
180 686
180 750
180 780
180 788
180 805
180 813
180 846
180 847
180 852
180 892
180 910
180 911
180 912
180 913
180 914
180 915
180 916
180 917
180 918
180 919
180 920
180 921
180 922
180 923
180 924
180 925
180 926
180 927
180 928
180 929
180 930
180 931
180 932
180 933
180 934
180 935
180 936
180 937
180 938
180 939
180 940
180 941
180 942
180 943
180 944
180 945
180 946
180 947
180 948
180 949
180 950
180 951
180 952
180 953
180 954
180 955
180 956
180 957
180 958
180 959
180 960
180 961
180 962
180 963
180 964
180 965
180 966
181 915
181 916
181 962
181 1035
182 519
185 756
186 912
186 962
189 965
189 1001
192 255
192 260
192 275
192 307
192 309
192 342
192 527
192 614
192 628
192 677
192 716
192 751
192 825
192 833
192 842
192 932
192 1107
192 1138
192 1148
192 1192
192 1240
192 1261
192 1313
192 1353
192 1386
192 1463
192 1537
192 1569
192 1589
192 1590
192 1591
192 1592
192 1593
192 1594
192 1595
192 1596
193 449
193 951
198 506
200 464
203 381
211 927
217 220
217 236
217 299
217 788
217 851
217 943
217 969
217 1323
217 1504
217 1559
217 1562
217 1568
217 1679
217 1725
226 686
226 915
226 925
226 951
229 578
230 915
232 805
235 317
260 912
262 628
262 1515
262 1604
278 449
279 946
280 847
295 317
296 506
297 387
297 805
297 917
298 912
298 949
298 1001
300 913
300 915
302 645
302 924
304 1001
308 506
308 915
309 506
309 847
310 913
314 916
317 642
317 902
317 1733
317 1770
317 1941
320 852
322 949
323 387
327 449
327 912
328 951
332 519
333 449
361 924
366 912
367 912
367 946
368 381
368 1373
370 852
372 506
373 925
374 912
376 391
376 469
376 632
376 634
376 683
376 788
376 818
376 1116
376 1300
376 1375
376 1437
376 1553
376 1584
376 1599
376 1615
376 1641
376 1646
376 1817
376 1818
376 1819
378 941
380 506
381 771
381 837
381 1372
381 1418
381 1524
381 1575
381 1686
381 1746
381 1787
383 924
385 927
387 454
387 508
387 567
387 756
387 1217
387 1376
387 1402
387 1776
387 1779
387 1893
387 1908
407 506
412 449
414 506
416 645
425 925
434 925
449 579
449 622
449 623
449 638
449 727
449 887
449 952
449 1038
449 1109
449 1180
449 1202
449 1222
449 1287
449 1571
449 1612
449 1646
449 1650
449 1757
449 1758
449 1759
449 1760
449 1761
449 1762
451 805
455 1373
459 915
464 512
464 748
464 872
464 1525
464 1636
464 1880
464 1949
464 1977
479 956
504 506
504 957
506 611
506 752
506 766
506 839
506 888
506 1062
506 1108
506 1163
506 1281
506 1317
506 1318
506 1319
506 1320
506 1321
507 913
519 1247
519 1358
519 1624
519 1653
519 1657
519 1858
519 1859
519 1860
524 913
527 917
543 847
545 917
548 912
554 965
578 1098
578 1325
586 915
608 686
611 957
614 925
615 951
631 927
636 933
636 939
645 655
645 719
645 991
645 1030
645 1210
645 1544
645 1782
645 1839
650 962
659 959
667 959
669 924
686 1758
700 912
701 917
705 1898
713 924
713 933
715 756
737 946
750 941
750 946
751 927
756 961
756 1324
756 1761
762 946
788 916
798 1779
825 949
833 925
836 941
844 913
847 937
847 1944
847 1968
852 1220
862 1779
885 912
886 912
889 925
897 913
912 1296
912 1414
912 1547
912 1597
912 1607
912 1696
912 1716
912 1735
912 1736
912 1737
912 1738
912 1739
913 1016
913 1210
913 1277
913 1346
913 1452
913 1647
913 1662
913 1750
913 1777
913 1786
913 1833
915 968
915 991
915 1055
915 1141
915 1191
915 1262
915 1312
915 1478
915 1509
915 1581
915 1595
915 1743
915 1923
916 1699
917 938
917 1589
917 1732
918 1779
924 1157
924 1280
924 1318
924 1369
924 1838
924 1902
925 1055
925 1345
925 1583
925 1643
925 1891
927 1753
931 1898
933 1037
933 1192
933 1763
939 998
939 1143
939 1324
941 1541
941 1724
941 1891
946 1906
946 1952
949 1269
951 955
951 1266
951 1949
956 1541
956 1552
956 1646
956 1877
957 999
957 1318
959 1417
959 1999
960 1055
960 1483
960 1499
962 1298
965 1795
965 1968
1001 1086
1001 1640
1001 1779
1035 1095
1035 1226
1035 1507
1035 1637
1035 1645
1035 1779
1035 1971
1136 1898
1237 1779
1342 1898
1373 1779
1779 1787
1779 1898
