0 3
0 87
1 3
1 94
2 3
2 446
2 452
2 460
3 4
3 24
3 26
3 43
3 53
3 87
3 91
3 92
3 93
3 94
3 98
3 163
3 177
3 180
3 190
3 195
3 197
3 199
3 227
3 248
3 273
3 295
3 296
3 297
3 298
3 300
3 317
3 329
3 350
3 365
3 376
3 377
3 379
3 388
3 393
3 421
3 446
3 449
3 453
3 457
3 460
3 503
3 504
3 505
3 506
3 507
3 508
3 509
3 510
3 511
3 512
3 513
3 514
3 515
3 516
3 517
3 518
3 519
3 520
3 521
3 522
3 523
3 524
3 525
3 526
3 527
3 528
3 529
3 530
3 531
3 532
3 533
3 534
3 535
3 536
3 537
3 538
3 539
3 540
3 541
3 542
3 543
3 544
3 545
3 546
3 547
3 548
3 549
3 550
3 551
3 552
3 553
3 554
3 555
3 556
3 557
3 558
3 559
3 560
3 561
3 562
3 563
3 564
3 565
3 566
3 567
3 568
3 569
3 570
3 571
3 572
3 573
3 574
3 575
3 576
3 577
3 578
3 579
3 580
3 581
3 582
3 583
3 584
3 585
3 586
3 587
3 588
3 589
3 590
3 591
3 592
3 593
3 594
3 595
3 596
3 597
3 598
3 599
3 600
3 601
3 602
3 603
3 604
3 605
3 606
3 607
3 608
3 609
3 610
4 94
4 572
5 521
7 529
8 523
10 571
15 561
16 523
18 556
21 94
21 1680
25 530
26 195
28 195
29 591
31 530
34 979
36 571
37 521
40 911
43 452
46 460
46 911
47 563
50 548
52 580
60 572
71 516
72 580
84 446
87 557
87 620
87 964
90 93
90 94
91 516
92 446
93 97
93 139
93 177
93 202
93 255
93 295
93 299
93 304
93 376
93 382
93 488
93 489
93 508
93 639
93 696
93 724
93 752
93 766
93 820
93 825
93 857
93 911
93 913
93 1015
93 1043
93 1095
93 1255
93 1256
93 1257
93 1258
93 1259
93 1260
93 1261
93 1262
93 1263
93 1264
93 1265
93 1266
94 186
94 283
94 297
94 473
94 534
94 689
94 916
94 931
94 1057
94 1139
94 1326
94 1366
94 1396
94 1449
94 1450
96 550
99 548
100 452
101 452
109 579
111 517
113 563
126 571
145 523
149 591
151 517
159 517
159 600
177 195
177 202
177 248
177 273
178 766
179 516
180 571
180 911
181 248
181 545
182 195
187 979
188 273
188 724
193 516
195 296
195 310
195 374
195 447
195 504
195 553
195 583
195 615
195 717
195 1089
195 1131
195 1140
195 1552
195 1628
195 1674
195 1677
198 566
202 206
202 304
202 368
202 696
202 704
202 840
202 1171
202 1489
202 1683
202 1767
202 1768
202 1769
204 516
204 1680
205 529
205 548
207 452
208 566
209 911
211 591
222 556
226 273
226 579
229 554
233 516
236 548
245 460
246 545
248 266
248 514
248 555
248 576
248 599
248 770
248 776
248 1128
248 1372
248 1496
248 1752
252 559
273 1363
273 1701
273 1771
296 446
296 521
296 724
297 561
297 579
297 979
298 460
299 546
300 766
300 911
302 559
303 530
304 911
307 1680
315 600
320 563
322 530
326 523
327 452
337 521
340 460
364 446
364 521
365 521
365 559
366 529
368 530
368 556
378 598
382 546
383 545
389 516
391 550
396 550
399 516
407 517
415 446
417 446
419 452
419 911
427 548
436 579
443 446
446 484
446 532
446 577
446 619
446 621
446 624
446 651
446 711
446 754
446 1081
446 1095
446 1322
446 1566
446 1567
446 1568
446 1569
446 1570
449 579
451 452
452 468
452 890
452 894
452 911
452 973
452 1078
452 1093
452 1233
452 1325
452 1342
452 1505
452 1586
452 1623
452 1658
452 1715
452 1757
452 1859
460 612
460 706
460 947
460 1064
460 1113
460 1256
460 1450
460 1900
463 523
471 517
480 545
481 1680
483 545
486 559
503 517
504 517
505 561
506 766
507 550
516 539
516 751
516 782
516 886
516 1139
516 1141
516 1168
516 1432
517 540
517 611
517 792
517 821
517 1125
517 1332
517 1337
517 1391
517 1522
517 1768
517 1802
517 1837
517 1838
518 591
521 522
521 644
521 809
521 945
521 1143
521 1223
521 1347
521 1464
521 1606
521 1693
521 1791
521 1873
523 611
523 661
523 1211
523 1639
523 1740
523 1879
525 529
529 552
529 819
529 1175
529 1239
529 1271
529 1328
529 1388
529 1415
529 1560
529 1688
529 1783
529 1915
530 573
530 926
530 967
530 1058
530 1065
530 1080
530 1145
530 1157
530 1399
530 1407
530 1412
530 1818
530 1931
537 604
538 546
545 602
545 630
545 815
545 917
545 1176
545 1368
545 1504
545 1542
545 1717
545 1769
545 1958
545 1959
546 786
546 791
546 1962
548 912
548 971
548 1155
548 1522
548 1637
548 1857
550 633
550 716
550 892
550 1052
550 1124
550 1306
550 1350
550 1392
550 1409
550 1487
550 1492
550 1833
550 1861
550 1885
550 1975
554 637
554 735
554 838
554 839
554 922
554 965
554 1364
554 1701
554 1705
554 1771
556 1080
556 1144
556 1588
559 923
559 1114
559 1383
559 1666
559 1901
560 749
560 797
560 1033
560 1137
560 1140
560 1241
561 1734
563 608
563 629
563 695
563 1687
563 1842
566 700
566 914
566 1242
566 1657
571 633
571 1346
571 1871
572 765
572 1138
572 1884
579 1733
580 616
580 1221
580 1423
584 604
597 766
598 996
598 1369
598 1784
600 793
600 1503
604 1318
604 1740
611 766
613 911
622 911
638 1680
662 911
714 911
724 1109
724 1175
724 1872
731 911
753 911
759 911
766 981
766 1663
766 1687
840 911
851 911
854 911
884 911
911 920
911 979
911 1201
911 1219
911 1250
911 1322
911 1540
911 1611
911 1615
911 1628
911 1676
911 1679
911 1680
911 1681
911 1682
911 1683
911 1684
911 1685
979 1113
1058 1680
1080 1680
1274 1680
1316 1680
1405 1680
1680 1753
1680 1897
