0 37
1 91
1 178
1 204
2 91
2 178
2 179
2 457
3 91
3 457
3 505
3 601
4 91
4 601
4 613
5 91
5 179
5 656
6 178
6 505
6 649
7 616
7 617
8 130
8 505
8 613
8 616
8 617
8 630
10 179
10 617
10 645
15 179
15 635
16 505
18 179
19 178
20 505
20 652
21 178
24 179
24 616
28 615
28 639
37 91
37 302
37 414
37 439
37 521
37 958
37 1169
37 1341
37 1431
37 1464
37 1465
37 1574
37 1577
37 1834
37 1961
39 457
58 639
61 308
70 622
71 91
74 647
83 91
83 615
84 684
90 91
90 130
91 127
91 129
91 130
91 132
91 136
91 148
91 157
91 177
91 178
91 179
91 189
91 193
91 194
91 197
91 204
91 287
91 296
91 297
91 298
91 308
91 332
91 364
91 454
91 457
91 474
91 478
91 485
91 503
91 504
91 505
91 507
91 515
91 516
91 525
91 540
91 543
91 551
91 555
91 565
91 570
91 601
91 611
91 612
91 613
91 614
91 615
91 616
91 617
91 618
91 619
91 620
91 621
91 622
91 623
91 624
91 625
91 626
91 627
91 628
91 629
91 630
91 631
91 632
91 633
91 634
91 635
91 636
91 637
91 638
91 639
91 640
91 641
91 642
91 643
91 644
91 645
91 646
91 647
91 648
91 649
91 650
91 651
91 652
91 653
91 654
91 655
91 656
91 657
91 658
91 659
91 660
91 661
91 662
91 663
91 664
91 665
91 666
91 667
91 668
91 669
91 670
91 671
91 672
91 673
91 674
91 675
91 676
91 677
91 678
91 679
91 680
91 681
91 682
91 683
91 684
91 685
91 686
91 687
91 688
91 689
91 690
91 691
91 692
91 693
91 694
91 695
93 639
96 687
99 639
109 308
110 308
117 179
130 597
130 746
130 1144
130 1578
142 178
143 615
144 178
144 636
145 639
145 647
145 650
148 613
150 178
150 635
151 505
151 686
152 643
156 178
158 616
171 179
177 178
177 179
177 194
177 204
178 184
178 185
178 186
178 225
178 230
178 295
178 347
178 364
178 365
178 368
178 370
178 478
178 506
178 518
178 528
178 611
178 614
178 621
178 629
178 664
178 670
178 746
178 747
178 748
178 749
178 750
178 751
178 752
178 753
178 754
178 755
178 756
178 757
178 758
178 759
178 760
178 761
178 762
178 763
178 764
178 765
178 766
178 767
178 768
178 769
178 770
178 771
178 772
178 773
178 774
178 775
178 776
178 777
178 778
178 779
178 780
178 781
178 782
178 783
178 784
178 785
178 786
179 181
179 185
179 200
179 227
179 228
179 231
179 272
179 274
179 276
179 295
179 296
179 299
179 301
179 314
179 318
179 325
179 422
179 448
179 455
179 507
179 512
179 516
179 518
179 522
179 536
179 583
179 654
179 694
179 696
179 739
179 744
179 788
179 813
179 814
179 815
179 816
179 817
179 818
179 819
179 820
179 821
179 822
179 823
179 824
179 825
179 826
179 827
179 828
179 829
179 830
179 831
179 832
179 833
179 834
180 615
180 645
180 686
181 194
181 683
183 505
194 206
194 371
194 422
194 542
194 611
194 669
194 673
194 831
194 1167
194 1317
194 1469
194 1598
194 1639
194 1658
194 1659
195 615
204 302
204 444
204 447
204 516
204 657
204 883
204 919
204 1195
204 1355
204 1437
204 1614
204 1627
204 1680
211 308
220 652
223 678
226 686
227 308
250 649
269 613
281 616
293 615
295 308
296 505
297 613
298 622
299 676
302 645
303 636
303 647
307 615
308 370
308 380
308 383
308 385
308 502
308 506
308 538
308 660
308 671
308 715
308 762
308 789
308 806
308 829
308 878
308 910
308 915
308 972
308 1056
308 1093
308 1138
308 1173
308 1192
308 1236
308 1388
308 1456
308 1564
308 1614
308 1712
308 1790
308 1791
308 1792
308 1793
308 1794
308 1795
309 505
310 651
311 505
313 616
325 635
341 676
364 457
364 616
364 678
365 650
367 616
369 681
376 683
380 636
384 643
389 617
397 651
411 676
416 645
419 622
423 639
433 613
446 651
448 678
449 622
450 643
451 635
453 649
456 505
457 462
457 527
457 693
457 968
457 1110
457 1116
457 1150
457 1392
457 1643
457 1654
457 1798
468 616
470 616
493 649
505 511
505 561
505 587
505 699
505 714
505 742
505 751
505 812
505 837
505 849
505 887
505 904
505 990
505 1055
505 1200
505 1211
505 1220
505 1265
505 1284
505 1285
505 1286
505 1287
505 1288
505 1289
505 1290
505 1291
505 1292
505 1293
505 1294
505 1295
505 1296
505 1297
505 1298
505 1299
505 1300
505 1301
511 647
511 683
514 613
515 617
526 679
533 613
539 615
545 630
549 678
562 635
580 616
601 1396
601 1508
608 686
611 651
612 622
613 620
613 911
613 950
613 1051
613 1254
613 1318
613 1319
613 1344
613 1363
613 1516
613 1632
613 1688
613 1689
613 1690
615 951
615 1255
615 1339
615 1407
615 1770
615 1771
616 790
616 807
616 918
616 1059
616 1160
616 1263
616 1286
616 1387
616 1426
616 1606
616 1659
616 1704
616 1713
616 1826
616 1827
616 1828
616 1829
616 1830
617 909
617 1257
617 1359
617 1522
617 1604
617 1834
620 684
622 911
622 1283
622 1304
622 1459
630 1324
630 1334
630 1537
630 1618
630 1811
630 1822
635 853
635 1614
636 746
636 785
636 933
636 939
636 1230
636 1437
636 1601
636 1656
636 1865
639 689
639 745
639 772
639 785
639 985
639 1501
639 1728
639 1983
643 969
643 1500
643 1624
643 1976
645 655
645 719
645 991
645 1030
645 1210
645 1544
645 1782
645 1839
647 1236
647 1791
649 988
649 1268
650 710
650 962
650 1744
650 1820
651 1944
652 677
652 735
652 953
652 969
652 1420
652 1725
652 1839
656 1095
656 1354
656 1665
676 1520
679 798
679 1120
679 1140
679 1951
681 1068
681 1093
681 1275
683 1546
684 851
684 1226
684 1340
684 1618
686 1758
687 920
687 986
687 1160
687 1841
