0 4
0 7
0 21
0 38
0 46
0 58
1 7
1 196
1 375
1 376
1 381
1 387
1 412
1 421
2 4
2 180
2 345
2 449
2 464
2 482
3 4
3 180
3 317
3 376
3 421
3 449
3 503
3 506
3 510
3 519
3 571
3 578
4 8
4 15
4 62
4 91
4 94
4 95
4 102
4 103
4 119
4 146
4 147
4 168
4 180
4 183
4 187
4 191
4 192
4 193
4 196
4 213
4 296
4 298
4 299
4 303
4 304
4 313
4 383
4 415
4 418
4 448
4 482
4 509
4 511
4 512
4 549
4 564
4 572
4 601
4 613
4 631
4 698
4 702
4 715
4 736
4 747
4 750
4 785
4 791
4 795
4 797
4 813
4 835
4 836
4 837
4 838
4 839
4 840
4 841
4 842
4 843
4 844
4 845
4 846
4 847
4 848
4 849
4 850
4 851
4 852
4 853
4 854
4 855
4 856
4 857
4 858
4 859
4 860
4 861
4 862
4 863
4 864
4 865
4 866
4 867
4 868
4 869
4 870
4 871
4 872
4 873
4 874
4 875
4 876
4 877
4 878
4 879
4 880
5 262
5 299
5 702
6 503
7 20
7 32
7 78
7 96
7 103
7 177
7 180
7 182
7 208
7 260
7 296
7 306
7 310
7 312
7 334
7 346
7 356
7 378
7 390
7 395
7 409
7 445
7 447
7 469
7 520
7 525
7 529
7 605
7 616
7 617
7 697
7 720
7 733
7 741
7 794
7 839
7 849
7 855
7 863
7 881
7 883
7 904
7 982
7 1058
7 1060
7 1074
7 1091
7 1108
7 1110
7 1131
7 1135
7 1136
7 1137
7 1138
7 1139
7 1140
7 1141
7 1142
7 1143
7 1144
7 1145
7 1146
7 1147
7 1148
7 1149
7 1150
7 1151
7 1152
7 1153
7 1154
7 1155
7 1156
7 1157
7 1158
7 1159
7 1160
7 1161
7 1162
7 1163
7 1164
7 1165
7 1166
7 1167
7 1168
7 1169
7 1170
8 910
10 571
10 910
12 180
12 299
12 302
12 926
12 950
14 1612
15 302
15 928
17 363
17 519
17 929
18 299
18 948
19 317
21 78
21 94
21 117
21 178
21 180
21 239
21 284
21 358
21 368
21 660
21 1665
21 1680
22 180
22 936
25 945
28 615
30 958
32 376
33 233
36 571
37 302
37 958
38 296
38 314
38 449
38 813
38 1398
38 1783
38 1860
38 1945
41 381
42 912
45 510
46 180
46 460
46 642
46 911
46 1409
46 1472
46 1493
46 1620
46 1924
48 196
48 302
53 464
54 302
58 180
58 303
58 639
58 663
58 705
58 892
58 1660
58 1993
58 1996
63 1762
71 960
72 702
73 233
73 934
75 937
76 519
81 948
83 615
83 912
86 302
88 578
90 128
91 503
91 615
91 670
91 686
92 805
93 299
93 376
93 913
94 916
94 931
96 913
97 917
98 299
99 299
100 375
101 960
105 913
105 915
106 917
106 944
112 921
119 180
121 519
126 571
127 149
128 180
128 518
128 1150
128 1196
128 1661
128 1911
137 233
137 942
141 149
141 168
143 449
143 615
144 928
145 510
145 963
146 921
149 177
149 180
149 193
149 215
149 218
149 303
149 402
149 591
149 625
149 815
149 888
149 1091
149 1400
149 1545
149 1630
149 1728
149 1729
151 299
151 421
151 686
151 939
152 503
152 715
152 930
152 935
153 317
155 702
162 944
168 304
168 1323
168 1374
168 1805
175 299
177 180
177 196
177 233
177 262
177 274
178 506
178 670
178 780
179 274
179 299
180 192
180 205
180 210
180 217
180 233
180 262
180 274
180 295
180 297
180 302
180 317
180 345
180 363
180 368
180 375
180 376
180 381
180 387
180 421
180 449
180 464
180 503
180 506
180 510
180 511
180 519
180 571
180 578
180 615
180 645
180 670
180 686
180 750
180 780
180 788
180 805
180 813
180 846
180 847
180 852
180 892
180 910
180 911
180 912
180 913
180 914
180 915
180 916
180 917
180 918
180 919
180 920
180 921
180 922
180 923
180 924
180 925
180 926
180 927
180 928
180 929
180 930
180 931
180 932
180 933
180 934
180 935
180 936
180 937
180 938
180 939
180 940
180 941
180 942
180 943
180 944
180 945
180 946
180 947
180 948
180 949
180 950
180 951
180 952
180 953
180 954
180 955
180 956
180 957
180 958
180 959
180 960
180 961
180 962
180 963
180 964
180 965
180 966
181 375
181 702
181 910
181 915
181 916
181 929
181 962
181 963
182 503
182 519
185 921
186 302
186 702
186 912
186 962
189 965
191 333
191 954
192 932
193 449
195 615
196 295
196 305
196 1267
196 1434
196 1651
198 506
198 918
198 947
199 302
200 464
203 381
204 302
204 919
205 510
208 923
210 937
211 927
211 1612
217 299
217 943
218 510
222 934
226 412
226 686
226 915
226 925
228 918
228 948
229 578
229 943
229 966
230 915
232 805
233 450
233 516
233 1883
233 1951
233 1981
234 920
235 317
240 299
244 910
251 918
252 510
253 930
254 922
257 918
260 912
262 628
262 1515
262 1604
271 948
274 770
274 1175
274 1714
278 449
278 510
279 946
280 375
293 615
295 299
295 302
295 317
295 333
295 345
295 363
296 299
296 302
296 503
296 506
296 702
296 715
297 387
297 805
297 917
297 922
298 302
298 912
298 918
298 949
299 301
299 330
299 418
299 447
299 477
299 495
299 524
299 546
299 641
299 676
299 710
299 719
299 748
299 759
299 895
299 896
299 971
299 986
299 1010
299 1107
299 1152
299 1216
299 1217
299 1218
299 1219
299 1220
299 1221
299 1222
299 1223
299 1224
299 1225
299 1226
299 1227
299 1228
299 1229
299 1230
299 1231
299 1232
299 1233
299 1234
300 510
300 913
300 915
300 935
302 350
302 358
302 559
302 645
302 793
302 924
302 1325
302 1404
302 1476
302 1510
302 1511
302 1512
302 1513
302 1514
302 1515
302 1516
302 1517
302 1518
302 1519
303 510
305 923
305 934
307 615
307 921
308 506
308 715
308 910
308 915
309 506
309 944
310 913
312 942
314 916
317 642
317 902
317 1733
317 1770
317 1941
321 910
322 949
323 387
327 449
327 912
328 919
332 519
333 448
333 449
333 819
333 1034
333 1400
333 1744
333 1825
333 1930
333 1977
335 922
337 935
343 942
344 503
345 830
345 1220
345 1743
345 1794
346 945
346 1109
363 1011
363 1573
364 936
365 910
365 1109
366 912
366 932
366 954
367 912
367 946
368 381
368 931
368 936
368 944
372 506
373 925
374 912
375 513
375 532
375 884
375 1055
375 1629
375 1700
375 1815
375 1816
376 391
376 469
376 632
376 634
376 683
376 788
376 818
376 1116
376 1300
376 1375
376 1437
376 1553
376 1584
376 1599
376 1615
376 1641
376 1646
376 1817
376 1818
376 1819
378 929
378 941
379 910
380 506
381 771
381 837
381 1372
381 1418
381 1524
381 1575
381 1686
381 1746
381 1787
383 942
384 919
385 927
387 454
387 508
387 567
387 756
387 1217
387 1376
387 1402
387 1776
387 1779
387 1893
387 1908
394 922
398 910
399 947
407 506
410 702
412 449
412 451
412 776
412 813
412 1232
414 506
421 1375
421 1568
421 1791
421 1895
425 925
434 925
442 918
442 948
448 930
449 579
449 622
449 623
449 638
449 727
449 887
449 952
449 1038
449 1109
449 1180
449 1202
449 1222
449 1287
449 1571
449 1612
449 1646
449 1650
449 1757
449 1758
449 1759
449 1760
449 1761
449 1762
450 920
450 958
451 805
454 503
459 915
459 923
459 931
460 947
464 512
464 748
464 872
464 1525
464 1636
464 1880
464 1949
464 1977
473 482
479 956
482 773
482 866
482 1055
482 1132
482 1165
482 1261
482 1870
503 517
503 552
503 703
503 836
503 914
503 1060
503 1061
503 1181
503 1196
503 1235
503 1236
503 1237
503 1238
503 1239
503 1240
503 1241
503 1242
503 1243
503 1244
503 1245
503 1246
504 506
504 940
504 957
506 611
506 752
506 766
506 839
506 888
506 1062
506 1108
506 1163
506 1281
506 1317
506 1318
506 1319
506 1320
506 1321
507 913
510 543
510 730
510 783
510 800
510 837
510 874
510 1046
510 1247
510 1264
510 1294
510 1470
510 1494
510 1529
510 1560
510 1584
510 1599
510 1600
510 1601
519 1247
519 1358
519 1624
519 1653
519 1657
519 1858
519 1859
519 1860
521 945
524 913
527 917
527 940
530 926
534 670
534 929
539 615
542 932
545 917
548 912
553 940
554 922
554 965
559 923
570 910
571 633
571 1346
571 1871
573 1762
576 1612
578 1098
578 1325
585 919
586 915
586 948
592 966
596 963
608 686
611 910
611 922
611 957
613 950
614 925
615 951
615 1255
615 1339
615 1407
615 1770
615 1771
616 918
623 928
626 942
631 927
631 942
632 910
636 933
636 939
642 950
648 919
650 962
655 955
659 959
667 959
670 1395
670 1590
670 1709
670 1963
672 921
673 932
686 1758
687 920
700 912
700 920
701 917
702 1221
702 1417
702 1768
702 1770
702 1788
702 1905
702 1924
707 919
710 945
711 961
713 933
715 756
715 1273
715 1363
715 1833
715 1904
724 1109
734 780
737 946
746 910
747 928
747 966
750 941
750 946
751 927
751 937
756 961
762 946
780 1090
780 1402
780 1874
780 1975
783 934
788 916
788 936
794 926
797 929
816 1762
817 920
821 922
825 949
833 925
836 941
838 919
844 913
846 934
847 937
866 910
885 912
885 930
886 912
889 925
897 913
910 953
910 1115
910 1180
910 1313
910 1352
910 1353
910 1354
910 1355
910 1356
910 1357
910 1358
910 1359
910 1360
910 1361
910 1362
910 1363
910 1364
910 1365
911 920
912 1296
912 1414
912 1547
912 1597
912 1607
912 1696
912 1716
912 1735
912 1736
912 1737
912 1738
912 1739
913 1016
913 1210
913 1277
913 1346
913 1452
913 1647
913 1662
913 1750
913 1777
913 1786
913 1833
915 968
915 991
915 1055
915 1141
915 1191
915 1262
915 1312
915 1478
915 1509
915 1581
915 1595
915 1743
915 1923
916 1699
917 938
917 1589
917 1732
918 1045
918 1142
918 1487
918 1779
918 1790
918 1955
919 1149
919 1546
919 1587
919 1708
919 1767
919 1861
919 1960
921 1501
921 1507
921 1529
921 1537
922 968
922 1067
922 1245
922 1617
922 1766
922 1784
922 1787
922 1888
923 1010
925 1055
925 1345
925 1583
925 1643
925 1891
926 1366
926 1509
927 1753
928 976
929 1147
929 1378
929 1408
929 1672
929 1760
929 1763
929 1941
930 1099
930 1102
930 1255
930 1530
930 1917
930 1990
931 1247
931 1780
931 1898
931 1920
932 1010
932 1519
932 1574
932 1694
932 1737
932 1995
933 1037
933 1192
933 1763
934 1240
934 1348
934 1610
934 1733
934 1861
935 1303
935 1814
937 1166
937 1489
937 1592
937 1759
937 1765
939 998
939 1143
939 1324
940 968
940 1365
940 1591
940 1605
940 1967
941 1541
941 1724
941 1891
942 1614
943 1322
943 1734
944 1925
946 1906
946 1952
947 1274
948 1092
948 1610
948 1993
949 1269
950 1331
950 1930
951 955
954 1262
954 1914
955 1156
955 1236
955 1480
956 1541
956 1552
956 1646
956 1877
957 999
957 1318
958 1154
958 1685
959 1417
959 1999
960 1055
960 1483
960 1499
961 1449
961 1492
962 1298
963 1461
964 1612
965 1795
965 1968
966 1254
1013 1612
1014 1612
1052 1109
1109 1317
1109 1366
1109 1558
1109 1629
1109 1665
1109 1788
1109 1953
1355 1612
1483 1762
1496 1612
1577 1612
1762 1815
