0 7
0 36
0 54
0 56
0 60
1 7
1 36
1 177
1 181
1 190
1 196
1 204
1 207
1 213
1 221
1 229
1 232
1 242
1 246
2 177
2 222
2 266
3 177
3 190
3 195
3 197
3 199
3 227
3 273
3 515
4 146
4 191
4 196
4 213
5 181
5 255
6 177
6 181
6 184
7 20
7 32
7 78
7 96
7 103
7 177
7 180
7 182
7 208
7 260
7 296
7 306
7 310
7 312
7 334
7 346
7 356
7 378
7 390
7 395
7 409
7 445
7 447
7 469
7 520
7 525
7 529
7 605
7 616
7 617
7 697
7 720
7 733
7 741
7 794
7 839
7 849
7 855
7 863
7 881
7 883
7 904
7 982
7 1058
7 1060
7 1074
7 1091
7 1108
7 1110
7 1131
7 1135
7 1136
7 1137
7 1138
7 1139
7 1140
7 1141
7 1142
7 1143
7 1144
7 1145
7 1146
7 1147
7 1148
7 1149
7 1150
7 1151
7 1152
7 1153
7 1154
7 1155
7 1156
7 1157
7 1158
7 1159
7 1160
7 1161
7 1162
7 1163
7 1164
7 1165
7 1166
7 1167
7 1168
7 1169
7 1170
8 124
8 185
8 213
10 1433
11 181
12 198
12 515
13 184
14 244
15 224
15 232
15 272
16 184
18 191
18 250
18 1344
19 205
19 237
19 286
21 239
21 284
23 197
23 209
23 214
24 203
24 264
25 205
26 195
26 222
28 195
28 1433
29 210
30 214
31 261
33 181
33 233
34 214
36 145
36 177
36 571
36 855
36 882
36 1037
36 1345
36 1907
45 225
47 207
48 185
48 196
48 279
54 141
54 177
54 302
54 1105
54 1140
54 1851
56 177
56 425
56 987
56 1119
56 1259
56 1854
56 1953
56 1971
56 1993
59 146
59 246
60 140
60 177
60 295
60 382
60 572
60 584
60 1219
60 1816
60 1996
63 239
71 124
73 233
82 181
90 105
90 124
91 177
91 197
91 204
91 287
91 515
91 692
92 177
92 199
92 203
92 227
92 802
93 177
93 255
94 283
95 214
96 177
96 246
98 199
98 203
100 222
103 258
105 177
105 491
105 638
105 902
105 913
105 915
105 1092
105 1519
105 1550
105 1840
106 184
106 198
109 257
110 236
111 234
111 258
113 279
116 1010
124 177
124 383
124 627
124 826
124 1232
124 1539
124 1714
125 181
127 149
134 222
137 233
141 146
141 149
142 177
142 222
143 181
143 284
144 1445
145 231
145 271
146 177
146 187
146 368
146 386
146 467
146 553
146 653
146 748
146 767
146 905
146 921
146 991
146 1025
146 1060
146 1163
146 1270
146 1282
146 1286
146 1303
146 1355
146 1366
146 1411
146 1513
146 1546
146 1557
146 1558
146 1559
146 1560
146 1561
146 1562
146 1563
146 1564
146 1565
147 200
148 181
149 177
149 180
149 193
149 215
149 218
149 303
149 402
149 591
149 625
149 815
149 888
149 1091
149 1400
149 1545
149 1630
149 1728
149 1729
150 191
150 257
151 240
151 1445
151 1446
152 181
156 209
156 284
158 181
161 1010
164 212
165 207
166 184
176 272
177 178
177 179
177 180
177 181
177 182
177 183
177 184
177 185
177 186
177 187
177 188
177 189
177 190
177 191
177 192
177 193
177 194
177 195
177 196
177 197
177 198
177 199
177 200
177 201
177 202
177 203
177 204
177 205
177 206
177 207
177 208
177 209
177 210
177 211
177 212
177 213
177 214
177 215
177 216
177 217
177 218
177 219
177 220
177 221
177 222
177 223
177 224
177 225
177 226
177 227
177 228
177 229
177 230
177 231
177 232
177 233
177 234
177 235
177 236
177 237
177 238
177 239
177 240
177 241
177 242
177 243
177 244
177 245
177 246
177 247
177 248
177 249
177 250
177 251
177 252
177 253
177 254
177 255
177 256
177 257
177 258
177 259
177 260
177 261
177 262
177 263
177 264
177 265
177 266
177 267
177 268
177 269
177 270
177 271
177 272
177 273
177 274
177 275
177 276
177 277
177 278
177 279
177 280
177 281
177 282
177 283
177 284
177 285
177 286
177 287
177 288
177 289
177 290
177 291
177 292
177 293
177 294
178 184
178 185
178 225
178 230
179 181
179 185
179 200
179 227
179 228
179 231
179 272
179 274
179 276
180 205
180 210
180 233
180 274
180 932
181 189
181 194
181 223
181 248
181 294
181 296
181 305
181 364
181 365
181 375
181 390
181 396
181 398
181 438
181 508
181 518
181 522
181 544
181 545
181 585
181 593
181 683
181 702
181 753
181 790
181 817
181 827
181 833
181 836
181 837
181 910
181 915
181 916
181 929
181 962
181 963
181 986
181 991
181 1010
181 1011
181 1012
181 1013
181 1014
181 1015
181 1016
181 1017
181 1018
181 1019
181 1020
181 1021
181 1022
181 1023
181 1024
181 1025
181 1026
181 1027
181 1028
181 1029
181 1030
181 1031
181 1032
181 1033
181 1034
181 1035
181 1036
181 1037
181 1038
181 1039
181 1040
181 1041
181 1042
181 1043
181 1044
181 1045
181 1046
181 1047
181 1048
181 1049
181 1050
181 1051
181 1052
181 1053
181 1054
182 195
183 197
183 1344
184 297
184 319
184 364
184 378
184 807
184 835
184 995
184 1136
184 1181
184 1397
184 1421
184 1422
184 1423
184 1424
184 1425
184 1426
184 1427
184 1428
184 1429
184 1430
185 218
185 290
185 295
185 623
185 629
185 712
185 756
185 836
185 881
185 921
185 964
185 1143
185 1302
185 1455
185 1456
185 1457
185 1458
186 190
186 256
188 191
188 273
189 237
189 256
189 266
190 216
190 289
190 297
190 377
190 723
190 763
190 793
190 794
190 799
190 813
190 814
190 871
190 881
190 1135
190 1194
190 1335
190 1480
190 1573
190 1574
190 1575
190 1576
191 208
191 296
191 333
191 365
191 372
191 454
191 818
191 954
191 1290
191 1577
191 1578
192 255
192 932
194 206
195 296
195 310
195 374
195 447
195 504
195 553
195 583
195 615
195 717
195 1089
196 295
196 305
196 1267
196 1434
196 1651
197 265
197 303
197 626
197 749
197 975
197 1182
197 1281
197 1306
197 1719
197 1720
198 208
198 296
198 298
198 309
198 352
198 450
198 506
198 541
198 544
198 558
198 566
198 882
198 918
198 947
198 1042
198 1250
198 1421
198 1730
199 201
199 296
199 302
199 1171
199 1697
199 1750
200 295
200 418
200 464
200 747
202 206
203 315
203 364
203 369
203 381
203 511
203 526
203 646
203 762
203 1005
203 1048
203 1056
203 1326
203 1352
203 1580
203 1712
203 1775
203 1776
204 302
204 444
204 447
204 516
204 657
204 883
204 919
204 1195
204 1355
204 1437
204 1614
204 1627
204 1680
205 275
205 336
205 510
205 529
205 548
205 633
205 737
205 751
205 881
205 896
205 914
205 971
205 1096
205 1349
205 1458
205 1462
205 1472
205 1740
205 1742
205 1811
205 1812
205 1813
205 1814
206 245
206 368
206 747
206 1024
206 1167
206 1224
206 1459
206 1463
206 1464
207 298
207 450
207 451
207 452
207 987
207 1146
207 1270
207 1414
207 1514
207 1774
207 1828
207 1844
207 1851
209 305
209 324
209 365
209 370
209 465
209 574
209 667
209 890
209 905
209 911
209 1020
209 1292
209 1341
209 1475
209 1491
209 1636
209 1708
209 1799
209 1820
209 1833
209 1857
210 251
210 282
210 370
210 384
210 450
210 788
210 893
210 937
210 1064
210 1173
210 1396
210 1489
210 1490
210 1510
210 1681
210 1812
210 1862
211 261
212 253
212 309
212 336
212 472
212 507
212 611
212 1258
212 1275
212 1314
212 1322
212 1432
212 1463
212 1566
212 1786
212 1887
213 353
213 492
213 671
213 1108
213 1198
213 1208
213 1888
214 374
214 394
214 646
214 779
214 1165
214 1171
214 1176
214 1374
214 1436
214 1721
214 1804
214 1815
214 1907
215 286
217 220
217 236
219 278
220 367
220 403
220 620
220 652
220 696
220 1067
220 1249
220 1288
220 1404
220 1450
220 1542
220 1551
220 1786
220 1846
221 306
221 450
221 696
221 1690
222 269
222 403
222 410
222 556
222 855
222 934
222 1256
222 1327
222 1401
222 1402
222 1732
222 1745
222 1856
222 1891
223 235
224 297
224 349
224 705
224 1343
225 370
225 532
225 705
225 709
225 1720
225 1941
226 273
227 308
227 338
227 1073
227 1112
227 1390
227 1751
228 310
228 377
228 483
228 669
228 918
228 948
228 1004
228 1495
228 1740
228 1746
229 295
229 547
229 554
229 578
229 943
229 966
229 1136
229 1460
229 1603
229 1744
229 1798
230 915
230 1235
230 1250
230 1352
230 1401
230 1488
230 1851
231 1235
231 1644
231 1665
231 1737
231 1868
232 365
232 445
232 728
232 805
232 1269
232 1320
232 1538
232 1683
232 1746
233 450
233 516
233 1883
233 1951
233 1981
234 314
234 451
234 920
234 1794
234 1896
235 301
235 317
235 390
235 1082
236 548
236 967
237 377
237 486
237 677
237 1457
237 1502
237 1730
237 1760
237 1774
238 295
238 747
238 872
238 1069
238 1398
238 1730
239 819
239 835
239 987
239 1291
239 1597
239 1617
240 299
240 328
240 631
241 278
242 694
242 858
242 970
242 1196
242 1258
242 1625
242 1810
243 703
243 878
243 972
243 1107
243 1236
244 300
244 707
244 910
244 977
244 1041
244 1364
244 1674
244 1785
244 1803
244 1813
244 1826
246 300
246 545
246 770
246 1580
246 1818
246 1948
246 1973
247 886
247 1014
247 1366
247 1398
248 266
249 1446
250 265
250 369
250 477
250 493
250 649
250 1844
250 1984
250 1997
252 323
252 510
252 559
252 851
252 1969
254 475
254 922
254 1055
254 1573
254 1702
255 594
255 1521
255 1596
256 708
256 1171
257 310
257 918
257 1124
257 1860
258 435
258 800
258 1129
258 1291
258 1360
259 624
259 701
259 712
259 857
259 1550
259 1564
259 1721
260 692
261 1195
261 1326
263 296
263 980
263 1095
263 1261
263 1681
263 1937
264 389
264 555
264 726
264 1422
264 1872
264 1999
266 411
266 1619
266 1932
267 366
267 631
267 1202
267 1353
267 1889
268 699
268 1287
268 1516
268 1523
268 1934
270 473
270 573
270 881
270 1199
271 379
271 948
271 1503
272 711
272 839
273 1363
273 1701
273 1771
274 770
274 1175
274 1714
276 379
276 680
276 889
276 1358
276 1505
277 291
278 449
278 510
279 514
279 946
279 1985
280 321
280 375
280 379
280 847
280 1980
283 1217
283 1582
283 1896
284 1353
284 1716
285 718
285 1209
285 1350
285 1751
286 370
286 388
287 315
287 1642
287 1671
287 1684
288 397
288 531
288 863
288 1285
291 1151
291 1237
291 1985
293 615
293 1072
293 1346
293 1995
299 1010
300 1010
312 1010
338 515
364 1010
366 932
367 1010
371 1010
378 1446
380 1344
384 1010
478 515
505 1296
511 692
515 611
515 617
515 627
515 866
515 1010
515 1063
515 1267
515 1286
515 1343
515 1440
515 1683
515 1734
525 802
542 932
570 1010
587 802
613 1344
673 932
677 1010
692 1010
692 1331
747 1010
748 1445
802 1010
802 1490
802 1832
802 1881
813 1433
815 1010
848 1010
883 1296
884 1296
912 1296
923 1010
932 1010
932 1519
932 1574
932 1694
932 1737
932 1995
984 1010
1010 1296
1010 1344
1010 1433
1010 1445
1010 1446
1010 1447
1010 1448
1061 1433
1066 1445
1188 1296
1296 1600
1296 1814
1344 1978
1445 1997
1446 1484
1446 1968
