0 23
0 44
0 61
0 62
0 80
1 141
1 296
1 371
1 378
1 394
1 397
1 424
1 428
1 434
1 435
2 141
2 296
2 371
2 446
3 296
3 446
3 503
3 504
3 514
3 521
3 523
3 528
3 576
3 584
4 62
4 191
4 296
4 698
4 702
4 715
4 736
4 791
4 813
4 843
4 859
5 504
5 521
5 699
5 702
5 705
6 503
6 714
6 741
6 1074
7 296
7 378
7 720
7 733
7 741
7 1074
8 349
8 523
8 1202
9 145
9 296
10 44
10 145
10 708
10 843
12 198
12 302
14 504
15 302
16 523
17 707
18 191
18 1525
23 98
23 145
23 197
23 209
23 214
23 290
23 1057
23 1172
23 1218
23 1438
23 1885
24 707
27 296
27 618
28 1531
31 378
31 698
34 1526
35 141
36 145
37 302
37 521
38 296
38 813
40 504
42 141
44 145
44 1059
44 1110
44 1474
44 1967
48 302
48 584
51 709
54 141
54 302
58 705
60 584
61 296
61 308
61 653
61 882
61 1665
61 1684
61 1692
62 477
62 574
62 1291
62 1554
62 1738
62 1742
65 504
66 1117
70 378
72 702
74 647
80 296
80 298
80 1150
80 1750
80 1967
84 446
86 302
90 135
91 189
91 296
91 503
91 504
91 612
91 618
91 647
91 650
91 682
92 141
92 446
92 791
93 724
93 1264
95 504
96 1523
97 141
97 296
97 704
97 1360
102 141
103 258
104 394
104 612
106 198
107 504
108 1360
109 504
109 1524
111 258
111 1113
112 1202
116 1300
118 1531
120 504
125 612
125 1521
133 1501
135 145
135 153
135 1174
135 1713
141 142
141 143
141 144
141 145
141 146
141 147
141 148
141 149
141 150
141 151
141 152
141 153
141 154
141 155
141 156
141 157
141 158
141 159
141 160
141 161
141 162
141 163
141 164
141 165
141 166
141 167
141 168
141 169
141 170
141 171
141 172
141 173
141 174
141 175
141 176
142 296
143 378
143 618
143 705
143 720
144 699
144 843
144 1264
145 189
145 231
145 271
145 296
145 306
145 362
145 373
145 394
145 424
145 428
145 461
145 504
145 510
145 523
145 528
145 549
145 557
145 612
145 618
145 639
145 647
145 650
145 682
145 791
145 813
145 821
145 843
145 963
145 986
145 987
145 1074
145 1094
145 1113
145 1117
145 1174
145 1192
145 1202
145 1221
145 1226
145 1229
145 1264
145 1277
145 1291
145 1294
145 1300
145 1332
145 1376
145 1396
145 1455
145 1489
145 1501
145 1520
145 1521
145 1522
145 1523
145 1524
145 1525
145 1526
145 1527
145 1528
145 1529
145 1530
145 1531
145 1532
145 1533
145 1534
145 1535
147 612
147 738
147 739
148 296
150 191
150 371
151 698
151 733
151 970
151 1529
151 1535
152 503
152 715
153 189
154 738
155 702
156 378
158 704
159 1202
164 739
167 424
177 189
177 191
177 198
177 231
177 258
177 263
177 271
178 528
179 231
179 296
179 739
179 813
179 821
180 302
180 503
180 813
181 189
181 296
181 702
182 503
182 712
182 718
183 735
184 378
185 712
186 302
186 702
186 1074
186 1489
187 1501
188 191
188 724
189 218
189 237
189 256
189 266
189 426
189 557
189 573
189 588
189 648
189 696
189 706
189 774
189 903
189 965
189 978
189 1001
189 1195
189 1279
189 1302
189 1311
189 1368
189 1370
189 1386
189 1474
189 1546
189 1547
189 1548
189 1549
189 1550
189 1551
190 723
190 813
191 208
191 296
191 333
191 365
191 372
191 454
191 818
191 954
191 1290
191 1577
191 1578
193 296
193 699
193 740
194 371
195 296
195 504
195 717
198 208
198 296
198 298
198 309
198 352
198 450
198 506
198 541
198 544
198 558
198 566
198 882
198 918
198 947
198 1042
198 1250
198 1421
198 1730
199 296
199 302
201 612
202 704
202 1489
204 302
205 737
210 1489
214 394
215 618
216 397
219 707
223 727
224 349
224 705
225 705
225 709
226 1264
231 1235
231 1644
231 1665
231 1737
231 1868
232 728
239 1291
241 1535
242 970
244 707
244 1826
245 514
248 514
248 576
255 1521
256 708
258 435
258 800
258 1129
258 1291
258 1360
259 712
263 296
263 980
263 1095
263 1261
263 1681
263 1937
264 726
267 1202
268 699
268 1523
271 379
271 948
271 1503
279 514
282 612
285 718
288 397
295 296
295 302
295 349
295 362
296 297
296 298
296 299
296 302
296 349
296 367
296 371
296 372
296 378
296 383
296 397
296 434
296 446
296 448
296 470
296 503
296 505
296 506
296 512
296 514
296 521
296 576
296 584
296 588
296 696
296 697
296 698
296 699
296 700
296 701
296 702
296 703
296 704
296 705
296 706
296 707
296 708
296 709
296 710
296 711
296 712
296 713
296 714
296 715
296 716
296 717
296 718
296 719
296 720
296 721
296 722
296 723
296 724
296 725
296 726
296 727
296 728
296 729
296 730
296 731
296 732
296 733
296 734
296 735
296 736
296 737
296 738
296 739
296 740
296 741
296 742
296 743
296 744
296 745
297 618
297 970
298 302
298 504
299 719
299 1229
300 504
300 1129
300 1291
301 733
302 350
302 358
302 559
302 645
302 793
302 924
302 1325
302 1404
302 1476
302 1510
302 1511
302 1512
302 1513
302 1514
302 1515
302 1516
302 1517
302 1518
302 1519
303 647
306 612
307 729
307 813
308 715
310 733
311 708
315 970
315 1532
319 1521
319 1526
323 682
323 722
326 523
328 717
334 1524
337 428
337 521
337 1489
340 714
341 1291
344 503
349 1199
349 1419
352 721
353 504
361 504
362 416
362 448
362 788
364 446
364 504
364 521
364 612
365 521
365 650
365 704
365 722
365 1113
365 1117
365 1129
366 528
366 726
367 729
368 712
368 1376
369 504
369 709
370 528
370 1229
370 1523
371 507
371 607
371 1010
371 1232
371 1447
371 1610
371 1611
372 435
373 504
374 843
376 1300
377 737
378 474
378 598
378 661
378 730
378 850
378 886
378 929
378 941
378 1200
378 1206
378 1249
378 1256
378 1276
378 1436
378 1446
378 1473
378 1603
378 1724
378 1766
378 1831
378 1832
379 612
381 1524
383 742
387 1376
388 737
392 504
393 721
394 399
394 711
394 713
394 922
394 1138
394 1708
397 651
397 1013
397 1112
397 1359
397 1733
400 843
401 712
404 705
404 1525
405 1527
408 424
408 428
410 702
410 1526
411 1525
412 813
415 446
417 446
418 718
423 504
424 748
424 1059
424 1928
426 970
428 1192
434 478
434 804
434 925
435 795
435 974
435 1641
436 743
443 446
444 708
446 484
446 532
446 577
446 619
446 621
446 624
446 651
446 711
446 754
446 1081
446 1095
446 1322
446 1566
446 1567
446 1568
446 1569
446 1570
447 514
448 612
449 727
449 1202
450 970
450 1229
451 698
451 705
451 719
453 504
454 503
458 705
460 612
460 1113
461 504
461 705
462 1501
463 523
464 1525
470 1532
471 576
472 714
473 1117
479 699
497 1826
501 1300
503 517
503 552
503 703
503 836
503 914
503 1060
503 1061
503 1181
503 1196
503 1235
503 1236
503 1237
503 1238
503 1239
503 1240
503 1241
503 1242
503 1243
503 1244
503 1245
503 1246
504 506
504 511
504 517
504 696
504 701
504 703
504 716
504 745
504 757
504 787
504 806
504 840
504 881
504 914
504 940
504 957
504 1055
504 1073
504 1091
504 1094
504 1153
504 1222
504 1267
504 1268
504 1269
504 1270
504 1271
504 1272
504 1273
504 1274
504 1275
504 1276
504 1277
504 1278
504 1279
504 1280
504 1281
504 1282
504 1283
504 1284
505 699
505 714
505 742
505 1291
505 1294
505 1300
510 1264
510 1294
510 1529
511 612
511 647
512 728
513 707
514 613
514 620
514 746
514 768
514 792
514 860
514 887
514 899
514 1297
514 1352
514 1475
514 1511
514 1542
514 1689
514 1710
514 1711
517 821
518 708
518 722
521 522
521 644
521 809
521 945
521 1143
521 1223
521 1347
521 1464
521 1606
521 1693
521 1791
521 1873
523 611
523 661
523 1211
523 1639
523 1740
523 1879
525 1129
528 1018
528 1451
528 1512
528 1736
534 719
535 705
536 736
542 698
546 791
554 735
562 705
569 705
569 1117
573 1294
574 705
575 719
576 1612
576 1775
584 604
584 1404
588 1826
602 739
611 612
611 698
611 717
612 622
612 781
612 985
612 1013
612 1112
612 1133
612 1159
612 1173
612 1189
612 1471
612 1632
612 1645
614 1535
616 1826
618 697
618 1691
619 1117
625 708
637 708
639 1501
645 719
647 1236
647 1791
650 710
650 962
650 1744
650 1820
652 735
682 1520
682 1880
690 714
694 1523
698 967
698 1011
698 1055
698 1176
698 1246
698 1369
698 1398
698 1421
698 1452
698 1823
698 1824
699 1289
699 1417
700 1524
702 1221
702 1417
702 1768
702 1770
702 1788
702 1905
702 1924
704 818
704 838
704 1072
704 1635
704 1656
704 1844
704 1878
704 1885
705 1075
705 1130
705 1192
705 1284
705 1389
705 1413
705 1562
705 1610
705 1658
705 1730
705 1848
705 1898
706 732
707 919
707 1073
707 1385
707 1508
707 1785
707 1903
708 1283
708 1289
708 1372
708 1377
708 1494
708 1599
708 1609
708 1720
709 817
709 1153
709 1174
709 1418
709 1783
710 859
712 817
712 1632
712 1853
712 1883
712 1926
712 1945
712 1987
714 911
714 1054
714 1237
714 1370
715 756
715 1273
715 1363
715 1833
715 1904
717 1171
717 1359
717 1652
718 762
718 814
718 1432
718 1648
718 1873
719 1608
719 1870
720 1060
720 1147
720 1543
720 1964
721 1120
721 1139
721 1459
721 1484
721 1942
722 792
722 1103
722 1965
723 744
723 1236
723 1575
723 1712
723 1906
724 1109
724 1175
724 1872
725 743
726 788
726 1067
726 1395
727 990
727 1421
728 1179
728 1411
728 1692
728 1800
729 1177
729 1825
731 759
731 890
731 911
731 1162
731 1652
731 1747
731 1916
732 1377
732 1490
732 1827
734 1489
735 1682
736 1273
736 1941
737 946
738 1193
738 1403
739 1179
740 1174
740 1324
740 1665
741 1083
741 1230
742 787
742 835
743 746
743 1328
775 1113
787 1376
791 1124
791 1193
791 1323
791 1455
800 843
813 836
813 1237
813 1398
813 1433
813 1563
813 1602
813 1616
814 1530
815 1531
821 922
821 1598
821 1616
821 1914
821 1970
821 1998
823 1523
837 1521
843 1393
843 1599
843 1697
843 1918
858 1529
859 1291
859 1488
859 1846
859 1940
859 1989
873 1489
879 1525
893 1360
896 1527
906 970
909 1113
910 1360
914 1117
921 1501
921 1529
930 1530
937 1489
970 1060
970 1291
970 1348
970 1485
970 1763
970 1954
973 1229
979 1113
1000 1489
1009 1826
1013 1113
1074 1171
1074 1357
1074 1441
1074 1634
1074 1962
1095 1521
1098 1527
1113 1613
1113 1691
1113 1789
1115 1129
1117 1123
1117 1566
1117 1635
1117 1864
1117 1992
1127 1525
1161 1489
1174 1525
1202 1281
1202 1514
1217 1523
1227 1523
1243 1524
1252 1524
1266 1525
1283 1376
1289 1521
1291 1442
1291 1644
1291 1669
1291 1826
1291 1831
1294 1490
1300 1325
1303 1533
1311 1534
1322 1523
1325 1534
1343 1524
1376 1453
1376 1710
1376 1930
1379 1531
1405 1532
1411 1525
1424 1826
1430 1501
1460 1826
1469 1530
1489 1572
1489 1607
1489 1971
1493 1521
1501 1588
1501 1994
1521 1679
1523 1604
1523 1665
1524 1608
1524 1649
1524 1980
1525 1653
1525 1848
1525 1918
1526 1721
1527 1790
1529 1731
1529 1887
1530 1695
1532 1936
1533 1695
1533 1812
1533 1922
1534 1558
1534 1710
1535 1857
