0 7
0 20
0 21
0 22
0 46
1 7
1 306
1 375
1 376
1 381
1 387
1 421
2 22
2 180
2 345
2 464
3 180
3 317
3 376
3 421
3 506
3 510
3 511
3 519
3 529
3 571
3 578
3 605
4 119
4 180
4 511
4 813
4 846
4 847
4 852
5 262
5 815
5 881
5 883
5 892
6 22
6 815
7 20
7 32
7 78
7 96
7 103
7 177
7 180
7 182
7 208
7 260
7 296
7 306
7 310
7 312
7 334
7 346
7 356
7 378
7 390
7 395
7 409
7 445
7 447
7 469
7 520
7 525
7 529
7 605
7 616
7 617
7 697
7 720
7 733
7 741
7 794
7 839
7 849
7 855
7 863
7 881
7 883
7 904
7 982
7 1058
7 1060
7 1074
7 1091
7 1108
7 1110
7 1131
7 1135
7 1136
7 1137
7 1138
7 1139
7 1140
7 1141
7 1142
7 1143
7 1144
7 1145
7 1146
7 1147
7 1148
7 1149
7 1150
7 1151
7 1152
7 1153
7 1154
7 1155
7 1156
7 1157
7 1158
7 1159
7 1160
7 1161
7 1162
7 1163
7 1164
7 1165
7 1166
7 1167
7 1168
7 1169
7 1170
8 617
8 1140
10 571
10 617
10 645
12 180
12 926
12 950
15 928
17 363
17 519
17 929
18 948
19 317
20 151
20 297
20 354
20 505
20 652
20 697
20 974
20 1255
20 1438
20 1553
20 1618
20 1686
20 1772
21 78
21 94
21 117
21 178
21 180
21 239
21 284
21 358
21 368
21 660
21 1665
21 1680
22 95
22 162
22 180
22 427
22 816
22 838
22 936
22 1435
22 1475
22 1598
25 924
25 945
28 615
29 210
30 958
32 376
33 233
34 511
36 571
37 958
37 1169
38 813
41 381
42 912
45 510
46 180
46 460
46 642
46 911
46 1409
46 1472
46 1493
46 1620
46 1924
49 511
53 464
54 1140
58 180
58 892
71 960
73 233
76 519
81 948
83 615
83 912
87 964
88 578
90 119
90 128
91 615
91 617
91 645
91 670
91 686
92 805
93 376
93 913
94 916
94 931
95 1148
96 852
96 913
97 917
100 375
101 960
105 913
105 915
106 847
106 917
106 944
112 921
115 1148
116 511
119 180
119 323
119 1193
121 519
121 892
126 571
127 149
128 180
128 518
128 1150
128 1196
128 1661
128 1911
137 233
137 942
139 914
141 149
143 615
143 720
144 928
145 306
145 510
145 813
145 963
146 921
149 177
149 180
149 193
149 215
149 218
149 303
149 402
149 591
149 625
149 815
149 888
149 1091
149 1400
149 1545
149 1630
149 1728
149 1729
151 421
151 511
151 686
151 939
152 930
152 935
153 317
158 511
162 944
163 511
164 306
177 180
177 210
177 217
177 233
177 262
177 274
178 506
178 670
178 780
179 274
179 813
179 815
180 192
180 205
180 210
180 217
180 233
180 262
180 274
180 295
180 297
180 302
180 317
180 345
180 363
180 368
180 375
180 376
180 381
180 387
180 421
180 449
180 464
180 503
180 506
180 510
180 511
180 519
180 571
180 578
180 615
180 645
180 670
180 686
180 750
180 780
180 788
180 805
180 813
180 846
180 847
180 852
180 892
180 910
180 911
180 912
180 913
180 914
180 915
180 916
180 917
180 918
180 919
180 920
180 921
180 922
180 923
180 924
180 925
180 926
180 927
180 928
180 929
180 930
180 931
180 932
180 933
180 934
180 935
180 936
180 937
180 938
180 939
180 940
180 941
180 942
180 943
180 944
180 945
180 946
180 947
180 948
180 949
180 950
180 951
180 952
180 953
180 954
180 955
180 956
180 957
180 958
180 959
180 960
180 961
180 962
180 963
180 964
180 965
180 966
181 375
181 915
181 916
181 929
181 962
181 963
182 519
185 881
185 921
185 964
186 912
186 962
188 846
189 965
190 813
190 881
190 1135
191 954
192 932
192 1138
192 1148
194 1167
195 615
195 1131
195 1140
198 506
198 918
198 947
200 464
203 381
203 511
204 883
204 919
205 510
205 529
205 881
205 914
206 1167
208 923
210 251
210 282
210 370
210 384
210 450
210 788
210 893
210 937
210 1064
210 1173
210 1396
210 1489
210 1490
210 1510
210 1681
210 1812
210 1862
211 927
217 220
217 236
217 299
217 788
217 851
217 943
217 969
217 1323
217 1504
217 1559
217 1562
217 1568
217 1679
217 1725
218 510
221 306
226 686
226 915
226 925
228 918
228 948
229 578
229 966
230 915
232 805
233 450
233 516
233 1883
233 1951
233 1981
234 920
235 317
251 918
252 510
253 930
254 922
257 918
260 912
262 628
262 1515
262 1604
270 881
271 948
274 770
274 1175
274 1714
275 1140
278 510
279 946
280 375
280 847
293 615
295 306
295 317
295 345
295 356
295 363
296 506
296 720
297 356
297 387
297 805
297 917
297 922
297 953
297 964
298 883
298 912
298 918
298 949
300 510
300 846
300 913
300 915
300 935
300 1169
302 645
302 924
303 510
305 923
306 320
306 532
306 612
306 797
306 1223
306 1651
306 1702
306 1703
306 1704
307 615
307 813
307 921
308 506
308 915
308 1138
309 506
309 847
309 944
310 356
310 913
312 942
314 916
317 642
317 902
317 1733
317 1770
317 1941
320 852
322 949
323 387
327 912
328 919
330 883
332 519
335 922
337 935
339 1167
343 942
345 830
345 1220
345 1743
345 1794
346 945
356 451
356 1168
356 1234
361 924
363 1011
363 1573
365 1131
366 529
366 912
366 932
366 954
367 912
367 946
368 381
368 846
368 931
368 944
370 852
372 506
373 925
374 912
375 513
375 532
375 884
375 1055
375 1629
375 1700
375 1815
375 1816
376 391
376 469
376 632
376 634
376 683
376 788
376 818
376 1116
376 1300
376 1375
376 1437
376 1553
376 1584
376 1599
376 1615
376 1641
376 1646
376 1817
376 1818
376 1819
378 929
378 941
380 506
381 771
381 837
381 1372
381 1418
381 1524
381 1575
381 1686
381 1746
381 1787
383 924
383 942
384 919
385 927
387 454
387 508
387 567
387 756
387 1217
387 1376
387 1402
387 1776
387 1779
387 1893
387 1908
389 617
389 914
390 511
394 922
394 1138
396 881
399 947
407 506
408 605
412 813
414 506
415 1140
416 645
420 1135
421 1375
421 1568
421 1791
421 1895
425 925
434 925
442 918
442 948
448 930
449 952
450 920
450 958
451 805
451 883
459 915
459 923
459 931
460 947
464 512
464 748
464 872
464 1525
464 1636
464 1880
464 1949
464 1977
468 1135
469 1158
479 956
503 914
504 506
504 511
504 881
504 914
504 940
504 957
505 511
506 611
506 752
506 766
506 839
506 888
506 1062
506 1108
506 1163
506 1281
506 1317
506 1318
506 1319
506 1320
506 1321
507 913
507 1138
509 1135
510 543
510 730
510 783
510 800
510 837
510 874
510 1046
510 1247
510 1264
510 1294
510 1470
510 1494
510 1529
510 1560
510 1584
510 1599
510 1600
510 1601
511 597
511 602
511 612
511 634
511 647
511 683
511 692
511 700
511 996
511 1027
511 1059
511 1069
511 1247
511 1261
511 1293
511 1382
511 1504
511 1629
511 1630
511 1631
511 1632
511 1633
511 1634
511 1635
511 1636
511 1637
511 1638
513 881
515 617
519 1247
519 1358
519 1624
519 1653
519 1657
519 1858
519 1859
519 1860
521 945
522 1148
524 913
525 529
527 917
527 940
527 952
527 1140
529 552
529 819
529 1175
529 1239
529 1271
529 1328
529 1388
529 1415
529 1560
529 1688
529 1783
529 1915
530 926
534 670
534 929
539 615
542 932
543 847
545 815
545 917
548 912
550 892
553 940
554 922
554 965
559 923
560 1140
566 914
571 633
571 1346
571 1871
572 1138
578 1098
578 1325
585 919
586 915
586 948
592 966
596 963
603 1148
605 854
605 969
605 1009
608 686
611 922
611 957
613 950
614 925
615 951
615 1255
615 1339
615 1407
615 1770
615 1771
616 918
617 909
617 1257
617 1359
617 1522
617 1604
617 1834
619 1140
623 928
626 942
631 927
631 942
636 933
636 939
641 881
642 950
645 655
645 719
645 991
645 1030
645 1210
645 1544
645 1782
645 1839
648 919
650 962
652 953
655 955
659 959
666 914
667 959
668 1169
669 924
670 1395
670 1590
670 1709
670 1963
672 921
673 932
679 1140
686 1758
687 920
700 912
700 920
701 917
707 919
710 945
711 961
713 924
713 933
720 1060
720 1147
720 1543
720 1964
734 780
737 946
747 928
747 966
748 914
750 941
750 946
751 927
756 961
762 946
777 883
780 1090
780 1402
780 1874
780 1975
787 1135
787 1158
788 916
794 926
797 929
803 883
813 836
813 1237
813 1398
813 1433
813 1563
813 1602
813 1616
815 995
815 1010
815 1235
815 1270
815 1326
815 1531
815 1604
815 1613
815 1750
815 1887
815 1911
817 920
817 964
821 922
825 949
831 1138
833 925
836 941
838 919
844 913
846 934
846 1122
846 1350
846 1853
846 1867
847 937
847 1944
847 1968
848 952
852 1220
861 883
868 883
881 1597
883 1078
883 1104
883 1115
883 1139
883 1238
883 1296
883 1347
883 1369
883 1402
883 1500
883 1582
883 1694
883 1769
883 1813
883 1903
883 1904
883 1905
885 912
885 930
886 912
889 925
892 1301
897 913
907 964
910 953
911 920
912 1296
912 1414
912 1547
912 1597
912 1607
912 1696
912 1716
912 1735
912 1736
912 1737
912 1738
912 1739
913 1016
913 1210
913 1277
913 1346
913 1452
913 1647
913 1662
913 1750
913 1777
913 1786
913 1833
914 1034
914 1065
914 1117
914 1196
914 1281
914 1487
914 1745
914 1809
914 1856
915 968
915 991
915 1055
915 1141
915 1191
915 1262
915 1312
915 1478
915 1509
915 1581
915 1595
915 1743
915 1923
916 1699
917 938
917 1589
917 1732
918 1045
918 1142
918 1487
918 1779
918 1790
918 1955
919 1149
919 1546
919 1587
919 1708
919 1767
919 1861
919 1960
921 1501
921 1507
921 1529
921 1537
922 968
922 1067
922 1245
922 1617
922 1766
922 1784
922 1787
922 1888
923 1010
924 1157
924 1280
924 1318
924 1369
924 1838
924 1902
925 1055
925 1345
925 1583
925 1643
925 1891
926 1366
926 1509
927 1753
928 976
929 1147
929 1378
929 1408
929 1672
929 1760
929 1763
929 1941
930 1099
930 1102
930 1255
930 1530
930 1917
930 1990
931 1247
931 1780
931 1898
931 1920
932 1010
932 1519
932 1574
932 1694
932 1737
932 1995
933 1037
933 1192
933 1763
935 1303
935 1814
939 998
939 1143
939 1324
940 968
940 1365
940 1591
940 1605
940 1967
941 1541
941 1724
941 1891
942 1614
944 1925
946 1906
946 1952
947 1274
948 1092
948 1610
948 1993
949 1269
950 1331
950 1930
951 955
952 1017
952 1583
953 1767
954 1262
954 1914
955 1156
955 1236
955 1480
956 1541
956 1552
956 1646
956 1877
957 999
957 1318
958 1154
958 1685
959 1417
959 1999
960 1055
960 1483
960 1499
961 1449
961 1492
962 1298
963 1461
964 1612
965 1795
965 1968
966 1254
996 1158
1008 1148
1023 1131
1043 1140
1107 1135
1108 1131
1135 1252
1135 1290
1135 1461
1135 1507
1135 1777
1135 1778
1138 1247
1138 1279
1138 1816
1140 1142
1140 1337
1140 1903
1148 1998
1158 1700
1158 1822
1167 1176
1169 1969
