0 1
0 14
0 26
0 27
0 36
0 64
1 2
1 3
1 7
1 8
1 14
1 36
1 90
1 91
1 94
1 96
1 134
1 141
1 177
1 178
1 181
1 182
1 186
1 190
1 196
1 204
1 207
1 213
1 221
1 229
1 232
1 242
1 246
1 277
1 295
1 296
1 303
1 306
1 364
1 365
1 366
1 367
1 368
1 369
1 370
1 371
1 372
1 373
1 374
1 375
1 376
1 377
1 378
1 379
1 380
1 381
1 382
1 383
1 384
1 385
1 386
1 387
1 388
1 389
1 390
1 391
1 392
1 393
1 394
1 395
1 396
1 397
1 398
1 399
1 400
1 401
1 402
1 403
1 404
1 405
1 406
1 407
1 408
1 409
1 410
1 411
1 412
1 413
1 414
1 415
1 416
1 417
1 418
1 419
1 420
1 421
1 422
1 423
1 424
1 425
1 426
1 427
1 428
1 429
1 430
1 431
1 432
1 433
1 434
1 435
1 436
1 437
1 438
1 439
1 440
1 441
1 442
1 443
1 444
2 90
2 369
2 371
2 373
2 385
2 417
2 419
3 26
3 190
3 365
3 421
3 530
3 535
3 565
4 196
4 213
4 415
4 418
5 14
5 90
5 364
5 368
5 395
5 401
5 431
6 90
6 365
6 369
6 399
7 306
7 378
7 390
7 395
7 409
8 213
8 364
8 441
10 392
11 368
12 364
12 385
12 440
12 781
13 90
13 368
14 244
14 301
14 313
14 504
14 706
14 757
14 1017
14 1022
14 1093
14 1139
14 1453
14 1612
14 1613
14 1614
16 374
18 386
18 1379
21 368
22 427
25 530
26 195
26 222
26 297
26 368
26 575
26 1039
26 1181
26 1204
26 1295
26 1382
26 1440
26 1514
26 1872
26 1893
26 1895
27 193
27 296
27 368
27 618
27 1179
27 1287
27 1479
28 404
28 1324
30 373
31 378
31 530
36 145
36 177
36 571
36 855
36 882
36 1037
36 1345
36 1907
37 414
37 439
42 429
43 1373
47 207
48 196
52 1366
53 437
56 425
59 246
60 382
63 1374
64 368
64 1019
64 1120
64 1271
70 378
90 91
90 92
90 93
90 94
90 95
90 96
90 97
90 98
90 99
90 100
90 101
90 102
90 103
90 104
90 105
90 106
90 107
90 108
90 109
90 110
90 111
90 112
90 113
90 114
90 115
90 116
90 117
90 118
90 119
90 120
90 121
90 122
90 123
90 124
90 125
90 126
90 127
90 128
90 129
90 130
90 131
90 132
90 133
90 134
90 135
90 136
90 137
90 138
90 139
90 140
91 364
91 565
92 382
92 417
93 202
93 382
94 931
94 1366
95 368
96 246
96 372
97 374
97 398
100 375
100 396
102 409
106 407
106 944
108 365
113 369
113 380
115 365
116 409
118 364
118 389
141 154
142 382
142 436
142 1366
143 368
143 369
143 378
143 380
144 368
144 431
145 306
145 373
145 424
145 428
146 368
146 386
146 1366
147 535
147 1324
149 402
150 371
150 1373
151 395
151 400
151 421
152 405
154 368
154 383
154 479
154 738
154 860
154 1180
154 1195
154 1224
154 1288
154 1381
154 1431
154 1540
154 1558
154 1682
154 1698
154 1767
154 1902
154 1956
156 378
162 944
163 380
164 306
165 207
167 424
168 1374
170 365
173 365
173 1366
177 190
177 196
177 202
177 207
177 213
177 229
177 242
177 246
177 277
178 364
178 365
178 368
178 781
179 422
180 368
180 375
180 387
180 421
180 931
180 944
181 364
181 365
181 375
181 390
181 396
181 398
181 438
181 1036
182 364
182 373
182 1309
184 364
184 378
186 190
187 365
187 440
189 426
189 1368
190 216
190 289
190 297
190 377
190 723
190 763
190 793
190 794
190 799
190 813
190 814
190 871
190 881
190 1135
190 1194
190 1335
190 1480
190 1573
190 1574
190 1575
190 1576
191 365
191 372
193 403
194 371
194 422
195 374
196 295
196 305
196 1267
196 1434
196 1651
200 418
201 1383
202 206
202 304
202 368
202 696
202 704
202 840
202 1171
202 1489
202 1683
202 1767
202 1768
202 1769
203 364
203 369
204 444
206 368
207 298
207 450
207 451
207 452
207 987
207 1146
207 1270
207 1414
207 1514
207 1774
207 1828
207 1844
207 1851
209 365
213 353
213 492
213 671
213 1108
213 1198
213 1208
213 1888
214 374
214 1374
216 397
220 403
221 306
222 403
222 410
223 380
223 1377
226 412
229 295
229 547
229 554
229 578
229 943
229 966
229 1136
229 1460
229 1603
229 1744
229 1798
232 365
235 390
242 694
242 858
242 970
242 1196
242 1258
242 1625
242 1810
243 703
245 368
245 1036
246 300
246 545
246 770
246 1580
246 1818
246 1948
246 1973
247 1366
250 369
264 389
266 411
277 291
277 840
277 1210
277 1610
277 1669
277 1840
280 375
288 397
295 306
296 371
296 372
296 378
296 397
296 434
296 703
297 387
297 400
297 401
297 420
298 433
299 418
300 406
301 440
303 365
303 374
303 530
304 365
305 365
305 380
306 320
306 532
306 612
306 797
306 1223
306 1651
306 1702
306 1703
306 1704
308 380
308 385
309 392
309 944
310 391
310 413
311 365
311 369
311 1366
313 405
313 1036
316 368
322 398
322 530
323 387
329 404
331 380
332 437
337 428
348 406
353 436
354 391
354 565
357 410
362 416
364 366
364 367
364 446
364 457
364 504
364 521
364 525
364 555
364 568
364 611
364 612
364 616
364 678
364 701
364 745
364 826
364 897
364 936
364 998
364 1010
364 1014
364 1056
364 1091
364 1092
364 1093
364 1094
364 1095
364 1096
364 1097
364 1098
364 1099
364 1100
364 1101
364 1102
364 1103
364 1104
364 1105
364 1106
365 366
365 370
365 393
365 445
365 447
365 520
365 521
365 540
365 555
365 559
365 608
365 650
365 704
365 722
365 787
365 796
365 822
365 882
365 910
365 999
365 1012
365 1016
365 1025
365 1045
365 1096
365 1107
365 1108
365 1109
365 1110
365 1111
365 1112
365 1113
365 1114
365 1115
365 1116
365 1117
365 1118
365 1119
365 1120
365 1121
365 1122
365 1123
365 1124
365 1125
365 1126
365 1127
365 1128
365 1129
365 1130
365 1131
365 1132
365 1133
365 1134
366 430
367 430
368 381
368 507
368 520
368 530
368 535
368 537
368 556
368 565
368 611
368 637
368 641
368 696
368 703
368 712
368 755
368 781
368 790
368 841
368 846
368 905
368 931
368 936
368 944
368 1036
368 1039
368 1110
368 1111
368 1172
368 1269
368 1288
368 1309
368 1324
368 1327
368 1366
368 1367
368 1368
368 1369
368 1370
368 1371
368 1372
368 1373
368 1374
368 1375
368 1376
368 1377
368 1378
368 1379
368 1380
368 1381
368 1382
368 1383
368 1384
368 1385
369 504
369 526
369 597
369 680
369 681
369 709
369 896
369 1038
369 1285
369 1317
369 1318
369 1488
369 1499
369 1536
369 1537
369 1538
369 1539
369 1540
369 1541
371 507
371 607
371 1010
371 1232
371 1447
371 1610
371 1611
372 435
372 506
372 1119
372 1257
372 1618
372 1763
372 1764
373 384
373 486
373 504
373 754
373 872
373 925
373 1325
373 1389
373 1673
373 1773
373 1774
374 653
374 843
374 912
374 1393
374 1809
374 1810
375 513
375 532
375 884
375 1055
375 1629
375 1700
375 1815
375 1816
376 391
377 1366
378 474
378 598
378 661
378 730
378 850
378 886
378 929
378 941
378 1200
378 1206
378 1249
378 1256
378 1276
378 1436
378 1446
378 1473
378 1603
378 1724
378 1766
378 1831
378 1832
379 411
380 458
380 506
380 540
380 555
380 636
380 1087
380 1101
380 1344
380 1558
380 1621
380 1759
380 1842
382 546
382 611
382 773
382 840
382 968
382 1237
382 1285
382 1358
382 1662
382 1853
383 386
384 433
385 534
385 823
385 927
385 1194
385 1736
385 1772
385 1922
386 1057
386 1609
386 1784
386 1938
387 454
387 508
387 567
387 756
387 1217
387 1376
387 1402
387 1776
387 1779
387 1893
387 1908
388 439
389 516
389 617
389 836
389 876
389 914
389 1436
389 1651
389 1681
389 1701
389 1721
389 1758
390 511
390 693
390 819
390 1170
390 1342
390 1413
390 1577
390 1765
390 1885
391 550
391 621
391 1432
391 1434
391 1455
391 1652
391 1665
392 504
392 838
392 1370
394 399
395 760
395 893
395 1205
395 1411
396 550
396 881
396 1367
396 1415
396 1536
397 651
397 1013
397 1112
397 1359
397 1733
398 910
398 978
399 455
399 516
399 947
399 1197
399 1672
399 1688
399 1761
400 640
400 843
400 1027
401 466
401 712
401 1384
401 1422
401 1549
401 1550
402 1192
402 1422
402 1513
402 1558
403 507
403 660
403 1147
403 1780
404 592
404 705
404 1079
404 1525
404 1962
405 477
405 808
405 1114
405 1152
405 1527
405 1699
405 1728
405 1756
405 1948
406 754
406 1342
406 1819
406 1880
406 1954
407 506
407 517
407 1673
407 1815
408 424
408 428
409 1301
409 1330
409 1546
410 702
410 713
410 1122
410 1271
410 1322
410 1357
410 1526
410 1528
410 1567
410 1705
410 1890
410 1895
411 676
411 1108
411 1251
411 1328
411 1525
411 1764
411 1790
412 449
412 451
412 776
412 813
412 1232
413 1287
413 1478
413 1513
413 1528
413 1796
413 1805
413 1880
413 1904
413 1981
414 506
414 975
414 1397
414 1498
414 1503
414 1913
415 446
415 595
415 1140
415 1171
416 645
416 799
416 1004
416 1303
416 1417
416 1420
416 1697
417 446
417 1095
417 1736
418 718
418 1939
419 452
419 581
419 622
419 911
419 1414
419 1821
419 1904
419 1999
420 453
420 706
420 1135
420 1594
421 1375
421 1568
421 1791
421 1895
422 836
422 1394
422 1809
423 504
423 525
423 639
423 1029
424 748
424 1059
424 1928
425 925
425 1175
425 1581
426 637
426 824
426 970
426 1350
427 548
427 611
427 1369
428 1192
429 611
429 1031
429 1328
429 1845
430 1114
430 1170
430 1404
431 990
431 1092
431 1858
432 655
432 807
432 1095
432 1928
433 613
433 1322
434 478
434 804
434 925
436 579
436 592
436 743
436 1217
436 1246
436 1863
437 475
437 1504
437 1943
438 492
438 749
438 790
439 1119
439 1136
440 854
441 640
441 841
441 1064
442 666
442 918
442 948
442 1232
443 446
443 793
443 1306
443 1758
444 708
444 1077
444 1127
453 1380
455 1373
459 931
465 1309
469 1366
485 1379
503 703
504 703
513 1377
518 1368
522 703
530 573
530 926
530 967
530 1058
530 1065
530 1080
530 1145
530 1157
530 1399
530 1407
530 1412
530 1818
530 1931
535 705
535 1317
535 1473
535 1629
545 1368
553 1368
559 1383
565 589
565 746
565 1164
565 1233
565 1515
565 1734
565 1830
565 1978
611 1324
612 781
630 1324
634 1366
674 1036
700 1324
703 804
703 1250
703 1387
703 1665
703 1882
708 1377
732 1377
740 1324
756 1324
781 1179
799 1036
816 1920
837 1374
861 1374
877 1366
884 1380
893 1366
926 1366
931 1247
931 1780
931 1898
931 1920
939 1324
944 1925
969 1368
991 1368
1019 1379
1039 1366
1041 1379
1094 1324
1109 1366
1134 1374
1213 1377
1242 1920
1293 1374
1309 1488
1309 1903
1324 1479
1342 1366
1359 1379
1366 1431
1366 1458
1373 1779
1377 1453
1379 1531
1379 1945
1380 1439
1380 1603
1380 1675
1383 1432
1383 1450
1383 1589
1389 1920
1611 1920
