0 1
0 14
0 26
0 36
1 2
1 3
1 7
1 8
1 14
1 36
1 90
1 91
1 94
1 96
1 134
1 141
1 177
1 178
1 181
1 182
1 186
1 190
1 196
1 204
1 207
1 213
1 221
1 229
1 232
1 242
1 246
1 277
1 295
1 296
1 303
1 306
1 364
1 365
1 366
1 367
1 368
1 369
1 370
1 371
1 372
1 373
1 374
1 375
1 376
1 377
1 378
1 379
1 380
1 381
1 382
1 383
1 384
1 385
1 386
1 387
1 388
1 389
1 390
1 391
1 392
1 393
1 394
1 395
1 396
1 397
1 398
1 399
1 400
1 401
1 402
1 403
1 404
1 405
1 406
1 407
1 408
1 409
1 410
1 411
1 412
1 413
1 414
1 415
1 416
1 417
1 418
1 419
1 420
1 421
1 422
1 423
1 424
1 425
1 426
1 427
1 428
1 429
1 430
1 431
1 432
1 433
1 434
1 435
1 436
1 437
1 438
1 439
1 440
1 441
1 442
1 443
1 444
2 141
2 369
2 371
2 377
2 385
2 417
2 419
3 26
3 377
3 388
3 421
3 520
3 537
3 556
4 196
4 213
4 303
4 415
4 418
5 14
5 366
5 368
5 395
5 401
5 431
6 186
6 367
6 369
6 399
7 96
7 182
7 378
7 390
7 395
7 409
7 520
8 213
8 367
8 441
9 537
10 366
10 392
11 368
12 385
12 440
12 781
13 368
14 244
14 301
14 313
14 504
14 706
14 757
14 1017
14 1022
14 1093
14 1139
14 1453
14 1612
14 1613
14 1614
15 232
17 520
18 386
18 556
19 366
21 368
22 427
26 195
26 222
26 297
26 368
26 575
26 1039
26 1181
26 1204
26 1295
26 1382
26 1440
26 1514
26 1872
26 1893
26 1895
27 368
28 404
28 408
31 378
34 303
35 141
36 145
36 177
36 571
36 855
36 882
36 1037
36 1345
36 1907
37 414
42 141
42 429
47 207
48 196
53 437
54 141
56 425
58 303
60 382
64 368
67 303
68 303
70 378
90 96
90 134
91 204
91 641
92 141
92 366
92 382
92 417
93 382
94 186
94 931
95 368
96 129
96 177
96 246
96 297
96 372
96 479
96 542
96 550
96 687
96 693
96 758
96 852
96 878
96 900
96 913
96 968
96 1052
96 1107
96 1246
96 1396
96 1515
96 1523
96 1574
96 1618
96 1619
96 1620
96 1621
96 1622
97 141
97 398
100 375
100 396
101 367
102 141
102 408
102 409
106 407
109 370
110 377
112 537
113 369
113 380
114 303
116 409
118 389
122 384
127 520
134 222
134 1322
134 1752
141 142
141 143
141 144
141 145
141 146
141 147
141 148
141 149
141 150
141 151
141 152
141 153
141 154
141 155
141 156
141 157
141 158
141 159
141 160
141 161
141 162
141 163
141 164
141 165
141 166
141 167
141 168
141 169
141 170
141 171
141 172
141 173
141 174
141 175
141 176
142 382
142 436
143 368
143 369
143 370
143 378
143 380
144 368
144 431
146 368
146 386
149 303
149 402
150 367
150 371
151 395
151 400
151 421
152 388
152 405
154 368
155 377
156 378
163 380
165 207
174 367
174 641
177 182
177 186
177 196
177 204
177 207
177 213
177 221
177 229
177 232
177 242
177 277
178 186
178 368
178 370
178 781
179 422
180 368
180 375
180 387
180 421
180 931
181 375
181 390
181 396
181 398
181 438
182 195
182 364
182 373
182 499
182 503
182 519
182 527
182 712
182 718
182 839
182 851
182 856
182 998
182 1022
182 1119
182 1302
182 1303
182 1304
182 1305
182 1306
182 1307
182 1308
182 1309
182 1310
182 1311
182 1312
182 1313
182 1314
182 1315
182 1316
184 378
186 187
186 190
186 256
186 302
186 304
186 702
186 755
186 794
186 907
186 912
186 962
186 967
186 978
186 1026
186 1038
186 1074
186 1100
186 1176
186 1285
186 1302
186 1428
186 1487
186 1488
186 1489
186 1490
186 1491
186 1492
186 1493
186 1494
186 1495
186 1496
186 1497
187 303
187 440
189 426
190 377
193 403
194 371
194 422
196 295
196 305
196 1267
196 1434
196 1651
197 303
200 418
201 1383
202 368
203 369
204 302
204 444
204 447
204 516
204 657
204 883
204 919
204 1195
204 1355
204 1437
204 1614
204 1627
204 1680
206 368
207 298
207 450
207 451
207 452
207 987
207 1146
207 1270
207 1414
207 1514
207 1774
207 1828
207 1844
207 1851
209 370
210 370
210 384
213 353
213 492
213 671
213 1108
213 1198
213 1208
213 1888
216 397
220 367
220 403
221 306
221 450
221 696
221 1690
222 403
222 410
222 556
223 380
223 1377
225 370
226 412
228 377
229 295
229 547
229 554
229 578
229 943
229 966
229 1136
229 1460
229 1603
229 1744
229 1798
232 365
232 445
232 728
232 805
232 1269
232 1320
232 1538
232 1683
232 1746
235 390
237 377
242 694
242 858
242 970
242 1196
242 1258
242 1625
242 1810
245 368
250 369
258 435
264 389
266 411
267 366
277 291
277 840
277 1210
277 1610
277 1669
277 1840
280 375
286 370
286 388
288 397
295 303
295 316
296 367
296 371
296 378
296 397
296 434
297 387
297 400
297 401
297 420
298 370
299 418
299 641
300 406
301 440
303 322
303 325
303 365
303 374
303 510
303 530
303 610
303 631
303 636
303 647
303 700
303 860
303 894
303 999
303 1012
303 1172
303 1236
303 1273
303 1282
303 1322
303 1332
303 1552
303 1553
303 1554
303 1555
303 1556
305 380
308 370
308 380
308 385
309 392
310 391
310 413
311 369
313 405
315 366
316 368
316 462
316 512
316 624
316 836
316 1094
316 1104
316 1754
316 1939
322 366
322 398
322 520
323 387
323 388
329 370
329 404
330 366
331 380
332 437
344 366
348 406
351 384
353 436
354 391
357 410
362 416
364 366
364 367
365 366
365 370
365 520
366 430
366 471
366 528
366 529
366 564
366 614
366 624
366 627
366 632
366 726
366 765
366 845
366 853
366 912
366 932
366 954
366 986
366 1013
366 1021
366 1053
366 1055
366 1092
366 1099
366 1106
366 1112
366 1171
366 1172
366 1173
366 1174
366 1175
366 1176
366 1177
366 1178
366 1179
366 1180
366 1181
366 1182
366 1183
366 1184
366 1185
366 1186
366 1187
366 1188
366 1189
366 1190
366 1191
367 430
367 451
367 527
367 536
367 594
367 611
367 614
367 616
367 694
367 729
367 764
367 789
367 835
367 869
367 912
367 946
367 974
367 1010
367 1011
367 1025
367 1061
367 1220
367 1247
367 1248
367 1249
367 1250
367 1251
367 1252
367 1253
367 1254
368 381
368 507
368 520
368 530
368 535
368 537
368 556
368 565
368 611
368 637
368 641
368 696
368 703
368 712
368 755
368 781
368 790
368 841
368 846
368 905
368 931
368 936
368 944
368 1036
368 1039
368 1110
368 1111
368 1172
368 1269
368 1288
368 1309
368 1324
368 1327
368 1366
368 1367
368 1368
368 1369
368 1370
368 1371
368 1372
368 1373
368 1374
368 1375
368 1376
368 1377
368 1378
368 1379
368 1380
368 1381
368 1382
368 1383
368 1384
368 1385
369 504
369 526
369 597
369 680
369 681
369 709
369 896
369 1038
369 1285
369 1317
369 1318
369 1488
369 1499
369 1536
369 1537
369 1538
369 1539
369 1540
369 1541
370 393
370 496
370 513
370 528
370 590
370 674
370 798
370 852
370 868
370 895
370 1093
370 1120
370 1177
370 1229
370 1241
370 1346
370 1371
370 1485
370 1497
370 1523
370 1607
370 1608
370 1609
371 507
371 607
371 1010
371 1232
371 1447
371 1610
371 1611
372 435
373 384
375 513
375 532
375 884
375 1055
375 1629
375 1700
375 1815
375 1816
376 391
377 611
377 627
377 737
377 773
377 891
377 1065
377 1182
377 1258
377 1366
377 1522
377 1570
377 1695
377 1758
377 1820
377 1821
377 1822
378 474
378 598
378 661
378 730
378 850
378 886
378 929
378 941
378 1200
378 1206
378 1249
378 1256
378 1276
378 1436
378 1446
378 1473
378 1603
378 1724
378 1766
378 1831
378 1832
379 411
380 458
380 506
380 540
380 555
380 636
380 1087
380 1101
380 1344
380 1558
380 1621
380 1759
380 1842
382 546
382 611
382 773
382 840
382 968
382 1237
382 1285
382 1358
382 1662
382 1853
383 386
384 433
384 462
384 643
384 758
384 849
384 919
384 1010
384 1064
384 1091
384 1184
384 1274
384 1351
384 1387
384 1464
384 1570
384 1735
384 1769
384 1780
384 1888
384 1906
385 534
385 823
385 927
385 1194
385 1736
385 1772
385 1922
386 1057
386 1609
386 1784
386 1938
387 454
387 508
387 567
387 756
387 1217
387 1376
387 1402
387 1776
387 1779
387 1893
387 1908
388 439
388 611
388 668
388 737
388 968
388 1178
388 1327
388 1397
388 1778
389 516
389 617
389 836
389 876
389 914
389 1436
389 1651
389 1681
389 1701
389 1721
389 1758
390 511
390 693
390 819
390 1170
390 1342
390 1413
390 1577
390 1765
390 1885
391 550
391 621
391 1432
391 1434
391 1455
391 1652
391 1665
392 504
392 838
392 1370
394 399
395 760
395 893
395 1205
395 1411
396 550
396 881
396 1367
396 1415
396 1536
397 651
397 1013
397 1112
397 1359
397 1733
398 910
398 978
399 455
399 516
399 947
399 1197
399 1672
399 1688
399 1761
400 640
400 843
400 1027
401 466
401 712
401 1384
401 1422
401 1549
401 1550
402 1192
402 1422
402 1513
402 1558
403 507
403 660
403 1147
403 1780
404 592
404 705
404 1079
404 1525
404 1962
405 477
405 808
405 1114
405 1152
405 1527
405 1699
405 1728
405 1756
405 1948
406 754
406 1342
406 1819
406 1880
406 1954
407 506
407 517
407 1673
407 1815
408 424
408 428
408 450
408 605
408 1342
408 1452
408 1550
408 1764
408 1969
408 1983
408 1995
409 1301
409 1330
409 1546
410 702
410 713
410 1122
410 1271
410 1322
410 1357
410 1526
410 1528
410 1567
410 1705
410 1890
410 1895
411 676
411 1108
411 1251
411 1328
411 1525
411 1764
411 1790
412 449
412 451
412 776
412 813
412 1232
413 1287
413 1478
413 1513
413 1528
413 1796
413 1805
413 1880
413 1904
413 1981
414 506
414 975
414 1397
414 1498
414 1503
414 1913
415 446
415 595
415 1140
415 1171
416 645
416 799
416 1004
416 1303
416 1417
416 1420
416 1697
417 446
417 1095
417 1736
418 718
418 1939
419 452
419 581
419 622
419 911
419 1414
419 1821
419 1904
419 1999
420 453
420 706
420 1135
420 1594
421 1375
421 1568
421 1791
421 1895
422 836
422 1394
422 1809
423 504
423 525
423 639
423 1029
425 925
425 1175
425 1581
426 637
426 824
426 970
426 1350
427 548
427 611
427 1369
429 611
429 1031
429 1328
429 1845
431 990
431 1092
431 1858
432 655
432 807
432 1095
432 1928
434 478
434 804
434 925
435 795
435 974
435 1641
436 579
436 592
436 743
436 1217
436 1246
436 1863
437 475
437 1504
437 1943
438 492
438 749
438 790
440 854
441 640
441 841
441 1064
442 666
442 918
442 948
442 1232
443 446
443 793
443 1306
443 1758
445 537
459 931
467 520
513 1377
520 541
520 633
520 848
520 1092
520 1137
520 1146
520 1203
520 1251
520 1342
520 1349
520 1590
520 1600
520 1681
520 1852
520 1867
537 604
537 968
537 1268
556 1080
556 1144
556 1588
559 1383
612 781
641 881
641 1151
641 1349
641 1369
641 1469
641 1911
708 1377
732 1377
781 1179
931 1247
931 1780
931 1898
931 1920
1213 1377
1377 1453
1383 1432
1383 1450
1383 1589
