1 181
5 181
6 181
11 181
33 181
82 181
96 968
105 915
125 181
143 181
148 181
152 181
158 181
177 181
179 181
180 915
180 940
181 189
181 194
181 223
181 248
181 294
181 296
181 305
181 364
181 365
181 375
181 390
181 396
181 398
181 438
181 508
181 518
181 522
181 544
181 545
181 585
181 593
181 683
181 702
181 753
181 790
181 817
181 827
181 833
181 836
181 837
181 910
181 915
181 916
181 929
181 962
181 963
181 986
181 991
181 1010
181 1011
181 1012
181 1013
181 1014
181 1015
181 1016
181 1017
181 1018
181 1019
181 1020
181 1021
181 1022
181 1023
181 1024
181 1025
181 1026
181 1027
181 1028
181 1029
181 1030
181 1031
181 1032
181 1033
181 1034
181 1035
181 1036
181 1037
181 1038
181 1039
181 1040
181 1041
181 1042
181 1043
181 1044
181 1045
181 1046
181 1047
181 1048
226 915
230 915
297 968
300 915
308 915
371 1611
382 968
388 968
457 968
459 915
459 1611
504 940
527 940
537 968
553 940
586 915
624 1611
911 1611
915 968
915 991
915 1055
915 1141
915 1191
915 1262
915 1312
915 1478
915 1509
915 1581
915 1595
915 1743
915 1923
922 968
940 968
940 1365
940 1591
940 1605
940 1967
968 1095
968 1611
968 1900
1611 1920
1611 1963
