5 906
10 1348
11 1343
30 1259
56 1259
91 287
92 799
93 1259
142 1468
151 970
177 287
183 320
183 1343
183 1348
190 799
203 315
224 1343
242 970
287 315
287 1642
287 1671
287 1684
295 315
295 320
297 970
298 993
306 320
307 315
315 320
315 366
315 600
315 619
315 626
315 799
315 970
315 993
315 1046
315 1259
315 1343
315 1468
315 1502
315 1532
315 1569
315 1609
315 1764
315 1788
320 532
320 563
320 852
320 1198
320 1711
320 1760
320 1891
341 1348
366 1188
370 1609
386 1609
416 799
426 970
450 970
451 906
509 993
515 1343
518 1343
696 1259
708 1609
710 993
753 1468
763 1609
799 814
799 1036
799 1141
799 1606
885 906
906 970
906 1665
906 1910
934 1348
970 1060
970 1291
970 1348
970 1485
970 1763
970 1954
993 1460
993 1565
1040 1259
1083 1348
1092 1188
1139 1468
1188 1296
1188 1348
1188 1503
1259 1488
1259 1619
1259 1986
1343 1524
1468 1509
1468 1925
1468 1949
1609 1626
1609 1938
