2 451
2 500
4 867
5 451
15 1323
32 1323
68 1323
91 665
162 451
168 1323
176 451
177 217
178 763
180 217
188 665
190 763
207 451
217 220
217 236
217 299
217 788
217 851
217 943
217 969
217 1323
217 1504
217 1559
217 1562
217 1568
217 1679
217 1725
234 451
319 1354
323 763
323 1354
348 665
356 451
367 451
412 451
451 452
451 453
451 491
451 547
451 635
451 698
451 705
451 719
451 746
451 805
451 844
451 867
451 870
451 883
451 906
451 978
451 997
451 1047
451 1099
451 1288
451 1311
451 1323
451 1325
451 1354
451 1411
451 1510
451 1522
451 1541
451 1564
451 1573
451 1575
451 1586
451 1613
451 1618
451 1657
451 1739
451 1760
451 1820
451 1846
451 1847
451 1848
451 1849
451 1850
480 1354
500 814
500 1323
500 1927
500 1970
507 1323
518 763
574 763
582 1323
585 763
611 1323
633 1323
656 1354
665 1014
665 1323
680 1323
711 867
763 1323
763 1573
763 1609
763 1756
791 1323
809 1323
828 1323
840 1323
867 897
867 1273
910 1354
912 1739
1060 1323
1079 1354
1099 1354
1136 1354
1166 1323
1199 1739
1286 1323
1323 1570
1323 1830
1323 1868
1323 1869
1354 1695
1354 1855
1354 1983
1354 1993
1701 1739
1739 1804
