0 18
0 28
0 33
1 386
7 1163
17 33
18 28
18 30
18 33
18 99
18 170
18 179
18 183
18 191
18 250
18 299
18 335
18 386
18 472
18 490
18 556
18 625
18 658
18 701
18 804
18 832
18 886
18 948
18 988
18 999
18 1008
18 1035
18 1062
18 1081
18 1143
18 1155
18 1160
18 1163
18 1201
18 1317
18 1344
18 1355
18 1379
18 1409
18 1411
18 1421
18 1449
18 1520
18 1525
18 1573
18 1630
18 1643
18 1694
18 1695
18 1696
18 1697
18 1698
18 1699
28 195
28 404
28 408
28 615
28 639
28 814
28 1045
28 1048
28 1068
28 1084
28 1255
28 1324
28 1423
28 1433
28 1531
28 1602
28 1727
28 1773
28 1893
28 1916
33 181
33 233
33 611
33 1345
33 1475
48 1697
75 701
92 701
126 701
140 701
146 386
146 1163
190 1573
199 1697
254 1573
259 701
296 701
363 1573
364 701
383 386
386 1057
386 1609
386 1784
386 1938
416 1697
451 1573
453 1573
504 701
506 1163
549 701
558 701
701 917
701 985
701 1128
701 1223
763 1573
843 1697
994 1163
1023 1573
1163 1749
1573 1891
1697 1801
1697 1939
1697 1961
