6 143
6 1077
8 1212
11 143
27 1479
28 615
47 1770
83 615
91 615
93 1257
98 1870
106 143
141 143
143 181
143 284
143 295
143 368
143 369
143 370
143 378
143 380
143 445
143 449
143 463
143 466
143 564
143 615
143 618
143 621
143 705
143 720
143 817
143 1023
143 1077
143 1091
143 1118
143 1164
143 1212
143 1322
143 1434
143 1473
143 1474
143 1475
143 1476
143 1477
143 1478
143 1479
143 1480
143 1481
143 1482
143 1483
177 293
180 615
195 615
245 1477
273 1771
287 1642
293 615
293 1072
293 1346
293 1995
301 1407
304 1642
307 615
307 1212
314 1257
317 1770
327 1477
372 1257
413 1478
444 1077
482 1870
530 1407
539 615
547 1077
554 1771
595 1478
615 951
615 1255
615 1339
615 1407
615 1770
615 1771
617 1257
620 1770
626 1771
702 1770
716 1770
719 1870
771 1257
787 1077
793 1770
819 1257
890 1212
915 1478
986 1407
996 1770
1077 1488
1139 1477
1139 1770
1177 1870
1178 1257
1205 1642
1212 1319
1244 1257
1244 1770
1257 1770
1258 1478
1324 1479
1352 1477
1375 1771
1407 1736
1426 1478
1457 1642
1478 1971
1479 1688
1479 1764
1619 1770
1642 1770
1770 1865
1770 1870
1771 1910
