0 2
0 16
0 19
0 20
0 22
0 31
0 35
0 42
0 54
0 74
0 85
0 86
1 2
1 141
1 207
1 367
1 369
1 371
1 377
1 379
1 385
1 400
1 419
1 421
2 3
2 4
2 15
2 16
2 22
2 31
2 86
2 90
2 91
2 99
2 122
2 141
2 177
2 178
2 179
2 180
2 192
2 208
2 216
2 222
2 266
2 296
2 319
2 342
2 345
2 369
2 371
2 373
2 377
2 379
2 383
2 385
2 417
2 419
2 445
2 446
2 447
2 448
2 449
2 450
2 451
2 452
2 453
2 454
2 455
2 456
2 457
2 458
2 459
2 460
2 461
2 462
2 463
2 464
2 465
2 466
2 467
2 468
2 469
2 470
2 471
2 472
2 473
2 474
2 475
2 476
2 477
2 478
2 479
2 480
2 481
2 482
2 483
2 484
2 485
2 486
2 487
2 488
2 489
2 490
2 491
2 492
2 493
2 494
2 495
2 496
2 497
2 498
2 499
2 500
2 501
2 502
3 163
3 377
3 379
3 421
3 446
3 449
3 457
3 460
3 547
3 553
4 102
4 168
4 192
4 448
4 844
4 867
4 870
4 873
5 86
5 102
5 144
5 255
5 451
5 496
5 746
5 883
5 906
6 22
6 367
6 369
6 1057
6 1061
7 20
7 208
7 260
7 334
7 356
7 445
7 447
7 469
7 733
7 883
7 1137
7 1138
7 1148
8 367
8 456
8 474
8 825
8 1192
8 1202
9 1386
9 1411
11 459
12 385
12 463
13 1353
13 1588
14 1613
15 219
15 467
15 635
16 111
16 184
16 374
16 505
16 523
16 524
16 628
16 749
16 814
16 842
16 1136
16 1143
16 1215
16 1248
16 1679
16 1686
16 1687
18 99
18 170
18 472
18 490
18 1411
18 1573
19 178
19 205
19 237
19 286
19 297
19 317
19 366
19 448
19 522
19 891
19 1136
19 1367
19 1519
19 1579
19 1754
19 1756
20 151
20 297
20 354
20 505
20 652
20 697
20 974
20 1255
20 1438
20 1553
20 1618
20 1686
20 1772
22 95
22 162
22 180
22 427
22 816
22 838
22 936
22 1435
22 1475
22 1598
23 1057
24 1061
25 151
25 746
26 222
29 216
31 47
31 59
31 261
31 378
31 530
31 698
31 796
31 1067
31 1482
31 1608
31 1946
31 1947
32 219
34 86
35 141
35 300
35 882
35 1055
35 1423
38 449
39 457
39 465
41 746
42 141
42 251
42 295
42 429
42 581
42 817
42 912
42 1457
42 1619
42 1744
42 1876
42 1942
43 171
46 460
47 207
47 448
48 1047
52 1304
53 219
53 464
53 1797
54 141
54 177
54 302
54 1105
54 1140
54 1851
57 459
59 1595
62 477
62 1742
63 478
74 151
74 512
74 647
74 1272
78 469
78 992
81 978
81 1430
84 446
85 448
85 536
85 1444
85 1835
86 302
90 99
90 102
90 122
91 148
91 157
91 454
91 457
91 474
91 478
91 635
91 654
91 677
91 678
91 686
92 141
92 192
92 446
92 805
93 255
93 488
93 489
93 825
94 473
94 1057
95 459
95 1148
96 479
97 141
97 172
99 174
99 299
99 548
99 639
99 837
99 1068
99 1104
99 1265
99 1406
99 1598
99 1717
100 222
101 367
102 141
102 408
102 409
102 1031
102 1092
102 1196
102 1741
110 377
111 234
112 1202
113 369
113 487
115 1148
116 1847
120 746
122 384
122 518
122 1722
122 1734
122 1756
122 1974
126 474
127 149
130 746
134 222
135 153
141 142
141 143
141 144
141 145
141 146
141 147
141 148
141 149
141 150
141 151
141 152
141 153
141 154
141 155
141 156
141 157
141 158
141 159
141 160
141 161
141 162
141 163
141 164
141 165
141 166
141 167
141 168
141 169
141 170
141 171
141 172
141 173
141 174
141 175
141 176
142 222
143 369
143 445
143 449
143 463
143 466
144 178
144 298
144 368
144 431
144 538
144 636
144 699
144 789
144 816
144 843
144 854
144 928
144 1023
144 1171
144 1258
144 1264
144 1431
144 1445
144 1484
144 1485
144 1486
145 362
145 461
145 1192
145 1202
145 1529
145 1535
146 467
146 553
146 1411
146 1562
146 1564
147 458
148 181
148 296
148 524
148 613
148 998
148 1410
148 1482
148 1698
148 1703
148 1725
148 1726
148 1727
149 177
149 180
149 193
149 215
149 218
149 303
149 402
149 591
149 625
149 815
149 888
149 1091
149 1400
149 1545
149 1630
149 1728
149 1729
150 367
150 371
150 635
151 219
151 240
151 299
151 334
151 395
151 400
151 421
151 505
151 511
151 517
151 553
151 686
151 698
151 733
151 838
151 841
151 873
151 939
151 970
151 992
151 1040
151 1137
151 1304
151 1361
151 1412
151 1424
151 1429
151 1445
151 1446
151 1461
151 1529
151 1535
151 1568
151 1586
151 1689
151 1796
151 1797
151 1798
151 1799
151 1800
151 1801
152 495
152 547
152 654
152 844
152 992
152 1047
153 189
153 317
153 513
153 534
153 710
153 787
153 1543
153 1689
153 1785
153 1854
154 479
154 1288
155 377
155 454
156 481
157 753
157 1067
157 1451
157 1555
157 1806
157 1927
158 181
158 511
158 616
158 704
158 1567
159 1202
160 524
160 868
160 908
160 1056
160 1147
160 1401
161 171
162 451
163 380
163 511
163 688
163 1494
163 1520
163 1635
163 1719
163 1919
163 1925
164 212
164 306
164 739
164 1235
164 1607
164 1625
164 1732
164 1882
164 1918
165 207
166 175
166 184
166 644
166 882
166 1503
167 448
168 304
168 1323
168 1374
168 1805
169 192
170 365
170 586
170 989
170 1919
171 179
171 1927
172 173
172 748
172 1172
172 1809
174 367
175 459
176 451
177 192
177 207
177 208
177 216
177 219
177 222
177 234
177 240
177 255
177 260
177 266
177 275
178 478
178 746
178 751
179 448
179 455
179 654
179 825
179 833
180 192
180 345
180 421
180 449
180 464
180 686
180 805
180 932
180 939
181 833
181 1040
181 1047
182 499
182 1304
182 1311
182 1313
183 1192
184 1424
184 1430
186 967
186 978
187 455
187 1057
187 1304
188 445
189 266
189 978
189 1311
189 1386
190 216
190 377
190 1573
190 1575
191 208
191 454
192 255
192 260
192 275
192 307
192 309
192 342
192 527
192 614
192 628
192 677
192 716
192 751
192 825
192 833
192 842
192 932
192 1107
192 1138
192 1148
192 1192
192 1240
192 1261
192 1313
192 1353
192 1386
192 1463
192 1537
192 1569
192 1589
192 1590
192 1591
192 1592
192 1593
192 1594
192 1595
192 1596
193 449
193 833
194 371
195 447
195 553
198 208
198 309
200 464
203 369
204 447
204 883
205 275
205 751
205 1740
205 1742
207 298
207 450
207 451
207 452
207 987
207 1146
207 1270
207 1414
207 1514
207 1774
207 1828
207 1844
207 1851
208 566
208 923
208 1197
208 1342
209 465
209 1799
212 309
212 472
213 492
216 397
216 522
216 659
216 1064
216 1172
216 1321
216 1441
216 1491
216 1653
216 1873
216 1899
216 1927
217 1562
219 278
219 707
219 748
219 1784
219 1852
219 1954
220 367
220 1288
222 269
222 403
222 410
222 556
222 855
222 934
222 1256
222 1327
222 1401
222 1402
222 1732
222 1745
222 1856
222 1891
223 478
223 678
226 686
228 377
228 483
228 1740
228 1746
229 547
232 445
232 805
232 1746
234 314
234 451
234 920
234 1794
234 1896
236 967
237 377
237 486
237 677
240 299
240 328
240 631
241 494
241 1535
245 460
245 476
248 266
249 1446
250 369
250 477
250 493
254 475
254 1573
255 594
255 1521
255 1596
259 1564
260 692
260 812
260 855
260 912
260 1130
260 1828
266 411
266 1619
266 1932
267 1202
267 1353
270 473
271 379
275 1140
275 1752
275 1807
276 379
278 449
280 379
284 1353
295 309
295 334
295 345
295 356
295 362
296 367
296 371
296 446
296 448
296 470
296 716
296 719
296 733
297 356
297 400
297 470
297 547
297 805
297 967
297 978
298 460
298 746
298 883
298 992
299 447
299 477
299 495
299 719
300 502
300 746
300 1386
301 733
304 475
305 825
307 456
308 385
308 502
308 1138
308 1192
308 1564
309 335
309 392
309 505
309 506
309 544
309 628
309 648
309 663
309 847
309 944
309 1328
309 1459
309 1719
309 1835
309 1836
310 356
310 733
310 1650
311 369
311 476
311 1040
313 458
314 466
318 1797
319 502
323 483
325 635
327 449
328 463
328 1742
330 883
333 448
333 449
334 1453
334 1522
334 1524
334 1992
338 473
340 460
343 1801
345 830
345 1220
345 1743
345 1794
346 1740
347 479
356 451
356 1168
356 1234
357 501
362 416
362 448
362 788
363 1573
364 367
364 446
364 457
364 678
364 1099
365 445
365 447
366 471
366 932
366 1099
367 430
367 451
367 527
367 536
367 594
367 611
367 614
367 616
367 694
367 729
367 764
367 789
367 835
367 869
367 912
367 946
367 974
367 1010
367 1011
367 1025
367 1061
367 1220
367 1247
367 1248
367 1249
367 1250
367 1251
367 1252
367 1253
367 1254
368 1288
369 504
369 526
369 597
369 680
369 681
369 709
369 896
369 1038
369 1285
369 1317
369 1318
369 1488
369 1499
369 1536
369 1537
369 1538
369 1539
369 1540
369 1541
370 496
371 507
371 607
371 1010
371 1232
371 1447
371 1610
371 1611
373 486
376 469
377 611
377 627
377 737
377 773
377 891
377 1065
377 1182
377 1258
377 1366
377 1522
377 1570
377 1695
377 1758
377 1820
377 1821
377 1822
378 474
378 1446
379 411
379 612
379 808
379 809
379 842
379 850
379 889
379 905
379 910
379 1011
379 1426
379 1622
379 1730
380 458
381 1575
381 1746
383 492
383 1742
385 534
385 823
385 927
385 1194
385 1736
385 1772
385 1922
386 1057
387 454
394 1138
395 1411
398 978
399 455
399 1761
400 640
400 843
400 1027
401 466
402 1192
405 477
412 449
412 451
413 1796
415 446
417 446
419 452
419 581
419 622
419 911
419 1414
419 1821
419 1904
419 1999
420 1594
421 1375
421 1568
421 1791
421 1895
428 1192
434 478
437 475
438 492
443 446
445 537
445 768
445 882
445 1316
445 1429
446 484
446 532
446 577
446 619
446 621
446 624
446 651
446 711
446 754
446 1081
446 1095
446 1322
446 1566
446 1567
446 1568
446 1569
446 1570
447 514
447 706
447 841
447 1195
447 1199
447 1207
447 1700
447 1701
448 485
448 612
448 640
448 654
448 678
448 754
448 841
448 930
448 967
448 1057
448 1206
448 1258
448 1430
448 1470
448 1486
448 1499
448 1562
448 1586
448 1588
448 1593
448 1722
448 1740
448 1741
448 1742
448 1743
448 1744
448 1745
448 1746
448 1747
448 1748
448 1749
449 579
449 622
449 623
449 638
449 727
449 887
449 952
449 1038
449 1109
449 1180
449 1202
449 1222
449 1287
449 1571
449 1612
449 1646
449 1650
449 1757
449 1758
449 1759
449 1760
449 1761
449 1762
450 456
451 452
451 453
451 491
451 547
451 635
451 698
451 705
451 719
451 746
451 805
451 844
451 867
451 870
451 883
451 906
451 978
451 997
451 1047
451 1099
451 1288
451 1311
451 1323
451 1325
451 1354
451 1411
451 1510
451 1522
451 1541
451 1564
451 1573
451 1575
451 1586
451 1613
451 1618
451 1657
451 1739
451 1760
451 1820
451 1846
451 1847
451 1848
451 1849
451 1850
452 468
453 1573
454 503
454 507
454 776
454 1628
454 1755
455 1055
455 1085
455 1197
455 1228
455 1373
455 1398
455 1460
455 1510
455 1784
455 1867
456 505
456 997
456 1395
456 1623
457 462
457 527
457 693
457 968
457 1110
457 1116
457 1150
457 1392
457 1643
457 1654
457 1798
458 705
458 1076
458 1672
458 1792
458 1922
458 1940
459 915
459 923
459 931
459 1093
459 1125
459 1428
459 1611
459 1781
460 612
460 706
460 947
460 1064
460 1113
460 1256
460 1450
460 1900
461 504
461 582
461 705
461 835
461 1908
462 471
463 523
463 1357
463 1862
464 512
464 748
464 872
464 1525
464 1636
464 1880
464 1949
464 1977
465 498
465 842
465 886
465 1226
465 1309
465 1412
465 1823
466 542
466 814
466 1198
466 1384
466 1976
467 520
467 871
467 1576
467 1590
467 1665
467 1873
468 616
468 983
468 987
468 1135
468 1187
468 1590
468 1661
468 1848
468 1942
469 838
469 1158
469 1366
469 1956
470 544
470 616
470 1532
470 1700
470 1743
470 1984
471 517
471 576
471 1091
471 1846
472 714
472 983
472 1175
472 1819
472 1885
473 482
473 508
473 534
473 1117
473 1162
473 1325
473 1750
473 1802
474 819
474 1435
475 562
475 835
475 864
475 1139
475 1213
476 1107
476 1487
477 582
477 1459
477 1569
478 515
478 1310
479 699
479 956
479 1007
479 1249
479 1674
479 1819
480 545
480 841
480 1033
480 1299
480 1354
480 1603
481 1509
481 1629
481 1680
483 545
483 1175
483 1578
483 1592
484 870
486 559
486 1352
487 1012
487 1618
487 1718
488 792
488 1250
488 1976
489 655
489 1244
489 1247
490 1108
490 1400
490 1591
492 831
492 1775
493 592
493 649
493 987
493 1078
494 823
494 1176
494 1415
495 688
495 1605
495 1858
496 1498
496 1748
496 1760
497 646
497 1415
497 1734
497 1826
499 582
499 1045
499 1398
500 814
500 1323
500 1927
500 1970
501 1070
501 1255
501 1300
502 1252
503 1061
503 1240
504 716
505 751
505 1288
507 1138
507 1353
507 1386
510 1529
512 1657
514 746
516 751
518 1353
518 1424
518 1849
519 1657
520 1137
522 1148
523 1740
524 1361
527 1796
530 967
534 719
541 1061
542 932
542 1588
543 992
547 1077
547 1231
547 1261
547 1557
547 1913
549 678
550 716
553 940
553 1368
553 1391
553 1444
553 1456
553 1596
553 1675
553 1691
553 1868
556 1588
560 1137
562 635
565 746
566 1657
572 1138
575 719
575 1849
577 1240
577 1575
589 1411
593 1747
603 1148
604 1740
608 686
611 967
614 1535
619 1424
622 1304
629 1761
635 853
635 1614
636 746
636 939
645 719
652 677
654 1196
654 1208
662 1192
671 1564
673 932
677 1010
677 1755
677 1929
686 1758
691 1800
698 967
705 1192
705 1562
706 873
711 867
716 1770
719 1608
719 1870
723 1575
728 1411
728 1800
730 751
731 1747
743 746
746 909
746 910
746 1092
746 1107
746 1267
746 1459
746 1460
746 1461
746 1462
746 1463
746 1464
746 1465
746 1466
746 1467
747 1571
748 1313
748 1411
749 1137
751 927
751 937
751 1179
751 1698
756 1761
761 1411
763 1573
771 1650
777 883
787 870
787 1137
787 1240
787 1650
793 1353
796 1061
803 883
808 1353
815 1613
817 1424
825 949
825 1206
825 1656
829 1240
831 1138
833 925
836 992
839 1594
844 913
844 1286
844 1862
855 1746
858 1424
858 1529
861 883
867 897
867 1273
868 883
870 1494
870 1749
871 992
873 1284
873 1297
873 1489
882 1657
883 1078
883 1104
883 1115
883 1139
883 1238
883 1296
883 1347
883 1369
883 1402
883 1500
883 1582
883 1694
883 1769
883 1813
883 1903
883 1904
883 1905
885 906
898 1850
900 1800
906 970
906 1665
906 1910
910 1313
910 1353
910 1361
912 1739
915 1595
921 1529
930 1099
932 1010
932 1519
932 1574
932 1694
932 1737
932 1995
933 1192
934 1240
939 998
939 1143
939 1324
967 1079
967 1425
967 1906
967 1918
969 1571
969 1595
992 1884
1005 1304
1008 1148
1010 1446
1020 1304
1023 1573
1040 1259
1040 1306
1047 1585
1047 1841
1057 1423
1057 1861
1057 1919
1061 1433
1061 1444
1061 1678
1067 1313
1099 1354
1099 1950
1100 1742
1113 1613
1114 1411
1118 1850
1125 1595
1127 1304
1136 1847
1137 1458
1137 1566
1137 1638
1138 1247
1138 1279
1138 1816
1144 1740
1148 1998
1165 1746
1172 1650
1175 1594
1177 1304
1189 1797
1192 1802
1192 1803
1192 1804
1192 1805
1199 1739
1202 1281
1202 1514
1236 1571
1240 1387
1253 1353
1258 1799
1260 1304
1266 1353
1268 1849
1292 1304
1293 1742
1304 1314
1304 1512
1304 1872
1310 1747
1311 1459
1311 1534
1311 1634
1311 1654
1311 1719
1312 1742
1325 1361
1328 1562
1333 1361
1349 1801
1353 1439
1353 1672
1398 1847
1402 1797
1411 1525
1411 1589
1411 1778
1411 1805
1411 1844
1411 1863
1424 1826
1424 1833
1430 1501
1430 1980
1446 1484
1446 1968
1470 1571
1496 1796
1501 1588
1504 1799
1512 1800
1513 1797
1529 1731
1529 1887
1535 1857
1537 1797
1557 1742
1562 1969
1564 1711
1573 1891
1580 1796
1592 1747
1594 1907
1613 1867
1622 1847
1638 1847
1644 1797
1674 1796
1674 1801
1679 1796
1696 1850
1697 1801
1701 1739
1737 1742
1739 1804
1740 1974
1742 1806
1746 1854
1761 1885
1797 1955
1797 1961
1799 1844
1799 1953
1800 1831
1805 1850
1847 1880
1849 1958
