0 2
0 7
0 50
1 2
1 7
1 87
1 110
1 111
1 124
1 301
2 3
2 5
2 7
2 15
2 16
2 18
2 19
2 20
2 22
2 31
2 38
2 50
2 60
2 67
2 85
2 88
2 106
2 119
2 120
2 121
2 130
2 134
2 153
2 154
2 155
2 162
2 163
2 164
2 171
2 174
2 208
2 209
2 215
2 217
2 218
2 219
2 223
2 231
2 250
2 261
2 298
2 302
2 310
2 337
2 338
2 339
2 340
2 341
2 342
2 343
2 344
2 345
2 346
2 347
2 348
2 349
2 350
2 351
2 352
2 353
2 354
2 355
2 356
2 357
2 358
2 359
2 360
2 361
2 362
2 363
2 364
2 365
2 366
2 367
2 368
2 369
2 370
2 371
2 372
2 373
2 374
2 375
2 376
2 377
2 378
2 379
2 380
2 381
2 382
2 383
2 384
2 385
2 386
2 387
2 388
2 389
2 390
2 391
2 392
2 393
2 394
2 395
2 396
2 397
2 398
2 399
2 400
3 7
3 121
3 401
4 50
4 87
4 160
4 301
5 87
5 110
5 121
5 123
5 164
5 340
5 514
6 105
7 11
7 14
7 37
7 46
7 48
7 57
7 90
7 152
7 159
7 160
7 215
7 216
7 217
7 220
7 226
7 232
7 244
7 293
7 294
7 302
7 309
7 349
7 350
7 358
7 374
7 385
7 388
7 404
7 459
7 461
7 466
7 501
7 509
7 536
7 537
7 538
7 539
7 540
7 541
7 542
7 543
7 544
7 545
7 546
7 547
7 548
7 549
7 550
7 551
7 552
7 553
7 554
7 555
7 556
7 557
7 558
7 559
7 560
7 561
7 562
7 563
7 564
8 87
8 125
8 155
8 161
8 171
8 340
9 125
9 155
9 165
9 169
9 301
9 401
9 639
10 155
10 159
10 164
10 401
11 87
11 167
11 550
12 104
12 121
12 123
12 340
12 379
14 160
15 560
15 639
16 121
16 124
17 122
17 813
18 117
18 122
18 379
18 813
20 266
24 121
25 87
25 104
27 123
27 161
28 121
28 123
28 159
28 560
28 819
29 121
29 379
30 559
31 401
34 169
35 104
35 165
35 381
36 121
36 155
37 114
39 169
42 941
43 117
45 123
47 87
50 103
50 154
50 483
50 520
50 809
53 165
54 301
58 87
58 114
60 87
63 160
65 787
67 902
69 161
70 514
71 301
72 565
83 949
87 88
87 89
87 90
87 91
87 92
87 93
87 94
87 95
87 96
87 97
87 98
87 99
87 100
87 101
87 102
87 103
87 104
87 105
87 106
87 107
87 108
87 109
87 110
87 111
87 112
87 113
87 114
87 115
87 116
87 117
87 118
89 122
90 121
90 401
91 121
92 340
93 169
94 159
95 114
95 813
96 884
101 122
103 165
103 171
103 829
104 118
104 137
104 164
104 254
104 744
104 890
105 156
105 220
105 849
106 957
108 639
110 261
110 835
110 905
111 215
111 506
111 725
111 879
113 340
113 385
113 536
113 618
113 736
113 772
113 874
113 948
114 116
114 403
115 172
115 216
115 423
115 610
115 774
115 960
117 223
117 333
117 632
117 686
118 219
118 226
118 510
119 121
119 122
119 123
119 124
119 125
119 149
119 152
120 152
120 565
121 122
121 163
121 170
121 184
121 215
121 218
121 219
121 244
121 250
121 261
121 266
121 342
121 396
121 543
121 605
121 607
121 616
121 633
121 649
121 656
121 657
121 658
121 659
121 660
121 661
121 662
121 663
121 664
121 665
121 666
122 153
122 154
122 212
122 460
122 494
122 523
122 525
122 537
122 565
122 634
122 647
122 656
122 669
122 703
122 720
122 756
122 757
123 160
123 276
123 328
123 340
123 406
123 438
123 504
123 549
123 582
123 626
123 667
123 707
123 744
123 766
123 772
123 783
123 799
123 820
123 835
123 861
123 911
123 912
124 184
124 231
124 342
124 409
124 566
124 661
124 817
124 893
124 908
124 915
124 935
124 936
125 155
125 230
125 517
125 527
125 566
125 849
125 922
125 941
127 160
133 164
138 813
142 915
149 155
149 156
149 231
149 774
152 259
152 719
153 155
153 159
153 160
153 161
153 162
153 164
153 165
153 167
153 169
153 171
154 159
154 164
154 340
155 157
155 165
155 220
155 229
155 232
155 295
155 337
155 345
155 431
155 445
155 537
155 579
155 580
155 611
155 614
155 675
155 712
155 713
155 714
155 715
155 716
155 717
155 718
157 381
157 813
158 161
158 813
158 831
158 832
159 217
159 228
159 247
159 322
159 397
159 439
159 458
159 470
159 522
159 526
159 541
159 562
159 573
159 625
159 636
159 698
159 771
159 797
159 799
159 818
159 899
159 901
159 902
159 903
160 215
160 240
160 288
160 319
160 349
160 453
160 465
160 507
160 607
160 705
160 736
160 746
160 798
160 840
160 869
160 906
161 167
161 176
161 205
161 293
161 365
161 412
161 414
161 438
161 462
161 471
161 537
161 539
161 547
161 613
161 640
161 720
161 748
161 792
161 849
161 856
161 874
162 215
162 233
162 339
162 340
162 525
162 769
162 907
162 908
163 907
164 168
164 182
164 318
164 466
164 500
164 545
164 562
164 563
164 641
164 674
164 693
164 757
164 780
164 801
164 904
164 908
164 934
165 171
165 222
165 228
165 307
165 345
165 436
165 504
165 517
165 635
165 698
165 712
165 744
165 749
165 751
165 754
165 760
165 800
165 815
165 882
165 942
167 169
167 191
167 219
167 346
167 475
167 628
167 735
167 813
167 882
168 902
168 915
169 268
169 374
169 396
169 435
169 565
169 653
169 662
169 738
169 743
169 924
169 941
169 957
171 264
171 293
171 635
171 653
171 911
171 951
171 968
176 301
178 340
178 557
180 550
182 906
182 907
192 301
193 554
200 557
204 340
215 266
216 565
217 565
220 787
222 378
222 813
222 817
222 819
222 820
229 904
230 915
232 340
232 904
233 565
235 565
236 301
236 902
237 819
238 401
238 935
245 942
253 915
256 915
257 904
258 906
263 915
266 281
266 665
266 787
266 793
266 862
270 884
275 915
277 565
283 954
293 401
293 639
294 827
294 829
297 813
298 907
300 813
301 402
301 559
301 605
301 725
301 787
301 799
301 815
301 837
301 884
301 980
303 340
303 949
309 829
314 813
318 554
329 831
335 949
338 565
339 832
340 347
340 355
340 509
340 538
340 569
340 601
340 613
340 628
340 648
340 659
340 667
340 684
340 719
340 740
340 766
340 856
340 857
340 858
340 859
342 831
348 832
348 907
348 915
349 831
352 820
352 935
352 942
355 906
362 813
367 559
367 560
367 906
369 558
377 558
378 381
378 665
378 780
378 798
378 800
379 390
379 587
379 703
381 401
396 942
397 907
401 559
401 673
401 932
405 813
408 819
428 565
432 827
436 514
445 558
454 832
457 832
460 817
464 565
465 907
469 915
473 827
490 560
490 949
496 954
501 558
504 941
504 949
505 831
505 902
505 941
506 820
507 911
514 600
514 650
514 820
514 865
514 941
516 557
521 907
522 957
527 817
527 884
531 813
537 639
542 949
544 813
547 911
549 954
550 639
550 765
550 866
550 888
552 625
552 667
552 758
552 800
554 636
554 665
554 763
554 847
556 787
557 799
558 624
560 878
563 813
564 915
565 684
565 757
565 831
565 860
565 884
565 885
565 886
566 904
581 912
585 813
586 907
598 902
601 639
602 831
608 904
617 884
625 831
627 915
629 907
630 639
639 680
639 923
639 949
649 907
657 813
657 832
658 831
658 832
668 912
672 827
672 906
683 813
684 831
710 904
714 813
724 904
738 915
743 831
747 884
748 935
756 813
757 935
758 813
758 912
768 831
772 915
777 813
777 942
778 832
784 832
787 829
789 827
804 813
813 828
813 835
813 876
813 877
813 878
813 879
817 838
818 827
819 915
827 829
827 954
829 871
832 912
832 963
844 957
849 954
855 911
859 912
862 884
867 907
882 957
886 915
887 915
902 930
902 935
904 932
906 934
911 951
915 949
915 983
915 986
915 990
922 942
935 962
941 992
