0 1
0 2
0 3
0 4
0 5
0 6
0 7
0 8
0 9
0 10
0 11
0 12
0 13
0 14
0 15
0 16
0 17
0 18
0 19
0 20
0 21
0 22
0 23
0 24
0 25
0 26
0 27
0 28
0 29
0 30
0 31
0 32
0 33
0 34
0 35
0 36
0 37
0 38
0 39
0 40
0 41
0 42
0 43
0 44
0 45
0 46
0 47
0 48
0 49
0 50
0 51
0 52
0 53
0 54
0 55
0 56
0 57
0 58
0 59
0 60
0 61
0 62
0 63
0 64
0 65
0 66
0 67
0 68
0 69
0 70
0 71
0 72
0 73
0 74
0 75
0 76
0 77
0 78
0 79
0 80
0 81
0 82
0 83
0 84
0 85
0 86
1 2
1 3
1 4
1 7
1 13
1 14
1 15
1 32
1 39
1 46
1 87
1 88
1 89
1 110
1 111
1 119
1 124
1 128
1 131
1 143
1 153
1 157
1 181
1 191
1 196
1 215
1 244
1 261
1 293
1 294
1 295
1 296
1 297
1 298
1 299
1 300
1 301
1 302
1 303
1 304
1 305
1 306
1 307
1 308
1 309
1 310
1 311
1 312
1 313
1 314
1 315
1 316
1 317
1 318
1 319
1 320
1 321
1 322
1 323
1 324
1 325
1 326
1 327
1 328
1 329
1 330
1 331
1 332
1 333
1 334
1 335
1 336
2 50
2 120
2 121
2 153
2 154
2 162
2 163
2 171
2 208
2 218
2 219
2 340
2 386
2 397
3 62
3 121
3 154
3 404
3 407
4 50
4 120
4 153
4 154
4 160
4 163
4 218
5 110
5 120
5 121
5 148
5 166
5 340
6 62
6 105
6 154
6 156
6 212
6 213
7 152
7 160
7 404
7 543
7 547
8 154
8 161
8 171
8 218
8 229
8 340
9 120
9 165
9 219
9 224
10 153
10 154
10 156
10 166
11 154
11 219
11 547
12 104
12 121
12 340
14 160
15 219
16 121
16 124
16 154
16 404
17 218
18 404
20 219
21 218
24 121
25 104
25 407
27 161
28 121
28 819
28 951
29 121
32 81
32 208
35 104
35 165
36 121
36 154
37 779
38 151
38 154
47 240
49 120
49 234
50 103
50 154
50 483
50 520
50 809
51 407
53 153
53 165
54 156
56 229
62 68
62 463
62 553
62 641
62 891
62 892
63 160
64 156
67 163
67 902
69 161
70 163
81 144
81 156
81 463
83 949
87 104
87 105
87 110
87 111
87 113
87 118
89 633
90 121
91 121
92 340
98 213
98 218
98 951
102 776
103 165
103 171
104 118
104 137
104 164
104 254
104 744
104 890
105 156
105 220
105 849
110 261
110 835
110 905
111 215
111 506
111 725
111 879
113 340
113 385
113 536
113 618
113 736
113 772
113 874
113 948
118 219
118 226
118 510
119 120
119 121
119 124
119 143
119 148
119 149
119 151
119 152
120 148
120 152
120 154
120 172
120 252
120 262
120 339
120 342
120 386
120 404
120 430
120 445
120 565
120 566
120 567
120 568
120 569
120 570
120 571
120 572
120 573
120 574
120 575
120 576
120 577
120 578
121 122
121 163
121 170
121 184
121 215
121 218
121 219
121 244
121 250
121 261
121 266
121 342
121 396
121 543
121 605
121 607
121 616
121 633
121 649
121 656
121 657
121 658
121 659
121 660
121 661
121 662
121 663
121 664
121 665
121 666
122 153
122 154
122 212
123 160
123 340
123 911
123 912
124 184
124 231
124 342
124 409
124 566
124 661
124 817
124 893
124 908
124 915
124 935
124 936
126 154
126 224
127 160
129 154
134 219
139 154
142 915
143 157
143 201
143 224
143 460
146 154
148 200
148 442
149 155
149 156
149 231
149 774
150 154
150 240
151 219
151 319
151 358
152 259
152 719
153 154
153 155
153 156
153 157
153 158
153 159
153 160
153 161
153 162
153 163
153 164
153 165
153 166
153 167
153 168
153 169
153 170
153 171
153 172
153 173
153 174
153 175
153 176
153 177
153 178
153 179
153 180
153 181
153 182
153 183
153 184
153 185
153 186
153 187
153 188
153 189
153 190
153 191
153 192
153 193
153 194
153 195
153 196
153 197
153 198
153 199
153 200
153 201
153 202
153 203
153 204
153 205
153 206
153 207
153 208
153 209
153 210
153 211
153 212
153 213
153 214
154 158
154 159
154 164
154 175
154 190
154 197
154 215
154 216
154 222
154 224
154 228
154 229
154 234
154 236
154 264
154 296
154 298
154 315
154 317
154 338
154 340
154 348
154 351
154 366
154 372
154 373
154 377
154 389
154 396
154 397
154 398
154 407
154 420
154 429
154 430
154 447
154 454
154 459
154 460
154 461
154 462
154 463
154 464
154 465
154 466
154 467
154 468
154 469
154 470
154 471
154 472
154 473
154 474
154 475
154 476
154 477
154 478
154 479
154 480
154 481
154 482
154 483
154 484
154 485
154 486
154 487
154 488
154 489
154 490
154 491
154 492
154 493
154 494
154 495
154 496
154 497
154 498
154 499
154 500
154 501
155 165
155 229
156 158
156 170
156 177
156 203
156 214
156 215
156 216
156 222
156 294
156 297
156 304
156 313
156 333
156 398
156 420
156 444
156 451
156 463
156 474
156 490
156 567
156 580
156 582
156 608
156 637
156 654
156 657
156 658
156 674
156 731
156 749
156 771
156 772
156 773
156 774
156 775
156 776
156 777
156 778
156 779
157 166
158 161
158 832
159 397
159 902
160 215
160 240
160 288
160 319
160 349
160 453
160 465
160 507
160 607
160 705
160 736
160 746
160 798
160 840
160 869
160 906
161 167
161 176
161 205
161 293
161 365
161 412
161 414
161 438
161 462
161 471
161 537
161 539
161 547
161 613
161 640
161 720
161 748
161 792
161 849
161 856
161 874
162 215
162 233
162 339
162 340
162 525
162 769
162 907
162 908
163 199
163 207
163 285
163 299
163 342
163 348
163 363
163 421
163 482
163 601
163 657
163 690
163 702
163 706
163 907
163 929
163 930
163 931
164 904
164 908
165 171
165 222
165 228
165 307
165 345
165 436
165 504
165 517
165 635
165 698
165 712
165 744
165 749
165 751
165 754
165 760
165 800
165 815
165 882
165 942
166 292
166 293
166 412
166 722
166 771
166 914
167 219
168 902
168 915
171 264
171 293
171 635
171 653
171 911
171 951
171 968
175 211
178 340
179 218
182 906
196 224
204 340
208 533
208 710
208 783
211 284
211 296
211 672
212 222
212 427
213 536
213 580
215 218
215 219
215 224
215 229
215 234
215 240
216 224
216 543
217 234
218 424
218 446
218 586
218 603
218 758
218 759
218 760
219 222
219 231
219 346
219 367
219 419
219 425
219 465
219 510
219 519
219 598
219 718
219 761
219 762
219 763
219 764
219 765
222 224
222 547
222 817
222 819
223 240
224 411
224 467
224 496
224 503
224 605
224 620
224 645
224 701
224 860
224 861
229 278
229 317
229 342
229 360
229 389
229 431
229 511
229 569
229 595
229 602
229 609
229 666
229 691
229 695
229 765
229 790
229 849
229 857
229 876
229 883
229 904
229 905
230 915
232 340
232 543
232 904
234 265
234 309
234 314
234 339
234 343
234 347
234 351
234 373
234 424
234 472
234 524
234 540
234 620
234 772
234 773
234 824
234 948
236 902
237 819
238 935
240 504
240 720
240 806
240 914
241 386
245 942
253 915
256 915
257 904
258 906
263 915
264 779
268 824
275 915
294 824
295 824
297 779
303 340
303 949
321 914
335 949
338 543
338 633
338 776
339 778
339 832
340 347
340 355
340 509
340 538
340 569
340 601
340 613
340 628
340 648
340 659
340 667
340 684
340 719
340 740
340 766
340 856
340 857
340 858
340 859
343 914
348 778
348 824
348 832
348 914
348 915
349 407
352 935
352 942
355 906
357 404
359 914
367 906
370 407
371 824
386 523
386 572
386 750
386 982
390 951
396 942
397 504
397 907
404 862
404 983
407 537
407 585
407 788
408 819
442 547
446 908
449 633
454 832
457 832
459 776
460 817
469 915
490 949
500 908
504 949
505 902
507 911
520 776
527 817
542 949
543 621
543 666
547 659
547 836
547 911
564 915
566 904
581 912
598 902
598 908
599 908
600 778
608 904
627 915
633 876
639 949
657 832
658 832
668 912
672 906
702 951
708 779
710 904
723 908
724 904
738 915
748 935
757 935
758 912
766 824
772 915
776 943
777 942
778 832
784 832
793 914
800 951
817 838
819 915
832 912
832 963
855 911
855 951
859 912
886 915
887 915
902 930
902 935
904 932
906 934
911 951
915 949
915 983
915 986
915 990
922 942
935 962
