0 7
0 50
0 66
1 7
1 124
1 153
2 7
2 50
2 120
2 121
2 153
2 154
2 155
2 163
2 171
2 343
2 398
3 7
3 121
3 126
3 154
3 407
4 50
4 120
4 153
4 154
4 160
4 163
5 120
5 121
5 123
5 148
5 166
5 514
6 154
6 213
6 216
7 11
7 14
7 37
7 46
7 48
7 57
7 90
7 152
7 159
7 160
7 215
7 216
7 217
7 220
7 226
7 232
7 244
7 293
7 294
7 302
7 309
7 349
7 350
7 358
7 374
7 385
7 388
7 404
7 459
7 461
7 466
7 501
7 509
7 536
7 537
7 538
7 539
7 540
7 541
7 542
7 543
7 544
7 545
7 546
7 547
7 548
7 549
7 550
7 551
7 552
7 553
7 554
7 555
7 556
7 557
7 558
7 559
7 560
7 561
7 562
7 563
7 564
8 125
8 154
8 155
8 161
8 171
9 120
9 125
9 155
9 169
9 216
9 639
10 153
10 154
10 155
10 166
11 154
11 230
11 550
12 121
12 123
12 216
14 160
15 560
15 639
16 121
16 124
16 154
17 813
18 216
18 230
18 813
24 121
24 230
25 343
25 407
25 913
27 123
27 161
28 121
28 123
28 204
28 560
28 562
28 819
28 913
28 951
29 121
29 230
30 559
32 216
34 169
35 228
35 917
36 121
36 154
36 155
38 154
39 169
40 230
42 941
43 228
44 216
44 913
45 123
47 240
48 343
49 120
50 103
50 154
50 483
50 520
50 809
51 407
52 924
53 153
55 66
55 924
63 160
66 455
66 474
66 684
66 795
67 163
67 902
68 230
69 161
70 163
70 514
76 216
83 949
85 214
87 115
90 121
90 230
91 121
93 169
93 563
95 216
95 813
96 343
98 213
98 951
100 216
103 171
106 957
107 924
108 639
115 172
115 216
115 423
115 610
115 774
115 960
119 120
119 121
119 123
119 124
119 125
119 126
119 148
119 149
119 152
120 148
120 152
120 154
120 172
120 252
120 262
120 339
120 342
120 386
120 404
120 430
120 445
120 565
120 566
120 567
120 568
120 569
120 570
120 571
120 572
120 573
120 574
120 575
120 576
120 577
120 578
121 122
121 163
121 170
121 184
121 215
121 218
121 219
121 244
121 250
121 261
121 266
121 342
121 396
121 543
121 605
121 607
121 616
121 633
121 649
121 656
121 657
121 658
121 659
121 660
121 661
121 662
121 663
121 664
121 665
121 666
122 153
122 154
123 160
123 276
123 328
123 340
123 406
123 438
123 504
123 549
123 582
123 626
123 667
123 707
123 744
123 766
123 772
123 783
123 799
123 820
123 835
123 861
123 911
123 912
124 184
124 231
124 342
124 409
124 566
124 661
124 817
124 893
124 908
124 915
124 935
124 936
125 155
125 230
125 517
125 527
125 566
125 849
125 922
125 941
126 154
126 224
126 258
126 364
126 468
126 667
126 772
126 919
126 974
127 160
129 154
138 813
139 154
142 915
146 154
148 200
148 442
149 155
149 156
149 231
149 774
150 154
150 240
152 259
152 719
153 154
153 155
153 156
153 157
153 158
153 159
153 160
153 161
153 162
153 163
153 164
153 165
153 166
153 167
153 168
153 169
153 170
153 171
153 172
153 173
153 174
153 175
153 176
153 177
153 178
153 179
153 180
153 181
153 182
153 183
153 184
153 185
153 186
153 187
153 188
153 189
153 190
153 191
153 192
153 193
153 194
153 195
153 196
153 197
153 198
153 199
153 200
153 201
153 202
153 203
153 204
153 205
153 206
153 207
153 208
153 209
153 210
153 211
153 212
153 213
153 214
154 158
154 159
154 164
154 175
154 190
154 197
154 215
154 216
154 222
154 224
154 228
154 229
154 234
154 236
154 264
154 296
154 298
154 315
154 317
154 338
154 340
154 348
154 351
154 366
154 372
154 373
154 377
154 389
154 396
154 397
154 398
154 407
154 420
154 429
154 430
154 447
154 454
154 459
154 460
154 461
154 462
154 463
154 464
154 465
154 466
154 467
154 468
154 469
154 470
154 471
154 472
154 473
154 474
154 475
154 476
154 477
154 478
154 479
154 480
154 481
154 482
154 483
154 484
154 485
154 486
154 487
154 488
154 489
154 490
154 491
154 492
154 493
154 494
154 495
154 496
154 497
154 498
154 499
154 500
154 501
155 157
155 165
155 220
155 229
155 232
155 295
155 337
155 345
155 431
155 445
155 537
155 579
155 580
155 611
155 614
155 675
155 712
155 713
155 714
155 715
155 716
155 717
155 718
156 214
156 216
156 398
157 166
157 216
157 813
158 161
158 813
158 832
159 228
159 562
159 902
160 215
160 240
160 288
160 319
160 349
160 453
160 465
160 507
160 607
160 705
160 736
160 746
160 798
160 840
160 869
160 906
161 167
161 176
161 205
161 293
161 365
161 412
161 414
161 438
161 462
161 471
161 537
161 539
161 547
161 613
161 640
161 720
161 748
161 792
161 849
161 856
161 874
162 907
162 908
163 199
163 207
163 285
163 299
163 342
163 348
163 363
163 421
163 482
163 601
163 657
163 690
163 702
163 706
163 907
163 929
163 930
163 931
164 562
164 563
164 908
165 171
165 228
166 292
166 293
166 412
166 722
166 771
166 914
167 169
167 813
168 902
168 915
169 268
169 374
169 396
169 435
169 565
169 653
169 662
169 738
169 743
169 924
169 941
169 957
171 264
171 293
171 635
171 653
171 911
171 951
171 968
172 216
178 557
180 550
182 906
182 907
186 919
193 554
200 214
200 557
204 340
204 444
204 837
204 895
213 536
213 580
214 542
215 216
215 228
215 230
215 240
216 224
216 225
216 226
216 235
216 253
216 286
216 337
216 338
216 410
216 441
216 488
216 532
216 543
216 565
216 579
216 580
216 608
216 609
216 621
216 661
216 677
216 684
216 685
216 686
216 687
216 688
216 689
216 690
216 691
216 692
216 693
216 694
216 695
216 696
216 697
216 698
216 699
216 700
216 701
221 343
222 813
222 817
222 819
222 820
223 240
228 289
228 295
228 459
228 520
228 615
228 901
230 279
230 356
230 470
230 662
230 711
230 874
230 913
230 915
230 916
230 917
230 918
230 919
231 913
232 924
234 343
236 902
237 819
238 935
239 343
240 504
240 720
240 806
240 914
253 915
256 915
258 906
263 915
275 915
276 919
293 639
297 813
297 918
298 907
298 919
298 924
300 813
301 559
303 949
314 813
317 916
318 554
321 914
335 949
337 343
338 398
338 795
339 832
342 343
343 415
343 437
343 459
343 643
343 770
343 876
343 885
343 886
343 913
343 914
348 832
348 907
348 914
348 915
349 407
352 820
352 935
355 906
357 924
359 914
362 813
364 924
367 559
367 560
367 906
369 558
370 407
372 918
377 558
390 951
397 907
398 447
401 559
402 795
403 916
405 813
407 537
407 585
407 788
408 819
436 514
445 558
446 908
449 924
454 832
457 832
460 817
465 907
469 915
490 560
490 949
491 924
495 924
500 908
501 558
504 941
504 949
505 902
505 941
506 820
507 911
513 918
514 600
514 650
514 820
514 865
514 941
516 557
521 907
522 957
527 817
531 813
537 639
542 949
544 813
547 911
550 639
550 765
550 866
550 888
552 625
552 667
552 758
552 800
554 636
554 665
554 763
554 847
557 799
558 624
560 878
562 674
562 985
563 813
563 843
564 915
581 912
585 813
586 907
598 902
598 908
599 908
601 639
610 924
627 915
629 907
630 639
639 680
639 923
639 949
643 795
649 907
651 795
656 795
657 813
657 832
658 832
668 912
672 906
673 916
683 813
702 951
714 813
718 795
723 908
738 915
748 935
750 916
756 813
757 935
758 813
758 912
772 915
777 813
778 832
780 918
781 795
784 832
793 914
795 808
795 917
795 962
798 916
800 951
804 813
813 828
813 835
813 876
813 877
813 878
813 879
817 838
819 915
832 912
832 963
844 957
855 911
855 951
859 912
867 907
869 917
882 957
886 915
887 915
888 924
892 924
902 930
902 935
906 934
911 951
915 949
915 983
915 986
915 990
916 996
917 924
924 974
935 962
941 992
