0 4
0 66
1 4
1 124
2 154
2 155
2 163
2 171
2 218
2 343
2 398
3 126
3 154
3 407
4 5
4 6
4 8
4 9
4 11
4 12
4 14
4 19
4 50
4 87
4 89
4 90
4 116
4 119
4 120
4 127
4 128
4 132
4 135
4 145
4 153
4 154
4 158
4 160
4 163
4 170
4 173
4 178
4 197
4 218
4 227
4 253
4 273
4 279
4 281
4 294
4 298
4 301
4 311
4 322
4 341
4 346
4 373
4 391
4 429
4 430
4 431
4 432
4 433
4 434
4 435
4 436
4 437
4 438
4 439
4 440
4 441
4 442
4 443
4 444
4 445
4 446
4 447
4 448
4 449
4 450
4 451
4 452
4 453
4 454
4 455
4 456
4 457
4 458
5 123
5 166
5 514
6 154
6 216
7 159
7 160
7 216
7 226
7 543
7 562
7 563
8 125
8 154
8 155
8 161
8 171
8 218
9 125
9 155
9 158
9 165
9 216
10 154
10 155
10 159
10 166
11 154
11 230
12 104
12 123
12 216
12 226
14 160
16 124
16 154
17 122
17 218
17 813
18 122
18 216
18 230
18 813
20 833
21 218
23 226
24 230
25 104
25 116
25 343
25 407
25 913
27 123
27 161
28 123
28 159
28 562
28 819
28 913
28 951
29 230
32 216
35 104
35 165
35 917
36 154
36 155
37 114
38 154
40 230
42 941
44 216
44 913
45 123
47 240
48 343
49 234
50 154
51 407
53 165
55 66
55 227
58 114
63 160
64 245
66 455
66 474
66 684
66 795
67 163
67 902
68 230
69 161
70 163
70 514
76 216
83 949
87 104
87 114
87 115
87 116
87 118
88 226
89 122
89 227
90 230
93 563
94 159
94 455
95 114
95 216
95 813
96 343
98 218
98 951
100 216
100 226
101 122
103 165
103 171
104 118
104 137
104 164
104 254
104 744
104 890
106 957
107 227
114 116
114 403
115 172
115 216
115 423
115 610
115 774
115 960
116 131
116 992
118 219
118 226
118 510
119 122
119 123
119 124
119 125
119 126
119 145
119 149
119 150
120 154
121 122
121 163
121 218
121 543
122 153
122 154
122 212
122 460
122 494
122 523
122 525
122 537
122 565
122 634
122 647
122 656
122 669
122 703
122 720
122 756
122 757
123 160
123 276
123 328
123 340
123 406
123 438
123 504
123 549
123 582
123 626
123 667
123 707
123 744
123 766
123 772
123 783
123 799
123 820
123 835
123 861
123 911
123 912
124 184
124 231
124 342
124 409
124 566
124 661
124 817
124 893
124 908
124 915
124 935
124 936
125 155
125 230
125 517
125 527
125 566
125 849
125 922
125 941
126 154
126 224
126 258
126 364
126 468
126 667
126 772
126 919
126 974
127 160
129 154
136 226
138 813
139 154
142 915
145 180
145 245
145 337
145 759
145 965
146 154
149 155
149 156
149 231
149 774
150 154
150 217
150 240
150 293
153 154
153 155
153 158
153 159
153 160
153 161
153 163
153 165
153 166
153 171
154 158
154 159
154 164
154 175
154 190
154 197
154 215
154 216
154 222
154 224
154 228
154 229
154 234
154 236
154 264
154 296
154 298
154 315
154 317
154 338
154 340
154 348
154 351
154 366
154 372
154 373
154 377
154 389
154 396
154 397
154 398
154 407
154 420
154 429
154 430
154 447
154 454
154 459
154 460
154 461
154 462
154 463
154 464
154 465
154 466
154 467
154 468
154 469
154 470
154 471
154 472
154 473
154 474
154 475
154 476
154 477
154 478
154 479
154 480
154 481
154 482
154 483
154 484
154 485
154 486
154 487
154 488
154 489
154 490
154 491
154 492
154 493
154 494
154 495
154 496
154 497
154 498
154 499
154 500
154 501
155 157
155 165
155 220
155 229
155 232
155 295
155 337
155 345
155 431
155 445
155 537
155 579
155 580
155 611
155 614
155 675
155 712
155 713
155 714
155 715
155 716
155 717
155 718
156 158
156 216
156 398
157 166
157 216
157 813
158 161
158 365
158 493
158 496
158 509
158 580
158 719
158 808
158 810
158 813
158 823
158 831
158 832
158 833
158 834
158 835
158 836
159 217
159 228
159 247
159 322
159 397
159 439
159 458
159 470
159 522
159 526
159 541
159 562
159 573
159 625
159 636
159 698
159 771
159 797
159 799
159 818
159 899
159 901
159 902
159 903
160 215
160 240
160 288
160 319
160 349
160 453
160 465
160 507
160 607
160 705
160 736
160 746
160 798
160 840
160 869
160 906
161 167
161 176
161 205
161 293
161 365
161 412
161 414
161 438
161 462
161 471
161 537
161 539
161 547
161 613
161 640
161 720
161 748
161 792
161 849
161 856
161 874
162 907
162 908
163 199
163 207
163 285
163 299
163 342
163 348
163 363
163 421
163 482
163 601
163 657
163 690
163 702
163 706
163 907
163 929
163 930
163 931
164 562
164 563
164 908
165 171
165 222
165 228
165 307
165 345
165 436
165 504
165 517
165 635
165 698
165 712
165 744
165 749
165 751
165 754
165 760
165 800
165 815
165 882
165 942
166 292
166 293
166 412
166 722
166 771
166 914
167 813
167 882
168 902
168 915
169 941
169 957
171 264
171 293
171 635
171 653
171 911
171 951
171 968
172 216
172 226
176 833
179 218
182 906
182 907
186 919
203 226
215 216
215 218
215 226
215 227
215 230
215 234
215 240
215 245
216 224
216 225
216 226
216 235
216 253
216 286
216 337
216 338
216 410
216 441
216 488
216 532
216 543
216 565
216 579
216 580
216 608
216 609
216 621
216 661
216 677
216 684
216 685
216 686
216 687
216 688
216 689
216 690
216 691
216 692
216 693
216 694
216 695
216 696
216 697
216 698
216 699
216 700
216 701
217 234
218 424
218 446
218 586
218 603
218 758
218 759
218 760
220 227
221 343
222 813
222 817
222 819
222 820
222 823
223 240
225 245
226 264
226 296
226 302
226 319
226 369
226 371
226 487
226 656
226 747
226 762
226 881
227 294
227 323
227 598
227 608
227 720
227 865
227 881
227 887
230 279
230 356
230 470
230 662
230 711
230 874
230 913
230 915
230 916
230 917
230 918
230 919
231 913
232 543
233 245
234 265
234 309
234 314
234 339
234 343
234 347
234 351
234 373
234 424
234 472
234 524
234 540
234 620
234 772
234 773
234 824
234 948
236 902
237 819
238 935
239 245
239 343
240 504
240 720
240 806
240 914
245 537
245 707
245 942
253 915
256 915
258 906
263 915
268 824
275 915
276 919
294 824
295 824
297 813
297 918
298 907
298 919
300 813
303 949
314 813
317 916
321 914
329 831
335 949
337 343
338 398
338 543
338 795
342 343
342 831
343 415
343 437
343 459
343 643
343 770
343 876
343 885
343 886
343 913
343 914
345 833
348 824
348 907
348 914
348 915
349 407
349 831
352 820
352 935
352 942
355 906
359 914
362 813
364 823
367 906
370 407
371 824
372 918
390 951
396 942
397 907
398 447
399 455
402 795
403 916
405 813
407 537
407 585
407 788
408 819
436 514
445 823
446 908
455 675
455 852
459 882
460 817
465 907
469 915
490 949
500 908
504 941
504 949
505 831
505 902
505 941
506 820
507 911
513 918
514 600
514 650
514 820
514 865
514 941
521 907
522 957
523 833
527 817
531 813
540 882
542 949
543 621
543 666
544 813
547 911
562 674
562 985
563 813
563 843
564 915
565 831
581 912
585 813
586 907
598 902
598 908
599 908
602 831
625 831
627 915
629 907
639 949
643 795
649 907
651 795
654 833
656 795
657 813
658 831
668 912
672 906
673 916
683 813
684 831
702 951
714 813
718 795
720 833
723 908
730 833
735 882
738 915
743 831
748 935
750 916
756 813
757 935
758 813
758 912
766 824
768 831
772 915
777 813
777 942
780 918
781 795
781 823
793 914
795 808
795 917
795 962
798 916
800 951
804 813
813 828
813 835
813 876
813 877
813 878
813 879
817 838
819 915
832 912
833 886
833 995
844 957
855 911
855 951
859 912
867 907
869 917
882 957
886 915
887 915
902 930
902 935
906 934
911 951
915 949
915 983
915 986
915 990
916 996
917 924
922 942
935 962
941 992
