0 1
0 2
0 3
0 4
0 5
0 6
0 7
0 8
0 9
0 10
0 11
0 12
0 13
0 14
0 15
0 16
0 17
0 18
0 19
0 20
0 21
0 22
0 23
0 24
0 25
0 26
0 27
0 28
0 29
0 30
0 31
0 32
0 33
0 34
0 35
0 36
0 37
0 38
0 39
0 40
0 41
0 42
0 43
0 44
0 45
0 46
0 47
0 48
0 49
0 50
0 51
0 52
0 53
0 54
0 55
0 56
0 57
0 58
0 59
0 60
0 61
0 62
0 63
0 64
0 65
0 66
0 67
0 68
0 69
0 70
0 71
0 72
0 73
0 74
0 75
0 76
0 77
0 78
0 79
0 80
0 81
0 82
0 83
0 84
0 85
0 86
1 2
1 3
1 4
1 7
1 13
1 14
1 15
1 32
1 39
1 46
1 87
1 88
1 89
1 110
1 111
1 119
1 124
1 128
1 131
1 143
1 153
1 157
1 181
1 191
1 196
1 215
1 244
1 261
1 293
1 294
1 295
1 296
1 297
1 298
1 299
1 300
1 301
1 302
1 303
1 304
1 305
1 306
1 307
1 308
1 309
1 310
1 311
1 312
1 313
1 314
1 315
1 316
1 317
1 318
1 319
1 320
1 321
1 322
1 323
1 324
1 325
1 326
1 327
1 328
1 329
1 330
1 331
1 332
1 333
1 334
1 335
1 336
2 7
2 50
2 85
2 121
2 155
2 162
2 163
2 164
2 217
2 218
2 340
2 344
2 370
2 388
2 392
2 393
2 397
3 7
3 78
3 112
3 121
3 404
3 405
3 407
4 6
4 50
4 87
4 145
4 158
4 160
4 163
4 170
4 218
4 436
5 6
5 87
5 121
5 164
5 170
5 340
6 10
6 19
6 52
6 62
6 95
6 105
6 154
6 156
6 185
6 202
6 203
6 212
6 213
6 215
6 216
6 231
6 241
6 303
6 315
6 359
6 402
6 417
6 427
6 441
6 443
6 461
6 503
6 527
6 528
6 529
6 530
6 531
6 532
6 533
6 534
6 535
6 536
7 11
7 14
7 37
7 46
7 48
7 57
7 90
7 152
7 159
7 160
7 215
7 216
7 217
7 220
7 226
7 232
7 244
7 293
7 294
7 302
7 309
7 349
7 350
7 358
7 374
7 385
7 388
7 404
7 459
7 461
7 466
7 501
7 509
7 536
7 537
7 538
7 539
7 540
7 541
7 542
7 543
7 544
7 545
7 546
7 547
7 548
7 549
7 550
7 551
7 552
7 553
7 554
7 555
7 556
7 557
7 558
7 559
7 560
7 561
7 562
7 563
7 564
8 79
8 87
8 125
8 155
8 161
8 217
8 218
8 340
8 561
8 620
9 59
9 125
9 155
9 158
9 165
9 169
9 639
10 155
10 164
10 217
11 87
11 109
11 167
11 537
11 550
12 104
12 121
12 340
14 160
15 560
15 639
15 791
15 798
16 121
16 124
16 404
16 788
17 122
17 218
17 798
18 117
18 122
18 404
19 405
20 344
20 798
20 833
20 888
20 889
20 890
21 218
21 893
22 537
23 555
23 893
24 121
25 80
25 87
25 104
25 407
26 332
26 627
27 161
27 405
27 537
28 72
28 121
28 204
28 560
28 562
28 811
28 819
29 121
30 82
30 559
32 81
34 169
35 104
35 165
35 228
35 890
36 121
36 155
37 114
37 940
39 169
40 780
42 941
43 117
43 228
44 217
47 87
49 234
50 103
50 154
50 483
50 520
50 809
51 407
53 165
54 889
56 237
57 620
58 87
58 114
59 459
59 541
59 605
59 857
59 987
60 87
62 553
63 160
64 170
64 245
65 556
65 890
67 163
67 902
69 161
70 163
70 182
70 405
70 410
70 514
72 89
72 182
72 496
72 565
72 822
75 147
77 920
78 402
78 726
78 794
78 953
79 221
79 268
79 601
80 463
80 479
80 581
81 144
81 156
81 463
82 96
82 221
82 768
83 949
85 214
85 713
85 937
85 997
87 88
87 89
87 90
87 91
87 92
87 93
87 94
87 95
87 96
87 97
87 98
87 99
87 100
87 101
87 102
87 103
87 104
87 105
87 106
87 107
87 108
87 109
87 110
87 111
87 112
87 113
87 114
87 115
87 116
87 117
87 118
88 112
88 537
89 122
89 626
89 627
89 630
89 633
89 634
90 121
91 121
91 537
92 237
92 340
92 777
93 169
93 563
94 811
94 937
95 114
96 940
98 218
99 344
100 537
101 122
103 165
103 829
104 118
104 137
104 164
104 254
104 744
104 890
105 156
105 220
105 849
106 957
107 109
108 639
109 352
109 360
109 631
109 682
109 732
111 879
112 142
112 187
112 684
112 962
112 966
113 340
113 385
113 536
113 618
113 736
113 772
113 874
113 948
114 116
114 403
115 172
115 216
115 423
115 610
115 774
115 960
117 223
117 333
117 632
117 686
118 219
118 226
118 510
119 121
119 122
119 124
119 125
119 143
119 144
119 145
119 147
119 149
119 150
119 152
120 152
120 404
121 122
121 163
121 170
121 184
121 215
121 218
121 219
121 244
121 250
121 261
121 266
121 342
121 396
121 543
121 605
121 607
121 616
121 633
121 649
121 656
121 657
121 658
121 659
121 660
121 661
121 662
121 663
121 664
121 665
121 666
122 153
122 154
122 212
122 460
122 494
122 523
122 525
122 537
122 565
122 634
122 647
122 656
122 669
122 703
122 720
122 756
122 757
123 160
123 340
123 549
123 626
123 912
124 184
124 231
124 342
124 409
124 566
124 661
124 817
124 893
124 908
124 915
124 935
124 936
125 155
125 230
125 517
125 527
125 566
125 849
125 922
125 941
127 160
127 370
127 537
127 946
128 144
129 893
131 393
133 164
135 217
135 548
136 237
136 548
140 344
140 792
143 157
143 201
143 224
143 460
144 293
144 344
144 922
144 998
145 180
145 245
145 337
145 759
145 965
147 217
147 237
147 413
149 155
149 156
149 231
149 774
150 154
150 217
150 240
150 293
152 259
152 719
153 155
153 158
153 160
153 161
153 162
153 163
153 164
153 165
153 167
153 169
153 170
153 204
153 205
153 212
154 158
154 164
154 228
154 234
154 340
154 397
154 407
155 157
155 165
155 220
155 229
155 232
155 295
155 337
155 345
155 431
155 445
155 537
155 579
155 580
155 611
155 614
155 675
155 712
155 713
155 714
155 715
155 716
155 717
155 718
156 158
156 170
156 773
156 777
156 778
157 626
157 814
158 161
158 365
158 493
158 496
158 509
158 580
158 719
158 808
158 810
158 813
158 823
158 831
158 832
158 833
158 834
158 835
158 836
159 217
159 228
159 397
159 562
159 902
159 903
160 215
160 240
160 288
160 319
160 349
160 453
160 465
160 507
160 607
160 705
160 736
160 746
160 798
160 840
160 869
160 906
161 167
161 176
161 205
161 293
161 365
161 412
161 414
161 438
161 462
161 471
161 537
161 539
161 547
161 613
161 640
161 720
161 748
161 792
161 849
161 856
161 874
162 215
162 233
162 339
162 340
162 525
162 769
162 907
162 908
163 199
163 207
163 285
163 299
163 342
163 348
163 363
163 421
163 482
163 601
163 657
163 690
163 702
163 706
163 907
163 929
163 930
163 931
164 168
164 182
164 318
164 466
164 500
164 545
164 562
164 563
164 641
164 674
164 693
164 757
164 780
164 801
164 904
164 908
164 934
165 171
165 222
165 228
165 307
165 345
165 436
165 504
165 517
165 635
165 698
165 712
165 744
165 749
165 751
165 754
165 760
165 800
165 815
165 882
165 942
167 169
167 191
167 219
167 346
167 475
167 628
167 735
167 813
167 882
168 902
169 268
169 374
169 396
169 435
169 565
169 653
169 662
169 738
169 743
169 924
169 941
169 957
170 447
170 587
170 695
170 773
170 886
170 965
173 436
176 537
176 833
178 340
178 557
179 218
179 937
180 550
182 630
182 906
182 907
185 792
189 888
193 554
196 549
200 557
204 340
204 444
204 837
204 895
205 215
205 471
205 699
212 222
212 427
215 217
215 218
215 228
215 234
215 237
215 245
217 222
217 231
217 234
217 371
217 380
217 502
217 565
217 660
217 702
217 703
217 704
217 705
217 706
217 707
217 708
217 709
217 710
217 711
218 424
218 446
218 586
218 603
218 758
218 759
218 760
219 765
220 393
220 780
220 788
221 765
221 811
222 392
222 553
222 817
222 819
222 823
223 537
223 555
224 620
225 245
225 537
228 289
228 295
228 459
228 520
228 615
228 901
229 765
229 904
230 916
230 918
231 920
232 340
232 904
233 245
233 937
234 265
234 309
234 314
234 339
234 343
234 347
234 351
234 373
234 424
234 472
234 524
234 540
234 620
234 772
234 773
234 824
234 948
236 836
236 902
237 252
237 295
237 334
237 505
237 603
237 627
237 632
237 720
237 761
237 791
237 819
237 888
237 923
237 947
237 958
237 969
237 972
238 935
239 245
241 792
245 537
245 707
245 942
247 537
251 405
257 904
258 906
267 537
268 824
270 867
283 954
287 553
289 537
290 886
293 344
293 555
293 639
294 824
294 825
294 826
294 827
294 829
295 824
295 867
296 344
296 946
297 918
297 947
298 888
298 907
301 559
302 370
303 340
303 949
306 931
307 814
309 829
313 798
314 561
317 916
318 392
318 554
320 780
329 831
332 537
332 657
332 860
335 949
336 537
338 344
338 537
338 633
338 791
338 792
339 393
339 778
339 780
339 832
340 347
340 355
340 509
340 538
340 569
340 601
340 613
340 628
340 648
340 659
340 667
340 684
340 719
340 740
340 766
340 856
340 857
340 858
340 859
342 831
343 886
344 413
344 506
344 528
344 635
344 708
344 715
344 791
344 792
344 837
344 901
345 833
346 780
346 825
347 888
347 947
348 778
348 824
348 832
348 907
348 920
348 931
349 405
349 407
349 831
349 867
352 777
352 935
352 942
353 889
354 537
354 889
355 906
357 404
357 943
358 405
361 937
362 436
363 826
364 823
367 559
367 560
367 906
369 549
369 558
370 407
370 475
370 531
370 609
370 866
371 824
371 940
372 388
372 918
374 388
377 558
378 780
378 798
387 626
387 888
388 672
392 436
392 452
392 742
392 873
393 537
396 942
397 504
397 907
400 634
401 559
403 537
403 916
404 862
404 983
405 813
405 838
405 962
407 537
407 585
407 788
408 819
420 537
422 436
423 537
424 888
430 814
431 937
432 626
432 827
434 634
436 514
436 538
436 553
436 631
436 742
436 751
436 774
436 889
436 975
445 558
445 823
446 908
448 879
449 633
454 832
456 792
457 832
460 817
461 553
461 943
464 931
465 907
466 548
466 940
470 826
473 827
475 920
479 537
480 780
482 814
486 548
486 946
489 943
490 537
490 560
490 949
496 954
497 893
498 548
500 908
501 558
503 798
503 940
504 941
504 949
505 831
505 902
505 941
510 780
513 918
514 941
516 557
516 889
521 907
522 903
522 957
523 833
523 958
527 817
537 566
537 626
537 639
537 678
537 706
537 748
537 755
537 766
537 767
537 768
537 769
537 770
542 949
547 836
548 599
549 656
549 954
549 975
550 639
550 765
550 866
550 888
551 555
551 826
552 625
552 667
552 758
552 800
554 636
554 665
554 763
554 847
556 787
556 845
556 896
557 799
558 624
560 878
561 650
561 940
562 674
562 985
563 813
563 843
565 831
565 886
566 904
567 946
571 888
572 888
579 792
580 943
581 912
582 627
583 814
586 907
588 825
596 780
597 798
598 902
598 903
598 908
599 908
600 778
601 639
602 831
606 946
606 958
607 780
608 904
610 826
614 889
614 920
615 920
620 946
625 831
625 890
626 628
626 768
627 789
627 871
627 915
629 888
629 907
630 639
630 689
630 857
633 876
634 745
634 814
635 825
639 680
639 923
639 949
649 907
654 833
656 814
656 888
657 832
658 791
658 831
658 832
667 773
668 773
668 836
668 912
672 827
672 906
673 916
684 831
696 765
696 937
699 920
705 890
710 904
713 937
720 833
720 958
723 908
724 904
730 833
734 888
743 831
745 792
747 958
748 780
748 825
748 935
750 916
755 903
756 879
757 935
758 912
763 931
766 824
768 831
774 943
775 788
776 943
777 813
777 922
777 942
778 832
780 811
780 825
780 918
780 989
781 823
784 832
787 829
788 876
789 827
792 876
798 916
798 943
798 984
798 996
806 836
811 976
813 879
817 838
818 827
819 915
826 958
826 973
827 829
827 954
829 871
832 912
832 963
833 886
833 995
836 947
836 960
844 957
849 954
855 958
859 912
867 868
867 907
867 948
879 890
882 957
886 915
888 924
889 903
889 920
889 948
890 981
902 930
902 935
904 932
906 934
915 949
916 996
922 942
931 988
935 962
941 992
947 972
958 973
958 980
958 994
