0 2
0 6
0 35
0 50
0 70
0 78
0 79
0 81
0 83
0 85
1 2
1 111
1 124
1 153
2 3
2 5
2 7
2 15
2 16
2 18
2 19
2 20
2 22
2 31
2 38
2 50
2 60
2 67
2 85
2 88
2 106
2 119
2 120
2 121
2 130
2 134
2 153
2 154
2 155
2 162
2 163
2 164
2 171
2 174
2 208
2 209
2 215
2 217
2 218
2 219
2 223
2 231
2 250
2 261
2 298
2 302
2 310
2 337
2 338
2 339
2 340
2 341
2 342
2 343
2 344
2 345
2 346
2 347
2 348
2 349
2 350
2 351
2 352
2 353
2 354
2 355
2 356
2 357
2 358
2 359
2 360
2 361
2 362
2 363
2 364
2 365
2 366
2 367
2 368
2 369
2 370
2 371
2 372
2 373
2 374
2 375
2 376
2 377
2 378
2 379
2 380
2 381
2 382
2 383
2 384
2 385
2 386
2 387
2 388
2 389
2 390
2 391
2 392
2 393
2 394
2 395
2 396
2 397
2 398
2 399
2 400
3 78
3 121
3 221
3 404
3 406
3 407
3 410
4 6
4 50
4 120
4 127
4 153
4 160
4 253
5 6
5 120
5 121
5 123
5 148
5 166
5 175
5 221
5 514
6 10
6 19
6 52
6 62
6 95
6 105
6 154
6 156
6 185
6 202
6 203
6 212
6 213
6 215
6 216
6 231
6 241
6 303
6 315
6 359
6 402
6 417
6 427
6 441
6 443
6 461
6 503
6 527
6 528
6 529
6 530
6 531
6 532
6 533
6 534
6 535
6 536
7 152
7 159
7 160
7 385
7 388
7 404
7 539
7 543
7 549
7 550
7 560
7 562
7 563
8 35
8 79
8 125
8 161
8 171
9 120
9 125
9 169
9 639
9 642
10 127
10 153
10 156
10 159
10 166
10 387
11 221
11 550
12 104
12 121
12 123
12 379
12 406
13 534
14 160
15 535
15 560
15 639
15 791
15 798
16 121
16 124
16 404
17 798
17 813
18 106
18 117
18 379
18 394
18 404
18 813
20 175
20 798
20 816
20 833
20 878
20 891
21 893
23 893
23 899
24 121
24 375
24 910
25 104
25 407
26 627
27 123
27 161
28 121
28 123
28 159
28 204
28 560
28 562
28 811
28 819
28 952
28 953
29 121
29 379
30 775
32 81
32 944
32 952
34 169
34 812
35 73
35 77
35 104
35 129
35 165
35 228
35 278
35 338
35 381
35 808
35 890
35 917
35 928
36 121
37 779
38 406
39 169
40 535
41 221
42 941
43 117
43 228
43 945
45 123
47 240
49 106
49 120
50 103
50 154
50 483
50 520
50 809
51 407
52 924
53 153
54 156
55 924
56 237
60 106
62 891
63 160
64 156
67 902
69 161
70 163
70 182
70 405
70 410
70 514
71 945
75 147
78 402
78 726
78 794
78 953
79 221
79 268
79 601
81 144
81 156
81 463
82 221
83 322
83 870
83 925
83 949
85 214
85 713
85 937
85 997
87 104
87 105
87 106
87 107
87 111
87 113
87 117
87 118
88 395
89 221
89 627
89 632
89 633
90 121
91 106
91 121
91 828
92 237
92 777
93 169
93 563
93 642
94 159
94 811
94 937
95 813
96 221
102 175
102 776
103 171
103 829
104 118
104 137
104 164
104 254
104 744
104 890
105 156
105 220
105 849
106 414
106 706
106 855
106 957
106 993
107 109
107 227
107 363
107 612
107 924
108 639
108 793
111 215
111 506
111 725
111 879
113 340
113 385
113 536
113 618
113 736
113 772
113 874
113 948
117 223
117 333
117 632
117 686
118 219
118 226
118 510
119 120
119 121
119 123
119 124
119 125
119 127
119 129
119 141
119 144
119 147
119 148
119 149
119 150
119 152
120 148
120 152
120 154
120 172
120 252
120 262
120 339
120 342
120 386
120 404
120 430
120 445
120 565
120 566
120 567
120 568
120 569
120 570
120 571
120 572
120 573
120 574
120 575
120 576
120 577
120 578
121 122
121 163
121 170
121 184
121 215
121 218
121 219
121 244
121 250
121 261
121 266
121 342
121 396
121 543
121 605
121 607
121 616
121 633
121 649
121 656
121 657
121 658
121 659
121 660
121 661
121 662
121 663
121 664
121 665
121 666
122 153
123 160
123 276
123 328
123 340
123 406
123 438
123 504
123 549
123 582
123 626
123 667
123 707
123 744
123 766
123 772
123 783
123 799
123 820
123 835
123 861
123 911
123 912
124 184
124 231
124 342
124 409
124 566
124 661
124 817
124 893
124 908
124 915
124 935
124 936
125 155
125 230
125 517
125 527
125 566
125 849
125 922
125 941
127 160
127 200
127 353
127 356
127 370
127 537
127 642
127 900
127 945
127 946
128 144
128 891
129 154
129 220
129 551
129 704
129 789
129 893
129 910
131 393
132 837
136 237
138 813
140 792
141 174
141 410
141 414
141 945
142 253
142 915
144 293
144 344
144 922
144 998
147 217
147 237
147 413
148 200
148 442
149 155
149 156
149 231
149 774
150 154
150 217
150 240
150 293
152 259
152 719
153 154
153 155
153 156
153 157
153 158
153 159
153 160
153 161
153 162
153 163
153 164
153 165
153 166
153 167
153 168
153 169
153 170
153 171
153 172
153 173
153 174
153 175
153 176
153 177
153 178
153 179
153 180
153 181
153 182
153 183
153 184
153 185
153 186
153 187
153 188
153 189
153 190
153 191
153 192
153 193
153 194
153 195
153 196
153 197
153 198
153 199
153 200
153 201
153 202
153 203
153 204
153 205
153 206
153 207
153 208
153 209
153 210
153 211
153 212
153 213
153 214
154 159
154 175
154 228
154 407
156 158
156 170
156 177
156 203
156 214
156 215
156 216
156 222
156 294
156 297
156 304
156 313
156 333
156 398
156 420
156 444
156 451
156 463
156 474
156 490
156 567
156 580
156 582
156 608
156 637
156 654
156 657
156 658
156 674
156 731
156 749
156 771
156 772
156 773
156 774
156 775
156 776
156 777
156 778
156 779
157 166
157 381
157 534
157 813
158 161
158 813
158 832
158 833
159 217
159 228
159 247
159 322
159 397
159 439
159 458
159 470
159 522
159 526
159 541
159 562
159 573
159 625
159 636
159 698
159 771
159 797
159 799
159 818
159 899
159 901
159 902
159 903
160 215
160 240
160 288
160 319
160 349
160 453
160 465
160 507
160 607
160 705
160 736
160 746
160 798
160 840
160 869
160 906
161 167
161 176
161 205
161 293
161 365
161 412
161 414
161 438
161 462
161 471
161 537
161 539
161 547
161 613
161 640
161 720
161 748
161 792
161 849
161 856
161 874
162 908
164 562
164 563
164 908
165 171
165 228
165 882
165 942
166 292
166 293
166 412
166 722
166 771
166 914
167 169
167 813
167 882
168 406
168 902
168 915
169 268
169 374
169 396
169 435
169 565
169 653
169 662
169 738
169 743
169 924
169 941
169 957
170 773
170 886
171 264
171 293
171 635
171 653
171 911
171 951
171 968
174 410
175 178
175 207
175 211
175 477
175 505
175 641
175 686
175 693
175 938
176 816
176 833
179 937
180 550
182 221
182 906
184 410
185 792
189 783
196 549
202 394
204 340
204 444
204 837
204 895
208 783
211 284
211 296
211 672
215 221
215 228
215 237
215 240
215 253
216 253
216 410
216 543
219 765
220 393
220 783
221 252
221 343
221 347
221 394
221 474
221 484
221 502
221 604
221 696
221 731
221 765
221 771
221 785
221 794
221 808
221 809
221 810
221 811
221 812
222 392
222 813
222 816
222 817
222 819
222 820
223 240
223 837
227 865
227 887
228 289
228 295
228 459
228 520
228 615
228 901
229 765
230 915
230 916
230 917
232 543
232 924
233 877
233 937
233 938
234 773
234 948
236 902
237 252
237 295
237 334
237 505
237 603
237 627
237 632
237 720
237 761
237 791
237 819
237 888
237 923
237 947
237 958
237 969
237 972
238 935
240 504
240 720
240 806
240 914
241 792
243 383
245 942
253 275
253 317
253 696
253 849
253 915
253 952
256 915
258 906
260 534
262 837
263 915
264 779
266 793
272 953
275 915
283 954
290 886
293 639
294 826
294 827
294 828
294 829
295 865
296 535
296 944
296 945
296 946
297 779
297 797
297 813
297 947
298 924
300 813
301 837
302 370
303 816
303 949
307 385
308 375
308 406
309 829
312 406
313 798
314 383
314 813
317 916
318 392
320 534
321 914
326 945
335 949
338 543
338 633
338 776
338 791
338 792
338 793
338 797
339 393
339 539
339 642
339 832
342 384
342 394
342 812
343 886
343 914
344 791
344 792
344 837
345 812
345 833
347 947
348 832
348 887
348 914
348 915
349 407
349 891
352 777
352 820
352 935
352 942
354 783
355 906
357 404
357 924
359 534
359 914
361 937
362 813
362 938
363 826
364 924
366 410
367 560
367 906
369 549
370 407
370 475
370 531
370 609
370 866
372 388
374 388
375 406
375 470
375 891
378 381
378 798
379 390
379 587
379 703
381 401
383 402
383 500
383 546
383 978
384 466
384 748
384 772
385 529
385 785
387 531
387 626
387 888
387 995
388 672
392 436
392 452
392 742
392 873
393 537
395 447
395 505
395 587
395 760
396 942
402 910
403 899
403 916
404 862
404 983
405 813
406 441
406 497
407 537
407 585
407 788
408 819
410 849
410 887
418 948
431 937
432 827
432 865
432 944
436 514
446 877
446 908
448 879
449 633
449 924
454 832
456 792
457 832
457 887
459 776
459 882
460 817
460 944
467 535
469 915
470 826
471 938
472 793
473 827
486 946
487 899
490 560
490 949
491 924
495 924
496 954
497 893
500 908
503 798
503 878
504 941
504 949
505 902
505 941
505 944
506 820
507 911
514 600
514 650
514 820
514 865
514 941
516 837
516 952
520 776
522 903
522 957
523 833
523 958
526 793
527 817
527 837
528 837
529 938
531 813
537 639
539 542
539 546
539 772
539 849
539 968
540 882
541 887
542 949
543 621
543 666
544 813
547 911
549 656
549 954
549 975
550 639
550 765
550 866
550 888
551 826
560 878
562 674
562 985
563 813
563 843
564 915
565 886
567 946
577 812
578 837
579 792
581 912
582 627
585 813
597 798
598 902
598 903
598 908
599 908
601 639
604 828
606 946
606 958
607 945
610 826
610 877
610 924
620 946
627 789
627 871
627 915
628 948
630 639
632 722
632 874
633 876
639 680
639 923
639 949
642 724
642 828
642 854
643 783
645 887
654 833
655 797
657 813
657 832
657 837
658 791
658 832
667 773
668 773
668 912
672 827
672 906
672 952
673 916
683 813
687 865
691 878
696 765
696 937
702 816
704 837
708 779
713 937
714 813
720 833
720 958
723 908
727 953
729 877
730 833
733 783
735 882
738 915
745 792
747 958
748 935
750 916
752 837
755 903
756 813
756 879
757 935
758 813
758 899
758 912
767 887
772 910
772 915
775 788
775 810
775 849
775 852
775 856
776 943
777 813
777 922
777 942
778 832
780 811
783 892
784 832
787 829
789 827
792 876
793 815
793 816
793 914
795 917
797 976
798 916
798 943
798 984
798 996
804 813
811 976
813 828
813 835
813 876
813 877
813 878
813 879
816 852
816 993
817 838
818 827
819 915
826 958
826 973
827 829
827 954
828 984
829 871
832 912
832 963
833 886
833 995
836 947
837 910
844 957
849 954
855 911
855 958
858 887
859 912
867 948
869 917
877 952
877 987
879 890
882 957
886 915
887 900
887 915
888 924
889 903
889 948
891 953
892 924
902 930
902 935
906 934
911 951
915 949
915 983
915 986
915 990
916 996
917 924
922 942
924 974
935 962
941 992
944 945
947 972
948 973
948 985
958 973
958 980
958 994
