0 1
0 2
0 3
0 4
0 5
0 6
0 7
0 8
0 9
0 10
0 11
0 12
0 13
0 14
0 15
0 16
0 17
0 18
0 19
0 20
0 21
0 22
0 23
0 24
0 25
0 26
0 27
0 28
0 29
0 30
0 31
0 32
0 33
0 34
0 35
0 36
0 37
0 38
0 39
0 40
0 41
0 42
0 43
0 44
0 45
0 46
0 47
0 48
0 49
0 50
0 51
0 52
0 53
0 54
0 55
0 56
0 57
0 58
0 59
0 60
0 61
0 62
0 63
0 64
0 65
0 66
0 67
0 68
0 69
0 70
0 71
0 72
0 73
0 74
0 75
0 76
0 77
0 78
0 79
0 80
0 81
0 82
0 83
0 84
0 85
0 86
1 2
1 3
1 4
1 7
1 13
1 14
1 15
1 32
1 39
1 46
1 87
1 88
1 89
1 110
1 111
1 119
1 124
1 128
1 131
1 143
1 153
1 157
1 181
1 191
1 196
1 215
1 244
1 261
1 293
1 294
1 295
1 296
1 297
1 298
1 299
1 300
1 301
1 302
1 303
1 304
1 305
1 306
1 307
1 308
1 309
1 310
1 311
1 312
1 313
1 314
1 315
1 316
1 317
1 318
1 319
1 320
1 321
1 322
1 323
1 324
1 325
1 326
1 327
1 328
1 329
1 330
1 331
1 332
1 333
1 334
1 335
1 336
2 50
2 85
2 120
2 121
2 154
2 155
2 162
2 163
2 164
2 215
2 340
2 370
2 375
2 381
2 385
2 386
2 387
2 394
3 62
3 78
3 121
3 154
3 215
3 221
3 401
3 404
3 405
3 406
3 407
4 50
4 120
4 145
4 154
4 160
4 163
4 227
5 110
5 120
5 121
5 148
5 164
5 166
5 175
5 221
5 340
6 62
6 105
6 154
6 156
6 215
6 529
7 152
7 159
7 160
7 215
7 385
7 404
7 539
7 543
7 545
7 550
7 553
7 559
7 560
7 563
8 125
8 154
8 155
8 161
8 215
8 340
9 59
9 120
9 125
9 155
9 165
9 169
9 215
9 401
9 545
9 638
9 639
10 154
10 155
10 156
10 159
10 164
10 166
10 387
10 401
10 529
11 109
11 154
11 167
11 221
11 550
12 104
12 121
12 215
12 340
12 406
13 215
14 160
15 560
15 639
15 798
16 121
16 124
16 154
16 404
17 798
17 813
18 394
18 404
18 813
19 405
19 638
20 175
20 798
20 816
20 833
20 878
20 888
20 890
20 891
20 892
21 215
21 893
22 215
23 893
23 899
24 121
24 375
24 910
25 80
25 104
25 407
26 627
27 161
27 405
28 72
28 121
28 159
28 204
28 560
28 811
28 819
28 952
29 121
30 559
30 775
31 401
32 81
32 215
32 952
34 169
34 812
35 104
35 129
35 165
35 381
35 890
36 121
36 154
36 155
36 818
37 779
38 154
38 406
38 905
39 169
41 221
42 215
42 941
47 240
49 120
50 103
50 154
50 483
50 520
50 809
51 407
53 165
53 215
54 156
55 227
59 459
59 541
59 605
59 857
59 987
62 68
62 463
62 553
62 641
62 891
62 892
63 160
64 156
64 245
65 890
67 163
67 902
69 161
70 163
70 405
72 89
72 182
72 496
72 565
72 822
78 402
78 726
78 794
78 953
79 221
80 463
80 479
80 581
81 144
81 156
81 463
82 221
83 949
85 214
85 713
85 937
85 997
87 99
87 104
87 105
87 107
87 108
87 109
87 110
87 111
87 113
87 118
88 215
89 215
89 221
89 227
89 626
89 627
89 629
89 630
89 633
90 121
90 401
91 121
91 828
92 215
92 340
93 169
93 238
93 563
94 159
94 811
94 937
95 813
96 221
98 901
99 131
99 215
99 248
99 337
99 344
99 624
99 638
99 743
102 175
102 776
103 165
103 829
104 118
104 137
104 164
104 254
104 744
104 890
105 156
105 220
105 849
106 957
107 109
107 227
107 363
107 612
107 924
108 238
108 639
108 766
108 793
109 352
109 360
109 631
109 682
109 732
110 261
110 835
110 905
111 215
111 506
111 725
111 879
113 340
113 385
113 536
113 618
113 736
113 772
113 874
113 948
118 219
118 226
118 510
119 120
119 121
119 124
119 125
119 129
119 143
119 144
119 145
119 148
119 149
119 150
119 152
120 148
120 152
120 154
120 172
120 252
120 262
120 339
120 342
120 386
120 404
120 430
120 445
120 565
120 566
120 567
120 568
120 569
120 570
120 571
120 572
120 573
120 574
120 575
120 576
120 577
120 578
121 122
121 163
121 170
121 184
121 215
121 218
121 219
121 244
121 250
121 261
121 266
121 342
121 396
121 543
121 605
121 607
121 616
121 633
121 649
121 656
121 657
121 658
121 659
121 660
121 661
121 662
121 663
121 664
121 665
121 666
122 154
123 160
123 340
123 406
123 626
123 783
123 912
124 184
124 231
124 342
124 409
124 566
124 661
124 817
124 893
124 908
124 915
124 935
124 936
125 155
125 230
125 517
125 527
125 566
125 849
125 922
125 941
126 154
127 160
127 370
128 144
128 891
129 154
129 220
129 551
129 704
129 789
129 893
129 910
132 837
133 164
138 813
139 154
140 792
142 915
143 157
143 201
143 224
143 460
144 293
144 344
144 922
144 998
145 180
145 245
145 337
145 759
145 965
146 154
148 200
148 442
149 155
149 156
149 231
149 774
150 154
150 217
150 240
150 293
152 259
152 719
153 154
153 155
153 156
153 159
153 160
153 161
153 162
153 163
153 164
153 165
153 166
153 167
153 169
153 175
153 204
153 211
154 158
154 159
154 164
154 175
154 190
154 197
154 215
154 216
154 222
154 224
154 228
154 229
154 234
154 236
154 264
154 296
154 298
154 315
154 317
154 338
154 340
154 348
154 351
154 366
154 372
154 373
154 377
154 389
154 396
154 397
154 398
154 407
154 420
154 429
154 430
154 447
154 454
154 459
154 460
154 461
154 462
154 463
154 464
154 465
154 466
154 467
154 468
154 469
154 470
154 471
154 472
154 473
154 474
154 475
154 476
154 477
154 478
154 479
154 480
154 481
154 482
154 483
154 484
154 485
154 486
154 487
154 488
154 489
154 490
154 491
154 492
154 493
154 494
154 495
154 496
154 497
154 498
154 499
154 500
154 501
155 157
155 165
155 220
155 229
155 232
155 295
155 337
155 345
155 431
155 445
155 537
155 579
155 580
155 611
155 614
155 675
155 712
155 713
155 714
155 715
155 716
155 717
155 718
156 158
156 170
156 177
156 203
156 214
156 215
156 216
156 222
156 294
156 297
156 304
156 313
156 333
156 398
156 420
156 444
156 451
156 463
156 474
156 490
156 567
156 580
156 582
156 608
156 637
156 654
156 657
156 658
156 674
156 731
156 749
156 771
156 772
156 773
156 774
156 775
156 776
156 777
156 778
156 779
157 166
157 381
157 626
157 813
158 161
158 813
158 832
158 833
159 217
159 228
159 247
159 322
159 397
159 439
159 458
159 470
159 522
159 526
159 541
159 562
159 573
159 625
159 636
159 698
159 771
159 797
159 799
159 818
159 899
159 901
159 902
159 903
160 215
160 240
160 288
160 319
160 349
160 453
160 465
160 507
160 607
160 705
160 736
160 746
160 798
160 840
160 869
160 906
161 167
161 176
161 205
161 293
161 365
161 412
161 414
161 438
161 462
161 471
161 537
161 539
161 547
161 613
161 640
161 720
161 748
161 792
161 849
161 856
161 874
162 215
162 233
162 339
162 340
162 525
162 769
162 907
162 908
163 199
163 207
163 285
163 299
163 342
163 348
163 363
163 421
163 482
163 601
163 657
163 690
163 702
163 706
163 907
163 929
163 930
163 931
164 168
164 182
164 318
164 466
164 500
164 545
164 562
164 563
164 641
164 674
164 693
164 757
164 780
164 801
164 904
164 908
164 934
165 171
165 222
165 228
165 307
165 345
165 436
165 504
165 517
165 635
165 698
165 712
165 744
165 749
165 751
165 754
165 760
165 800
165 815
165 882
165 942
166 292
166 293
166 412
166 722
166 771
166 914
167 169
167 191
167 219
167 346
167 475
167 628
167 735
167 813
167 882
168 406
168 638
168 902
168 915
169 268
169 374
169 396
169 435
169 565
169 653
169 662
169 738
169 743
169 924
169 941
169 957
170 773
170 886
175 178
175 207
175 211
175 477
175 505
175 641
175 686
175 693
175 938
176 816
176 833
178 340
179 937
180 550
182 221
182 630
182 906
185 792
189 215
189 783
189 888
193 215
195 215
202 394
204 340
204 444
204 837
204 895
205 215
208 783
211 284
211 296
211 672
215 216
215 217
215 218
215 219
215 220
215 221
215 222
215 223
215 224
215 225
215 226
215 227
215 228
215 229
215 230
215 231
215 232
215 233
215 234
215 235
215 236
215 237
215 238
215 239
215 240
215 241
215 242
215 243
215 244
215 245
215 246
215 247
215 248
215 249
215 250
215 251
215 252
215 253
215 254
215 255
215 256
215 257
215 258
215 259
215 260
215 261
215 262
215 263
215 264
215 265
215 266
215 267
215 268
215 269
215 270
215 271
215 272
215 273
215 274
215 275
215 276
215 277
215 278
215 279
215 280
215 281
215 282
215 283
215 284
215 285
215 286
215 287
215 288
215 289
215 290
215 291
215 292
216 543
219 765
220 227
220 783
221 252
221 343
221 347
221 394
221 474
221 484
221 502
221 604
221 696
221 731
221 765
221 771
221 785
221 794
221 808
221 809
221 810
221 811
221 812
222 553
222 813
222 816
222 817
222 818
222 819
223 240
223 837
225 245
226 881
227 294
227 323
227 598
227 608
227 720
227 865
227 881
227 887
228 901
229 765
229 904
229 905
230 915
230 916
232 340
232 543
232 904
233 245
233 877
233 937
233 938
234 773
234 948
236 902
237 627
237 819
237 888
238 259
238 338
238 341
238 401
238 670
238 935
238 968
239 245
240 504
240 720
240 806
240 914
241 386
241 792
245 537
245 707
245 942
251 405
253 915
253 952
256 915
257 904
258 906
262 837
263 915
264 779
266 793
275 915
283 954
287 553
290 886
293 401
293 545
293 639
294 827
294 828
294 829
295 865
297 779
297 797
297 813
298 529
298 888
300 813
301 559
301 837
302 370
303 340
303 638
303 816
303 949
306 931
307 385
308 375
308 406
309 829
312 406
313 798
314 813
317 916
321 914
329 901
333 629
335 949
338 543
338 633
338 776
338 792
338 793
338 797
339 539
339 778
339 832
340 347
340 355
340 509
340 538
340 569
340 601
340 613
340 628
340 648
340 659
340 667
340 684
340 719
340 740
340 766
340 856
340 857
340 858
340 859
342 394
342 812
343 886
343 914
344 792
344 837
344 901
345 812
345 833
347 888
348 778
348 832
348 914
348 915
348 931
349 405
349 407
349 891
352 935
352 942
353 545
353 901
354 783
355 818
355 905
355 906
357 404
358 405
359 914
361 937
362 813
362 938
367 559
367 560
367 906
370 407
370 475
370 531
370 609
370 866
375 406
375 470
375 891
378 381
378 798
381 401
385 529
385 785
386 523
386 572
386 750
386 982
387 531
387 626
387 888
387 995
396 942
401 559
401 673
401 932
402 881
402 910
403 899
403 916
404 862
404 983
405 813
405 838
405 962
406 441
406 497
407 537
407 585
407 788
408 819
418 948
422 529
424 888
431 937
432 626
432 827
432 865
436 553
446 877
449 633
454 832
456 792
457 832
459 776
460 817
461 553
464 931
465 881
469 915
471 938
472 793
473 827
487 899
490 560
490 949
496 954
497 893
503 798
503 878
504 941
504 949
505 902
505 941
514 865
514 941
516 837
516 952
520 776
522 903
522 957
523 833
526 793
527 817
527 837
528 529
528 837
529 656
529 665
529 672
529 673
529 683
529 736
529 938
531 813
537 626
537 639
539 542
539 546
539 772
539 849
539 968
541 629
542 949
543 621
543 666
544 813
545 822
549 954
550 639
550 765
550 866
550 888
560 878
563 813
563 843
564 915
565 886
566 904
571 629
571 888
572 888
577 812
578 837
579 792
581 912
582 627
585 813
585 818
597 798
598 902
598 903
600 778
601 639
602 905
604 828
608 904
610 877
625 890
626 628
626 768
627 789
627 871
627 915
628 948
629 888
629 907
630 639
630 689
630 857
633 876
638 671
639 680
639 923
639 949
642 828
643 783
654 833
654 901
655 797
656 888
657 813
657 832
657 837
658 832
667 773
668 773
668 912
672 827
672 906
672 952
673 916
683 813
687 865
691 878
696 765
696 937
702 816
704 837
705 890
707 881
708 779
710 904
713 937
714 813
720 833
724 904
729 877
730 833
733 783
734 888
738 915
745 792
748 935
749 892
750 916
752 837
755 903
756 813
757 935
758 813
758 899
758 912
759 881
763 931
772 910
772 915
775 788
775 810
775 849
775 852
775 856
776 943
777 813
777 942
778 832
780 811
782 905
783 892
784 832
787 829
789 827
792 876
793 815
793 816
793 914
797 976
798 916
798 943
798 984
798 996
804 813
811 976
813 828
813 835
813 876
813 877
813 878
813 879
816 852
816 993
817 838
818 827
819 915
827 829
827 954
828 984
829 871
832 912
832 963
833 886
833 995
837 910
843 881
844 957
849 905
849 954
859 912
867 948
877 952
877 987
879 890
882 957
886 915
887 915
888 924
889 903
889 948
890 981
891 953
892 924
902 930
902 935
904 932
906 934
915 949
915 983
915 986
915 990
916 996
922 942
931 988
935 962
941 992
948 973
948 985
