1 124
2 155
6 527
8 125
8 155
9 125
9 155
9 165
10 155
11 527
16 124
28 819
35 165
36 155
41 527
42 941
53 165
83 949
89 527
103 165
119 124
119 125
119 149
124 184
124 231
124 342
124 409
124 566
124 661
124 817
124 893
124 908
124 915
124 935
124 936
125 155
125 230
125 517
125 527
125 566
125 849
125 922
125 941
142 915
149 155
149 156
149 231
149 774
153 155
153 165
155 157
155 165
155 220
155 229
155 232
155 295
155 337
155 345
155 431
155 445
155 537
155 579
155 580
155 611
155 614
155 675
155 712
155 713
155 714
155 715
155 716
155 717
155 718
162 908
164 908
165 171
165 222
165 228
165 307
165 345
165 436
165 504
165 517
165 635
165 698
165 712
165 744
165 749
165 751
165 754
165 760
165 800
165 815
165 882
165 942
168 915
169 941
222 817
222 819
230 915
237 819
238 935
245 942
253 915
256 915
263 915
275 915
303 949
331 527
335 949
348 915
352 935
352 942
396 942
408 819
446 908
460 817
469 915
490 949
500 908
504 941
504 949
505 941
514 941
527 580
527 697
527 817
527 837
527 884
527 962
542 949
564 915
598 908
599 908
627 915
639 949
723 908
738 915
748 935
757 935
772 915
777 942
817 838
819 915
886 915
887 915
902 935
915 949
915 983
915 986
915 990
922 942
935 962
941 992
