0 12
0 18
1 312
7 612
8 18
12 18
12 35
12 38
12 42
12 76
12 83
12 90
12 150
12 154
12 156
12 158
12 184
12 205
12 262
12 275
12 310
12 335
12 344
12 362
18 32
18 52
18 180
18 225
18 312
18 329
18 431
18 465
18 595
18 784
18 810
18 833
18 848
18 893
18 914
18 937
18 938
18 939
22 660
42 991
72 660
74 312
87 917
99 991
104 612
152 312
218 917
246 312
260 612
274 312
312 375
312 418
312 480
312 493
312 528
312 675
312 679
312 888
312 917
317 612
380 917
426 660
437 660
557 937
600 937
606 937
612 660
612 917
679 991
707 991
761 917
893 937
917 991
