1 150
4 150
5 150
6 150
12 150
13 150
15 150
56 647
65 150
70 139
71 647
72 150
75 150
78 150
79 150
84 139
93 150
94 150
123 150
128 139
139 265
139 527
139 996
149 150
150 153
150 156
150 158
150 159
150 162
150 166
150 190
150 203
150 217
150 226
150 244
150 260
150 269
150 281
150 285
150 301
150 304
150 306
150 311
150 313
150 317
150 336
150 348
150 350
150 370
150 381
150 391
150 396
150 397
150 411
150 417
150 419
150 423
150 427
150 429
150 430
150 431
150 477
150 481
150 492
150 495
150 502
150 517
150 518
150 519
150 520
150 521
150 522
150 523
150 524
150 525
150 526
150 527
150 528
150 529
150 530
150 531
150 532
150 533
150 534
150 535
150 536
150 537
150 538
150 539
150 540
150 541
150 542
150 543
150 544
161 527
186 527
260 527
492 647
522 527
527 647
527 726
647 728
