0 7
0 58
0 61
1 7
7 9
7 14
7 23
7 25
7 28
7 30
7 33
7 49
7 70
7 72
7 73
7 74
7 75
7 77
7 79
7 80
7 82
7 84
7 90
7 107
7 110
7 112
7 120
7 149
7 152
7 160
7 161
7 168
7 171
7 176
7 184
7 192
7 193
7 196
7 205
7 207
7 210
7 225
7 237
7 254
7 259
7 260
7 262
7 264
7 266
7 267
7 273
7 289
7 300
7 301
7 302
7 303
7 308
7 327
7 345
7 349
7 357
7 360
7 370
7 374
7 375
7 383
7 397
7 407
7 409
7 413
7 417
7 419
7 429
7 431
7 434
7 436
7 447
7 463
7 464
7 478
7 480
7 485
7 606
58 61
58 304
58 589
58 606
58 884
58 923
61 137
61 153
61 722
61 790
88 884
154 606
175 606
279 884
301 606
428 884
570 884
606 792
606 937
