0 28
1 150
4 75
4 150
4 157
5 150
6 150
7 28
7 75
8 157
12 150
13 150
15 150
16 769
22 28
28 75
28 584
28 909
28 922
44 75
65 150
70 75
72 150
74 769
75 84
75 87
75 116
75 149
75 150
75 157
75 209
75 361
75 448
75 462
75 466
75 481
75 521
75 573
75 662
75 684
75 705
75 727
75 769
75 774
75 775
75 776
78 150
79 150
93 150
94 150
123 150
149 150
149 157
150 153
150 156
150 158
150 159
150 162
150 166
150 190
150 203
150 217
150 226
150 244
150 260
150 269
150 281
150 285
150 301
150 304
150 306
150 311
150 313
150 317
150 336
150 348
150 350
150 370
150 381
150 391
150 396
150 397
150 411
150 417
150 419
150 423
150 427
157 238
157 269
157 328
157 487
157 521
157 615
157 736
157 748
157 887
157 899
291 769
602 769
