0 37
4 442
5 506
7 574
8 442
9 713
37 70
37 106
37 278
37 395
37 480
43 292
72 652
73 506
79 292
80 652
83 574
84 713
110 713
113 574
116 506
160 442
190 574
193 574
203 250
204 574
213 652
218 278
237 292
250 278
250 432
250 460
250 923
259 278
259 292
260 278
260 442
278 292
278 442
278 506
278 574
278 652
278 713
303 652
318 574
424 713
442 620
442 762
442 886
442 919
453 652
506 518
506 672
506 701
506 836
506 871
506 925
531 652
532 574
539 574
546 574
547 652
555 713
574 678
574 842
574 966
574 981
574 982
628 713
652 723
652 961
713 851
