2 375
4 427
7 375
7 594
7 615
8 427
8 594
15 427
20 696
63 375
71 427
76 427
76 695
84 615
95 695
99 594
100 427
141 427
150 427
151 427
152 375
157 615
171 375
181 427
227 594
236 615
241 375
260 427
262 695
276 696
281 696
293 594
298 375
300 427
301 427
308 427
308 695
312 375
331 375
347 696
375 398
375 427
375 446
375 501
375 559
375 563
375 752
375 813
375 853
375 866
375 942
375 963
375 964
386 594
427 594
427 600
427 615
427 671
427 691
427 695
427 696
427 697
427 698
427 699
427 700
427 701
427 702
427 703
428 594
429 698
430 698
514 698
590 698
605 698
695 923
695 978
696 736
696 916
696 933
696 969
698 928
