1 313
2 400
3 419
4 400
4 459
5 459
6 548
7 419
7 609
8 609
16 609
27 419
27 839
32 313
69 933
71 313
73 313
73 548
88 313
90 548
97 548
106 459
149 186
150 313
150 419
186 213
186 455
186 527
186 914
186 924
186 933
215 839
303 839
313 370
313 677
313 788
313 790
313 932
313 933
355 609
360 933
400 449
400 733
400 875
400 933
417 548
419 429
419 933
429 839
437 548
446 548
459 733
459 789
459 933
469 933
548 841
548 848
548 933
565 609
609 735
609 933
696 933
839 867
839 907
839 933
877 933
883 933
