0 10
0 14
0 17
0 28
0 33
0 42
0 44
1 14
1 70
1 80
1 82
1 132
1 332
1 334
1 352
1 353
1 365
2 10
2 70
2 103
2 109
2 378
2 380
2 395
2 403
2 405
2 406
2 414
3 70
3 125
3 417
4 75
4 91
4 112
4 145
4 147
4 157
4 435
4 448
4 462
4 465
4 466
5 14
5 70
5 80
5 96
5 99
5 106
5 127
5 144
5 405
5 462
5 479
5 486
5 494
6 92
6 140
6 378
6 417
6 551
6 552
6 553
6 558
6 559
6 562
6 564
7 14
7 28
7 33
7 70
7 75
7 79
7 80
7 82
7 107
7 110
7 112
7 120
7 225
7 417
7 586
7 592
7 607
7 621
7 629
8 79
8 157
8 272
8 395
8 435
8 564
8 684
9 715
10 70
10 72
10 85
10 167
10 203
10 234
10 406
10 418
10 564
10 586
10 587
10 675
10 719
10 720
10 721
10 722
10 723
10 724
11 272
11 365
12 42
12 76
12 365
12 747
13 286
13 334
14 211
14 224
14 259
14 314
14 484
14 857
15 562
15 877
16 352
16 448
16 553
16 558
16 769
17 76
17 83
17 111
17 318
17 418
17 429
17 441
17 808
17 936
18 225
18 465
19 108
19 417
21 120
22 28
23 232
24 82
24 145
24 406
24 544
25 104
27 862
28 75
28 584
28 909
28 922
29 722
30 494
32 559
33 78
33 80
33 220
33 480
33 719
33 966
37 70
37 106
37 395
38 99
39 76
39 479
42 70
42 325
42 556
42 708
42 940
42 991
43 292
44 75
44 311
44 480
44 585
44 700
44 744
44 935
48 92
49 621
53 99
53 572
53 621
59 353
60 88
61 137
61 722
63 109
63 562
65 131
65 380
70 71
70 72
70 73
70 74
70 75
70 76
70 77
70 78
70 79
70 80
70 81
70 82
70 83
70 84
70 85
70 86
70 87
70 88
70 89
70 90
70 91
70 92
70 93
70 94
70 95
70 96
70 97
70 98
70 99
70 100
70 101
70 102
70 103
70 104
70 105
70 106
70 107
70 108
70 109
70 110
70 111
70 112
70 113
70 114
70 115
70 116
70 117
70 118
70 119
70 120
70 121
70 122
70 123
70 124
70 125
70 126
70 127
70 128
70 129
70 130
70 131
70 132
70 133
70 134
70 135
70 136
70 137
70 138
70 139
70 140
70 141
70 142
70 143
70 144
70 145
70 146
70 147
70 148
71 82
71 102
71 332
71 380
71 553
71 573
71 637
71 651
72 91
72 93
72 126
72 130
72 167
72 242
72 272
72 378
72 652
72 662
73 92
73 406
73 586
74 80
74 93
74 110
74 332
74 769
75 84
75 87
75 116
75 149
75 150
75 157
75 209
75 361
75 448
75 462
75 466
75 481
75 521
75 573
75 662
75 684
75 705
75 727
75 769
75 774
75 775
75 776
76 83
76 187
76 203
76 207
76 261
76 300
76 427
76 479
76 494
76 495
76 584
76 651
76 676
76 695
76 788
76 789
77 91
77 332
77 562
77 753
78 138
78 831
79 115
79 149
79 150
79 176
79 184
79 272
79 292
79 308
79 353
79 378
79 404
79 483
79 486
79 544
79 590
79 621
79 703
79 747
79 833
79 834
79 835
79 836
80 83
80 90
80 164
80 165
80 183
80 215
80 256
80 309
80 380
80 403
80 434
80 551
80 552
80 572
80 592
80 652
80 761
80 857
80 860
80 861
80 862
81 149
81 164
81 207
81 261
81 517
81 828
82 98
82 208
82 229
82 336
82 525
82 697
82 729
82 735
82 833
83 88
83 573
83 629
83 703
84 97
84 139
86 88
86 167
86 209
86 831
87 106
88 90
88 174
88 276
88 313
88 582
88 608
88 856
88 884
88 954
88 955
89 130
89 131
89 395
89 724
89 953
91 203
91 217
91 366
91 393
91 533
91 854
91 973
91 974
92 155
92 373
92 386
92 460
92 510
92 611
92 667
92 962
92 971
93 150
93 269
93 274
93 656
93 788
93 837
93 864
93 903
94 103
95 102
95 109
95 553
95 695
95 761
96 173
96 232
96 365
96 430
96 435
96 484
96 556
96 655
96 666
96 727
96 859
96 878
96 925
96 958
97 164
97 316
97 548
97 686
97 885
97 974
98 110
99 169
99 227
99 260
99 314
99 316
99 352
99 537
99 594
99 674
99 991
100 124
100 427
100 438
100 447
100 468
100 525
100 585
100 618
100 758
101 203
101 322
101 434
101 438
101 682
101 765
101 952
102 266
102 308
103 170
103 418
103 509
103 526
103 668
103 740
103 927
104 122
104 156
104 259
104 425
104 491
104 612
104 732
104 935
105 125
106 215
106 428
106 459
106 845
106 997
107 349
107 441
107 589
107 605
107 623
107 705
107 926
107 974
108 234
108 388
108 497
108 584
108 708
108 868
108 919
109 111
109 142
109 303
109 525
109 568
109 655
109 812
109 852
109 956
109 981
110 203
110 224
110 345
110 498
110 503
110 713
110 826
110 911
110 925
112 207
112 243
112 311
113 119
113 261
113 514
113 574
113 733
113 775
113 979
114 205
114 387
114 481
114 891
114 903
117 200
117 216
117 266
117 300
117 408
117 725
118 136
119 861
120 184
120 188
120 212
120 237
120 638
120 786
120 808
120 994
121 140
121 761
123 150
123 343
123 426
123 641
123 849
123 882
123 903
125 240
125 259
125 627
125 679
125 822
125 973
126 428
126 439
126 523
127 204
127 315
127 517
127 577
127 622
127 836
127 989
128 139
129 166
129 536
129 726
129 922
130 207
130 811
131 160
131 391
131 550
132 348
132 485
132 676
133 204
133 309
133 404
133 450
134 421
134 438
134 480
134 871
134 883
135 218
135 598
135 668
135 801
136 152
136 752
136 824
137 361
137 516
137 575
137 640
137 760
137 845
138 452
138 723
138 959
139 265
139 527
139 996
140 177
140 192
141 144
141 479
142 242
143 436
143 478
143 561
143 736
144 261
144 949
145 532
145 959
146 204
146 300
146 425
146 802
147 264
147 664
147 793
148 149
148 239
148 431
148 503
149 157
149 165
149 167
149 183
150 417
150 537
150 544
151 479
151 537
151 776
152 720
155 486
156 586
156 753
156 860
157 238
157 269
157 328
157 487
157 521
157 615
157 736
157 748
157 887
157 899
160 720
161 479
161 774
163 403
165 265
165 428
165 824
165 899
165 934
167 206
167 473
167 671
167 880
167 932
167 949
168 651
171 225
172 537
173 562
176 774
180 448
183 404
183 428
183 520
183 668
183 688
183 850
187 479
197 662
197 774
201 637
202 551
203 209
203 214
203 225
203 232
203 242
203 256
204 572
204 573
204 579
205 214
205 479
205 572
206 564
207 865
208 761
209 242
209 262
209 263
209 274
209 276
209 414
209 417
209 498
209 533
209 536
209 585
209 607
209 675
209 873
209 926
209 927
209 928
213 652
214 287
214 300
214 479
214 777
214 796
214 809
214 810
214 891
215 378
218 417
220 857
222 242
224 272
225 603
225 761
225 784
225 793
228 953
232 260
232 878
232 951
234 406
235 352
236 834
237 292
240 747
240 857
242 430
242 972
243 435
246 486
253 834
256 604
256 890
256 956
259 272
259 286
259 292
260 479
260 552
261 592
261 724
262 486
262 651
262 695
262 747
263 761
266 592
266 774
266 861
267 746
270 607
272 387
272 504
272 561
272 579
272 590
272 681
272 799
272 835
272 984
274 776
277 403
277 417
278 292
278 652
279 494
282 857
286 372
286 435
286 549
291 769
293 414
296 703
297 865
298 414
300 334
300 746
301 753
302 715
303 380
303 652
305 572
305 607
308 695
309 720
314 435
314 552
314 761
316 720
316 877
327 486
329 862
332 479
332 596
332 642
332 792
334 591
334 688
334 761
334 972
337 877
338 558
343 776
346 651
348 378
348 465
352 741
353 449
353 590
353 879
353 888
353 909
355 831
359 551
362 684
365 480
371 405
373 684
373 857
374 380
374 544
374 551
374 607
375 559
378 649
378 773
378 944
378 946
378 970
379 435
379 789
380 404
380 438
380 445
380 487
380 540
380 598
380 682
380 727
380 917
382 857
382 860
383 435
383 448
389 579
389 865
393 953
394 414
394 559
394 662
395 435
396 551
400 875
403 484
405 755
405 761
405 764
405 843
406 786
407 629
416 958
417 465
417 548
417 575
417 587
417 653
417 753
417 859
422 875
423 928
427 695
427 703
428 564
428 747
429 684
430 435
430 494
431 857
435 523
435 584
435 629
435 715
435 877
435 953
436 774
438 466
439 592
440 537
448 461
448 464
448 608
448 902
448 914
448 918
448 999
451 861
453 652
455 958
457 860
458 746
459 789
460 761
461 928
462 712
462 730
465 734
465 773
466 869
466 916
479 558
479 562
479 584
479 637
479 746
479 801
479 825
479 875
483 761
483 834
486 534
486 666
486 733
495 573
496 629
500 572
512 877
517 637
517 857
519 573
520 715
523 573
524 746
524 753
526 860
526 862
531 652
531 722
532 572
540 834
543 722
544 678
546 586
546 958
547 652
550 774
550 789
551 635
551 855
551 873
551 874
551 954
552 727
553 761
553 894
557 860
558 560
558 595
558 858
559 857
564 952
570 720
571 572
572 584
572 587
572 654
572 737
572 845
572 945
573 772
579 582
579 710
584 703
584 865
586 678
590 834
593 857
599 747
600 774
602 769
610 715
613 637
613 953
617 877
621 744
621 988
621 996
637 736
637 740
637 777
637 988
652 723
652 961
653 958
662 719
676 861
684 721
695 923
695 978
697 834
698 928
699 857
703 908
715 821
716 774
720 830
722 725
722 825
724 736
724 971
725 875
726 958
728 776
730 789
733 747
747 809
747 817
747 946
748 761
761 831
761 868
761 902
761 917
776 804
778 877
781 875
792 857
807 877
831 962
856 928
857 865
857 947
862 872
877 933
