0 9
0 14
0 18
0 22
0 33
0 37
0 38
0 44
0 47
0 49
1 9
1 14
1 22
1 77
1 235
1 312
1 314
1 321
1 322
1 326
1 333
1 339
1 344
1 357
1 361
1 365
2 121
2 377
2 381
2 387
2 407
3 377
4 9
4 77
4 91
4 159
4 172
4 198
4 321
4 430
4 431
4 433
4 439
4 444
4 445
4 458
4 476
5 14
5 280
5 480
5 485
5 489
5 493
5 494
5 497
5 505
5 511
6 77
6 152
6 377
6 529
6 549
6 552
6 562
7 9
7 14
7 33
7 49
7 77
7 152
7 168
7 357
7 407
7 431
7 480
7 485
7 523
7 591
7 592
7 595
7 596
7 603
7 604
7 628
7 633
7 634
8 18
8 22
8 152
8 298
8 339
8 688
9 11
9 74
9 122
9 159
9 166
9 203
9 270
9 430
9 433
9 585
9 589
9 591
9 710
9 711
9 712
9 713
9 714
9 715
9 716
9 717
9 718
10 720
11 365
12 18
12 38
12 344
12 365
12 489
12 493
12 810
13 322
13 767
13 815
14 211
14 224
14 259
14 314
14 484
14 857
15 166
15 430
15 433
15 518
15 562
15 876
18 32
18 52
18 180
18 225
18 312
18 329
18 431
18 465
18 595
18 784
18 810
18 833
18 848
18 893
18 914
18 937
18 938
18 939
19 381
19 758
21 633
21 815
22 28
22 203
22 339
22 480
22 602
22 641
22 660
22 667
22 672
22 688
22 719
22 775
22 960
23 909
26 909
27 433
27 485
28 909
30 494
32 931
33 78
33 80
33 220
33 480
33 719
33 966
35 344
36 825
37 70
37 106
37 278
37 395
37 480
38 99
38 480
38 481
38 514
38 742
38 898
39 168
40 181
44 75
44 311
44 480
44 585
44 700
44 744
44 935
47 73
47 77
47 153
47 545
47 809
48 280
48 912
49 57
49 149
49 166
49 327
49 621
49 685
57 152
59 212
60 357
60 664
61 790
63 562
68 595
70 77
70 91
70 116
70 121
70 122
70 129
70 134
70 136
71 235
71 314
71 433
71 444
71 480
71 640
71 641
71 643
71 646
72 91
72 166
72 169
72 172
72 242
72 326
72 505
72 549
72 660
73 549
74 312
74 511
75 116
75 361
75 775
76 187
76 494
77 83
77 91
77 172
77 181
77 271
77 298
77 321
77 332
77 377
77 381
77 480
77 526
77 562
77 596
77 628
77 633
77 739
77 753
77 767
77 790
77 791
77 792
77 793
77 794
77 795
78 326
78 664
80 552
80 592
83 381
83 711
83 778
84 716
84 791
84 815
84 911
85 688
85 918
86 738
86 792
86 795
87 198
87 917
90 825
90 939
91 203
91 217
91 366
91 393
91 533
91 854
91 973
91 974
93 903
94 628
94 904
96 365
96 430
96 878
99 169
99 314
100 758
101 322
104 122
108 497
109 956
109 981
110 911
113 775
114 387
114 903
116 151
116 166
116 281
116 506
116 986
118 136
118 938
119 734
120 212
121 140
121 259
121 430
121 761
122 203
122 820
122 935
123 641
123 903
125 822
126 439
126 523
129 166
129 536
129 726
129 922
132 485
134 421
134 438
134 480
134 871
134 883
136 152
136 752
136 824
137 361
137 640
142 242
147 664
148 431
149 152
149 159
149 166
149 168
149 169
149 172
149 178
149 181
149 187
149 198
150 159
150 166
150 226
150 381
150 430
150 431
150 518
150 519
150 523
150 528
150 529
150 541
152 155
152 160
152 178
152 198
152 226
152 259
152 295
152 312
152 375
152 438
152 445
152 484
152 497
152 529
152 541
152 634
152 720
152 726
152 728
152 766
152 815
152 824
152 825
152 826
152 827
153 911
154 255
154 664
154 734
154 902
155 825
155 903
156 168
156 753
157 899
159 192
159 370
160 178
160 439
160 518
160 720
164 433
165 899
166 169
166 326
166 344
166 407
166 444
166 476
166 505
166 511
166 604
166 869
166 878
166 931
166 959
166 981
166 986
168 314
168 325
168 475
168 554
168 619
168 651
168 728
168 863
168 887
168 949
169 259
169 289
169 986
169 996
171 178
172 434
172 532
172 537
172 978
173 562
173 702
173 791
176 758
176 794
178 196
178 264
179 888
181 427
181 474
181 737
181 750
183 688
184 716
187 369
187 479
187 480
187 522
187 755
193 511
193 519
194 287
196 430
196 439
198 638
203 212
203 226
203 235
203 242
203 246
203 255
204 387
204 576
205 270
205 519
205 781
207 212
207 519
207 591
207 781
208 505
208 738
209 242
210 430
210 458
210 702
210 791
211 439
211 480
211 711
212 305
212 429
212 430
212 563
214 287
214 810
215 476
215 767
215 775
217 981
218 489
218 917
221 518
221 910
222 242
222 407
224 904
225 603
226 398
226 602
226 725
226 968
228 280
228 322
230 634
232 878
235 314
235 352
235 481
235 509
235 964
242 430
242 972
246 290
246 312
246 486
246 636
248 905
248 946
252 738
253 591
255 439
255 451
255 460
256 604
256 956
259 270
259 280
259 287
259 298
260 431
260 552
260 596
260 664
260 672
261 518
261 592
262 431
262 664
263 344
263 518
263 767
265 827
266 314
266 480
266 592
267 640
267 790
267 931
269 333
269 664
270 288
270 305
270 415
270 517
270 589
270 607
270 729
270 838
270 872
270 952
271 528
271 712
271 795
272 387
273 321
274 312
274 444
274 739
274 981
276 489
276 523
279 321
279 494
279 792
279 931
280 310
280 480
280 509
280 868
280 932
282 519
282 794
286 549
287 519
287 653
287 704
287 960
287 992
290 431
295 815
297 485
297 717
298 375
298 398
298 414
298 999
300 326
300 339
300 734
300 738
300 739
301 753
301 758
302 321
302 715
302 790
302 822
303 339
303 439
303 549
303 664
304 511
304 591
305 357
305 480
305 810
305 878
306 497
307 591
309 720
311 444
311 576
311 711
312 375
312 418
312 480
312 493
312 528
312 675
312 679
312 888
312 917
313 790
314 316
314 435
314 474
314 480
314 522
314 523
314 542
314 552
314 576
314 758
314 761
314 771
314 944
314 945
314 946
315 815
316 716
316 720
318 717
319 541
321 324
321 481
321 513
321 632
321 829
321 921
321 951
322 374
322 480
322 777
323 888
325 445
326 732
326 858
328 430
328 795
328 876
329 489
329 911
331 641
332 596
332 792
333 480
333 725
333 868
333 897
334 591
334 688
336 603
339 731
339 744
340 381
340 956
342 433
343 790
349 778
350 596
353 888
353 909
357 480
360 702
361 430
361 545
365 480
370 778
371 643
372 712
373 377
373 476
373 489
373 734
373 778
374 480
376 876
377 402
377 438
377 954
377 973
377 975
378 946
380 445
380 917
381 721
381 782
384 523
385 407
385 489
386 767
387 430
387 855
388 485
388 912
391 815
394 445
397 822
407 629
407 897
408 445
408 775
417 753
418 433
418 888
422 815
422 825
422 827
425 827
426 660
427 698
427 702
429 698
429 899
430 434
430 435
430 458
430 480
430 489
430 494
430 549
430 640
430 697
430 698
430 723
430 876
430 909
430 910
430 911
430 912
431 857
431 868
431 915
432 480
432 643
433 487
433 837
435 523
435 715
436 899
437 596
437 660
439 446
439 480
439 592
439 646
439 702
439 781
439 806
439 885
439 956
443 781
444 806
444 975
445 538
445 631
445 829
445 906
445 950
445 966
446 480
446 529
447 458
448 902
448 918
453 549
453 905
455 905
456 734
456 778
458 729
458 746
458 771
460 505
460 918
462 712
464 918
465 734
469 815
471 640
472 711
473 738
474 476
475 825
477 641
478 634
478 739
479 562
479 825
480 481
480 485
480 518
480 519
480 603
480 643
480 738
480 757
480 778
480 822
480 843
480 899
480 902
480 903
480 904
480 905
481 902
482 775
485 757
488 646
490 493
491 628
493 498
493 735
495 523
495 939
496 633
497 800
499 672
500 591
506 518
506 672
510 899
514 529
514 698
518 538
518 680
518 726
518 914
519 573
519 664
519 710
519 734
519 821
519 879
519 918
519 921
519 935
520 576
520 715
520 825
521 734
521 903
523 573
523 951
524 739
524 753
525 595
525 791
526 794
526 938
528 589
528 796
528 927
529 539
529 580
529 824
536 775
541 557
541 583
541 818
542 549
543 825
547 604
549 678
549 686
549 816
552 727
554 576
554 595
554 825
554 910
557 711
558 595
561 956
570 640
570 720
572 945
574 981
575 712
575 909
584 912
585 790
588 640
590 603
590 698
590 815
590 822
591 667
591 963
595 676
595 987
596 617
596 808
596 959
596 974
602 905
602 939
604 742
604 752
604 820
604 824
605 698
606 792
608 640
610 715
612 660
612 917
614 795
622 945
623 634
628 713
633 799
635 711
640 730
640 977
643 844
646 654
646 770
646 846
650 815
657 876
659 778
664 760
664 783
671 902
672 893
672 975
675 781
678 904
687 945
688 960
688 995
689 899
693 931
697 910
698 928
712 714
712 856
712 980
715 821
716 774
716 804
717 718
717 727
717 885
717 978
720 830
722 825
723 902
733 878
734 936
735 775
736 878
738 882
739 793
747 946
761 902
761 917
766 781
775 965
777 938
777 956
778 855
778 877
780 910
781 821
781 875
783 945
790 879
790 987
792 857
792 906
792 998
794 841
803 956
805 902
810 845
810 850
815 894
815 983
824 910
826 946
827 943
843 904
844 876
848 945
869 878
895 911
895 938
899 993
902 963
909 980
911 925
911 944
911 957
912 916
917 991
939 983
945 964
