0 21
0 24
0 26
0 35
0 41
0 50
0 54
0 64
0 66
1 26
1 161
1 211
1 302
1 317
1 324
1 326
1 333
1 349
2 72
2 262
2 317
2 371
2 373
2 376
2 377
2 378
2 383
2 384
2 385
2 411
3 26
3 371
3 377
3 421
4 91
4 172
4 296
4 376
4 436
4 440
4 449
4 450
4 476
5 24
5 231
5 265
5 371
5 477
5 478
5 480
5 483
5 486
5 490
5 498
5 505
5 513
6 72
6 92
6 290
6 371
6 376
6 377
6 378
6 383
6 385
6 478
6 529
6 546
6 549
6 561
7 72
7 161
7 171
7 262
7 302
7 349
7 383
7 436
7 478
7 480
7 561
7 603
7 604
7 632
8 72
8 262
8 272
8 324
8 477
8 679
8 681
8 682
8 683
8 684
8 690
8 693
9 711
10 72
10 167
11 265
11 272
11 302
11 490
11 705
11 799
12 35
12 156
12 158
12 262
12 546
12 747
13 513
13 683
14 211
14 857
16 828
16 847
18 848
19 384
21 71
21 86
21 120
21 265
21 323
21 418
21 633
21 772
21 815
21 867
21 885
22 480
22 641
22 660
23 546
24 82
24 145
24 311
24 406
24 443
24 477
24 544
24 786
24 868
24 896
24 970
25 35
25 104
25 750
26 62
26 72
26 155
26 177
26 330
26 909
26 929
27 262
27 477
30 265
30 849
31 54
31 262
33 480
35 264
35 344
35 477
36 771
37 480
38 480
41 208
41 217
41 429
41 824
41 874
42 708
44 480
48 92
48 324
50 89
50 203
50 373
50 522
50 889
52 665
54 428
54 477
54 837
60 664
63 66
64 156
64 470
64 539
64 575
66 263
66 295
66 824
67 411
70 72
70 91
70 92
70 93
70 98
70 104
70 119
70 126
70 130
70 136
70 139
71 265
71 480
71 641
71 651
72 86
72 91
72 93
72 119
72 126
72 130
72 150
72 166
72 167
72 169
72 172
72 211
72 215
72 242
72 260
72 271
72 272
72 284
72 317
72 326
72 373
72 378
72 411
72 415
72 428
72 477
72 505
72 549
72 652
72 653
72 654
72 655
72 656
72 657
72 658
72 659
72 660
72 661
72 662
72 663
73 92
73 549
73 759
74 93
74 384
74 440
74 681
74 704
75 662
75 684
75 705
76 651
76 695
77 91
77 172
77 271
77 377
77 480
77 753
78 98
78 156
78 284
78 326
78 664
78 828
79 272
79 378
79 483
79 486
79 747
80 652
80 857
80 860
81 828
82 98
83 436
83 683
83 704
83 711
83 824
84 139
84 271
84 421
84 654
84 655
85 665
86 167
86 262
86 385
86 477
86 663
87 211
89 130
89 436
89 477
89 483
89 513
89 737
89 759
91 203
91 217
91 366
91 393
91 533
91 854
91 973
91 974
92 155
92 373
92 386
92 460
92 510
92 611
92 667
92 962
92 971
93 150
93 269
93 274
93 656
93 788
93 837
93 864
93 903
94 376
94 904
95 695
95 705
95 824
95 848
96 655
96 925
98 110
98 413
98 418
98 668
98 808
98 824
98 830
98 897
98 989
98 990
99 169
101 682
104 122
104 156
104 259
104 425
104 491
104 612
104 732
104 935
105 849
106 845
107 349
107 705
108 708
109 655
109 852
110 498
110 925
113 119
118 136
118 706
118 849
119 204
119 734
119 770
119 861
123 641
123 849
124 847
125 679
126 428
126 439
126 523
128 139
128 156
128 693
130 207
130 811
133 450
134 421
134 480
136 152
136 752
136 824
137 845
139 265
139 527
139 996
142 242
143 436
143 478
143 561
147 664
149 156
149 158
149 161
149 167
149 169
149 171
149 172
150 156
150 158
150 317
150 411
150 477
150 529
152 529
152 824
152 827
154 664
155 324
155 486
156 158
156 168
156 215
156 421
156 477
156 491
156 586
156 741
156 753
156 828
156 860
156 900
156 948
157 748
158 203
158 410
158 680
158 854
161 191
161 265
161 479
161 527
161 774
165 265
165 824
166 169
166 326
166 476
166 505
166 604
167 206
167 473
167 671
167 880
167 932
167 949
168 651
169 259
169 289
169 986
169 996
171 178
171 225
171 254
171 261
171 375
171 477
171 858
171 908
171 959
172 434
172 532
172 537
172 978
173 659
174 841
177 705
181 737
181 750
185 478
186 924
187 480
189 655
193 749
194 317
197 662
202 852
203 211
203 231
203 242
204 546
204 579
206 546
207 296
207 373
207 436
207 632
208 483
208 505
209 242
209 262
209 498
210 828
211 241
211 324
211 331
211 439
211 480
211 484
211 605
211 653
211 711
211 892
211 935
211 940
211 941
213 652
213 654
213 924
215 378
215 440
215 476
216 302
219 384
220 857
221 824
221 910
222 242
222 324
222 373
224 272
224 904
225 603
227 546
229 661
231 303
231 397
231 824
233 706
240 747
240 857
242 430
242 972
245 690
246 290
246 486
256 604
259 262
259 265
259 271
259 272
259 284
259 290
259 296
259 297
260 271
260 284
260 477
260 658
260 664
260 665
260 673
261 317
262 263
262 265
262 290
262 302
262 341
262 372
262 376
262 431
262 437
262 473
262 477
262 486
262 498
262 582
262 599
262 632
262 651
262 664
262 683
262 695
262 710
262 719
262 747
262 748
262 749
262 750
262 751
263 302
263 657
264 561
265 266
265 384
265 440
265 490
265 491
265 513
265 725
265 755
265 759
265 782
265 824
265 827
265 841
265 844
265 845
265 846
265 847
265 848
265 849
265 850
265 851
265 852
265 853
266 480
266 658
266 900
268 302
268 478
269 333
269 664
269 748
271 528
271 589
271 636
271 712
271 795
271 816
271 850
272 387
272 504
272 561
272 579
272 590
272 681
272 799
272 835
272 984
273 302
274 661
278 652
280 480
281 852
282 737
282 857
284 642
284 728
284 757
284 881
284 968
286 549
287 704
288 490
290 418
290 431
290 650
291 682
296 300
296 477
296 703
296 814
297 325
297 477
297 485
297 717
297 865
299 371
300 326
300 371
300 478
300 654
300 737
301 490
301 753
302 321
302 555
302 585
302 715
302 790
302 813
302 821
302 822
302 823
303 549
303 652
303 664
304 657
304 841
305 480
305 704
306 478
306 673
306 690
308 695
310 376
311 708
311 711
311 848
312 480
312 679
314 480
314 771
316 450
317 319
317 329
317 471
317 524
317 535
317 612
317 630
317 959
318 709
319 436
321 324
321 513
321 632
322 480
323 661
324 359
324 668
324 979
325 490
326 732
326 858
327 486
328 411
328 449
329 799
330 449
331 641
333 480
333 725
333 868
333 897
336 603
341 477
346 373
346 651
346 748
348 378
349 373
349 778
353 449
355 851
357 480
358 440
362 684
365 480
368 421
369 771
371 373
371 405
371 425
371 492
371 643
371 837
371 843
372 478
372 799
373 377
373 383
373 415
373 429
373 449
373 476
373 483
373 489
373 491
373 546
373 588
373 653
373 665
373 684
373 693
373 734
373 737
373 777
373 778
373 782
373 857
373 924
373 925
374 480
376 853
376 867
376 876
376 965
377 402
377 438
377 954
377 973
377 975
378 649
378 773
378 944
378 946
378 970
380 682
382 857
382 860
383 435
383 448
383 461
383 608
384 523
384 873
385 407
385 477
385 489
385 811
388 663
389 579
390 411
390 477
390 824
392 665
394 662
394 708
400 449
402 948
412 654
417 753
418 632
418 679
421 501
421 635
421 676
421 983
422 827
424 706
425 827
426 546
426 660
427 695
428 706
428 747
428 824
429 684
429 705
429 900
430 480
430 549
430 910
431 857
432 480
436 477
436 521
436 648
436 774
436 805
436 821
436 899
436 941
436 957
437 660
437 759
439 480
440 537
440 777
441 483
441 681
443 490
446 480
446 529
446 658
449 590
449 650
449 656
449 997
450 477
450 583
450 650
450 707
450 733
450 853
451 851
452 682
453 549
453 652
453 771
455 924
456 659
457 860
458 771
460 505
461 704
472 711
474 476
477 478
477 507
477 517
477 582
477 588
477 599
477 641
477 673
477 679
477 682
477 690
477 704
477 705
477 706
477 707
477 708
477 709
478 626
478 634
478 739
478 741
478 754
478 771
478 772
478 773
480 481
480 485
480 518
480 519
480 603
480 643
480 738
480 757
480 778
480 822
480 843
480 899
480 902
480 903
480 904
480 905
483 761
483 834
483 870
483 922
483 935
486 534
486 666
486 733
490 493
490 568
490 585
491 682
493 498
499 654
501 706
506 925
507 679
507 841
510 852
514 529
517 704
517 709
517 857
519 664
521 799
521 900
524 679
524 753
526 860
529 539
529 580
529 824
531 652
534 657
540 690
542 549
546 574
546 586
546 958
547 604
547 652
548 841
548 848
549 678
549 686
549 816
554 910
554 948
556 655
557 711
557 860
559 857
560 709
561 740
561 956
563 681
572 654
572 737
572 845
575 750
577 682
578 665
579 582
579 710
580 824
582 749
584 759
590 603
593 857
599 747
599 824
601 655
604 742
604 752
604 820
604 824
605 663
612 660
623 749
623 771
633 799
635 711
638 681
638 824
642 661
646 654
652 723
652 961
654 770
654 979
654 997
655 656
655 751
655 854
657 876
657 999
658 731
658 844
659 689
659 725
659 778
661 985
661 994
662 719
663 697
664 760
664 783
665 733
665 762
665 820
665 835
665 844
669 749
671 673
673 777
676 924
678 904
679 991
681 882
681 955
682 745
682 881
683 755
683 806
683 820
684 721
693 931
693 932
693 944
695 923
695 978
697 910
699 704
699 857
704 840
704 881
704 943
705 901
706 784
706 866
709 733
709 990
713 851
726 845
727 948
733 747
735 845
735 847
737 859
747 809
747 817
747 946
748 761
748 996
749 923
750 788
756 828
770 824
780 828
780 910
786 799
788 948
792 857
794 841
810 845
811 900
824 840
824 844
824 910
827 943
836 925
837 851
838 847
841 922
843 904
845 950
846 847
847 987
848 879
848 945
852 927
857 865
857 947
911 925
948 976
