1 208
1 300
1 305
1 306
1 310
1 311
1 339
2 300
4 208
4 427
5 300
5 311
6 306
6 310
7 300
8 339
8 427
12 310
12 520
15 427
22 339
24 311
29 305
36 311
41 208
44 311
70 123
71 427
73 300
73 311
74 310
76 300
76 427
82 208
85 300
100 427
103 740
112 311
117 300
119 734
123 150
123 343
123 426
123 641
123 849
123 882
123 903
141 427
146 300
150 306
150 311
150 427
150 520
151 427
154 734
155 300
156 741
170 310
175 520
181 427
182 300
183 520
185 306
199 306
203 208
205 520
208 259
208 264
208 305
208 483
208 505
208 610
208 642
208 738
208 761
208 766
208 788
208 855
208 868
208 869
208 870
208 871
208 872
208 873
208 874
212 305
214 300
215 882
243 740
244 310
249 520
260 427
263 305
268 882
270 305
275 300
280 310
289 310
296 300
299 310
300 305
300 306
300 311
300 320
300 326
300 330
300 334
300 339
300 371
300 409
300 427
300 478
300 499
300 520
300 654
300 687
300 725
300 733
300 734
300 735
300 736
300 737
300 738
300 739
300 740
300 741
300 742
300 743
300 744
300 745
300 746
301 427
303 339
305 310
305 315
305 357
305 432
305 480
305 517
305 547
305 572
305 583
305 597
305 607
305 704
305 733
305 736
305 754
305 779
305 810
305 837
305 855
305 878
305 879
305 880
305 881
306 423
306 478
306 497
306 673
306 690
306 783
307 882
308 427
310 335
310 376
310 726
310 797
310 882
310 908
311 444
311 557
311 576
311 708
311 711
311 796
311 848
311 858
339 731
339 744
352 741
356 520
373 734
375 427
418 882
427 594
427 600
427 615
427 671
427 691
427 695
427 696
427 697
427 698
427 699
427 700
427 701
427 702
427 703
428 520
456 734
465 734
478 741
519 734
520 555
520 576
520 583
520 715
520 768
520 825
521 734
550 741
561 740
637 740
681 882
734 936
738 882
740 796
740 885
741 856
832 882
882 889
882 997
882 998
