0 66
1 80
1 315
2 95
5 80
5 315
5 498
5 503
7 80
7 110
9 713
12 83
14 224
16 95
16 844
17 83
33 80
41 824
51 83
55 844
63 66
66 263
66 295
66 824
70 80
70 83
70 95
70 98
70 110
70 136
74 80
74 110
76 83
77 83
78 98
80 83
80 90
80 164
80 165
80 183
80 215
80 256
80 309
80 380
80 403
80 434
80 551
80 552
80 572
80 592
80 652
80 761
80 857
80 860
80 861
80 862
82 98
83 88
83 219
83 288
83 315
83 381
83 436
83 468
83 496
83 516
83 535
83 569
83 573
83 574
83 622
83 629
83 635
83 644
83 683
83 694
83 703
83 704
83 711
83 730
83 772
83 778
83 824
83 846
83 885
84 713
94 904
95 102
95 109
95 553
95 695
95 705
95 761
95 812
95 824
95 838
95 848
95 863
95 987
96 925
98 110
98 413
98 418
98 668
98 808
98 824
98 830
98 897
98 989
98 990
110 203
110 224
110 345
110 498
110 503
110 713
110 826
110 911
110 925
118 136
127 315
136 152
136 752
136 824
148 503
152 824
163 844
165 824
203 219
203 224
209 498
210 503
219 379
219 384
219 496
219 516
219 626
219 699
219 806
219 942
219 982
221 824
224 272
224 582
224 649
224 823
224 904
224 984
231 824
262 498
265 824
265 844
278 713
281 503
291 315
305 315
307 844
315 319
315 358
315 432
315 470
315 735
315 744
315 815
372 503
373 925
390 824
418 844
424 713
428 824
480 904
493 498
503 826
506 925
517 844
529 824
555 713
580 824
599 824
604 824
628 713
638 824
643 844
645 844
658 844
665 844
678 904
713 851
770 824
800 844
824 840
824 844
824 910
836 925
843 904
844 876
844 890
844 962
911 925
