0 42
1 70
1 310
2 70
2 74
2 384
3 70
3 125
3 421
4 147
4 440
5 70
5 99
5 124
5 144
6 92
6 310
7 70
7 74
7 120
7 605
8 111
9 74
9 711
10 70
10 85
12 42
12 76
12 310
17 76
17 111
19 384
21 120
25 104
25 967
32 967
34 978
37 70
38 99
39 76
42 70
42 325
42 556
42 708
42 940
42 991
48 92
53 99
60 88
65 131
70 71
70 72
70 73
70 74
70 75
70 76
70 77
70 78
70 79
70 80
70 81
70 82
70 83
70 84
70 85
70 86
70 87
70 88
70 89
70 90
70 91
70 92
70 93
70 94
70 95
70 96
70 97
70 98
70 99
70 100
70 101
70 102
70 103
70 104
70 105
70 106
70 107
70 108
70 109
70 110
70 111
70 112
70 113
70 114
70 115
70 116
70 117
70 118
70 119
70 120
70 121
70 122
70 123
70 124
70 125
70 126
70 127
70 128
70 129
70 130
70 131
70 132
70 133
70 134
70 135
70 136
70 137
70 138
70 139
70 140
70 141
70 142
70 143
70 144
70 145
70 146
70 147
70 148
71 74
71 173
71 635
72 119
72 126
73 92
74 80
74 84
74 93
74 110
74 170
74 205
74 213
74 310
74 312
74 327
74 332
74 384
74 440
74 511
74 521
74 623
74 635
74 676
74 681
74 704
74 768
74 769
74 770
75 116
76 83
76 187
76 203
76 207
76 261
76 300
76 427
76 479
76 494
76 495
76 584
76 651
76 676
76 695
76 788
76 789
78 85
78 138
81 149
81 164
81 207
81 261
81 517
81 828
83 88
83 635
83 704
83 711
84 139
84 421
84 635
85 160
85 223
85 260
85 300
85 583
85 588
85 665
85 688
85 918
86 88
88 90
88 174
88 276
88 313
88 582
88 608
88 856
88 884
88 954
88 955
89 131
89 967
92 155
92 373
92 386
92 460
92 510
92 611
92 667
92 962
92 971
96 173
99 169
99 227
99 260
99 314
99 316
99 352
99 537
99 594
99 674
99 991
100 124
104 122
104 156
104 259
104 425
104 491
104 612
104 732
104 935
105 125
107 605
109 111
111 447
111 859
111 982
113 119
114 205
114 387
114 481
114 891
114 903
116 151
116 166
116 281
116 506
116 986
118 136
118 189
118 260
118 481
118 578
118 706
118 726
118 849
118 893
118 938
118 959
119 204
119 734
119 770
119 861
120 184
120 188
120 212
120 237
120 638
120 786
120 808
120 994
124 639
124 847
125 240
125 259
125 627
125 679
125 822
125 973
126 428
126 439
126 523
128 139
131 160
131 391
131 550
133 204
133 309
133 404
133 450
134 421
138 452
138 723
138 959
139 265
139 527
139 996
141 144
144 261
144 949
146 204
146 300
146 425
146 802
147 264
147 664
147 793
148 149
148 239
148 431
148 503
149 173
156 421
170 310
172 978
173 206
173 562
173 635
173 659
173 702
173 773
173 791
173 901
205 605
211 605
211 711
215 440
219 384
244 310
265 384
265 440
269 978
280 310
287 704
289 310
299 310
305 310
305 704
310 335
310 376
310 726
310 797
310 882
310 908
311 711
358 440
368 421
379 635
384 523
384 873
421 501
421 635
421 676
421 983
440 537
440 777
461 704
463 978
472 711
477 704
517 704
522 967
551 635
557 711
565 967
605 635
605 663
605 698
605 811
605 941
616 967
635 711
635 967
635 978
669 967
695 978
699 704
704 840
704 881
704 943
717 978
785 967
947 978
954 967
978 984
