0 8
0 33
0 37
0 38
0 44
1 82
1 211
1 333
1 357
2 380
4 430
4 432
5 8
5 71
5 280
5 480
6 71
6 432
7 33
7 82
7 266
7 357
7 480
7 600
8 13
8 18
8 22
8 71
8 72
8 73
8 79
8 111
8 152
8 153
8 157
8 203
8 216
8 262
8 263
8 272
8 298
8 303
8 304
8 324
8 335
8 339
8 354
8 392
8 394
8 395
8 418
8 420
8 427
8 435
8 442
8 455
8 477
8 488
8 492
8 512
8 522
8 530
8 535
8 543
8 564
8 569
8 584
8 594
8 609
8 675
8 676
8 677
8 678
8 679
8 680
8 681
8 682
8 683
8 684
8 685
8 686
8 687
8 688
8 689
8 690
8 691
8 692
8 693
8 694
9 430
12 38
13 683
14 211
15 430
15 518
18 937
21 71
22 480
24 82
33 78
33 80
33 220
33 480
33 719
33 966
37 70
37 106
37 278
37 395
37 480
38 99
38 480
38 481
38 514
38 742
38 898
44 75
44 311
44 480
44 585
44 700
44 744
44 935
48 280
55 751
59 71
60 357
65 380
68 266
70 71
70 82
71 73
71 74
71 82
71 94
71 102
71 173
71 182
71 190
71 204
71 206
71 235
71 236
71 259
71 265
71 267
71 277
71 313
71 314
71 332
71 345
71 380
71 424
71 427
71 433
71 437
71 444
71 480
71 553
71 573
71 582
71 616
71 635
71 636
71 637
71 638
71 639
71 640
71 641
71 642
71 643
71 644
71 645
71 646
71 647
71 648
71 649
71 650
71 651
72 211
76 187
77 480
80 380
82 98
82 208
82 229
82 336
82 525
82 697
82 729
82 735
82 833
83 683
86 530
86 738
87 211
87 432
88 954
94 904
96 430
102 266
117 266
120 638
121 430
125 822
134 480
149 187
150 430
150 518
150 519
150 530
151 600
154 902
160 518
176 638
187 369
187 479
187 480
187 522
187 755
188 266
193 519
196 430
198 638
201 637
203 211
205 519
207 519
208 738
210 430
211 241
211 324
211 331
211 439
211 480
211 484
211 605
211 653
211 711
211 892
211 935
211 940
211 941
212 430
221 518
224 904
228 280
234 638
236 757
242 430
248 266
248 905
250 432
252 738
259 266
259 280
261 518
262 683
262 751
263 518
265 266
266 283
266 314
266 343
266 370
266 425
266 480
266 521
266 592
266 600
266 627
266 631
266 658
266 754
266 774
266 777
266 801
266 821
266 861
266 900
266 906
266 907
269 333
280 310
280 480
280 509
280 868
280 932
282 519
284 757
287 519
300 738
301 757
302 822
303 380
305 357
305 432
305 480
312 480
314 480
315 432
322 480
328 430
333 480
333 725
333 868
333 897
357 480
361 430
365 480
374 380
374 480
377 954
380 404
380 438
380 445
380 487
380 540
380 598
380 682
380 727
380 917
387 430
388 638
397 822
427 600
430 434
430 435
430 458
430 480
430 489
430 494
430 549
430 640
430 697
430 698
430 723
430 876
430 909
430 910
430 911
430 912
432 437
432 460
432 480
432 517
432 557
432 643
432 666
432 745
432 916
439 480
439 646
446 480
448 902
453 905
455 905
473 738
479 637
480 481
480 485
480 518
480 519
480 603
480 643
480 738
480 757
480 778
480 822
480 843
480 899
480 902
480 903
480 904
480 905
481 902
485 757
488 646
492 530
506 518
517 637
518 538
518 680
518 726
518 914
519 573
519 664
519 710
519 734
519 821
519 879
519 918
519 921
519 935
530 777
532 751
551 954
557 937
581 600
590 822
600 751
600 774
600 937
600 954
602 905
606 937
613 637
637 736
637 740
637 777
637 988
638 681
638 824
638 944
638 961
646 654
646 770
646 846
655 751
671 902
678 904
683 755
683 806
683 820
723 902
738 882
761 902
805 902
843 904
893 937
902 963
954 955
954 967
