0 3
0 11
0 20
0 48
1 3
1 11
1 153
1 208
1 259
1 260
1 261
1 320
1 325
2 3
2 20
2 121
2 162
2 259
2 261
2 281
3 26
3 27
3 43
3 70
3 78
3 125
3 174
3 223
3 239
3 259
3 279
3 371
3 377
3 417
3 418
3 419
3 420
3 421
3 422
3 423
3 424
3 425
3 426
4 208
4 453
4 455
5 144
5 259
5 261
5 320
6 152
6 259
6 261
6 290
6 568
7 152
7 259
7 260
7 266
7 273
8 152
8 153
8 455
9 11
9 714
10 724
11 203
11 259
11 265
11 272
11 277
11 282
11 302
11 365
11 429
11 451
11 490
11 524
11 705
11 710
11 796
11 797
11 798
11 799
14 259
15 261
16 325
16 714
20 210
20 261
20 267
20 482
20 587
20 674
20 696
20 736
20 947
25 259
34 325
40 274
41 208
42 325
43 260
47 153
48 56
48 92
48 259
48 280
48 324
48 540
48 912
48 916
51 455
56 325
57 152
61 153
67 453
68 266
70 113
70 121
70 144
71 259
72 260
76 261
81 261
82 208
82 729
84 259
85 260
88 276
89 724
93 274
99 260
102 266
104 259
109 568
113 119
113 261
113 514
113 574
113 733
113 775
113 979
116 281
117 266
118 260
121 140
121 259
121 430
121 761
125 259
136 152
141 144
144 261
144 949
149 152
149 153
149 162
150 153
150 162
150 260
150 281
151 260
152 155
152 160
152 178
152 198
152 226
152 259
152 295
152 312
152 375
152 438
152 445
152 484
152 497
152 529
152 541
152 634
152 720
152 726
152 728
152 766
152 815
152 824
152 825
152 826
152 827
153 259
153 337
153 707
153 911
153 919
154 259
154 261
155 260
162 261
162 304
162 756
168 325
169 259
171 261
175 259
179 260
179 281
180 261
186 455
188 266
194 260
203 208
204 259
204 281
205 261
207 259
208 259
208 264
208 305
208 483
208 505
208 610
208 642
208 738
208 761
208 766
208 788
208 855
208 868
208 869
208 870
208 871
208 872
208 873
208 874
209 274
209 276
210 259
232 260
236 274
238 260
239 274
239 455
245 320
246 290
248 266
259 260
259 261
259 262
259 263
259 264
259 265
259 266
259 267
259 268
259 269
259 270
259 271
259 272
259 273
259 274
259 275
259 276
259 277
259 278
259 279
259 280
259 281
259 282
259 283
259 284
259 285
259 286
259 287
259 288
259 289
259 290
259 291
259 292
259 293
259 294
259 295
259 296
259 297
259 298
259 299
260 263
260 271
260 278
260 284
260 307
260 427
260 431
260 442
260 477
260 479
260 508
260 527
260 540
260 552
260 583
260 596
260 597
260 612
260 658
260 664
260 665
260 666
260 667
260 668
260 669
260 670
260 671
260 672
260 673
260 674
261 275
261 294
261 317
261 320
261 325
261 441
261 453
261 455
261 471
261 482
261 518
261 568
261 580
261 592
261 598
261 678
261 697
261 714
261 724
261 725
261 726
261 727
261 728
261 729
261 730
261 731
261 732
262 290
263 714
265 266
266 283
266 314
266 343
266 370
266 425
266 480
266 521
266 592
266 600
266 627
266 631
266 658
267 274
268 302
268 309
268 382
268 468
268 478
268 517
268 764
268 803
268 882
270 729
273 279
273 295
273 302
273 321
273 469
273 585
273 613
273 725
273 829
274 312
274 444
274 653
274 661
274 739
274 762
274 776
274 981
274 985
276 489
276 523
276 696
276 970
281 367
281 503
281 575
281 696
281 798
281 852
281 949
281 992
281 996
290 418
290 431
290 650
297 325
299 325
300 320
303 729
320 358
320 368
320 735
320 840
320 855
325 445
325 490
325 556
325 588
325 687
325 966
331 455
362 568
374 453
453 549
453 652
453 771
453 905
455 680
455 905
455 924
455 958
458 729
490 568
545 729
568 990
712 714
714 894
714 969
724 736
724 971
