0 13
0 65
1 150
1 311
1 350
2 72
2 281
2 370
2 381
2 391
2 396
2 397
3 417
3 419
3 423
4 13
4 75
4 150
4 244
4 370
4 430
5 150
5 311
5 495
5 502
6 13
6 72
6 150
6 370
6 417
7 72
7 75
7 79
7 370
7 397
7 417
7 419
8 13
8 72
8 79
8 535
8 543
9 430
10 72
12 150
13 16
13 150
13 180
13 264
13 286
13 322
13 334
13 338
13 379
13 488
13 513
13 517
13 625
13 645
13 675
13 683
13 767
13 815
13 816
13 817
13 818
13 819
13 820
15 150
15 430
19 381
19 417
19 535
24 311
26 72
27 419
28 75
34 502
36 311
44 75
44 311
48 540
64 539
65 131
65 150
65 380
65 869
70 72
70 75
70 79
70 94
71 94
72 86
72 91
72 93
72 119
72 126
72 130
72 150
72 166
72 167
72 169
72 172
72 211
72 215
72 242
72 260
72 271
72 272
72 284
72 317
72 326
72 373
72 378
72 411
72 415
72 428
72 477
72 505
72 549
72 652
72 653
72 654
72 655
72 656
72 657
72 658
72 659
72 660
72 661
72 662
72 663
73 311
73 539
75 84
75 87
75 116
75 149
75 150
75 157
75 209
75 361
75 448
75 462
75 466
75 481
75 521
75 573
75 662
75 684
75 705
75 727
75 769
75 774
75 775
75 776
76 495
77 381
78 94
78 150
79 115
79 149
79 150
79 176
79 184
79 272
79 292
79 308
79 353
79 378
79 404
79 483
79 486
79 544
79 590
79 621
79 703
79 747
79 833
79 834
79 835
79 836
83 381
83 535
84 396
91 533
93 150
94 103
94 150
94 376
94 628
94 671
94 904
94 951
96 430
105 536
112 311
116 281
121 430
123 150
129 536
131 391
145 532
149 150
150 153
150 156
150 158
150 159
150 162
150 166
150 190
150 203
150 217
150 226
150 244
150 260
150 269
150 281
150 285
150 301
150 304
150 306
150 311
150 313
150 317
150 336
150 348
150 350
150 370
150 381
150 391
150 396
150 397
150 411
150 417
150 419
150 423
150 427
150 429
150 430
150 431
150 477
150 481
150 492
150 495
150 502
150 517
150 518
150 519
150 520
150 521
150 522
150 523
150 524
150 525
150 526
150 527
150 528
150 529
150 530
150 531
150 532
150 533
150 534
150 535
150 536
150 537
150 538
150 539
150 540
150 541
150 542
150 543
150 544
152 226
159 370
164 533
172 532
179 281
191 533
193 391
193 519
196 430
203 226
203 244
204 281
205 519
207 519
209 417
209 533
209 536
210 430
212 430
218 417
223 423
226 398
226 602
226 725
226 968
231 397
242 430
244 310
244 474
244 895
244 921
259 281
259 285
260 540
266 370
267 534
271 528
277 417
281 367
281 503
281 575
281 696
281 798
281 852
281 949
281 992
281 996
282 285
282 519
285 585
285 598
287 519
300 311
303 397
306 423
311 444
311 557
311 576
311 708
311 711
311 796
311 848
311 858
312 528
313 370
317 535
327 534
328 430
340 381
350 437
350 508
350 575
350 596
354 391
361 430
370 418
370 563
370 588
370 636
370 763
370 777
370 778
370 779
370 780
380 540
381 721
381 782
387 430
391 550
391 735
391 815
391 995
396 481
396 551
396 768
396 798
397 590
397 822
417 465
417 548
417 575
417 587
417 653
417 753
417 859
419 429
419 933
423 482
423 928
429 502
430 434
430 435
430 458
430 480
430 489
430 494
430 549
430 640
430 697
430 698
430 723
430 876
430 909
430 910
430 911
430 912
445 538
447 534
467 534
480 519
486 534
495 509
495 523
495 573
495 939
502 589
518 538
519 573
519 664
519 710
519 734
519 821
519 879
519 918
519 921
519 935
528 589
528 796
528 927
529 539
532 560
532 572
532 574
532 678
532 751
533 891
534 657
535 943
536 731
536 775
536 780
536 863
538 670
538 680
538 728
539 574
539 584
539 756
539 994
540 690
540 834
543 687
543 722
543 825
