0 4
0 9
0 62
1 4
1 9
1 321
1 331
1 348
2 4
2 206
2 370
2 376
2 400
3 239
3 420
4 9
4 13
4 16
4 29
4 59
4 62
4 75
4 77
4 87
4 91
4 112
4 145
4 147
4 149
4 150
4 157
4 159
4 172
4 177
4 198
4 203
4 204
4 206
4 207
4 208
4 218
4 233
4 238
4 244
4 247
4 263
4 264
4 296
4 321
4 329
4 348
4 351
4 370
4 376
4 394
4 400
4 420
4 427
4 428
4 429
4 430
4 431
4 432
4 433
4 434
4 435
4 436
4 437
4 438
4 439
4 440
4 441
4 442
4 443
4 444
4 445
4 446
4 447
4 448
4 449
4 450
4 451
4 452
4 453
4 454
4 455
4 456
4 457
4 458
4 459
4 460
4 461
4 462
4 463
4 464
4 465
4 466
4 467
4 468
4 469
4 470
4 471
4 472
4 473
4 474
4 475
4 476
5 206
5 472
6 331
6 370
6 376
6 428
6 432
6 451
7 9
7 112
7 264
7 370
8 157
8 420
8 442
8 455
8 680
9 11
9 74
9 122
9 159
9 166
9 203
9 270
9 430
9 433
9 585
9 589
9 591
9 710
9 711
9 712
9 713
9 714
9 715
9 716
9 717
9 718
11 451
12 428
13 264
24 443
25 428
25 443
26 62
26 177
29 247
35 264
40 264
51 455
54 428
62 369
62 669
62 805
70 112
71 206
72 428
75 157
77 321
78 331
84 471
86 680
87 432
89 428
94 376
100 438
101 438
105 428
105 452
106 428
112 207
112 243
112 311
126 428
132 348
133 450
134 438
138 452
140 177
142 428
147 264
148 239
149 157
149 177
149 186
150 244
150 348
150 370
152 438
154 443
157 238
157 269
157 328
157 487
157 521
157 615
157 736
157 748
157 887
157 899
158 680
159 370
160 442
163 420
165 428
167 206
168 475
173 206
177 705
177 735
178 264
179 264
183 428
186 213
186 455
186 527
186 914
186 924
186 933
203 206
203 233
203 239
203 244
203 247
205 428
205 454
206 307
206 318
206 337
206 338
206 399
206 546
206 564
206 639
206 733
206 858
207 454
208 264
210 458
211 331
213 264
229 420
229 472
233 389
233 631
233 706
233 782
239 274
239 455
239 542
239 719
244 310
244 474
244 895
244 921
247 263
247 319
248 348
248 905
250 432
252 264
255 451
259 264
260 442
261 455
261 471
262 376
263 264
263 438
263 451
264 482
264 545
264 561
264 752
264 842
266 370
273 321
278 442
279 321
279 420
294 348
302 321
305 432
310 376
313 370
315 432
316 450
317 471
318 475
321 324
321 481
321 513
321 632
321 829
321 921
321 951
331 375
331 455
331 641
331 732
337 428
348 378
348 465
348 667
348 913
356 438
360 680
370 418
370 563
370 588
370 636
370 763
370 777
370 778
370 779
370 780
374 428
375 446
376 853
376 867
376 876
376 965
377 438
379 452
380 438
390 428
394 443
400 449
400 733
400 875
400 933
428 457
428 488
428 520
428 564
428 589
428 594
428 601
428 706
428 747
428 802
428 824
428 883
428 884
430 458
432 437
432 460
432 480
432 517
432 557
432 643
432 666
432 745
432 916
434 454
438 466
438 871
439 446
442 620
442 762
442 886
442 919
443 490
443 496
443 685
443 781
443 993
446 480
446 529
446 548
446 658
446 941
447 458
450 477
450 583
450 650
450 707
450 733
450 853
451 491
451 567
451 768
451 851
451 861
452 550
452 682
453 905
454 583
455 680
455 905
455 924
455 958
456 522
456 659
456 669
456 719
456 734
456 778
456 926
456 936
458 729
458 746
458 771
471 640
472 602
472 711
475 825
475 838
480 905
518 680
538 680
585 680
602 905
680 920
