0 8
0 18
1 303
1 324
1 335
1 345
1 354
2 206
2 216
2 303
2 392
2 395
3 418
3 420
4 157
4 206
4 420
4 442
5 8
5 71
5 206
5 492
6 71
6 303
6 569
7 303
7 345
7 582
7 605
8 13
8 18
8 22
8 71
8 72
8 73
8 79
8 111
8 152
8 153
8 157
8 203
8 216
8 262
8 263
8 272
8 298
8 303
8 304
8 324
8 335
8 339
8 354
8 392
8 394
8 395
8 418
8 420
8 427
8 435
8 442
8 455
8 477
8 488
8 492
8 512
8 522
8 530
8 535
8 543
8 564
8 569
8 584
8 594
8 609
8 675
8 676
8 677
8 678
8 679
8 680
8 681
8 682
8 683
8 684
8 685
8 686
8 687
8 688
8 689
8 690
8 691
8 692
8 693
8 694
9 711
10 418
10 675
11 272
12 18
12 335
12 582
13 675
13 683
16 392
17 111
17 418
18 32
18 52
18 180
18 225
18 312
18 329
18 431
18 465
18 595
18 784
18 810
18 833
18 848
18 893
18 914
18 937
18 938
18 939
19 644
19 692
21 71
21 418
30 582
32 418
37 395
39 569
48 324
59 71
63 303
70 71
70 111
71 73
71 74
71 82
71 94
71 102
71 173
71 182
71 190
71 204
71 206
71 235
71 236
71 259
71 265
71 267
71 277
71 313
71 314
71 332
71 345
71 380
71 424
71 427
71 433
71 437
71 444
71 480
71 553
71 573
71 582
71 616
71 635
71 636
71 637
71 638
71 639
71 640
71 641
71 642
71 643
71 644
71 645
71 646
71 647
71 648
71 649
71 650
71 651
72 272
74 635
75 157
77 298
78 677
79 272
83 569
83 635
83 644
83 683
83 711
84 216
84 635
86 680
88 582
89 395
89 569
97 686
98 418
103 418
107 605
109 111
109 303
110 345
111 447
111 859
111 982
117 216
128 418
137 640
149 157
150 492
150 543
151 418
154 303
155 324
157 238
157 269
157 328
157 487
157 521
157 615
157 736
157 748
157 887
157 899
158 680
160 442
163 418
163 420
167 206
173 206
173 635
175 303
203 206
203 216
205 605
205 677
206 307
206 318
206 337
206 338
206 399
206 546
206 564
206 639
206 733
206 858
207 692
209 675
210 392
211 324
211 605
211 711
213 418
215 345
216 221
216 302
216 667
222 324
224 272
224 582
229 420
231 303
245 690
259 272
259 298
260 442
262 582
262 683
267 640
269 418
272 387
272 504
272 561
272 579
272 590
272 681
272 799
272 835
272 984
278 442
279 420
290 418
290 650
298 375
298 398
298 414
298 999
303 308
303 339
303 380
303 397
303 439
303 549
303 584
303 652
303 664
303 729
303 763
303 806
303 837
303 838
303 839
303 840
306 690
310 335
311 711
312 418
312 675
313 677
321 324
324 359
324 668
324 979
335 526
335 700
345 743
346 354
354 391
354 550
360 680
366 686
370 418
371 492
379 635
388 691
389 686
392 401
392 602
392 665
392 896
395 435
418 433
418 504
418 585
418 622
418 632
418 679
418 833
418 844
418 864
418 882
418 886
418 887
418 888
418 889
421 635
427 691
430 640
437 582
442 620
442 762
442 886
442 919
449 650
450 650
455 680
463 691
463 692
471 640
472 711
477 582
477 690
492 530
492 584
492 647
492 843
518 680
524 691
538 680
540 690
543 687
543 722
543 825
547 644
549 686
551 635
557 711
570 640
579 582
582 718
582 749
582 855
582 856
585 680
588 640
605 635
605 663
605 698
605 811
605 941
608 640
620 675
635 711
635 967
635 978
640 730
640 977
644 932
650 815
675 781
675 934
675 970
677 733
680 920
683 755
683 806
683 820
686 863
692 802
