0 2
0 37
0 42
1 2
1 70
1 77
1 132
1 322
2 3
2 4
2 5
2 10
2 16
2 20
2 32
2 70
2 72
2 74
2 95
2 103
2 109
2 121
2 162
2 192
2 203
2 206
2 216
2 257
2 259
2 261
2 262
2 281
2 300
2 301
2 303
2 316
2 317
2 318
2 323
2 328
2 341
2 346
2 370
2 371
2 372
2 373
2 374
2 375
2 376
2 377
2 378
2 379
2 380
2 381
2 382
2 383
2 384
2 385
2 386
2 387
2 388
2 389
2 390
2 391
2 392
2 393
2 394
2 395
2 396
2 397
2 398
2 399
2 400
2 401
2 402
2 403
2 404
2 405
2 406
2 407
2 408
2 409
2 410
2 411
2 412
2 413
2 414
2 415
2 416
3 70
3 125
4 75
4 77
4 112
4 145
5 70
5 71
5 96
5 127
6 71
6 77
6 92
6 551
7 70
7 75
7 77
7 90
7 112
7 120
7 374
7 397
8 71
9 122
10 70
12 42
12 76
12 90
13 322
16 412
17 76
21 71
21 120
24 145
24 544
28 75
34 374
34 843
37 70
37 106
37 278
37 395
37 480
39 76
42 70
42 325
42 556
42 708
42 940
42 991
44 75
45 89
47 77
48 92
50 89
52 802
59 71
67 411
70 71
70 72
70 73
70 74
70 75
70 76
70 77
70 78
70 79
70 80
70 81
70 82
70 83
70 84
70 85
70 86
70 87
70 88
70 89
70 90
70 91
70 92
70 93
70 94
70 95
70 96
70 97
70 98
70 99
70 100
70 101
70 102
70 103
70 104
70 105
70 106
70 107
70 108
70 109
70 110
70 111
70 112
70 113
70 114
70 115
70 116
70 117
70 118
70 119
70 120
70 121
70 122
70 123
70 124
70 125
70 126
70 127
70 128
70 129
70 130
70 131
70 132
70 133
70 134
70 135
70 136
70 137
70 138
70 139
70 140
70 141
70 142
70 143
70 144
70 145
70 146
70 147
70 148
71 73
71 74
71 82
71 94
71 102
71 173
71 182
71 190
71 204
71 206
71 235
71 236
71 259
71 265
71 267
71 277
71 313
71 314
71 332
71 345
71 380
71 424
71 427
71 433
71 437
71 444
71 480
71 553
71 573
71 582
71 616
71 635
71 636
71 637
71 638
71 639
71 640
71 641
71 642
71 643
71 644
71 645
71 646
71 647
71 648
71 649
71 650
71 651
72 119
72 126
72 411
72 656
73 92
73 374
75 84
75 87
75 116
75 149
75 150
75 157
75 209
75 361
75 448
75 462
75 466
75 481
75 521
75 573
75 662
75 684
75 705
75 727
75 769
75 774
75 775
75 776
76 83
76 187
76 203
76 207
76 261
76 300
76 427
76 479
76 494
76 495
76 584
76 651
76 676
76 695
76 788
76 789
77 83
77 91
77 172
77 181
77 271
77 298
77 321
77 332
77 377
77 381
77 480
77 526
77 562
77 596
77 628
77 633
77 739
77 753
77 767
77 790
77 791
77 792
77 793
77 794
77 795
78 98
78 138
79 544
80 90
80 403
80 551
82 98
82 525
84 139
88 90
89 130
89 131
89 203
89 254
89 342
89 358
89 369
89 395
89 428
89 436
89 441
89 477
89 483
89 507
89 513
89 569
89 724
89 737
89 759
89 807
89 913
89 953
89 967
89 968
89 969
89 970
89 971
89 972
90 379
90 548
90 555
90 719
90 825
90 939
92 155
92 373
92 386
92 460
92 510
92 611
92 667
92 962
92 971
93 656
96 173
96 232
96 365
96 430
96 435
96 484
96 556
96 655
96 666
96 727
96 859
96 878
96 925
96 958
98 110
98 413
98 418
98 668
98 808
98 824
98 830
98 897
98 989
98 990
100 525
101 322
104 122
105 125
109 525
112 207
112 243
112 311
113 119
113 733
114 205
114 387
114 481
114 891
114 903
118 136
119 204
119 734
119 770
119 861
120 184
120 188
120 212
120 237
120 638
120 786
120 808
120 994
122 203
122 820
122 935
123 150
123 343
123 426
123 641
123 849
123 882
123 903
125 240
125 259
125 627
125 679
125 822
125 973
126 428
126 439
126 523
127 204
127 315
127 517
127 577
127 622
127 836
127 989
128 139
129 166
129 536
129 726
129 922
132 348
132 485
132 676
135 218
135 598
135 668
135 801
136 152
136 752
136 824
138 452
138 723
138 959
139 265
139 527
139 996
141 144
141 151
141 427
141 479
141 744
141 832
145 532
145 959
146 802
148 149
148 239
148 431
148 503
150 397
150 411
150 525
150 544
151 802
163 403
164 416
189 416
202 551
203 249
206 733
207 525
207 733
228 322
228 382
231 397
249 374
249 520
249 920
249 929
251 382
268 382
277 403
300 733
303 397
305 733
316 525
322 374
322 480
322 777
328 411
340 733
347 733
359 551
371 843
374 380
374 428
374 453
374 480
374 525
374 544
374 551
374 607
374 656
374 733
374 802
374 843
374 866
374 870
374 934
375 866
382 517
382 763
382 779
382 796
382 857
382 860
382 914
382 980
382 986
390 411
396 551
397 590
397 822
398 733
400 733
403 484
405 843
412 499
412 654
412 754
416 689
416 958
428 802
429 866
449 656
450 733
457 802
459 733
480 843
486 733
492 843
517 866
525 554
525 595
525 630
525 791
544 678
551 635
551 855
551 873
551 874
551 954
581 733
655 656
656 814
656 889
665 733
677 733
692 802
706 866
709 733
733 747
733 878
802 880
843 904
