0 1
0 2
0 3
0 4
0 5
0 6
0 7
0 8
0 9
0 10
0 11
0 12
0 13
0 14
0 15
0 16
0 17
0 18
0 19
0 20
0 21
0 22
0 23
0 24
0 25
0 26
0 27
0 28
0 29
0 30
0 31
0 32
0 33
0 34
0 35
0 36
0 37
0 38
0 39
0 40
0 41
0 42
0 43
0 44
0 45
0 46
0 47
0 48
0 49
0 50
0 51
0 52
0 53
0 54
0 55
0 56
0 57
0 58
0 59
0 60
0 61
0 62
0 63
0 64
0 65
0 66
0 67
0 68
0 69
1 6
1 267
1 303
1 310
1 331
1 337
2 303
2 371
2 377
2 378
2 383
2 385
3 371
3 377
4 218
4 429
4 432
4 467
5 71
5 371
5 478
5 484
5 488
6 13
6 25
6 46
6 71
6 72
6 77
6 78
6 92
6 140
6 150
6 152
6 163
6 197
6 203
6 204
6 205
6 218
6 230
6 237
6 259
6 261
6 290
6 303
6 306
6 309
6 310
6 331
6 337
6 370
6 371
6 376
6 377
6 378
6 383
6 385
6 393
6 417
6 428
6 429
6 432
6 451
6 467
6 478
6 484
6 488
6 529
6 545
6 546
6 547
6 548
6 549
6 550
6 551
6 552
6 553
6 554
6 555
6 556
6 557
6 558
6 559
6 560
6 561
6 562
6 563
6 564
6 565
6 566
6 567
6 568
6 569
6 570
6 571
7 205
7 267
7 303
7 383
7 429
7 478
7 547
7 550
7 561
7 628
8 71
8 303
8 488
8 564
8 569
10 564
11 429
12 205
12 310
12 546
13 488
14 484
15 562
16 556
17 429
19 547
20 267
21 71
23 546
27 556
30 429
32 559
39 569
41 429
42 556
43 560
46 205
48 92
59 71
63 303
63 562
69 205
70 71
70 92
70 94
70 140
71 73
71 74
71 82
71 94
71 102
71 173
71 182
71 190
71 204
71 206
71 235
71 236
71 259
71 265
71 267
71 277
71 313
71 314
71 332
71 345
71 380
71 424
71 427
71 433
71 437
71 444
71 480
71 553
71 573
71 582
71 616
71 635
71 636
71 637
71 638
71 639
71 640
71 641
71 642
71 643
71 644
71 645
71 646
71 647
71 648
71 649
71 650
71 651
72 378
73 92
73 548
74 205
74 310
77 377
77 562
77 628
78 94
78 331
78 467
79 378
80 551
80 552
83 569
86 385
87 432
89 569
90 548
90 555
92 155
92 373
92 386
92 460
92 510
92 611
92 667
92 962
92 971
94 103
94 150
94 376
94 628
94 671
94 904
94 951
96 484
96 556
97 548
109 303
109 568
114 205
121 140
131 550
135 218
140 177
140 192
143 478
143 561
149 163
149 197
150 429
150 529
152 484
152 529
153 337
154 303
154 550
154 554
163 309
163 403
163 418
163 420
163 721
163 844
163 979
164 550
167 671
168 554
170 310
173 562
175 303
176 550
185 205
185 478
197 524
197 662
197 676
197 774
202 551
203 205
203 218
204 546
205 214
205 237
205 261
205 270
205 428
205 434
205 454
205 479
205 512
205 517
205 519
205 520
205 531
205 545
205 566
205 572
205 605
205 616
205 636
205 645
205 677
205 781
205 782
205 783
205 784
205 785
205 786
205 787
206 337
206 546
206 564
211 331
211 484
212 429
212 563
215 378
218 278
218 417
218 489
218 587
218 614
218 917
224 904
227 546
230 556
231 303
244 310
245 671
246 290
250 432
259 267
259 290
260 552
260 671
261 568
262 290
264 561
267 274
267 399
267 524
267 534
267 545
267 640
267 735
267 746
267 790
267 805
267 931
268 478
272 561
280 310
289 310
290 418
290 431
290 650
293 337
299 310
299 371
299 556
300 371
300 478
302 555
303 308
303 339
303 380
303 397
303 439
303 549
303 584
303 652
303 664
303 729
303 763
303 806
303 837
303 838
303 839
303 840
305 310
305 432
305 547
306 478
307 467
308 565
309 570
310 335
310 376
310 726
310 797
310 882
310 908
314 552
315 432
325 556
331 375
331 455
331 641
331 732
337 428
337 670
337 800
337 877
338 488
348 378
354 550
359 551
362 568
368 550
370 563
371 373
371 405
371 425
371 492
371 643
371 837
371 843
372 478
373 377
373 383
373 429
373 546
374 551
375 559
375 563
377 402
377 438
377 954
377 973
377 975
378 649
378 773
378 944
378 946
378 970
379 550
383 435
383 448
383 461
383 608
385 407
385 477
385 489
385 811
388 550
391 550
394 559
396 551
402 555
403 484
404 429
417 548
419 429
426 546
427 671
428 488
428 564
429 502
429 504
429 522
429 642
429 684
429 698
429 705
429 839
429 866
429 899
429 900
429 901
432 437
432 460
432 480
432 517
432 557
432 643
432 666
432 745
432 916
437 548
446 529
446 548
447 555
451 567
452 550
467 534
477 478
478 626
478 634
478 739
478 741
478 754
478 771
478 772
478 773
479 562
480 904
484 566
484 725
484 929
488 646
490 568
491 628
514 529
517 547
520 555
524 571
525 554
529 539
529 580
529 824
532 560
546 574
546 586
546 958
547 604
547 644
547 652
547 819
548 841
548 848
548 933
550 741
550 774
550 789
550 871
551 635
551 855
551 873
551 874
551 954
552 727
554 576
554 595
554 639
554 784
554 825
554 910
554 930
554 948
555 713
555 801
555 989
556 601
556 655
556 932
558 560
559 857
560 590
560 709
560 965
560 982
560 998
561 740
561 956
563 681
563 964
564 952
565 609
565 736
565 967
567 777
567 816
567 871
568 990
570 640
570 720
570 763
570 884
571 572
571 624
571 777
628 713
671 673
671 890
671 902
678 904
843 904
