0 7
0 28
0 37
1 7
1 70
1 105
2 70
2 95
2 262
2 374
2 375
2 383
2 407
3 70
3 78
4 147
4 429
5 70
5 71
5 78
5 124
5 127
5 485
5 500
6 71
6 78
6 383
6 429
7 9
7 14
7 23
7 25
7 28
7 30
7 33
7 49
7 70
7 72
7 73
7 74
7 75
7 77
7 79
7 80
7 82
7 84
7 90
7 107
7 110
7 112
7 120
7 149
7 152
7 160
7 161
7 168
7 171
7 176
7 184
7 192
7 193
7 196
7 205
7 207
7 210
7 225
7 237
7 254
7 259
7 260
7 262
7 264
7 266
7 267
7 273
7 289
7 300
7 301
7 302
7 303
7 308
7 327
7 345
7 349
7 357
7 360
7 370
7 374
7 375
7 383
7 397
7 407
7 409
7 413
7 417
7 419
7 429
7 431
7 434
7 436
7 447
7 463
7 464
7 478
7 480
7 485
7 500
7 508
7 523
7 547
7 550
7 561
7 574
7 575
7 577
7 582
7 583
7 584
7 585
7 586
7 587
7 588
7 589
7 590
7 591
7 592
7 593
7 594
7 595
7 596
7 597
7 598
7 599
7 600
7 601
7 602
7 603
7 604
7 605
7 606
7 607
7 608
7 609
7 610
7 611
7 612
7 613
7 614
7 615
7 616
7 617
7 618
7 619
7 620
7 621
7 622
7 623
7 624
7 625
7 626
7 627
7 628
7 629
7 630
7 631
7 632
7 633
7 634
8 71
8 262
9 589
10 70
10 586
11 429
12 262
13 625
16 95
17 429
19 105
20 210
21 71
22 28
22 602
25 104
27 262
27 485
28 75
28 584
28 909
28 922
30 429
31 262
33 78
34 374
34 602
37 70
37 106
37 278
37 395
37 480
39 168
41 429
42 70
58 589
58 606
59 71
63 375
65 131
70 71
70 72
70 73
70 74
70 75
70 76
70 77
70 78
70 79
70 80
70 81
70 82
70 83
70 84
70 85
70 86
70 87
70 88
70 89
70 90
70 91
70 92
70 93
70 94
70 95
70 96
70 97
70 98
70 99
70 100
70 101
70 102
70 103
70 104
70 105
70 106
70 107
70 108
70 109
70 110
70 111
70 112
70 113
70 114
70 115
70 116
70 117
70 118
70 119
70 120
70 121
70 122
70 123
70 124
70 125
70 126
70 127
70 128
70 129
70 130
70 131
70 132
70 133
70 134
70 135
70 136
70 137
70 138
70 139
70 140
70 141
70 142
70 143
70 144
70 145
70 146
70 147
70 148
71 73
71 74
71 82
71 94
71 102
71 173
71 182
71 190
71 204
71 206
71 235
71 236
71 259
71 265
71 267
71 277
71 313
71 314
71 332
71 345
71 380
71 424
71 427
71 433
71 437
71 444
71 480
71 553
71 573
71 582
71 616
71 635
71 636
71 637
71 638
71 639
71 640
71 641
71 642
71 643
71 644
71 645
71 646
71 647
71 648
71 649
71 650
71 651
72 126
73 374
73 586
78 85
78 94
78 98
78 138
78 150
78 156
78 284
78 307
78 326
78 331
78 363
78 379
78 467
78 664
78 677
78 721
78 828
78 829
78 830
78 831
78 832
84 105
84 289
86 262
89 131
89 254
95 102
95 109
95 553
95 695
95 705
95 761
95 812
95 824
95 838
95 848
95 863
95 987
100 124
100 618
101 203
101 322
101 434
101 438
101 682
101 765
101 952
104 122
104 156
104 259
104 425
104 491
104 612
104 732
104 935
105 125
105 428
105 452
105 536
105 674
105 849
107 589
107 605
118 136
118 189
118 260
118 481
118 578
118 706
118 726
118 849
118 893
118 938
118 959
124 639
124 847
125 627
126 428
126 439
126 523
127 204
127 315
127 517
127 577
127 622
127 836
127 989
131 160
131 391
131 550
132 485
135 598
143 436
143 478
143 561
143 736
147 264
147 664
147 793
149 168
149 196
150 429
152 375
154 606
156 168
156 586
164 614
164 618
166 407
168 314
168 325
168 475
168 554
168 619
168 651
168 728
168 863
168 887
168 949
169 289
171 254
171 375
175 606
178 196
189 602
196 430
196 439
203 210
203 254
205 605
207 210
207 254
209 262
210 259
210 330
210 392
210 430
210 458
210 503
210 593
210 702
210 736
210 791
210 805
210 828
210 919
210 926
210 929
210 930
211 605
212 429
218 614
222 407
225 603
226 602
227 598
233 631
241 375
249 374
252 631
259 262
259 273
259 289
261 598
262 263
262 265
262 290
262 302
262 341
262 372
262 376
262 431
262 437
262 473
262 477
262 486
262 498
262 582
262 599
262 632
262 651
262 664
262 683
262 695
262 710
263 617
266 627
266 631
270 589
271 589
273 279
273 295
273 302
273 321
273 469
273 585
273 613
273 725
273 829
282 614
285 598
289 310
297 485
298 375
301 606
312 375
316 617
317 630
322 374
331 375
336 603
355 598
372 625
373 383
373 429
374 380
374 428
374 453
374 480
374 525
374 544
374 551
374 607
374 656
374 733
374 802
374 843
374 866
374 870
374 934
375 398
375 427
375 446
375 501
375 559
375 563
375 752
375 813
375 853
375 866
375 942
375 963
375 964
380 598
383 435
383 448
383 461
383 608
385 407
386 589
388 485
392 602
404 429
407 629
407 897
419 429
424 618
428 589
428 601
429 502
429 504
429 522
429 642
429 684
429 698
429 705
429 839
429 866
429 899
429 900
429 901
434 598
434 625
445 631
463 601
472 602
474 589
480 485
480 603
485 757
500 572
500 591
500 721
502 589
524 630
525 630
528 589
546 586
556 601
575 630
586 678
587 614
587 618
589 962
590 603
596 617
598 727
601 655
601 777
602 685
602 769
602 905
602 939
605 635
605 663
605 698
605 811
605 941
606 792
606 937
614 795
617 877
625 653
627 886
627 940
