0 3
1 198
3 8
3 24
3 31
3 87
3 198
3 239
3 253
3 273
3 284
3 312
3 385
3 472
3 640
3 672
3 705
3 725
3 747
3 942
3 994
3 1211
3 1241
3 1302
3 1394
3 1428
3 1467
3 1493
3 1524
3 1526
3 1573
3 1583
3 1696
3 1698
3 1712
3 1737
3 1738
3 1739
3 1740
3 1741
3 1742
3 1743
10 198
95 198
169 198
190 198
198 200
198 263
198 268
198 396
198 501
198 842
198 881
198 937
198 994
198 1515
198 1617
198 1646
198 1654
198 1694
198 1695
198 1696
198 1697
233 1105
261 856
276 1646
404 1105
523 856
584 1105
607 856
837 1105
856 868
856 1105
1105 1108
1105 1196
1105 1646
1115 1646
1256 1646
