7 194
9 806
11 1313
12 1167
20 1456
22 806
74 194
78 194
80 1456
86 194
138 1167
145 1223
156 1167
176 1167
190 194
194 195
194 196
194 245
194 286
194 291
194 313
194 333
194 385
194 499
194 529
194 671
194 717
194 777
194 792
194 1056
194 1059
194 1165
194 1183
194 1195
194 1223
194 1235
194 1265
194 1270
194 1279
194 1293
194 1299
194 1368
194 1476
194 1477
194 1478
194 1479
194 1480
194 1481
194 1482
194 1483
201 1456
208 1167
230 1167
247 1456
265 1167
293 1860
308 1313
322 806
482 806
486 806
487 1313
541 1223
669 1223
673 1456
806 1313
806 1355
806 1399
806 1435
806 1860
862 1223
865 1167
867 1456
876 1456
941 1313
1121 1223
1137 1167
1139 1860
1167 1223
1167 1280
1167 1830
1167 1860
1223 1433
1223 1608
1223 1641
1223 1709
1223 1805
1223 1846
1223 1852
1223 1957
1311 1860
1313 1456
1313 1620
1313 1752
