6 44
6 56
8 114
9 44
44 75
44 114
44 201
44 470
44 705
44 1242
44 1866
44 1903
47 1995
56 216
56 346
56 817
56 859
56 992
56 1122
56 1713
56 1903
56 1959
73 112
73 114
75 112
88 1802
112 242
112 273
112 341
112 383
112 666
112 918
112 967
112 1013
112 1130
112 1790
112 1866
114 333
114 762
114 974
114 1802
331 1711
398 1802
418 1802
449 1995
520 1802
615 1818
643 1995
674 1818
735 1995
783 1903
860 1711
899 1866
957 1903
989 1711
1031 1711
1089 1711
1142 1802
1174 1866
1213 1818
1275 1818
1371 1903
1405 1802
1430 1903
1437 1818
1702 1866
1710 1866
1711 1818
1711 1903
1818 1995
