1 190
7 190
9 147
11 190
13 147
14 190
20 190
23 190
62 190
74 190
75 147
80 190
82 190
83 190
85 1219
86 190
138 190
142 147
142 180
145 147
145 190
145 1219
147 180
147 185
147 254
147 271
147 319
147 324
147 336
147 383
147 456
147 463
147 578
147 591
147 683
147 688
147 805
147 861
147 1099
147 1219
147 1293
147 1294
147 1295
147 1296
147 1297
147 1298
151 190
151 1297
156 190
180 190
180 497
180 1135
180 1490
190 191
190 192
190 193
190 194
190 195
190 196
190 197
190 198
190 199
190 200
190 201
190 202
190 203
190 204
190 205
190 206
190 207
190 208
190 209
190 210
190 211
190 212
190 213
290 1836
295 1219
402 1219
854 1297
880 1219
917 1297
942 1219
953 1836
1107 1219
1196 1297
1219 1438
1219 1836
1219 1857
1219 1966
1262 1836
1297 1647
1421 1836
1836 1974
