0 1
0 3
0 4
1 6
1 7
1 8
1 9
1 35
1 50
1 73
1 74
1 75
1 77
1 87
1 104
1 111
1 123
1 131
1 142
1 144
1 146
1 150
1 152
1 168
1 190
1 191
1 198
1 202
1 210
1 261
1 262
1 263
1 264
1 265
1 266
1 267
1 268
1 269
1 270
1 271
1 272
1 273
1 274
1 275
1 276
1 277
1 278
1 279
1 280
1 281
1 282
1 283
1 284
1 285
1 286
1 287
1 288
1 289
1 290
1 291
1 292
1 293
1 294
1 295
1 296
1 297
1 298
1 299
1 300
1 301
1 302
1 303
1 304
1 305
1 306
1 307
1 308
1 309
1 310
1 311
1 312
1 313
1 314
1 315
1 316
1 317
1 318
1 319
1 320
1 321
1 322
1 323
1 324
1 325
1 326
1 327
1 328
1 329
1 330
1 331
1 332
1 333
1 334
1 335
1 336
1 337
1 338
1 339
1 340
1 341
1 342
1 343
1 344
1 345
1 346
1 347
1 348
1 349
1 350
1 351
1 352
1 353
1 354
1 355
1 356
1 357
1 358
1 359
1 360
1 361
1 362
1 363
1 364
1 365
1 366
1 367
1 368
1 369
1 370
1 371
1 372
1 373
1 374
1 375
1 376
1 377
1 378
1 379
1 380
1 381
1 382
3 8
3 24
3 31
3 87
3 198
3 239
3 253
3 273
3 284
3 312
3 385
3 472
3 640
3 672
3 705
3 725
3 747
3 942
3 994
3 1211
3 1241
3 1302
3 1394
3 1428
3 1467
3 1493
3 1524
3 1526
3 1573
3 1583
3 1696
3 1698
3 1712
3 1737
3 1738
3 1739
3 1740
3 1741
3 1742
3 1743
4 74
4 195
4 495
4 1300
4 1811
6 8
6 31
6 33
6 49
6 50
6 51
6 60
6 69
7 8
7 146
7 190
7 193
7 196
7 280
8 10
8 12
8 33
8 48
8 73
8 74
8 75
8 76
8 77
8 81
8 84
8 108
8 114
8 119
8 131
8 142
8 143
8 159
8 160
8 162
8 199
8 215
8 223
8 230
8 259
8 261
8 262
8 264
8 265
8 267
8 288
8 299
8 344
8 383
8 384
8 387
8 388
8 401
8 422
8 488
8 495
8 496
8 497
8 498
8 499
8 500
8 501
8 502
8 503
8 504
8 505
8 506
8 507
8 508
8 509
8 510
8 511
8 512
8 513
8 514
8 515
8 516
8 517
8 518
8 519
8 520
8 521
8 522
8 523
8 524
8 525
8 526
8 527
8 528
8 529
8 530
8 531
8 532
8 533
8 534
8 535
8 536
8 537
8 538
8 539
8 540
8 541
8 542
8 543
8 544
8 545
8 546
8 547
8 548
8 549
8 550
8 551
8 552
8 553
8 554
8 555
8 556
8 557
8 558
8 559
8 560
8 561
8 562
8 563
8 564
8 565
8 566
8 567
8 568
8 569
8 570
8 571
8 572
8 573
8 574
8 575
8 576
8 577
8 578
8 579
8 580
8 581
8 582
8 583
9 147
9 148
9 150
9 201
10 146
10 150
10 1154
10 1155
11 190
11 230
11 1311
12 280
13 147
13 197
14 190
17 1311
18 146
19 146
19 150
20 190
20 193
20 295
20 862
21 1176
22 1682
23 190
23 1216
23 1718
24 1768
25 274
25 1216
27 1722
27 1732
27 1885
29 295
29 710
31 75
31 262
31 407
31 835
31 1185
31 1273
31 1566
33 136
33 159
33 333
33 402
33 437
33 567
33 594
33 615
33 1122
33 1134
33 1513
33 1736
33 1871
43 1826
44 201
45 272
46 195
49 205
49 627
49 678
49 1062
49 1201
49 1216
49 1353
49 1496
49 1780
49 1848
49 1939
50 861
50 932
50 1132
50 1833
51 82
51 195
51 521
51 691
51 1551
53 1730
60 123
60 283
60 510
60 542
60 618
60 768
60 1553
60 1697
62 190
64 200
69 220
69 273
69 670
69 1736
73 123
73 138
74 190
75 147
75 196
75 197
75 204
75 710
76 123
76 148
76 272
76 710
78 148
79 1168
80 190
82 190
83 190
84 193
85 1164
85 1219
85 1687
86 190
98 274
103 204
104 150
111 1202
111 1718
117 1897
118 201
118 280
123 404
127 1709
130 200
131 302
134 274
138 190
138 859
138 1167
138 1319
142 146
142 147
142 148
142 150
142 180
142 182
142 185
142 189
143 193
143 272
144 274
144 1202
145 147
145 190
145 197
145 1216
145 1219
145 1223
146 157
146 192
146 207
146 220
146 330
146 384
146 495
146 517
146 677
146 682
146 699
146 745
146 750
146 797
146 818
146 869
146 894
146 991
146 998
146 1033
146 1041
146 1048
146 1061
146 1119
146 1155
146 1261
146 1262
146 1263
146 1264
146 1265
146 1266
146 1267
146 1268
147 180
147 185
147 254
147 271
147 319
147 324
147 336
147 383
147 456
147 463
147 578
147 591
147 683
147 688
147 805
147 861
147 1099
147 1219
147 1293
147 1294
147 1295
147 1296
147 1297
147 1298
148 232
148 272
148 383
148 407
148 454
148 900
148 1046
148 1065
148 1295
148 1370
148 1449
148 1451
148 1452
148 1453
150 151
150 277
150 321
150 344
150 360
150 410
150 423
150 508
150 559
150 565
150 588
150 644
150 667
150 677
150 822
150 824
150 900
150 915
150 936
150 939
150 978
150 1026
150 1043
150 1055
150 1060
150 1154
150 1160
150 1175
150 1184
150 1284
150 1373
150 1438
150 1449
150 1466
150 1578
150 1589
150 1590
150 1591
150 1592
150 1593
150 1594
150 1595
151 190
151 197
151 208
151 1297
152 193
154 1730
155 201
156 190
156 1176
157 193
158 1819
161 1738
163 1819
167 1164
168 204
172 1885
179 1738
180 190
180 497
180 1135
180 1490
182 725
182 1027
182 1754
182 1909
182 1946
185 912
185 1518
185 1809
189 201
189 317
189 1153
189 1534
190 191
190 192
190 193
190 194
190 195
190 196
190 197
190 198
190 199
190 200
190 201
190 202
190 203
190 204
190 205
190 206
190 207
190 208
190 209
190 210
190 211
190 212
190 213
190 214
190 215
190 216
190 217
190 218
190 219
190 220
190 221
190 222
190 223
190 224
190 225
190 226
190 227
190 228
190 229
190 230
190 231
190 232
190 233
190 234
190 235
190 236
190 237
190 238
190 239
190 240
190 241
190 242
190 243
190 244
190 245
190 246
190 247
190 248
190 249
190 250
190 251
190 252
190 253
190 254
190 255
190 256
190 257
190 258
190 259
190 260
191 195
191 1124
193 310
193 321
193 383
193 384
193 391
193 420
193 496
193 549
193 591
193 603
193 668
193 673
193 823
193 825
193 876
193 1027
193 1229
193 1299
193 1342
193 1373
193 1374
193 1375
193 1376
193 1377
193 1378
193 1379
193 1380
194 195
194 196
194 1223
195 261
195 263
195 282
195 395
195 396
195 433
195 474
195 522
195 599
195 680
195 687
195 736
195 896
195 937
195 967
195 1037
195 1173
195 1217
195 1231
195 1247
195 1408
195 1463
195 1510
195 1511
195 1512
195 1513
195 1514
195 1515
195 1516
195 1517
196 207
196 292
196 342
196 413
196 469
196 590
196 612
196 631
196 663
196 709
196 788
196 792
196 860
196 871
196 894
196 931
196 954
196 1093
196 1100
196 1154
196 1322
196 1404
196 1522
196 1547
196 1566
196 1567
196 1568
196 1569
196 1570
197 296
197 304
197 397
197 1071
197 1652
198 200
198 1696
200 222
200 383
200 492
200 550
200 666
200 670
200 674
200 758
200 781
200 1311
200 1352
200 1489
200 1495
200 1516
200 1568
200 1613
200 1649
200 1687
200 1757
200 1764
200 1765
200 1766
201 283
201 495
201 640
201 1039
201 1456
201 1687
201 1714
201 1764
201 1768
201 1789
201 1800
204 496
204 589
204 621
204 639
204 664
204 789
204 996
204 1300
204 1327
204 1363
204 1436
204 1585
204 1730
204 1741
204 1828
204 1829
204 1830
204 1831
205 1168
208 291
208 410
208 477
208 497
208 723
208 804
208 860
208 960
208 983
208 1058
208 1167
208 1723
208 1739
208 1754
208 1778
208 1780
208 1858
208 1861
208 1862
210 1216
215 1948
225 1155
226 1830
227 1722
230 501
230 1167
230 1901
233 1202
233 1901
238 1951
242 272
242 1954
244 280
249 272
261 274
261 302
262 862
264 274
265 1164
265 1168
265 1176
268 272
268 862
269 280
272 588
272 720
272 1158
272 1164
272 1425
272 1437
272 1519
272 1557
272 1558
272 1559
272 1560
272 1561
273 862
274 388
274 395
274 416
274 511
274 732
274 783
274 827
274 864
274 1611
274 1612
274 1613
274 1614
279 1664
280 326
280 331
280 393
280 431
280 589
280 776
280 932
280 1222
280 1301
280 1322
280 1375
280 1493
280 1540
280 1648
280 1666
280 1667
280 1668
283 1722
283 1732
283 1736
284 1756
285 295
285 1768
286 1771
290 1828
290 1836
291 1843
294 1864
295 322
295 384
295 394
295 509
295 520
295 606
295 902
295 1078
295 1219
295 1805
295 1843
296 1833
301 1722
302 525
302 560
302 666
302 781
302 796
302 829
302 998
302 1004
302 1021
302 1102
302 1115
302 1133
302 1287
302 1373
302 1395
302 1476
302 1587
302 1749
302 1756
302 1761
303 317
306 1778
307 1202
310 1862
317 674
317 697
317 1477
317 1682
318 1722
328 1780
332 1216
336 1696
336 1722
338 1864
348 1820
349 1862
353 1155
361 1124
378 710
396 1722
397 1826
401 1737
402 1219
407 1819
411 1709
416 1833
418 1773
422 1664
428 1862
429 1756
438 1216
446 1730
448 1732
451 1652
451 1689
458 1820
470 1819
472 1718
476 1819
501 1216
512 1737
512 1953
520 1718
526 1216
532 1216
536 1216
541 1223
546 1901
551 1819
553 1897
566 1953
573 1680
585 1164
589 1682
589 1709
590 1738
592 1164
593 1722
597 1826
603 1771
603 1946
604 1154
604 1216
604 1709
605 1954
606 1778
626 1664
637 1216
645 1216
650 1664
669 710
669 862
669 1168
669 1223
669 1680
670 1680
670 1750
674 1722
681 1738
682 1876
691 1773
693 1737
699 1168
710 1216
710 1556
710 1755
710 1773
710 1897
717 1687
718 1951
719 1750
721 1696
734 1953
751 1992
755 1946
778 1682
781 1722
781 1876
785 1164
788 1992
795 1826
824 1168
826 1202
827 1951
835 1765
837 1765
854 1297
860 1164
861 1722
862 1046
862 1223
862 1326
862 1664
862 1876
864 1828
872 1738
872 1897
877 1311
880 1219
883 1953
885 1216
905 1864
917 1297
917 1771
917 1954
922 1820
931 1687
931 1689
932 1722
934 1689
937 1820
938 1828
938 1901
941 1828
942 1219
950 1948
953 1164
953 1836
957 1664
966 1771
994 1737
995 1216
1006 1830
1019 1876
1020 1778
1025 1737
1025 1876
1027 1778
1031 1164
1032 1682
1042 1311
1043 1164
1052 1766
1065 1696
1065 1897
1066 1155
1066 1736
1067 1750
1067 1948
1072 1124
1084 1737
1090 1885
1096 1738
1097 1773
1101 1819
1102 1953
1104 1216
1104 1948
1107 1219
1107 1766
1108 1948
1110 1766
1118 1951
1121 1223
1122 1946
1124 1222
1124 1586
1124 1765
1125 1778
1125 1843
1131 1168
1132 1778
1132 1780
1135 1154
1154 1160
1164 1176
1164 1184
1164 1826
1167 1223
1167 1830
1168 1795
1168 1946
1172 1992
1173 1202
1176 1528
1176 1680
1183 1737
1185 1687
1196 1297
1202 1246
1202 1473
1202 1680
1202 1843
1202 1934
1215 1826
1216 1335
1216 1555
1216 1864
1216 1885
1216 1928
1216 1929
1219 1438
1219 1836
1219 1857
1219 1966
1220 1718
1223 1433
1223 1608
1223 1641
1223 1709
1223 1805
1223 1846
1223 1852
1223 1957
1248 1768
1254 1682
1254 1709
1258 1953
1262 1836
1275 1738
1293 1722
1297 1647
1300 1773
1311 1860
1331 1885
1334 1897
1352 1732
1363 1722
1373 1730
1373 1833
1395 1732
1403 1948
1406 1736
1421 1836
1424 1780
1436 1765
1441 1830
1442 1722
1453 1820
1463 1953
1492 1901
1493 1756
1503 1864
1505 1750
1513 1766
1536 1722
1538 1664
1543 1948
1548 1843
1566 1689
1571 1768
1578 1652
1579 1953
1584 1901
1590 1771
1595 1765
1600 1722
1609 1709
1623 1992
1629 1718
1642 1722
1642 1737
1652 1771
1652 1854
1664 1876
1680 1830
1680 1992
1687 1960
1689 1897
1698 1948
1699 1948
1708 1737
1709 1946
1709 1967
1714 1951
1718 1732
1722 1819
1722 1820
1722 1821
1723 1732
1732 1787
1732 1830
1732 1850
1732 1918
1732 1948
1736 1951
1738 1953
1738 1991
1750 1768
1756 1954
1756 1957
1768 1801
1768 1821
1773 1948
1807 1819
1819 1833
1828 1931
1836 1974
1843 1916
1843 1994
1862 1906
1876 1885
1876 1908
1897 1954
1931 1946
1951 1954
