0 4
4 74
4 195
4 495
4 1300
4 1811
7 194
13 197
16 995
19 145
23 1216
25 1216
46 195
49 1216
51 195
74 145
74 194
75 197
76 145
78 194
82 145
86 194
142 145
145 147
145 190
145 197
145 219
145 267
145 273
145 322
145 343
145 345
145 359
145 383
145 420
145 477
145 531
145 532
145 534
145 535
145 609
145 627
145 633
145 713
145 733
145 785
145 827
145 860
145 876
145 895
145 912
145 958
145 1048
145 1065
145 1137
145 1216
145 1217
145 1218
145 1219
145 1220
145 1221
145 1222
145 1223
145 1224
145 1225
145 1226
145 1227
145 1228
145 1229
145 1230
145 1231
145 1232
145 1233
145 1234
151 197
165 995
190 194
190 195
190 197
191 195
194 195
194 196
194 245
194 286
194 291
194 313
194 333
194 385
194 499
194 529
194 671
194 717
194 777
194 792
194 1056
194 1059
194 1165
194 1183
194 1195
194 1223
194 1235
194 1265
194 1270
194 1279
194 1293
194 1299
194 1368
194 1476
194 1477
194 1478
194 1479
194 1480
194 1481
194 1482
194 1483
194 1484
194 1485
194 1486
194 1487
194 1488
194 1489
194 1490
194 1491
195 261
195 263
195 282
195 395
195 396
195 433
195 474
195 522
195 599
195 680
195 687
195 736
195 896
195 937
195 967
195 1037
195 1173
195 1217
195 1231
195 1247
195 1408
195 1463
195 1510
195 1511
195 1512
195 1513
195 1514
195 1515
195 1516
195 1517
197 296
197 304
197 397
197 1071
197 1652
210 1216
263 995
294 1864
332 1216
338 1864
405 995
438 1216
451 1652
501 1216
526 1216
532 1216
536 1216
541 1223
604 1216
637 1216
645 1216
658 1725
669 1223
681 1725
710 1216
817 995
826 1725
835 1943
842 995
862 1223
872 1943
885 1216
905 1864
932 1725
995 1027
995 1216
995 1378
995 1640
995 1943
1073 1234
1104 1216
1121 1223
1167 1223
1201 1943
1216 1335
1216 1555
1216 1864
1216 1885
1216 1928
1216 1929
1223 1433
1223 1608
1223 1641
1223 1709
1223 1805
1223 1846
1223 1852
1223 1957
1234 1302
1234 1725
1234 1838
1441 1943
1468 1725
1503 1864
1578 1652
1652 1771
1652 1854
1725 1793
