0 1
1 6
1 7
1 8
1 9
1 35
1 50
1 73
1 74
1 75
1 77
1 87
1 104
1 111
1 123
1 131
1 142
1 144
1 146
1 150
1 152
1 168
1 190
1 191
1 198
1 202
1 210
1 261
1 262
1 263
1 264
1 265
1 266
1 267
1 268
1 269
1 270
1 271
1 272
1 273
1 274
1 275
1 276
1 277
1 278
1 279
1 280
1 281
1 282
1 283
1 284
1 285
1 286
1 287
1 288
1 289
1 290
1 291
1 292
1 293
1 294
1 295
1 296
1 297
1 298
1 299
1 300
1 301
1 302
1 303
1 304
1 305
1 306
1 307
1 308
1 309
1 310
1 311
1 312
1 313
1 314
1 315
1 316
1 317
1 318
1 319
1 320
1 321
1 322
1 323
1 324
1 325
1 326
1 327
1 328
1 329
1 330
1 331
1 332
1 333
1 334
1 335
1 336
1 337
1 338
1 339
1 340
1 341
1 342
1 343
1 344
1 345
1 346
1 347
1 348
1 349
1 350
1 351
1 352
1 353
1 354
1 355
1 356
1 357
1 358
1 359
1 360
1 361
1 362
1 363
7 190
7 193
8 496
10 496
11 190
14 190
17 496
20 190
20 193
23 190
32 496
62 190
74 190
80 190
82 190
83 190
84 193
86 190
105 496
113 496
138 190
143 193
145 190
151 190
152 193
155 496
156 190
157 193
180 190
190 191
190 192
190 193
190 194
190 195
190 196
190 197
190 198
190 199
190 200
190 201
190 202
190 203
190 204
190 205
190 206
190 207
190 208
190 209
190 210
190 211
190 212
190 213
190 214
190 215
190 216
190 217
190 218
190 219
190 220
190 221
190 222
190 223
190 224
190 225
190 226
190 227
190 228
190 229
190 230
190 231
190 232
190 233
190 234
190 235
190 236
190 237
190 238
190 239
190 240
190 241
190 242
190 243
190 244
190 245
190 246
190 247
190 248
190 249
190 250
190 251
190 252
190 253
190 254
190 255
190 256
190 257
190 258
190 259
190 260
193 310
193 321
193 383
193 384
193 391
193 420
193 496
193 549
193 591
193 603
193 668
193 673
193 823
193 825
193 876
193 1027
193 1229
193 1299
193 1342
193 1373
193 1374
193 1375
193 1376
193 1377
193 1378
193 1379
193 1380
204 496
211 496
252 496
263 496
268 496
283 496
496 550
496 804
496 835
496 896
496 1026
496 1104
496 1123
496 1183
496 1195
496 1299
496 1333
496 1351
496 1352
496 1385
496 1386
496 1387
496 1388
496 1389
496 1390
496 1391
496 1392
496 1393
