40 391
113 283
138 284
138 286
169 284
169 286
182 401
233 286
238 284
238 286
238 379
238 396
281 283
281 284
281 286
283 285
283 286
283 344
283 356
283 382
283 400
283 971
284 285
284 286
284 338
284 366
284 367
284 371
284 376
284 377
284 378
284 380
284 397
284 400
284 741
284 883
284 995
285 286
285 348
285 353
285 357
285 361
285 362
285 369
285 379
286 290
286 333
286 334
286 337
286 338
286 340
286 341
286 342
286 343
286 344
286 345
286 347
286 348
286 352
286 353
286 354
286 355
286 356
286 357
286 359
286 360
286 361
286 362
286 367
286 368
286 369
286 373
286 374
286 377
286 378
286 379
286 380
286 381
286 382
286 383
286 384
286 385
286 386
286 387
286 388
286 389
286 390
286 391
286 392
286 393
286 394
286 395
286 396
286 397
286 398
286 399
286 400
286 401
339 379
342 361
348 377
353 665
357 380
359 396
360 379
360 385
361 807
362 371
362 994
363 395
366 387
368 995
369 381
369 386
369 490
370 379
377 878
378 379
379 383
379 384
379 397
379 611
380 393
380 995
382 395
384 396
385 674
387 408
390 634
390 961
391 932
393 795
395 687
401 487
401 495
401 497
401 568
401 570
401 577
401 582
401 583
401 655
401 812
401 824
401 848
401 900
401 939
401 942
405 950
561 566
566 875
566 883
800 950
873 878
874 880
874 882
874 883
875 880
875 883
875 885
875 887
875 889
877 882
877 885
877 887
878 883
878 888
878 889
880 889
881 883
882 885
882 886
882 889
882 950
886 889
887 889
888 889
