10 53
24 53
24 114
28 53
29 53
29 83
50 53
51 53
52 53
52 83
53 54
53 55
53 56
53 57
53 58
53 60
53 61
53 62
53 63
53 64
53 65
53 66
53 67
53 68
53 69
53 70
53 71
53 72
53 73
53 74
53 75
53 76
53 77
53 78
53 79
53 80
53 81
53 82
53 83
53 86
53 87
53 88
53 89
53 90
53 91
53 92
53 93
53 95
53 97
53 99
53 100
53 101
53 102
53 103
53 104
53 105
53 106
53 107
53 108
53 109
53 110
53 111
53 112
53 113
53 114
53 115
53 116
53 117
53 118
53 119
53 120
53 121
53 122
53 123
53 124
53 125
53 126
53 127
53 128
53 129
53 130
53 131
53 132
53 133
53 134
53 135
53 136
53 137
53 138
53 139
54 83
54 114
113 283
121 135
121 702
138 284
138 285
138 286
138 336
138 363
138 376
138 381
138 382
138 400
164 169
169 284
169 285
169 286
169 380
182 579
212 743
270 374
281 283
283 285
283 286
283 344
283 356
283 382
283 400
283 971
284 338
284 367
284 371
284 380
284 995
285 338
285 341
285 357
285 365
285 367
285 370
285 371
285 374
285 380
285 382
286 337
286 338
286 341
286 357
286 367
286 374
286 380
286 382
286 383
286 392
286 393
286 395
316 320
317 320
320 321
320 338
327 579
334 337
334 338
335 370
336 382
337 338
337 368
337 371
337 375
337 963
338 341
338 374
338 377
338 382
338 392
338 398
357 380
362 371
363 395
365 382
365 398
365 410
367 382
367 523
368 995
370 379
370 381
370 382
371 383
373 374
374 381
375 963
376 382
377 380
378 380
378 382
379 383
380 382
380 393
380 579
380 995
382 395
382 398
382 743
392 869
393 795
395 687
400 963
578 579
579 580
579 582
579 896
579 899
579 900
742 743
