98 280
98 685
98 773
116 976
116 979
155 258
155 277
225 767
255 256
255 257
255 258
256 258
256 260
257 258
257 261
257 262
258 260
258 261
258 262
258 263
258 264
258 265
258 266
258 267
258 268
258 269
258 270
258 271
258 272
258 273
258 274
258 275
258 276
258 277
258 278
258 279
258 280
259 270
259 274
260 282
261 267
262 263
262 742
263 264
264 281
265 282
265 527
266 269
266 944
268 272
268 275
270 374
271 277
273 704
273 860
274 703
276 699
276 724
276 924
277 278
279 585
279 587
279 588
279 593
279 594
279 595
279 596
279 597
279 598
280 312
280 420
280 423
280 685
280 761
280 762
280 763
280 765
280 766
280 767
280 768
280 769
280 770
280 771
280 772
280 773
280 774
312 773
423 685
423 765
423 772
423 773
446 768
475 685
685 771
685 862
685 865
685 866
759 860
764 768
764 772
765 964
767 970
769 862
769 863
772 862
772 864
773 970
860 980
976 977
976 978
977 980
978 979
978 980
978 982
979 981
981 982
982 992
