29 311
53 125
96 171
96 199
99 125
125 211
126 211
165 171
170 565
171 195
171 209
171 210
171 211
171 216
171 285
171 516
171 517
171 518
171 565
172 192
172 211
172 516
172 609
186 202
190 192
192 195
192 200
192 201
192 202
192 203
192 204
192 205
192 206
192 207
192 208
192 209
192 210
192 211
192 212
192 213
193 211
195 207
195 516
196 207
199 211
199 217
199 501
199 509
199 776
201 207
201 211
201 777
202 518
203 210
203 216
206 211
207 210
207 465
211 518
211 609
211 777
211 949
212 311
212 731
212 733
212 734
212 738
212 739
212 741
212 743
212 744
212 745
212 746
212 747
212 748
212 749
212 750
212 751
212 752
212 753
284 741
311 749
311 818
382 743
452 739
490 565
492 516
497 750
507 777
514 609
515 752
516 518
516 610
518 609
558 559
558 560
558 561
559 562
560 561
560 562
560 563
560 564
560 565
561 562
561 563
563 564
631 753
731 732
731 733
732 734
732 738
733 739
733 741
734 744
735 741
738 742
738 745
738 746
738 814
738 818
742 743
742 751
747 817
747 819
748 753
750 816
751 829
752 835
752 909
753 818
