13 604
22 946
32 39
39 189
39 998
42 388
138 286
138 381
162 230
169 286
175 176
176 179
176 180
176 181
176 182
178 181
178 185
178 186
178 187
178 189
179 189
179 239
180 181
180 186
180 232
180 239
180 245
181 186
181 189
181 230
181 231
181 239
181 240
181 241
181 242
181 243
181 244
181 245
181 246
182 401
185 189
185 231
185 234
186 202
186 234
186 243
187 189
187 244
187 701
187 947
187 969
187 971
189 231
189 232
189 381
189 945
189 946
189 947
230 231
231 232
233 286
238 286
240 662
240 914
241 861
241 998
242 701
242 966
243 945
245 757
245 861
245 997
246 808
246 813
246 896
246 898
264 281
281 283
281 284
281 285
281 286
283 286
284 286
284 367
285 286
285 333
285 343
285 345
285 367
285 381
286 290
286 333
286 334
286 337
286 338
286 340
286 341
286 342
286 343
286 344
286 345
286 347
286 348
286 352
286 353
286 354
286 355
286 356
286 357
286 359
286 360
286 361
286 362
286 367
286 368
286 369
286 373
286 374
286 377
286 378
286 379
286 380
286 381
286 382
286 383
286 384
286 385
286 386
286 387
286 388
286 389
286 390
286 391
286 392
286 393
286 394
286 395
286 396
286 397
286 398
286 399
286 400
286 401
333 334
336 381
343 366
345 962
350 381
351 388
367 382
367 523
369 381
370 381
374 381
381 394
381 397
401 487
401 495
401 497
401 568
401 570
401 577
401 582
401 583
401 655
401 812
401 824
401 848
401 900
401 939
401 942
603 604
604 606
606 835
606 945
946 960
