1 9
1 12
1 14
1 17
2 12
2 17
2 20
2 21
3 14
3 17
3 20
3 21
3 27
3 28
8 17
8 426
9 364
9 423
9 970
12 16
12 17
12 23
14 16
14 17
14 20
14 21
15 17
15 425
15 426
16 17
16 27
16 425
17 23
17 27
17 220
17 425
17 587
18 235
24 54
24 91
24 92
24 95
24 97
24 114
24 127
24 128
24 132
24 133
24 136
24 403
27 200
28 29
28 52
28 53
28 97
28 99
28 103
29 51
29 54
29 83
29 95
29 101
29 106
29 108
29 120
29 127
29 132
29 310
29 311
29 312
30 31
30 32
30 33
31 32
31 33
31 34
31 35
31 36
31 37
32 35
32 39
32 41
32 42
33 35
33 41
33 42
34 49
34 253
35 37
35 42
35 43
35 48
36 41
36 42
36 614
37 41
37 42
39 189
39 998
40 391
40 467
40 930
40 994
41 42
41 43
41 373
41 869
41 871
42 43
42 48
42 388
42 870
43 870
43 871
49 871
50 51
50 52
50 53
51 52
51 53
51 54
52 54
52 56
52 59
52 60
52 70
52 74
52 81
52 83
52 85
52 88
52 89
52 90
52 91
52 92
52 95
52 97
52 98
52 101
53 54
53 56
53 60
53 70
53 74
53 81
53 83
53 88
53 89
53 90
53 91
53 92
53 95
53 97
53 101
53 106
53 108
53 109
53 110
53 114
53 120
53 123
53 124
53 126
53 127
53 128
53 132
53 133
53 135
53 136
53 137
54 56
54 60
54 70
54 83
54 88
54 90
54 92
54 95
54 97
54 99
54 100
54 101
54 102
54 103
54 104
54 106
54 114
54 120
54 127
54 136
54 378
54 406
54 407
59 213
59 319
61 503
67 775
74 897
81 103
81 497
85 99
85 101
85 133
88 890
89 101
89 135
90 102
90 523
91 95
91 668
92 375
94 691
94 904
95 104
96 190
96 197
96 198
96 199
96 200
97 99
97 100
97 102
97 132
97 624
98 280
98 423
98 685
98 764
98 771
98 773
98 965
98 967
98 970
99 135
100 101
100 133
100 782
101 103
101 108
101 110
101 493
101 666
102 136
103 123
103 133
103 619
104 136
104 310
109 128
109 310
110 518
121 135
121 702
123 770
124 143
124 162
126 205
126 211
126 216
128 893
130 216
130 519
130 836
134 184
135 891
137 487
137 583
137 810
137 848
137 899
137 985
138 284
138 336
138 376
138 400
139 237
139 399
139 434
139 522
139 525
139 526
139 527
139 529
139 530
139 531
139 532
139 534
139 550
139 551
139 552
139 554
139 728
139 729
140 141
140 142
140 143
141 145
142 143
142 145
142 146
142 147
142 148
142 149
142 150
142 151
142 152
143 145
143 147
143 151
143 154
143 155
143 158
143 160
143 162
145 150
145 935
146 162
146 237
146 376
147 150
147 161
148 154
149 200
149 514
151 161
151 162
151 607
151 895
152 158
152 160
152 162
152 237
154 162
155 258
155 277
157 322
157 328
158 162
158 895
160 161
160 162
161 162
162 230
162 235
162 236
162 237
162 238
169 284
169 380
170 492
170 610
170 776
171 209
171 210
171 216
171 516
172 192
172 200
172 208
172 210
172 221
172 516
172 609
172 613
172 614
175 176
175 177
175 178
176 179
176 180
176 181
176 182
177 179
177 180
177 183
177 184
178 180
178 181
178 185
178 186
178 187
178 188
178 189
179 180
179 235
179 239
180 181
180 186
180 232
180 239
180 244
180 245
180 424
180 473
180 603
181 230
181 239
181 242
182 209
182 327
182 493
182 497
182 573
182 575
182 579
182 582
182 583
183 688
183 785
184 960
185 189
185 231
185 234
186 202
186 234
187 189
187 244
187 701
187 947
187 969
187 971
188 455
188 470
188 471
188 475
188 682
189 232
189 947
190 191
190 192
191 193
192 195
192 200
192 201
192 202
192 203
192 204
192 205
192 206
192 207
192 208
192 209
192 210
192 211
192 212
192 213
193 211
193 229
194 616
194 631
194 633
194 640
195 200
195 204
195 208
195 216
195 221
195 228
195 229
195 351
195 491
195 492
195 499
195 501
195 503
195 506
195 508
195 509
195 510
195 511
195 513
195 514
195 516
197 512
197 776
198 209
198 498
198 519
199 211
199 217
199 501
199 509
199 776
200 201
201 208
201 209
201 227
201 228
201 499
201 501
201 776
202 518
203 210
203 216
204 987
205 223
206 211
206 512
207 210
207 465
208 228
208 498
208 504
209 222
209 229
209 518
209 610
209 776
210 217
210 227
210 511
210 513
210 620
211 609
212 311
212 731
212 733
212 741
212 743
212 745
212 748
212 749
212 750
212 751
213 282
213 315
213 319
213 529
213 583
213 605
213 607
213 616
213 617
213 618
213 619
213 621
213 623
213 624
213 625
213 626
213 627
213 628
213 629
213 630
213 631
213 632
213 633
213 634
213 635
213 636
213 637
213 638
213 639
213 640
213 641
213 642
213 643
213 644
213 645
213 646
213 647
213 648
213 649
214 215
214 216
214 217
216 221
216 222
217 227
217 228
217 229
219 903
220 407
220 689
220 715
222 511
222 870
223 948
227 517
228 488
229 512
229 514
229 693
229 836
230 231
231 232
231 233
231 234
233 244
233 286
233 993
233 997
234 921
234 960
236 610
238 284
238 286
238 339
238 359
238 379
238 396
240 662
240 914
241 861
241 998
242 701
242 966
245 861
245 997
246 808
246 813
246 896
250 253
251 253
252 403
252 780
252 782
252 783
252 784
255 256
255 257
255 258
256 260
257 258
257 261
257 262
257 263
258 260
258 261
258 263
258 269
258 270
258 271
258 272
258 274
258 276
258 277
258 278
258 280
259 270
259 274
260 282
261 267
262 263
262 742
263 264
263 282
264 281
265 282
265 527
266 269
266 944
268 272
269 271
270 374
271 277
272 278
274 703
276 699
276 724
276 924
277 278
278 282
278 703
278 704
278 861
279 585
279 587
279 588
279 594
279 596
280 312
280 420
280 423
280 685
280 761
280 762
280 763
280 765
280 766
280 767
280 768
280 769
280 770
280 771
280 772
280 773
280 774
281 283
281 284
281 285
281 286
283 400
284 285
284 286
284 338
284 366
284 367
284 371
284 376
284 377
284 378
284 380
284 397
284 400
284 741
284 883
284 995
285 333
285 335
285 336
285 338
285 339
285 341
285 342
285 343
285 345
285 349
285 351
285 354
285 355
285 357
285 361
285 362
285 365
285 366
285 367
285 368
285 370
285 371
285 373
285 374
285 375
285 376
285 380
286 333
286 334
286 338
286 341
286 342
286 343
286 345
286 354
286 355
286 357
286 361
286 362
286 367
286 368
286 373
286 374
286 380
286 383
286 384
286 387
286 388
286 389
286 391
286 392
286 393
286 396
286 397
286 398
286 399
286 400
287 288
287 289
287 290
288 293
289 293
289 294
289 295
290 297
293 299
293 300
293 542
293 917
293 919
293 923
294 937
295 722
295 726
295 727
297 582
297 923
298 411
298 825
299 999
300 445
300 921
307 465
307 466
307 681
311 749
311 818
312 766
312 773
312 966
313 315
313 316
314 317
314 318
315 319
316 320
316 321
317 320
317 321
318 661
318 662
319 583
319 616
319 617
319 619
319 621
320 321
320 338
321 702
322 323
322 324
323 325
323 326
323 327
324 330
324 332
325 661
325 907
326 908
326 914
326 915
327 579
327 580
327 847
327 849
327 850
328 332
328 973
330 661
330 973
331 662
331 915
332 908
332 914
333 334
334 335
334 336
334 337
334 338
335 370
336 381
336 382
337 338
337 368
337 371
337 375
338 341
338 374
338 377
338 382
338 392
338 398
339 379
342 361
343 366
345 962
346 349
349 373
351 388
352 389
354 376
355 375
357 380
359 396
361 807
362 371
362 994
364 764
364 967
365 382
365 398
365 410
366 387
367 382
367 523
368 475
368 995
370 379
370 381
370 382
371 383
372 790
372 791
373 374
374 381
375 376
375 963
376 382
377 380
377 400
378 380
379 383
379 384
379 397
379 611
380 382
380 393
380 579
380 995
381 397
382 398
382 743
384 396
387 408
389 398
390 634
390 961
391 932
392 869
393 795
397 967
398 518
399 523
399 526
399 528
399 729
400 963
401 497
401 582
401 583
401 655
401 900
401 939
403 781
403 783
405 797
405 802
405 803
405 951
406 706
406 710
407 691
407 716
407 968
408 409
408 410
409 411
409 414
409 415
409 416
409 417
409 420
410 414
410 415
410 416
410 417
410 420
411 416
413 415
413 420
414 419
414 420
415 420
416 419
416 420
417 419
417 420
417 422
417 841
418 798
418 802
418 805
418 996
419 420
420 422
423 764
423 765
423 770
423 866
423 965
423 967
424 427
424 428
424 429
424 431
424 432
424 434
424 436
424 437
424 439
424 440
424 441
424 442
424 445
424 446
424 448
424 449
424 452
424 453
424 455
424 457
424 458
424 460
424 465
424 466
424 467
424 470
424 471
424 475
426 522
427 472
427 475
428 664
428 686
429 473
429 475
431 457
431 461
432 435
432 962
434 522
436 437
436 475
437 958
438 441
439 475
439 684
440 450
440 470
441 465
442 458
442 924
445 682
446 683
446 768
448 468
448 682
449 456
449 686
451 681
451 683
452 471
452 739
452 778
453 462
453 464
453 475
454 457
454 681
455 461
455 475
456 686
457 475
458 466
458 468
459 678
459 686
460 475
460 684
460 888
461 470
462 680
463 475
463 686
464 675
465 466
466 686
467 925
467 929
467 931
467 956
469 471
469 686
470 475
470 677
470 962
471 474
471 475
471 684
472 675
473 678
473 679
474 475
475 646
475 675
475 678
475 679
475 680
475 681
475 682
475 683
475 684
475 685
475 686
486 488
486 491
486 492
487 493
487 494
487 497
488 518
491 776
491 972
492 516
494 811
494 986
495 847
497 569
497 577
497 581
497 583
497 700
497 750
497 808
497 848
497 936
497 985
499 614
500 519
502 699
502 846
503 513
504 513
505 508
506 514
506 612
508 836
509 517
510 691
510 987
511 784
514 609
515 833
516 518
516 610
517 776
518 609
518 610
520 521
520 522
520 523
521 524
522 525
522 526
522 527
522 528
522 529
523 526
523 529
523 530
523 531
523 532
523 534
524 691
524 713
525 551
525 556
526 535
526 728
527 528
527 535
527 552
527 584
529 530
529 531
529 532
529 534
529 535
529 554
532 535
533 657
534 556
534 584
535 550
535 551
535 552
535 554
538 539
539 541
539 542
540 542
540 543
540 547
540 548
541 542
542 543
542 547
542 548
542 549
542 991
543 549
546 724
547 833
547 991
548 549
548 991
550 728
553 729
566 875
566 883
569 583
569 809
569 894
571 693
573 581
573 583
575 578
575 582
575 848
576 697
576 806
576 808
577 654
577 657
577 658
578 579
578 582
578 813
578 900
579 580
579 582
579 896
579 899
579 900
580 583
580 776
580 807
580 849
580 897
580 935
581 582
581 583
581 894
581 897
582 583
582 643
582 812
582 940
582 941
582 985
582 992
583 655
583 657
583 695
583 700
583 705
583 806
583 809
583 810
583 811
583 812
583 813
585 586
585 587
586 587
586 588
586 589
586 591
587 591
587 593
587 594
587 596
587 597
587 598
587 599
587 600
587 601
587 602
588 642
589 595
589 645
591 598
592 601
592 602
593 600
594 595
596 651
597 601
598 600
599 650
599 651
602 652
603 605
605 607
607 639
607 640
607 641
607 648
611 690
611 691
611 715
611 716
613 666
613 670
613 672
613 674
614 775
614 776
615 943
617 632
618 648
619 624
620 621
621 622
621 638
622 633
622 641
622 642
622 645
623 628
623 636
623 637
623 642
623 645
623 646
623 654
624 625
624 637
624 641
624 648
625 649
626 646
627 628
627 639
629 644
629 647
630 635
630 647
631 753
632 648
634 961
635 648
636 649
639 718
640 644
643 646
645 943
650 652
650 653
654 655
655 656
656 900
658 705
658 813
662 908
663 664
663 665
663 666
664 667
665 666
665 669
665 673
666 667
666 669
666 671
666 672
666 673
666 674
667 668
669 670
671 673
673 674
673 881
677 680
679 975
682 778
683 684
683 999
684 962
685 866
686 701
687 689
688 690
689 691
690 714
691 786
691 904
692 693
692 695
695 697
695 698
695 699
695 700
696 847
697 698
699 725
699 846
700 849
700 992
701 997
702 703
703 704
705 811
705 941
715 906
716 903
716 906
717 906
718 904
720 786
722 724
723 725
725 726
726 727
727 846
731 732
731 733
732 736
733 737
733 739
733 740
733 741
733 742
735 741
735 814
736 818
736 819
737 740
737 742
738 742
738 745
738 814
738 818
740 819
742 743
742 748
742 751
742 814
742 815
742 816
742 817
742 818
742 819
745 749
748 753
750 816
751 829
753 818
761 762
762 763
763 764
764 768
764 772
764 908
764 964
764 966
765 964
766 967
767 970
769 862
769 863
770 944
771 864
772 864
773 970
774 944
774 967
775 972
780 781
780 782
781 783
782 783
782 784
785 786
787 788
788 789
788 790
789 790
789 791
789 792
789 793
790 791
790 792
790 793
790 916
791 943
792 916
793 916
794 796
794 797
795 797
795 798
796 799
796 800
796 801
796 802
797 802
797 803
797 804
797 805
798 802
798 843
799 803
799 948
800 802
801 996
802 951
802 964
802 996
802 997
804 948
804 996
805 948
805 952
806 807
809 969
811 848
813 894
815 816
815 817
816 818
818 819
822 825
825 907
829 830
830 832
830 833
837 838
837 839
837 840
838 840
838 841
840 842
840 844
840 845
841 844
841 845
842 845
843 957
844 957
845 957
846 932
848 900
849 939
850 936
850 992
863 970
864 866
864 965
866 931
868 891
868 893
872 873
872 874
872 875
873 875
873 876
874 875
874 876
874 883
875 876
875 877
875 880
875 881
875 883
875 884
875 885
875 886
875 887
875 888
875 889
877 885
878 883
878 889
880 889
881 883
882 885
882 889
884 974
884 989
886 889
887 889
888 889
890 891
891 892
891 893
892 893
894 969
896 897
900 934
900 938
901 902
902 903
902 904
904 968
907 908
908 915
908 974
917 918
917 919
919 921
920 937
922 999
925 926
925 927
925 928
925 929
925 930
925 932
926 954
926 955
927 928
927 933
928 932
928 993
929 933
929 993
930 931
930 954
930 956
931 955
932 933
932 956
933 956
933 994
934 935
934 936
936 937
936 938
939 940
940 941
947 971
947 998
951 952
954 956
955 956
959 961
966 970
977 981
978 982
979 981
981 982
982 992
