0 1
0 2
0 3
1 2
1 4
1 5
1 6
1 8
1 9
1 10
1 11
1 13
1 17
2 3
2 5
2 6
2 10
2 12
2 13
2 15
2 16
2 17
2 18
2 19
2 20
2 21
2 22
2 23
2 24
3 4
3 10
3 11
3 13
3 17
3 20
3 21
3 22
3 26
3 27
4 11
5 16
6 15
7 19
8 16
8 17
8 426
9 364
9 423
9 970
10 53
10 536
11 15
11 696
12 17
13 15
13 26
13 604
14 17
14 20
14 21
15 17
15 196
15 425
15 426
16 17
16 26
16 27
16 425
17 23
17 27
17 220
17 425
17 587
18 141
18 235
19 536
22 946
24 53
24 55
24 57
24 58
24 63
24 64
24 66
24 69
24 73
24 80
24 87
24 92
24 95
24 97
24 103
24 112
24 114
24 119
24 127
24 131
24 134
24 136
27 200
28 53
28 97
28 103
29 51
29 53
29 72
29 75
29 76
29 77
29 78
29 79
29 80
29 83
29 95
29 103
29 105
29 106
29 108
29 111
29 112
29 115
29 117
29 120
29 127
29 131
29 134
29 310
29 311
31 34
31 35
31 36
31 37
32 35
32 36
32 37
32 38
33 35
33 36
33 37
33 44
33 47
33 49
34 49
34 253
35 37
35 42
35 43
35 48
36 37
36 41
36 42
36 43
36 46
36 614
37 38
37 41
37 42
37 43
37 44
37 47
37 48
37 49
37 285
37 593
38 46
40 391
40 930
40 994
41 871
43 44
43 871
45 567
45 569
47 828
49 871
50 51
50 53
51 52
51 53
51 54
52 53
52 55
52 56
52 57
52 58
52 60
52 61
52 62
52 63
52 64
52 65
52 66
52 67
52 69
52 70
52 71
52 72
52 73
52 74
52 75
52 76
52 77
52 78
52 79
52 80
52 83
52 87
52 88
52 89
52 90
52 92
52 94
52 95
52 97
52 98
52 103
53 54
53 55
53 56
53 57
53 58
53 60
53 61
53 62
53 63
53 64
53 65
53 66
53 67
53 68
53 69
53 70
53 71
53 72
53 73
53 74
53 75
53 76
53 77
53 78
53 79
53 80
53 81
53 82
53 83
53 86
53 87
53 88
53 89
53 90
53 91
53 92
53 93
53 95
53 97
53 99
53 100
53 101
53 102
53 103
53 104
53 105
53 106
53 107
53 108
53 109
53 110
53 111
53 112
53 113
53 114
53 115
53 116
53 117
53 118
53 119
53 120
53 121
53 122
53 123
53 124
53 125
53 126
53 127
53 128
53 129
53 130
53 131
53 132
53 133
53 134
53 135
53 136
53 137
53 138
53 139
54 56
54 60
54 70
54 83
54 88
54 90
54 92
54 95
54 97
54 103
54 106
54 114
54 120
54 127
54 136
54 378
54 407
61 503
62 99
65 402
67 775
68 134
71 104
74 897
79 100
81 103
82 117
84 832
84 909
84 910
86 103
87 350
88 890
89 101
89 135
90 102
90 523
91 95
92 375
93 105
94 215
94 691
94 716
94 904
94 905
95 104
96 190
96 196
96 198
97 99
97 100
97 102
97 132
97 624
98 280
98 423
98 685
98 764
98 771
98 773
98 965
98 967
98 970
99 125
100 103
100 118
101 103
101 108
101 110
102 107
102 111
102 136
103 123
103 133
103 619
103 819
104 107
104 118
104 136
104 310
109 128
109 310
110 518
113 283
113 285
115 188
116 976
116 979
119 122
121 135
121 702
122 308
124 143
124 162
125 211
126 205
126 211
126 216
129 139
130 216
130 519
130 836
131 541
134 184
137 487
137 583
137 810
137 848
137 899
137 985
138 284
138 285
138 286
138 336
138 363
138 376
138 381
138 382
138 400
139 237
139 399
139 434
139 522
139 523
139 525
139 526
139 527
139 528
139 529
139 530
139 531
139 532
139 533
139 534
139 535
139 550
139 551
139 552
139 553
139 554
139 555
139 556
139 557
139 584
139 728
139 729
139 730
140 141
140 142
140 143
141 145
142 143
142 145
142 146
142 147
142 148
142 149
142 150
142 151
142 152
143 145
143 147
143 148
143 151
143 154
143 158
145 150
145 935
146 237
147 150
147 161
148 154
148 161
148 544
149 165
149 200
149 514
149 608
150 895
151 161
151 162
151 607
151 895
152 158
152 237
154 162
157 322
158 162
158 895
162 237
163 164
163 165
163 166
164 167
164 168
164 169
165 170
165 171
165 172
166 167
166 168
167 173
168 174
169 284
169 285
169 286
169 380
170 492
171 209
171 516
172 192
172 195
172 200
172 208
172 210
172 211
172 217
172 221
172 222
172 516
172 518
172 609
172 612
172 613
172 614
175 176
175 177
175 178
176 179
176 180
176 181
176 182
177 180
177 184
178 180
179 180
179 239
180 181
180 186
180 232
180 239
180 244
180 245
180 424
180 473
180 603
181 239
181 242
181 243
181 244
181 245
181 246
182 209
182 327
182 401
182 487
182 493
182 497
182 567
182 570
182 571
182 572
182 573
182 574
182 575
182 576
182 577
182 578
182 579
182 580
182 581
182 582
182 583
184 960
186 202
186 243
187 244
187 701
188 455
188 470
188 471
188 473
188 676
188 684
189 232
189 945
190 191
190 192
191 193
192 195
192 200
192 201
192 202
192 203
192 204
192 205
192 206
192 207
192 208
192 209
192 210
192 211
192 212
192 213
193 211
193 229
194 631
194 640
194 647
194 959
195 204
195 207
195 221
195 229
195 485
195 492
195 498
195 499
195 500
195 502
195 503
195 506
195 515
195 516
196 207
198 209
198 498
198 519
201 207
201 209
201 499
202 518
203 210
203 216
204 987
206 211
206 512
207 210
207 465
208 498
209 222
209 229
209 518
209 610
209 776
210 620
211 609
211 949
212 311
212 731
212 733
212 738
212 739
212 741
212 743
212 744
212 745
212 748
212 750
212 752
212 753
213 282
213 529
213 605
213 607
213 618
213 619
213 621
213 625
213 627
213 628
213 631
213 632
213 635
213 636
213 638
213 639
213 640
213 641
213 644
213 645
213 647
213 648
213 649
214 215
214 216
214 217
215 218
215 219
215 220
216 221
217 229
218 756
218 785
219 713
219 716
219 903
220 407
220 521
220 689
220 715
220 716
220 901
224 949
225 767
225 774
229 512
229 514
229 693
229 836
231 232
231 233
233 244
233 286
233 993
233 997
240 914
241 861
242 701
242 966
243 244
243 945
245 757
245 861
245 997
246 808
246 813
246 896
246 898
255 256
255 257
255 258
256 260
257 258
257 261
257 262
257 263
258 260
258 261
258 263
258 264
258 265
260 282
261 267
262 263
263 264
263 282
264 281
265 282
265 527
266 944
273 860
278 282
278 861
279 587
279 588
279 594
279 596
280 685
280 761
280 763
280 766
280 767
280 772
280 774
281 283
281 284
281 285
281 286
283 382
284 367
284 377
284 378
284 397
284 741
284 883
285 335
285 345
285 347
285 348
285 350
285 355
285 358
285 367
285 370
285 375
285 377
285 378
285 382
286 345
286 347
286 348
286 355
286 367
286 377
286 378
286 382
286 385
286 386
286 389
286 391
286 393
286 394
286 395
286 397
286 398
289 294
294 301
294 937
295 727
299 999
302 304
302 305
303 304
303 305
304 305
304 306
304 307
305 306
305 308
306 308
307 424
307 430
307 438
307 465
307 466
307 681
307 779
311 749
311 818
312 766
319 607
319 615
319 618
319 619
319 620
319 621
322 323
322 324
323 325
323 326
323 327
325 661
325 907
326 329
326 908
326 914
326 915
327 579
327 580
327 847
327 849
327 850
329 989
331 915
332 914
334 335
335 370
336 382
337 375
337 963
338 377
338 382
338 398
345 962
347 378
348 377
350 381
352 389
355 375
358 659
358 835
358 910
360 385
362 994
363 377
363 395
364 764
364 967
365 382
365 398
367 382
367 523
369 386
370 379
370 381
370 382
375 376
375 963
376 382
377 378
377 380
377 400
377 878
378 379
378 380
378 382
378 386
378 394
379 397
380 382
380 393
381 394
381 397
382 395
382 398
382 743
385 674
387 408
389 398
391 932
393 795
394 581
395 687
397 967
398 518
399 526
399 729
400 963
401 487
401 495
401 570
401 577
401 812
401 848
401 939
405 418
405 795
405 952
405 953
407 691
407 716
407 968
408 409
408 410
409 410
409 411
409 412
409 413
409 414
409 415
409 416
409 417
409 418
409 419
409 420
410 412
410 414
410 415
410 416
410 417
410 422
411 416
412 419
413 415
414 419
414 420
415 420
416 419
416 420
417 419
417 420
417 422
417 841
418 798
418 801
418 802
418 805
418 996
420 422
423 685
423 764
423 772
423 774
423 863
423 865
423 866
423 965
423 967
424 427
424 428
424 429
424 431
424 434
424 435
424 439
424 441
424 442
424 443
424 446
424 448
424 449
424 450
424 451
424 453
424 455
424 458
424 460
424 461
424 462
424 463
424 465
424 468
424 469
424 470
424 471
424 472
424 473
424 474
426 522
427 472
427 475
428 664
428 686
429 473
429 475
430 778
431 457
431 461
432 435
432 962
434 522
435 463
438 441
439 475
439 684
440 450
440 470
441 465
442 458
442 924
443 474
443 958
446 683
446 768
447 472
447 473
448 468
448 682
449 456
449 686
450 469
451 681
451 683
452 471
452 739
452 778
453 462
453 464
453 475
455 461
455 475
456 686
456 778
458 466
458 468
459 474
459 678
459 686
460 475
460 684
460 888
461 470
462 473
462 677
462 680
463 475
463 500
463 686
464 469
464 675
464 721
465 466
466 686
467 929
467 931
468 474
468 924
468 953
469 471
469 472
469 686
470 475
470 677
470 962
471 474
471 475
471 684
472 473
472 675
472 676
472 677
473 678
473 679
474 475
474 721
474 778
474 924
474 949
475 675
475 678
475 679
475 680
475 683
475 684
475 685
475 686
485 486
485 487
486 492
487 493
487 494
487 495
487 496
487 497
492 516
494 811
494 986
495 847
496 899
497 569
497 577
497 750
497 848
497 936
497 985
499 614
500 519
502 699
502 846
503 513
506 514
506 612
510 987
514 609
515 659
515 752
515 832
515 833
515 913
516 518
516 610
518 609
520 521
521 524
522 526
522 527
522 529
523 526
523 529
525 551
525 556
526 535
526 728
527 528
527 535
527 552
527 584
528 730
529 530
529 531
529 532
529 534
529 535
529 554
533 555
533 657
534 556
535 550
535 551
535 555
535 556
537 574
537 694
540 544
541 544
547 833
550 728
553 729
555 584
557 730
561 566
566 875
566 883
567 568
568 570
569 583
569 809
569 894
571 574
571 693
572 942
572 969
573 581
573 583
574 705
575 578
575 848
576 697
576 806
576 808
577 654
577 657
577 658
577 659
578 579
578 582
578 813
578 900
578 989
578 990
579 896
579 899
580 849
580 935
581 694
581 812
581 894
581 898
581 990
582 812
582 941
582 985
582 992
583 657
583 705
583 806
583 809
583 810
583 812
583 813
585 586
585 587
586 587
586 588
586 589
586 590
586 591
586 592
586 593
587 591
587 593
587 594
587 596
587 597
587 598
587 599
587 600
587 601
587 602
588 642
589 595
589 645
590 822
590 983
592 601
592 602
593 600
594 595
596 651
597 601
598 600
599 650
599 651
602 652
603 604
603 605
604 606
605 607
606 945
607 620
607 624
607 639
607 640
607 641
607 648
607 660
608 612
611 715
613 666
613 670
613 672
613 674
614 775
614 776
615 618
615 943
617 632
618 648
619 624
620 621
620 624
621 622
621 638
622 638
622 641
622 645
623 628
623 636
623 645
623 649
623 654
623 660
624 625
624 641
624 644
624 648
624 867
625 649
627 628
627 639
629 644
629 647
630 635
630 647
631 753
632 648
635 648
636 649
638 959
639 718
640 644
643 649
643 660
644 647
645 943
647 867
649 867
654 655
655 656
656 812
656 850
656 900
658 705
658 813
659 835
659 911
665 670
665 672
666 672
666 674
669 670
672 890
673 674
673 881
676 924
677 680
679 975
682 778
683 684
683 999
684 962
685 771
685 862
685 865
685 866
686 701
687 689
689 691
692 693
692 694
694 696
695 697
696 847
696 848
697 698
699 846
700 849
700 990
700 992
701 997
705 811
705 941
713 968
714 718
715 906
716 901
716 903
716 905
718 904
719 905
721 972
726 727
727 846
731 732
731 733
732 737
732 738
733 737
733 739
733 740
733 741
733 742
734 744
735 741
735 814
736 818
736 819
737 740
737 742
737 744
737 819
738 742
738 745
738 746
738 814
738 818
740 819
742 743
742 748
742 814
742 816
742 817
742 818
742 819
745 749
746 817
747 817
747 819
748 753
750 816
752 835
752 909
753 818
754 755
754 756
754 757
755 757
755 758
756 759
757 758
757 760
758 759
758 760
759 760
759 860
761 762
761 763
762 763
763 764
764 768
764 772
764 908
764 964
764 966
765 964
766 967
767 970
769 863
770 944
771 865
772 862
772 864
773 970
774 944
774 967
779 924
779 925
794 795
794 796
794 797
795 797
795 798
796 799
796 800
796 801
796 802
797 804
797 805
798 802
798 843
799 803
799 948
801 953
801 996
802 964
802 996
804 948
804 953
804 996
805 948
805 952
806 807
809 969
810 938
811 848
813 894
815 816
815 817
816 818
817 819
818 819
830 832
830 833
834 913
835 909
835 911
835 913
837 838
837 839
838 840
838 841
839 842
839 843
840 842
840 845
841 844
841 845
842 843
842 845
843 957
844 957
845 957
846 932
848 900
849 939
850 936
850 992
860 980
863 970
864 866
864 965
866 931
872 873
872 874
872 875
873 875
873 876
873 877
873 878
874 876
874 880
874 881
874 883
875 876
875 880
875 881
875 883
875 886
875 887
875 889
877 887
878 883
878 888
878 889
880 889
881 883
882 886
882 889
884 989
886 889
887 889
888 889
894 969
896 897
898 940
901 902
902 903
904 968
908 915
910 912
911 912
920 937
922 999
925 927
925 929
925 930
925 931
925 932
925 933
926 954
926 955
927 928
927 933
928 932
928 993
929 933
929 993
930 931
930 954
930 956
931 933
931 955
932 933
932 956
933 956
933 994
934 935
934 936
936 937
936 938
939 940
940 941
951 952
954 956
955 956
959 961
966 970
972 987
978 982
981 982
982 992
