0 1
0 3
1 2
1 3
1 4
1 5
1 6
1 7
1 8
1 9
1 10
1 11
1 12
1 13
1 14
1 15
1 16
1 17
2 3
2 5
2 6
2 12
2 20
2 21
2 22
3 4
3 7
3 10
3 11
3 13
3 14
3 15
3 16
3 17
3 20
3 21
3 22
3 25
3 26
3 27
3 28
3 29
5 16
6 15
8 16
8 17
8 426
9 364
9 423
9 970
12 16
12 17
12 23
13 26
14 20
14 21
15 25
16 26
16 27
17 27
22 946
24 91
24 93
24 95
24 102
24 104
24 309
25 424
27 200
28 29
28 52
28 53
28 97
28 99
28 103
29 95
29 99
29 102
29 105
29 111
29 309
29 310
52 62
52 71
52 85
52 86
52 90
52 91
52 93
52 95
52 99
52 102
52 104
53 62
53 71
53 86
53 90
53 91
53 93
53 95
53 99
53 102
53 104
53 105
53 111
53 118
53 125
53 135
54 90
54 95
54 99
54 102
54 104
54 407
59 213
62 99
71 104
85 99
85 101
85 133
86 102
86 103
89 135
90 102
90 523
91 95
91 668
93 104
93 105
93 309
94 716
94 905
95 104
97 99
97 102
99 104
99 125
99 135
99 834
100 118
102 104
102 107
102 111
102 136
102 857
103 619
104 107
104 118
104 136
104 310
104 713
109 310
121 135
125 211
128 893
135 891
137 583
139 399
139 523
139 529
139 533
182 583
192 213
194 616
194 631
194 633
194 640
213 282
213 315
213 319
213 529
213 583
213 605
213 607
213 616
213 617
213 618
213 619
213 621
213 623
213 624
213 625
213 626
213 627
213 628
213 629
213 630
213 631
213 632
213 633
213 634
213 635
213 636
213 637
213 638
213 639
213 640
213 641
213 642
213 643
213 644
213 645
213 646
213 647
213 648
213 649
219 713
219 716
219 903
220 407
220 716
220 901
284 367
285 346
285 367
286 367
286 399
313 315
315 319
319 583
319 616
319 618
319 619
319 623
346 349
346 716
367 382
367 523
379 611
390 634
399 523
399 526
399 528
399 729
401 583
407 691
407 716
407 968
497 583
515 913
520 521
520 522
520 523
521 524
522 529
523 526
523 528
523 529
523 530
523 531
523 532
523 533
523 534
523 535
524 691
524 713
529 530
529 531
529 532
529 534
529 535
529 554
533 555
533 657
569 583
573 583
580 583
581 583
582 583
583 655
583 657
583 695
583 700
583 705
583 806
583 809
583 810
583 811
583 812
583 813
603 605
605 607
607 640
607 641
611 690
611 691
611 715
611 716
615 618
617 632
618 648
619 624
622 626
622 633
622 641
623 628
623 636
623 637
623 642
623 645
623 646
623 649
623 654
623 660
624 641
626 646
627 628
627 639
630 635
631 753
632 648
634 961
635 648
640 644
664 668
665 668
667 668
713 716
713 717
713 968
714 720
715 906
716 720
716 901
716 903
716 905
716 906
717 906
719 905
720 786
831 834
834 835
834 913
835 913
853 857
857 858
868 891
868 893
890 891
891 892
891 893
892 893
901 902
902 903
