9 364
30 31
31 32
31 33
31 34
31 35
31 36
31 37
32 37
32 38
32 42
33 37
33 42
33 44
33 47
33 49
34 49
35 37
35 42
36 37
36 42
37 38
37 41
37 42
37 43
37 44
37 47
37 48
37 49
37 285
37 593
38 46
41 42
42 43
42 48
42 388
42 870
43 44
47 828
49 871
52 96
53 110
53 113
87 350
96 171
96 190
96 195
96 196
96 197
96 198
96 199
96 200
96 201
101 110
110 518
113 283
113 285
138 284
138 285
138 336
138 363
138 400
149 165
149 608
163 165
165 170
165 171
165 172
169 284
169 285
170 517
170 565
170 610
171 195
171 209
171 210
171 211
171 216
171 285
171 516
171 517
171 518
171 565
172 210
172 217
172 222
172 518
172 609
186 202
190 191
190 192
192 202
192 203
192 210
193 229
195 217
195 222
195 224
195 226
195 229
195 351
195 513
195 517
195 518
198 209
198 498
198 519
199 217
201 222
202 518
203 210
203 216
205 223
207 210
209 222
209 229
209 518
209 610
210 217
210 227
210 511
210 513
210 620
211 518
211 609
212 741
214 215
214 216
214 217
216 222
217 223
217 224
217 225
217 226
217 227
217 228
217 229
222 511
222 518
222 870
223 948
224 949
225 767
225 774
226 507
226 974
227 517
228 488
229 512
229 514
229 693
229 836
236 610
238 284
238 339
238 359
270 374
279 593
281 284
281 285
283 285
283 344
283 356
283 400
284 285
284 286
284 338
284 366
284 367
284 371
284 376
284 377
284 378
284 380
284 397
284 400
284 741
284 883
284 995
285 286
285 319
285 333
285 335
285 336
285 338
285 339
285 340
285 341
285 342
285 343
285 344
285 345
285 346
285 347
285 348
285 349
285 350
285 351
285 352
285 353
285 354
285 355
285 356
285 357
285 358
285 359
285 360
285 361
285 362
285 363
285 364
285 365
285 366
285 367
285 368
285 369
285 370
285 371
285 372
285 373
285 374
285 375
285 376
285 377
285 378
285 379
285 380
285 381
285 382
286 333
286 340
286 341
286 342
286 343
286 344
286 345
286 347
286 348
286 352
286 353
286 354
286 355
286 356
286 357
286 359
286 360
286 362
286 368
286 369
286 374
286 397
286 398
286 400
319 620
333 334
334 336
335 370
336 381
336 382
337 368
338 341
338 374
338 398
339 379
340 710
342 361
343 366
345 962
346 349
347 378
348 377
349 373
350 381
351 388
352 389
353 665
354 376
355 375
357 380
358 659
358 835
358 910
359 396
360 379
360 385
362 371
362 994
363 377
363 395
364 764
364 967
365 398
368 475
368 995
369 381
369 386
369 490
370 379
370 381
370 382
372 787
372 789
372 790
372 791
373 374
374 381
377 400
379 397
381 397
382 398
389 398
397 967
398 518
400 963
486 488
488 518
490 565
503 513
504 513
509 517
514 609
516 518
516 610
517 776
518 608
518 609
518 610
560 565
566 883
586 593
587 593
593 598
593 600
593 653
607 620
608 612
620 621
620 624
733 741
735 741
874 883
875 883
878 883
881 883
