3 25
15 25
25 424
96 195
139 237
139 434
140 141
140 142
140 143
141 144
141 145
142 143
142 145
142 146
142 147
142 148
142 149
142 150
142 151
142 152
143 144
143 145
143 147
143 148
143 151
143 152
143 154
143 156
143 158
143 159
143 160
144 152
145 150
145 935
146 237
147 150
147 161
148 154
148 161
148 544
149 165
149 200
149 514
149 608
151 161
151 162
151 607
151 895
152 153
152 156
152 158
152 159
152 160
152 161
152 162
152 236
152 237
152 653
153 159
154 162
156 166
158 162
158 895
159 161
160 161
160 162
161 195
162 236
162 237
163 165
165 170
165 171
165 172
170 492
170 517
171 195
171 517
172 192
172 195
172 200
172 208
172 210
172 211
172 217
172 221
172 222
172 516
172 518
172 609
172 612
172 613
172 614
176 180
177 180
178 180
179 180
180 181
180 186
180 232
180 239
180 244
180 245
180 424
180 473
180 603
188 424
188 455
190 191
191 193
191 194
191 195
192 195
192 204
194 640
195 200
195 201
195 204
195 207
195 208
195 216
195 217
195 221
195 222
195 224
195 226
195 228
195 229
195 351
195 424
195 485
195 486
195 489
195 490
195 491
195 492
195 498
195 499
195 500
195 501
195 502
195 503
195 504
195 505
195 506
195 507
195 508
195 509
195 510
195 511
195 512
195 513
195 514
195 515
195 516
195 517
195 518
198 498
199 501
201 489
201 499
201 501
204 987
208 498
210 511
210 513
210 620
213 605
213 607
213 618
213 632
213 635
213 639
213 640
213 641
213 648
217 224
222 511
224 949
226 507
227 517
236 610
300 445
307 424
307 430
307 438
307 466
319 607
319 618
319 620
369 490
424 427
424 428
424 429
424 430
424 431
424 432
424 433
424 434
424 435
424 436
424 437
424 438
424 439
424 440
424 441
424 442
424 443
424 444
424 445
424 446
424 447
424 448
424 449
424 450
424 451
424 452
424 453
424 454
424 455
424 456
424 457
424 458
424 459
424 460
424 461
424 462
424 463
424 464
424 465
424 466
424 467
424 468
424 469
424 470
424 471
424 472
424 473
424 474
424 475
430 778
431 457
431 461
432 435
433 454
434 522
435 463
436 437
436 475
438 441
440 450
440 470
443 474
443 958
445 682
448 468
449 456
449 686
450 469
451 681
451 683
453 462
453 464
453 475
454 457
454 681
455 461
455 475
458 466
458 468
459 474
459 678
459 686
460 475
460 684
460 888
463 500
464 469
465 466
466 686
468 474
468 924
468 953
469 471
469 472
469 686
486 489
486 490
486 491
486 492
490 565
491 776
491 972
492 516
499 614
500 519
503 513
504 513
505 508
507 777
508 836
509 517
510 691
510 987
511 784
515 659
515 752
515 832
515 833
515 913
517 776
540 544
541 544
593 653
597 653
603 605
605 607
607 620
607 624
607 639
607 640
607 641
607 648
607 660
615 618
617 632
618 648
620 621
620 624
622 641
623 660
624 641
624 648
627 639
630 635
632 648
635 648
639 718
640 644
643 660
650 653
