0 1
0 2
0 3
1 2
1 5
1 6
1 8
1 10
1 13
1 17
2 3
2 5
2 6
2 10
2 12
2 13
2 15
2 16
2 17
2 18
2 19
2 20
2 21
2 22
2 23
2 24
3 10
3 13
3 17
3 20
3 21
3 22
3 27
3 28
5 16
6 15
7 19
8 16
8 17
8 426
10 53
10 536
12 17
13 15
13 26
13 604
14 17
14 20
14 21
15 17
15 425
16 17
16 27
16 425
17 23
17 27
17 220
17 425
17 587
18 141
18 235
19 536
22 946
24 29
24 52
24 53
24 54
24 55
24 57
24 58
24 63
24 64
24 66
24 69
24 73
24 80
24 87
24 91
24 92
24 93
24 95
24 97
24 100
24 102
24 103
24 104
24 112
24 114
24 119
24 127
24 128
24 129
24 131
24 132
24 133
24 134
24 136
24 309
24 402
24 403
24 404
24 405
27 200
28 29
28 52
28 53
28 97
28 99
28 103
29 80
29 95
29 101
29 103
29 108
29 112
29 127
29 129
29 131
29 132
29 134
29 309
52 55
52 57
52 58
52 63
52 64
52 66
52 69
52 73
52 80
52 81
52 85
52 86
52 87
52 89
52 92
52 95
52 101
52 103
53 55
53 57
53 58
53 63
53 64
53 66
53 69
53 73
53 80
53 81
53 86
53 87
53 89
53 92
53 95
53 101
53 103
53 108
53 110
53 112
53 114
53 119
53 123
53 127
53 128
53 129
53 131
53 132
53 134
53 136
54 92
54 95
54 101
54 103
54 114
54 127
54 136
65 402
68 134
81 103
81 497
85 99
85 101
85 133
86 102
86 103
87 350
89 101
89 135
91 95
92 375
93 309
95 104
97 132
100 101
100 103
101 103
101 108
101 110
101 493
101 666
102 136
103 123
103 133
103 619
103 819
104 136
109 128
110 518
119 122
123 770
128 893
129 139
131 541
134 184
182 493
213 619
215 220
220 407
220 521
220 689
220 715
220 716
220 901
234 921
252 403
279 587
279 594
279 596
293 917
293 919
300 921
301 404
319 619
393 795
402 598
403 781
403 783
404 826
404 919
404 922
405 418
405 795
405 797
405 801
405 802
405 803
405 950
405 951
405 952
405 953
418 802
487 493
585 586
585 587
586 587
586 588
586 589
586 590
586 591
586 592
586 593
587 591
587 593
587 594
587 596
587 597
587 598
587 599
587 600
587 601
587 602
592 601
592 602
593 600
594 595
596 651
597 601
598 600
599 650
599 651
602 652
613 666
619 624
663 666
665 666
666 667
666 669
666 671
666 672
666 673
666 674
736 819
737 819
740 819
742 819
747 819
794 795
795 797
795 798
796 802
797 802
797 803
798 802
799 803
800 802
802 951
802 964
802 996
802 997
805 952
817 819
818 819
826 919
917 918
917 919
919 920
919 921
919 922
920 922
920 937
951 952
