3 25
15 25
25 424
27 200
30 31
30 32
30 33
31 32
31 33
31 34
31 35
31 36
31 37
32 35
32 41
32 42
33 35
33 41
33 42
34 49
34 253
35 37
35 42
35 43
35 48
36 41
36 42
37 41
37 42
39 189
40 467
41 42
41 43
41 373
41 869
41 871
42 43
42 48
42 388
42 870
43 869
43 870
43 871
49 871
53 138
96 195
96 200
126 216
130 216
138 284
138 285
138 286
138 336
138 363
138 376
138 381
138 382
138 400
139 434
143 161
147 161
148 161
149 200
151 161
152 161
159 161
160 161
161 162
161 195
162 230
171 195
171 216
172 195
172 200
176 180
176 181
177 180
178 180
178 181
178 189
179 180
179 189
180 181
180 186
180 232
180 239
180 244
180 245
180 424
180 473
180 603
181 186
181 189
181 230
181 231
181 239
181 240
181 241
181 242
181 243
181 244
181 245
181 246
185 189
186 243
187 189
188 424
188 455
188 470
189 231
189 232
189 381
189 945
189 946
189 947
190 191
191 193
191 194
191 195
192 195
192 200
192 204
195 200
195 201
195 204
195 207
195 208
195 216
195 217
195 221
195 222
195 224
195 226
195 228
195 229
195 351
195 424
195 485
195 486
195 489
195 490
195 491
195 492
195 498
195 499
195 500
195 501
195 502
195 503
195 504
195 505
195 506
195 507
195 508
195 509
195 510
195 511
195 512
195 513
195 514
195 515
195 516
195 517
195 518
197 512
198 498
199 501
200 201
201 501
203 216
204 987
206 512
207 465
208 498
214 216
216 221
216 222
217 224
217 226
222 870
224 949
226 507
226 974
229 512
230 231
240 662
240 914
241 861
241 998
242 701
242 966
243 244
243 945
246 808
246 813
246 896
246 898
270 374
285 349
285 369
285 370
285 373
285 374
285 381
286 369
286 373
286 374
286 381
286 388
300 445
307 424
307 430
307 438
307 465
335 370
336 381
338 374
346 349
349 373
350 381
351 388
369 381
369 386
369 490
370 379
370 381
370 382
373 374
374 381
381 394
381 397
392 869
424 427
424 428
424 429
424 430
424 431
424 432
424 433
424 434
424 435
424 436
424 437
424 438
424 439
424 440
424 441
424 442
424 443
424 444
424 445
424 446
424 447
424 448
424 449
424 450
424 451
424 452
424 453
424 454
424 455
424 456
424 457
424 458
424 459
424 460
424 461
424 462
424 463
424 464
424 465
424 466
424 467
424 468
424 469
424 470
424 471
424 472
424 473
424 474
424 475
427 472
427 475
428 664
428 686
429 473
429 475
430 778
431 457
431 461
432 435
433 454
434 522
435 463
436 437
437 958
438 441
439 475
439 684
440 450
440 470
441 465
442 458
443 474
444 975
444 986
445 682
446 683
446 768
447 472
447 473
448 468
448 682
449 456
450 469
451 681
451 683
452 471
452 739
452 778
453 462
453 464
453 475
454 457
454 681
455 461
455 475
456 686
456 778
458 466
458 468
459 474
460 475
460 684
460 888
461 470
463 500
465 466
467 925
467 929
467 931
467 956
468 474
470 475
470 677
470 962
471 474
474 475
474 721
474 778
474 924
474 949
485 486
486 488
486 489
486 490
486 491
486 492
500 519
505 508
506 514
506 612
508 836
515 659
515 752
515 832
515 833
515 913
