42 870
43 870
52 90
53 90
53 110
53 125
53 126
54 90
54 378
90 102
90 523
92 375
96 199
99 125
101 110
110 518
125 211
126 205
126 211
126 216
138 284
138 376
138 400
139 399
139 523
139 530
139 531
139 535
139 550
139 551
139 552
139 553
139 554
139 555
139 556
139 557
142 146
146 162
146 237
146 376
149 608
162 238
164 169
169 284
169 285
169 286
169 380
171 211
171 516
171 518
172 211
172 222
172 516
172 518
186 202
191 193
192 202
192 206
192 211
193 211
193 229
195 222
195 509
195 511
195 516
195 518
199 211
199 217
199 501
199 509
199 776
201 211
201 222
201 777
202 518
206 211
206 512
209 222
209 518
210 511
211 518
211 609
211 777
211 949
212 741
216 222
222 511
222 518
222 870
224 949
228 488
238 284
238 286
238 339
238 359
238 379
238 396
258 270
259 270
264 281
270 374
281 283
281 284
281 285
281 286
283 400
284 285
284 286
284 338
284 366
284 367
284 371
284 376
284 377
284 378
284 380
284 397
284 400
284 741
284 883
284 995
285 335
285 338
285 339
285 341
285 347
285 354
285 359
285 366
285 367
285 371
285 374
285 375
285 376
285 378
286 334
286 338
286 341
286 347
286 354
286 359
286 367
286 374
286 378
286 386
286 389
286 392
286 394
286 397
286 398
286 399
286 400
316 320
317 320
320 321
320 338
333 334
334 335
334 336
334 337
334 338
335 370
337 338
337 371
337 375
338 341
338 374
338 377
338 382
338 392
338 398
339 379
343 366
347 378
352 389
354 376
355 375
359 396
362 371
365 398
366 387
367 382
367 523
368 995
369 386
371 383
373 374
374 381
375 376
375 963
376 382
377 378
377 400
378 379
378 380
378 382
378 386
378 394
379 397
380 995
381 394
381 397
382 398
389 398
392 869
394 581
397 967
398 518
399 523
399 526
399 528
399 729
400 963
460 888
474 949
486 488
488 518
492 516
507 777
509 517
511 784
516 518
516 610
518 608
518 609
518 610
520 521
520 522
520 523
523 526
523 528
523 529
523 530
523 531
523 532
523 533
523 534
523 535
525 551
525 556
526 535
527 535
527 552
528 535
528 557
529 530
529 531
529 535
529 554
532 535
533 555
534 556
535 538
535 550
535 551
535 552
535 553
535 554
535 555
535 556
535 557
538 539
538 540
550 728
553 729
555 584
557 730
566 875
566 883
608 612
733 741
735 741
872 873
872 874
872 875
873 875
873 876
873 877
874 875
874 876
874 880
874 883
875 876
875 877
875 880
875 881
875 883
875 884
875 885
875 886
875 887
875 888
875 889
877 882
877 885
877 887
878 883
878 888
880 889
881 883
882 886
884 974
884 989
886 889
888 889
