27 200
36 614
45 569
52 81
53 81
53 113
74 897
81 103
81 497
92 375
96 171
96 200
101 493
110 518
113 283
113 285
137 487
137 848
137 985
138 336
138 376
138 382
142 146
146 162
146 237
146 376
149 200
164 169
165 171
165 172
169 284
169 285
169 286
169 380
170 610
171 195
171 209
171 210
171 211
171 216
171 285
171 516
171 517
171 518
171 565
172 192
172 195
172 200
172 208
172 210
172 211
172 217
172 221
172 222
172 516
172 518
172 609
172 612
172 613
172 614
182 487
182 493
182 497
182 573
182 575
182 577
182 579
182 581
186 202
187 971
192 200
192 202
192 208
195 200
195 208
195 217
195 221
195 485
195 518
199 217
200 201
201 208
202 518
208 228
208 498
208 504
209 518
209 610
210 217
211 518
212 743
212 750
214 217
216 221
217 223
217 224
217 225
217 226
217 227
217 228
217 229
222 518
228 488
236 610
246 808
246 898
264 281
276 699
281 283
281 284
281 285
281 286
283 285
283 286
283 344
283 356
283 382
283 400
283 971
284 367
284 376
284 377
284 380
284 995
285 336
285 344
285 348
285 354
285 356
285 357
285 367
285 370
285 375
285 376
285 377
285 380
285 382
286 344
286 348
286 354
286 356
286 357
286 367
286 377
286 380
286 382
286 393
286 394
286 395
286 398
327 579
327 849
334 336
335 370
336 381
336 382
337 375
337 963
338 377
338 382
338 398
348 377
354 376
355 375
357 380
358 659
363 377
363 395
365 382
365 398
367 382
367 523
368 995
370 379
370 381
370 382
375 376
375 963
376 382
377 378
377 380
377 400
377 878
378 380
378 382
378 394
380 382
380 393
380 579
380 995
381 394
382 395
382 398
382 743
389 398
393 795
394 581
395 687
398 518
400 963
401 487
401 495
401 497
401 577
401 812
401 848
401 900
485 486
485 487
486 488
487 493
487 494
487 495
487 496
487 497
488 518
494 811
494 986
495 847
496 899
496 942
497 569
497 577
497 581
497 583
497 700
497 750
497 808
497 848
497 936
497 985
499 614
502 699
506 612
515 659
516 518
516 610
518 608
518 609
518 610
533 657
537 694
537 700
569 583
569 809
569 894
573 581
573 583
575 578
575 582
575 848
576 808
577 654
577 657
577 658
577 659
578 579
578 900
579 580
579 582
579 896
579 899
579 900
580 698
580 849
580 897
581 582
581 583
581 694
581 812
581 894
581 897
581 898
581 990
582 812
582 985
582 992
583 657
583 695
583 700
583 812
608 612
613 666
613 670
613 672
613 674
614 775
614 776
623 654
654 655
656 812
656 900
658 705
658 813
659 835
659 911
692 694
692 695
694 696
695 697
695 698
695 699
695 700
696 848
697 698
699 725
699 846
700 849
700 942
700 990
700 992
742 743
750 816
811 848
848 900
849 939
850 936
850 992
873 878
878 883
878 888
878 889
896 897
898 940
900 934
900 938
934 936
936 937
936 938
947 971
982 992
