1 9
9 364
9 423
9 970
24 402
29 311
65 402
98 280
98 423
98 771
98 965
138 284
138 376
143 155
146 376
152 653
155 258
155 277
162 238
164 169
169 284
169 285
169 286
169 380
181 242
212 311
212 731
212 733
212 739
212 741
212 743
212 748
212 751
225 767
238 284
238 286
238 339
238 359
238 379
238 396
242 701
242 966
255 256
255 257
255 258
256 258
256 260
257 258
257 261
257 262
258 260
258 261
258 262
258 263
258 264
258 265
258 266
258 267
258 268
258 269
258 270
258 271
258 272
258 273
258 274
258 275
258 276
258 277
258 278
258 279
258 280
259 270
259 274
260 282
261 267
262 263
262 742
263 264
264 281
265 282
265 527
266 269
266 944
267 275
268 272
268 275
269 271
270 374
271 277
272 278
273 704
273 860
274 703
276 699
276 724
276 924
279 585
279 587
279 588
279 593
279 594
279 595
279 596
279 597
279 598
280 312
280 420
280 423
280 685
280 761
280 762
280 763
280 765
280 766
280 767
280 768
280 769
280 770
280 771
280 772
280 773
280 774
281 284
284 285
284 286
284 338
284 366
284 367
284 371
284 376
284 377
284 378
284 380
284 397
284 400
284 741
284 883
284 995
285 348
285 364
285 366
285 367
285 371
285 376
285 377
286 348
286 367
286 377
286 397
311 749
311 818
312 766
312 966
337 371
338 377
343 366
348 377
354 376
362 371
363 377
364 764
364 967
366 387
367 382
367 523
368 995
371 383
375 376
376 382
377 378
377 380
377 400
377 878
379 397
380 995
381 397
382 743
397 967
402 598
409 412
409 415
409 419
409 420
410 412
410 415
410 419
410 420
410 421
410 422
410 423
412 419
413 415
413 420
414 419
414 420
415 420
416 419
416 420
417 419
417 420
417 422
419 420
419 421
420 422
421 712
423 685
423 764
423 765
423 770
423 772
423 773
423 774
423 863
423 865
423 866
423 965
423 966
423 967
446 768
452 739
566 883
585 586
585 587
586 588
586 591
586 592
587 591
587 596
587 597
587 598
587 600
588 642
589 595
591 598
592 598
592 601
592 602
593 598
593 600
593 653
594 595
596 651
597 601
597 653
598 600
650 653
685 771
685 866
731 732
731 733
732 736
733 737
733 739
733 740
733 741
733 742
735 741
735 814
736 818
736 819
737 740
737 742
738 742
738 814
738 818
740 819
742 743
742 748
742 751
742 814
742 815
742 816
742 817
742 818
742 819
748 753
751 829
753 818
761 762
761 763
764 768
764 966
766 967
767 970
769 862
769 863
771 864
771 865
815 816
815 817
816 818
818 819
864 866
864 965
866 931
874 883
875 883
878 883
881 883
966 970
