0 1
0 2
0 3
1 3
1 5
1 7
1 8
1 10
1 11
1 12
1 13
1 16
2 3
2 5
2 10
2 12
2 13
2 16
2 20
2 21
2 22
3 4
3 7
3 10
3 11
3 13
3 14
3 15
3 16
3 17
3 20
3 21
3 22
3 25
3 26
3 27
3 28
3 29
4 11
5 16
7 19
8 16
8 17
8 426
10 53
10 536
11 15
11 696
12 16
12 17
12 23
13 15
13 26
13 604
14 16
14 20
14 21
15 16
15 25
15 425
16 17
16 23
16 26
16 27
16 425
17 425
22 946
24 29
24 80
24 91
24 95
24 102
24 103
24 112
24 127
24 129
24 131
24 132
24 133
24 134
24 136
24 309
25 424
28 29
28 99
28 103
29 33
29 51
29 52
29 53
29 54
29 72
29 75
29 76
29 77
29 78
29 79
29 80
29 82
29 83
29 95
29 99
29 100
29 101
29 102
29 103
29 105
29 106
29 108
29 111
29 112
29 115
29 117
29 120
29 127
29 129
29 131
29 132
29 134
29 309
29 310
29 311
29 312
30 31
30 33
31 32
31 33
31 34
31 35
31 36
31 37
32 33
32 43
33 35
33 36
33 37
33 41
33 42
33 43
33 44
33 45
33 46
33 47
33 48
33 49
34 49
35 43
35 48
36 43
36 46
37 43
37 47
37 48
37 49
38 46
41 43
41 869
42 43
42 48
42 870
43 44
43 869
43 870
43 871
45 567
45 569
47 828
49 871
50 51
51 52
51 53
51 54
52 62
52 68
52 72
52 75
52 76
52 77
52 78
52 79
52 80
52 81
52 83
52 90
52 91
52 95
52 99
52 102
52 103
53 62
53 68
53 72
53 75
53 76
53 77
53 78
53 79
53 80
53 81
53 83
53 90
53 91
53 95
53 99
53 102
53 103
53 105
53 106
53 107
53 108
53 112
53 115
53 117
53 120
53 123
53 125
53 127
53 129
53 131
53 132
53 133
53 134
53 135
53 136
53 138
54 83
54 90
54 95
54 99
54 102
54 103
54 106
54 120
54 127
54 136
62 99
68 134
74 897
79 100
81 103
81 497
82 117
85 99
85 133
86 102
86 103
89 135
90 102
90 523
91 95
91 668
93 105
93 309
95 104
97 99
97 102
97 132
98 773
99 104
99 125
99 135
99 834
100 103
100 133
101 103
101 108
102 104
102 107
102 111
102 136
102 857
103 123
103 133
103 619
103 819
104 107
104 136
104 310
109 310
115 188
121 135
123 770
125 211
129 139
131 541
134 184
135 891
137 583
137 810
138 284
138 285
138 286
138 336
138 363
138 376
138 381
138 382
138 400
139 523
139 526
139 527
139 528
139 530
139 531
139 532
139 533
139 534
139 552
139 556
139 728
139 730
145 935
162 238
169 284
169 380
170 776
182 573
182 579
182 580
182 583
197 776
199 776
201 776
209 776
212 311
212 741
212 746
213 583
213 619
222 870
238 284
238 286
238 339
238 359
238 379
238 396
246 813
258 265
264 281
265 282
265 527
270 374
280 312
280 773
281 283
281 284
281 285
281 286
284 285
284 286
284 338
284 366
284 367
284 371
284 376
284 377
284 378
284 380
284 397
284 400
284 741
284 883
284 995
285 338
285 341
285 353
285 357
285 363
285 366
285 367
285 371
285 374
285 380
286 334
286 338
286 341
286 353
286 357
286 367
286 374
286 380
286 385
286 393
286 397
286 398
300 879
311 749
311 818
312 766
312 773
312 966
316 320
317 320
319 583
319 619
320 321
320 338
327 579
327 580
327 849
333 334
334 335
334 336
334 337
334 338
337 338
337 371
338 341
338 374
338 377
338 382
338 392
338 398
343 366
353 665
357 380
360 385
361 807
362 371
363 377
363 395
365 398
366 387
367 382
367 523
371 383
373 374
374 381
377 380
378 380
379 397
380 382
380 393
380 579
380 995
381 397
382 398
385 674
389 398
392 869
393 795
397 967
398 518
399 523
399 526
399 528
401 583
401 655
401 812
405 950
423 773
444 986
491 776
494 986
497 583
517 776
520 521
520 522
520 523
522 526
522 527
522 528
523 526
523 528
523 529
523 530
523 531
523 532
523 533
523 534
523 535
525 556
526 535
526 728
527 528
527 535
527 552
527 584
528 535
528 557
528 730
529 530
529 531
529 532
529 534
532 535
533 555
533 657
534 556
534 584
535 552
535 556
550 728
557 730
569 583
569 809
573 581
573 583
574 705
578 579
578 813
579 580
579 582
579 896
579 899
579 900
580 583
580 698
580 776
580 807
580 849
580 897
580 935
580 986
581 583
581 812
581 897
582 583
582 812
583 655
583 657
583 695
583 700
583 705
583 806
583 809
583 810
583 811
583 812
583 813
603 604
604 606
613 670
613 672
613 674
614 776
619 624
654 655
655 656
656 812
658 705
658 813
663 664
663 665
663 666
664 668
665 666
665 668
665 669
665 670
665 671
665 672
665 673
666 672
666 673
666 674
667 668
669 670
671 673
672 890
673 674
673 881
695 698
697 698
700 849
705 811
705 941
732 736
733 740
733 741
735 741
736 818
736 819
737 740
737 819
738 746
740 819
742 815
742 817
742 819
746 817
747 817
747 819
773 970
800 950
806 807
809 969
810 938
813 894
815 816
815 817
817 819
818 819
831 834
834 835
834 913
849 939
853 857
857 858
868 891
872 873
872 874
872 875
873 876
873 877
874 875
874 876
874 879
874 880
874 881
874 882
874 883
875 876
875 877
875 880
875 881
875 886
875 887
877 882
877 885
877 887
879 983
880 889
881 883
882 885
882 886
882 889
882 950
886 889
887 889
890 891
891 892
891 893
896 897
934 935
