0 1
0 2
0 3
1 3
1 10
1 11
1 17
2 3
2 10
2 17
2 22
3 4
3 7
3 10
3 11
3 13
3 14
3 15
3 16
3 17
3 20
3 21
3 22
3 25
3 26
3 27
3 28
3 29
4 11
8 17
10 53
10 536
11 15
11 696
12 17
13 26
14 17
15 17
15 25
15 196
16 17
16 26
17 23
17 27
17 220
17 425
17 587
22 946
24 29
24 52
24 55
24 57
24 58
24 63
24 64
24 66
24 69
24 73
24 87
24 91
24 92
24 93
24 97
24 112
24 127
24 129
24 131
25 424
27 200
28 29
28 52
28 97
29 33
29 51
29 52
29 53
29 54
29 72
29 75
29 76
29 77
29 78
29 79
29 80
29 82
29 83
29 95
29 99
29 100
29 101
29 102
29 103
29 105
29 106
29 108
29 111
29 112
29 115
29 117
29 120
29 127
29 129
29 131
29 132
29 134
29 309
29 310
29 311
29 312
30 33
31 33
32 33
33 35
33 36
33 37
33 41
33 42
33 43
33 44
33 45
33 46
33 47
33 48
33 49
45 567
50 51
50 52
50 53
51 52
52 53
52 54
52 55
52 56
52 57
52 58
52 59
52 60
52 61
52 62
52 63
52 64
52 65
52 66
52 67
52 68
52 69
52 70
52 71
52 72
52 73
52 74
52 75
52 76
52 77
52 78
52 79
52 80
52 81
52 82
52 83
52 84
52 85
52 86
52 87
52 88
52 89
52 90
52 91
52 92
52 93
52 94
52 95
52 96
52 97
52 98
52 99
52 100
52 101
52 102
52 103
52 104
53 55
53 56
53 57
53 58
53 60
53 61
53 62
53 63
53 64
53 65
53 66
53 67
53 68
53 69
53 70
53 71
53 73
53 81
53 86
53 87
53 88
53 89
53 90
53 91
53 92
53 93
53 97
53 106
53 108
53 111
53 112
53 115
53 117
53 120
53 127
53 129
53 131
54 56
54 60
54 70
54 88
54 90
54 92
54 97
54 106
54 120
54 127
59 213
59 319
61 503
62 99
65 402
67 775
68 134
71 104
74 897
81 103
81 497
82 117
84 832
84 909
84 910
85 99
85 101
85 133
86 102
86 103
87 350
88 890
89 101
89 135
90 102
90 523
91 95
91 668
92 375
93 104
93 105
93 309
94 215
94 691
94 716
94 904
94 905
96 171
96 190
96 195
96 196
96 197
96 198
96 199
96 200
96 201
97 99
97 100
97 102
97 132
97 624
98 280
98 423
98 685
98 764
98 771
98 773
98 965
98 967
98 970
101 108
101 493
102 111
104 310
109 310
115 188
126 216
129 139
130 216
131 541
149 165
149 200
163 165
165 170
165 171
165 172
170 517
170 565
171 195
171 209
171 210
171 211
171 216
171 285
171 516
171 517
171 518
171 565
172 200
172 210
172 516
175 176
175 177
176 179
176 180
176 181
176 182
177 179
177 180
177 183
177 184
178 180
178 186
179 180
179 239
180 181
180 186
180 232
180 239
180 244
180 245
180 424
180 473
180 603
181 186
181 239
181 244
181 245
182 209
182 327
182 401
182 487
182 493
182 497
182 567
182 570
182 571
182 572
182 573
182 574
182 575
182 576
182 577
182 578
182 579
182 580
182 581
182 582
182 583
185 234
186 202
186 234
186 243
187 244
188 471
188 676
188 684
189 232
192 200
192 202
192 209
192 210
195 200
195 216
195 513
195 516
195 517
196 207
197 512
197 776
198 209
199 211
199 217
199 501
199 509
199 776
200 201
201 209
202 518
203 210
203 216
207 210
209 222
209 229
209 518
209 610
209 776
210 217
210 227
210 511
210 513
210 620
211 949
212 311
214 216
216 221
216 222
224 949
227 517
231 232
231 234
233 244
233 997
234 921
234 960
243 244
245 757
245 861
245 997
246 898
280 312
285 345
286 345
286 394
286 401
299 999
307 430
311 749
311 818
312 766
312 773
312 966
319 620
327 579
345 962
378 394
380 579
381 394
394 581
401 487
401 495
401 497
401 568
401 570
401 577
401 582
401 583
401 655
401 812
401 824
401 848
401 900
401 939
401 942
405 801
405 802
405 951
405 953
418 798
418 801
418 802
424 427
424 430
424 432
424 439
424 442
424 443
424 446
424 447
424 448
424 449
424 450
424 451
424 456
424 458
424 459
424 460
424 468
424 469
424 471
424 472
424 474
427 472
427 475
430 778
432 435
432 962
439 475
439 684
440 450
442 458
442 924
443 474
443 958
446 683
446 768
447 472
447 473
448 468
448 682
449 456
449 686
450 469
451 681
451 683
452 471
452 778
456 686
456 778
458 466
458 468
459 474
459 678
459 686
460 475
460 684
460 888
462 677
462 680
464 469
464 675
464 721
468 474
468 924
468 953
469 471
469 472
469 686
470 677
470 962
471 474
471 475
471 684
472 473
472 675
472 676
472 677
473 678
474 475
474 721
474 778
474 924
474 949
475 675
475 678
475 680
475 683
475 684
487 493
487 495
490 565
492 516
495 847
497 581
503 513
504 513
509 517
516 518
516 610
517 776
537 694
560 565
567 568
569 894
571 574
571 693
572 942
572 969
573 581
575 578
575 582
575 848
576 697
576 806
576 808
578 579
578 990
579 580
579 582
579 896
579 899
579 900
580 897
581 582
581 583
581 694
581 812
581 894
581 897
581 898
581 990
583 655
603 604
603 605
607 620
620 621
620 624
654 655
655 656
676 924
677 680
677 958
682 778
683 684
683 999
684 962
692 694
694 696
700 990
701 997
721 972
764 964
765 964
794 795
794 796
794 797
795 798
796 799
796 800
796 801
796 802
797 802
797 804
798 802
798 843
799 803
799 948
800 802
801 953
801 996
802 951
802 964
802 996
802 997
804 948
804 953
804 996
813 894
821 824
823 824
824 827
849 939
894 969
896 897
898 940
922 999
939 940
951 952
