0 1
0 2
0 3
1 3
1 7
1 10
1 11
1 13
1 14
2 3
2 10
2 13
2 22
3 4
3 7
3 10
3 11
3 13
3 14
3 15
3 16
3 17
3 20
3 21
3 22
3 25
3 26
3 27
3 28
3 29
4 11
7 19
9 364
9 970
10 53
10 536
11 15
11 696
13 15
13 26
13 604
14 16
14 17
14 20
14 21
15 25
16 27
17 27
17 220
22 946
24 54
24 91
24 92
24 95
24 97
24 114
24 127
24 132
24 136
25 424
27 200
28 29
28 52
28 53
28 97
28 99
28 103
29 51
29 54
29 83
29 95
29 101
29 106
29 108
29 115
29 120
29 127
29 132
39 189
41 373
50 51
51 52
51 53
51 54
52 54
52 56
52 60
52 70
52 83
52 85
52 88
52 89
52 90
52 91
52 92
52 95
52 97
52 98
52 101
53 54
53 56
53 60
53 70
53 83
53 88
53 89
53 90
53 91
53 92
53 95
53 97
53 101
53 106
53 108
53 110
53 113
53 114
53 115
53 120
53 127
53 132
53 136
53 138
54 56
54 60
54 70
54 83
54 88
54 90
54 92
54 95
54 97
54 99
54 100
54 101
54 102
54 103
54 104
54 106
54 114
54 120
54 127
54 136
54 378
54 406
54 407
85 99
85 101
85 133
88 890
89 101
89 135
90 102
90 523
91 95
91 668
92 375
94 215
95 104
97 99
97 100
97 102
97 132
97 624
98 280
98 423
98 685
98 764
98 771
98 773
98 965
98 967
98 970
100 101
101 103
101 108
101 110
101 493
101 666
102 136
103 619
104 136
110 518
113 283
113 285
115 188
138 284
138 285
138 286
138 336
138 363
138 376
138 381
138 382
138 400
175 176
175 177
175 178
178 180
178 181
178 185
178 186
178 187
178 188
178 189
179 189
180 232
181 189
182 493
185 189
187 189
187 701
187 971
188 424
188 455
188 470
188 471
188 473
188 475
188 676
188 682
188 684
188 958
189 231
189 232
189 381
189 945
189 946
189 947
194 640
210 620
211 949
212 743
213 618
213 619
213 624
213 625
213 629
213 632
213 635
213 637
213 640
213 641
213 644
213 646
213 648
214 215
214 216
214 217
215 218
215 219
215 220
218 756
218 785
220 407
220 521
220 689
220 715
220 716
220 901
224 949
225 767
225 774
231 232
238 339
238 379
242 701
242 966
258 270
259 270
264 281
266 944
270 374
280 766
280 767
280 771
280 774
281 283
281 284
281 285
281 286
283 285
283 286
283 344
283 356
283 382
283 400
283 971
284 338
284 367
284 378
284 397
284 995
285 338
285 339
285 341
285 344
285 347
285 356
285 360
285 364
285 365
285 367
285 368
285 373
285 374
285 378
285 379
285 382
286 337
286 338
286 341
286 344
286 347
286 356
286 360
286 367
286 368
286 373
286 374
286 378
286 379
286 382
286 383
286 384
286 386
286 392
286 394
286 395
286 397
307 466
307 681
312 766
312 966
316 320
317 320
319 618
319 619
319 620
319 624
320 321
320 338
334 337
334 338
336 382
337 338
337 368
337 371
337 375
337 963
338 341
338 374
338 377
338 382
338 392
338 398
339 379
347 378
349 373
360 379
360 385
363 395
364 764
364 967
365 382
365 398
365 410
367 382
367 523
368 475
368 995
369 386
370 379
370 382
371 383
373 374
374 381
375 963
376 382
377 378
378 379
378 380
378 382
378 386
378 394
379 383
379 384
379 397
379 611
380 382
380 995
381 394
381 397
382 395
382 398
382 743
384 396
385 674
392 869
394 581
395 687
397 967
400 963
406 706
406 710
407 691
407 716
407 968
423 774
423 863
423 965
423 966
423 967
424 427
424 428
424 429
424 436
424 439
424 449
424 453
424 457
424 460
424 466
424 468
424 469
424 474
424 475
427 472
427 475
428 664
428 686
429 473
429 475
430 778
431 457
436 437
436 475
437 958
439 475
439 684
443 474
443 958
446 683
448 468
449 456
449 686
450 469
451 681
451 683
452 778
453 462
453 464
453 475
454 457
454 681
455 475
456 686
456 778
457 475
458 466
458 468
459 474
459 678
459 686
460 475
460 684
460 888
462 680
463 475
463 686
464 469
464 675
464 721
465 466
466 686
468 474
468 924
468 953
469 471
469 472
469 686
470 475
471 474
471 475
472 675
472 676
473 678
473 679
474 475
474 721
474 778
474 924
474 949
475 646
475 675
475 678
475 679
475 680
475 681
475 682
475 683
475 684
475 685
475 686
487 493
520 521
521 524
603 604
604 606
607 620
607 624
607 640
607 641
607 648
611 690
611 691
611 715
611 716
613 666
613 672
613 674
615 618
617 632
618 648
619 624
620 621
620 624
622 641
623 637
623 646
624 625
624 637
624 641
624 644
624 648
624 867
624 868
625 649
626 646
629 644
629 647
630 635
632 648
635 648
640 644
643 646
644 647
647 867
649 867
663 664
663 665
663 666
664 667
665 666
665 669
665 671
665 672
666 667
666 669
666 671
666 672
666 673
666 674
667 668
669 670
671 673
672 890
673 674
676 924
677 680
677 958
679 975
682 778
683 684
683 999
685 771
686 701
687 689
688 690
689 691
690 714
694 696
696 847
696 848
701 997
716 901
721 972
742 743
764 966
766 967
767 970
769 863
770 944
771 864
771 865
773 970
774 944
774 967
863 970
864 965
868 891
868 893
901 902
947 971
966 970
