0 1
0 2
0 3
1 2
1 5
1 6
1 8
1 10
1 13
1 17
2 3
2 5
2 6
2 10
2 12
2 13
2 15
2 16
2 17
2 18
2 19
2 20
2 21
2 22
2 23
2 24
3 10
3 13
3 17
3 20
3 21
3 22
3 26
3 27
5 16
6 15
7 19
8 16
8 17
8 426
10 53
10 536
12 17
13 15
13 26
13 604
14 17
14 20
14 21
15 17
15 425
16 17
16 26
16 27
16 425
17 23
17 27
17 220
17 425
17 587
18 141
18 235
19 536
22 946
24 29
24 52
24 53
24 54
24 55
24 57
24 58
24 63
24 64
24 66
24 69
24 73
24 80
24 87
24 91
24 92
24 93
24 95
24 97
24 100
24 102
24 103
24 104
24 112
24 114
24 119
24 127
24 128
24 129
24 131
24 132
24 133
24 134
24 136
24 309
24 402
24 403
24 404
24 405
27 200
28 97
28 103
29 80
29 101
29 103
29 108
29 112
29 127
29 129
29 131
29 134
29 309
29 310
41 373
52 55
52 57
52 58
52 63
52 64
52 66
52 68
52 69
52 71
52 73
52 80
52 81
52 85
52 86
52 87
52 89
52 91
52 92
52 97
52 101
52 103
52 104
53 55
53 57
53 58
53 63
53 64
53 66
53 68
53 69
53 71
53 73
53 80
53 81
53 86
53 87
53 89
53 91
53 92
53 97
53 101
53 103
53 104
53 107
53 108
53 110
53 112
53 113
53 114
53 118
53 119
53 123
53 127
53 128
53 129
53 131
53 134
53 138
54 92
54 97
54 101
54 103
54 104
54 114
54 127
54 407
68 134
71 104
81 103
81 497
85 99
85 101
85 133
86 102
86 103
87 350
89 101
89 135
91 95
91 668
92 375
93 104
93 309
94 215
95 104
97 99
97 100
97 102
97 132
97 624
99 104
100 101
100 103
100 118
101 103
101 108
101 110
101 493
101 666
102 104
102 107
103 123
103 133
103 619
103 819
104 107
104 118
104 136
104 310
104 713
109 128
109 310
110 518
113 283
113 285
119 122
123 770
128 893
129 139
131 541
134 184
138 284
138 285
138 286
138 336
138 363
138 376
138 381
138 382
138 400
142 146
146 162
146 237
146 376
177 184
182 493
184 960
187 971
212 731
212 733
212 739
212 741
212 743
212 747
212 748
212 751
213 619
214 215
214 216
214 217
215 218
215 219
215 220
219 713
220 407
220 521
220 689
220 715
220 716
220 901
233 997
245 997
252 403
257 262
258 262
258 270
259 270
262 263
262 742
264 281
270 374
279 587
279 588
279 594
279 596
279 597
279 598
281 283
281 284
281 285
281 286
283 285
283 286
283 344
283 356
283 382
283 400
283 971
284 338
284 371
284 376
284 400
284 741
285 336
285 338
285 341
285 344
285 349
285 354
285 355
285 356
285 363
285 365
285 368
285 371
285 373
285 374
285 375
285 376
286 337
286 338
286 341
286 344
286 354
286 355
286 356
286 368
286 373
286 374
286 389
286 392
286 398
286 400
287 288
288 291
288 292
288 293
289 294
290 292
290 301
291 826
292 301
292 922
292 984
293 923
294 301
294 937
296 918
297 923
301 404
301 918
301 923
316 320
317 320
319 619
320 321
320 338
334 336
334 337
334 338
336 381
336 382
337 338
337 368
337 371
337 375
337 963
338 341
338 374
338 377
338 382
338 392
338 398
346 349
349 373
352 389
354 376
355 375
362 371
363 377
363 395
365 382
365 398
365 410
368 475
368 995
371 383
373 374
374 381
375 376
375 963
376 382
377 400
382 398
382 743
389 398
392 869
393 795
398 518
400 963
402 598
403 781
403 783
404 826
404 919
404 922
405 418
405 795
405 797
405 801
405 802
405 803
405 950
405 951
405 952
405 953
407 691
407 716
407 968
418 801
418 802
452 739
487 493
520 521
521 524
524 713
585 586
585 587
586 587
586 588
586 589
586 590
586 591
586 592
586 593
587 591
587 593
587 594
587 596
587 597
587 598
587 599
587 600
587 601
587 602
588 642
589 595
589 645
590 822
590 983
591 598
592 598
592 602
593 598
594 595
596 651
597 601
597 653
598 600
599 650
599 651
602 652
603 604
604 606
611 715
613 666
613 672
619 624
663 664
663 665
663 666
664 667
665 666
665 669
665 672
665 673
666 667
666 669
666 671
666 672
666 673
666 674
667 668
669 670
671 673
672 890
673 674
673 881
687 689
689 691
701 997
713 716
713 717
713 968
714 717
715 906
716 901
717 906
731 732
731 733
732 736
733 737
733 739
733 740
733 741
733 742
735 741
735 814
736 818
736 819
737 742
737 819
738 742
738 814
740 819
742 743
742 748
742 751
742 814
742 815
742 816
742 817
742 818
742 819
747 817
747 819
748 753
750 816
751 829
764 964
765 964
794 795
794 796
794 797
795 797
795 798
796 801
796 802
797 802
797 803
798 802
799 803
800 802
800 950
801 953
801 996
802 951
802 964
802 996
802 997
805 952
815 816
816 818
817 819
818 819
822 826
826 919
874 881
875 881
881 883
882 950
901 902
917 918
947 971
951 952
983 984
984 988
