0 1
0 2
0 3
1 3
1 4
1 6
1 7
1 10
1 15
2 3
2 6
2 10
2 15
2 20
2 21
2 22
2 23
3 4
3 7
3 10
3 11
3 13
3 14
3 15
3 16
3 17
3 20
3 21
3 22
3 25
3 26
3 27
3 28
3 29
4 11
6 15
7 19
8 426
9 364
10 53
10 536
11 15
12 23
13 15
13 26
14 20
14 21
15 16
15 17
15 23
15 25
15 196
15 425
15 426
16 23
16 26
16 27
16 425
17 23
17 27
17 425
17 587
22 946
24 29
24 80
24 91
24 95
24 100
24 112
24 127
24 129
24 131
24 132
24 133
24 134
24 309
27 200
28 29
28 99
29 33
29 51
29 52
29 53
29 54
29 72
29 75
29 76
29 77
29 78
29 79
29 80
29 82
29 83
29 95
29 99
29 100
29 101
29 102
29 103
29 105
29 106
29 108
29 111
29 112
29 115
29 117
29 120
29 127
29 129
29 131
29 132
29 134
29 309
29 310
29 311
29 312
30 31
30 33
31 32
31 33
31 34
31 35
31 36
31 37
32 33
32 41
33 35
33 36
33 37
33 41
33 42
33 43
33 44
33 45
33 46
33 47
33 48
33 49
34 49
35 48
36 41
36 46
37 41
37 44
37 47
37 48
37 49
38 46
41 42
41 43
41 373
41 869
41 871
42 48
43 44
43 869
45 567
45 569
47 828
49 871
50 51
51 52
51 53
51 54
52 62
52 72
52 75
52 76
52 77
52 78
52 80
52 82
52 83
52 91
52 95
52 99
52 100
53 62
53 72
53 75
53 76
53 77
53 78
53 80
53 82
53 83
53 91
53 95
53 99
53 100
53 105
53 106
53 108
53 111
53 112
53 115
53 118
53 120
53 125
53 127
53 129
53 131
53 132
53 133
53 134
53 135
54 83
54 95
54 99
54 100
54 106
54 120
54 127
62 99
68 134
79 100
82 117
85 99
85 133
89 135
91 95
91 668
93 105
93 309
95 104
96 196
97 99
97 100
97 132
98 280
98 685
98 967
99 104
99 125
99 135
99 834
100 101
100 103
100 118
100 133
100 782
101 108
102 111
103 133
104 118
104 310
109 310
115 188
121 135
123 770
125 211
128 893
129 139
131 541
134 184
135 891
155 258
155 277
188 455
188 470
188 471
188 475
188 682
195 500
196 207
212 311
213 646
225 767
225 774
233 997
245 997
252 780
252 782
255 257
255 258
256 258
256 260
257 258
257 261
257 262
257 263
258 260
258 261
258 262
258 263
258 264
258 265
258 266
258 267
258 268
258 269
258 270
258 271
258 272
258 273
258 274
258 275
258 276
258 277
258 278
258 279
258 280
259 270
259 274
260 282
261 267
263 264
264 281
265 282
265 527
266 269
266 944
267 275
268 272
268 275
270 374
271 277
273 704
273 860
274 703
276 699
276 724
276 924
277 278
279 585
279 587
279 588
279 593
279 594
279 595
279 596
279 597
279 598
280 312
280 420
280 423
280 685
280 761
280 762
280 763
280 765
280 766
280 767
280 768
280 769
280 770
280 771
280 772
280 773
280 774
284 397
285 364
285 368
285 373
286 368
286 373
286 397
298 411
300 445
307 681
311 749
311 818
312 766
312 773
312 966
337 368
345 962
349 373
364 764
364 967
368 475
368 995
373 374
379 397
381 397
387 408
392 869
393 795
397 967
405 418
405 795
405 797
405 802
405 803
405 951
408 409
408 410
409 410
409 411
409 412
409 413
409 414
409 415
409 416
409 417
409 418
409 419
409 420
410 412
410 420
410 422
411 416
412 419
413 420
414 420
415 420
416 420
417 420
417 422
418 798
418 801
418 802
418 805
418 996
419 420
420 422
423 685
423 765
423 770
423 772
423 774
423 865
423 866
423 967
424 427
424 429
424 436
424 439
424 440
424 445
424 448
424 452
424 453
424 455
424 457
424 460
424 463
424 469
424 470
424 471
424 475
426 522
427 472
427 475
429 473
429 475
431 457
432 962
435 463
436 437
436 475
439 475
439 684
440 450
440 470
445 682
446 683
446 768
448 468
448 682
450 469
451 681
451 683
452 471
452 739
452 778
453 462
453 464
453 475
454 457
454 681
455 461
455 475
457 475
459 678
460 475
460 684
460 888
461 470
462 680
463 475
463 500
463 686
464 469
464 675
469 471
469 472
469 686
470 475
470 677
470 962
471 474
471 475
471 684
472 675
473 678
473 679
474 475
475 646
475 675
475 678
475 679
475 680
475 681
475 682
475 683
475 684
475 685
475 686
500 519
585 587
586 587
586 588
586 591
587 591
587 593
587 594
587 596
587 597
587 598
587 599
587 600
587 601
587 602
588 642
589 595
591 598
592 601
592 602
593 600
594 595
597 601
598 600
599 650
599 651
602 652
623 646
626 646
643 646
664 668
665 668
667 668
677 680
679 975
682 778
683 684
683 999
684 962
685 771
685 862
685 865
685 866
701 997
761 762
762 763
764 768
764 772
765 964
766 967
767 970
769 862
769 863
770 944
771 865
772 862
772 864
774 944
774 967
780 781
780 782
782 783
782 784
794 795
794 796
794 797
795 797
795 798
796 799
796 800
796 801
796 802
797 802
797 803
797 804
797 805
798 802
799 803
800 802
802 951
802 964
802 996
802 997
804 948
804 953
804 996
831 834
834 835
834 913
864 866
866 931
868 891
868 893
890 891
891 892
891 893
892 893
951 952
