1 10
2 10
3 10
10 53
10 536
18 235
22 946
24 53
24 55
24 57
24 58
24 63
24 64
24 66
24 69
24 73
24 80
24 91
24 92
24 97
24 103
24 112
24 114
24 127
24 131
24 134
24 136
28 53
28 97
28 103
29 51
29 53
29 72
29 75
29 76
29 77
29 78
29 79
29 80
29 83
29 103
29 105
29 106
29 108
29 111
29 112
29 115
29 117
29 120
29 127
29 131
29 134
32 39
39 189
39 998
41 373
50 51
50 53
51 52
51 53
51 54
52 53
52 55
52 56
52 57
52 58
52 60
52 61
52 62
52 63
52 64
52 65
52 66
52 67
52 69
52 70
52 71
52 72
52 73
52 74
52 75
52 76
52 77
52 78
52 79
52 80
52 83
52 88
52 90
52 91
52 92
52 97
52 103
53 54
53 55
53 56
53 57
53 58
53 60
53 61
53 62
53 63
53 64
53 65
53 66
53 67
53 68
53 69
53 70
53 71
53 72
53 73
53 74
53 75
53 76
53 77
53 78
53 79
53 80
53 81
53 82
53 83
53 86
53 87
53 88
53 89
53 90
53 91
53 92
53 93
53 95
53 97
53 99
53 100
53 101
53 102
53 103
53 104
53 105
53 106
53 107
53 108
53 109
53 110
53 111
53 112
53 113
53 114
53 115
53 116
53 117
53 118
53 119
53 120
53 121
53 122
53 123
53 124
53 125
53 126
53 127
53 128
53 129
53 130
53 131
53 132
53 133
53 134
53 135
53 136
53 137
53 138
53 139
54 56
54 60
54 70
54 83
54 88
54 90
54 92
54 97
54 103
54 106
54 114
54 120
54 127
54 136
61 503
62 99
65 402
67 775
68 134
71 104
74 897
79 100
81 103
82 117
86 103
87 350
88 890
89 135
90 102
90 523
91 95
91 668
92 375
93 105
97 99
97 100
97 102
97 132
97 624
99 125
99 135
100 103
100 118
101 103
101 108
101 110
101 493
102 107
102 111
102 136
103 123
103 133
103 619
103 819
104 107
104 118
104 136
109 128
109 310
110 518
113 283
113 285
115 188
116 976
116 979
119 122
121 135
122 308
124 143
124 162
125 211
126 205
126 211
126 216
129 139
130 216
130 519
130 836
131 541
134 184
135 891
137 487
137 583
137 810
137 848
137 899
137 985
138 284
138 285
138 286
138 336
138 363
138 376
138 381
138 382
138 400
139 237
139 399
139 434
139 522
139 523
139 525
139 526
139 527
139 528
139 529
139 530
139 531
139 532
139 533
139 534
139 535
139 550
139 551
139 552
139 553
139 554
139 555
139 556
139 557
139 584
139 728
139 729
139 730
146 237
146 376
152 237
162 230
162 235
162 237
175 177
176 179
176 181
177 179
177 180
177 183
177 184
178 181
178 185
178 189
179 180
179 189
179 235
179 239
180 181
180 232
180 245
181 186
181 189
181 230
181 231
181 239
181 240
181 241
181 242
181 243
181 244
181 245
181 246
182 401
182 487
182 493
182 570
182 575
182 577
182 578
185 189
185 231
185 234
186 243
187 189
187 947
189 231
189 232
189 381
189 945
189 946
189 947
195 485
212 731
212 733
212 739
212 741
212 744
212 747
213 619
230 231
231 232
240 662
240 914
241 861
241 998
242 701
242 966
243 244
243 945
245 757
245 861
245 997
246 808
246 813
246 896
246 898
258 270
259 270
270 374
283 400
284 338
284 376
284 397
284 400
284 741
285 333
285 338
285 341
285 350
285 354
285 363
285 369
285 370
285 373
285 374
285 376
285 381
286 333
286 334
286 338
286 341
286 354
286 369
286 373
286 374
286 381
286 392
286 394
286 397
286 398
286 400
286 401
316 320
317 320
319 619
320 321
320 338
329 989
333 334
334 335
334 336
334 337
334 338
335 370
336 381
337 338
337 963
338 341
338 374
338 377
338 382
338 392
338 398
349 373
350 381
354 376
358 659
363 377
363 395
365 398
369 381
369 386
369 490
370 379
370 381
370 382
373 374
374 381
375 376
375 963
376 382
377 400
378 394
379 397
381 394
381 397
382 398
389 398
392 869
394 581
397 967
398 518
399 526
399 528
399 729
400 963
401 487
401 495
401 497
401 568
401 570
401 577
401 582
401 583
401 655
401 812
401 824
401 848
401 900
401 939
401 942
424 434
434 522
452 739
485 486
485 487
487 493
487 494
487 495
487 496
487 497
494 811
494 986
496 899
496 942
497 577
497 985
515 659
522 525
522 526
522 528
523 526
523 528
523 530
523 531
523 532
523 533
523 534
525 551
525 556
526 535
526 728
527 528
527 552
528 535
528 557
528 730
529 530
529 531
529 532
529 534
529 554
532 535
533 555
533 657
534 556
534 584
535 550
535 552
535 554
550 728
553 729
568 570
572 942
575 578
575 582
575 848
577 654
577 657
577 658
577 659
578 579
578 582
578 813
578 900
578 989
578 990
579 899
579 900
581 812
581 990
582 812
582 985
583 655
583 812
619 624
654 655
655 656
656 812
656 900
658 705
658 813
659 835
659 911
700 942
700 990
731 732
731 733
732 736
732 737
733 737
733 739
733 740
733 741
733 742
734 744
735 741
736 818
736 819
737 740
737 742
737 744
737 819
740 819
742 819
747 817
747 819
810 938
817 819
818 819
821 824
823 824
824 827
848 900
849 939
884 989
900 934
900 938
934 935
934 936
936 938
938 969
939 940
946 960
947 971
947 998
