30 32
31 32
31 34
31 37
32 33
32 35
32 36
32 37
32 38
32 39
32 40
32 41
32 42
32 43
33 37
33 49
34 49
34 253
35 37
36 37
37 38
37 41
37 42
37 43
37 44
37 47
37 48
37 49
37 285
37 593
49 871
113 285
138 285
169 285
171 285
201 254
247 248
247 249
247 250
248 249
248 251
250 251
250 253
250 254
251 253
251 254
281 285
283 285
284 285
284 367
285 286
285 319
285 333
285 335
285 336
285 338
285 339
285 340
285 341
285 342
285 343
285 344
285 345
285 346
285 347
285 348
285 349
285 350
285 351
285 352
285 353
285 354
285 355
285 356
285 357
285 358
285 359
285 360
285 361
285 362
285 363
285 364
285 365
285 366
285 367
285 368
285 369
285 370
285 371
285 372
285 373
285 374
285 375
285 376
285 377
285 378
285 379
285 380
285 381
285 382
286 357
286 367
335 370
357 380
367 382
367 523
370 379
370 381
370 382
