3 28
24 52
28 29
28 52
28 53
28 97
28 99
28 103
29 52
29 77
29 83
50 51
50 52
50 53
51 52
52 53
52 54
52 55
52 56
52 57
52 58
52 59
52 60
52 61
52 62
52 63
52 64
52 65
52 66
52 67
52 68
52 69
52 70
52 71
52 72
52 73
52 74
52 75
52 76
52 77
52 78
52 79
52 80
52 81
52 82
52 83
52 84
52 85
52 86
52 87
52 88
52 89
52 90
52 91
52 92
52 93
52 94
52 95
52 96
52 97
52 98
52 99
52 100
52 101
52 102
52 103
52 104
53 77
53 83
54 83
98 280
98 423
98 685
98 764
98 771
98 773
98 965
98 967
98 970
280 765
280 771
280 772
364 764
364 967
397 967
423 764
423 765
423 772
423 965
423 967
685 771
763 764
764 768
764 772
764 908
764 964
764 966
765 964
766 967
771 864
771 865
772 862
772 864
774 967
802 964
864 965
