25 424
39 998
139 434
175 178
176 180
177 180
178 180
178 181
178 185
178 186
178 187
178 188
178 189
179 180
179 239
180 181
180 186
180 232
180 239
180 244
180 245
180 424
180 473
180 603
181 239
181 241
187 189
187 244
187 701
187 947
187 969
187 971
188 424
189 947
195 424
241 861
241 998
242 701
307 424
424 427
424 428
424 429
424 430
424 431
424 432
424 433
424 434
424 435
424 436
424 437
424 438
424 439
424 440
424 441
424 442
424 443
424 444
424 445
424 446
424 447
424 448
424 449
424 450
424 451
424 452
424 453
424 454
424 455
424 456
424 457
424 458
424 459
424 460
424 461
424 462
424 463
424 464
424 465
424 466
424 467
424 468
424 469
424 470
424 471
424 472
424 473
424 474
424 475
428 664
428 686
431 461
434 522
455 461
461 470
572 969
686 701
701 997
809 969
894 969
938 969
947 971
947 998
