3 25
15 25
22 946
25 424
29 311
32 39
39 189
39 998
40 391
40 467
40 930
41 373
42 388
45 569
52 59
53 125
59 213
59 319
61 503
87 350
96 190
96 195
99 125
103 619
125 211
126 205
126 211
137 583
137 810
137 848
138 286
138 336
138 381
139 399
139 434
139 529
139 530
139 531
139 532
139 534
139 554
139 729
142 147
142 148
142 151
143 147
143 148
143 151
143 159
143 160
143 161
145 935
147 150
147 161
148 154
148 161
148 544
151 161
151 162
151 607
151 895
152 159
152 160
152 161
153 159
159 161
160 161
160 162
161 162
161 195
162 230
164 169
169 284
169 285
169 286
169 380
171 195
171 209
171 211
171 516
172 192
172 195
172 211
172 217
172 221
172 516
172 609
175 176
176 179
176 180
176 181
176 182
178 181
178 185
178 189
179 189
179 239
180 181
180 232
180 239
180 245
180 424
180 473
181 186
181 189
181 230
181 231
181 239
181 240
181 241
181 242
181 243
181 244
181 245
181 246
182 209
182 327
182 401
182 570
182 575
182 580
182 581
182 583
185 189
185 231
185 234
186 202
186 243
187 189
187 947
188 424
188 455
188 470
188 471
188 473
189 231
189 232
189 381
189 945
189 946
189 947
190 191
190 192
191 193
191 195
192 195
192 200
192 201
192 202
192 203
192 204
192 205
192 206
192 207
192 208
192 209
192 210
192 211
192 212
192 213
193 211
193 229
194 616
194 631
194 633
195 200
195 201
195 204
195 207
195 208
195 216
195 217
195 221
195 222
195 224
195 226
195 228
195 229
195 351
195 424
195 485
195 486
195 489
195 490
195 491
195 492
195 498
195 499
195 500
195 501
195 502
195 503
195 504
195 505
195 506
195 507
195 508
195 509
195 510
195 511
195 512
195 513
195 514
195 515
195 516
195 517
195 518
197 512
198 209
198 498
199 211
199 217
199 501
199 509
201 209
201 211
201 227
201 489
201 499
201 501
201 505
202 518
203 210
203 216
205 223
206 211
206 512
207 465
208 498
208 504
209 222
209 229
209 518
209 610
209 776
210 217
210 227
210 511
211 518
211 609
211 777
211 949
212 311
212 731
212 733
212 734
212 738
212 739
212 741
212 743
212 744
212 745
212 746
212 747
212 748
212 749
212 750
212 751
212 752
212 753
213 282
213 315
213 319
213 529
213 583
213 605
213 607
213 616
213 617
213 618
213 619
213 621
213 623
213 624
213 625
213 626
213 627
213 628
213 629
213 630
213 631
213 632
213 633
213 634
213 635
213 636
213 637
213 638
213 639
213 640
213 641
213 642
213 643
213 644
213 645
213 646
213 647
213 648
213 649
214 215
214 216
214 217
216 221
217 223
217 224
217 225
217 226
217 227
217 228
217 229
222 511
224 949
225 767
225 774
226 507
227 517
229 512
230 231
231 232
231 233
233 244
233 286
233 993
233 997
238 286
238 396
240 662
240 914
241 861
241 998
242 701
242 966
243 244
243 945
245 757
245 861
245 997
246 813
246 898
260 282
263 282
264 281
265 282
278 282
281 283
281 284
281 285
281 286
283 286
283 344
283 356
284 286
284 367
284 377
284 741
285 286
285 333
285 336
285 340
285 341
285 343
285 344
285 345
285 347
285 350
285 352
285 353
285 354
285 355
285 356
285 357
285 360
285 361
285 362
285 365
285 367
285 368
285 370
285 373
285 377
285 381
286 290
286 333
286 334
286 337
286 338
286 340
286 341
286 342
286 343
286 344
286 345
286 347
286 348
286 352
286 353
286 354
286 355
286 356
286 357
286 359
286 360
286 361
286 362
286 367
286 368
286 369
286 373
286 374
286 377
286 378
286 379
286 380
286 381
286 382
286 383
286 384
286 385
286 386
286 387
286 388
286 389
286 390
286 391
286 392
286 393
286 394
286 395
286 396
286 397
286 398
286 399
286 400
286 401
287 288
287 289
287 290
288 291
288 292
290 291
290 292
290 296
290 297
290 298
290 299
290 300
290 301
291 826
292 301
292 922
292 984
293 299
293 300
296 918
296 988
297 582
297 923
298 411
298 825
299 719
299 999
300 445
300 879
300 921
307 424
307 430
307 438
307 465
311 749
311 818
313 315
315 319
319 583
319 616
319 617
319 618
319 619
322 323
323 325
323 326
323 327
327 579
327 580
327 847
327 849
327 850
333 334
334 336
335 370
336 381
336 382
337 368
338 341
338 377
338 392
338 398
340 710
342 361
343 366
345 962
347 378
348 377
349 373
350 381
351 388
352 389
353 665
354 376
355 375
357 380
358 659
359 396
360 379
360 385
361 807
362 371
362 994
363 377
363 395
365 382
365 398
365 410
366 387
367 382
367 523
368 475
368 995
369 381
369 386
369 490
370 379
370 381
370 382
371 383
373 374
374 381
377 378
377 380
377 400
377 878
378 386
379 383
380 393
381 394
381 397
382 395
382 398
382 743
384 396
387 408
389 398
390 634
390 961
391 932
392 869
393 795
394 581
395 687
398 518
399 523
399 526
399 528
399 729
401 487
401 495
401 497
401 568
401 570
401 577
401 582
401 583
401 655
401 812
401 824
401 848
401 900
401 939
401 942
424 427
424 428
424 429
424 430
424 431
424 432
424 433
424 434
424 435
424 436
424 437
424 438
424 439
424 440
424 441
424 442
424 443
424 444
424 445
424 446
424 447
424 448
424 449
424 450
424 451
424 452
424 453
424 454
424 455
424 456
424 457
424 458
424 459
424 460
424 461
424 462
424 463
424 464
424 465
424 466
424 467
424 468
424 469
424 470
424 471
424 472
424 473
424 474
424 475
427 472
427 475
428 664
428 686
429 473
430 778
431 457
431 461
432 435
432 962
433 454
433 975
434 522
435 463
436 437
436 475
438 441
439 475
439 684
440 450
440 470
441 465
442 458
442 924
443 474
443 958
444 975
444 986
446 683
446 768
447 473
448 468
448 682
449 456
450 469
451 681
451 683
452 471
452 739
453 462
453 464
453 475
455 461
455 475
456 686
456 778
459 474
459 678
459 686
460 475
460 684
460 888
461 470
462 473
462 677
463 475
463 500
463 686
465 466
467 925
467 929
467 931
467 956
469 471
470 475
470 677
470 962
471 474
471 475
471 684
472 473
472 677
473 678
473 679
474 949
475 679
485 486
485 487
486 489
486 490
486 491
487 495
490 565
491 776
491 972
492 516
495 847
496 942
497 569
497 581
497 583
497 750
497 848
499 614
502 699
502 846
503 513
504 513
505 508
506 514
506 612
507 777
509 517
510 691
510 987
511 784
514 609
515 659
515 752
515 832
515 833
515 913
516 518
516 610
518 609
522 529
523 529
523 530
523 531
523 532
523 534
529 530
529 531
529 532
529 534
529 535
529 554
532 535
533 657
534 556
534 584
535 554
537 694
553 729
568 570
569 583
569 809
569 894
572 942
573 581
573 583
574 705
575 578
575 582
575 848
576 806
577 657
577 659
578 813
578 990
579 580
580 583
580 698
580 776
580 807
580 849
580 897
580 935
580 986
581 582
581 583
581 694
581 812
581 894
581 897
581 898
581 990
582 583
582 643
583 655
583 657
583 695
583 700
583 705
583 806
583 809
583 810
583 811
583 812
583 813
588 642
589 645
603 605
605 607
607 641
611 690
615 618
617 632
618 648
619 624
621 638
622 626
622 633
622 638
622 641
622 642
622 645
623 628
623 636
623 637
623 642
623 645
624 625
624 637
624 641
624 644
625 649
626 646
627 628
629 644
630 635
631 753
635 648
636 649
638 959
639 718
640 644
643 646
643 649
643 660
644 647
645 943
656 850
658 705
658 813
659 835
659 911
677 680
677 958
679 975
688 690
690 714
692 694
692 695
694 696
695 697
695 698
695 699
695 700
696 848
700 942
700 990
705 811
705 941
713 717
714 717
714 718
714 719
714 720
716 720
717 906
718 904
719 905
720 786
731 732
731 733
732 734
733 739
733 741
734 744
735 741
738 745
738 746
742 743
742 748
742 751
745 749
746 817
747 817
747 819
748 753
750 816
751 829
806 807
810 938
811 848
813 894
821 824
823 824
824 827
848 900
849 939
850 936
850 992
873 878
878 883
878 888
878 889
898 940
925 927
925 930
925 933
926 955
927 928
927 933
929 933
930 931
930 954
930 956
931 933
931 955
932 933
932 956
933 956
933 994
934 935
939 940
946 960
947 971
947 998
954 956
955 956
