0 1
0 2
0 3
1 2
1 5
1 6
1 10
1 12
1 13
2 3
2 5
2 6
2 10
2 12
2 13
2 15
2 16
2 17
2 18
2 19
2 20
2 21
2 22
2 23
2 24
3 10
3 13
3 20
3 21
3 22
3 26
3 27
3 28
5 16
6 15
7 19
10 53
10 536
11 696
12 16
12 17
12 23
13 15
13 26
13 604
14 20
14 21
15 196
16 26
16 27
17 27
18 141
18 235
19 536
22 946
24 53
24 55
24 57
24 58
24 63
24 64
24 66
24 69
24 73
24 80
24 87
24 92
24 93
24 95
24 112
24 114
24 119
24 127
24 131
24 132
24 133
24 134
24 136
24 309
27 200
28 29
28 52
28 53
28 97
28 99
28 103
29 53
29 72
29 75
29 76
29 77
29 78
29 79
29 80
29 82
29 83
29 95
29 106
29 108
29 111
29 112
29 115
29 120
29 127
29 131
29 132
29 134
29 309
41 373
42 870
43 870
50 51
50 52
50 53
51 53
52 53
52 55
52 56
52 57
52 58
52 59
52 60
52 61
52 62
52 63
52 64
52 65
52 66
52 67
52 69
52 70
52 71
52 72
52 73
52 74
52 75
52 76
52 77
52 78
52 79
52 80
52 81
52 82
52 83
52 86
52 87
52 88
52 89
52 90
52 92
52 93
52 95
53 54
53 55
53 56
53 57
53 58
53 60
53 61
53 62
53 63
53 64
53 65
53 66
53 67
53 68
53 69
53 70
53 71
53 72
53 73
53 74
53 75
53 76
53 77
53 78
53 79
53 80
53 81
53 82
53 83
53 86
53 87
53 88
53 89
53 90
53 91
53 92
53 93
53 95
53 97
53 99
53 100
53 101
53 102
53 103
53 104
53 105
53 106
53 107
53 108
53 109
53 110
53 111
53 112
53 113
53 114
53 115
53 116
53 117
53 118
53 119
53 120
53 121
53 122
53 123
53 124
53 125
53 126
53 127
53 128
53 129
53 130
53 131
53 132
53 133
53 134
53 135
53 136
53 137
53 138
53 139
54 56
54 60
54 70
54 83
54 88
54 90
54 92
54 95
54 106
54 114
54 120
54 127
54 136
54 378
59 213
59 319
61 503
62 99
65 402
67 775
68 134
71 104
74 897
79 100
81 103
81 497
82 117
85 133
86 102
86 103
87 350
88 890
89 101
89 135
90 102
90 523
91 95
92 375
93 104
93 105
93 309
95 104
96 171
96 190
96 196
96 198
96 199
96 200
97 132
99 125
100 118
100 133
101 108
101 110
101 493
102 107
102 111
102 136
103 123
103 133
103 619
104 107
104 118
104 136
109 128
109 310
110 518
113 283
113 285
115 188
116 976
116 979
119 122
121 135
121 702
123 770
124 143
124 162
125 211
126 205
126 211
126 216
129 139
130 216
130 519
130 836
131 541
134 184
137 487
137 583
137 810
137 848
137 899
137 985
138 284
138 285
138 286
138 336
138 363
138 376
138 381
138 382
138 400
139 237
139 399
139 434
139 522
139 523
139 525
139 526
139 527
139 528
139 529
139 530
139 531
139 532
139 533
139 534
139 535
139 550
139 551
139 552
139 553
139 554
139 555
139 556
139 557
139 584
139 728
139 729
139 730
145 935
146 237
149 165
149 200
149 514
152 237
162 237
162 238
163 164
163 165
163 166
164 169
165 170
165 171
165 172
169 284
169 285
169 286
169 380
170 517
170 565
170 610
171 195
171 209
171 210
171 211
171 216
171 285
171 516
171 517
171 518
171 565
172 192
172 200
172 208
172 217
172 222
177 184
182 209
182 487
182 493
182 573
182 575
182 579
182 580
182 583
184 960
186 202
190 191
190 192
191 193
192 195
192 200
192 201
192 202
192 203
192 204
192 205
192 206
192 207
192 208
192 209
192 210
192 211
192 212
192 213
193 211
193 229
194 616
194 631
194 633
195 200
195 204
195 207
195 208
195 217
195 222
195 224
195 226
195 229
195 485
195 501
195 504
195 506
195 511
195 514
195 517
196 207
198 209
198 498
198 519
199 211
199 217
199 501
199 509
199 776
200 201
201 207
201 208
201 209
201 222
201 501
202 518
203 210
203 216
204 987
205 223
206 211
206 512
207 210
207 465
208 228
208 498
208 504
209 222
209 229
209 518
209 610
209 776
210 217
210 511
210 620
212 741
213 282
213 315
213 319
213 529
213 583
213 605
213 607
213 616
213 617
213 618
213 619
213 621
213 623
213 624
213 625
213 626
213 627
213 628
213 629
213 630
213 631
213 632
213 633
213 634
213 635
213 636
213 637
213 638
213 639
213 640
213 641
213 642
213 643
213 644
213 645
213 646
213 647
213 648
213 649
214 215
214 216
214 217
216 222
217 223
217 224
217 225
217 226
217 227
217 228
217 229
222 511
222 518
222 870
223 948
224 949
225 767
225 774
226 507
226 974
227 517
229 512
229 514
229 693
229 836
236 610
238 284
238 286
238 339
238 359
238 379
238 396
246 813
246 896
258 270
259 270
260 282
263 282
264 281
265 282
270 374
276 699
278 282
281 283
281 284
281 285
281 286
284 285
284 286
284 338
284 366
284 367
284 371
284 376
284 377
284 378
284 380
284 397
284 400
284 741
284 883
284 995
285 333
285 335
285 338
285 339
285 341
285 347
285 363
285 365
285 366
285 367
285 371
285 373
285 374
285 378
286 333
286 334
286 338
286 341
286 347
286 367
286 373
286 374
286 378
286 383
286 386
286 389
286 392
286 394
286 396
286 397
286 398
307 465
313 315
315 319
316 320
317 320
319 583
319 616
319 618
319 619
319 620
319 621
319 623
320 321
320 338
327 579
327 580
327 849
333 334
334 335
334 336
334 337
334 338
335 370
337 338
337 371
338 341
338 374
338 377
338 382
338 392
338 398
339 379
343 366
347 378
349 373
352 389
359 396
362 371
363 377
363 395
365 382
365 398
365 410
366 387
367 382
367 523
368 995
369 386
371 383
373 374
374 381
377 378
378 379
378 380
378 382
378 386
378 394
379 383
379 397
380 579
380 995
381 394
381 397
382 398
384 396
389 398
390 634
392 869
394 581
397 967
398 518
399 729
401 487
401 495
401 583
401 655
401 812
401 848
424 434
424 465
434 522
441 465
460 888
465 466
485 486
485 487
487 493
487 494
487 495
487 496
487 497
490 565
494 811
494 986
495 847
496 899
496 942
497 583
497 848
497 985
502 699
504 513
506 514
506 612
509 517
511 784
514 609
516 610
517 776
518 610
522 525
523 530
523 531
523 533
523 534
523 535
525 551
525 556
526 535
526 728
527 535
528 535
528 730
529 530
529 531
529 534
529 535
532 535
533 555
533 657
534 556
534 584
535 538
535 550
535 551
535 552
535 553
535 554
535 555
535 556
535 557
538 539
538 540
550 728
553 729
557 730
560 565
566 875
566 883
569 583
569 809
569 894
571 693
573 581
573 583
574 705
575 578
575 582
575 848
576 697
576 806
578 579
578 813
579 580
579 582
579 896
579 899
579 900
580 583
580 698
580 776
580 807
580 849
580 897
580 935
580 986
581 583
581 812
581 894
582 583
582 643
582 812
582 985
583 655
583 657
583 695
583 700
583 705
583 806
583 809
583 810
583 811
583 812
583 813
603 604
603 605
604 606
605 607
607 620
607 639
607 641
615 618
617 632
618 648
619 624
620 621
620 624
621 622
621 638
622 626
622 633
622 641
623 628
623 636
623 637
623 642
623 645
623 646
623 649
623 654
623 660
624 625
624 641
624 644
625 649
626 646
627 639
629 644
630 635
630 647
631 753
632 648
634 961
639 718
640 644
643 646
643 649
643 660
644 647
654 655
655 656
656 812
658 705
658 813
692 693
692 695
694 696
695 697
695 698
695 699
695 700
696 847
696 848
697 698
699 725
699 846
700 849
705 811
705 941
733 741
735 741
806 807
809 969
811 848
813 894
848 900
849 939
872 873
872 875
873 875
873 876
873 877
873 878
874 875
874 880
874 883
875 876
875 877
875 880
875 881
875 883
875 884
875 885
875 886
875 887
875 888
875 889
877 885
877 887
878 883
878 888
880 889
881 883
882 885
882 886
884 974
884 989
886 889
887 889
888 889
894 969
896 897
934 935
