0 2
0 3
1 2
1 3
1 4
1 5
1 6
1 7
1 12
1 14
2 3
2 5
2 6
2 10
2 12
2 13
2 15
2 16
2 17
2 18
2 19
2 20
2 21
2 22
2 23
2 24
3 4
3 7
3 10
3 11
3 13
3 14
3 15
3 16
3 17
3 20
3 21
3 22
3 25
3 26
3 27
3 28
3 29
4 11
5 16
6 15
7 19
9 364
9 970
12 16
12 17
12 23
13 26
14 16
14 17
14 20
14 21
15 25
16 26
16 27
17 27
18 141
18 235
24 54
24 91
24 92
24 95
24 97
24 114
24 127
24 132
24 136
25 424
27 200
28 29
28 52
28 53
28 97
28 99
28 103
29 51
29 54
29 83
29 95
29 101
29 106
29 108
29 115
29 120
29 127
29 132
30 31
30 32
30 33
31 32
31 33
31 34
31 35
31 36
31 37
32 35
32 41
32 43
33 35
33 41
33 43
33 44
33 48
34 49
34 253
35 37
35 42
35 43
35 48
36 41
36 43
37 41
37 43
37 44
37 48
41 42
41 43
41 373
41 869
41 871
42 43
42 48
42 870
43 44
43 869
43 870
43 871
50 51
50 52
50 53
51 52
51 53
51 54
52 54
52 56
52 59
52 60
52 70
52 81
52 83
52 85
52 88
52 89
52 90
52 91
52 92
52 95
52 97
52 98
52 101
53 54
53 56
53 60
53 70
53 81
53 83
53 88
53 89
53 90
53 91
53 92
53 95
53 97
53 101
53 106
53 108
53 110
53 114
53 115
53 120
53 127
53 132
53 136
53 137
53 138
54 56
54 60
54 70
54 83
54 88
54 90
54 92
54 95
54 97
54 99
54 100
54 101
54 102
54 103
54 104
54 106
54 114
54 120
54 127
54 136
54 378
54 406
54 407
59 213
59 319
81 103
81 497
85 99
85 101
85 133
88 890
89 101
89 135
90 102
90 523
91 95
91 668
92 375
95 104
97 99
97 100
97 102
97 132
97 624
98 280
98 423
98 685
98 764
98 771
98 773
98 965
98 967
98 970
100 101
101 103
101 108
101 110
101 493
101 666
102 136
104 136
110 518
115 188
137 487
137 583
137 810
137 848
137 899
137 985
138 284
138 285
138 286
138 336
138 363
138 376
138 381
138 382
138 400
139 399
139 523
139 527
139 530
139 531
139 535
139 550
139 551
139 553
139 554
139 555
139 556
139 557
142 146
146 162
146 237
146 376
163 164
164 167
164 168
164 169
169 284
169 285
169 286
169 380
175 178
176 180
177 180
178 180
178 181
178 185
178 186
178 187
178 188
178 189
179 180
180 181
180 186
180 232
180 239
180 244
180 245
180 424
180 473
180 603
181 242
182 327
182 493
182 497
182 573
182 574
182 579
182 583
185 189
185 231
185 234
188 424
188 455
188 470
188 471
188 473
188 475
188 676
188 682
188 684
188 958
189 232
190 191
191 193
191 194
191 195
194 319
194 616
194 631
194 633
194 640
194 647
194 959
211 949
212 750
213 315
213 319
213 583
213 617
213 621
213 623
213 624
213 625
213 626
213 628
213 629
213 631
213 633
213 635
213 636
213 641
213 642
213 644
213 645
213 646
213 648
220 407
220 715
222 870
224 949
225 767
225 774
231 232
238 339
238 379
242 701
242 966
246 808
246 813
246 896
258 265
258 270
258 276
259 270
265 282
265 527
266 944
270 374
276 699
276 724
276 924
280 766
280 767
280 771
280 774
284 338
284 367
284 376
284 378
284 380
284 397
284 995
285 319
285 333
285 336
285 338
285 339
285 341
285 347
285 349
285 354
285 355
285 357
285 360
285 363
285 364
285 365
285 367
285 370
285 373
285 374
285 375
285 376
285 378
285 379
285 380
286 333
286 334
286 338
286 341
286 347
286 354
286 355
286 357
286 360
286 367
286 373
286 374
286 378
286 379
286 380
286 383
286 384
286 386
286 389
286 392
286 393
286 394
286 397
286 398
286 399
294 937
307 466
307 681
312 766
312 966
313 315
315 319
316 320
317 320
319 583
319 607
319 615
319 616
319 617
319 618
319 619
319 620
319 621
319 622
319 623
319 624
320 321
320 338
322 323
323 325
323 326
323 327
327 579
327 580
327 847
327 849
327 850
333 334
334 335
334 336
334 337
334 338
335 370
336 381
336 382
337 338
337 375
337 963
338 341
338 374
338 377
338 382
338 392
338 398
339 379
346 349
347 378
349 373
352 389
354 376
355 375
357 380
360 379
360 385
363 377
363 395
364 764
364 967
365 382
365 398
365 410
367 382
367 523
368 475
368 995
369 386
370 379
370 381
370 382
371 383
373 374
374 381
375 376
375 963
376 382
377 378
377 380
378 379
378 380
378 382
378 386
378 394
379 383
379 384
379 397
379 611
380 382
380 393
380 579
380 995
381 394
381 397
382 398
384 396
385 674
389 398
392 869
393 795
394 581
397 967
398 518
399 523
399 526
399 528
399 729
400 963
401 497
401 583
401 655
401 812
401 900
406 706
406 710
407 691
407 716
407 968
423 774
423 863
423 865
423 965
423 966
423 967
424 427
424 428
424 429
424 436
424 439
424 449
424 453
424 457
424 460
424 466
424 468
424 469
424 474
424 475
427 472
427 475
428 664
428 686
429 473
429 475
430 778
431 457
436 437
436 475
437 958
439 475
439 684
443 474
443 958
446 683
448 468
449 456
449 686
450 469
451 681
451 683
452 778
453 462
453 464
453 475
454 457
454 681
455 475
456 686
456 778
457 475
458 466
458 468
459 474
459 678
459 686
460 475
460 684
460 888
462 680
463 475
463 686
464 469
464 675
464 721
465 466
466 686
468 474
468 924
468 953
469 471
469 472
469 686
470 475
471 474
471 475
472 675
472 676
473 678
473 679
474 475
474 721
474 778
474 924
474 949
475 646
475 675
475 678
475 679
475 680
475 681
475 682
475 683
475 684
475 685
475 686
487 493
487 497
495 847
497 569
497 577
497 581
497 583
497 700
497 750
497 808
497 848
497 936
497 985
502 699
502 846
520 521
520 522
520 523
522 527
523 526
523 528
523 529
523 530
523 531
523 532
523 533
523 534
523 535
525 551
525 556
526 535
527 528
527 535
527 552
527 584
528 535
528 557
529 530
529 531
529 535
529 554
532 535
533 555
533 657
534 556
535 538
535 550
535 551
535 552
535 553
535 554
535 555
535 556
535 557
537 574
538 539
538 540
550 728
553 729
555 584
557 730
569 583
569 809
569 894
571 574
573 581
573 583
574 705
576 806
576 808
577 657
578 579
578 813
578 900
579 580
579 582
579 896
579 899
579 900
580 583
580 698
580 849
581 583
581 812
581 894
582 583
582 812
582 941
583 655
583 657
583 695
583 700
583 705
583 806
583 809
583 810
583 811
583 812
583 813
586 589
588 642
589 595
589 645
607 624
607 641
607 648
607 660
611 690
611 691
611 715
611 716
613 666
613 672
613 674
615 618
615 943
617 632
618 648
619 624
620 621
620 624
621 622
621 638
622 626
622 633
622 641
622 642
622 645
623 628
623 636
623 637
623 642
623 645
623 646
623 649
623 654
623 660
624 625
624 637
624 641
624 644
624 648
624 867
624 868
625 649
626 646
627 628
629 644
629 647
630 635
631 753
632 648
635 648
636 649
638 959
640 644
643 646
643 660
644 647
645 943
647 867
649 867
654 655
655 656
656 812
656 900
658 705
658 813
663 664
663 665
663 666
664 667
665 666
665 669
665 671
665 672
666 667
666 669
666 671
666 672
666 673
666 674
667 668
669 670
671 673
672 890
673 674
676 924
677 680
677 958
679 975
682 778
683 684
683 999
685 771
685 865
686 701
688 690
690 714
692 693
692 694
692 695
695 697
695 698
695 699
695 700
696 847
697 698
699 725
699 846
700 849
705 811
705 941
713 968
715 906
721 972
723 725
725 726
727 846
750 816
764 966
766 967
767 970
769 863
770 944
771 864
771 865
773 970
774 944
774 967
806 807
809 969
813 894
846 932
848 900
849 939
850 936
863 970
864 965
868 891
868 893
894 969
896 897
900 934
900 938
904 968
920 937
934 936
936 937
936 938
940 941
959 961
966 970
