3 25
3 27
3 28
15 25
15 196
16 27
17 27
24 54
24 92
24 93
24 97
24 104
24 114
24 127
24 132
24 309
25 424
27 200
28 29
28 52
28 53
28 97
28 99
28 103
29 51
29 54
29 83
29 101
29 105
29 106
29 108
29 115
29 120
29 127
29 132
29 309
29 310
30 31
30 32
30 33
31 32
31 35
32 33
32 35
32 36
32 37
32 38
32 39
32 40
32 41
32 42
32 43
33 35
33 41
33 48
35 37
35 42
35 43
35 48
36 41
37 38
37 41
37 48
38 46
39 189
39 998
40 391
40 467
40 930
40 994
41 42
41 43
41 373
41 869
41 871
42 48
43 869
43 871
49 871
50 51
50 52
50 53
51 52
51 53
51 54
52 54
52 56
52 60
52 70
52 71
52 83
52 85
52 88
52 89
52 90
52 92
52 93
52 97
52 101
52 104
53 54
53 56
53 60
53 70
53 71
53 83
53 88
53 89
53 90
53 92
53 93
53 97
53 101
53 104
53 105
53 106
53 107
53 108
53 110
53 113
53 114
53 115
53 118
53 120
53 126
53 127
53 130
53 132
53 138
54 56
54 60
54 70
54 83
54 88
54 90
54 92
54 95
54 97
54 99
54 100
54 101
54 102
54 103
54 104
54 106
54 114
54 120
54 127
54 136
54 378
54 406
54 407
61 503
71 104
84 832
85 99
85 101
85 133
88 890
89 101
89 135
90 102
90 523
92 375
93 104
93 105
93 309
95 104
96 195
96 196
96 198
96 200
97 99
97 100
97 102
97 132
97 624
99 104
100 101
100 118
101 103
101 108
101 110
101 493
101 666
102 104
102 107
104 107
104 118
104 136
104 310
104 713
109 310
110 518
113 283
113 285
115 188
126 205
126 211
126 216
130 216
130 519
130 836
134 184
138 284
138 285
138 286
138 336
138 363
138 376
138 381
138 382
138 400
139 434
142 147
142 148
142 149
142 151
143 147
143 148
143 151
143 159
143 160
143 161
147 150
147 161
148 154
148 161
148 544
149 165
149 200
149 514
149 608
150 895
151 161
151 162
151 607
151 895
152 159
152 160
152 161
153 159
158 895
159 161
160 161
160 162
161 162
161 195
163 164
163 165
163 166
165 170
165 171
165 172
171 195
171 209
171 216
171 516
172 195
172 200
172 208
172 516
172 613
175 176
175 177
176 179
176 180
176 181
176 182
177 179
177 180
177 183
177 184
178 180
178 185
178 186
178 188
179 180
179 239
180 181
180 186
180 232
180 239
180 244
180 245
180 424
180 473
180 603
181 186
181 239
181 244
181 245
182 209
182 401
182 493
182 577
182 579
182 580
183 688
183 785
184 960
185 189
185 231
185 234
186 202
186 234
186 243
187 244
187 971
188 424
188 455
188 470
188 471
188 473
188 475
188 676
188 682
188 684
188 958
189 232
190 191
191 193
191 194
191 195
192 195
192 200
192 202
192 203
192 204
192 207
192 208
192 209
193 229
194 640
195 200
195 201
195 204
195 207
195 208
195 216
195 217
195 221
195 222
195 224
195 226
195 228
195 229
195 351
195 424
195 485
195 486
195 489
195 490
195 491
195 492
195 498
195 499
195 500
195 501
195 502
195 503
195 504
195 505
195 506
195 507
195 508
195 509
195 510
195 511
195 512
195 513
195 514
195 515
195 516
195 517
195 518
196 207
198 209
198 498
198 519
199 501
199 509
200 201
201 207
201 208
201 209
201 489
201 499
201 501
202 518
203 210
203 216
204 987
207 210
207 465
208 228
208 498
208 504
209 222
209 229
209 518
209 610
209 776
210 511
210 620
212 743
212 752
213 607
213 618
213 621
213 632
213 635
213 638
213 639
213 640
213 641
213 648
214 215
214 216
214 217
215 219
216 221
216 222
217 224
217 226
217 229
219 713
219 716
219 903
220 407
222 511
224 949
226 507
226 974
229 512
229 514
229 693
229 836
231 232
231 234
233 244
234 921
234 960
241 861
243 244
245 757
245 861
245 997
258 270
259 270
264 281
270 374
278 861
281 283
281 284
281 285
281 286
283 285
283 286
283 344
283 356
283 382
283 400
283 971
284 338
284 367
284 371
284 378
285 338
285 341
285 344
285 347
285 349
285 351
285 353
285 356
285 358
285 365
285 367
285 368
285 370
285 371
285 373
285 374
285 378
285 382
286 337
286 338
286 341
286 344
286 347
286 353
286 356
286 367
286 368
286 373
286 374
286 378
286 382
286 386
286 394
286 395
286 401
300 445
300 921
307 424
307 430
307 438
307 466
316 320
317 320
319 607
319 618
319 620
319 621
320 321
320 338
327 579
327 580
334 337
334 338
335 370
336 382
337 338
337 368
337 371
337 375
337 963
338 341
338 374
338 377
338 382
338 392
338 398
346 349
347 378
349 373
351 388
353 665
358 659
358 835
358 910
362 371
362 994
363 395
365 382
365 398
365 410
367 382
367 523
368 475
368 995
369 386
369 490
370 379
370 381
370 382
371 383
373 374
374 381
375 963
376 382
377 378
378 379
378 380
378 382
378 386
378 394
380 382
380 579
381 394
382 395
382 398
382 743
391 932
392 869
394 581
395 687
400 963
401 487
401 495
401 497
401 568
401 570
401 577
401 582
401 583
401 655
401 812
401 824
401 848
401 900
401 939
401 942
405 953
406 706
406 710
407 691
407 716
407 968
423 866
424 427
424 428
424 429
424 430
424 431
424 432
424 433
424 434
424 435
424 436
424 437
424 438
424 439
424 440
424 441
424 442
424 443
424 444
424 445
424 446
424 447
424 448
424 449
424 450
424 451
424 452
424 453
424 454
424 455
424 456
424 457
424 458
424 459
424 460
424 461
424 462
424 463
424 464
424 465
424 466
424 467
424 468
424 469
424 470
424 471
424 472
424 473
424 474
424 475
427 472
427 475
428 664
428 686
429 473
429 475
430 778
431 457
431 461
432 435
433 454
433 975
434 522
435 463
436 437
437 958
438 441
439 475
439 684
440 450
440 470
442 458
442 924
443 474
443 958
444 975
444 986
445 682
446 683
446 768
447 472
447 473
448 468
449 456
450 469
451 681
451 683
452 471
452 739
452 778
453 462
453 464
453 475
454 457
455 461
456 686
456 778
457 475
458 466
458 468
459 474
459 678
459 686
460 475
460 684
460 888
461 470
463 500
464 469
465 466
466 686
467 925
467 929
467 931
467 956
468 474
468 924
468 953
469 471
469 472
469 686
472 676
485 486
485 487
486 489
486 490
486 491
487 493
487 495
490 565
491 776
491 972
492 516
495 847
496 942
497 577
499 614
500 519
502 699
502 846
503 513
505 508
506 514
506 612
508 836
509 517
510 691
510 987
511 784
515 659
515 752
515 832
515 833
515 913
516 518
516 610
518 608
521 524
524 691
524 713
533 657
540 544
541 544
547 833
567 568
568 570
571 693
572 942
577 654
577 657
577 658
577 659
578 579
578 900
579 580
579 582
579 896
579 899
579 900
580 583
580 698
580 776
580 807
580 849
580 897
580 935
580 986
581 812
582 812
583 655
583 657
583 812
603 604
603 605
605 607
607 620
607 624
607 639
607 640
607 641
607 648
607 660
608 612
613 666
613 670
613 672
613 674
615 618
617 632
618 648
620 621
620 624
621 622
621 638
622 638
622 641
623 660
624 641
624 648
627 639
630 635
632 648
635 648
638 959
639 718
640 644
643 660
654 655
655 656
656 812
656 900
658 705
658 813
659 835
659 911
663 665
663 666
664 667
665 666
665 668
665 669
665 670
665 671
665 672
665 673
666 667
666 669
666 671
666 672
666 673
666 674
667 668
676 924
685 866
692 693
700 942
713 716
713 717
713 968
714 717
717 906
742 743
752 835
752 909
754 757
755 757
755 758
757 758
757 760
758 759
758 760
801 953
804 953
821 824
823 824
824 827
830 832
830 833
834 913
835 911
835 913
846 932
848 900
849 939
864 866
866 931
900 934
900 938
911 912
919 921
925 928
925 929
925 931
925 932
926 954
927 928
928 932
928 993
929 933
929 993
930 931
930 954
930 956
931 933
931 955
932 933
932 956
933 956
933 994
939 940
947 971
954 956
955 956
