1 9
3 27
8 426
9 364
9 423
9 970
15 426
16 27
17 27
18 235
24 54
24 91
24 92
24 95
24 100
24 114
24 127
24 133
24 136
27 200
29 51
29 54
29 79
29 83
29 95
29 100
29 106
29 120
29 127
30 31
30 32
30 33
31 32
31 33
31 34
31 35
31 36
31 37
32 35
32 36
32 41
33 35
33 36
33 41
33 46
33 48
34 49
34 253
35 37
35 42
35 43
35 48
36 37
36 41
36 42
36 43
36 46
36 614
37 41
37 48
38 46
41 42
41 43
41 373
41 869
41 871
42 48
42 870
43 869
43 870
43 871
45 567
45 569
49 871
50 51
51 52
51 53
51 54
52 54
52 56
52 59
52 60
52 70
52 79
52 83
52 88
52 90
52 91
52 92
52 95
52 100
53 54
53 56
53 60
53 70
53 79
53 83
53 88
53 90
53 91
53 92
53 95
53 100
53 106
53 113
53 114
53 118
53 120
53 124
53 125
53 126
53 127
53 133
53 136
54 56
54 60
54 70
54 83
54 88
54 90
54 92
54 95
54 97
54 99
54 100
54 101
54 102
54 103
54 104
54 106
54 114
54 120
54 127
54 136
54 378
54 406
54 407
59 213
59 319
79 100
85 133
88 890
90 102
90 523
91 95
91 668
92 375
95 104
96 198
96 200
97 100
98 423
98 685
98 771
98 773
98 965
99 125
100 101
100 103
100 118
100 133
100 782
101 493
102 136
103 133
103 619
104 118
104 136
113 283
113 285
123 770
124 143
124 162
125 211
126 205
126 211
126 216
137 583
137 810
138 363
138 400
139 434
139 522
139 525
139 526
139 528
139 529
139 530
139 531
139 532
139 534
139 554
139 728
139 730
142 146
142 151
143 151
143 154
143 158
143 160
143 162
146 162
146 237
146 376
148 154
149 165
149 200
151 161
151 162
151 607
151 895
152 158
152 160
152 162
152 236
154 162
158 162
158 895
160 161
160 162
161 162
162 230
162 235
162 236
162 237
162 238
163 165
165 170
165 171
165 172
170 492
171 209
171 211
171 516
172 192
172 195
172 200
172 208
172 210
172 211
172 217
172 221
172 222
172 516
172 518
172 609
172 612
172 613
172 614
175 176
175 177
175 178
176 179
176 180
176 181
176 182
177 179
177 180
177 183
177 184
178 180
178 181
178 185
178 186
178 187
178 188
178 189
179 180
179 235
179 239
180 181
180 186
180 232
180 239
180 244
180 245
180 424
180 473
180 603
181 230
181 239
181 244
181 245
182 209
182 327
182 401
182 487
182 493
182 497
182 567
182 570
182 571
182 572
182 573
182 574
182 575
182 576
182 577
182 578
182 579
182 580
182 581
182 582
182 583
185 189
185 231
185 234
187 244
187 701
187 971
188 455
188 470
188 471
188 475
188 682
189 232
191 193
192 200
192 206
192 208
192 209
192 211
192 213
193 211
193 229
194 616
194 631
194 633
195 200
195 208
195 217
195 221
195 222
195 226
195 492
195 502
195 504
195 511
195 516
198 209
198 498
198 519
199 211
199 217
200 201
201 208
201 209
201 211
201 222
201 227
201 777
205 223
206 211
206 512
208 228
208 498
208 504
209 222
209 229
209 518
209 610
209 776
210 217
210 227
210 511
210 620
211 518
211 609
211 777
211 949
213 282
213 315
213 319
213 529
213 583
213 605
213 607
213 616
213 617
213 618
213 619
213 621
213 623
213 624
213 625
213 626
213 627
213 628
213 629
213 630
213 631
213 632
213 633
213 634
213 635
213 636
213 637
213 638
213 639
213 640
213 641
213 642
213 643
213 644
213 645
213 646
213 647
213 648
213 649
214 215
214 216
214 217
216 221
216 222
217 223
217 224
217 225
217 226
217 227
217 228
217 229
220 407
222 511
222 518
222 870
223 948
224 949
225 767
225 774
226 507
226 974
227 517
230 231
231 232
233 244
236 610
238 284
238 286
238 339
238 359
238 379
238 396
242 701
242 966
243 244
245 757
245 861
245 997
246 813
252 780
252 782
260 282
263 282
264 281
265 282
276 699
278 282
280 423
280 685
280 765
280 770
280 771
280 772
280 773
281 283
281 284
281 285
281 286
283 285
283 286
283 344
283 356
283 382
283 400
283 971
284 338
284 377
284 378
284 397
284 400
285 338
285 341
285 344
285 347
285 348
285 349
285 356
285 359
285 360
285 363
285 365
285 368
285 370
285 373
285 377
285 378
285 379
286 337
286 338
286 341
286 344
286 347
286 348
286 356
286 359
286 360
286 368
286 373
286 377
286 378
286 379
286 383
286 384
286 386
286 389
286 394
286 397
286 398
286 400
307 466
307 681
312 773
312 966
313 315
315 319
316 320
317 320
319 583
319 607
319 616
319 617
319 618
319 619
319 620
320 321
320 338
322 323
323 325
323 326
323 327
327 579
327 580
327 847
327 849
327 850
334 337
334 338
335 370
337 338
337 368
337 371
337 375
337 963
338 341
338 374
338 377
338 382
338 392
338 398
339 379
345 962
346 349
347 378
348 377
349 373
352 389
359 396
360 379
360 385
363 377
363 395
365 382
365 398
365 410
368 475
368 995
369 386
370 379
370 381
370 382
371 383
373 374
377 378
377 380
377 400
377 878
378 379
378 380
378 382
378 386
378 394
379 383
379 384
379 397
379 611
381 394
381 397
382 398
384 396
389 398
390 634
392 869
394 581
397 967
398 518
399 526
399 528
400 963
401 570
401 583
401 655
401 812
406 706
406 710
407 691
407 716
407 968
410 423
423 685
423 764
423 765
423 770
423 772
423 773
423 774
423 863
423 865
423 866
423 965
423 966
423 967
424 427
424 428
424 429
424 434
424 436
424 439
424 440
424 452
424 453
424 455
424 456
424 457
424 460
424 466
424 470
424 471
424 475
426 522
427 472
427 475
428 664
428 686
429 473
429 475
431 457
432 962
434 522
436 437
436 475
439 475
439 684
440 450
440 470
445 682
446 683
448 682
449 456
449 686
451 681
451 683
452 471
452 739
452 778
453 462
453 464
453 475
454 457
454 681
455 461
455 475
456 686
456 778
457 475
458 466
459 678
459 686
460 475
460 684
460 888
461 470
462 680
463 475
463 686
464 675
465 466
466 686
469 471
469 686
470 475
470 677
470 962
471 474
471 475
471 684
472 675
473 678
473 679
474 475
474 949
475 646
475 675
475 678
475 679
475 680
475 681
475 682
475 683
475 684
475 685
475 686
486 492
487 493
492 516
495 847
497 569
497 583
499 614
502 699
502 846
504 513
506 612
507 777
511 784
516 518
516 610
520 521
520 522
520 523
522 525
522 526
522 527
522 528
522 529
523 526
523 528
523 529
523 530
523 531
523 532
523 534
525 551
525 556
526 535
526 728
527 528
528 535
528 557
528 730
529 530
529 531
529 532
529 534
529 535
529 554
532 535
533 657
534 556
534 584
535 554
550 728
557 730
566 875
567 568
568 570
569 583
569 809
569 894
571 574
571 693
572 942
572 969
573 583
574 705
575 578
575 582
575 848
576 697
576 806
576 808
577 657
578 813
580 583
580 698
580 849
581 583
581 812
582 583
582 812
583 655
583 657
583 695
583 700
583 705
583 806
583 809
583 810
583 811
583 812
583 813
588 642
589 645
603 604
603 605
605 607
607 620
607 624
607 639
607 640
607 641
607 648
607 660
608 612
611 690
611 691
611 715
611 716
613 666
613 670
613 672
613 674
614 775
614 776
615 618
615 943
617 632
618 648
619 624
620 621
620 624
621 638
622 626
622 633
622 638
622 642
622 645
623 637
623 642
623 645
623 649
623 660
624 637
624 644
624 867
625 649
626 646
627 628
627 639
629 644
630 635
631 753
634 961
635 648
636 649
638 959
640 644
643 649
643 660
644 647
645 943
647 867
649 867
654 655
655 656
656 812
656 850
658 705
658 813
677 680
679 975
682 778
683 684
683 999
684 962
685 771
685 862
685 865
685 866
686 701
692 693
692 694
692 695
695 697
695 698
695 699
695 700
696 847
697 698
699 725
699 846
700 849
701 997
705 811
705 941
764 772
764 966
765 964
769 863
770 944
771 864
771 865
772 862
772 864
773 970
780 781
780 782
782 783
782 784
791 943
810 938
813 894
849 939
850 936
850 992
863 970
864 965
872 873
872 875
873 875
873 876
873 877
873 878
874 875
875 876
875 877
875 880
875 881
875 883
875 884
875 885
875 886
875 887
875 888
875 889
878 883
878 888
878 889
947 971
966 970
