1 153
2 153
2 162
2 163
2 339
4 153
4 160
4 163
5 166
5 339
6 156
7 160
9 165
10 153
10 156
10 166
14 160
16 805
17 122
17 339
18 122
22 805
26 339
35 165
53 153
53 165
54 156
63 160
64 156
67 163
70 163
81 156
88 339
89 122
101 122
103 165
105 156
119 122
120 339
121 122
121 163
122 153
122 154
122 212
122 460
122 494
122 523
122 525
122 537
122 565
122 634
122 647
122 656
122 669
122 703
122 720
122 756
122 757
123 160
124 908
127 160
138 805
149 156
153 154
153 155
153 156
153 157
153 158
153 159
153 160
153 161
153 162
153 163
153 164
153 165
153 166
153 167
153 168
153 169
153 170
153 171
153 172
153 173
153 174
153 175
153 176
153 177
153 178
153 179
153 180
153 181
153 182
153 183
153 184
153 185
153 186
153 187
153 188
153 189
153 190
153 191
153 192
153 193
153 194
153 195
153 196
153 197
153 198
153 199
153 200
153 201
153 202
153 203
153 204
153 205
153 206
153 207
153 208
153 209
153 210
153 211
153 212
153 213
153 214
155 165
156 158
156 170
156 177
156 203
156 214
156 215
156 216
156 222
156 294
156 297
156 304
156 313
157 166
158 832
160 215
160 240
160 288
160 319
160 349
160 453
160 465
160 507
160 607
160 705
160 736
160 746
160 798
160 840
160 869
160 906
162 215
162 233
162 339
162 340
162 525
162 769
162 907
162 908
163 199
163 207
163 285
163 299
163 342
163 348
163 363
163 421
163 482
163 601
163 657
163 690
163 702
163 706
163 907
163 929
163 930
163 931
164 908
165 171
165 222
165 228
165 307
165 345
165 436
165 504
165 517
165 635
165 698
165 712
165 744
165 749
165 751
165 754
165 760
165 800
165 815
165 882
165 942
166 292
166 293
166 412
166 722
166 771
166 914
188 339
234 339
235 339
236 339
241 339
242 339
265 339
274 805
297 339
299 339
339 393
339 459
339 463
339 477
339 539
339 540
339 569
339 584
339 591
339 621
339 624
339 642
339 684
339 702
339 704
339 763
339 778
339 780
339 804
339 805
339 832
339 843
339 846
339 849
339 850
339 851
339 852
339 853
339 854
339 855
348 832
446 908
454 832
457 832
500 908
598 908
599 908
605 805
657 832
658 832
684 805
723 908
778 832
784 832
832 912
832 963
