2 154
2 164
3 154
4 154
4 158
5 164
6 154
6 156
7 159
7 563
8 154
9 158
10 154
10 156
10 159
10 164
11 154
12 104
16 154
17 122
18 122
20 833
23 808
25 104
28 159
35 104
35 808
36 154
38 154
50 154
54 156
64 156
67 902
81 156
87 104
89 122
93 563
94 159
101 122
104 118
104 137
104 164
104 254
104 744
104 890
105 156
119 122
120 154
121 122
122 153
122 154
122 212
122 460
122 494
122 523
122 525
122 537
122 565
122 634
122 647
122 656
122 669
122 703
122 720
122 756
122 757
124 908
126 154
129 154
133 164
139 154
146 154
149 156
150 154
153 154
153 156
153 158
153 159
153 164
154 158
154 159
154 164
154 175
154 190
154 197
154 215
154 216
154 222
154 224
154 228
154 229
154 234
154 236
154 264
154 296
154 298
154 315
154 317
154 338
154 340
154 348
154 351
154 366
154 372
154 373
154 377
154 389
154 396
154 397
154 398
154 407
154 420
154 429
154 430
154 447
154 454
154 459
154 460
154 461
154 462
154 463
154 464
154 465
154 466
154 467
154 468
154 469
154 470
154 471
154 472
154 473
154 474
154 475
154 476
154 477
154 478
154 479
154 480
154 481
154 482
154 483
154 484
154 485
154 486
154 487
154 488
154 489
154 490
154 491
154 492
154 493
154 494
154 495
154 496
154 497
154 498
154 499
154 500
154 501
156 158
156 170
156 177
156 203
156 214
156 215
156 216
156 222
156 294
156 297
156 304
156 313
156 333
156 398
156 420
156 444
156 451
158 161
158 365
158 493
158 496
158 509
158 580
158 719
158 808
158 810
158 813
158 823
158 831
158 832
158 833
158 834
158 835
158 836
159 217
159 228
159 247
159 322
159 397
159 439
159 458
159 470
159 522
159 526
159 541
159 562
159 573
159 625
159 636
159 698
159 771
159 797
159 799
159 818
159 899
159 901
159 902
159 903
162 908
164 168
164 182
164 318
164 466
164 500
164 545
164 562
164 563
164 641
164 674
164 693
164 757
164 780
164 801
164 904
164 908
164 934
168 902
176 833
221 808
222 823
229 904
232 904
236 902
257 904
345 833
364 823
445 823
446 908
500 908
505 902
523 833
563 813
563 843
566 904
598 902
598 908
599 908
608 904
654 833
710 904
720 833
723 908
724 904
730 833
748 808
781 823
795 808
833 886
833 995
902 930
902 935
904 932
