0 2
0 6
0 7
0 31
1 2
1 7
1 143
1 153
1 157
2 3
2 5
2 7
2 15
2 16
2 18
2 19
2 20
2 22
2 31
2 38
2 50
2 60
2 67
2 85
2 88
2 106
2 119
2 120
2 121
2 130
2 134
2 153
2 154
2 155
2 162
2 163
2 164
2 171
2 174
2 208
2 209
2 215
2 217
2 218
2 219
2 223
2 231
2 250
2 261
2 298
2 302
2 310
2 337
2 338
2 339
2 340
2 341
2 342
2 343
2 344
2 345
2 346
2 347
2 348
2 349
2 350
2 351
2 352
2 353
2 354
2 355
2 356
2 357
2 358
2 359
2 360
2 361
2 362
2 363
2 364
2 365
2 366
2 367
2 368
2 369
2 370
2 371
2 372
2 373
2 374
2 375
2 376
2 377
2 378
2 379
2 380
2 381
2 382
2 383
2 384
2 385
2 386
2 387
2 388
2 389
2 390
2 391
2 392
2 393
2 394
2 395
2 396
2 397
2 398
2 399
2 400
3 7
3 121
3 401
4 6
4 153
4 160
5 6
5 121
5 123
5 342
6 10
6 19
6 52
6 62
6 95
6 105
6 154
6 156
6 185
6 202
6 203
6 212
6 213
6 215
6 216
6 231
6 241
6 303
6 315
6 359
6 402
6 417
6 427
6 441
6 443
6 461
6 503
6 527
6 528
6 529
6 530
6 531
6 532
6 533
6 534
6 535
6 536
7 11
7 14
7 37
7 46
7 48
7 57
7 90
7 152
7 159
7 160
7 215
7 216
7 217
7 220
7 226
7 232
7 244
7 293
7 294
7 302
7 309
7 349
7 350
7 358
7 374
7 385
7 388
7 404
7 459
7 461
7 466
7 501
7 509
7 536
7 537
7 538
7 539
7 540
7 541
7 542
7 543
7 544
7 545
7 546
7 547
7 548
7 549
7 550
7 551
7 552
7 553
7 554
7 555
7 556
7 557
7 558
7 559
7 560
7 561
7 562
7 563
7 564
8 31
8 161
9 165
9 401
10 153
10 156
10 401
11 550
12 121
12 123
14 160
15 560
16 121
18 342
18 394
23 157
24 121
24 375
27 123
27 161
28 121
28 123
28 560
28 562
28 951
29 121
30 559
31 346
31 347
31 401
31 508
31 615
31 616
31 645
31 679
31 733
35 165
35 381
36 121
37 342
45 123
49 342
53 153
53 165
54 156
60 157
63 160
64 156
69 161
81 156
87 105
90 121
90 401
91 121
93 563
98 951
101 342
103 165
105 156
105 220
105 849
119 121
119 123
119 143
119 149
119 152
120 152
120 342
121 122
121 163
121 170
121 184
121 215
121 218
121 219
121 244
121 250
121 261
121 266
121 342
121 396
121 543
121 605
121 607
121 616
121 633
121 649
121 656
121 657
121 658
121 659
121 660
121 661
121 662
121 663
121 664
121 665
121 666
122 153
123 160
123 276
123 328
123 340
123 406
123 438
123 504
123 549
123 582
123 626
123 667
123 707
123 744
123 766
123 772
123 783
123 799
123 820
123 835
123 861
123 911
123 912
124 342
127 160
143 157
143 201
143 224
143 460
149 155
149 156
149 231
149 774
152 259
152 719
153 154
153 155
153 156
153 157
153 158
153 159
153 160
153 161
153 162
153 163
153 164
153 165
153 166
153 167
153 168
153 169
153 170
153 171
153 172
153 173
153 174
153 175
153 176
153 177
153 178
153 179
153 180
153 181
153 182
153 183
153 184
153 185
153 186
153 187
153 188
153 189
153 190
153 191
153 192
153 193
153 194
153 195
153 196
153 197
153 198
153 199
153 200
153 201
153 202
153 203
153 204
153 205
153 206
153 207
153 208
153 209
153 210
153 211
153 212
153 213
153 214
155 157
155 165
156 158
156 170
156 177
156 203
156 214
156 215
156 216
156 222
156 294
156 297
156 304
156 313
156 333
156 398
156 420
156 444
156 451
156 463
156 474
156 490
156 567
156 580
156 582
156 608
156 637
156 654
156 657
156 658
156 674
156 731
156 749
156 771
156 772
156 773
156 774
156 775
156 776
156 777
156 778
156 779
157 166
157 187
157 216
157 220
157 381
157 430
157 443
157 499
157 534
157 626
157 655
157 762
157 804
157 813
157 814
158 161
158 832
159 562
160 215
160 240
160 288
160 319
160 349
160 453
160 465
160 507
160 607
160 705
160 736
160 746
160 798
160 840
160 869
160 906
161 167
161 176
161 205
161 293
161 365
161 412
161 414
161 438
161 462
161 471
161 537
161 539
161 547
161 613
161 640
161 720
161 748
161 792
161 849
161 856
161 874
163 342
164 562
164 563
165 171
165 222
165 228
165 307
165 345
165 436
165 504
165 517
165 635
165 698
165 712
165 744
165 749
165 751
165 754
165 760
165 800
165 815
165 882
165 942
171 911
171 951
178 557
180 550
182 906
193 554
200 557
202 394
221 394
222 820
238 401
245 942
258 906
293 401
301 559
308 375
318 554
339 832
342 394
348 832
352 820
352 942
355 906
367 559
367 560
367 906
369 558
375 406
375 470
375 891
377 558
378 381
381 401
390 951
396 942
401 559
401 673
401 932
445 558
454 832
457 832
490 560
501 558
506 820
507 911
514 820
516 557
547 911
550 639
550 765
550 866
550 888
552 625
552 667
552 758
552 800
554 636
554 665
554 763
554 847
557 799
558 624
560 878
562 674
562 985
563 813
563 843
581 912
657 832
658 832
668 912
672 906
702 951
758 912
777 942
778 832
784 832
800 951
832 912
832 963
855 911
855 951
859 912
906 934
911 951
922 942
