0 4
0 7
1 4
1 7
1 124
2 7
2 121
2 155
2 162
2 163
3 7
3 121
4 5
4 6
4 8
4 9
4 11
4 12
4 14
4 19
4 50
4 87
4 89
4 90
4 116
4 119
4 120
4 127
4 128
4 132
4 135
4 145
4 153
4 154
4 158
4 160
4 163
4 170
4 173
4 178
4 197
4 218
4 227
4 253
4 273
4 279
4 281
4 294
4 298
4 301
4 311
4 322
4 341
4 346
4 373
4 391
4 429
4 430
4 431
4 432
4 433
4 434
4 435
4 436
4 437
4 438
4 439
4 440
4 441
4 442
4 443
4 444
4 445
4 446
4 447
4 448
4 449
4 450
4 451
4 452
4 453
4 454
4 455
4 456
4 457
4 458
5 121
6 105
6 156
7 11
7 14
7 37
7 46
7 48
7 57
7 90
7 152
7 159
7 160
7 215
7 216
7 217
7 220
7 226
7 232
7 244
7 293
7 294
7 302
7 309
7 349
7 350
7 358
7 374
7 385
7 388
7 404
7 459
7 461
7 466
7 501
7 509
7 536
7 537
7 538
7 539
7 540
7 541
7 542
7 543
7 544
7 545
7 546
7 547
7 548
7 549
7 550
7 551
7 552
7 553
7 554
7 555
7 556
7 557
7 558
7 559
7 560
7 561
7 562
7 563
7 564
8 155
8 161
9 155
9 158
9 639
10 155
10 156
10 159
11 550
12 121
14 160
15 560
15 639
16 121
16 124
17 122
17 813
18 122
18 813
20 833
24 121
27 161
28 121
28 159
28 560
28 819
29 121
30 559
36 121
36 155
54 156
63 160
64 156
67 163
67 902
69 161
70 163
81 156
83 949
87 105
89 122
90 121
91 121
93 563
94 159
95 813
101 122
105 156
105 220
105 849
108 639
119 121
119 122
119 124
119 145
119 149
119 152
120 152
121 122
121 163
121 170
121 184
121 215
121 218
121 219
121 244
121 250
121 261
121 266
121 342
121 396
121 543
121 605
121 607
121 616
121 633
121 649
121 656
121 657
121 658
121 659
121 660
121 661
121 662
121 663
121 664
121 665
121 666
122 153
122 154
122 212
122 460
122 494
122 523
122 525
122 537
122 565
122 634
122 647
122 656
122 669
122 703
122 720
122 756
122 757
123 160
123 912
124 184
124 231
124 342
124 409
124 566
124 661
124 817
124 893
124 908
124 915
124 935
124 936
125 155
127 160
138 813
142 915
145 180
145 245
145 337
145 759
145 965
149 155
149 156
149 231
149 774
152 259
152 719
153 155
153 156
153 158
153 159
153 160
153 161
153 162
153 163
154 158
154 159
155 157
155 165
155 220
155 229
155 232
155 295
155 337
155 345
155 431
155 445
155 537
155 579
155 580
155 611
155 614
155 675
155 712
155 713
155 714
155 715
155 716
155 717
156 158
156 170
156 177
156 203
156 214
156 215
156 216
156 222
156 294
156 297
156 304
156 313
156 333
156 398
156 420
156 444
156 451
156 463
156 474
156 490
156 567
156 580
156 582
156 608
156 637
156 654
156 657
156 658
156 674
156 731
156 749
156 771
156 772
156 773
156 774
156 775
156 776
156 777
156 778
156 779
157 813
158 161
158 365
158 493
158 496
158 509
158 580
158 719
158 808
158 810
158 813
158 823
158 831
158 832
158 833
158 834
158 835
158 836
159 217
159 228
159 247
159 322
159 397
159 439
159 458
159 470
159 522
159 526
159 541
159 562
159 573
159 625
159 636
159 698
159 771
159 797
159 799
159 818
159 899
159 901
159 902
159 903
160 215
160 240
160 288
160 319
160 349
160 453
160 465
160 507
160 607
160 705
160 736
160 746
160 798
160 840
160 869
160 906
161 167
161 176
161 205
161 293
161 365
161 412
161 414
161 438
161 462
161 471
161 537
161 539
161 547
161 613
161 640
161 720
161 748
161 792
161 849
161 856
161 874
162 215
162 233
162 339
162 340
162 525
162 769
162 907
162 908
163 199
163 207
163 285
163 299
163 342
163 348
163 363
163 421
163 482
163 601
163 657
163 690
163 702
163 706
163 907
163 929
163 930
163 931
164 563
164 908
167 813
168 902
168 915
176 833
178 557
180 550
182 906
182 907
193 554
200 557
222 813
222 817
222 819
222 823
230 915
236 902
237 819
238 935
253 915
256 915
258 906
263 915
275 915
291 457
293 639
297 813
298 907
300 813
301 559
303 949
314 813
318 554
329 831
335 949
339 832
342 831
345 833
348 832
348 907
348 915
349 831
352 935
355 906
362 813
364 823
367 559
367 560
367 906
369 558
377 558
397 907
401 559
405 813
408 819
445 558
445 823
446 908
454 832
457 733
457 832
457 887
460 817
465 907
469 915
490 560
490 949
500 908
501 558
504 949
505 831
505 902
516 557
521 907
523 833
527 817
531 813
537 639
542 949
544 813
550 639
550 765
550 866
550 888
552 625
552 667
552 758
552 800
554 636
554 665
554 763
554 847
557 799
558 624
560 878
563 813
563 843
564 915
565 831
581 912
585 813
586 907
598 902
598 908
599 908
601 639
602 831
625 831
627 915
629 907
630 639
639 680
639 923
639 949
649 907
654 833
657 813
657 832
658 831
658 832
668 912
672 906
683 813
684 831
714 813
720 833
723 908
730 833
738 915
743 831
748 935
756 813
757 935
758 813
758 912
768 831
772 915
777 813
778 832
781 823
784 832
804 813
813 828
813 835
813 876
813 877
813 878
813 879
817 838
819 915
832 912
832 963
833 886
833 995
859 912
867 907
886 915
887 915
902 930
902 935
906 934
915 949
915 983
915 986
915 990
935 962
