0 6
0 7
1 7
1 124
1 153
2 7
2 153
2 155
2 162
2 163
2 164
2 340
3 7
4 6
4 153
4 160
4 163
5 6
5 123
5 164
5 166
5 340
6 10
6 19
6 52
6 62
6 95
6 105
6 154
6 156
6 185
6 202
6 203
6 212
6 213
6 215
6 216
6 231
6 241
6 303
6 315
6 359
6 402
6 417
6 427
6 441
6 443
6 461
6 503
6 527
6 528
6 529
6 530
6 531
6 532
6 533
6 534
6 535
6 536
7 11
7 14
7 37
7 46
7 48
7 57
7 90
7 152
7 159
7 160
7 215
7 216
7 217
7 220
7 226
7 232
7 244
7 293
7 294
7 302
7 309
7 349
7 350
7 358
7 374
7 385
7 388
7 404
7 459
7 461
7 466
7 501
7 509
7 536
7 537
7 538
7 539
7 540
7 541
7 542
7 543
7 544
7 545
7 546
7 547
7 548
7 549
7 550
7 551
7 552
7 553
7 554
7 555
7 556
7 557
7 558
7 559
7 560
7 561
7 562
7 563
7 564
8 125
8 155
8 161
8 340
9 125
9 155
9 169
10 153
10 155
10 156
10 159
10 164
10 166
11 550
12 104
12 123
12 340
14 160
15 560
16 124
17 122
18 122
20 705
21 705
25 104
27 123
27 161
28 123
28 159
28 560
30 559
34 169
35 104
36 155
39 169
42 941
45 123
53 153
54 156
63 160
64 156
67 163
67 902
69 161
70 163
81 156
87 104
87 105
87 113
89 122
92 340
93 169
93 563
94 159
101 122
104 118
104 137
104 164
104 254
104 744
104 890
105 156
105 220
105 849
106 957
113 340
113 385
113 536
113 618
113 736
113 772
113 874
113 948
119 122
119 123
119 124
119 125
119 152
120 152
121 122
121 163
122 153
122 154
122 212
122 460
122 494
122 523
122 525
122 537
122 565
122 634
122 647
122 656
122 669
122 703
122 720
122 756
122 757
123 160
123 276
123 328
123 340
123 406
123 438
123 504
123 549
123 582
123 626
123 667
123 707
123 744
123 766
123 772
123 783
123 799
123 820
123 835
123 861
123 911
123 912
124 184
124 231
124 342
124 409
124 566
124 661
124 817
124 893
124 908
124 915
124 935
124 936
125 155
125 230
125 517
125 527
125 566
125 849
125 922
125 941
127 160
133 164
142 915
149 155
149 156
152 259
152 719
153 154
153 155
153 156
153 157
153 158
153 159
153 160
153 161
153 162
153 163
153 164
153 165
153 166
153 167
153 168
153 169
153 170
153 171
153 172
153 173
153 174
153 175
153 176
153 177
153 178
153 179
153 180
153 181
153 182
153 183
153 184
153 185
153 186
153 187
153 188
153 189
153 190
153 191
153 192
153 193
153 194
153 195
153 196
153 197
153 198
153 199
153 200
153 201
153 202
153 203
153 204
153 205
153 206
153 207
153 208
153 209
153 210
153 211
153 212
153 213
153 214
154 159
154 164
154 340
155 157
155 165
155 220
155 229
155 232
155 295
155 337
155 345
155 431
155 445
155 537
155 579
155 580
155 611
155 614
155 675
155 712
155 713
155 714
155 715
155 716
155 717
155 718
156 158
156 170
156 177
156 203
156 214
156 215
156 216
156 222
156 294
156 297
156 304
156 313
156 333
156 398
156 420
156 444
156 451
156 463
156 474
156 490
156 567
156 580
156 582
156 608
156 637
156 654
156 657
156 658
156 674
156 731
156 749
156 771
156 772
156 773
156 774
156 775
156 776
156 777
156 778
156 779
157 166
158 161
159 217
159 228
159 247
159 322
159 397
159 439
159 458
159 470
159 522
159 526
159 541
159 562
159 573
159 625
159 636
159 698
159 771
159 797
159 799
159 818
159 899
159 901
159 902
159 903
160 215
160 240
160 288
160 319
160 349
160 453
160 465
160 507
160 607
160 705
160 736
160 746
160 798
160 840
160 869
160 906
161 167
161 176
161 205
161 293
161 365
161 412
161 414
161 438
161 462
161 471
161 537
161 539
161 547
161 613
161 640
161 720
161 748
161 792
161 849
161 856
161 874
162 215
162 233
162 339
162 340
162 525
162 769
162 907
162 908
163 199
163 207
163 285
163 299
163 342
163 348
163 363
163 421
163 482
163 601
163 657
163 690
163 702
163 706
163 907
163 929
163 930
163 931
164 168
164 182
164 318
164 466
164 500
164 545
164 562
164 563
164 641
164 674
164 693
164 757
164 780
164 801
164 904
164 908
164 934
166 292
166 293
166 412
166 722
166 771
166 914
167 169
168 902
168 915
169 268
169 374
169 396
169 435
169 565
169 653
169 662
169 738
169 743
169 924
169 941
169 957
171 911
178 340
178 557
180 550
182 906
193 554
200 557
204 340
217 705
222 820
229 904
230 915
232 340
232 904
236 902
238 935
253 915
256 915
257 904
258 906
263 915
275 915
296 705
301 559
303 340
318 554
324 705
340 347
340 355
340 509
340 538
340 569
340 601
340 613
340 628
340 648
340 659
340 667
340 684
340 719
340 740
340 766
340 856
340 857
340 858
340 859
348 915
352 820
352 935
355 906
367 559
367 560
367 906
369 558
377 558
401 559
445 558
469 915
490 560
501 558
504 941
505 902
505 941
506 820
507 911
514 820
514 941
516 557
522 957
547 911
550 639
550 765
550 866
550 888
552 625
552 667
552 758
552 800
554 636
554 665
554 763
554 847
557 799
558 624
560 878
563 813
563 843
566 904
581 912
598 902
608 904
668 912
672 906
705 890
710 904
724 904
748 935
757 935
758 912
832 912
844 957
855 911
859 912
882 957
902 930
902 935
904 932
906 934
911 951
935 962
941 992
