0 1
0 2
0 3
0 4
0 5
0 6
0 7
0 8
0 9
0 10
0 11
0 12
0 13
0 14
0 15
0 16
0 17
0 18
0 19
0 20
0 21
0 22
0 23
0 24
0 25
0 26
0 27
0 28
0 29
0 30
0 31
0 32
0 33
0 34
0 35
0 36
0 37
0 38
0 39
0 40
0 41
0 42
0 43
0 44
0 45
0 46
0 47
0 48
0 49
0 50
0 51
0 52
0 53
0 54
0 55
0 56
0 57
0 58
0 59
0 60
0 61
0 62
0 63
0 64
0 65
0 66
0 67
0 68
0 69
0 70
0 71
0 72
0 73
0 74
0 75
0 76
0 77
0 78
0 79
0 80
0 81
0 82
0 83
0 84
0 85
0 86
1 3
1 124
2 3
2 50
2 85
2 121
2 162
2 163
2 171
2 217
2 398
3 7
3 15
3 29
3 62
3 64
3 73
3 78
3 98
3 112
3 119
3 121
3 126
3 135
3 154
3 174
3 184
3 215
3 220
3 221
3 251
3 259
3 269
3 292
3 328
3 357
3 377
3 401
3 402
3 403
3 404
3 405
3 406
3 407
3 408
3 409
3 410
3 411
3 412
3 413
3 414
3 415
3 416
3 417
3 418
3 419
3 420
3 421
3 422
3 423
3 424
3 425
3 426
3 427
3 428
4 6
4 8
4 50
4 127
4 158
4 160
4 163
5 6
5 121
5 123
5 514
6 10
6 19
6 52
6 62
6 95
6 105
6 154
6 156
6 185
6 202
6 203
6 212
6 213
6 215
6 216
6 231
6 241
6 303
6 315
6 359
6 402
6 417
6 427
6 441
6 443
6 461
6 503
6 527
6 528
6 529
6 530
6 531
6 532
6 533
6 534
6 535
6 536
7 159
7 160
7 217
7 404
7 539
7 543
7 549
7 550
7 559
7 561
7 562
8 9
8 10
8 18
8 31
8 35
8 42
8 57
8 61
8 79
8 87
8 93
8 97
8 125
8 131
8 136
8 154
8 155
8 161
8 171
8 215
8 217
8 218
8 229
8 260
8 274
8 293
8 336
8 340
8 341
8 358
8 418
8 433
8 444
8 459
8 461
8 464
8 474
8 505
8 521
8 561
8 567
8 595
8 598
8 599
8 600
8 601
8 602
8 603
8 604
8 605
8 606
8 607
8 608
8 609
8 610
8 611
8 612
8 613
8 614
8 615
8 616
8 617
8 618
8 619
8 620
8 621
8 622
9 59
9 125
9 158
9 165
9 169
9 401
9 639
10 127
10 156
10 159
10 217
10 401
10 529
11 167
11 550
12 121
12 123
13 534
14 160
15 535
15 639
15 791
16 121
16 124
16 404
17 122
17 602
18 117
18 122
18 404
19 405
20 403
20 833
20 888
21 893
23 893
24 121
25 80
25 407
26 627
27 123
27 161
27 405
28 72
28 121
28 123
28 159
28 562
28 819
28 951
29 121
30 82
30 559
30 775
31 401
34 169
35 165
36 121
37 114
37 779
37 940
39 169
40 535
42 941
43 117
43 945
44 217
45 123
48 606
50 103
50 154
50 483
50 520
50 809
51 407
53 165
54 156
56 237
58 114
59 459
59 541
59 605
59 857
59 987
63 160
64 156
67 163
67 902
69 161
70 163
70 405
70 514
71 945
72 89
72 182
72 496
72 565
72 822
75 147
78 402
78 726
78 794
78 953
79 221
79 268
79 601
80 463
80 479
80 581
81 156
82 96
82 221
82 768
83 322
83 870
83 925
83 949
85 214
85 713
85 937
85 997
87 105
87 112
87 114
87 117
88 112
89 122
89 626
89 627
89 632
89 633
90 121
90 401
90 606
91 121
92 237
93 169
94 159
94 937
95 114
96 940
98 213
98 901
98 951
101 122
102 776
103 165
103 171
103 829
105 156
105 220
105 849
106 957
108 639
112 142
112 187
112 684
112 962
112 966
114 116
114 403
117 223
117 333
117 632
117 686
119 121
119 122
119 123
119 124
119 125
119 127
119 147
119 149
119 150
120 404
121 122
121 163
121 170
121 184
121 215
121 218
121 219
121 244
121 250
121 261
121 266
121 342
121 396
121 543
121 605
121 607
121 616
121 633
121 649
121 656
121 657
121 658
121 659
121 660
121 661
121 662
121 663
121 664
121 665
121 666
122 153
122 154
122 212
122 460
122 494
122 523
122 525
122 537
122 565
122 634
122 647
122 656
122 669
122 703
122 720
122 756
122 757
123 160
123 276
123 328
123 340
123 406
123 438
123 504
123 549
123 582
123 626
123 667
123 707
123 744
123 766
123 772
123 783
123 799
123 820
123 835
123 861
123 911
123 912
124 184
124 231
124 342
124 409
124 566
124 661
124 817
124 893
124 908
124 915
124 935
124 936
125 155
125 230
125 517
125 527
125 566
125 849
125 922
125 941
127 160
127 200
127 353
127 356
127 370
127 537
127 642
127 900
127 945
127 946
129 893
135 217
136 237
140 792
141 945
147 217
147 237
147 413
149 155
149 156
149 231
149 774
150 154
150 217
150 240
150 293
153 156
153 158
153 159
153 160
153 161
153 162
153 163
153 165
153 167
153 169
153 171
153 205
153 213
154 158
154 159
154 398
154 407
155 165
156 158
156 170
156 177
156 203
156 214
156 215
156 216
156 222
156 294
156 297
156 304
156 313
156 333
156 398
156 420
156 444
156 451
156 463
156 474
156 490
156 567
156 580
156 582
156 608
156 637
156 654
156 657
156 658
156 674
156 731
156 749
156 771
156 772
156 773
156 774
156 775
156 776
156 777
156 778
156 779
157 534
157 626
158 161
158 365
158 493
158 496
158 509
158 580
158 719
158 808
158 810
158 813
158 823
158 831
158 832
158 833
158 834
158 835
158 836
159 217
159 228
159 247
159 322
159 397
159 439
159 458
159 470
159 522
159 526
159 541
159 562
159 573
159 625
159 636
159 698
159 771
159 797
159 799
159 818
159 899
159 901
159 902
159 903
160 215
160 240
160 288
160 319
160 349
160 453
160 465
160 507
160 607
160 705
160 736
160 746
160 798
160 840
160 869
160 906
161 167
161 176
161 205
161 293
161 365
161 412
161 414
161 438
161 462
161 471
161 537
161 539
161 547
161 613
161 640
161 720
161 748
161 792
161 849
161 856
161 874
162 215
162 233
162 339
162 340
162 525
162 769
162 907
162 908
163 199
163 207
163 285
163 299
163 342
163 348
163 363
163 421
163 482
163 601
163 657
163 690
163 702
163 706
163 907
163 929
163 930
163 931
164 562
164 908
165 171
165 222
165 228
165 307
165 345
165 436
165 504
165 517
165 635
165 698
165 712
165 744
165 749
165 751
165 754
165 760
165 800
165 815
165 882
165 942
167 169
167 191
167 219
167 346
167 475
167 628
167 735
167 813
167 882
168 902
169 268
169 374
169 396
169 435
169 565
169 653
169 662
169 738
169 743
169 924
169 941
169 957
170 773
171 264
171 293
171 635
171 653
171 911
171 951
171 968
175 938
176 833
179 937
180 550
182 906
182 907
185 792
189 783
189 888
196 549
205 215
205 471
205 699
208 783
213 536
213 580
215 217
215 237
216 543
217 222
217 231
217 234
217 371
217 380
217 502
217 565
217 660
217 702
217 703
217 704
217 705
217 706
217 707
217 708
217 709
217 710
217 711
220 783
222 817
222 819
222 820
222 823
223 403
228 901
229 602
230 916
232 543
233 937
233 938
234 773
236 836
236 902
237 252
237 295
237 334
237 505
237 603
237 627
237 632
237 720
237 761
237 791
237 819
237 888
237 923
237 947
237 958
237 969
237 972
238 401
238 935
241 792
245 942
246 403
251 405
258 906
260 534
264 779
283 954
293 401
293 639
294 826
294 827
294 829
296 535
296 945
296 946
297 779
297 797
297 947
298 529
298 888
298 907
301 559
303 949
306 931
309 829
314 561
317 916
320 534
326 945
329 831
329 901
335 949
338 398
338 543
338 633
338 776
338 791
338 792
338 797
339 539
339 832
342 831
344 791
344 792
344 901
345 833
347 888
347 947
348 832
348 907
348 931
349 405
349 407
349 831
352 820
352 935
352 942
353 403
353 901
354 783
355 906
357 404
358 405
359 534
361 937
362 938
363 826
364 823
367 559
367 906
369 549
370 407
371 940
381 401
385 529
387 626
387 888
390 951
396 942
397 907
398 447
401 559
401 673
401 932
403 537
403 538
403 571
403 743
403 899
403 916
403 978
403 979
404 862
404 983
405 813
405 838
405 962
407 537
407 585
407 788
408 819
422 529
424 888
431 937
432 626
432 827
435 606
436 514
445 823
446 908
449 633
454 832
456 792
457 832
459 776
460 817
464 931
465 907
466 940
467 535
470 826
471 938
473 827
486 946
490 949
496 954
497 893
500 908
503 940
504 941
504 949
505 831
505 902
505 941
506 820
507 911
514 600
514 650
514 820
514 865
514 941
520 776
521 907
522 903
522 957
523 833
523 958
527 817
528 529
529 656
529 665
529 672
529 673
529 683
529 736
529 938
537 626
537 639
539 542
539 546
539 772
539 849
539 968
542 949
543 621
543 666
547 836
547 911
549 656
549 954
549 975
550 639
550 765
550 866
550 888
551 826
561 650
561 940
562 674
562 985
565 831
567 946
571 888
572 888
579 792
581 912
582 627
584 602
586 907
598 902
598 903
598 908
599 908
601 639
602 684
602 831
602 905
606 641
606 657
606 684
606 698
606 762
606 946
606 958
607 945
610 826
620 946
625 831
626 628
626 768
627 789
627 871
627 915
629 888
629 907
630 639
632 722
632 874
633 876
639 680
639 923
639 949
643 783
649 907
654 833
654 901
655 797
656 888
657 832
658 791
658 831
658 832
667 773
668 773
668 836
668 912
672 827
672 906
673 916
684 831
696 937
702 951
708 779
713 937
720 833
720 958
723 908
730 833
733 783
734 888
743 831
745 792
747 958
748 935
750 916
755 903
757 935
758 912
763 931
768 831
775 788
775 810
775 849
775 852
775 856
776 943
777 942
778 832
781 823
783 892
784 832
787 829
789 827
792 876
797 976
798 916
800 951
806 836
817 838
818 827
819 915
826 958
826 973
827 829
827 954
829 871
832 912
832 963
833 886
833 995
836 947
836 960
844 957
849 954
855 911
855 951
855 958
859 912
867 907
882 957
888 924
889 903
902 930
902 935
906 934
911 951
915 949
916 996
922 942
931 988
935 962
941 992
944 945
947 972
958 973
958 980
958 994
