1 124
1 153
2 153
4 153
7 159
8 599
10 153
10 159
16 124
28 159
28 819
29 599
41 599
53 153
67 902
83 949
94 159
119 124
122 153
124 184
124 231
124 342
124 409
124 566
124 661
124 817
124 893
124 908
124 915
124 935
124 936
142 915
153 154
153 155
153 156
153 157
153 158
153 159
153 160
153 161
153 162
154 159
159 217
159 228
159 247
159 322
159 397
159 439
159 458
159 470
159 522
159 526
159 541
159 562
159 573
159 625
159 636
159 698
159 771
159 797
159 799
159 818
159 899
159 901
159 902
159 903
162 908
164 908
168 902
168 915
177 599
222 817
222 819
230 915
236 902
237 819
238 935
253 915
256 915
263 915
275 915
303 949
326 599
335 949
348 915
352 935
408 819
446 908
460 817
469 915
490 949
500 908
502 599
504 949
505 902
511 599
527 817
542 949
548 599
564 915
598 902
598 908
599 658
599 684
599 774
599 908
599 967
627 915
639 949
723 908
738 915
748 935
757 935
772 915
817 838
819 915
886 915
887 915
902 930
902 935
915 949
915 983
915 986
915 990
935 962
