1 87
1 110
1 111
2 164
4 87
5 87
5 110
5 164
6 105
8 87
10 164
11 87
12 104
18 117
25 87
25 104
35 104
37 114
43 117
47 87
58 87
58 114
60 87
87 88
87 89
87 90
87 91
87 92
87 93
87 94
87 95
87 96
87 97
87 98
87 99
87 100
87 101
87 102
87 103
87 104
87 105
87 106
87 107
87 108
87 109
87 110
87 111
87 112
87 113
87 114
87 115
87 116
87 117
87 118
95 114
104 118
104 137
104 164
104 254
104 744
104 890
105 156
105 220
105 849
110 261
110 835
110 905
111 215
111 506
111 725
111 879
113 340
113 385
113 536
113 618
113 736
113 772
113 874
113 948
114 116
114 403
115 172
115 216
115 423
115 610
115 774
115 960
117 223
117 333
117 632
117 686
118 219
118 226
118 510
133 164
153 164
154 164
164 168
164 182
164 318
164 466
164 500
164 545
164 562
164 563
164 641
164 674
164 693
164 757
164 780
164 801
164 904
164 908
164 934
