2 154
3 154
4 154
6 154
6 156
6 216
7 216
8 154
9 216
10 154
10 156
11 154
12 216
16 154
18 216
32 216
36 154
38 154
44 216
50 154
54 156
64 156
76 216
81 156
87 115
95 216
100 216
105 156
115 172
115 216
115 423
115 610
115 774
115 960
120 154
122 154
126 154
129 154
139 154
146 154
149 156
150 154
153 154
153 156
154 158
154 159
154 164
154 175
154 190
154 197
154 216
156 158
156 170
156 177
156 203
156 214
156 215
156 216
156 222
156 294
156 297
156 304
156 313
156 333
156 398
156 420
156 444
156 451
156 463
156 474
156 490
156 567
156 580
156 582
156 608
156 637
156 654
156 657
156 658
156 674
156 731
156 749
156 771
156 772
156 773
156 774
156 775
156 776
156 777
156 778
156 779
157 216
172 216
215 216
215 286
216 224
216 225
216 226
216 235
216 253
216 286
216 337
216 338
216 410
216 441
216 488
216 532
216 543
216 565
216 579
216 580
216 608
216 609
216 621
216 661
216 677
216 684
216 685
216 686
216 687
216 688
216 689
216 690
216 691
216 692
216 693
216 694
216 695
216 696
216 697
216 698
216 699
216 700
216 701
272 286
286 751
286 822
286 933
