0 1
0 2
0 3
0 4
0 5
0 6
0 7
0 8
0 9
0 10
0 11
0 12
0 13
0 14
0 15
0 16
0 17
0 18
0 19
0 20
0 21
0 22
0 23
0 24
0 25
0 26
0 27
0 28
0 29
0 30
0 31
0 32
0 33
0 34
0 35
0 36
0 37
0 38
0 39
0 40
0 41
0 42
0 43
0 44
0 45
0 46
0 47
0 48
0 49
0 50
0 51
0 52
0 53
0 54
0 55
0 56
0 57
0 58
0 59
0 60
0 61
0 62
0 63
0 64
0 65
0 66
0 67
0 68
0 69
0 70
0 71
0 72
0 73
0 74
0 75
0 76
0 77
0 78
0 79
0 80
0 81
0 82
0 83
0 84
0 85
0 86
1 7
1 87
1 110
1 111
1 124
1 143
1 153
2 7
2 50
2 153
2 162
2 163
2 164
2 171
2 208
2 340
2 344
2 358
2 370
2 375
2 383
2 384
2 385
2 388
2 392
2 397
3 7
3 112
3 259
3 404
3 405
3 406
3 407
3 410
4 6
4 50
4 87
4 127
4 145
4 153
4 158
4 160
4 163
4 197
4 227
4 253
4 436
5 6
5 87
5 110
5 123
5 164
5 166
5 175
5 340
5 513
5 514
6 10
6 19
6 52
6 62
6 95
6 105
6 154
6 156
6 185
6 202
6 203
6 212
6 213
6 215
6 216
6 231
6 241
6 303
6 315
6 359
6 402
6 417
6 427
6 441
6 443
6 461
6 503
6 527
6 528
6 529
6 530
6 531
6 532
6 533
6 534
6 535
6 536
7 11
7 14
7 37
7 46
7 48
7 57
7 90
7 152
7 159
7 160
7 215
7 216
7 217
7 220
7 226
7 232
7 244
7 293
7 294
7 302
7 309
7 349
7 350
7 358
7 374
7 385
7 388
7 404
7 459
7 461
7 466
7 501
7 509
7 536
7 537
7 538
7 539
7 540
7 541
7 542
7 543
7 544
7 545
7 546
7 547
7 548
7 549
7 550
7 551
7 552
7 553
7 554
7 555
7 556
7 557
7 558
7 559
7 560
7 561
7 562
7 563
7 564
8 79
8 87
8 125
8 171
8 340
8 358
8 561
8 606
8 620
9 59
9 125
9 158
9 165
9 169
9 216
9 224
9 639
10 127
10 153
10 159
10 164
10 166
11 74
11 87
11 109
11 167
11 513
11 550
12 104
12 123
12 216
12 340
12 406
13 534
14 160
15 74
15 535
15 560
15 639
15 791
15 798
16 124
16 404
16 788
17 122
17 798
18 117
18 122
18 216
18 404
19 236
19 405
20 175
20 344
20 798
20 833
20 878
20 888
20 890
20 891
21 513
21 893
22 894
23 555
23 893
23 899
23 900
24 375
24 910
25 80
25 87
25 104
25 407
26 627
27 123
27 405
28 72
28 123
28 159
28 560
28 811
28 819
28 952
28 953
29 546
29 960
30 82
30 559
30 775
32 81
32 208
32 216
32 944
32 952
34 169
35 77
35 104
35 129
35 165
35 890
35 917
36 818
36 987
37 69
37 114
37 225
37 940
38 151
38 406
38 905
39 169
40 535
40 780
42 941
43 117
43 945
44 216
45 123
45 259
45 546
47 87
47 240
48 606
50 103
50 154
50 483
50 520
50 809
51 407
52 198
53 153
53 165
55 66
55 227
56 237
57 620
58 87
58 114
59 459
59 541
59 605
59 857
59 987
60 87
62 553
62 891
63 160
64 245
65 556
65 890
66 455
66 474
66 684
66 795
67 163
67 902
68 540
69 161
69 338
69 600
69 675
69 699
70 163
70 405
70 410
70 514
71 945
72 89
72 182
72 496
72 565
72 822
74 93
74 709
74 739
74 799
75 147
76 216
77 88
77 312
77 323
77 920
78 953
79 221
79 268
79 601
80 463
80 479
80 581
81 144
81 156
81 463
82 96
82 221
82 768
83 949
84 296
84 329
84 709
84 975
85 214
87 88
87 89
87 90
87 91
87 92
87 93
87 94
87 95
87 96
87 97
87 98
87 99
87 100
87 101
87 102
87 103
87 104
87 105
87 106
87 107
87 108
87 109
87 110
87 111
87 112
87 113
87 114
87 115
87 116
87 117
87 118
88 112
89 122
89 225
89 227
89 626
89 627
89 629
89 630
89 634
90 606
91 210
92 237
92 340
92 777
93 169
93 225
93 238
93 563
94 159
94 811
95 114
95 216
96 540
96 940
98 213
98 901
99 344
100 216
101 122
102 175
102 776
103 165
103 171
103 829
104 118
104 137
104 164
104 254
104 744
104 890
105 156
105 220
105 849
106 957
107 109
107 227
108 238
108 639
108 766
108 793
109 352
109 360
109 631
109 682
109 732
110 261
110 835
110 905
111 215
111 506
111 725
111 879
112 142
112 187
112 684
112 962
112 966
113 340
113 385
113 772
114 116
114 403
115 172
115 216
115 423
115 610
115 774
115 960
117 223
117 333
117 632
117 686
118 219
118 226
118 510
119 122
119 123
119 124
119 125
119 127
119 129
119 141
119 143
119 144
119 145
119 147
119 150
119 151
119 152
120 152
120 404
120 571
121 122
121 163
122 153
122 154
122 212
122 460
122 494
122 523
122 525
122 537
122 565
122 634
122 647
122 656
122 669
122 703
122 720
122 756
122 757
123 160
123 276
123 328
123 340
123 406
123 438
123 504
123 549
123 582
123 626
123 667
123 707
123 744
123 766
123 772
123 783
123 799
123 820
123 835
123 861
123 911
123 912
124 184
124 231
124 342
124 409
124 566
124 661
124 817
124 893
124 908
124 915
124 935
124 936
125 155
125 230
125 517
125 527
125 566
125 849
125 922
125 941
126 224
126 772
127 160
127 200
127 353
127 356
127 370
127 537
127 642
127 900
127 945
127 946
128 144
128 891
129 154
129 220
129 551
129 704
129 789
129 893
129 910
130 236
133 164
133 225
135 548
136 237
136 548
140 344
140 792
141 174
141 410
141 414
141 945
142 253
143 157
143 201
143 224
143 460
144 293
144 344
144 922
144 998
145 180
145 245
145 337
145 759
145 965
147 217
147 237
147 413
150 154
150 217
150 240
150 293
151 219
151 319
151 358
152 259
152 719
153 154
153 155
153 156
153 157
153 158
153 159
153 160
153 161
153 162
153 163
153 164
153 165
153 166
153 167
153 168
153 169
153 170
153 171
153 172
153 173
153 174
153 175
153 176
153 177
153 178
153 179
153 180
153 181
153 182
153 183
153 184
153 185
153 186
153 187
153 188
153 189
153 190
153 191
153 192
153 193
153 194
153 195
153 196
153 197
153 198
153 199
153 200
153 201
153 202
153 203
153 204
153 205
153 206
153 207
153 208
153 209
153 210
153 211
153 212
153 213
153 214
154 158
154 159
154 164
154 175
154 197
154 216
154 224
154 236
154 340
154 397
154 407
155 165
156 158
156 214
156 216
156 772
156 775
156 776
156 777
157 166
157 216
157 534
157 626
157 814
158 161
158 365
158 493
158 496
158 509
158 580
158 719
158 808
158 810
158 813
158 823
158 831
158 832
158 833
158 834
158 835
158 836
159 217
159 228
159 247
159 322
159 397
159 439
159 458
159 470
159 522
159 526
159 541
159 562
159 573
159 625
159 636
159 698
159 771
159 797
159 799
159 818
159 899
159 901
159 902
159 903
160 215
160 240
160 288
160 319
160 349
160 453
160 465
160 507
160 607
160 705
160 736
160 746
160 798
160 840
160 869
160 906
161 167
161 205
161 792
162 215
162 233
162 339
162 340
162 525
162 769
162 907
162 908
163 199
163 207
163 285
163 299
163 342
163 348
163 363
163 421
163 482
163 601
163 657
163 690
163 702
163 706
163 907
163 929
163 930
163 931
164 168
164 182
164 318
164 466
164 500
164 545
164 562
164 563
164 641
164 674
164 693
164 757
164 780
164 801
164 904
164 908
164 934
165 171
165 222
165 228
165 307
165 345
165 436
165 504
165 517
165 635
165 698
165 712
165 744
165 749
165 751
165 754
165 760
165 800
165 815
165 882
165 942
166 292
166 293
166 412
166 722
166 771
166 914
167 169
167 191
167 219
167 346
167 475
167 628
167 735
167 813
167 882
168 406
168 772
168 902
169 268
169 374
169 396
169 435
169 565
169 653
169 662
169 738
169 743
169 924
169 941
169 957
170 886
171 264
171 293
171 635
171 653
171 911
171 951
171 968
172 216
173 436
173 955
174 410
175 178
175 207
175 211
175 477
175 505
175 641
175 686
175 693
175 938
176 833
177 544
178 340
178 557
180 550
182 630
182 906
184 410
185 792
186 236
189 888
193 554
194 259
196 224
197 355
197 686
197 716
198 513
198 516
198 532
200 214
200 557
204 340
205 215
205 471
205 699
208 533
208 710
208 783
210 492
210 672
210 739
211 284
211 296
211 672
213 536
213 580
214 542
215 216
215 224
215 225
215 227
215 236
215 237
215 238
215 240
215 245
215 253
215 259
216 224
216 225
216 226
216 235
216 253
216 286
216 337
216 338
216 410
216 441
216 488
216 532
216 543
216 565
216 579
216 580
216 608
216 609
216 621
216 661
216 677
216 684
216 685
216 686
216 687
216 688
216 689
216 690
216 691
216 692
216 693
216 694
216 695
216 696
216 697
216 698
216 699
216 700
216 701
219 765
220 227
220 780
220 788
221 765
221 811
222 224
222 392
222 553
222 817
222 818
222 819
222 820
222 822
222 823
223 240
223 555
224 411
224 467
224 496
224 503
224 605
224 620
224 645
224 701
224 860
224 861
225 245
225 311
225 338
225 345
225 350
225 427
225 503
225 537
225 600
225 731
225 741
225 749
225 869
225 870
226 881
227 294
227 323
227 598
227 608
227 720
227 865
227 881
227 887
228 901
229 765
229 904
229 905
230 916
230 917
230 918
231 920
232 340
232 904
233 245
233 877
233 938
234 540
234 620
234 772
236 301
236 304
236 339
236 429
236 591
236 623
236 725
236 836
236 902
237 252
237 295
237 334
237 505
237 603
237 627
237 632
237 720
237 761
237 791
237 819
237 888
237 923
237 947
237 958
237 969
237 972
238 259
238 338
238 341
238 401
238 670
238 935
238 968
239 245
240 504
240 720
240 806
240 914
241 358
241 792
243 383
245 537
245 707
245 942
251 405
253 275
253 317
253 696
253 849
253 915
253 952
257 904
258 906
259 295
259 419
259 738
260 534
271 546
272 953
283 954
286 822
287 553
290 886
293 344
293 555
293 639
294 825
294 826
294 827
294 829
295 865
296 344
296 535
296 944
296 945
296 946
297 540
297 797
297 918
297 947
298 888
301 559
302 370
303 340
303 949
306 931
307 385
307 814
308 375
308 406
309 829
312 406
313 798
314 383
314 561
317 916
318 392
318 554
319 358
320 534
320 780
321 914
326 945
329 831
329 901
333 629
335 949
338 344
338 776
338 791
338 792
338 795
338 797
339 540
339 780
340 347
340 355
340 509
340 538
340 569
340 601
340 613
340 628
340 648
340 659
340 667
340 684
340 719
340 740
340 766
340 856
340 857
340 858
340 859
342 384
342 831
343 886
343 914
344 413
344 506
344 528
344 635
344 708
344 715
344 791
344 792
344 837
344 901
345 833
346 780
346 825
347 888
347 947
348 772
348 914
348 920
348 931
349 405
349 407
349 831
349 891
350 960
352 777
352 820
352 935
352 942
353 901
355 818
355 905
355 906
357 404
357 943
358 405
358 416
358 972
359 534
359 914
362 436
362 938
363 826
364 823
366 410
367 559
367 560
367 906
369 558
370 407
370 475
370 531
370 609
370 866
371 940
372 388
372 918
374 388
374 571
375 406
375 470
375 891
377 558
378 780
378 798
383 402
383 500
383 546
383 978
384 466
384 748
384 772
385 529
385 785
387 626
387 888
388 672
392 436
392 452
392 742
392 873
396 942
397 504
397 907
400 634
401 559
402 795
402 881
402 910
403 571
403 899
403 916
404 862
404 983
405 813
405 838
405 962
406 441
406 497
407 537
407 585
407 788
408 819
410 849
410 887
422 436
424 888
430 814
432 626
432 827
432 865
432 894
432 944
434 634
435 606
436 514
436 538
436 553
436 631
436 742
436 751
436 774
436 889
436 975
445 558
445 823
446 877
456 792
459 776
460 817
460 944
461 553
461 943
464 931
464 960
465 881
466 548
466 940
467 535
470 826
471 938
473 827
475 920
478 772
480 780
481 772
482 814
486 548
486 946
487 899
489 943
490 560
490 949
496 954
497 893
498 548
501 558
503 798
503 878
503 940
504 822
504 941
504 949
505 831
505 902
505 941
505 944
505 955
506 820
506 955
507 911
510 780
513 591
513 640
513 650
513 726
513 876
513 918
514 600
514 650
514 820
514 865
514 941
516 557
516 952
520 776
522 903
522 957
523 833
523 958
527 817
529 938
537 626
537 639
539 546
539 772
540 852
540 882
541 629
542 949
544 600
544 670
544 706
544 762
544 813
545 822
546 567
546 955
547 836
547 911
548 599
549 954
550 639
550 765
550 866
550 888
551 555
551 826
552 625
552 667
552 758
552 800
554 636
554 665
554 763
554 847
556 787
556 845
556 896
557 799
558 624
560 878
561 650
561 940
563 813
563 843
565 831
565 886
566 904
567 946
571 629
571 799
571 888
572 888
579 792
580 943
581 912
582 627
583 814
585 818
588 825
596 780
597 798
598 902
598 903
601 639
602 831
602 905
606 641
606 657
606 684
606 698
606 762
606 946
606 958
607 780
607 945
608 904
610 826
610 877
614 920
615 920
620 946
625 831
625 890
626 628
626 768
627 789
627 871
627 915
629 888
629 907
630 639
630 689
630 857
634 745
634 814
635 825
639 680
639 923
639 949
643 795
651 795
654 833
654 901
655 797
656 795
656 814
656 888
658 791
658 831
662 772
668 836
668 912
672 827
672 906
672 952
673 916
684 831
686 987
687 865
691 878
696 765
699 920
700 955
704 900
705 890
707 881
710 904
718 795
720 833
720 958
724 904
727 953
729 877
730 833
734 888
743 831
745 792
747 958
748 780
748 825
748 894
748 935
750 916
755 903
757 935
758 899
758 912
759 881
763 931
768 831
771 822
772 910
772 915
774 943
775 788
775 810
775 849
775 852
775 856
776 943
777 813
777 922
777 942
780 811
780 825
780 918
780 989
781 795
781 823
782 905
787 829
788 876
789 827
792 876
793 914
795 808
795 917
795 962
797 976
798 916
798 943
798 984
798 996
802 955
806 836
811 976
813 877
813 878
817 838
818 827
819 915
826 958
826 973
827 829
827 954
829 871
832 912
833 886
833 995
836 947
836 960
837 910
843 881
844 957
849 905
849 954
855 911
855 958
859 912
869 917
872 987
877 952
877 987
879 890
882 957
886 915
887 900
888 924
889 903
889 920
890 981
891 953
894 974
894 987
900 960
902 930
902 935
904 932
906 934
911 951
915 949
916 996
917 924
922 942
929 955
931 988
935 962
941 992
944 945
947 972
958 973
958 980
958 994
960 980
