10 1933
19 730
21 501
23 501
24 1428
57 161
63 537
66 1428
67 268
67 730
111 1722
116 270
125 133
133 161
133 162
133 163
133 164
133 165
133 166
133 167
133 168
143 1428
145 161
145 730
153 412
161 168
161 247
161 341
161 537
161 581
161 730
161 793
161 1113
161 1203
161 1400
161 1722
161 1787
165 537
180 981
182 1400
188 501
206 1189
210 730
213 1253
219 523
223 727
251 1668
258 981
268 269
268 270
268 271
268 272
268 273
268 274
268 275
268 276
270 312
270 523
270 529
270 572
270 1087
270 1113
270 1506
270 1668
270 1905
272 1357
286 1253
300 537
301 1357
304 1787
309 523
316 1933
329 1239
331 1400
336 727
341 1722
357 581
360 537
373 522
399 1239
403 412
408 1428
412 725
412 1063
412 1113
412 1184
412 1189
412 1220
412 1340
412 1428
412 1454
412 1610
412 1839
446 1400
464 1400
479 1239
483 1428
488 537
501 767
501 769
501 1113
501 1226
501 1480
501 1655
504 1189
521 537
522 523
522 524
522 525
522 526
522 527
522 528
522 529
523 698
523 1008
523 1121
523 1296
523 1462
523 1907
523 1926
532 1113
535 1357
537 1204
537 1340
537 1609
537 1964
555 725
580 581
581 691
581 740
581 1110
581 1384
581 1757
583 1787
591 1668
602 1400
610 981
647 1400
669 1113
672 725
702 1357
718 725
725 1007
725 1059
725 1368
725 1463
727 728
727 729
727 730
727 731
727 732
727 733
730 884
730 917
730 972
730 1443
730 1569
730 1750
730 1758
735 1933
758 1113
776 1428
834 1400
841 1400
851 1668
860 1722
867 1400
893 1357
903 1113
917 981
981 1189
981 1226
981 1283
981 1466
981 1512
981 1662
1018 1113
1023 1113
1023 1253
1052 1668
1055 1668
1074 1253
1105 1428
1113 1137
1113 1253
1113 1357
1113 1604
1113 1641
1113 1855
1182 1239
1184 1189
1189 1232
1189 1238
1189 1239
1189 1681
1189 1864
1189 1933
1189 1998
1205 1357
1211 1239
1215 1722
1227 1722
1236 1239
1239 1391
1239 1399
1239 1556
1252 1253
1253 1466
1253 1470
1253 1792
1253 1996
1400 1620
1400 1910
1400 1939
1426 1428
1428 1716
1428 1813
1428 1923
1555 1722
1563 1787
1605 1668
1605 1933
1611 1933
1617 1722
1641 1668
1668 1964
1708 1933
1775 1787
1841 1933
