17 722
42 906
106 722
118 1584
132 561
156 906
178 181
181 517
181 555
181 1075
181 1333
181 1349
181 1449
181 1662
181 1800
181 1892
181 1908
190 1110
203 262
205 262
206 1350
210 1456
223 1350
227 906
261 262
262 377
262 511
262 555
262 1244
262 1504
262 1509
262 1618
268 269
269 663
269 1025
269 1142
269 1219
269 1238
269 1251
269 1345
269 1838
269 1959
286 1110
307 561
314 317
317 375
317 453
317 516
317 543
317 883
317 1396
317 1511
317 1625
317 1733
317 1768
334 906
337 561
388 1350
395 1366
404 1351
405 722
408 1366
412 725
431 807
448 1584
455 722
455 906
465 906
474 1966
504 1966
547 561
552 555
555 605
555 725
555 773
555 877
555 880
555 906
555 1110
555 1219
555 1366
555 1494
555 1584
555 1648
555 1696
555 1758
555 1911
555 1946
555 1950
555 1966
560 561
561 686
561 794
561 979
561 982
561 984
561 991
561 1060
561 1148
561 1226
561 1227
561 1228
576 1366
581 1110
583 1584
606 722
637 1733
641 1228
656 1350
670 1456
672 725
688 1219
697 1456
701 1350
718 722
718 725
722 801
722 811
722 1057
722 1351
722 1757
722 1903
725 1007
725 1059
725 1368
725 1463
728 1350
733 1351
735 1930
747 1228
747 1966
755 1966
756 1219
795 1789
804 807
807 904
807 1069
807 1228
807 1452
807 1502
807 1750
817 1228
868 1733
875 1219
894 1350
898 1219
899 1789
901 1351
906 948
906 1317
906 1772
906 1945
908 1930
917 1584
950 1544
952 1110
968 1456
984 1456
1064 1219
1098 1930
1110 1159
1110 1226
1110 1647
1110 1711
1110 1942
1111 1544
1136 1733
1181 1351
1207 1930
1212 1544
1218 1219
1219 1223
1219 1351
1219 1368
1219 1506
1219 1733
1219 1763
1219 1835
1219 1838
1226 1733
1228 1384
1228 1450
1228 1577
1228 1694
1228 1733
1228 1759
1228 1788
1228 1789
1255 1789
1290 1966
1318 1366
1325 1584
1328 1366
1332 1350
1350 1351
1350 1352
1350 1353
1350 1354
1351 1456
1351 1544
1351 1599
1351 1707
1351 1885
1351 1930
1366 1508
1366 1699
1383 1966
1394 1930
1402 1456
1520 1584
1543 1544
1544 1617
1544 1625
1544 1644
1544 1963
1544 1985
1560 1584
1567 1584
1580 1930
1584 1860
1591 1733
1643 1930
1656 1733
1729 1789
1733 1746
1733 1760
1733 1945
1740 1930
1789 1822
1789 1834
1966 1970
