4 1918
6 1244
13 437
13 910
47 580
58 1902
67 267
92 536
93 1003
99 580
107 450
116 1003
118 1584
122 437
138 174
161 1787
162 267
169 174
171 1508
174 632
174 863
174 910
174 965
174 1050
174 1211
174 1538
174 1581
174 1607
174 1935
196 910
209 437
233 244
235 1508
244 436
244 437
244 489
244 739
244 948
244 1001
244 1361
244 1528
244 1747
244 1768
261 267
262 1244
267 544
267 579
267 910
267 1021
267 1119
267 1242
267 1437
267 1750
267 1801
267 1850
267 1883
274 536
294 580
296 615
304 1787
319 437
325 652
334 745
338 536
346 583
348 1483
372 615
386 1244
391 536
397 1902
400 745
434 437
435 1244
437 615
437 834
437 910
437 1065
437 1535
437 1685
437 1902
448 1584
450 583
450 618
450 790
450 850
450 901
450 984
450 1097
454 536
466 745
488 536
507 583
518 1508
536 865
536 903
536 910
536 1003
536 1090
536 1209
536 1390
536 1397
536 1508
536 1671
536 1749
536 1786
536 1858
541 1003
555 1584
580 581
580 582
580 583
580 584
580 585
580 586
580 587
580 588
580 589
580 590
580 591
580 592
580 593
583 615
583 652
583 694
583 745
583 763
583 875
583 1029
583 1175
583 1446
583 1483
583 1576
583 1584
583 1641
583 1787
584 910
589 1483
607 1508
613 1090
615 1170
615 1182
615 1418
615 1509
615 1576
615 1581
615 1598
615 1834
615 1918
619 1483
634 1508
643 652
652 958
652 1174
652 1238
652 1354
652 1437
652 1880
661 1274
675 1244
688 1902
729 1508
741 745
745 950
745 1221
745 1469
754 1090
810 1274
822 1274
838 1003
910 1087
910 1210
910 1225
910 1234
910 1274
910 1297
910 1703
917 1584
929 1090
944 1274
954 1902
957 1090
972 1902
1003 1136
1003 1216
1003 1261
1003 1454
1003 1818
1003 1820
1087 1090
1090 1425
1090 1479
1090 1565
1090 1657
1233 1244
1242 1244
1244 1625
1244 1635
1244 1684
1244 1788
1244 1899
1244 1902
1269 1274
1274 1312
1274 1754
1274 1875
1325 1584
1337 1902
1366 1508
1372 1918
1429 1918
1442 1483
1482 1483
1483 1726
1483 1754
1483 1757
1483 1767
1483 1859
1483 1884
1508 1896
1508 1974
1520 1584
1540 1918
1560 1584
1560 1918
1563 1787
1567 1584
1584 1860
1660 1902
1775 1787
1809 1902
1810 1902
1902 1985
