7 1457
17 1784
48 1961
51 327
56 1457
59 68
64 843
68 543
68 816
68 888
68 1055
68 1076
68 1780
68 1962
71 857
71 1784
71 1848
77 1559
81 1695
101 1094
104 857
114 166
123 1559
132 843
133 166
135 143
142 902
143 471
143 976
143 1306
143 1428
143 1695
156 737
166 295
166 505
166 591
166 706
166 750
166 836
166 894
166 973
166 1175
166 1464
166 1516
166 1913
169 176
176 547
176 843
176 1317
176 1482
176 1961
187 897
190 843
191 842
191 894
192 1575
198 857
209 894
228 737
265 892
323 1784
325 737
327 393
327 767
327 811
327 812
327 813
327 814
327 815
327 816
327 817
327 818
327 819
327 820
336 1848
340 737
359 816
363 857
372 1559
455 902
472 1559
475 892
511 842
519 1094
545 1695
575 801
590 902
607 1622
619 843
622 816
632 1847
663 1784
673 737
678 1847
692 1848
712 897
721 1559
722 801
737 772
737 829
737 857
737 956
737 994
737 1136
737 1408
737 1474
737 1475
743 1961
753 1575
769 1784
770 1457
801 842
801 895
801 915
801 973
801 1052
801 1363
801 1397
801 1695
811 1622
815 857
816 851
816 894
816 1094
816 1209
816 1299
816 1368
816 1622
816 1658
816 1810
816 1847
821 1848
842 843
842 844
842 845
842 846
842 847
843 987
843 1641
843 1817
846 1784
848 857
857 891
857 892
857 893
857 894
857 895
857 896
857 897
857 898
858 902
870 897
892 1337
892 1595
892 1786
892 1946
894 948
894 1265
894 1300
894 1350
894 1457
894 1624
894 1680
894 1702
894 1746
894 1784
897 957
897 958
897 1032
897 1130
897 1372
897 1447
897 1613
897 1887
902 1174
902 1218
902 1695
916 1695
988 1847
991 1961
1020 1094
1080 1457
1092 1094
1094 1208
1094 1515
1099 1457
1128 1575
1166 1559
1175 1457
1198 1695
1229 1847
1289 1961
1307 1457
1309 1559
1380 1575
1396 1847
1434 1695
1457 1741
1461 1622
1559 1680
1559 1770
1559 1847
1575 1847
1575 1855
1575 1973
1612 1848
1620 1622
1622 1688
1622 1689
1622 1872
1622 1936
1647 1695
1694 1695
1695 1847
1695 1848
1725 1784
1744 1784
1784 1910
1784 1981
1812 1847
1847 1913
1848 1906
