2 385
7 238
22 345
46 1550
48 1792
55 707
57 1550
58 1076
68 1076
72 953
72 1705
77 1550
95 953
102 1637
105 1613
130 925
187 897
189 348
191 1098
195 925
201 707
218 348
226 1076
233 238
238 290
238 528
238 715
238 776
238 1045
238 1098
238 1746
238 1826
238 1916
245 1642
252 258
253 385
258 588
258 631
258 929
258 981
258 1444
258 1613
337 928
342 345
342 348
343 928
345 463
345 707
345 1337
345 1554
345 1579
345 1869
345 1903
345 1940
348 707
348 1130
348 1161
348 1391
348 1483
348 1495
358 1725
367 1792
369 1098
370 1725
383 385
385 556
385 889
385 951
385 1048
385 1207
385 1467
385 1613
385 1738
390 1792
396 928
404 1705
419 1773
428 1805
438 1098
464 1725
469 1637
472 1613
551 1613
590 925
593 1773
595 1773
601 867
622 1098
646 867
651 1792
668 925
668 1705
690 1792
704 1642
705 707
707 1057
707 1076
707 1170
707 1427
707 1563
707 1613
707 1642
707 1687
707 1853
709 1805
712 897
715 1613
715 1637
719 1076
731 957
735 1930
742 1642
746 925
746 1076
761 1550
767 1613
794 1642
795 1792
796 953
812 1637
823 953
827 1076
845 1098
853 953
857 897
864 867
866 1642
867 957
867 1400
867 1665
867 1691
867 1813
870 897
897 957
897 958
897 1032
897 1130
897 1372
897 1447
897 1613
897 1887
908 1930
912 1705
925 957
925 979
925 1527
925 1581
925 1716
925 1944
928 1098
928 1325
928 1831
953 954
953 955
953 956
953 957
953 958
953 959
956 1805
957 1090
957 1161
957 1201
957 1215
957 1460
957 1550
957 1637
957 1731
957 1732
1031 1550
1039 1613
1057 1637
1076 1501
1076 1762
1076 1864
1098 1155
1098 1613
1098 1711
1098 1725
1098 1773
1098 1792
1098 1805
1098 1930
1159 1805
1207 1930
1243 1725
1253 1792
1270 1613
1326 1550
1343 1637
1351 1930
1370 1805
1374 1613
1375 1705
1377 1725
1388 1550
1394 1930
1402 1773
1431 1637
1459 1705
1478 1642
1504 1550
1550 1611
1550 1956
1557 1642
1580 1930
1585 1792
1588 1637
1590 1642
1605 1613
1611 1792
1612 1705
1613 1705
1635 1637
1638 1642
1642 1682
1643 1930
1646 1725
1697 1773
1705 1920
1725 1782
1725 1783
1725 1784
1725 1785
1740 1930
