0 2
1 243
1 827
2 197
2 212
2 385
2 1006
2 1073
2 1361
2 1450
2 1661
2 1697
2 1984
3 800
4 1251
4 1526
4 1631
4 1918
4 1919
5 164
5 789
5 1423
6 1533
7 238
7 1457
7 1753
7 1928
8 21
8 1431
10 1933
11 789
12 541
12 568
12 586
12 1690
13 160
13 1353
14 398
15 1385
16 145
16 199
16 939
17 1784
18 21
18 27
18 29
19 1083
20 1480
21 180
21 312
21 454
21 501
21 1032
21 1147
21 1154
21 1316
21 1322
22 144
22 378
22 699
23 501
24 125
24 372
24 780
25 697
25 939
26 1753
26 1825
27 221
27 305
27 416
27 834
27 1143
27 1436
27 1820
29 1156
29 1330
29 1702
29 1755
29 1945
30 33
31 323
31 999
32 37
32 1288
32 1460
33 315
33 530
33 895
33 1035
33 1119
33 1229
33 1396
33 1530
34 992
34 1928
35 36
35 37
35 38
36 104
36 335
36 478
36 506
36 609
36 890
36 965
36 1509
37 424
37 960
37 1354
37 1396
37 1582
37 1812
38 384
38 619
38 679
38 865
38 1020
41 1262
42 992
42 1492
42 1876
43 44
43 45
43 46
43 47
43 48
43 49
43 50
43 51
44 388
44 806
44 1089
44 1256
45 612
46 70
46 312
46 546
46 597
46 697
46 844
46 1070
46 1193
46 1321
46 1489
46 1550
46 1835
46 1913
46 1936
46 1938
46 1963
46 1995
47 580
50 1689
51 323
51 326
51 327
53 1552
54 784
54 1086
55 587
55 697
55 707
56 1354
56 1457
57 161
57 678
57 1550
57 1826
58 1076
58 1272
58 1315
58 1525
58 1843
59 60
59 61
59 62
59 63
59 64
59 65
59 66
59 67
59 68
59 69
60 127
61 642
62 284
62 326
63 1611
64 99
64 222
64 426
64 547
64 838
64 843
64 1431
64 1540
64 1672
64 1698
64 1819
64 1929
64 1956
65 732
65 1846
66 153
66 1552
67 267
67 268
68 816
68 1076
70 73
71 374
71 1784
72 586
72 1383
73 216
73 298
73 577
73 711
73 827
73 916
73 969
73 1126
73 1162
73 1273
73 1639
73 1667
73 1776
73 1785
73 1997
74 245
74 1156
74 1324
77 127
77 1550
77 1559
77 1806
78 79
78 80
78 81
78 82
78 83
78 84
78 85
78 86
80 1861
81 678
81 795
81 1154
81 1695
82 1282
82 1552
82 1661
83 393
83 398
83 535
83 567
83 635
83 658
83 1028
83 1085
83 1127
83 1160
83 1186
83 1486
83 1564
83 1857
83 1882
83 1897
83 1971
84 1315
84 1354
84 1367
85 1193
85 1262
86 1049
89 587
89 991
89 1516
90 1281
91 313
92 811
92 859
92 992
92 1526
93 1000
93 1003
93 1006
93 1008
94 624
94 1321
94 1829
96 749
96 1955
97 973
98 889
99 580
99 907
99 1576
101 313
101 1094
101 1625
101 1634
101 1846
102 571
104 326
105 1613
106 795
106 1829
106 1926
108 1919
109 584
110 498
110 1026
111 923
111 939
111 1722
112 115
112 120
112 121
112 122
113 1282
114 166
114 565
115 117
115 298
115 300
115 571
115 675
115 790
115 991
115 1061
115 1377
115 1438
115 1439
116 1003
116 1134
116 1355
116 1631
118 243
118 700
118 1929
119 461
119 1355
119 1915
120 439
120 470
120 570
120 630
120 660
120 833
120 936
120 1087
120 1235
120 1313
121 168
121 756
121 1511
121 1917
121 1981
122 437
122 564
122 700
122 1238
122 1484
122 1546
122 1565
122 1700
122 1859
122 1892
123 999
123 1559
124 1915
125 126
125 127
125 128
125 129
125 130
125 131
125 132
125 133
125 134
126 1804
127 148
127 318
127 479
127 516
127 562
127 750
127 916
127 1225
127 1249
127 1426
127 1427
127 1451
127 1614
127 1652
127 1745
127 1799
128 469
128 1744
129 1160
129 1288
131 389
131 813
132 1936
133 161
133 163
133 164
133 166
134 1846
135 136
135 137
135 138
135 139
135 140
135 141
135 142
135 143
136 706
137 979
137 1459
137 1486
139 1262
140 222
140 445
140 667
140 746
140 791
140 971
140 1278
140 1460
140 1661
140 1862
141 144
141 332
141 1431
142 799
142 902
142 1576
142 1662
143 1695
144 145
144 146
144 147
144 148
145 161
145 171
145 291
145 717
145 730
145 903
145 915
145 1303
145 1308
145 1420
145 1432
145 1519
145 1895
146 1360
147 1409
148 241
149 153
149 160
151 439
152 1597
153 168
153 412
153 763
153 845
153 975
153 1540
153 1636
154 1533
155 1588
156 1552
158 1826
159 1134
159 1804
160 313
160 416
160 491
160 541
160 623
160 874
160 878
160 885
160 1288
160 1312
160 1332
160 1333
160 1334
161 168
161 247
161 341
161 537
161 581
161 730
161 793
161 1113
161 1203
161 1400
161 1722
161 1787
162 267
163 192
163 476
163 575
163 699
163 885
163 924
163 1697
163 1739
163 1849
163 1944
163 1981
164 204
164 220
164 471
164 1000
164 1120
164 1404
164 1891
166 295
166 505
166 591
166 706
166 750
166 836
166 894
166 973
166 1175
166 1464
166 1516
166 1913
168 313
168 565
168 833
168 1806
169 170
169 171
169 172
169 173
169 174
169 175
169 176
169 177
171 1508
173 525
173 597
173 736
173 1167
173 1268
173 1321
173 1371
173 1377
173 1679
173 1709
173 1743
173 1744
173 1745
173 1746
175 467
178 179
178 180
178 181
178 182
178 183
178 184
178 185
179 384
179 556
179 1838
180 977
180 979
181 517
181 1662
181 1892
182 323
182 1243
182 1709
183 326
184 596
185 266
185 346
185 363
185 712
185 852
185 1439
185 1531
185 1641
185 1836
186 189
186 190
187 190
187 897
187 1100
187 1509
187 1937
188 498
188 501
189 348
189 363
189 735
189 911
189 1132
189 1321
189 1447
190 447
190 521
190 558
190 789
190 802
190 843
190 1108
190 1110
190 1360
190 1425
190 1779
191 842
191 908
191 1098
191 1100
192 1799
194 199
195 467
195 923
195 924
199 775
199 966
199 1249
199 1412
199 1920
199 1921
200 359
200 1621
201 557
201 707
202 815
203 262
203 700
203 789
205 262
206 1873
209 288
209 798
210 266
210 1861
211 288
211 794
212 1529
212 1955
213 1253
214 862
214 997
215 243
218 1959
219 523
219 1806
220 554
220 930
220 939
221 231
223 727
225 795
226 700
226 1076
226 1119
226 1134
226 1431
227 662
227 1383
227 1533
229 1929
231 567
231 797
231 919
231 931
232 1268
233 235
233 238
233 241
233 243
233 245
234 699
234 700
235 441
235 640
235 748
235 752
235 1071
235 1108
235 1508
235 1552
235 1567
235 1657
235 1680
235 1691
235 1709
236 1051
237 284
237 996
238 290
238 528
238 715
238 776
238 1045
238 1098
238 1746
238 1826
238 1916
240 708
240 1410
241 407
241 472
241 732
241 763
241 877
241 878
241 879
241 880
242 751
243 644
243 1077
243 1089
243 1343
243 1651
244 739
245 291
245 462
245 578
245 934
245 949
245 1140
245 1279
245 1303
245 1391
245 1431
245 1642
246 247
246 248
246 249
246 250
246 251
247 388
247 1540
247 1611
247 1873
249 1516
249 1526
249 1625
250 313
250 419
250 507
250 945
250 1093
250 1238
250 1387
250 1388
250 1389
251 621
251 1668
252 258
254 795
254 1874
256 612
256 1791
256 1876
257 332
258 588
258 631
258 929
258 981
258 1444
258 1613
259 952
259 1251
261 262
261 263
261 266
261 267
262 377
262 511
262 555
262 1244
262 1504
262 1509
262 1618
263 460
263 486
263 544
263 1294
263 1306
263 1793
263 1923
265 952
266 315
266 360
266 430
266 515
266 566
266 950
266 1173
266 1448
266 1506
266 1907
267 544
267 579
267 910
267 1021
267 1119
267 1242
267 1437
267 1750
267 1801
267 1850
267 1883
268 269
268 270
268 271
268 272
268 273
268 274
268 275
268 276
269 663
269 1025
269 1142
269 1219
269 1238
269 1251
269 1345
269 1838
269 1959
270 523
270 1113
270 1668
271 461
272 413
272 1262
273 398
274 379
274 1321
274 1640
275 498
275 1510
275 1669
276 546
276 550
277 280
279 595
280 329
280 380
280 476
280 517
280 576
280 896
280 1506
282 596
282 1799
283 378
283 642
284 285
284 286
284 287
284 288
284 289
284 290
284 291
284 292
285 992
285 1355
286 1253
286 1315
286 1453
287 1190
287 1576
287 1609
288 395
288 484
288 670
288 776
288 839
288 983
288 1059
288 1159
288 1168
288 1203
288 1260
288 1272
289 979
290 749
290 1799
291 1383
292 738
292 1745
294 413
294 580
294 1536
295 1741
296 612
297 697
297 1406
298 813
298 1308
298 1897
299 313
301 749
301 1531
301 1869
301 1874
302 642
303 358
303 787
304 1460
304 1787
304 1791
306 1385
306 1906
307 1252
308 389
309 523
310 1480
311 372
312 1531
312 1709
313 1135
313 1205
313 1522
313 1548
313 1572
313 1729
313 1793
314 318
315 323
315 1529
315 1631
316 1082
316 1876
316 1933
317 1511
317 1625
318 493
318 678
318 682
318 846
318 949
318 1077
318 1111
318 1432
318 1683
318 1870
319 586
319 993
319 1367
319 1597
320 359
320 697
320 1320
322 1958
323 747
323 1226
323 1784
323 1898
326 497
326 662
326 770
326 832
326 1028
326 1437
326 1496
326 1500
326 1616
326 1749
326 1967
327 393
327 767
327 811
327 812
327 813
327 814
327 815
327 816
327 817
327 818
327 819
327 820
328 997
328 1753
329 744
329 1634
330 1526
330 1785
331 741
331 1526
332 393
332 458
332 647
332 736
332 986
332 1618
332 1780
333 859
335 534
336 727
336 1874
337 928
338 1114
338 1324
339 1108
339 1245
340 736
340 738
340 739
341 1722
343 466
343 627
343 928
343 1426
344 374
345 463
345 707
345 1554
345 1869
346 732
346 1308
348 707
348 1161
350 388
350 776
351 568
352 587
352 662
353 1312
355 358
355 359
358 510
358 665
358 976
358 1074
358 1250
358 1339
358 1725
358 1839
358 1892
359 510
359 513
359 816
359 872
359 1537
359 1762
360 466
360 469
360 1354
360 1437
361 678
362 1597
363 1846
365 372
365 374
366 1423
367 1160
367 1185
367 1409
369 627
369 991
369 1049
369 1098
371 1709
371 1876
372 396
372 615
372 618
372 1225
372 1283
372 1559
372 1566
372 1718
372 1745
374 797
374 1153
374 1181
374 1209
374 1295
374 1455
374 1611
374 1634
374 1765
375 378
375 379
375 381
376 546
376 1006
377 1134
377 1161
377 1185
378 1315
378 1721
379 905
379 1059
379 1394
379 1442
379 1578
380 388
380 833
381 672
381 911
381 1313
381 1356
381 1401
381 1423
381 1638
383 384
383 388
383 389
384 474
384 616
384 808
384 915
384 1017
384 1041
384 1178
384 1183
384 1339
384 1423
384 1700
384 1751
384 1825
384 1920
384 1972
385 556
385 889
385 1613
387 830
388 621
388 660
388 1251
388 1286
388 1350
388 1412
388 1449
388 1732
388 1896
388 1957
389 884
389 898
389 1100
389 1117
389 1776
389 1845
390 1625
391 700
391 827
391 1000
391 1876
391 1880
392 395
392 398
393 1804
394 962
395 503
395 530
395 617
395 786
395 834
395 1330
395 1365
395 1366
395 1367
395 1368
395 1369
396 927
396 928
396 930
396 931
397 1744
398 543
398 656
398 951
398 1057
398 1223
398 1296
398 1363
398 1398
398 1588
399 794
399 1955
401 1154
402 832
402 1315
402 1825
403 413
404 736
407 744
407 1880
407 1958
408 589
408 776
408 905
408 1160
408 1669
409 826
410 651
411 1034
412 1113
412 1454
413 460
413 723
413 1117
413 1209
413 1407
413 1673
415 923
415 1262
416 939
417 1899
418 1006
418 1869
419 559
419 1420
421 668
421 992
421 1315
421 1513
421 1829
422 1282
423 1459
423 1745
423 1869
425 466
425 780
425 1308
426 1000
428 789
428 1805
430 1296
430 1480
431 1509
432 1406
432 1588
434 439
435 889
435 1354
436 463
436 466
437 834
438 1098
439 657
439 812
439 940
439 1167
439 1417
439 1466
439 1525
439 1554
439 1741
439 1774
440 1127
441 1625
441 1974
442 469
442 1385
445 1955
447 498
447 1000
447 1453
448 1034
448 1158
449 800
449 827
452 556
452 940
453 706
454 541
454 936
454 1089
454 1692
455 902
455 905
455 907
455 908
456 460
456 461
457 658
458 1806
459 859
460 598
460 613
460 776
460 800
460 1065
460 1105
460 1159
460 1338
460 1383
460 1565
461 467
461 1261
461 1300
461 1440
461 1441
461 1442
461 1443
461 1444
462 627
462 673
462 1663
463 917
463 1007
463 1055
463 1139
463 1185
463 1506
463 1509
463 1813
464 1008
464 1906
466 745
466 840
466 1053
466 1114
466 1517
466 1653
466 1665
466 1717
467 468
467 469
467 470
467 471
467 472
467 473
467 474
467 475
467 476
467 477
467 478
467 479
468 1385
468 1526
468 1663
469 494
469 576
469 837
469 1260
469 1265
469 1363
469 1411
469 1513
469 1637
469 1673
470 662
470 1089
471 997
471 1026
472 1559
472 1613
473 973
473 1081
474 1966
475 1974
476 1127
476 1437
477 1026
478 931
479 557
479 1089
479 1785
481 624
482 1282
484 595
484 1741
485 1156
486 491
487 1843
488 517
488 534
488 535
489 1675
490 889
491 863
493 994
494 1114
494 1272
494 1525
494 1958
495 815
495 1192
495 1321
497 798
497 1689
498 773
498 860
498 861
498 862
498 863
499 1320
499 1454
500 1375
501 767
501 769
501 1113
501 1226
501 1480
501 1655
502 924
503 789
504 1243
504 1367
504 1966
507 827
508 780
509 1552
510 557
510 738
511 842
511 1154
511 1669
515 1108
516 517
517 591
517 837
517 930
517 939
517 994
517 1212
517 1314
517 1375
517 1413
517 1414
517 1415
518 738
518 1508
519 1094
519 1312
521 1492
521 1803
522 523
522 527
523 698
523 1008
523 1121
523 1296
523 1462
523 1907
523 1926
525 787
526 1631
527 971
527 1028
527 1195
527 1255
527 1256
527 1257
527 1258
527 1259
527 1260
527 1261
528 1156
528 1385
529 559
530 556
530 1740
531 587
532 1113
532 1260
533 1119
533 1460
534 886
534 1501
534 1578
534 1740
534 1864
535 717
535 794
535 811
535 835
535 935
535 1184
535 1210
535 1355
535 1356
535 1357
536 1003
536 1508
537 1609
538 1161
538 1640
539 540
539 541
539 542
539 543
540 1190
540 1516
541 562
541 669
541 699
541 756
541 965
541 1003
541 1165
541 1307
541 1339
541 1356
541 1640
543 1354
543 1410
544 1740
545 1695
546 941
546 1133
546 1146
546 1156
546 1739
546 1754
546 1953
548 815
548 1034
548 1081
548 1689
549 905
550 729
550 738
550 941
550 1037
550 1187
550 1308
550 1683
550 1712
550 1780
550 1977
551 862
551 936
551 1613
552 554
552 556
552 557
552 559
553 1260
553 1588
553 1741
553 1803
554 959
554 1299
554 1412
554 1556
554 1724
555 1966
556 883
556 923
556 1299
556 1369
556 1439
556 1692
556 1741
556 1877
556 1942
557 644
557 646
557 670
557 1396
557 1468
557 1897
558 784
558 830
559 671
559 1061
559 1316
559 1385
559 1458
559 1470
559 1580
559 1911
560 563
560 565
561 794
561 979
561 991
562 658
562 830
562 1160
563 1332
563 1530
563 1656
563 1740
563 1977
564 889
564 1513
564 1883
565 814
565 817
565 868
565 1089
565 1317
565 1335
566 1252
567 833
568 616
568 651
568 962
568 1184
568 1227
568 1282
568 1638
568 1740
568 1850
568 1967
570 673
570 1287
570 1785
571 572
571 573
571 574
571 575
571 576
571 577
571 578
571 579
572 651
573 651
574 673
575 800
575 801
576 995
577 1420
578 1272
579 749
579 795
579 930
580 581
580 582
580 583
580 584
580 585
580 586
580 587
580 588
580 589
580 590
580 591
580 592
580 593
582 924
582 989
582 1516
582 1662
583 1576
583 1787
584 774
584 910
584 950
584 1015
584 1016
584 1303
584 1764
585 787
586 616
586 661
586 714
586 731
586 1046
586 1186
586 1313
586 1314
586 1315
586 1316
587 836
587 837
587 838
587 839
587 840
587 841
588 1114
588 1426
588 1974
589 1085
589 1337
589 1483
590 902
590 1669
591 618
591 821
591 884
591 903
591 905
591 1036
591 1276
591 1609
591 1667
591 1668
591 1669
592 1383
592 1634
593 742
593 836
593 1101
593 1152
593 1181
593 1417
593 1424
593 1432
593 1485
593 1601
593 1773
594 595
594 596
595 1125
595 1205
595 1511
595 1630
595 1763
595 1773
595 1881
596 600
596 636
596 788
596 972
596 973
596 974
596 975
596 976
597 1874
598 1640
599 1154
599 1829
600 789
605 1689
607 1508
608 673
608 1689
610 826
610 973
611 789
611 1107
611 1412
611 1663
612 642
612 886
612 1115
612 1123
612 1505
612 1783
614 826
615 1509
615 1576
615 1918
616 621
617 826
617 1880
618 1247
618 1745
619 741
619 1861
620 651
620 927
620 1406
621 1042
621 1380
621 1716
621 1717
621 1718
621 1719
622 816
622 1098
622 1281
622 1531
623 624
623 627
624 870
624 1058
624 1083
624 1112
624 1793
627 731
627 736
627 1120
627 1121
627 1122
627 1123
627 1124
627 1125
628 815
628 991
629 1282
629 1634
629 1663
631 1185
631 1247
632 808
633 1588
634 1508
634 1634
634 1974
635 1315
637 940
638 1423
640 776
640 931
642 689
642 944
642 960
642 1083
642 1107
642 1535
642 1857
643 651
644 1741
645 699
645 999
645 1161
648 708
648 732
648 1252
648 1321
648 1974
649 1282
649 1806
651 1199
651 1376
651 1387
651 1623
651 1719
651 1790
651 1791
651 1792
652 1354
652 1437
652 1880
653 658
655 931
655 1437
658 921
658 1018
658 1691
659 1268
659 1315
659 1486
659 1492
660 678
660 811
660 834
660 1100
660 1621
660 1804
661 997
661 1274
662 900
662 1069
662 1101
662 1234
662 1602
662 1638
663 732
663 1784
664 665
664 666
664 667
664 668
664 669
664 670
664 671
664 672
664 673
664 674
664 675
666 1431
666 1692
667 699
667 1861
667 1928
667 1936
668 829
668 917
668 925
668 1705
668 1743
668 1814
668 1864
668 1868
669 1086
669 1113
669 1114
670 741
670 1929
671 1662
672 795
672 1354
672 1554
673 708
673 737
673 806
673 881
673 988
673 989
673 990
673 991
673 992
673 993
673 994
673 995
673 996
673 997
673 998
673 999
674 1312
675 1745
676 678
677 794
677 1426
678 760
678 1063
678 1675
678 1847
679 862
680 994
680 1634
682 732
682 1883
683 936
684 1937
685 905
688 1360
688 1861
690 1100
690 1281
690 1672
690 1741
691 1744
692 1486
693 697
694 1260
695 1185
696 832
696 1554
696 1662
697 785
697 1349
697 1456
699 794
699 1048
699 1049
699 1050
699 1051
699 1052
699 1053
700 1013
700 1122
700 1186
700 1257
700 1491
701 1320
702 808
702 1806
703 1268
704 1086
705 706
705 707
705 708
706 714
706 1184
706 1284
706 1853
707 1057
707 1076
707 1170
707 1427
707 1563
707 1613
707 1642
707 1687
707 1853
708 756
708 1026
708 1053
708 1071
708 1096
708 1630
708 1834
708 1835
709 789
709 1260
709 1525
709 1529
709 1805
710 908
710 1480
712 897
712 1190
714 991
714 1454
715 1588
715 1613
719 1076
719 1287
720 1119
720 1321
720 1609
721 1559
722 801
722 811
723 923
726 1539
727 728
727 729
727 730
727 731
727 732
727 733
728 962
729 1508
732 851
732 923
732 1173
732 1444
732 1582
732 1587
732 1597
732 1677
732 1987
733 1753
734 939
734 1627
735 1621
735 1933
736 742
736 971
736 1086
736 1133
736 1134
736 1135
736 1136
736 1137
737 994
738 932
738 1018
738 1087
738 1441
738 1919
739 951
739 1246
739 1333
739 1422
739 1423
739 1424
739 1425
740 908
741 742
741 743
741 744
741 745
741 746
741 747
741 748
742 1799
743 780
743 833
744 799
744 916
744 1005
744 1324
744 1384
744 1631
744 1685
744 1849
744 1877
746 1076
747 784
747 1966
748 1804
749 750
749 751
749 752
749 753
749 754
749 755
749 756
750 1621
751 1014
751 1249
751 1636
751 1709
751 1710
751 1711
751 1712
752 776
755 1966
758 1113
761 780
761 1550
762 1431
763 1665
767 1613
768 1874
769 798
769 1134
769 1784
770 1457
771 1453
772 776
772 780
773 905
774 1289
774 1906
775 1627
776 868
776 1005
776 1353
776 1379
776 1428
776 1905
776 1937
777 923
778 1492
778 1675
779 1360
780 839
780 960
780 1172
780 1374
780 1526
780 1700
781 784
782 1510
784 935
784 1160
784 1203
784 1907
784 1939
786 787
787 866
787 979
787 1316
787 1349
787 1367
787 1854
789 790
790 813
790 1026
791 794
791 795
791 798
791 799
792 1308
792 1324
792 1536
794 862
794 991
794 1000
794 1163
794 1197
794 1465
794 1642
794 1901
794 1954
795 905
795 1116
795 1586
795 1789
795 1792
796 1690
798 948
798 1014
798 1073
798 1260
798 1394
798 1492
798 1593
799 1081
799 1233
799 1335
799 1379
799 1585
799 1713
799 1714
800 855
800 1038
800 1077
800 1570
801 842
801 895
801 915
801 973
801 1052
801 1363
801 1397
801 1695
804 806
804 808
806 883
806 1107
806 1181
806 1334
806 1349
806 1408
806 1412
806 1444
806 1524
806 1565
806 1587
806 1820
806 1873
808 969
808 991
808 1052
808 1579
808 1813
808 1853
808 1915
808 1928
808 1940
809 1049
810 1274
811 850
811 974
811 987
811 1064
811 1069
811 1114
811 1376
811 1622
811 1913
813 1479
813 1927
814 1272
815 857
815 866
815 1077
816 851
816 894
816 1094
816 1209
816 1299
816 1368
816 1622
816 1658
816 1810
816 1847
817 1383
817 1804
818 1672
818 1825
819 1492
820 1296
822 1006
822 1251
822 1274
825 1486
825 1634
826 827
826 828
827 907
827 1076
827 1605
827 1658
827 1683
829 830
829 832
829 833
829 834
829 835
830 982
830 1308
830 1348
830 1349
832 927
832 994
832 1001
832 1039
832 1099
832 1446
832 1499
832 1655
832 1661
832 1729
832 1853
833 887
833 1018
833 1168
833 1524
833 1681
833 1712
834 948
834 1087
834 1342
834 1397
834 1398
834 1399
834 1400
835 948
835 1118
835 1199
835 1517
835 1945
836 1753
837 1251
837 1431
837 1690
837 1799
838 952
838 1003
838 1320
838 1640
838 1899
842 843
842 844
842 845
842 846
842 847
844 1576
844 1689
845 1098
845 1260
845 1324
846 1609
846 1784
847 1354
848 859
850 1034
851 1134
851 1668
853 1119
855 1272
855 1540
857 897
858 902
859 915
859 1617
859 1661
860 1185
860 1367
860 1722
861 1919
862 1016
862 1022
862 1146
862 1166
862 1220
862 1738
862 1893
865 1744
865 1791
866 1974
867 1665
869 1409
870 897
870 1825
875 889
875 1454
875 1826
876 1509
876 1744
877 923
877 1412
880 1127
881 889
884 962
884 1806
885 1804
885 1958
886 1289
889 994
889 1401
889 1402
894 1457
894 1784
895 1080
897 957
897 958
897 1032
897 1130
897 1372
897 1447
897 1613
897 1887
898 1245
898 1312
898 1669
899 1789
902 1174
902 1218
902 1695
903 1113
903 1665
903 1959
904 1114
905 1238
905 1240
905 1320
905 1321
905 1322
905 1323
905 1324
905 1325
907 1130
907 1131
907 1132
908 1011
908 1433
908 1437
908 1570
908 1703
908 1930
909 1355
909 1375
909 1431
910 1274
911 1454
912 1127
912 1312
914 1315
914 1412
915 1741
916 1353
916 1695
917 1838
918 1156
918 1745
921 1453
923 935
923 1397
923 1409
923 1563
923 1667
923 1955
924 1065
924 1095
924 1466
924 1679
925 979
927 1538
927 1635
927 1788
928 1098
928 1325
928 1831
929 1513
930 1060
930 1314
930 1477
930 1962
931 1126
931 1237
931 1403
931 1570
931 1671
931 1727
931 1762
931 1861
931 1862
932 936
932 939
932 940
934 1525
934 1693
936 1565
936 1822
936 1900
936 1938
936 1941
938 1260
938 1287
938 1288
938 1289
939 1059
939 1444
939 1526
939 1553
939 1606
940 998
940 1025
940 1726
940 1836
940 1970
941 1919
943 1114
944 1274
944 1880
945 1134
945 1460
947 1531
947 1634
947 1745
948 1100
948 1672
948 1675
949 952
951 962
951 1627
952 1016
952 1032
952 1108
952 1109
952 1110
952 1111
954 1252
956 1320
956 1805
957 1161
957 1460
957 1550
958 1086
960 962
961 1874
962 1437
962 1546
962 1815
962 1945
963 1282
964 1511
965 993
965 1192
965 1928
967 1662
968 1974
970 1536
973 1304
973 1462
973 1776
973 1927
973 1985
974 1906
977 1308
977 1468
977 1842
977 1882
979 1214
979 1406
979 1413
979 1463
979 1496
980 1740
981 1662
984 1453
984 1454
986 1086
988 1108
989 1023
989 1103
989 1471
989 1715
989 1920
989 1954
990 1086
991 1092
991 1466
991 1576
991 1698
991 1861
991 1961
992 1152
992 1171
992 1258
992 1900
992 1916
993 1334
993 1788
993 1808
993 1809
994 1126
994 1139
994 1449
994 1533
994 1539
994 1540
994 1541
995 1123
995 1313
995 1572
995 1573
996 1201
996 1501
997 1093
997 1125
997 1751
997 1992
998 1640
999 1242
999 1263
999 1444
999 1606
999 1703
1000 1269
1000 1287
1000 1379
1000 1659
1000 1894
1000 1910
1001 1355
1001 1554
1001 1915
1003 1136
1003 1216
1003 1261
1003 1454
1003 1818
1003 1820
1005 1525
1006 1111
1006 1564
1006 1734
1007 1100
1008 1465
1008 1497
1008 1635
1008 1856
1008 1887
1008 1967
1013 1108
1013 1919
1017 1245
1018 1113
1020 1094
1021 1193
1022 1119
1022 1160
1023 1113
1023 1253
1023 1846
1025 1375
1026 1737
1027 1034
1028 1083
1029 1791
1030 1409
1030 1486
1030 1829
1031 1550
1034 1278
1034 1354
1034 1413
1034 1529
1034 1530
1034 1531
1035 1185
1036 1412
1038 1826
1039 1412
1039 1613
1040 1974
1042 1281
1044 1741
1046 1324
1046 1627
1049 1471
1049 1629
1049 1683
1049 1946
1051 1066
1051 1248
1051 1266
1051 1280
1051 1349
1051 1568
1051 1769
1051 1834
1052 1668
1053 1525
1053 1662
1055 1665
1055 1668
1055 1744
1056 1251
1056 1611
1056 1804
1057 1740
1059 1959
1060 1536
1063 1375
1065 1108
1065 1454
1065 1745
1065 1846
1069 1829
1071 1252
1071 1453
1074 1253
1074 1354
1074 1460
1076 1501
1076 1762
1076 1864
1078 1080
1078 1081
1078 1082
1078 1083
1080 1408
1080 1457
1080 1462
1080 1948
1081 1128
1081 1488
1081 1910
1082 1305
1082 1306
1082 1307
1082 1308
1082 1309
1082 1310
1083 1369
1083 1719
1083 1893
1083 1954
1084 1086
1085 1672
1086 1573
1086 1808
1086 1909
1087 1089
1088 1360
1089 1349
1089 1438
1089 1523
1089 1525
1089 1667
1091 1692
1091 1693
1092 1094
1094 1208
1094 1515
1095 1669
1096 1843
1098 1155
1098 1613
1098 1711
1098 1725
1098 1773
1098 1792
1098 1805
1098 1930
1099 1321
1099 1453
1099 1457
1100 1317
1100 1551
1100 1744
1103 1107
1104 1906
1105 1262
1107 1262
1107 1281
1107 1293
1107 1314
1107 1445
1107 1459
1107 1506
1107 1643
1107 1724
1107 1869
1108 1158
1108 1286
1108 1646
1108 1892
1109 1252
1113 1137
1113 1253
1113 1357
1113 1604
1113 1641
1113 1855
1114 1855
1115 1119
1116 1268
1118 1669
1119 1349
1119 1451
1119 1889
1119 1901
1121 1540
1121 1846
1123 1669
1126 1709
1127 1176
1127 1322
1127 1494
1128 1576
1130 1281
1132 1672
1134 1783
1134 1829
1134 1908
1134 1941
1140 1192
1140 1426
1140 1526
1140 1597
1142 1529
1148 1367
1149 1154
1154 1521
1154 1536
1154 1537
1154 1538
1155 1156
1155 1158
1156 1323
1156 1766
1156 1780
1158 1364
1158 1424
1158 1450
1158 1924
1159 1406
1159 1611
1159 1805
1160 1161
1160 1162
1160 1163
1160 1164
1161 1197
1161 1337
1161 1392
1161 1652
1161 1870
1161 1944
1163 1540
1163 1806
1163 1825
1164 1486
1166 1559
1167 1289
1168 1360
1175 1457
1175 1459
1175 1460
1176 1623
1177 1486
1178 1892
1179 1193
1179 1321
1179 1663
1180 1282
1181 1662
1183 1516
1184 1190
1184 1192
1185 1217
1185 1925
1187 1937
1189 1933
1190 1372
1190 1531
1190 1605
1190 1628
1190 1647
1191 1838
1192 1263
1192 1521
1192 1627
1193 1403
1193 1447
1193 1465
1193 1673
1193 1708
1196 1531
1198 1695
1200 1963
1202 1640
1204 1929
1205 1928
1208 1709
1208 1937
1209 1260
1210 1492
1211 1282
1211 1740
1211 1741
1212 1282
1212 1963
1214 1252
1214 1926
1215 1623
1215 1722
1219 1838
1220 1804
1221 1692
1221 1803
1222 1459
1224 1383
1224 1509
1224 1937
1227 1722
1228 1789
1229 1689
1231 1928
1233 1460
1242 1243
1242 1245
1243 1245
1243 1276
1243 1336
1243 1504
1243 1621
1243 1725
1243 1811
1244 1625
1244 1899
1245 1318
1245 1573
1245 1599
1245 1694
1246 1247
1246 1251
1247 1380
1247 1399
1247 1463
1247 1560
1247 1611
1247 1815
1247 1816
1250 1627
1250 1929
1251 1340
1251 1734
1251 1762
1251 1941
1252 1253
1252 1254
1253 1466
1253 1470
1253 1792
1253 1996
1255 1789
1256 1435
1256 1443
1256 1605
1256 1639
1256 1726
1256 1996
1257 1552
1257 1554
1258 1554
1259 1385
1260 1278
1260 1741
1260 1834
1260 1898
1260 1905
1261 1869
1262 1263
1262 1264
1262 1265
1264 1513
1267 1526
1268 1378
1268 1432
1268 1455
1268 1827
1268 1864
1268 1981
1269 1272
1269 1274
1270 1536
1270 1613
1271 1406
1271 1513
1272 1947
1274 1312
1274 1754
1274 1875
1275 1525
1275 1876
1276 1511
1278 1281
1279 1321
1279 1803
1280 1385
1281 1569
1281 1641
1282 1521
1282 1522
1283 1693
1283 1861
1284 1880
1285 1838
1287 1694
1288 1298
1288 1489
1288 1518
1288 1593
1288 1599
1289 1335
1289 1499
1289 1627
1289 1794
1289 1961
1290 1915
1290 1966
1291 1785
1293 1296
1294 1486
1296 1301
1296 1330
1296 1376
1296 1679
1303 1406
1303 1423
1304 1693
1305 1513
1305 1936
1307 1457
1308 1461
1308 1672
1308 1724
1308 1874
1309 1383
1309 1486
1309 1559
1312 1398
1312 1710
1312 1727
1312 1832
1314 1689
1315 1564
1315 1942
1315 1997
1318 1799
1318 1958
1320 1415
1320 1472
1320 1650
1320 1968
1321 1370
1323 1480
1324 1652
1324 1813
1324 1950
1324 1965
1326 1550
1327 1892
1332 1410
1333 1929
1334 1838
1335 1385
1336 1963
1337 1672
1341 1529
1349 1597
1349 1804
1350 1353
1350 1354
1353 1532
1353 1546
1353 1580
1353 1638
1354 1427
1354 1447
1354 1542
1354 1702
1354 1861
1354 1922
1355 1465
1355 1563
1355 1572
1355 1694
1355 1975
1356 1803
1360 1775
1360 1985
1361 1876
1363 1459
1364 1799
1365 1876
1365 1936
1366 1508
1367 1474
1367 1524
1367 1667
1367 1980
1370 1805
1370 1936
1371 1937
1372 1918
1374 1459
1374 1613
1375 1450
1375 1478
1375 1563
1375 1705
1377 1621
1378 1919
1378 1963
1383 1485
1383 1573
1383 1922
1383 1966
1385 1501
1385 1556
1385 1892
1387 1536
1387 1672
1387 1899
1388 1550
1393 1533
1393 1709
1401 1611
1403 1406
1406 1736
1407 1437
1408 1409
1408 1410
1408 1412
1409 1461
1409 1731
1409 1964
1410 1745
1412 1553
1412 1780
1412 1804
1413 1873
1414 1576
1415 1431
1416 1513
1417 1453
1417 1672
1420 1421
1423 1739
1423 1949
1423 1950
1426 1427
1426 1428
1426 1429
1429 1631
1429 1918
1430 1539
1431 1435
1431 1637
1431 1774
1431 1901
1431 1970
1433 1675
1434 1695
1437 1509
1437 1671
1437 1716
1437 1917
1440 1662
1441 1531
1443 1869
1448 1753
1451 1740
1452 1511
1453 1601
1453 1937
1454 1566
1454 1688
1454 1710
1454 1864
1454 1899
1457 1741
1458 1799
1459 1705
1459 1914
1459 1967
1460 1484
1460 1610
1460 1732
1460 1806
1460 1864
1460 1870
1460 1994
1461 1825
1462 1692
1464 1974
1466 1873
1467 1627
1468 1959
1472 1869
1474 1486
1474 1509
1475 1883
1480 1517
1480 1621
1480 1737
1480 1854
1480 1868
1485 1513
1485 1892
1486 1991
1487 1661
1487 1897
1488 1906
1491 1597
1491 1919
1492 1872
1492 1951
1496 1526
1497 1516
1497 1869
1499 1554
1501 1525
1501 1892
1504 1550
1508 1896
1508 1974
1509 1627
1509 1880
1510 1511
1510 1512
1511 1579
1511 1681
1511 1709
1511 1958
1513 1895
1513 1906
1514 1516
1516 1643
1519 1552
1524 1525
1525 1562
1529 1643
1531 1679
1531 1754
1531 1803
1533 1534
1533 1535
1535 1826
1536 1629
1537 1897
1538 1539
1539 1976
1540 1571
1540 1764
1540 1834
1540 1867
1540 1918
1540 1989
1542 1625
1544 1625
1544 1963
1545 1690
1547 1919
1550 1611
1550 1956
1554 1562
1554 1960
1555 1722
1556 1625
1559 1680
1559 1770
1559 1847
1560 1918
1562 1661
1563 1787
1568 1791
1570 1669
1576 1783
1576 1827
1586 1597
1587 1661
1587 1665
1588 1637
1588 1916
1594 1675
1594 1803
1597 1598
1598 1753
1600 1929
1604 1740
1605 1613
1605 1668
1605 1933
1607 1661
1608 1609
1608 1611
1611 1792
1611 1933
1611 1939
1613 1705
1616 1744
1617 1722
1619 1906
1620 1621
1620 1623
1621 1956
1622 1689
1622 1936
1623 1716
1623 1730
1623 1762
1625 1626
1625 1627
1625 1628
1626 1959
1627 1687
1627 1689
1627 1895
1630 1661
1632 1634
1634 1751
1634 1984
1637 1740
1637 1803
1640 1776
1641 1668
1647 1695
1649 1744
1656 1873
1661 1662
1661 1663
1663 1973
1663 1979
1665 1666
1666 1709
1666 1936
1668 1964
1672 1702
1672 1707
1672 1742
1672 1779
1672 1813
1678 1838
1679 1958
1689 1690
1689 1691
1690 1707
1690 1810
1690 1891
1692 1797
1693 1817
1693 1892
1693 1941
1694 1695
1695 1847
1695 1848
1707 1740
1708 1933
1709 1753
1709 1988
1716 1937
1725 1784
1725 1785
1727 1806
1729 1789
1729 1873
1731 1785
1739 1753
1739 1883
1740 1930
1741 1745
1741 1859
1744 1784
1744 1846
1744 1881
1744 1952
1745 1815
1748 1899
1748 1959
1752 1892
1766 1826
1775 1787
1777 1873
1784 1910
1784 1981
1785 1854
1789 1822
1789 1834
1790 1883
1790 1974
1797 1899
1799 1917
1800 1963
1803 1855
1806 1888
1814 1825
1815 1958
1834 1846
1836 1874
1841 1933
1843 1844
1843 1845
1843 1846
1844 1915
1846 1944
1848 1906
1849 1994
1850 1937
1861 1884
1861 1893
1861 1924
1865 1906
1873 1885
1876 1892
1876 1908
1879 1880
1880 1911
1888 1897
1891 1892
1897 1967
1897 1996
1912 1958
1914 1915
1924 1929
1929 1964
1955 1995
1966 1970
