1 243
1 827
2 385
2 1361
2 1661
3 625
4 521
4 1251
4 1918
4 1919
5 789
6 1361
7 1457
10 1390
10 1704
11 789
12 541
12 568
12 586
12 1690
13 160
13 437
13 600
13 910
13 1619
14 398
15 1385
16 199
16 939
16 1927
18 19
18 20
18 21
18 22
18 23
18 24
18 25
18 26
18 27
18 28
18 29
19 1083
20 391
20 421
21 501
22 144
22 378
22 699
23 333
23 501
23 590
24 372
25 99
25 419
25 634
25 655
25 697
25 804
25 939
25 961
25 1129
25 1174
25 1585
25 1976
26 1488
26 1825
27 221
27 305
27 416
27 834
27 1143
27 1436
27 1820
29 1156
29 1330
29 1702
29 1755
29 1945
30 32
30 33
32 37
32 44
32 224
32 286
32 474
32 616
32 1152
32 1237
32 1288
32 1422
32 1460
33 315
33 530
33 895
33 1035
33 1119
33 1229
33 1396
33 1530
34 992
34 1104
35 37
35 42
36 890
37 424
37 960
37 1354
37 1396
37 1582
37 1812
41 1262
42 709
42 888
42 906
42 992
42 1120
42 1492
42 1688
42 1830
42 1876
43 44
43 45
43 46
43 47
43 51
44 108
44 123
44 159
44 234
44 388
44 532
44 570
44 691
44 696
44 806
44 882
44 951
44 1089
44 1177
44 1256
44 1265
44 1572
44 1724
45 296
45 612
45 1104
45 1149
45 1700
45 1953
46 70
46 312
46 546
46 597
46 697
46 844
46 1070
46 1193
46 1321
46 1489
46 1550
46 1835
46 1913
46 1936
46 1938
46 1963
46 1995
47 496
47 504
47 580
47 742
47 974
47 1326
47 1327
47 1328
48 1792
50 51
50 1689
51 110
51 322
51 323
51 324
51 325
51 326
51 327
51 328
51 329
53 126
54 784
54 1004
54 1086
54 1157
55 707
56 360
56 1457
57 678
57 1550
57 1826
58 186
58 1076
58 1315
58 1843
58 1902
59 62
59 68
59 69
60 127
61 307
61 642
62 284
62 326
62 333
62 340
62 479
62 946
62 967
62 990
62 1021
62 1617
62 1783
62 1891
64 1540
64 1672
64 1698
64 1929
65 458
65 1846
65 1921
66 108
66 153
66 1004
67 268
67 1476
68 543
68 816
68 888
68 1055
68 1076
68 1780
68 1962
69 497
69 514
69 640
69 891
69 1276
70 71
70 72
70 73
71 155
71 221
71 227
71 374
71 857
71 958
71 1242
71 1784
71 1848
72 347
72 396
72 586
72 600
72 877
72 953
72 1383
72 1519
72 1685
72 1705
72 1911
72 1913
73 216
73 298
73 577
73 711
73 827
73 916
73 969
73 1126
73 1162
73 1273
73 1639
73 1667
73 1776
73 1785
73 1997
74 1324
74 1390
75 1524
77 127
77 391
77 870
77 1481
77 1550
77 1790
78 79
78 80
78 81
78 82
78 83
78 84
78 85
78 86
79 338
80 1250
80 1861
81 590
81 678
81 1390
81 1695
81 1877
82 1282
82 1573
82 1661
83 393
83 398
83 535
83 567
83 635
83 658
83 1028
83 1085
83 1127
83 1160
83 1186
83 1486
83 1564
83 1857
83 1882
83 1897
83 1971
84 1315
84 1367
85 570
85 1193
85 1262
85 1535
86 1049
87 97
88 452
88 1573
89 544
89 623
89 991
89 1363
89 1516
90 108
90 349
90 427
91 313
92 536
92 992
92 1496
93 315
93 1000
93 1003
93 1004
93 1008
94 333
94 1829
95 953
96 1955
97 685
97 973
97 1129
97 1270
97 1764
97 1946
98 264
99 464
99 907
99 1576
100 108
101 313
101 1625
101 1846
102 571
103 421
103 1363
104 326
104 857
104 1488
105 803
106 1829
107 450
107 452
108 156
108 312
108 391
108 545
108 609
108 885
108 1149
108 1340
108 1919
109 584
110 498
110 1026
111 923
111 939
111 1104
111 1722
112 115
112 121
112 123
113 1250
113 1282
114 166
114 565
115 117
115 298
115 300
115 571
115 675
115 790
115 991
115 1061
115 1377
115 1438
115 1439
116 1003
116 1355
116 1524
117 864
117 1546
118 243
118 700
118 1584
118 1929
119 377
119 461
119 1355
119 1915
120 570
120 660
120 1313
121 168
121 756
121 1511
121 1917
121 1981
122 437
122 700
122 1546
122 1892
123 303
123 913
123 999
123 1062
123 1520
123 1559
123 1560
123 1774
124 590
124 1915
125 126
125 127
125 133
126 151
126 215
126 663
126 1029
126 1273
126 1484
126 1535
126 1747
126 1804
126 1997
127 148
127 318
127 479
127 516
127 562
127 750
127 916
127 1225
127 1249
127 1426
127 1427
127 1451
127 1614
127 1652
127 1745
127 1799
128 376
129 333
129 349
129 1160
131 389
131 813
131 1121
133 161
133 162
133 163
133 164
133 165
133 166
133 167
133 168
134 452
134 1846
135 139
135 140
135 141
136 427
136 706
137 1227
137 1250
137 1486
137 1925
138 159
138 174
139 193
139 656
139 696
139 1166
139 1214
139 1262
139 1610
139 1997
140 222
140 445
140 667
140 746
140 791
140 971
140 1278
140 1460
140 1661
140 1862
141 144
141 219
141 332
141 497
141 922
141 951
141 988
141 1172
141 1431
141 1710
142 590
142 799
142 1004
142 1068
142 1576
143 471
143 1695
144 145
144 146
144 147
144 148
145 1308
145 1519
146 578
146 819
147 1409
148 1596
148 1877
149 153
149 159
149 160
150 1942
151 264
153 168
153 412
153 763
153 845
153 975
153 1540
153 1636
155 1588
156 1942
158 1826
159 567
159 607
159 785
159 791
159 971
159 1134
159 1257
159 1502
159 1683
159 1804
159 1921
160 313
160 416
160 491
160 541
160 623
160 874
160 878
160 885
160 1288
160 1312
160 1332
160 1333
160 1334
161 1113
161 1722
161 1787
163 699
164 471
164 1000
165 1993
166 295
166 505
166 591
166 706
166 750
166 836
166 894
166 973
166 1175
166 1464
166 1516
166 1913
168 313
168 565
168 961
169 170
169 171
169 172
169 173
169 174
169 175
169 176
169 177
171 1361
171 1508
173 1268
173 1745
174 632
174 863
174 910
174 965
174 1050
174 1211
174 1538
174 1581
174 1607
174 1935
175 467
176 1482
178 179
178 180
178 181
178 182
178 183
178 184
178 185
180 977
181 517
181 1892
181 1908
183 326
185 266
185 346
185 363
185 712
185 852
185 1439
185 1531
185 1641
185 1836
186 187
186 188
186 189
186 190
186 191
186 192
186 193
187 897
187 1100
188 419
188 425
188 495
188 496
188 497
188 498
188 499
188 500
188 501
188 502
188 503
188 504
188 505
189 348
189 363
189 735
189 911
189 1132
189 1321
189 1447
190 521
190 789
190 1108
191 819
191 908
191 1100
192 1157
192 1575
192 1799
193 1068
194 199
195 467
195 923
196 376
196 910
196 913
197 367
197 961
198 857
199 775
199 966
199 1249
199 1412
199 1920
199 1921
200 1621
201 557
201 707
201 1535
202 815
203 262
203 700
203 789
203 1793
205 262
206 1350
206 1873
208 1712
209 437
209 798
210 253
210 266
210 1861
211 623
212 1529
212 1955
214 997
214 1104
215 243
215 890
216 819
218 1925
218 1959
220 421
220 554
220 930
220 939
223 727
223 1350
223 1439
226 700
226 1076
226 1496
226 1524
227 662
227 1619
229 1929
232 1068
232 1268
233 243
233 244
234 699
234 700
235 1108
235 1508
236 1051
237 284
238 1826
240 1410
242 751
243 644
243 1077
243 1089
243 1343
243 1651
244 436
244 437
244 489
244 739
244 948
244 1001
244 1361
244 1528
244 1747
244 1768
245 578
246 247
246 248
246 249
246 250
246 251
247 388
247 1540
247 1873
249 1516
249 1625
250 313
250 419
250 507
250 945
250 1093
250 1238
250 1387
250 1388
250 1389
251 621
251 1668
252 253
252 254
252 255
252 256
252 257
252 258
252 259
252 260
253 300
253 309
253 385
253 637
253 702
253 782
253 1104
253 1186
253 1574
253 1603
253 1680
255 672
257 332
257 333
257 334
259 471
259 952
259 1251
259 1877
260 864
261 262
261 264
261 266
262 377
262 511
262 555
262 1244
262 1504
262 1509
262 1618
263 544
263 1793
264 489
264 781
264 1238
264 1407
264 1606
265 952
266 315
266 360
266 430
266 515
266 566
266 950
266 1173
266 1448
266 1506
266 1907
267 544
267 910
267 1437
267 1850
267 1883
268 269
268 270
268 271
268 272
268 273
268 274
268 275
268 276
269 663
269 1025
269 1142
269 1219
269 1238
269 1251
269 1345
269 1838
269 1959
270 1113
270 1668
271 461
272 1262
273 398
274 360
274 536
275 498
275 1191
275 1313
275 1381
275 1510
275 1669
276 544
276 550
277 280
279 1574
280 329
280 380
280 476
280 517
280 576
280 896
280 1506
282 1596
282 1799
283 315
283 378
283 642
284 285
284 286
284 287
284 288
284 289
284 290
284 291
284 292
285 992
285 1355
286 1315
286 1390
287 1190
287 1576
287 1609
288 395
288 1260
290 1799
291 1381
292 1745
294 1943
295 1741
298 813
298 1308
298 1897
299 307
299 313
301 1401
301 1531
302 642
302 696
303 358
303 787
304 544
304 1313
304 1402
304 1787
305 623
305 1309
306 1385
307 308
307 315
307 561
307 679
307 1235
307 1252
308 389
308 544
311 372
312 1531
313 1135
313 1205
313 1522
313 1548
313 1572
313 1729
313 1793
314 315
314 317
315 323
315 423
315 470
315 552
315 698
315 705
315 884
315 1214
315 1364
315 1478
315 1529
315 1631
315 1703
315 1704
316 377
316 452
317 375
317 453
317 516
317 543
317 883
317 1396
317 1511
317 1625
317 1733
317 1768
318 678
319 437
319 538
319 586
319 1367
320 1320
321 819
322 1577
322 1958
326 497
326 662
326 770
326 832
326 1028
326 1437
326 1496
326 1500
326 1616
326 1749
326 1967
327 813
327 815
327 819
328 997
329 744
331 741
332 393
332 458
332 647
332 736
332 986
332 1618
332 1780
333 630
333 703
333 859
333 1286
333 1546
333 1896
334 532
334 745
334 906
334 990
334 1111
334 1443
334 1546
335 534
336 727
336 1619
337 626
338 536
338 869
338 870
338 945
338 1114
338 1129
338 1324
338 1379
338 1485
338 1590
338 1616
338 1632
338 1643
338 1820
338 1842
339 1108
339 1245
340 739
341 1722
342 349
342 354
343 1121
343 1426
344 1577
345 707
345 1554
346 583
346 1308
346 1439
347 625
348 707
348 1161
348 1483
349 644
349 883
349 949
349 1068
349 1115
349 1182
350 388
351 568
351 570
352 659
352 660
352 662
354 406
354 457
354 472
354 1039
354 1091
354 1099
354 1121
354 1208
354 1352
354 1849
354 1948
355 358
355 360
358 510
358 665
358 976
358 1074
358 1250
358 1339
358 1725
358 1839
358 1892
360 375
360 456
360 466
360 469
360 537
360 1354
360 1437
360 1727
360 1759
361 678
362 731
362 1712
363 857
363 1596
363 1846
364 1573
365 367
365 370
365 372
366 626
366 1490
367 427
367 547
367 1160
367 1185
367 1409
367 1503
367 1600
367 1645
367 1792
367 1832
369 991
369 1049
370 714
370 956
370 1725
370 1935
370 1979
372 396
372 615
372 618
372 1225
372 1283
372 1559
372 1566
372 1718
372 1745
373 1793
375 376
375 377
375 378
376 546
376 926
376 1006
376 1067
376 1200
376 1309
377 532
377 976
377 1134
377 1148
377 1161
377 1166
377 1185
377 1728
378 1315
378 1721
380 388
381 672
381 1313
381 1401
383 385
383 388
383 389
383 391
384 808
384 1825
385 556
385 889
385 951
385 1048
385 1207
385 1467
385 1613
385 1738
388 621
388 660
388 1251
388 1286
388 1350
388 1412
388 1449
388 1732
388 1896
388 1957
389 884
389 898
389 1100
389 1117
389 1776
389 1845
390 1625
390 1792
391 536
391 606
391 700
391 827
391 920
391 1000
391 1402
391 1723
391 1852
391 1876
391 1880
391 1891
392 395
392 398
393 1519
394 890
395 503
395 530
395 617
395 786
395 834
395 1330
395 1365
395 1366
395 1367
395 1368
395 1369
396 927
396 930
397 1902
398 543
398 656
398 951
398 1057
398 1223
398 1296
398 1363
398 1398
398 1588
399 496
399 1439
399 1955
401 459
401 1943
402 659
402 832
402 1315
402 1825
404 1705
407 744
407 1880
407 1958
408 589
408 1160
408 1669
409 826
412 725
412 1113
412 1454
413 723
414 415
414 416
414 417
414 418
414 419
414 420
414 421
414 422
414 423
415 923
415 1262
416 939
417 496
417 594
417 1899
419 559
421 496
421 564
421 668
421 839
421 992
421 1005
421 1122
421 1130
421 1315
421 1513
421 1553
421 1829
422 1282
423 1482
423 1745
424 427
424 428
425 427
425 625
425 1308
426 1000
427 472
427 866
427 1004
427 1104
427 1393
427 1443
427 1854
427 1916
428 789
428 814
428 819
428 1023
428 1042
428 1172
428 1489
428 1619
428 1679
428 1805
428 1969
430 731
430 1296
430 1481
432 1588
434 437
435 1275
436 464
437 615
437 834
437 910
437 1065
437 1535
437 1685
437 1902
438 471
439 1554
439 1741
440 1127
441 1205
441 1625
442 1385
445 1103
445 1955
447 498
447 1000
448 458
448 1158
448 1584
449 827
450 583
450 618
450 790
450 850
450 901
450 984
450 1097
451 459
451 1519
452 556
452 926
452 940
452 1263
452 1381
452 1610
453 706
454 536
454 541
454 1089
455 907
455 908
456 458
456 459
456 461
457 658
457 1415
458 510
458 543
458 1093
458 1477
458 1586
458 1806
458 1807
459 859
459 909
459 984
459 1112
459 1250
459 1394
459 1833
459 1849
461 467
461 1261
461 1300
461 1440
461 1441
461 1442
461 1443
461 1444
462 1577
462 1663
464 934
464 1008
464 1068
464 1400
464 1424
464 1545
464 1551
464 1725
464 1905
464 1906
466 1114
467 468
467 469
467 470
467 471
467 472
467 473
467 474
467 475
467 476
467 477
467 478
467 479
468 1385
468 1663
469 1260
469 1363
469 1513
470 662
470 1089
471 511
471 623
471 997
471 1024
471 1025
471 1026
473 973
475 1712
476 1127
476 1437
477 1026
477 1157
479 557
479 1089
479 1606
482 544
482 1282
483 1496
483 1728
484 1741
486 491
487 1390
487 1843
488 517
488 534
488 535
488 536
488 538
489 1439
489 1675
491 863
493 994
493 1619
493 1701
494 1114
494 1958
495 815
495 1192
495 1361
496 702
496 1066
496 1088
496 1181
496 1376
496 1729
497 520
497 798
497 963
497 1214
497 1215
497 1227
497 1641
497 1682
497 1689
497 1703
498 773
498 860
498 861
498 862
498 863
499 1320
499 1454
499 1496
500 1044
500 1066
500 1111
500 1375
500 1380
500 1448
500 1812
501 767
501 769
501 1113
501 1226
501 1480
501 1655
502 1574
503 538
503 789
503 1191
503 1704
504 1367
507 583
507 827
509 1478
510 557
511 1104
511 1669
515 1103
515 1108
515 1439
516 517
516 520
516 521
517 591
517 837
517 930
517 939
517 994
517 1212
517 1314
517 1375
517 1413
517 1414
517 1415
518 1508
520 529
520 698
520 719
520 763
520 946
520 947
520 948
521 537
521 1325
521 1492
521 1803
523 1008
523 1121
523 1296
525 787
527 1256
527 1260
528 1385
529 559
530 1740
531 600
532 1113
532 1260
534 886
534 1501
534 1578
534 1740
534 1864
535 717
535 794
535 811
535 835
535 935
535 1184
535 1210
535 1355
535 1356
535 1357
536 865
536 903
536 910
536 1003
536 1090
536 1209
536 1390
536 1397
536 1508
536 1671
536 1749
536 1786
536 1858
537 1609
538 1161
538 1242
538 1429
538 1585
538 1640
539 540
539 541
539 542
539 543
540 1190
540 1516
540 1524
541 562
541 669
541 699
541 756
541 965
541 1003
541 1165
541 1307
541 1339
541 1356
541 1640
543 1410
543 1496
543 1574
544 632
544 1019
544 1259
544 1740
545 1573
545 1695
548 815
548 1381
548 1689
550 729
550 738
550 941
550 1037
550 1187
550 1308
550 1683
550 1712
550 1780
550 1977
552 554
552 557
552 559
553 1260
553 1588
553 1741
553 1803
553 1927
554 959
554 1299
554 1412
554 1556
554 1724
555 725
555 1584
556 923
556 1439
556 1741
556 1877
556 1942
557 644
557 646
557 670
557 1396
557 1468
557 1897
558 784
559 671
559 1061
559 1316
559 1385
559 1458
559 1470
559 1580
559 1911
560 563
560 565
561 991
561 1227
562 658
562 1160
563 1332
563 1530
563 1656
563 1740
563 1977
564 626
564 1513
564 1883
565 814
565 817
565 868
565 1089
565 1317
565 1335
568 616
568 651
568 962
568 1184
568 1227
568 1282
568 1638
568 1740
568 1850
568 1967
569 829
570 673
570 1171
570 1287
570 1369
570 1501
570 1785
571 572
571 573
571 574
571 575
571 576
571 577
571 578
571 579
574 1606
575 803
578 721
578 1272
578 1681
579 870
579 930
580 583
580 584
580 586
580 589
580 590
580 591
582 1516
583 615
583 652
583 694
583 745
583 763
583 875
583 1029
583 1175
583 1446
583 1483
583 1576
583 1584
583 1641
583 1787
584 774
584 910
584 950
584 1015
584 1016
584 1303
584 1764
585 787
586 616
586 661
586 714
586 731
586 1046
586 1186
586 1313
586 1314
586 1315
586 1316
588 1114
588 1426
589 1085
589 1337
589 1483
590 902
590 925
590 1101
590 1669
591 618
591 821
591 884
591 903
591 905
591 1036
591 1276
591 1609
591 1667
591 1668
591 1669
594 595
594 596
594 597
594 598
594 599
594 600
594 601
594 602
594 603
595 1205
595 1511
596 600
596 973
597 1619
599 1829
600 634
600 671
600 789
600 1555
600 1749
601 867
605 1689
607 1508
607 1622
608 864
608 1689
610 826
610 973
611 789
611 913
611 1663
612 642
613 1090
614 826
615 1576
615 1918
616 621
617 826
617 1880
618 1745
619 741
619 1483
619 1861
620 927
621 1042
621 1380
621 1716
621 1717
621 1718
621 1719
622 1531
623 624
623 625
623 626
623 627
623 628
623 629
623 630
623 631
623 632
624 870
624 1083
624 1793
625 873
625 874
625 875
625 876
626 709
626 1562
626 1890
627 731
627 1121
628 815
628 991
629 1282
629 1663
631 1297
632 808
632 1847
633 1588
634 1508
635 1315
636 1724
637 1733
638 1596
638 1786
642 689
642 944
642 960
642 1083
642 1107
642 1535
642 1857
644 659
644 1741
645 699
645 1161
646 867
648 731
648 1704
649 1282
651 1790
651 1792
652 1437
652 1880
653 658
654 1481
655 1437
656 1350
658 921
658 1018
658 1691
659 775
659 803
659 893
659 1268
659 1315
659 1484
659 1485
659 1486
659 1487
659 1488
659 1489
659 1490
659 1491
659 1492
660 678
660 811
660 834
660 1100
660 1226
660 1425
660 1589
660 1617
660 1621
660 1804
660 1834
660 1867
661 997
661 1274
662 900
662 1069
662 1101
662 1234
662 1602
662 1638
664 665
664 666
664 667
664 668
664 669
664 670
664 671
664 672
664 673
664 674
664 675
665 1941
667 699
667 1861
668 829
668 1705
669 1086
669 1113
669 1114
670 741
670 1929
672 725
672 795
672 1123
672 1176
672 1196
672 1354
672 1554
672 1644
672 1716
673 806
673 991
673 992
673 994
673 997
675 1401
675 1745
675 1921
676 678
677 1426
678 760
678 1063
678 1675
678 1847
680 994
680 1388
682 1883
684 1004
686 1478
687 1535
688 1861
688 1902
690 1100
690 1672
690 1741
690 1792
692 1486
693 696
694 1260
696 832
696 845
696 1023
696 1157
696 1186
696 1191
696 1338
696 1554
696 1571
696 1662
696 1679
696 1865
696 1908
696 1979
697 785
699 794
699 1048
699 1049
699 1050
699 1051
699 1052
699 1053
700 1013
700 1122
700 1186
700 1257
700 1491
701 1320
701 1350
701 1927
702 808
703 1268
704 1086
705 706
705 707
706 714
706 1184
706 1284
706 1853
707 1057
707 1076
707 1170
707 1427
707 1563
707 1613
707 1642
707 1687
707 1853
708 1026
709 789
709 1260
709 1529
709 1805
710 908
712 897
712 1190
714 991
714 1454
714 1490
714 1932
715 1546
715 1588
715 1927
718 723
718 725
719 1076
720 1609
723 772
723 790
723 923
723 1447
723 1940
724 1205
725 1007
725 1059
725 1368
725 1463
726 1539
727 728
727 729
727 730
727 731
727 732
727 733
728 1350
728 1476
728 1478
729 1508
729 1925
731 957
731 969
731 1717
731 1910
731 1932
731 1996
732 923
734 939
734 1627
735 1621
736 1086
737 829
737 857
737 994
738 932
738 1919
739 951
739 1246
739 1333
739 1422
739 1423
739 1424
739 1425
740 908
740 1388
741 742
741 743
741 744
741 745
741 746
741 747
741 748
742 1799
744 799
744 916
744 1005
744 1324
744 1384
744 1631
744 1685
744 1849
744 1877
746 1076
747 784
749 751
750 1621
751 1014
751 1249
751 1636
751 1709
751 1710
751 1711
751 1712
753 1575
754 1090
758 1113
761 1550
765 1941
769 798
770 1104
770 1457
770 1808
771 1921
773 785
774 785
774 1289
775 1627
777 923
777 1381
778 1675
781 784
781 785
782 1510
784 935
784 1160
784 1203
784 1907
784 1939
785 793
785 1132
785 1218
785 1295
785 1736
785 1737
786 787
787 866
787 979
787 1316
787 1349
787 1367
787 1854
789 790
790 813
790 1026
791 798
791 799
792 1308
792 1324
794 991
794 1000
795 1792
796 953
796 1690
796 1850
798 948
798 1014
798 1073
798 1260
798 1394
798 1492
798 1593
799 1081
799 1233
799 1335
799 1379
799 1585
799 1713
799 1714
801 973
801 1363
801 1695
802 1402
803 853
803 946
803 1472
803 1900
804 806
804 808
805 1808
806 883
806 1107
806 1181
806 1334
806 1349
806 1408
806 1412
806 1444
806 1524
806 1565
806 1587
806 1820
806 1873
808 969
808 991
808 1052
808 1579
808 1813
808 1853
808 1915
808 1928
808 1940
809 1049
810 1274
811 1114
811 1622
813 1479
813 1927
815 857
815 866
815 1077
816 1622
816 1847
817 1577
818 1672
818 1825
818 1932
819 1131
819 1319
819 1341
819 1492
819 1649
820 1296
822 1251
822 1274
823 953
825 1486
826 827
826 828
827 907
827 1076
827 1605
827 1658
827 1683
828 1104
829 830
829 831
829 832
829 833
829 834
829 835
830 1308
832 927
832 994
832 1001
832 1039
832 1099
832 1446
832 1499
832 1655
832 1661
832 1729
832 1853
833 1524
833 1712
837 1251
837 1690
837 1799
838 952
838 1003
838 1320
838 1899
840 1724
844 1576
844 1689
845 1260
845 1324
846 1609
847 1388
847 1712
848 857
851 1668
853 953
855 1540
857 891
857 892
857 893
857 894
857 895
857 896
857 897
857 898
859 1661
860 1367
860 1722
861 1919
864 865
864 866
864 867
864 868
864 869
864 870
864 871
864 872
867 957
867 1400
867 1665
867 1691
867 1813
868 1733
869 1409
870 897
870 1060
870 1293
870 1399
870 1794
870 1814
870 1825
871 1157
871 1596
875 1454
875 1701
875 1826
875 1925
877 923
879 1476
880 1127
881 890
885 1958
886 1289
886 1439
887 1297
889 994
889 1401
889 1402
890 1242
890 1574
890 1746
890 1767
890 1807
892 1786
894 1350
894 1457
895 1080
896 1908
897 957
897 958
897 1032
897 1130
897 1372
897 1447
897 1613
897 1887
898 1245
898 1669
902 1695
903 1113
903 1596
903 1959
904 1114
905 1320
905 1324
907 1130
907 1131
907 1132
908 1011
908 1433
908 1437
908 1570
908 1703
908 1930
909 1355
910 1087
910 1210
910 1225
910 1234
910 1274
910 1297
910 1703
911 1454
911 1577
911 1727
911 1728
912 1121
912 1127
912 1705
913 1236
913 1325
913 1589
914 1315
915 1741
916 1401
916 1415
916 1695
917 1584
918 1745
923 935
923 1397
923 1409
923 1563
923 1667
923 1955
927 1538
927 1635
927 1788
929 1090
929 1513
930 1060
930 1314
930 1477
930 1962
931 1727
931 1861
932 933
932 934
932 935
932 936
932 937
932 938
932 939
932 940
932 941
933 1481
936 1941
938 1068
938 1260
938 1289
939 1059
939 1444
939 1526
939 1553
939 1606
941 1919
943 1114
944 1274
944 1880
947 1531
947 1745
948 1100
948 1672
948 1675
949 952
950 1275
950 1544
950 1577
951 1627
952 1016
952 1032
952 1108
952 1109
952 1110
952 1111
953 954
953 955
953 956
953 957
953 958
953 959
954 1902
956 1320
956 1476
956 1805
957 1090
957 1161
957 1550
958 1086
960 961
961 1445
961 1842
961 1874
962 1437
962 1546
963 1282
963 1927
964 1511
965 1192
969 1728
972 1309
972 1363
972 1902
973 1304
973 1462
973 1776
973 1927
973 1985
977 1308
977 1468
977 1842
977 1882
979 1496
980 1740
984 1454
986 1086
988 1108
988 1388
988 1488
988 1847
989 1103
990 1086
991 1092
991 1466
991 1576
991 1698
991 1861
991 1961
992 1152
992 1171
992 1258
992 1900
992 1916
993 1808
994 1126
994 1139
994 1449
994 1533
994 1539
994 1540
994 1541
995 1313
995 1573
997 1093
997 1125
997 1751
997 1992
999 1606
1000 1269
1000 1287
1000 1379
1000 1659
1000 1894
1000 1910
1001 1355
1001 1554
1001 1915
1003 1136
1003 1216
1003 1261
1003 1454
1003 1818
1003 1820
1004 1112
1004 1389
1004 1401
1004 1990
1005 1535
1007 1100
1008 1465
1008 1497
1008 1635
1008 1856
1008 1887
1008 1967
1012 1440
1013 1108
1013 1524
1013 1919
1014 1068
1017 1245
1017 1415
1018 1113
1021 1193
1022 1160
1022 1313
1023 1113
1023 1846
1026 1737
1028 1083
1030 1409
1030 1486
1030 1829
1031 1550
1033 1698
1033 1790
1034 1529
1034 1531
1038 1826
1044 1741
1046 1324
1046 1627
1047 1606
1048 1227
1048 1808
1049 1471
1049 1629
1049 1683
1049 1946
1050 1943
1051 1066
1051 1248
1051 1266
1051 1280
1051 1349
1051 1568
1051 1769
1051 1834
1052 1668
1055 1668
1055 1704
1056 1251
1057 1740
1058 1921
1059 1959
1060 1401
1061 1157
1062 1068
1065 1108
1065 1454
1065 1745
1065 1846
1067 1786
1068 1311
1068 1393
1068 1750
1069 1829
1072 1478
1072 1724
1075 1103
1075 1728
1076 1501
1076 1762
1076 1864
1077 1793
1078 1080
1078 1083
1080 1408
1080 1457
1080 1462
1080 1948
1081 1488
1082 1308
1082 1309
1083 1369
1083 1719
1083 1893
1083 1954
1084 1086
1085 1672
1086 1573
1086 1808
1086 1909
1087 1089
1087 1090
1088 1361
1089 1349
1089 1438
1089 1523
1089 1525
1089 1667
1090 1425
1090 1479
1090 1565
1090 1657
1095 1669
1096 1843
1098 1725
1098 1792
1098 1805
1099 1457
1100 1317
1100 1551
1100 1744
1101 1439
1101 1496
1103 1104
1103 1105
1103 1106
1103 1107
1104 1167
1104 1273
1104 1577
1104 1747
1104 1906
1104 1935
1105 1262
1107 1262
1107 1724
1108 1158
1108 1286
1108 1646
1108 1892
1110 1942
1111 1388
1111 1544
1113 1137
1113 1253
1113 1357
1113 1604
1113 1641
1113 1855
1114 1855
1116 1268
1118 1669
1121 1200
1121 1373
1121 1481
1121 1540
1121 1832
1121 1846
1121 1853
1123 1669
1124 1908
1127 1176
1127 1322
1127 1494
1128 1574
1128 1575
1128 1576
1132 1191
1132 1619
1132 1672
1134 1829
1134 1908
1134 1941
1136 1309
1136 1733
1140 1192
1140 1426
1142 1529
1142 1786
1148 1367
1155 1157
1155 1158
1157 1221
1157 1643
1157 1810
1158 1364
1158 1424
1158 1450
1158 1924
1159 1805
1159 1877
1160 1161
1160 1162
1160 1163
1160 1164
1161 1197
1161 1337
1161 1392
1161 1652
1161 1870
1161 1944
1163 1540
1163 1701
1163 1825
1164 1486
1164 1606
1167 1289
1172 1488
1172 1925
1175 1457
1177 1486
1178 1892
1179 1193
1179 1663
1180 1282
1182 1596
1183 1516
1184 1190
1184 1191
1184 1192
1185 1925
1187 1908
1190 1372
1190 1531
1190 1605
1190 1628
1190 1647
1191 1398
1191 1838
1192 1263
1192 1521
1192 1627
1193 1403
1193 1447
1193 1465
1193 1673
1193 1708
1196 1531
1198 1695
1201 1250
1201 1574
1203 1361
1204 1929
1205 1357
1205 1615
1205 1823
1205 1928
1209 1260
1209 1390
1211 1282
1211 1740
1211 1741
1212 1282
1212 1544
1214 1524
1215 1722
1219 1733
1221 1803
1224 1790
1224 1927
1225 1250
1226 1733
1227 1422
1227 1604
1227 1711
1227 1722
1227 1986
1228 1577
1228 1733
1229 1689
1229 1847
1234 1488
1238 1363
1242 1245
1243 1245
1243 1621
1243 1725
1244 1625
1244 1899
1244 1902
1245 1318
1245 1573
1245 1599
1245 1694
1246 1250
1246 1251
1250 1265
1250 1341
1250 1627
1250 1702
1250 1929
1251 1340
1251 1734
1251 1762
1251 1941
1253 1792
1256 1435
1256 1443
1256 1605
1256 1639
1256 1726
1256 1996
1257 1554
1258 1554
1259 1385
1259 1993
1260 1278
1260 1741
1260 1834
1260 1898
1260 1905
1262 1263
1262 1264
1262 1265
1264 1513
1266 1519
1268 1378
1268 1432
1268 1455
1268 1827
1268 1864
1268 1981
1269 1274
1269 1275
1271 1513
1274 1312
1274 1754
1274 1875
1275 1525
1275 1724
1275 1731
1275 1876
1276 1511
1279 1803
1280 1385
1282 1521
1282 1522
1283 1606
1283 1861
1284 1880
1285 1402
1286 1728
1289 1335
1289 1499
1289 1627
1289 1794
1289 1961
1290 1297
1290 1915
1292 1908
1293 1296
1293 1297
1294 1486
1295 1546
1296 1301
1296 1330
1296 1376
1296 1679
1297 1310
1297 1635
1297 1678
1298 1943
1302 1402
1305 1440
1305 1513
1307 1457
1307 1574
1307 1727
1308 1461
1308 1672
1308 1724
1308 1874
1309 1383
1309 1486
1309 1559
1309 1648
1309 1987
1311 1313
1311 1704
1311 1932
1312 1727
1313 1558
1313 1594
1314 1689
1315 1564
1315 1942
1315 1997
1318 1799
1318 1958
1320 1415
1320 1472
1320 1650
1320 1968
1324 1652
1324 1813
1324 1950
1324 1965
1325 1584
1326 1550
1327 1892
1332 1350
1332 1410
1333 1596
1333 1929
1335 1385
1337 1363
1337 1672
1337 1902
1339 1704
1341 1529
1350 1351
1350 1352
1350 1353
1350 1354
1351 1544
1352 1496
1352 1727
1353 1546
1354 1861
1355 1465
1355 1563
1355 1572
1355 1694
1355 1975
1356 1803
1361 1790
1361 1876
1361 1939
1363 1381
1363 1459
1363 1736
1363 1870
1363 1889
1364 1799
1365 1943
1366 1508
1367 1474
1367 1524
1367 1667
1367 1980
1370 1805
1372 1918
1375 1478
1375 1705
1376 1482
1377 1621
1377 1725
1378 1490
1378 1919
1379 1535
1380 1575
1381 1472
1381 1658
1381 1764
1381 1949
1383 1573
1385 1501
1385 1556
1385 1892
1387 1672
1387 1899
1388 1547
1388 1548
1388 1549
1388 1550
1388 1551
1396 1847
1401 1455
1401 1611
1401 1626
1402 1456
1402 1773
1407 1437
1408 1409
1408 1410
1409 1461
1409 1731
1409 1964
1410 1745
1411 1415
1413 1704
1413 1873
1414 1576
1415 1421
1415 1431
1415 1498
1415 1553
1415 1701
1415 1702
1416 1513
1417 1672
1421 1535
1426 1427
1426 1428
1426 1429
1429 1918
1430 1539
1433 1490
1433 1675
1434 1695
1437 1509
1437 1671
1437 1716
1437 1917
1439 1451
1440 1662
1440 1872
1440 1891
1440 1946
1440 1971
1441 1531
1442 1483
1447 1698
1451 1546
1451 1740
1451 1942
1452 1511
1454 1566
1454 1688
1454 1710
1454 1864
1454 1899
1457 1741
1458 1799
1458 1877
1459 1705
1461 1622
1461 1825
1462 1850
1466 1873
1467 1627
1468 1959
1474 1486
1475 1883
1476 1724
1478 1642
1480 1621
1481 1633
1482 1483
1483 1726
1483 1754
1483 1757
1483 1767
1483 1859
1483 1884
1485 1513
1485 1892
1486 1991
1487 1661
1487 1808
1487 1897
1487 1927
1488 1906
1489 1790
1490 1703
1490 1821
1491 1919
1495 1496
1496 1526
1497 1516
1499 1554
1501 1892
1504 1550
1508 1896
1508 1974
1509 1627
1509 1880
1510 1511
1510 1512
1511 1579
1511 1681
1511 1709
1511 1958
1512 1790
1513 1895
1513 1906
1514 1516
1514 1519
1516 1643
1519 1528
1519 1552
1519 1820
1520 1584
1523 1941
1524 1525
1527 1546
1529 1643
1530 1877
1531 1679
1531 1754
1531 1803
1533 1535
1535 1826
1535 1940
1537 1897
1538 1539
1539 1976
1540 1571
1540 1764
1540 1834
1540 1867
1540 1918
1540 1989
1542 1625
1543 1544
1544 1617
1544 1625
1544 1644
1544 1963
1544 1985
1545 1690
1546 1719
1546 1841
1547 1919
1550 1611
1550 1956
1554 1562
1554 1960
1555 1722
1556 1625
1559 1847
1560 1584
1560 1918
1562 1661
1563 1787
1565 1850
1567 1584
1570 1669
1573 1617
1573 1704
1573 1969
1574 1715
1574 1780
1575 1847
1575 1855
1575 1973
1576 1783
1576 1827
1577 1578
1577 1579
1577 1580
1584 1860
1585 1792
1587 1661
1588 1637
1588 1916
1591 1733
1593 1606
1594 1675
1594 1803
1595 1596
1596 1921
1596 1993
1600 1929
1602 1793
1604 1740
1605 1668
1607 1661
1608 1609
1611 1792
1612 1705
1613 1705
1617 1722
1619 1781
1619 1830
1619 1906
1620 1621
1620 1622
1621 1956
1622 1688
1622 1689
1622 1872
1622 1936
1625 1626
1625 1627
1625 1628
1626 1959
1627 1687
1627 1689
1627 1895
1630 1661
1637 1740
1637 1803
1638 1927
1641 1668
1645 1921
1646 1725
1647 1695
1647 1727
1656 1724
1656 1733
1656 1873
1660 1902
1661 1662
1661 1663
1663 1973
1663 1979
1668 1964
1672 1702
1672 1707
1672 1742
1672 1779
1672 1813
1679 1958
1681 1927
1686 1727
1687 1701
1689 1690
1689 1691
1690 1707
1690 1810
1690 1891
1693 1892
1693 1941
1694 1695
1695 1847
1695 1848
1698 1699
1703 1724
1703 1790
1704 1891
1705 1920
1707 1740
1712 1807
1712 1813
1712 1925
1714 1932
1720 1993
1724 1854
1724 1943
1725 1782
1725 1783
1725 1784
1725 1785
1727 1806
1728 1865
1728 1990
1729 1873
1733 1746
1733 1760
1733 1945
1737 1850
1739 1883
1740 1930
1741 1745
1741 1859
1744 1846
1745 1815
1748 1899
1748 1959
1752 1892
1761 1921
1766 1826
1775 1787
1775 1927
1777 1873
1790 1858
1790 1883
1790 1974
1797 1899
1799 1917
1803 1855
1808 1820
1809 1902
1810 1902
1812 1847
1814 1825
1815 1958
1834 1846
1843 1844
1843 1845
1843 1846
1844 1915
1844 1932
1846 1944
1847 1913
1850 1937
1861 1884
1861 1893
1861 1924
1865 1941
1867 1927
1873 1885
1875 1908
1876 1892
1876 1908
1877 1878
1879 1880
1880 1911
1888 1897
1891 1892
1897 1967
1897 1996
1902 1985
1912 1958
1914 1915
1920 1925
1924 1929
1929 1964
1939 1943
1955 1995
