1 243
1 654
1 827
1 1176
2 385
2 1006
2 1361
3 800
4 521
4 1526
4 1631
4 1918
6 1361
6 1533
6 1545
6 1602
7 238
7 1432
7 1457
7 1753
8 21
8 1431
9 665
10 1390
10 1704
11 1914
12 568
12 1690
12 1947
13 330
16 145
16 199
16 1578
16 1927
17 1784
18 21
18 24
18 28
19 730
20 1480
20 1795
21 180
21 312
21 454
21 501
21 1032
21 1147
21 1154
21 1316
21 1322
23 333
23 501
24 110
24 125
24 180
24 314
24 372
24 426
24 780
24 881
24 1074
24 1200
24 1408
24 1427
24 1428
24 1968
24 1979
26 87
26 1753
26 1825
28 146
28 357
28 418
28 689
28 755
28 868
28 1053
28 1794
28 1979
30 31
30 32
30 33
30 34
31 999
31 1666
32 37
32 44
32 224
32 286
32 474
32 616
32 1152
32 1237
32 1288
32 1422
32 1460
33 315
33 530
35 36
35 37
36 104
36 335
36 478
36 506
36 609
36 890
36 965
36 1509
37 424
37 960
37 1354
37 1396
37 1582
37 1812
39 138
41 1262
43 44
43 45
43 46
43 47
43 48
43 49
43 50
43 51
44 108
44 123
44 159
44 234
44 388
44 532
44 570
44 691
44 696
44 806
44 882
44 951
44 1089
44 1177
44 1256
44 1265
44 1572
44 1724
45 612
45 1700
46 1321
46 1550
48 462
50 1624
51 110
51 322
51 325
51 329
52 53
52 54
52 55
52 56
52 57
52 58
53 126
53 229
54 784
54 1004
54 1086
54 1157
55 587
55 707
56 104
56 180
56 360
56 481
56 971
56 1290
56 1354
56 1457
56 1593
56 1849
57 678
57 1550
57 1826
58 1843
59 62
59 63
59 64
59 68
59 69
61 307
61 642
61 1116
62 284
62 326
62 333
62 340
62 479
62 946
62 967
62 990
62 1021
62 1617
62 1783
62 1891
63 396
63 537
63 754
63 1096
63 1462
63 1611
64 99
64 222
64 426
64 547
64 838
64 843
64 1431
64 1540
64 1672
64 1698
64 1819
64 1929
64 1956
65 1846
65 1914
66 108
66 153
66 1004
66 1428
67 730
68 543
68 816
68 888
68 1055
68 1076
68 1780
68 1962
69 497
69 514
69 640
69 891
69 1276
70 73
71 374
71 857
71 958
71 1784
72 1383
72 1519
72 1705
73 216
73 298
73 577
73 711
73 827
73 916
73 969
73 1126
73 1162
73 1273
73 1639
73 1667
73 1776
73 1785
73 1997
74 245
74 1390
75 1524
77 1550
77 1790
80 1250
81 678
81 795
81 1154
81 1390
82 1282
83 658
83 1127
83 1160
84 1367
84 1768
85 570
85 1262
86 1049
86 1578
87 88
87 89
87 90
87 91
87 92
87 93
87 94
87 95
87 96
87 97
87 98
87 99
88 1222
88 1717
89 544
89 587
89 1516
90 108
90 427
91 110
92 536
92 859
92 1526
93 315
93 489
93 637
93 724
93 1000
93 1001
93 1002
93 1003
93 1004
93 1005
93 1006
93 1007
93 1008
93 1009
93 1010
93 1011
94 333
94 1321
94 1829
95 713
97 973
98 889
98 1352
99 464
99 1576
100 106
100 108
100 110
101 1094
101 1625
101 1634
101 1846
102 1637
104 857
105 1543
106 156
106 236
106 407
106 718
106 722
106 795
106 861
106 900
106 1043
106 1384
106 1702
106 1829
106 1926
107 450
108 156
108 312
108 391
108 545
108 609
108 885
108 1149
108 1340
108 1919
109 128
109 954
110 498
110 686
110 724
110 1026
110 1137
110 1139
110 1635
110 1885
111 1722
112 113
112 114
112 115
112 116
112 117
112 118
112 119
112 120
112 121
112 122
112 123
112 124
113 818
113 1250
113 1282
113 1547
114 166
114 565
115 117
115 298
115 300
115 571
115 675
115 790
115 991
115 1061
115 1377
115 1438
115 1439
116 1003
116 1524
116 1631
117 1546
118 243
118 1584
118 1929
119 461
119 1920
120 570
121 1917
122 1546
122 1700
123 303
123 913
123 999
123 1062
123 1520
123 1559
123 1560
123 1774
124 590
124 868
124 983
124 1527
124 1915
125 126
125 128
125 131
125 133
125 134
126 151
126 215
126 663
126 1029
126 1273
126 1484
126 1535
126 1747
126 1804
126 1997
127 1426
127 1745
128 148
128 192
128 208
128 294
128 376
128 469
128 1605
128 1717
128 1744
129 333
129 1160
129 1288
129 1624
130 925
130 1403
131 182
131 389
131 813
131 1092
131 1121
131 1765
131 1823
132 843
133 161
133 162
133 163
133 164
133 165
133 166
133 167
133 168
134 411
134 452
134 599
134 875
134 915
134 1751
134 1846
135 138
135 139
135 141
135 143
136 368
136 427
136 706
137 979
137 1227
137 1250
137 1925
138 159
138 174
138 1198
138 1449
138 1590
138 1655
139 193
139 656
139 696
139 1166
139 1214
139 1262
139 1610
139 1997
141 144
141 219
141 332
141 497
141 922
141 951
141 988
141 1172
141 1431
141 1710
142 1002
142 1004
142 1576
143 471
143 976
143 1306
143 1428
143 1695
144 145
145 161
145 171
145 291
145 717
145 730
145 903
145 915
145 1303
145 1308
145 1420
145 1432
145 1519
145 1895
146 578
147 415
147 1409
149 153
150 1512
152 1258
153 168
153 412
153 763
153 845
153 975
153 1540
153 1636
154 1176
154 1533
155 1588
156 737
156 1543
156 1769
158 1826
159 1683
159 1804
160 1288
161 581
161 730
161 1113
161 1400
161 1722
161 1787
163 1849
164 1000
166 295
166 505
166 591
166 706
166 750
166 836
166 894
166 973
166 1175
166 1464
166 1516
166 1913
168 565
169 170
169 171
169 172
169 173
169 174
169 175
169 176
169 177
171 1361
171 1508
173 525
173 597
173 736
173 1167
173 1268
173 1321
173 1371
173 1377
173 1679
173 1709
173 1743
173 1744
173 1745
173 1746
175 467
175 1923
176 843
177 1512
178 181
178 185
180 977
180 979
180 981
181 517
181 555
181 1075
181 1333
181 1349
181 1449
181 1662
181 1800
181 1892
181 1908
182 357
182 457
182 954
182 1400
182 1709
185 266
185 346
185 363
185 712
185 852
185 1439
185 1531
185 1641
185 1836
187 897
187 1937
188 498
188 501
189 348
189 1132
189 1321
190 521
190 558
190 843
191 894
191 942
191 1101
192 1157
192 1575
194 199
195 467
195 838
195 925
196 913
197 367
198 322
198 604
198 857
199 775
199 966
199 1249
199 1412
199 1920
199 1921
200 359
200 1621
201 707
202 815
203 1793
206 1189
206 1350
206 1873
208 1188
209 288
209 494
209 824
209 894
210 253
210 266
210 730
210 1449
211 288
212 1529
213 1253
215 243
217 1602
218 348
218 1925
219 523
219 713
219 1258
220 554
220 1101
221 228
221 229
221 232
222 335
223 727
223 1132
223 1350
225 795
226 1431
226 1524
227 457
227 662
227 1383
227 1533
227 1768
228 290
228 737
228 1242
228 1427
228 1433
228 1446
228 1471
228 1800
229 294
229 410
229 1021
229 1196
229 1639
229 1929
232 752
232 944
232 1065
232 1068
232 1268
233 236
233 238
233 242
233 243
233 245
235 1508
235 1709
236 410
236 646
236 871
236 877
236 938
236 1051
236 1120
236 1299
236 1696
236 1748
236 1812
236 1840
236 1841
236 1842
238 290
238 528
238 715
238 776
238 1045
238 1098
238 1746
238 1826
238 1916
240 325
240 1410
242 713
242 751
242 777
242 849
242 1220
242 1595
242 1667
243 644
243 1077
243 1089
243 1343
243 1651
244 489
244 1361
244 1528
244 1747
244 1768
245 291
245 462
245 578
245 934
245 949
245 1140
245 1279
245 1303
245 1391
245 1431
245 1642
246 250
246 251
247 1222
247 1540
247 1611
247 1873
247 1920
249 1516
249 1526
249 1625
250 313
250 419
250 507
250 945
250 1093
250 1238
250 1387
250 1388
250 1389
251 321
251 350
251 365
251 406
251 566
251 608
251 621
251 1047
251 1111
251 1471
251 1518
251 1538
251 1668
251 1707
252 253
252 258
253 300
253 309
253 385
253 637
253 702
253 782
253 1104
253 1186
253 1574
253 1603
253 1680
254 462
254 665
254 795
254 1874
255 672
255 954
256 612
257 330
257 332
257 333
257 334
257 335
258 588
258 631
258 929
258 981
258 1444
258 1613
259 952
259 1769
261 266
263 460
263 544
263 1793
263 1923
264 489
265 892
265 952
266 315
266 360
266 430
266 515
266 566
266 950
266 1173
266 1448
266 1506
266 1907
267 544
267 1437
267 1883
270 523
270 1113
270 1668
271 461
271 1768
272 413
272 654
272 1262
273 975
274 379
274 536
274 1321
274 1640
275 498
275 1510
275 1669
276 544
276 550
277 280
279 1574
280 329
280 380
280 476
280 517
280 576
280 896
280 1506
283 315
283 642
284 287
284 288
285 975
286 1253
286 1390
286 1453
287 486
287 585
287 640
287 838
287 1001
287 1190
287 1221
287 1576
287 1609
287 1828
288 395
288 484
288 670
288 776
288 839
288 983
288 1059
288 1159
288 1168
288 1203
288 1260
288 1272
289 979
290 944
291 1383
292 738
292 1745
294 413
294 1536
294 1943
295 1222
296 604
296 612
298 1308
299 307
301 1874
302 642
302 696
303 787
304 544
304 1787
304 1795
306 1674
307 308
307 315
307 561
307 679
307 1235
307 1252
308 544
309 494
309 523
309 1276
310 1480
311 372
311 1674
312 1512
312 1709
312 1718
313 1205
313 1793
314 315
314 317
315 323
315 423
315 470
315 552
315 698
315 705
315 884
315 1214
315 1364
315 1478
315 1529
315 1631
315 1703
315 1704
316 1082
317 375
317 453
317 516
317 543
317 883
317 1396
317 1511
317 1625
317 1733
317 1768
318 678
318 1432
318 1683
318 1870
319 1367
320 359
320 558
320 1528
321 1116
322 687
322 1279
322 1333
322 1368
322 1376
322 1467
322 1577
322 1604
322 1638
322 1958
323 1784
324 1132
325 652
325 737
325 743
325 1005
325 1030
325 1214
325 1215
325 1216
326 662
326 1437
327 815
327 816
327 818
328 1602
328 1753
329 744
329 980
329 1239
329 1436
329 1634
329 1769
329 1857
329 1970
330 472
330 632
330 812
330 899
330 1088
330 1234
330 1526
330 1785
330 1854
331 1400
331 1526
331 1528
332 393
332 458
332 647
332 736
332 986
332 1618
332 1780
333 630
333 703
333 859
333 1286
333 1546
333 1896
334 532
334 745
334 906
334 990
334 1111
334 1443
334 1546
335 534
335 592
335 838
335 878
335 1300
335 1310
335 1438
335 1464
336 727
336 1874
338 536
339 1479
340 737
340 738
341 1722
342 348
343 466
343 1121
343 1426
344 374
344 954
345 707
346 583
346 1308
348 707
348 1130
348 1161
348 1391
348 1483
348 1495
350 776
350 1002
351 568
351 570
352 587
352 662
354 457
354 1121
354 1352
354 1849
355 357
355 359
357 369
357 581
357 603
357 604
357 665
357 1149
357 1163
357 1248
357 1425
357 1716
358 665
358 1250
359 510
359 513
359 816
359 872
359 1537
359 1762
360 466
360 469
360 1437
361 678
363 857
363 1116
363 1846
365 367
365 368
365 370
365 372
365 374
367 427
367 547
367 1160
367 1185
367 1409
367 1503
367 1600
367 1645
367 1792
367 1832
368 479
368 543
368 605
368 954
368 1467
368 1484
368 1608
368 1765
368 1837
369 1049
370 714
370 956
370 1725
370 1935
370 1979
371 1709
372 396
372 615
372 618
372 1225
372 1283
372 1559
372 1566
372 1718
372 1745
373 522
373 1793
374 797
374 1153
374 1181
374 1209
374 1295
374 1455
374 1611
374 1634
374 1765
375 379
375 381
376 1006
379 905
379 1059
379 1394
379 1442
379 1578
381 672
381 911
381 1313
381 1356
381 1401
381 1423
381 1638
383 385
384 1700
384 1825
384 1920
385 556
385 889
385 951
385 1048
385 1207
385 1467
385 1613
385 1738
386 1258
388 1350
388 1449
390 1362
390 1625
390 1674
391 536
391 827
391 1000
391 1880
393 1519
393 1804
394 962
394 1543
395 530
395 1366
395 1367
398 1296
398 1588
400 1167
400 1849
401 1154
401 1943
402 1825
403 413
404 1705
404 1868
404 1968
407 1880
407 1958
408 776
408 1160
408 1366
408 1428
408 1669
408 1717
408 1747
409 826
410 838
412 725
412 1113
412 1189
412 1428
413 460
413 723
413 1117
413 1209
413 1407
413 1673
414 415
415 548
415 923
415 1262
415 1684
416 1545
417 1899
418 942
418 1006
418 1276
419 1420
419 1773
421 1513
421 1553
421 1829
422 1282
423 1745
424 427
425 427
425 466
425 780
425 1308
426 1000
427 472
427 866
427 1004
427 1104
427 1393
427 1443
427 1854
427 1916
428 1805
429 1449
430 710
430 1296
430 1479
430 1480
431 818
431 972
432 1588
433 1769
434 446
435 889
435 1275
436 462
436 464
436 466
439 1167
440 1127
440 1769
441 1205
441 1625
441 1974
442 469
443 604
443 1795
443 1985
446 516
446 566
446 705
446 717
446 828
446 891
446 969
446 1400
446 1448
447 498
447 1000
447 1453
447 1717
448 1584
448 1586
449 800
449 827
450 583
450 618
450 790
450 850
450 901
450 984
450 1097
451 1519
453 706
453 1827
454 536
454 1089
456 457
456 460
456 461
457 547
457 569
457 658
457 1149
457 1216
457 1415
457 1643
457 1910
458 1586
459 859
459 1250
459 1849
460 598
460 613
460 776
460 800
460 1065
460 1105
460 1159
460 1338
460 1383
460 1565
461 467
461 1261
461 1300
461 1440
461 1441
461 1442
461 1443
461 1444
462 627
462 673
462 1177
462 1405
462 1577
462 1663
462 1674
462 1761
464 934
464 1008
464 1068
464 1400
464 1424
464 1545
464 1551
464 1725
464 1905
464 1906
466 745
466 840
466 1053
466 1114
466 1517
466 1653
466 1665
466 1717
467 468
467 469
467 470
467 471
467 472
467 473
467 474
467 475
467 476
467 477
467 478
467 479
468 1526
468 1663
469 494
469 576
469 837
469 1260
469 1265
469 1363
469 1411
469 1513
469 1637
469 1673
470 662
470 1089
470 1258
471 1026
473 973
474 1966
475 892
475 1974
476 1127
476 1437
477 1026
477 1157
478 838
478 1558
479 954
479 1089
481 494
482 544
482 1282
482 1624
483 1428
484 1768
484 1769
485 1678
486 489
486 494
487 972
487 1390
487 1455
487 1843
488 530
488 536
489 1343
489 1439
489 1581
489 1675
489 1984
490 889
490 956
493 994
493 1701
494 1114
494 1120
494 1272
494 1525
494 1527
494 1958
495 815
495 1192
495 1321
495 1361
495 1528
497 1227
498 773
498 860
498 861
498 862
498 863
501 767
501 769
501 1113
501 1226
501 1480
501 1655
502 1553
502 1574
503 1432
503 1704
504 1189
504 1367
504 1966
505 1558
507 583
507 827
508 780
508 954
510 738
511 942
511 1154
511 1669
516 521
517 591
517 994
517 1415
518 738
518 1508
519 1094
519 1517
521 537
521 1325
521 1492
521 1803
522 523
522 524
522 525
522 526
522 527
522 528
522 529
523 698
523 1008
523 1121
523 1296
523 1462
523 1907
523 1926
525 787
525 1586
526 1631
527 1256
527 1258
530 531
530 556
530 576
530 1522
530 1615
530 1740
531 587
532 1113
533 724
533 1586
534 1578
534 1740
536 865
536 903
536 910
536 1003
536 1090
536 1209
536 1390
536 1397
536 1508
536 1671
536 1749
536 1786
536 1858
538 1640
540 958
540 1190
540 1516
540 1524
541 1003
541 1640
543 956
543 1410
543 1558
543 1574
543 1683
544 632
544 1019
544 1259
544 1740
547 818
548 815
549 818
550 729
550 738
550 941
550 1037
550 1187
550 1308
550 1683
550 1712
550 1780
550 1977
552 554
552 558
553 1588
553 1803
553 1927
554 959
554 1299
554 1412
554 1556
554 1724
555 725
555 1366
555 1584
555 1966
558 784
558 830
558 1097
558 1273
558 1684
560 563
560 565
561 979
561 1227
562 658
562 1160
562 1920
563 1332
563 1530
563 1656
563 1740
563 1977
564 889
564 1513
564 1883
565 814
565 817
565 868
565 1089
565 1317
565 1335
568 616
568 651
568 962
568 1184
568 1227
568 1282
568 1638
568 1740
568 1850
568 1967
569 829
569 1547
570 673
570 1171
570 1287
570 1369
570 1501
570 1785
571 578
574 1602
575 800
575 801
576 1366
577 1420
577 1920
578 721
578 1272
578 1681
579 795
579 1602
580 581
580 583
580 587
580 591
580 593
581 691
581 740
581 1110
581 1384
581 1757
582 989
582 1516
583 615
583 652
583 694
583 745
583 763
583 875
583 1029
583 1175
583 1446
583 1483
583 1576
583 1584
583 1641
583 1787
585 787
587 836
587 837
587 838
587 839
587 840
587 841
588 1426
588 1974
590 925
590 1101
590 1669
591 618
591 821
591 884
591 903
591 905
591 1036
591 1276
591 1609
591 1667
591 1668
591 1669
592 1383
592 1512
592 1634
593 742
593 836
593 1101
593 1152
593 1181
593 1417
593 1424
593 1432
593 1485
593 1601
593 1773
595 1205
595 1773
596 972
596 973
596 975
597 1874
598 1640
599 1154
599 1829
601 867
602 1400
604 638
604 1176
604 1236
604 1470
604 1853
604 1911
604 1914
604 1920
607 713
607 1508
607 1622
607 1795
608 972
608 1011
610 826
610 973
610 981
610 1917
611 913
611 1663
612 642
612 886
612 1115
612 1123
612 1505
612 1783
613 1090
613 1870
614 826
615 1576
615 1918
617 826
617 1880
618 1116
618 1247
618 1745
619 843
621 1717
621 1718
621 1719
622 816
624 1793
627 1121
628 815
629 1282
629 1634
629 1663
629 1795
630 1700
630 1719
631 1247
632 958
632 1847
633 1011
633 1588
634 1508
634 1634
634 1974
636 958
636 1724
637 1733
638 1719
640 776
641 1188
642 689
642 944
642 960
642 1083
642 1107
642 1535
642 1857
645 999
646 867
647 1400
648 1321
648 1704
648 1974
649 1282
650 1449
650 1828
651 1623
651 1719
651 1790
652 958
652 1437
652 1880
653 654
653 658
654 818
654 1481
654 1818
655 1437
656 1350
658 921
658 1018
658 1691
660 678
660 1621
660 1804
661 1274
662 900
662 1069
662 1101
662 1234
662 1602
662 1638
663 1784
664 665
664 672
665 1639
665 1813
665 1941
666 1431
668 829
668 925
668 1705
668 1868
669 1086
669 1113
670 1929
672 725
672 795
672 1123
672 1176
672 1196
672 1354
672 1554
672 1644
672 1716
673 737
673 806
673 989
673 994
673 999
675 1745
676 678
677 942
677 1426
678 760
678 1063
678 1675
678 1847
680 994
680 1176
680 1388
680 1634
682 1883
684 1004
684 1937
686 1545
689 824
690 1558
690 1672
693 696
694 944
695 1132
696 832
696 845
696 1023
696 1157
696 1186
696 1191
696 1338
696 1554
696 1571
696 1662
696 1679
696 1865
696 1908
696 1979
699 1049
701 1350
701 1927
704 1086
704 1642
705 706
705 707
705 710
705 713
706 714
706 1184
706 1284
706 1853
707 1057
707 1076
707 1170
707 1427
707 1563
707 1613
707 1642
707 1687
707 1853
708 1026
709 1364
709 1529
709 1805
710 908
710 1480
710 1570
710 1736
710 1956
712 897
712 1190
713 754
713 775
713 1258
713 1416
713 1417
713 1418
713 1419
714 1920
714 1932
715 1546
715 1588
715 1637
715 1927
718 724
718 725
720 1321
721 942
721 1558
722 801
724 756
724 1205
724 1206
724 1207
724 1208
725 1007
725 1059
725 1368
725 1463
726 1539
727 728
727 729
727 730
727 731
727 732
727 733
728 956
728 962
728 1350
729 1508
729 1925
730 884
730 917
730 972
730 1443
730 1569
730 1750
730 1758
731 1717
731 1932
733 1753
734 1627
734 1678
735 1621
735 1930
736 1086
737 772
737 829
737 857
737 956
737 994
737 1136
737 1408
737 1474
737 1475
738 932
738 1018
738 1087
738 1441
738 1919
740 1388
742 1642
743 780
744 1631
744 1849
746 925
747 784
747 1966
748 1804
749 751
750 1621
750 1769
751 1014
751 1249
751 1636
751 1709
751 1710
751 1711
751 1712
752 776
752 1666
753 1575
754 1090
755 1947
755 1966
758 1113
758 1717
761 780
761 1550
762 1431
762 1578
767 1449
767 1578
768 1874
769 1784
770 1457
770 1808
771 1453
772 776
772 780
773 1586
775 1627
776 868
776 1005
776 1353
776 1379
776 1428
776 1905
776 1937
778 1449
778 1769
780 839
780 960
780 1172
780 1374
780 1526
780 1700
781 784
782 1510
784 935
784 1160
784 1203
784 1907
784 1939
785 1132
786 787
787 866
787 979
787 1316
787 1349
787 1367
787 1854
790 1026
791 795
792 1308
792 1536
793 1276
794 1000
794 1642
795 905
795 1116
795 1586
795 1789
795 1792
796 824
796 1690
797 818
800 855
800 1038
800 1077
800 1570
801 842
801 895
801 915
801 973
801 1052
801 1363
801 1397
801 1695
802 944
804 806
805 1808
806 883
806 1107
806 1181
806 1334
806 1349
806 1408
806 1412
806 1444
806 1524
806 1565
806 1587
806 1820
806 1873
809 1049
810 1274
811 1622
812 1637
813 1479
813 1927
815 857
815 866
815 1077
816 851
816 894
816 1094
816 1209
816 1299
816 1368
816 1622
816 1658
816 1810
816 1847
817 838
817 1383
817 1804
817 1947
818 1117
818 1237
818 1672
818 1678
818 1825
818 1920
818 1932
820 1296
822 1006
822 1274
824 1044
824 1403
824 1449
824 1580
824 1686
824 1687
824 1688
825 1634
826 827
826 828
827 907
827 1076
827 1605
827 1658
827 1683
828 972
829 830
829 831
829 832
829 833
829 834
829 835
830 1308
831 1795
832 994
833 1524
834 1400
835 1517
836 972
836 1753
837 1431
837 1690
837 1914
838 952
838 1003
838 1187
838 1270
838 1307
838 1320
838 1503
838 1547
838 1640
838 1856
838 1870
838 1899
840 1724
840 1870
841 1400
842 843
843 987
843 1641
843 1817
844 1576
845 1547
846 1258
846 1784
847 1388
848 857
848 859
851 1668
852 954
853 975
855 1540
857 891
857 892
857 893
857 894
857 895
857 896
857 897
857 898
858 1920
859 915
859 1617
859 1661
860 1367
860 1722
864 867
865 958
865 1011
866 1642
866 1974
867 957
867 1400
867 1665
867 1691
867 1813
868 1304
868 1733
869 1409
870 897
870 1825
871 1157
875 889
875 1701
875 1826
875 1925
876 1923
879 1248
880 1127
881 889
884 962
884 1432
884 1624
885 1804
885 1958
889 994
889 1401
889 1402
890 1574
892 1337
892 1595
892 1786
892 1946
893 1717
894 948
894 1265
894 1300
894 1350
894 1457
894 1624
894 1680
894 1702
894 1746
894 1784
895 1080
897 957
897 958
897 1032
897 1130
897 1372
897 1447
897 1613
897 1887
898 1669
899 1222
899 1789
901 1683
903 1113
905 1321
907 1132
908 1011
908 1437
908 1930
909 1431
910 1274
912 1121
912 1127
912 1705
913 1236
913 1325
913 1589
916 1415
916 1543
917 981
917 1584
918 1745
920 1674
921 1453
921 1769
923 1409
925 957
925 979
925 1527
925 1581
925 1716
925 1944
929 1090
929 1362
929 1513
931 1403
932 933
932 934
932 935
932 936
932 937
932 938
932 939
932 940
932 941
933 972
933 1248
934 1693
938 1288
939 1526
939 1553
942 943
942 944
942 945
944 1054
944 1274
944 1368
944 1449
944 1451
944 1682
944 1742
944 1880
945 1547
947 1634
947 1745
948 1672
948 1674
949 952
950 1275
951 962
951 1627
951 1683
951 1868
952 1016
952 1032
952 1108
952 1109
952 1110
952 1111
953 954
953 956
953 958
954 986
954 1038
954 1249
954 1252
954 1419
954 1425
954 1504
954 1520
954 1558
954 1578
954 1604
954 1691
954 1902
954 1946
956 1012
956 1218
956 1320
956 1476
956 1735
956 1805
957 1090
957 1550
957 1637
958 1086
958 1294
958 1711
958 1776
958 1998
959 1222
960 962
961 1874
962 1437
962 1546
962 1815
962 1945
963 1282
963 1927
965 1192
967 1768
968 1827
968 1974
970 1536
972 1309
972 1363
972 1587
972 1821
972 1902
973 1304
973 1462
973 1776
973 1927
973 1985
975 1202
975 1707
975 1811
976 1512
977 1308
977 1468
977 1842
977 1882
979 1214
979 1406
979 1413
979 1463
979 1496
980 1740
981 1189
981 1226
981 1283
981 1466
981 1512
981 1662
983 1747
984 1453
984 1455
986 1086
986 1547
988 1388
988 1847
989 1023
989 1103
989 1471
989 1715
989 1920
989 1954
990 1086
991 1576
991 1698
992 1258
993 1808
994 1126
994 1139
994 1449
994 1533
994 1539
994 1540
994 1541
998 1403
998 1640
999 1242
999 1263
999 1444
999 1606
999 1703
1000 1269
1000 1287
1000 1379
1000 1659
1000 1894
1000 1910
1002 1255
1002 1265
1002 1685
1002 1872
1003 1136
1003 1216
1003 1261
1003 1454
1003 1818
1003 1820
1004 1112
1004 1389
1004 1401
1004 1990
1006 1111
1006 1564
1006 1734
1009 1923
1011 1391
1012 1440
1013 1524
1015 1304
1015 1923
1017 1415
1017 1543
1018 1113
1020 1094
1022 1160
1023 1113
1023 1253
1023 1846
1026 1737
1030 1409
1030 1829
1031 1550
1033 1352
1033 1698
1033 1790
1034 1529
1037 1747
1038 1826
1039 1101
1040 1974
1043 1455
1046 1627
1047 1578
1048 1227
1048 1808
1049 1471
1049 1629
1049 1683
1049 1946
1050 1943
1051 1248
1051 1769
1052 1176
1052 1668
1055 1512
1055 1668
1055 1704
1056 1611
1056 1804
1057 1602
1057 1637
1057 1740
1060 1536
1061 1157
1065 1745
1065 1846
1069 1829
1071 1453
1072 1718
1072 1724
1073 1683
1074 1253
1077 1793
1078 1080
1078 1082
1080 1408
1080 1457
1080 1462
1080 1948
1082 1305
1082 1306
1082 1307
1082 1308
1082 1309
1082 1310
1083 1719
1084 1086
1085 1672
1086 1573
1086 1808
1086 1909
1087 1089
1087 1090
1088 1361
1089 1349
1089 1438
1089 1523
1089 1525
1089 1667
1090 1425
1090 1479
1090 1565
1090 1657
1091 1528
1091 1693
1092 1094
1093 1558
1094 1208
1094 1515
1095 1669
1096 1843
1098 1773
1098 1805
1098 1930
1099 1321
1099 1453
1099 1457
1101 1384
1101 1439
1101 1493
1101 1496
1101 1595
1101 1947
1104 1167
1104 1747
1105 1262
1105 1428
1107 1262
1107 1724
1111 1388
1113 1137
1113 1253
1113 1357
1113 1604
1113 1641
1113 1855
1115 1116
1116 1175
1116 1242
1116 1249
1116 1266
1116 1267
1116 1268
1117 1700
1118 1669
1121 1200
1121 1373
1121 1481
1121 1540
1121 1832
1121 1846
1121 1853
1122 1188
1122 1222
1123 1669
1125 1403
1126 1709
1127 1176
1127 1322
1127 1494
1128 1574
1128 1575
1128 1576
1130 1449
1132 1191
1132 1619
1132 1672
1132 1766
1133 1167
1134 1829
1136 1517
1136 1733
1140 1192
1140 1426
1140 1526
1142 1529
1147 1545
1148 1367
1149 1154
1152 1828
1154 1521
1154 1536
1154 1537
1154 1538
1155 1157
1157 1221
1157 1643
1157 1810
1158 1364
1159 1611
1159 1805
1160 1161
1160 1162
1160 1163
1160 1164
1161 1870
1163 1540
1163 1701
1163 1825
1165 1167
1166 1222
1167 1204
1167 1289
1167 1746
1172 1925
1174 1176
1175 1457
1176 1448
1176 1469
1176 1545
1176 1623
1176 1677
1179 1321
1179 1663
1180 1282
1183 1516
1184 1188
1184 1189
1184 1190
1184 1192
1185 1925
1187 1937
1188 1462
1188 1517
1188 1887
1188 1888
1189 1232
1189 1238
1189 1239
1189 1681
1189 1864
1189 1933
1189 1998
1190 1372
1190 1531
1190 1605
1190 1628
1190 1647
1192 1263
1192 1521
1192 1627
1193 1403
1201 1250
1201 1574
1202 1512
1202 1640
1202 1666
1203 1361
1204 1929
1205 1357
1205 1615
1205 1823
1205 1928
1207 1930
1208 1709
1208 1719
1208 1937
1209 1390
1211 1282
1211 1740
1212 1282
1212 1747
1214 1524
1214 1926
1215 1623
1215 1722
1216 1768
1219 1733
1220 1804
1221 1258
1221 1803
1222 1449
1222 1459
1224 1383
1224 1790
1224 1927
1224 1937
1225 1250
1225 1362
1226 1517
1226 1733
1227 1422
1227 1604
1227 1711
1227 1722
1227 1986
1228 1733
1228 1789
1229 1847
1238 1362
1238 1364
1240 1683
1243 1276
1243 1621
1244 1625
1244 1899
1246 1247
1246 1248
1246 1250
1247 1380
1247 1399
1247 1463
1247 1560
1247 1611
1247 1815
1247 1816
1248 1265
1250 1265
1250 1341
1250 1627
1250 1702
1250 1929
1252 1253
1253 1466
1253 1470
1253 1792
1253 1996
1255 1789
1256 1435
1256 1443
1256 1605
1256 1639
1256 1726
1256 1996
1257 1553
1258 1349
1258 1554
1258 1589
1259 1717
1262 1263
1262 1264
1262 1265
1264 1513
1266 1519
1267 1276
1267 1526
1268 1432
1268 1455
1268 1827
1269 1274
1269 1275
1269 1276
1270 1536
1271 1513
1272 1947
1273 1479
1274 1312
1274 1754
1274 1875
1275 1525
1275 1724
1275 1731
1275 1876
1276 1511
1276 1865
1276 1970
1279 1321
1279 1803
1282 1521
1282 1522
1283 1693
1284 1880
1284 1968
1288 1298
1288 1489
1288 1518
1288 1593
1288 1599
1289 1627
1290 1966
1293 1296
1295 1546
1296 1301
1296 1330
1296 1376
1296 1679
1297 1678
1298 1943
1299 1304
1302 1768
1304 1436
1304 1693
1304 1860
1304 1940
1305 1440
1305 1513
1307 1457
1307 1574
1308 1461
1308 1672
1308 1724
1308 1874
1309 1383
1311 1704
1311 1932
1313 1558
1318 1366
1318 1958
1320 1415
1320 1968
1321 1370
1323 1480
1325 1584
1326 1550
1326 1717
1328 1366
1332 1350
1332 1410
1333 1929
1337 1672
1339 1704
1341 1529
1343 1637
1349 1804
1350 1351
1350 1352
1350 1353
1350 1354
1351 1930
1352 1496
1352 1727
1353 1546
1356 1517
1356 1803
1358 1624
1360 1985
1361 1790
1361 1876
1361 1939
1362 1447
1362 1448
1362 1449
1363 1870
1364 1799
1365 1943
1366 1508
1366 1699
1367 1474
1367 1524
1367 1667
1367 1980
1370 1602
1370 1805
1371 1937
1372 1918
1375 1705
1377 1449
1377 1621
1379 1624
1380 1575
1383 1485
1383 1573
1383 1922
1383 1966
1386 1666
1386 1678
1387 1536
1387 1672
1387 1899
1388 1547
1388 1548
1388 1549
1388 1550
1388 1551
1393 1533
1393 1709
1394 1930
1396 1847
1400 1620
1400 1910
1400 1939
1401 1455
1401 1611
1402 1773
1403 1404
1403 1405
1403 1406
1403 1407
1407 1437
1408 1409
1408 1410
1409 1461
1409 1731
1409 1964
1410 1745
1411 1415
1411 1528
1412 1553
1412 1804
1413 1704
1413 1873
1414 1576
1415 1421
1415 1431
1415 1498
1415 1553
1415 1701
1415 1702
1416 1513
1417 1453
1417 1672
1420 1421
1425 1545
1426 1427
1426 1428
1426 1429
1428 1716
1428 1813
1428 1923
1429 1631
1429 1918
1430 1539
1431 1435
1431 1637
1431 1774
1431 1901
1431 1970
1432 1433
1432 1434
1432 1435
1432 1436
1437 1509
1437 1671
1437 1716
1437 1917
1440 1662
1440 1872
1440 1891
1440 1946
1440 1971
1447 1698
1448 1753
1449 1814
1451 1546
1451 1740
1451 1920
1453 1601
1453 1937
1454 1899
1455 1494
1455 1645
1457 1741
1459 1705
1459 1914
1460 1870
1461 1622
1461 1825
1464 1683
1464 1974
1466 1873
1467 1627
1471 1624
1475 1883
1476 1724
1478 1642
1480 1517
1480 1621
1480 1737
1480 1854
1480 1868
1484 1914
1485 1513
1487 1808
1487 1927
1489 1790
1496 1526
1497 1516
1504 1550
1505 1528
1505 1602
1508 1896
1508 1974
1509 1627
1509 1880
1510 1511
1510 1512
1511 1709
1511 1958
1512 1620
1512 1790
1513 1895
1513 1906
1514 1516
1514 1517
1514 1519
1516 1643
1517 1555
1517 1815
1519 1528
1519 1552
1519 1820
1520 1584
1524 1525
1527 1546
1529 1643
1531 1803
1533 1534
1533 1535
1534 1849
1535 1826
1536 1629
1538 1539
1539 1976
1540 1571
1540 1764
1540 1834
1540 1867
1540 1918
1540 1989
1542 1625
1543 1544
1543 1545
1544 1625
1544 1985
1545 1658
1545 1671
1545 1690
1545 1747
1545 1949
1546 1719
1546 1841
1547 1578
1547 1818
1547 1916
1547 1919
1550 1611
1550 1956
1553 1946
1555 1722
1556 1625
1557 1642
1558 1729
1559 1847
1560 1584
1560 1918
1562 1769
1563 1787
1565 1849
1567 1584
1570 1669
1570 1828
1573 1704
1574 1715
1574 1780
1575 1847
1575 1855
1575 1973
1576 1783
1576 1827
1577 1578
1580 1930
1584 1860
1586 1597
1586 1878
1588 1637
1588 1916
1590 1642
1591 1733
1592 1769
1594 1803
1598 1753
1600 1929
1602 1746
1602 1793
1604 1740
1605 1668
1607 1666
1608 1611
1611 1792
1611 1933
1611 1939
1612 1705
1613 1705
1617 1722
1620 1621
1620 1622
1620 1623
1621 1956
1622 1688
1622 1689
1622 1872
1622 1936
1623 1716
1623 1730
1623 1762
1625 1626
1625 1627
1625 1628
1627 1687
1627 1689
1627 1895
1632 1634
1634 1751
1634 1984
1635 1637
1637 1740
1637 1803
1637 1912
1637 1913
1638 1642
1638 1927
1639 1795
1640 1776
1641 1668
1642 1682
1643 1930
1644 1923
1656 1724
1656 1733
1656 1873
1660 1968
1660 1985
1661 1663
1663 1973
1663 1979
1665 1666
1666 1709
1666 1936
1668 1964
1672 1702
1672 1707
1672 1742
1672 1779
1672 1813
1674 1699
1674 1938
1678 1838
1679 1958
1681 1927
1681 1968
1683 1979
1687 1701
1689 1690
1690 1707
1690 1810
1690 1891
1693 1817
1693 1892
1693 1941
1695 1847
1697 1773
1698 1699
1702 1747
1703 1724
1703 1790
1704 1891
1705 1920
1707 1740
1709 1753
1709 1988
1712 1925
1713 1868
1714 1932
1716 1937
1717 1996
1718 1982
1724 1854
1724 1943
1725 1784
1729 1789
1729 1873
1733 1746
1733 1760
1733 1945
1739 1753
1739 1883
1740 1930
1741 1745
1742 1920
1744 1784
1744 1846
1745 1815
1746 1914
1747 1878
1747 1922
1748 1899
1766 1826
1768 1795
1768 1992
1769 1975
1775 1787
1775 1927
1777 1873
1784 1910
1784 1981
1789 1822
1789 1834
1790 1858
1790 1883
1790 1974
1797 1899
1799 1917
1803 1855
1808 1820
1809 1868
1812 1847
1814 1825
1815 1958
1827 1864
1827 1990
1828 1851
1834 1846
1836 1874
1843 1844
1843 1845
1843 1846
1844 1917
1844 1932
1846 1944
1847 1913
1849 1994
1850 1937
1856 1920
1867 1927
1868 1872
1873 1885
1879 1880
1880 1911
1887 1968
1902 1985
1905 1923
1912 1923
1912 1958
1914 1915
1920 1925
1920 1992
1924 1929
1929 1964
1939 1943
1966 1970
