0 17
1 243
1 654
1 827
2 1006
2 1361
2 1661
3 1259
4 1631
4 1918
4 1919
5 789
5 1423
6 1244
6 1361
7 238
7 453
7 1928
8 21
8 1431
9 1830
10 1390
10 1704
10 1933
11 789
13 600
13 910
13 1619
14 398
14 1673
16 199
17 309
17 577
17 722
17 1294
17 1326
17 1784
18 21
18 24
18 26
18 27
19 730
20 421
21 180
21 312
21 454
21 501
21 1032
21 1147
21 1154
21 1316
21 1322
22 144
22 378
22 443
22 1767
23 501
24 110
24 125
24 180
24 314
24 372
24 426
24 780
24 881
24 1074
24 1200
24 1408
24 1427
24 1428
24 1968
24 1979
26 87
26 277
26 1172
26 1488
26 1753
26 1825
27 221
27 305
27 416
27 834
27 1143
27 1436
27 1820
30 33
31 323
31 999
32 37
32 44
33 315
33 530
33 895
33 1035
33 1119
33 1229
33 1396
33 1530
34 1104
34 1928
35 37
37 424
37 960
37 1354
37 1396
37 1582
37 1812
38 384
38 619
39 468
41 1600
42 1120
42 1492
42 1830
43 44
43 47
43 49
44 108
44 123
44 159
44 234
44 388
44 532
44 570
44 691
44 696
44 806
44 882
44 951
44 1089
44 1177
44 1256
44 1265
44 1572
44 1724
45 1104
45 1700
46 546
46 1550
47 496
47 504
47 580
47 742
47 974
47 1326
47 1327
47 1328
48 453
48 1518
49 157
49 364
49 431
49 470
49 849
49 1059
49 1306
49 1515
49 1530
50 1387
51 110
51 323
51 324
51 327
52 53
52 54
52 55
52 56
52 57
52 58
54 543
54 784
54 871
54 1004
54 1086
54 1157
55 587
56 104
56 180
56 360
56 481
56 971
56 1290
56 1354
56 1457
56 1593
56 1849
57 161
57 678
57 1550
57 1826
58 186
58 1076
58 1272
58 1843
58 1902
59 69
61 307
61 642
61 1116
62 284
63 537
63 1611
64 1431
64 1540
64 1672
65 976
65 1846
66 108
66 153
66 1004
67 268
67 730
68 543
68 816
68 1076
69 497
69 514
69 640
69 891
69 1276
70 73
71 1848
72 600
72 953
72 1705
73 216
73 298
73 577
73 711
73 827
73 916
73 969
73 1126
73 1162
73 1273
73 1639
73 1667
73 1776
73 1785
73 1997
74 245
74 1347
74 1390
75 1524
77 870
77 1550
77 1790
78 79
78 80
78 81
78 82
78 83
78 84
78 85
78 86
80 1861
81 678
81 1154
81 1390
81 1695
81 1877
82 1573
82 1661
83 393
83 398
83 535
83 567
83 635
83 658
83 1028
83 1085
83 1127
83 1160
83 1186
83 1486
83 1564
83 1857
83 1882
83 1897
83 1971
84 1354
84 1367
84 1768
85 1673
86 1049
87 88
87 89
87 90
87 91
87 92
87 93
87 94
87 95
87 96
87 97
87 98
87 99
88 1222
88 1573
88 1717
89 443
89 544
89 587
89 599
89 611
89 623
89 950
89 991
89 1111
89 1146
89 1177
89 1291
89 1318
89 1335
89 1363
89 1516
90 108
90 1281
91 110
92 536
92 859
92 1496
93 315
93 489
93 637
93 724
93 1000
93 1001
93 1002
93 1003
93 1004
93 1005
93 1006
93 1007
93 1008
93 1009
93 1010
93 1011
94 624
94 1829
95 713
95 953
97 973
98 889
99 907
99 1576
100 108
100 110
101 1094
101 1846
102 571
103 421
103 1347
106 407
106 722
106 1829
107 450
107 453
108 156
108 312
108 391
108 545
108 609
108 885
108 1149
108 1340
108 1919
109 584
109 1767
110 498
110 686
110 724
110 1026
110 1137
110 1139
110 1635
110 1885
111 1104
111 1722
112 115
112 118
112 120
112 121
112 123
113 818
114 565
115 117
115 298
115 300
115 571
115 675
115 790
115 991
115 1061
115 1377
115 1438
115 1439
116 270
116 1003
116 1355
116 1524
116 1631
117 175
118 205
118 207
118 243
118 308
118 574
118 643
118 700
118 873
118 1584
118 1929
119 377
119 461
119 1355
119 1915
119 1920
120 439
120 470
120 570
120 630
120 660
120 833
120 936
120 1087
120 1235
120 1313
121 168
121 756
121 1511
121 1917
121 1981
122 700
122 1700
122 1892
123 303
123 913
123 999
123 1062
123 1520
123 1559
123 1560
123 1774
124 1915
125 129
125 133
125 134
128 469
128 1717
128 1744
129 226
129 333
129 349
129 687
129 748
129 1012
129 1160
129 1288
129 1624
130 465
130 1403
131 389
131 813
131 1121
133 161
133 162
133 163
133 164
133 165
133 166
133 167
133 168
134 411
134 452
134 599
134 875
134 915
134 1751
134 1846
135 136
135 139
135 140
135 141
136 296
136 368
136 427
136 706
136 1042
136 1567
137 1486
137 1925
139 193
139 656
139 696
139 1166
139 1214
139 1262
139 1610
139 1997
140 222
140 445
140 667
140 746
140 791
140 971
140 1278
140 1460
140 1661
140 1862
141 144
141 219
141 332
141 497
141 922
141 951
141 988
141 1172
141 1431
141 1710
142 902
142 1002
142 1004
142 1576
143 471
143 976
143 1695
144 145
144 146
144 147
144 148
145 161
145 730
145 1308
146 819
146 1120
146 1360
146 1615
147 1409
148 241
148 1877
149 152
149 153
149 157
150 1942
152 158
152 893
152 1095
152 1133
152 1258
152 1597
152 1616
152 1775
152 1948
153 168
153 412
153 763
153 845
153 975
153 1540
153 1636
155 1588
156 737
156 1942
157 171
157 479
157 918
157 1030
157 1045
157 1149
157 1162
157 1715
157 1776
158 1826
159 1683
161 168
161 247
161 341
161 537
161 581
161 730
161 793
161 1113
161 1203
161 1400
161 1722
161 1787
164 471
164 1000
164 1120
165 537
165 1993
166 973
166 1516
168 565
169 170
169 171
169 172
169 173
169 174
169 175
169 176
169 177
171 1146
171 1361
171 1508
173 1167
173 1268
173 1744
174 910
175 234
175 308
175 467
175 516
175 968
175 1079
175 1141
175 1201
175 1345
175 1466
175 1664
175 1923
178 179
178 185
179 384
179 429
179 556
179 639
179 1184
179 1343
179 1735
179 1838
179 1887
180 407
180 977
181 1892
181 1908
182 323
182 1243
182 1400
183 1259
185 266
185 346
185 363
185 712
185 852
185 1439
185 1531
185 1641
185 1836
186 187
186 188
186 189
186 190
186 191
186 192
186 193
187 190
187 897
187 1100
187 1937
188 496
188 497
188 498
188 501
189 348
189 1447
190 447
190 521
190 558
190 789
190 802
190 843
190 1108
190 1110
190 1360
190 1425
190 1779
191 819
191 842
191 1098
191 1100
192 1157
192 1575
194 199
195 467
196 443
196 910
196 913
197 367
199 775
199 966
199 1249
199 1412
199 1920
199 1921
200 359
200 1356
200 1615
200 1621
201 557
202 815
203 700
203 789
205 618
206 1350
206 1873
208 247
209 288
209 1601
210 253
210 266
210 730
210 1861
211 288
212 1529
213 1253
214 1104
215 243
216 819
217 1601
218 348
218 1925
219 713
219 871
219 1258
220 421
220 930
220 1447
221 228
221 231
222 331
223 727
223 1350
226 700
226 1076
226 1431
226 1496
226 1524
227 662
227 1619
227 1768
228 290
228 737
228 1242
228 1427
228 1433
228 1446
228 1471
228 1800
231 567
231 797
231 919
231 931
232 1268
233 238
233 241
233 243
233 245
234 700
235 1108
235 1508
236 871
236 1120
237 284
237 331
238 290
238 528
238 715
238 776
238 1045
238 1098
238 1746
238 1826
238 1916
240 1410
241 407
241 472
241 732
241 763
241 877
241 878
241 879
241 880
242 713
242 751
243 644
243 1077
243 1089
243 1343
243 1651
244 489
244 739
244 1361
244 1768
245 291
245 462
245 578
245 934
245 949
245 1140
245 1279
245 1303
245 1391
245 1431
245 1642
246 247
246 248
246 249
246 250
246 251
247 274
247 285
247 388
247 399
247 666
247 982
247 1183
247 1222
247 1370
247 1540
247 1611
247 1635
247 1691
247 1737
247 1819
247 1872
247 1873
247 1920
247 1996
249 1516
250 1387
250 1388
251 1518
251 1668
252 253
252 254
252 255
252 256
252 257
252 258
252 259
252 260
253 300
253 309
253 385
253 637
253 702
253 782
253 1104
253 1186
253 1574
253 1603
253 1680
254 1874
255 672
255 1600
257 331
257 332
259 471
259 952
259 1877
261 266
262 377
262 1244
263 460
263 544
263 1923
264 489
265 952
266 315
266 360
266 430
266 515
266 566
266 950
266 1173
266 1448
266 1506
266 1907
267 544
267 910
267 1850
267 1883
268 269
268 270
268 271
268 272
268 273
268 274
268 275
268 276
269 1025
270 312
270 523
270 529
270 572
270 1087
270 1113
270 1506
270 1668
270 1905
271 461
271 1768
272 654
273 398
274 536
275 498
275 1191
276 544
276 546
277 283
278 1922
279 1347
279 1574
281 1633
283 315
283 324
283 378
283 633
283 634
283 635
283 636
283 637
283 638
283 639
283 640
283 641
283 642
284 285
284 286
284 287
284 288
284 289
284 290
284 291
284 292
285 1355
286 1253
286 1390
286 1453
287 1190
287 1576
287 1609
288 395
288 484
288 670
288 776
288 839
288 983
288 1059
288 1159
288 1168
288 1203
288 1260
288 1272
289 1673
295 1222
295 1741
298 813
298 1308
298 1897
299 307
300 537
301 1531
301 1869
301 1874
302 642
302 696
302 1060
303 787
304 544
304 1787
304 1983
305 1309
307 308
307 315
307 561
307 679
307 1235
307 1252
308 389
308 544
311 372
312 1531
312 1718
314 315
314 317
315 323
315 423
315 470
315 552
315 698
315 705
315 884
315 1214
315 1364
315 1478
315 1529
315 1631
315 1703
315 1704
316 377
316 1933
317 375
317 453
317 516
317 543
317 883
317 1396
317 1511
317 1625
317 1733
317 1768
318 678
318 1683
318 1870
319 538
319 1367
319 1597
320 359
321 819
321 1116
322 1577
323 747
323 1226
323 1784
323 1898
324 448
324 705
324 885
324 1132
324 1957
325 652
325 737
326 497
326 662
326 832
326 1496
327 393
327 767
327 811
327 812
327 813
327 814
327 815
327 816
327 817
327 818
327 819
327 820
331 490
331 741
331 1283
331 1400
331 1526
331 1527
331 1528
332 393
332 458
332 647
332 736
332 986
332 1618
332 1780
333 859
334 745
336 727
336 1619
336 1848
336 1874
337 928
338 536
338 870
338 1114
339 1108
340 737
340 739
341 453
341 1722
342 348
342 354
343 466
343 627
343 928
343 1121
344 1447
344 1577
345 1869
346 1308
346 1664
348 707
348 1130
348 1161
348 1391
348 1483
348 1495
350 776
350 1002
352 587
352 662
354 406
354 457
354 472
354 1039
354 1091
354 1099
354 1121
354 1208
354 1352
354 1849
354 1948
355 359
356 1673
357 581
358 976
358 1725
358 1892
359 510
359 513
359 816
359 872
359 1537
359 1762
360 466
360 469
360 537
360 1354
360 1727
361 678
362 1597
363 1116
363 1846
364 1573
365 367
365 368
365 372
366 1423
367 427
367 547
367 1160
367 1185
367 1409
367 1503
367 1600
367 1645
367 1792
367 1832
368 479
368 543
368 605
368 954
368 1467
368 1484
368 1608
368 1765
368 1837
369 627
369 991
369 1049
369 1098
370 956
370 1725
371 1615
372 396
372 615
372 618
372 1225
372 1283
372 1559
372 1566
372 1718
372 1745
374 1611
375 377
375 378
376 546
376 1006
376 1309
377 532
377 976
377 1134
377 1148
377 1161
377 1166
377 1185
377 1728
378 1315
378 1721
381 672
381 1356
381 1423
383 384
383 389
384 474
384 616
384 808
384 915
384 1017
384 1041
384 1178
384 1183
384 1339
384 1423
384 1700
384 1751
384 1825
384 1920
384 1972
385 556
385 889
386 1244
386 1258
387 830
388 1350
389 884
389 898
389 1100
389 1117
389 1776
389 1845
390 1060
390 1362
391 536
391 700
391 827
391 1000
392 395
392 398
395 503
395 530
395 617
395 786
395 834
395 1330
395 1365
395 1366
395 1367
395 1368
395 1369
396 927
396 928
396 930
396 931
397 1744
397 1902
398 543
398 656
398 951
398 1057
398 1223
398 1296
398 1363
398 1398
398 1588
399 496
399 1730
400 465
400 745
400 1167
401 1154
402 832
403 407
404 435
404 1705
404 1968
405 722
407 733
407 744
407 1414
407 1447
407 1487
407 1648
407 1880
407 1958
408 470
408 776
408 1160
408 1717
409 826
410 1924
412 725
412 1113
412 1454
413 460
413 723
413 1673
414 415
414 416
414 417
414 418
414 419
414 420
414 421
414 422
414 423
417 496
417 594
418 1006
418 1060
418 1869
419 1773
421 496
421 564
421 668
421 839
421 992
421 1005
421 1122
421 1130
421 1315
421 1513
421 1553
421 1829
422 465
423 1869
424 428
425 466
425 1308
426 1000
426 1767
427 1004
427 1104
428 789
428 814
428 819
428 1023
428 1042
428 1172
428 1489
428 1619
428 1679
428 1805
428 1969
430 1296
431 818
432 1588
433 1664
434 435
434 443
434 446
435 552
435 889
435 1033
435 1039
435 1244
435 1275
435 1354
435 1474
435 1677
435 1734
435 1748
435 1879
436 465
436 466
437 834
437 910
437 1902
438 471
438 976
438 1098
439 1167
439 1741
440 1127
442 469
443 604
443 1200
443 1527
443 1795
443 1985
446 516
446 566
446 705
446 717
446 828
446 891
446 969
446 1400
446 1448
447 498
447 1000
447 1453
447 1710
447 1717
448 1584
449 827
450 583
450 618
450 790
450 850
450 901
450 984
450 1097
452 556
453 683
453 706
453 1294
453 1648
453 1827
453 1835
453 1863
453 1864
453 1865
454 536
454 936
454 1089
454 1692
455 722
455 902
455 907
456 460
456 461
457 658
458 543
458 1807
459 859
460 598
460 613
460 776
460 800
460 1065
460 1105
460 1159
460 1338
460 1383
460 1565
461 467
461 1261
461 1300
461 1440
461 1441
461 1442
461 1443
461 1444
462 627
462 1577
464 1008
464 1400
464 1725
465 551
465 747
465 906
465 1600
465 1903
466 745
466 840
466 1053
466 1114
466 1517
466 1653
466 1665
466 1717
467 468
467 469
467 470
467 471
467 472
467 473
467 474
467 475
467 476
467 477
467 478
467 479
468 1385
468 1526
468 1663
469 494
469 576
469 837
469 1260
469 1265
469 1363
469 1411
469 1513
469 1637
469 1673
470 577
470 628
470 662
470 743
470 757
470 846
470 1074
470 1089
470 1202
470 1258
470 1347
470 1518
470 1591
470 1807
471 511
471 623
471 997
471 1024
471 1025
471 1026
473 973
476 1127
477 1157
477 1633
478 931
478 1558
479 557
479 1089
481 624
482 544
483 1496
483 1728
484 1741
484 1768
485 1678
486 489
487 1390
487 1843
488 535
488 536
488 537
488 538
489 1343
489 1439
489 1581
489 1675
489 1984
490 889
490 956
493 1619
494 1114
494 1120
494 1272
495 815
495 1361
496 702
496 1066
496 1088
496 1181
496 1376
496 1729
497 520
497 798
497 963
497 1214
497 1215
497 1227
497 1641
497 1682
497 1689
497 1703
498 773
498 860
498 861
498 862
498 863
499 1454
499 1496
501 767
501 769
501 1113
501 1226
501 1480
501 1655
502 1553
502 1574
503 538
503 789
503 1191
503 1704
504 1243
504 1367
505 1558
505 1822
507 827
509 1478
510 557
511 842
511 1104
511 1154
515 1033
515 1108
516 520
517 930
518 618
518 1508
519 1094
520 529
520 698
520 719
520 763
520 946
520 947
520 948
521 537
521 1492
523 1008
523 1121
523 1296
525 787
526 1631
527 1256
527 1258
527 1259
528 1447
530 556
530 1615
531 587
531 600
532 1113
532 1673
533 724
535 717
535 794
535 811
535 835
535 935
535 1184
535 1210
535 1355
535 1356
535 1357
536 865
536 903
536 910
536 1003
536 1090
536 1209
536 1390
536 1397
536 1508
536 1671
536 1749
536 1786
536 1858
537 1204
537 1340
537 1609
537 1964
538 1161
538 1242
538 1429
538 1585
538 1640
539 540
539 541
539 542
539 543
540 1190
540 1516
540 1524
540 1570
541 1003
541 1356
543 956
543 1039
543 1354
543 1396
543 1410
543 1496
543 1558
543 1574
543 1683
543 1684
544 632
544 1019
544 1259
544 1740
545 1573
545 1695
545 1924
546 941
546 1133
546 1146
546 1156
546 1739
546 1754
546 1953
547 818
548 815
549 818
550 1308
550 1683
551 936
552 556
552 557
553 1588
553 1741
555 725
555 1584
556 883
556 923
556 1299
556 1369
556 1439
556 1692
556 1741
556 1877
556 1942
557 644
557 646
557 670
557 1396
557 1468
557 1897
558 784
558 830
560 565
561 991
561 1060
562 658
562 830
562 1160
562 1920
564 889
564 1513
564 1883
565 814
565 817
565 868
565 1089
565 1317
565 1335
568 1850
570 1287
571 572
571 573
571 574
571 575
571 576
571 577
571 578
571 579
575 801
576 995
577 1920
578 1272
579 870
579 930
580 581
580 584
580 587
581 691
581 740
581 1110
581 1384
581 1757
582 989
582 1516
583 652
583 745
583 1576
583 1584
583 1787
584 774
584 910
584 950
584 1015
584 1016
584 1303
584 1764
585 787
587 836
587 837
587 838
587 839
587 840
587 841
588 1114
590 902
591 618
591 1609
591 1668
593 1601
593 1773
594 595
594 596
594 597
594 598
594 599
594 600
594 601
594 602
594 603
595 1511
595 1773
596 600
596 973
596 976
597 1619
597 1874
598 1730
599 1154
599 1829
600 634
600 671
600 789
600 1555
600 1749
601 867
602 1400
604 1920
605 1664
606 722
606 1259
607 713
607 1508
607 1622
608 1011
610 826
610 973
610 1318
611 789
611 913
611 1107
612 642
613 1090
613 1710
613 1870
614 826
615 1418
615 1576
615 1918
616 618
616 619
617 826
618 1085
618 1116
618 1247
618 1445
618 1703
618 1730
618 1745
618 1746
618 1810
619 663
619 741
619 843
619 1021
619 1040
619 1337
619 1483
619 1861
620 927
621 1717
621 1718
622 816
622 1098
622 1281
622 1531
623 624
623 627
624 870
624 1058
624 1083
624 1112
624 1793
627 731
627 736
627 1120
627 1121
627 1122
627 1123
627 1124
627 1125
628 815
628 991
630 1700
632 808
632 1847
633 1011
633 1588
634 1508
634 1615
637 1733
638 1423
638 1786
640 776
640 931
642 689
642 944
642 960
642 1083
642 1107
642 1535
642 1857
643 652
644 1741
645 999
645 1161
646 867
646 1615
646 1830
647 1400
648 1704
651 1387
651 1790
652 958
652 1174
652 1238
652 1354
652 1437
652 1880
653 654
653 658
654 818
654 1481
654 1818
655 931
656 1350
658 921
658 1018
658 1691
659 1268
659 1486
659 1492
660 678
660 834
660 1100
660 1621
661 1274
662 900
662 1069
662 1101
662 1234
662 1602
662 1638
664 665
664 666
664 667
664 668
664 669
664 670
664 671
664 672
664 673
664 674
664 675
665 1941
666 1431
666 1692
666 1822
667 1861
667 1928
668 1705
669 1086
669 1113
669 1114
670 1259
671 1673
672 725
672 795
672 1123
672 1176
672 1196
672 1354
672 1554
672 1644
672 1716
673 737
673 989
673 991
673 995
673 999
675 1244
676 678
678 760
678 1063
678 1675
678 1847
680 1388
680 1472
682 1883
683 936
684 1004
684 1937
686 1478
688 1360
688 1861
688 1902
690 1100
690 1281
690 1558
690 1672
690 1741
691 1744
692 1486
692 1848
693 696
696 832
696 845
696 1023
696 1157
696 1186
696 1191
696 1338
696 1554
696 1571
696 1662
696 1679
696 1865
696 1908
696 1979
699 1049
700 1013
700 1122
700 1186
700 1257
700 1491
701 1060
701 1350
702 808
703 1268
704 1086
705 713
707 1076
709 789
709 1364
709 1529
710 1570
711 1447
712 897
712 1190
713 754
713 775
713 1258
713 1416
713 1417
713 1418
713 1419
714 991
714 1454
714 1920
714 1932
715 1588
718 722
718 723
718 724
718 725
719 1076
719 1287
720 1609
721 1558
722 801
722 811
722 1057
722 1351
722 1757
722 1903
723 772
723 790
723 923
723 1447
723 1940
724 756
724 1205
724 1206
724 1207
724 1208
725 1007
725 1059
725 1368
725 1463
727 728
727 729
727 730
727 731
727 732
727 733
728 956
728 1350
728 1478
729 1347
729 1508
729 1925
730 884
730 917
730 972
730 1443
730 1569
730 1750
730 1758
731 1717
731 1932
732 1597
734 1678
735 1621
735 1930
735 1933
736 1086
737 772
737 829
737 857
737 956
737 994
737 1136
737 1408
737 1474
737 1475
738 932
738 1919
739 951
739 1246
739 1333
739 1422
739 1423
739 1424
739 1425
740 1388
740 1418
741 745
742 1120
744 1631
744 1877
745 950
745 1221
745 1469
746 1076
747 784
749 751
750 1621
751 1014
751 1249
751 1636
751 1709
751 1710
751 1711
751 1712
752 776
752 1633
752 1730
753 1575
754 1090
758 1113
758 1717
760 1472
761 1550
762 1431
765 1941
767 976
768 1874
769 1033
770 1104
770 1808
771 1453
772 776
776 868
776 1005
776 1353
776 1379
776 1428
776 1905
776 1937
778 1418
778 1492
778 1922
779 1360
780 1700
781 784
784 935
784 1160
784 1203
784 1907
784 1939
786 787
787 866
787 979
787 1316
787 1349
787 1367
787 1854
789 790
790 813
792 1308
794 991
794 1000
795 1116
795 1789
796 953
796 1850
797 818
797 1025
797 1830
798 1492
800 1570
801 842
801 895
801 915
801 973
801 1052
801 1363
801 1397
801 1695
803 1472
804 808
805 1808
806 1107
806 1524
806 1873
808 969
808 991
808 1052
808 1579
808 1813
808 1853
808 1915
808 1928
808 1940
809 1049
810 1274
811 1114
811 1622
813 1479
813 1927
814 1272
814 1601
815 857
815 866
815 1077
816 851
816 894
816 1094
816 1209
816 1299
816 1368
816 1622
816 1658
816 1810
816 1847
817 1146
817 1577
818 1117
818 1237
818 1672
818 1678
818 1825
818 1920
818 1932
819 1131
819 1319
819 1341
819 1492
819 1649
820 1296
820 1418
821 1848
822 1006
822 1274
823 953
824 1403
825 1486
826 827
826 828
827 907
827 1076
827 1605
827 1658
827 1683
828 1104
829 830
829 832
829 834
829 835
830 982
830 1308
830 1348
830 1349
832 927
832 994
832 1001
832 1039
832 1099
832 1446
832 1499
832 1655
832 1661
832 1729
832 1853
833 1524
834 948
834 1087
834 1342
834 1397
834 1398
834 1399
834 1400
835 948
835 1118
835 1199
835 1517
835 1945
837 1431
837 1983
838 952
838 1003
838 1870
840 1870
841 1400
842 843
842 844
842 845
842 846
842 847
844 1576
845 1098
846 1258
846 1609
847 1354
847 1388
848 859
851 1668
853 953
855 1272
855 1540
857 897
858 902
858 1920
859 915
859 1617
859 1661
860 1367
860 1722
861 1919
862 1146
864 867
864 870
864 871
865 1011
865 1744
865 1767
867 957
867 1400
867 1665
867 1691
867 1813
868 1733
869 1409
870 897
870 1060
870 1293
870 1399
870 1794
870 1814
870 1825
871 883
871 1157
871 1203
871 1596
875 889
875 1454
875 1826
875 1925
876 1744
876 1923
880 1127
881 889
889 994
889 1401
889 1402
890 1574
890 1767
890 1807
891 1673
892 1786
893 1418
893 1717
894 1350
896 1908
897 957
897 958
897 1032
897 1130
897 1372
897 1447
897 1613
897 1887
899 1222
899 1789
901 1683
902 1174
902 1218
902 1695
903 1113
904 1114
907 1130
907 1131
907 1132
908 1011
908 1570
908 1930
909 1355
909 1431
910 1087
910 1210
910 1225
910 1234
910 1274
910 1297
910 1703
911 1454
911 1577
911 1727
911 1728
911 1730
912 1121
912 1127
912 1705
913 1236
913 1325
913 1589
915 1570
915 1600
915 1741
916 1695
917 1584
921 1453
923 1409
927 1538
927 1635
927 1788
928 1098
928 1325
928 1831
929 1090
929 1362
929 1513
930 1060
930 1314
930 1477
930 1962
931 1126
931 1237
931 1403
931 1570
931 1671
931 1727
931 1762
931 1861
931 1862
932 933
932 934
932 935
932 936
932 937
932 938
932 939
932 940
932 941
936 1565
936 1822
936 1900
936 1938
936 1941
938 1287
939 1553
940 1025
941 1919
943 1114
944 1274
947 1531
948 1100
948 1672
948 1673
949 952
950 1275
950 1577
950 1664
951 1683
951 1822
952 1016
952 1032
952 1108
952 1109
952 1110
952 1111
953 954
953 955
953 956
953 957
953 958
953 959
954 1558
954 1902
956 1012
956 1218
956 1320
956 1476
956 1735
956 1805
957 1090
957 1161
957 1550
958 1086
959 1222
961 1874
964 1511
965 1928
967 1768
969 1728
972 1309
972 1902
973 1304
973 1462
973 1776
973 1927
973 1985
976 1512
976 1599
977 1308
977 1468
977 1842
977 1882
979 1496
980 1830
983 1615
984 1453
984 1454
986 1086
988 1108
988 1388
988 1847
989 1023
989 1103
989 1471
989 1715
989 1920
989 1954
990 1086
990 1259
991 1092
991 1466
991 1576
991 1698
991 1861
991 1961
992 1258
993 1808
994 1540
995 1123
995 1313
995 1572
995 1573
998 1403
999 1242
999 1263
999 1444
999 1606
999 1703
1000 1269
1000 1287
1000 1379
1000 1659
1000 1894
1000 1910
1001 1355
1001 1600
1001 1915
1002 1255
1002 1265
1002 1685
1002 1872
1003 1136
1003 1216
1003 1261
1003 1454
1003 1818
1003 1820
1004 1112
1004 1389
1004 1401
1004 1990
1006 1111
1006 1564
1006 1734
1007 1100
1008 1465
1008 1497
1008 1635
1008 1856
1008 1887
1008 1967
1009 1923
1011 1391
1012 1440
1013 1108
1013 1524
1013 1919
1015 1922
1015 1923
1018 1113
1019 1318
1020 1094
1022 1160
1023 1113
1023 1253
1023 1846
1025 1164
1025 1373
1025 1374
1025 1375
1025 1376
1025 1377
1025 1378
1027 1033
1030 1409
1030 1486
1030 1829
1031 1550
1031 1664
1033 1254
1033 1286
1033 1352
1033 1451
1033 1698
1033 1790
1034 1354
1034 1529
1034 1531
1038 1664
1038 1826
1042 1281
1044 1741
1047 1060
1048 1808
1049 1471
1049 1629
1049 1683
1049 1946
1052 1668
1055 1668
1055 1704
1055 1744
1056 1611
1060 1085
1060 1394
1060 1401
1060 1536
1061 1157
1061 1807
1065 1108
1065 1347
1065 1454
1065 1846
1067 1786
1069 1829
1071 1453
1072 1478
1072 1718
1073 1683
1074 1253
1074 1354
1075 1601
1075 1728
1076 1501
1076 1762
1076 1864
1082 1308
1082 1309
1084 1086
1085 1672
1086 1573
1086 1808
1086 1909
1087 1089
1087 1090
1088 1360
1088 1361
1089 1349
1089 1438
1089 1523
1089 1525
1089 1667
1090 1425
1090 1479
1090 1565
1090 1657
1091 1692
1092 1094
1093 1558
1093 1730
1094 1208
1094 1515
1095 1633
1096 1843
1097 1600
1098 1155
1098 1613
1098 1711
1098 1725
1098 1773
1098 1792
1098 1805
1098 1930
1099 1453
1099 1822
1100 1317
1100 1551
1100 1744
1101 1496
1103 1104
1103 1107
1104 1167
1104 1273
1104 1577
1104 1747
1104 1906
1104 1935
1107 1262
1107 1281
1107 1293
1107 1314
1107 1445
1107 1459
1107 1506
1107 1643
1107 1724
1107 1869
1108 1158
1108 1286
1108 1646
1108 1892
1110 1942
1111 1388
1113 1137
1113 1253
1113 1357
1113 1604
1113 1641
1113 1855
1114 1855
1115 1116
1116 1175
1116 1242
1116 1249
1116 1266
1116 1267
1116 1268
1117 1700
1120 1896
1120 1957
1121 1200
1121 1373
1121 1481
1121 1540
1121 1832
1121 1846
1121 1853
1122 1222
1124 1908
1125 1403
1125 1830
1127 1176
1127 1322
1127 1494
1128 1574
1128 1575
1128 1576
1130 1281
1131 1615
1132 1191
1132 1619
1132 1672
1133 1167
1134 1829
1134 1908
1134 1941
1136 1309
1136 1733
1140 1597
1142 1529
1142 1786
1145 1146
1146 1475
1146 1691
1146 1767
1146 1872
1146 1946
1147 1600
1148 1367
1149 1154
1154 1521
1154 1536
1154 1537
1154 1538
1155 1157
1157 1221
1157 1643
1157 1810
1158 1364
1158 1924
1159 1611
1159 1877
1160 1161
1160 1162
1160 1163
1160 1164
1161 1197
1161 1337
1161 1392
1161 1652
1161 1870
1161 1944
1163 1540
1164 1486
1164 1767
1165 1167
1166 1222
1167 1204
1167 1289
1167 1746
1168 1360
1172 1925
1173 1924
1177 1486
1177 1730
1178 1892
1183 1516
1184 1190
1184 1191
1185 1925
1187 1908
1187 1937
1189 1933
1190 1372
1190 1531
1190 1605
1190 1628
1190 1647
1191 1398
1191 1838
1193 1403
1193 1447
1193 1673
1196 1531
1198 1695
1201 1574
1203 1361
1205 1615
1205 1928
1207 1930
1208 1937
1209 1390
1210 1492
1211 1741
1214 1524
1215 1722
1215 1822
1216 1768
1219 1733
1221 1258
1221 1692
1222 1449
1222 1459
1224 1790
1224 1937
1225 1362
1226 1733
1227 1722
1228 1577
1228 1733
1228 1789
1229 1847
1231 1928
1233 1244
1238 1362
1238 1364
1240 1447
1240 1683
1242 1243
1242 1244
1243 1245
1243 1276
1243 1336
1243 1504
1243 1621
1243 1725
1243 1811
1244 1625
1244 1635
1244 1684
1244 1788
1244 1899
1244 1902
1245 1318
1245 1573
1247 1611
1251 1941
1252 1253
1253 1466
1253 1470
1253 1792
1253 1996
1255 1789
1256 1435
1256 1443
1256 1605
1256 1639
1256 1726
1256 1996
1257 1553
1258 1349
1258 1554
1258 1589
1259 1307
1259 1385
1259 1615
1259 1652
1259 1717
1259 1993
1260 1741
1261 1807
1261 1869
1264 1513
1268 1378
1268 1432
1268 1455
1268 1827
1268 1864
1268 1981
1269 1272
1269 1274
1269 1275
1271 1513
1272 1947
1274 1312
1274 1754
1274 1875
1275 1525
1275 1724
1275 1731
1275 1876
1276 1511
1278 1281
1281 1569
1281 1641
1283 1861
1284 1968
1286 1728
1287 1694
1288 1518
1290 1915
1292 1908
1293 1296
1294 1486
1296 1301
1296 1330
1296 1376
1296 1679
1297 1678
1300 1922
1302 1768
1303 1423
1305 1440
1305 1513
1307 1574
1307 1727
1308 1461
1308 1672
1308 1724
1308 1874
1309 1383
1309 1486
1309 1559
1309 1648
1309 1987
1311 1704
1311 1710
1311 1932
1312 1710
1312 1727
1313 1558
1315 1942
1317 1318
1318 1349
1318 1366
1318 1374
1318 1680
1318 1799
1318 1958
1320 1472
1320 1968
1325 1584
1326 1550
1326 1717
1327 1892
1332 1350
1332 1410
1337 1672
1337 1902
1339 1704
1339 1924
1340 1633
1341 1529
1346 1347
1347 1755
1347 1756
1349 1597
1350 1351
1350 1352
1350 1353
1350 1354
1351 1930
1352 1496
1352 1727
1354 1427
1354 1447
1354 1542
1354 1702
1354 1861
1354 1922
1355 1465
1355 1563
1355 1572
1355 1694
1355 1975
1356 1435
1356 1517
1356 1803
1360 1775
1360 1985
1361 1790
1361 1876
1361 1939
1362 1447
1362 1448
1362 1449
1363 1870
1364 1799
1366 1508
1367 1474
1367 1524
1367 1667
1367 1980
1371 1937
1372 1918
1375 1478
1375 1705
1377 1621
1377 1725
1378 1919
1380 1575
1381 1472
1383 1573
1383 1922
1385 1892
1386 1678
1387 1536
1387 1672
1387 1889
1387 1899
1388 1547
1388 1548
1388 1549
1388 1550
1388 1551
1393 1664
1394 1930
1396 1847
1400 1620
1400 1910
1400 1939
1401 1611
1402 1773
1403 1404
1403 1405
1403 1406
1403 1407
1408 1409
1408 1410
1409 1461
1409 1731
1409 1964
1410 1745
1412 1553
1413 1704
1413 1873
1414 1576
1415 1431
1415 1553
1416 1513
1417 1453
1417 1672
1418 1443
1418 1523
1418 1594
1418 1626
1418 1633
1418 1762
1423 1739
1423 1949
1423 1950
1428 1923
1429 1631
1429 1918
1431 1435
1431 1637
1431 1774
1431 1901
1431 1970
1434 1695
1440 1662
1440 1872
1440 1891
1440 1946
1440 1971
1441 1531
1443 1869
1447 1698
1451 1920
1451 1942
1452 1511
1453 1601
1453 1937
1454 1566
1454 1688
1454 1710
1454 1864
1454 1899
1457 1741
1458 1877
1459 1705
1460 1870
1461 1622
1462 1692
1462 1850
1464 1683
1466 1873
1472 1839
1472 1869
1474 1486
1475 1883
1478 1642
1480 1621
1481 1633
1483 1767
1485 1513
1485 1892
1486 1991
1487 1661
1487 1808
1487 1897
1489 1790
1491 1597
1491 1919
1492 1872
1492 1951
1493 1615
1495 1496
1496 1526
1497 1516
1497 1869
1501 1892
1504 1550
1508 1896
1508 1974
1510 1511
1511 1579
1511 1681
1511 1709
1511 1958
1512 1790
1513 1895
1513 1906
1514 1516
1514 1518
1516 1643
1520 1584
1523 1941
1524 1525
1529 1643
1530 1877
1531 1679
1531 1754
1531 1803
1532 1710
1535 1826
1537 1897
1540 1571
1540 1764
1540 1834
1540 1867
1540 1918
1540 1989
1547 1919
1550 1611
1550 1956
1553 1946
1555 1722
1558 1729
1559 1847
1560 1584
1560 1918
1561 1983
1562 1661
1563 1787
1565 1850
1567 1584
1570 1669
1570 1828
1573 1617
1573 1704
1573 1969
1574 1715
1574 1780
1575 1847
1575 1855
1575 1973
1576 1783
1576 1827
1577 1578
1577 1579
1577 1580
1580 1930
1584 1860
1586 1597
1587 1661
1587 1822
1588 1637
1588 1916
1591 1733
1596 1993
1597 1598
1599 1600
1600 1929
1601 1616
1601 1893
1605 1668
1605 1933
1607 1661
1608 1609
1608 1611
1611 1792
1611 1933
1611 1939
1612 1705
1612 1848
1613 1705
1615 1616
1615 1617
1615 1618
1616 1744
1617 1722
1619 1781
1619 1830
1619 1906
1620 1621
1620 1622
1621 1956
1622 1688
1622 1689
1622 1872
1622 1936
1623 1730
1630 1661
1632 1633
1633 1867
1641 1668
1643 1930
1644 1923
1645 1710
1646 1725
1647 1695
1647 1727
1649 1744
1656 1733
1656 1873
1660 1902
1660 1968
1661 1662
1661 1663
1668 1964
1672 1702
1672 1707
1672 1742
1672 1779
1672 1813
1678 1838
1681 1968
1682 1822
1683 1979
1686 1727
1686 1830
1692 1797
1693 1892
1693 1941
1694 1695
1695 1847
1695 1848
1697 1773
1703 1790
1704 1891
1705 1920
1708 1933
1710 1971
1712 1807
1712 1925
1714 1932
1716 1937
1717 1996
1718 1982
1720 1993
1723 1830
1725 1782
1725 1783
1725 1784
1725 1785
1727 1806
1728 1865
1728 1990
1729 1789
1729 1873
1730 1766
1733 1746
1733 1760
1733 1945
1737 1850
1739 1883
1740 1930
1741 1745
1741 1859
1742 1920
1744 1784
1744 1846
1744 1881
1744 1952
1747 1922
1752 1892
1758 1807
1766 1826
1767 1863
1767 1886
1768 1795
1768 1992
1775 1787
1777 1873
1789 1822
1789 1834
1790 1858
1790 1883
1790 1974
1807 1905
1808 1820
1809 1902
1810 1902
1812 1847
1830 1983
1834 1846
1836 1874
1840 1924
1841 1933
1843 1844
1843 1845
1843 1846
1844 1915
1844 1932
1846 1944
1847 1913
1848 1906
1850 1937
1856 1920
1861 1884
1861 1893
1861 1924
1865 1941
1873 1885
1875 1908
1876 1892
1876 1908
1877 1878
1887 1968
1888 1897
1891 1892
1897 1967
1897 1996
1902 1985
1905 1923
1912 1923
1914 1915
1920 1925
1920 1992
1924 1929
