0 2
1 243
1 654
1 827
1 1176
2 197
2 212
2 385
2 1006
2 1073
2 1361
2 1450
2 1661
2 1697
2 1984
3 625
3 800
4 1918
4 1919
6 1602
6 1845
7 1457
7 1753
7 1928
10 1390
10 1933
12 1690
13 54
13 160
13 437
13 910
13 1353
14 1673
16 145
16 199
16 1578
17 1784
18 19
18 20
18 21
18 22
18 23
18 24
18 25
18 26
18 27
18 28
18 29
19 730
20 391
20 1480
20 1795
21 180
21 501
22 510
22 699
22 985
23 333
23 501
24 110
24 125
24 180
24 314
24 372
24 426
24 780
24 881
24 1074
24 1200
24 1408
24 1427
24 1428
24 1968
24 1979
25 697
26 1753
26 1825
27 221
27 305
27 416
27 834
27 1143
27 1436
27 1820
28 146
28 357
28 418
28 689
28 755
28 868
28 1053
28 1794
28 1979
29 1156
29 1330
29 1702
29 1755
29 1945
30 31
30 32
30 33
30 34
32 37
32 44
32 224
32 286
32 474
32 616
32 1152
32 1237
32 1288
32 1422
32 1460
33 530
34 992
34 1928
35 36
35 37
35 38
36 104
36 335
36 478
36 506
36 609
36 890
36 965
36 1509
37 424
37 960
37 1354
37 1396
37 1582
37 1812
38 384
38 619
38 679
38 865
38 1020
39 180
39 468
42 992
42 1492
43 44
43 45
43 46
43 47
43 48
43 49
43 50
43 51
44 108
44 123
44 159
44 234
44 388
44 532
44 570
44 691
44 696
44 806
44 882
44 951
44 1089
44 1177
44 1256
44 1265
44 1572
44 1724
45 1700
46 697
47 496
47 742
48 462
48 1518
48 1792
50 1624
50 1689
51 322
51 326
51 327
51 328
52 53
52 54
52 55
52 56
52 57
52 58
53 126
54 223
54 543
54 762
54 784
54 831
54 871
54 990
54 1004
54 1086
54 1157
54 1203
54 1369
54 1520
54 1667
54 1950
55 587
55 697
55 707
56 180
56 1457
57 1826
58 186
58 1076
58 1902
59 61
59 62
59 68
59 69
61 225
61 307
61 484
61 486
61 642
61 1116
61 1973
62 284
62 326
62 333
62 340
62 479
62 946
62 967
62 990
62 1021
62 1617
62 1783
62 1891
64 838
64 843
64 1540
64 1672
64 1698
64 1929
66 108
66 153
66 1428
67 730
68 543
68 816
68 888
68 1055
68 1076
68 1780
68 1962
69 497
69 514
69 640
69 891
69 1276
70 73
71 1242
71 1784
72 953
72 1519
73 216
73 298
73 577
73 711
73 827
73 916
73 969
73 1126
73 1162
73 1273
73 1639
73 1667
73 1776
73 1785
73 1997
74 1390
75 1524
77 391
77 1790
80 1250
80 1861
81 795
81 1390
83 535
83 658
83 1486
83 1897
84 1367
84 1768
85 570
85 1535
85 1673
86 1049
86 1578
88 1717
89 544
89 587
89 623
89 991
89 1516
90 108
90 1281
91 313
92 536
92 992
92 1496
93 1000
93 1003
93 1006
93 1008
93 1011
94 333
94 624
94 1829
95 713
95 953
96 749
99 907
100 101
100 106
100 108
101 313
101 609
101 810
101 1094
101 1109
101 1139
101 1521
101 1625
101 1634
101 1846
102 571
102 1280
102 1637
104 326
104 1152
105 803
105 1613
106 156
106 236
106 407
106 718
106 722
106 795
106 861
106 900
106 1043
106 1384
106 1702
106 1829
106 1926
107 450
108 156
108 312
108 391
108 545
108 609
108 885
108 1149
108 1340
108 1919
109 128
109 584
109 954
110 498
112 115
112 120
112 123
113 818
113 1250
114 166
114 565
114 1122
115 117
115 298
115 300
115 571
115 675
115 790
115 991
115 1061
115 1377
115 1438
115 1439
116 1003
116 1355
116 1524
117 1546
118 243
118 700
118 1584
118 1929
119 377
119 1355
119 1915
120 439
120 470
120 570
120 630
120 660
120 833
120 936
120 1087
120 1235
120 1313
121 1917
122 437
122 700
122 1546
122 1700
122 1892
123 303
123 913
123 999
123 1062
123 1520
123 1559
123 1560
123 1774
124 1915
125 126
125 128
125 129
125 133
126 151
126 215
126 663
126 1029
126 1273
126 1484
126 1535
126 1747
126 1804
126 1997
127 1426
128 148
128 192
128 208
128 294
128 376
128 469
128 1605
128 1717
128 1744
129 226
129 333
129 349
129 687
129 748
129 1012
129 1160
129 1288
129 1624
130 465
130 1403
131 813
131 1121
132 843
133 161
133 162
133 163
133 164
133 165
133 166
133 167
133 168
135 136
135 139
135 141
135 142
135 143
136 296
136 368
136 427
136 706
136 1042
136 1567
137 1227
137 1250
137 1459
137 1486
138 159
138 174
138 1449
139 193
139 656
139 696
139 1166
139 1214
139 1262
139 1610
139 1997
141 144
141 219
141 332
141 497
141 922
141 951
141 988
141 1172
141 1431
141 1710
142 590
142 799
142 836
142 902
142 1002
142 1004
142 1068
142 1370
142 1576
142 1662
143 471
143 976
143 1306
143 1428
143 1695
144 145
145 161
145 171
145 291
145 717
145 730
145 903
145 915
145 1303
145 1308
145 1420
145 1432
145 1519
145 1895
146 578
148 1424
149 153
149 159
149 160
150 1512
153 168
153 412
153 763
153 845
153 975
153 1540
153 1636
154 212
154 1176
154 1246
155 1588
158 1826
159 567
159 607
159 785
159 791
159 971
159 1134
159 1257
159 1502
159 1683
159 1804
159 1921
160 313
160 416
160 491
160 541
160 623
160 874
160 878
160 885
160 1288
160 1312
160 1332
160 1333
160 1334
161 581
161 730
161 1400
163 575
163 699
163 1697
164 204
164 1000
166 295
166 505
166 591
166 706
166 750
166 836
166 894
166 973
166 1175
166 1464
166 1516
166 1913
168 313
168 565
169 170
169 171
169 172
169 173
169 174
169 175
169 176
169 177
171 1508
173 1167
173 1268
173 1744
174 632
174 863
174 910
174 965
174 1050
174 1211
174 1538
174 1581
174 1607
174 1935
175 467
175 1923
176 843
177 1512
178 179
178 180
178 181
178 182
178 183
178 184
178 185
180 308
180 394
180 407
180 476
180 705
180 977
180 978
180 979
180 980
180 981
181 517
181 555
181 1449
181 1662
181 1892
181 1908
182 357
182 457
182 742
182 954
182 1400
183 326
183 1122
184 596
185 1439
186 187
186 188
186 189
186 190
186 191
186 192
186 193
187 897
187 1100
187 1903
187 1937
188 419
188 425
188 495
188 496
188 497
188 498
188 499
188 500
188 501
188 502
188 503
188 504
188 505
189 348
189 735
190 843
191 908
191 1100
192 1157
194 199
195 467
195 838
196 910
196 912
196 913
198 322
198 604
199 775
199 966
199 1249
199 1412
199 1920
199 1921
200 359
200 1356
200 1621
201 557
201 707
201 1535
202 815
203 262
203 700
204 205
204 206
204 207
204 208
204 209
204 210
204 211
204 212
204 213
204 214
204 215
204 216
204 217
204 218
204 219
204 220
205 262
205 618
206 1873
208 1188
209 437
209 494
209 798
209 823
209 824
209 1601
210 253
210 730
210 1449
210 1861
211 623
211 794
211 1424
212 312
212 679
212 1211
212 1529
212 1702
212 1955
214 997
215 243
217 1601
217 1602
218 348
218 1246
219 523
219 713
220 237
220 554
220 930
221 228
222 331
222 335
223 727
223 1439
224 1903
225 795
226 700
226 1076
226 1496
226 1524
227 457
227 662
227 1768
228 290
228 737
228 1242
228 1427
228 1433
228 1446
228 1471
228 1800
229 1929
232 1268
233 235
233 237
233 242
233 243
233 244
234 699
234 700
235 441
235 640
235 748
235 752
235 1071
235 1108
235 1508
235 1552
235 1567
235 1657
235 1680
235 1691
235 1709
236 1051
237 248
237 284
237 331
237 606
237 639
237 656
237 996
237 1064
237 1147
237 1169
237 1226
237 1234
238 1826
242 713
242 751
242 777
242 849
242 1220
242 1595
242 1667
243 644
243 1077
243 1089
243 1343
243 1651
244 436
244 437
244 489
244 739
244 948
244 1001
244 1361
244 1528
244 1747
244 1768
245 462
245 578
246 247
246 248
246 249
246 250
246 251
247 1540
247 1873
249 1516
249 1625
250 313
251 321
251 350
251 365
251 406
251 566
251 608
251 621
251 1047
251 1111
251 1471
251 1518
251 1538
251 1668
251 1707
252 253
252 258
253 300
253 309
253 385
253 637
253 702
253 782
253 1104
253 1186
253 1574
253 1603
253 1680
254 462
254 795
254 1874
255 954
257 331
257 332
257 333
257 334
257 335
258 588
258 631
258 929
258 981
258 1444
258 1613
259 952
261 262
262 377
262 511
262 555
262 1244
262 1504
262 1509
262 1618
263 544
263 1923
265 952
267 544
267 910
267 1242
267 1437
267 1850
267 1883
270 523
270 1668
271 1768
272 413
272 654
272 1357
274 379
274 536
274 1640
275 498
275 1191
275 1510
275 1669
276 544
276 550
277 280
279 1574
280 329
280 380
280 476
280 517
280 576
280 896
280 1506
281 1633
282 596
284 285
284 286
284 287
284 288
284 289
284 290
284 291
284 292
285 992
285 1355
286 1390
286 1453
287 838
287 1609
287 1828
288 1260
289 1673
290 749
294 413
294 1424
295 1741
296 575
296 604
297 697
297 1505
298 813
298 1308
298 1897
299 313
301 749
301 1357
301 1869
301 1874
302 696
303 358
303 787
303 1280
304 544
304 1402
304 1795
305 623
305 1309
306 1674
306 1906
307 1252
308 544
309 494
309 523
310 1480
311 372
311 1674
312 1512
312 1718
313 1135
313 1205
313 1522
313 1548
313 1572
313 1729
313 1793
315 1529
316 377
316 933
316 1123
316 1933
317 883
317 1625
317 1768
318 1870
319 437
319 1367
320 359
320 697
320 1320
321 1116
322 687
322 1279
322 1333
322 1368
322 1376
322 1467
322 1577
322 1604
322 1638
322 1958
323 1784
326 497
326 662
326 770
326 832
326 1028
326 1437
326 1496
326 1500
326 1616
326 1749
326 1967
327 393
327 767
327 811
327 812
327 813
327 814
327 815
327 816
327 817
327 818
327 819
327 820
328 525
328 547
328 693
328 863
328 997
328 1048
328 1057
328 1234
328 1310
328 1602
328 1753
328 1885
328 1944
331 490
331 741
331 1283
331 1400
331 1526
331 1527
331 1528
332 393
332 458
332 647
332 736
332 986
332 1618
332 1780
333 630
333 703
333 859
333 1286
333 1546
333 1896
334 532
334 745
334 906
334 990
334 1111
334 1443
334 1546
335 534
335 592
335 838
335 878
335 1300
335 1310
335 1438
335 1464
336 727
336 1874
337 626
337 783
338 536
339 1245
340 735
341 1424
342 348
342 354
343 466
343 1121
343 1426
344 954
344 1577
345 707
345 1554
345 1869
345 1903
346 1308
346 1439
347 510
347 625
348 707
348 1130
348 1161
348 1391
348 1483
348 1495
349 883
351 570
352 587
352 662
354 406
354 457
354 472
354 1039
354 1091
354 1099
354 1121
354 1208
354 1352
354 1849
354 1948
355 357
355 358
355 359
356 1673
357 369
357 581
357 603
357 604
357 665
357 1149
357 1163
357 1248
357 1425
357 1716
358 510
358 665
358 976
358 1074
358 1250
358 1339
358 1725
358 1839
358 1892
359 510
359 513
359 816
359 872
359 1537
359 1762
360 466
360 469
360 1437
363 1116
365 368
365 372
366 626
367 1185
367 1792
368 479
368 543
368 605
368 954
368 1467
368 1484
368 1608
368 1765
368 1837
369 991
369 1049
369 1697
372 396
372 615
372 618
372 1225
372 1283
372 1559
372 1566
372 1718
372 1745
373 522
375 377
375 379
376 1006
376 1309
377 532
377 976
377 1134
377 1148
377 1161
377 1166
377 1185
377 1728
379 905
379 1059
379 1394
379 1442
379 1578
381 1356
383 385
383 391
384 808
384 1700
384 1825
385 556
385 889
385 951
385 1048
385 1207
385 1467
385 1613
385 1738
388 1412
388 1449
389 1100
389 1845
390 1362
390 1625
390 1674
390 1792
391 536
391 606
391 700
391 827
391 920
391 1000
391 1402
391 1723
391 1852
391 1876
391 1880
391 1891
393 1519
395 530
395 1367
396 927
396 930
397 1744
397 1902
398 1296
398 1588
399 496
399 794
399 1439
399 1730
400 465
400 1167
401 459
402 832
402 1825
403 413
404 1868
407 1880
408 1428
408 1669
408 1717
409 826
410 838
412 725
412 1428
413 460
413 723
413 1117
413 1209
413 1407
413 1673
416 510
417 496
417 1899
418 1006
418 1869
419 1420
421 496
421 992
421 1122
421 1513
421 1553
421 1829
422 465
423 1459
423 1869
425 466
425 625
425 780
425 1308
426 1000
429 1449
430 1296
430 1480
431 818
431 972
432 1588
434 437
434 446
436 462
436 465
436 466
437 615
437 834
437 910
437 1065
437 1535
437 1685
437 1902
439 1167
439 1554
439 1741
440 1845
441 1625
442 469
443 604
443 1795
443 1985
445 1103
446 516
446 566
446 705
446 717
446 828
446 891
446 969
446 1400
446 1448
447 498
447 1000
447 1453
447 1710
447 1717
448 1158
448 1584
448 1586
449 800
449 827
450 583
450 618
450 790
450 850
450 901
450 984
450 1097
451 459
451 1519
453 1827
454 536
454 936
454 1089
455 907
455 908
456 457
456 459
457 547
457 569
457 658
457 1149
457 1216
457 1415
457 1643
457 1910
458 510
458 1586
459 859
459 909
459 984
459 1112
459 1250
459 1394
459 1833
459 1849
460 800
461 467
461 1440
462 627
462 673
462 1177
462 1405
462 1577
462 1663
462 1674
462 1761
463 1185
464 1008
464 1400
464 1424
464 1906
465 551
465 747
465 906
465 1600
465 1903
466 745
466 840
466 1053
466 1114
466 1517
466 1653
466 1665
466 1717
467 468
467 469
467 470
467 471
467 472
467 473
467 474
467 475
467 476
467 477
467 478
467 479
468 1385
468 1526
468 1663
469 494
469 576
469 837
469 1260
469 1265
469 1363
469 1411
469 1513
469 1637
469 1673
470 662
470 1089
470 1518
471 623
471 997
472 823
472 1613
474 1966
476 1437
477 1157
477 1633
478 838
478 1558
479 557
479 954
479 1089
481 494
481 624
482 544
482 1624
483 1428
483 1496
483 1728
484 1741
484 1768
486 491
486 494
487 972
487 1390
488 517
488 530
488 535
488 536
489 1439
490 1246
491 863
493 994
493 1152
494 1114
494 1120
494 1272
494 1525
494 1527
494 1958
495 815
495 1192
496 702
496 1066
496 1088
496 1181
496 1376
496 1729
497 520
497 798
497 963
497 1214
497 1215
497 1227
497 1641
497 1682
497 1689
497 1703
498 773
498 860
498 861
498 862
498 863
499 1320
499 1496
500 1044
500 1066
500 1111
500 1375
500 1380
500 1448
500 1812
501 767
501 769
501 1113
501 1226
501 1480
501 1655
502 575
502 1553
502 1574
503 1191
504 1367
504 1966
505 1558
506 510
507 827
508 780
508 954
510 557
510 655
510 738
510 771
511 1669
515 1103
515 1439
516 517
516 520
517 591
517 837
517 930
517 939
517 994
517 1212
517 1314
517 1375
517 1413
517 1414
517 1415
518 618
518 1508
519 1094
520 529
520 698
520 719
520 763
520 946
520 947
520 948
521 1492
522 523
522 524
522 525
522 526
522 527
522 528
522 529
523 698
523 1008
523 1121
523 1296
523 1462
523 1907
523 1926
525 787
525 1586
527 1256
527 1260
530 531
530 556
530 576
530 1522
530 1615
530 1740
531 587
532 1246
532 1260
532 1673
533 1586
534 1578
534 1740
535 717
535 794
535 811
535 835
535 935
535 1184
535 1210
535 1355
535 1356
535 1357
536 865
536 903
536 910
536 1003
536 1090
536 1209
536 1390
536 1397
536 1508
536 1671
536 1749
536 1786
536 1858
537 1609
538 1242
538 1640
540 1516
540 1524
541 699
541 1003
541 1356
541 1640
543 1496
543 1558
543 1574
544 632
544 1019
544 1259
544 1740
547 818
548 815
548 1689
549 818
549 1424
550 729
550 738
550 941
550 1037
550 1187
550 1308
550 1683
550 1712
550 1780
550 1977
551 936
551 1166
551 1613
552 554
552 555
552 557
553 1260
553 1588
553 1741
554 959
554 1299
554 1412
554 1556
554 1724
555 605
555 725
555 773
555 877
555 880
555 906
555 1110
555 1219
555 1366
555 1494
555 1584
555 1648
555 1696
555 1758
555 1911
555 1946
555 1950
555 1966
556 883
556 1439
556 1741
557 644
557 646
557 670
557 1396
557 1468
557 1897
558 784
560 563
560 565
561 794
561 991
561 1227
562 592
562 658
563 1332
563 1530
563 1656
563 1740
563 1977
564 626
564 1513
564 1883
565 814
565 817
565 868
565 1089
565 1317
565 1335
566 1252
568 1227
568 1740
568 1850
569 829
570 673
570 1171
570 1287
570 1369
570 1501
570 1785
571 572
571 573
571 574
571 575
571 576
571 577
571 578
571 579
574 1602
575 585
575 606
575 800
575 801
575 802
575 803
577 1420
578 721
578 1272
578 1681
579 749
579 795
579 930
579 1602
580 581
580 584
580 587
580 591
580 592
580 593
581 691
581 740
581 1110
581 1384
581 1757
582 1516
582 1662
583 1584
584 774
584 910
584 950
584 1015
584 1016
584 1303
584 1764
585 787
587 836
587 837
587 838
587 839
587 840
587 841
588 1426
590 1669
591 618
591 821
591 884
591 903
591 905
591 1036
591 1276
591 1609
591 1667
591 1668
591 1669
592 783
592 1039
592 1326
592 1383
592 1512
592 1616
592 1634
592 1893
592 1903
593 742
593 836
593 1101
593 1152
593 1181
593 1417
593 1424
593 1432
593 1485
593 1601
593 1773
594 596
596 600
596 636
596 788
596 972
596 973
596 974
596 975
596 976
597 1874
598 1640
598 1730
599 1829
602 1400
604 638
604 1176
604 1236
604 1470
604 1853
604 1911
604 1914
604 1920
605 1689
607 713
607 1508
607 1622
607 1795
608 972
608 1011
608 1689
610 826
610 1917
611 913
611 1107
611 1412
612 1123
612 1505
613 1090
613 1710
613 1870
613 1903
614 826
615 1418
615 1918
616 618
616 619
617 826
617 1880
618 1085
618 1116
618 1247
618 1445
618 1703
618 1730
618 1745
618 1746
618 1810
619 663
619 741
619 843
619 1021
619 1040
619 1337
619 1483
619 1861
620 927
621 1717
621 1718
621 1719
622 1281
623 624
623 625
623 626
623 627
623 628
623 629
623 630
623 631
623 632
624 870
624 1058
624 1083
624 1112
624 1793
625 873
625 874
625 875
625 876
626 709
626 1562
626 1890
627 1121
627 1122
627 1123
628 815
628 991
629 1795
630 1617
630 1700
630 1719
631 1185
631 1297
632 808
633 1011
633 1588
634 1508
634 1697
638 1719
638 1786
641 1188
642 1107
642 1535
644 1741
645 699
647 1400
648 1252
650 823
650 1449
650 1828
651 1719
651 1790
651 1792
652 1437
652 1880
653 654
653 658
654 818
654 1481
654 1818
655 1437
658 921
658 1018
658 1691
659 803
659 1268
659 1486
659 1492
660 1100
660 1617
660 1621
661 997
661 1274
662 900
662 1069
662 1101
662 1234
662 1602
662 1638
663 823
663 1784
665 1941
667 699
667 1861
667 1928
668 829
668 1868
669 1086
670 1929
671 1662
671 1673
672 725
672 795
672 1123
672 1176
672 1554
673 806
673 991
673 992
673 994
673 996
673 997
677 794
677 1426
680 994
680 1176
682 1424
682 1883
683 936
684 1937
687 1535
688 1861
688 1902
689 823
689 824
690 1100
690 1281
690 1558
690 1672
690 1741
690 1792
691 1744
692 1486
693 696
693 697
694 1260
695 1185
696 832
696 845
696 1023
696 1157
696 1186
696 1191
696 1338
696 1554
696 1571
696 1662
696 1679
696 1865
696 1908
696 1979
697 785
697 1349
697 1456
699 794
699 1048
699 1049
699 1050
699 1051
699 1052
699 1053
700 1013
700 1122
700 1186
700 1257
700 1491
701 985
701 1320
702 808
702 1357
703 1268
704 933
704 1086
705 707
705 713
707 1057
707 1076
707 1170
707 1427
707 1563
707 1613
707 1642
707 1687
707 1853
709 1260
709 1529
710 908
710 1480
712 897
713 754
713 775
713 1258
713 1416
713 1417
713 1418
713 1419
714 991
714 1932
715 978
715 1546
715 1588
715 1613
715 1637
718 725
719 1076
720 1609
721 1558
722 801
722 1903
725 1007
725 1059
725 1368
725 1463
726 1539
727 728
727 729
727 730
727 731
727 732
727 733
729 1508
730 884
730 917
730 972
730 1443
730 1569
730 1750
730 1758
731 1717
731 1932
733 1753
734 1627
735 985
735 1201
735 1404
735 1621
735 1901
735 1911
735 1930
735 1933
736 742
736 1086
737 829
737 994
738 1919
739 1246
739 1424
740 908
740 1418
741 742
742 825
742 884
742 1120
742 1322
742 1642
742 1799
742 1851
743 780
746 1076
747 784
747 1966
749 750
749 751
749 752
749 753
749 754
749 755
749 756
750 1621
751 1014
751 1249
751 1636
751 1709
751 1710
751 1711
751 1712
752 1633
752 1730
754 1090
755 1966
758 1717
761 780
762 1578
763 1665
765 1941
767 1449
767 1578
767 1613
768 1280
768 1874
769 798
769 1784
770 1457
770 1808
771 1453
772 780
773 785
773 1586
773 1903
774 785
774 1289
774 1906
775 1627
776 1353
776 1428
776 1937
778 1418
778 1449
778 1492
780 839
780 960
780 1172
780 1374
780 1526
780 1700
781 783
781 784
781 785
782 1510
783 852
783 1162
783 1238
783 1257
784 935
784 1160
784 1203
784 1907
784 1939
785 793
785 1132
785 1218
785 1295
785 1736
785 1737
786 787
787 866
787 979
787 1316
787 1349
787 1367
787 1854
788 1242
790 813
791 794
791 795
791 798
792 1308
794 862
794 991
794 1000
794 1163
794 1197
794 1465
794 1642
794 1901
794 1954
795 905
795 1116
795 1586
795 1789
795 1792
796 824
796 953
796 1690
796 1850
797 818
798 948
798 1014
798 1073
798 1260
798 1394
798 1492
798 1593
800 855
800 1038
800 1077
800 1570
801 842
801 895
801 915
801 973
801 1052
801 1363
801 1397
801 1695
802 1402
802 1845
803 853
803 946
803 1472
803 1900
804 806
804 808
805 1808
806 883
806 1107
806 1181
806 1334
806 1349
806 1408
806 1412
806 1444
806 1524
806 1565
806 1587
806 1820
806 1873
808 969
808 991
808 1052
808 1579
808 1813
808 1853
808 1915
808 1928
808 1940
809 1049
809 1280
810 1274
811 1622
812 1637
813 1479
813 1927
814 1601
815 857
815 866
815 1077
816 1094
816 1622
817 838
817 1577
818 1117
818 1237
818 1672
818 1678
818 1825
818 1920
818 1932
819 1492
820 1296
820 1418
822 1006
822 1152
822 1274
823 873
823 953
823 1467
823 1468
823 1469
824 1044
824 1403
824 1449
824 1580
824 1686
824 1687
824 1688
825 1486
826 827
826 828
827 907
827 1076
827 1605
827 1658
827 1683
828 972
829 830
829 831
829 832
829 833
829 834
829 835
830 1308
831 1795
832 927
832 994
832 1001
832 1039
832 1099
832 1446
832 1499
832 1655
832 1661
832 1729
832 1853
833 1524
834 1400
836 972
836 1753
837 1690
838 952
838 1003
838 1187
838 1270
838 1307
838 1320
838 1503
838 1547
838 1640
838 1856
838 1870
838 1899
840 1870
841 1400
842 843
843 987
843 1641
843 1817
844 1689
845 1260
846 1609
846 1784
851 1668
852 954
853 953
855 1540
857 897
859 1617
860 1185
860 1367
861 1919
862 1166
865 1011
865 1744
867 1400
867 1665
870 897
870 1825
871 883
871 1157
872 1123
873 1166
875 1826
876 1744
876 1923
877 1412
881 883
883 1029
883 1831
883 1832
883 1833
884 1624
886 1152
886 1289
886 1439
887 1297
889 994
889 1402
890 1242
890 1574
891 1242
891 1673
892 1786
893 1357
893 1418
893 1717
894 1457
894 1624
894 1784
895 1080
896 1908
897 957
897 958
897 1032
897 1130
897 1372
897 1447
897 1613
897 1887
898 1245
898 1669
899 1789
900 933
903 1665
905 1320
907 1130
907 1131
907 1132
908 1011
908 1433
908 1437
908 1570
908 1703
908 1930
909 1355
910 1087
910 1210
910 1225
910 1234
910 1274
910 1297
910 1703
911 1577
911 1728
911 1730
912 1070
912 1121
912 1127
912 1312
912 1359
912 1520
912 1705
913 1236
913 1325
913 1589
914 1412
915 1741
916 1353
917 1584
920 1280
920 1674
921 1453
927 1538
927 1635
927 1788
929 1090
929 1362
929 1513
930 1060
930 1314
930 1477
930 1962
931 1403
931 1861
932 933
932 936
933 972
933 1248
933 1481
933 1945
936 1565
936 1822
936 1900
936 1938
936 1941
938 1260
938 1289
939 1553
941 1919
944 1274
944 1449
944 1880
948 1100
948 1672
948 1673
948 1674
949 952
950 1577
951 1627
951 1868
952 1016
952 1032
952 1108
952 1109
952 1110
952 1111
953 954
953 955
953 956
953 957
953 958
953 959
954 986
954 1038
954 1249
954 1252
954 1419
954 1425
954 1504
954 1520
954 1558
954 1578
954 1604
954 1691
954 1902
954 1946
956 1320
957 1090
957 1637
958 1086
961 1874
962 1437
962 1546
963 978
965 1192
965 1928
967 1662
967 1768
968 1827
969 1728
972 1309
972 1363
972 1587
972 1821
972 1902
973 1985
974 1906
976 1512
977 1308
978 1867
979 1496
980 1740
981 1512
981 1662
982 985
984 1453
986 1086
989 1103
990 1086
991 1092
991 1466
991 1576
991 1698
991 1861
991 1961
992 1152
992 1171
992 1258
992 1900
992 1916
993 1808
994 1126
994 1139
994 1449
994 1533
994 1539
994 1540
994 1541
995 1123
996 1201
996 1501
997 1093
997 1125
997 1751
997 1992
998 1403
998 1640
999 1242
1000 1269
1000 1287
1000 1379
1000 1659
1000 1894
1000 1910
1001 1355
1001 1554
1001 1915
1003 1136
1003 1216
1003 1261
1003 1454
1003 1818
1003 1820
1005 1535
1006 1111
1006 1564
1006 1734
1007 1100
1008 1465
1008 1497
1008 1635
1008 1856
1008 1887
1008 1967
1009 1923
1011 1391
1012 1440
1013 1524
1013 1919
1015 1923
1017 1245
1020 1094
1030 1486
1030 1829
1033 1698
1033 1790
1034 1529
1035 1185
1036 1412
1038 1826
1039 1412
1039 1613
1042 1281
1043 1424
1044 1741
1046 1627
1047 1578
1048 1227
1048 1808
1049 1471
1049 1629
1049 1683
1049 1946
1051 1066
1051 1248
1051 1266
1051 1280
1051 1349
1051 1568
1051 1769
1051 1834
1052 1176
1052 1668
1053 1662
1055 1512
1055 1665
1055 1668
1055 1744
1057 1602
1057 1637
1057 1740
1058 1505
1061 1157
1067 1786
1069 1829
1071 1252
1071 1453
1072 1718
1075 1103
1075 1601
1075 1728
1076 1501
1076 1762
1076 1864
1077 1123
1078 1080
1080 1408
1080 1457
1080 1462
1080 1948
1082 1308
1082 1309
1083 1719
1084 1086
1085 1672
1086 1573
1086 1808
1086 1909
1087 1089
1087 1090
1089 1349
1089 1438
1089 1523
1089 1525
1089 1667
1090 1425
1090 1479
1090 1565
1090 1657
1092 1094
1093 1558
1093 1730
1094 1208
1094 1515
1095 1633
1095 1669
1097 1505
1098 1613
1098 1792
1099 1453
1099 1457
1100 1317
1100 1551
1100 1744
1101 1439
1101 1496
1103 1104
1103 1105
1103 1106
1103 1107
1104 1167
1104 1577
1104 1906
1105 1428
1107 1262
1107 1281
1107 1293
1107 1314
1107 1445
1107 1459
1107 1506
1107 1643
1107 1724
1107 1869
1108 1158
1108 1892
1109 1252
1113 1357
1115 1116
1116 1175
1116 1242
1116 1249
1116 1266
1116 1267
1116 1268
1117 1700
1118 1669
1121 1200
1121 1373
1121 1481
1121 1540
1121 1832
1121 1846
1121 1853
1122 1136
1122 1144
1122 1188
1122 1222
1123 1669
1123 1858
1124 1908
1125 1403
1127 1176
1128 1574
1130 1281
1130 1449
1132 1191
1132 1672
1133 1167
1134 1829
1134 1908
1134 1941
1135 1166
1136 1309
1140 1192
1140 1242
1140 1426
1142 1166
1142 1529
1142 1786
1148 1367
1149 1152
1152 1636
1152 1801
1152 1828
1152 1845
1152 1866
1155 1157
1155 1158
1157 1221
1157 1643
1157 1810
1158 1364
1158 1424
1158 1450
1158 1924
1161 1870
1163 1540
1163 1825
1164 1486
1165 1166
1165 1167
1166 1222
1166 1359
1166 1413
1166 1559
1166 1599
1167 1204
1167 1289
1167 1746
1174 1176
1175 1457
1175 1459
1176 1448
1176 1469
1176 1545
1176 1623
1176 1677
1177 1486
1177 1730
1178 1892
1181 1662
1183 1516
1184 1188
1184 1191
1184 1192
1185 1217
1185 1925
1187 1908
1187 1937
1188 1462
1188 1517
1188 1887
1188 1888
1189 1933
1191 1398
1191 1838
1192 1263
1192 1521
1192 1627
1193 1403
1193 1673
1201 1250
1201 1574
1202 1512
1202 1640
1204 1929
1205 1357
1205 1928
1208 1719
1208 1937
1209 1260
1209 1390
1210 1492
1211 1740
1211 1741
1214 1252
1214 1524
1214 1926
1216 1768
1222 1449
1222 1459
1224 1790
1224 1937
1225 1250
1225 1362
1227 1422
1227 1604
1227 1711
1227 1722
1227 1986
1228 1577
1228 1789
1229 1689
1231 1928
1233 1505
1238 1362
1242 1243
1242 1244
1242 1245
1243 1245
1243 1621
1244 1625
1244 1899
1244 1902
1245 1318
1245 1573
1245 1599
1245 1694
1246 1247
1246 1248
1246 1249
1246 1250
1246 1251
1249 1505
1250 1265
1250 1341
1250 1627
1250 1702
1250 1929
1251 1941
1252 1253
1252 1254
1253 1792
1255 1789
1256 1435
1256 1443
1256 1605
1256 1639
1256 1726
1256 1996
1257 1553
1257 1554
1258 1554
1259 1717
1260 1278
1260 1741
1260 1834
1260 1898
1260 1905
1261 1869
1264 1513
1266 1519
1268 1378
1268 1432
1268 1455
1268 1827
1268 1864
1268 1981
1269 1274
1270 1613
1271 1513
1274 1312
1274 1754
1274 1875
1278 1280
1278 1281
1280 1385
1281 1569
1281 1641
1283 1861
1284 1880
1285 1402
1286 1728
1288 1518
1289 1335
1289 1499
1289 1627
1289 1794
1289 1961
1290 1297
1290 1915
1290 1966
1292 1908
1293 1296
1293 1297
1294 1486
1295 1546
1296 1301
1296 1330
1296 1376
1296 1679
1297 1310
1297 1635
1297 1678
1302 1402
1302 1768
1305 1440
1305 1513
1307 1457
1307 1574
1308 1461
1308 1672
1308 1724
1308 1874
1309 1383
1309 1486
1309 1559
1309 1648
1309 1987
1311 1710
1311 1932
1312 1710
1313 1558
1314 1689
1320 1415
1320 1472
1320 1650
1320 1968
1323 1480
1325 1584
1326 1717
1327 1892
1333 1929
1334 1845
1337 1672
1337 1902
1340 1633
1341 1529
1343 1637
1350 1353
1352 1496
1353 1532
1353 1546
1353 1580
1353 1638
1354 1861
1355 1465
1355 1563
1355 1572
1355 1694
1355 1975
1356 1435
1356 1517
1356 1803
1358 1624
1360 1985
1361 1790
1362 1447
1362 1448
1362 1449
1363 1459
1363 1870
1366 1508
1367 1474
1367 1524
1367 1667
1367 1980
1370 1602
1371 1937
1372 1918
1374 1459
1374 1613
1377 1449
1377 1621
1378 1919
1379 1535
1379 1624
1383 1966
1385 1892
1387 1672
1387 1899
1400 1620
1400 1910
1400 1939
1402 1456
1402 1773
1403 1404
1403 1405
1403 1406
1403 1407
1407 1437
1408 1412
1412 1553
1412 1780
1412 1804
1413 1873
1415 1553
1416 1513
1417 1453
1417 1672
1418 1443
1418 1523
1418 1594
1418 1626
1418 1633
1418 1762
1420 1421
1421 1535
1424 1504
1424 1563
1426 1427
1426 1428
1426 1429
1428 1716
1428 1813
1428 1923
1429 1918
1430 1539
1431 1637
1437 1509
1437 1671
1437 1716
1437 1917
1439 1451
1440 1662
1440 1872
1440 1891
1440 1946
1440 1971
1441 1903
1443 1869
1447 1698
1448 1753
1449 1814
1451 1546
1451 1740
1453 1601
1453 1937
1454 1710
1454 1899
1457 1741
1459 1705
1459 1914
1459 1967
1460 1870
1461 1622
1461 1825
1462 1850
1466 1873
1467 1627
1471 1624
1472 1869
1474 1486
1475 1883
1480 1517
1480 1621
1480 1737
1480 1854
1480 1868
1481 1633
1485 1513
1485 1892
1486 1991
1487 1808
1487 1897
1488 1906
1489 1790
1491 1919
1492 1872
1492 1951
1495 1496
1496 1526
1497 1516
1497 1869
1499 1554
1500 1505
1501 1892
1505 1528
1505 1602
1505 1644
1508 1896
1508 1974
1509 1627
1509 1880
1510 1511
1510 1512
1512 1620
1512 1790
1513 1895
1513 1906
1514 1516
1514 1518
1514 1519
1516 1643
1519 1528
1519 1552
1519 1820
1520 1584
1523 1941
1524 1525
1527 1546
1529 1643
1532 1710
1533 1535
1535 1826
1535 1940
1537 1897
1538 1539
1539 1976
1540 1571
1540 1764
1540 1834
1540 1867
1540 1918
1540 1989
1542 1625
1544 1617
1544 1625
1544 1985
1545 1690
1546 1719
1546 1841
1547 1578
1547 1919
1553 1946
1554 1562
1554 1960
1556 1625
1558 1729
1560 1584
1560 1918
1565 1850
1567 1584
1570 1669
1570 1828
1573 1617
1574 1715
1574 1780
1576 1827
1577 1578
1577 1579
1577 1580
1584 1860
1585 1792
1586 1597
1586 1878
1587 1665
1588 1637
1588 1916
1598 1753
1600 1929
1601 1616
1601 1893
1602 1746
1602 1793
1604 1740
1605 1613
1605 1668
1605 1933
1608 1609
1611 1792
1611 1933
1613 1705
1615 1617
1616 1744
1617 1651
1617 1686
1617 1722
1619 1906
1620 1621
1620 1622
1621 1956
1622 1688
1622 1689
1622 1872
1622 1936
1623 1730
1625 1626
1625 1627
1625 1628
1627 1687
1627 1689
1627 1895
1632 1633
1633 1867
1635 1637
1637 1740
1637 1803
1637 1912
1637 1913
1639 1795
1640 1776
1641 1668
1644 1923
1645 1710
1649 1697
1649 1744
1656 1873
1660 1902
1660 1985
1661 1662
1665 1666
1668 1964
1672 1702
1672 1707
1672 1742
1672 1779
1672 1813
1674 1699
1674 1938
1689 1690
1689 1691
1690 1707
1690 1810
1690 1891
1693 1892
1693 1941
1694 1697
1697 1773
1697 1949
1698 1699
1703 1790
1707 1740
1708 1933
1709 1753
1710 1971
1713 1868
1714 1932
1716 1937
1717 1996
1718 1982
1725 1784
1728 1865
1728 1990
1729 1789
1729 1873
1730 1766
1737 1850
1739 1753
1739 1883
1740 1930
1741 1745
1741 1859
1744 1784
1744 1846
1744 1881
1744 1952
1748 1899
1752 1892
1766 1826
1768 1795
1768 1992
1777 1873
1784 1910
1784 1981
1789 1822
1789 1834
1790 1858
1790 1883
1790 1974
1797 1899
1799 1917
1808 1820
1809 1868
1809 1902
1810 1902
1814 1825
1827 1864
1827 1990
1828 1851
1836 1874
1841 1933
1843 1845
1844 1915
1844 1917
1844 1932
1845 1875
1848 1906
1850 1937
1861 1884
1861 1893
1861 1924
1865 1906
1865 1941
1868 1872
1873 1885
1875 1908
1876 1892
1876 1908
1879 1880
1880 1911
1888 1897
1891 1892
1897 1967
1897 1996
1902 1985
1905 1923
1912 1923
1914 1915
1924 1929
1929 1964
1966 1970
