5 1423
7 1928
10 1933
16 199
16 1927
19 730
21 501
23 501
24 1428
24 1968
32 44
34 1928
35 38
38 384
38 619
38 679
38 865
38 1020
43 44
44 108
44 123
44 159
44 234
44 388
44 532
44 570
44 691
44 696
44 806
44 882
44 951
44 1089
44 1177
44 1256
44 1265
44 1572
44 1724
45 1700
57 161
66 108
66 153
66 1428
67 730
72 1705
85 570
88 1222
90 108
97 973
100 108
108 156
108 312
108 391
108 545
108 609
108 885
108 1149
108 1340
108 1919
112 123
113 818
116 270
119 1915
119 1920
120 570
120 833
121 1511
122 1700
123 303
123 913
123 999
123 1062
123 1520
123 1559
123 1560
123 1774
124 1915
131 813
133 161
137 1925
138 159
143 1428
145 161
145 730
146 578
149 153
149 159
153 168
153 412
153 763
153 845
153 975
153 1540
153 1636
159 567
159 607
159 785
159 791
159 971
159 1134
159 1257
159 1502
159 1683
159 1804
159 1921
161 168
161 247
161 341
161 537
161 581
161 730
161 793
161 1113
161 1203
161 1400
161 1722
161 1787
166 973
168 833
178 179
179 384
179 429
179 556
179 639
179 1184
179 1343
179 1735
179 1838
179 1887
182 1400
188 501
191 1102
193 1872
194 199
198 604
199 775
199 966
199 1249
199 1412
199 1920
199 1921
206 1189
206 1873
208 247
210 730
213 1253
218 1925
223 727
234 701
245 578
246 247
246 248
246 249
246 250
246 251
247 274
247 285
247 388
247 399
247 666
247 982
247 1183
247 1222
247 1370
247 1540
247 1611
247 1635
247 1691
247 1737
247 1819
247 1872
247 1873
247 1920
247 1996
251 621
251 1668
268 270
270 312
270 523
270 529
270 572
270 1087
270 1113
270 1506
270 1668
270 1905
272 1357
286 1253
292 1102
295 1222
296 604
298 813
301 1357
304 1787
316 1933
317 1511
322 1638
327 813
327 818
329 1239
331 1400
336 727
350 388
351 570
357 604
366 1423
370 714
380 388
380 833
381 1423
381 1638
383 384
383 388
384 474
384 616
384 808
384 915
384 1017
384 1041
384 1178
384 1183
384 1339
384 1423
384 1700
384 1751
384 1825
384 1920
384 1972
388 621
388 660
388 1251
388 1286
388 1350
388 1412
388 1449
388 1732
388 1896
388 1957
399 1239
403 412
404 1705
404 1968
408 1428
412 725
412 1063
412 1113
412 1184
412 1189
412 1220
412 1340
412 1428
412 1454
412 1610
412 1839
416 1681
431 818
431 972
443 604
446 1400
464 1400
473 973
479 1239
483 1428
487 972
501 767
501 769
501 1113
501 1226
501 1480
501 1655
504 1189
512 1102
532 1113
535 1357
547 818
549 818
553 1927
554 1724
555 725
562 1920
564 1102
567 833
567 1102
568 1638
570 673
570 1171
570 1287
570 1369
570 1501
570 1785
571 578
577 1920
578 721
578 1272
578 1681
582 989
583 1787
586 714
591 1668
595 1511
596 972
596 973
602 1400
602 1872
604 638
604 1176
604 1236
604 1470
604 1853
604 1911
604 1914
604 1920
608 972
610 973
616 621
621 1042
621 1380
621 1716
621 1717
621 1718
621 1719
629 1638
630 1700
632 808
636 1724
638 1423
645 1872
647 1400
654 818
662 1638
667 1928
668 1705
669 1113
672 725
673 989
688 1638
701 968
701 985
701 1060
701 1320
701 1350
701 1379
701 1927
702 808
702 1357
705 714
706 714
714 762
714 991
714 1143
714 1454
714 1490
714 1527
714 1920
714 1932
715 1927
716 1638
718 725
725 1007
725 1059
725 1368
725 1463
727 728
727 729
727 730
727 731
727 732
727 733
729 1925
730 884
730 917
730 972
730 1443
730 1569
730 1750
730 1758
735 1933
739 1423
743 833
758 1113
776 1428
780 1700
790 813
797 818
801 973
804 808
806 1873
808 969
808 991
808 1052
808 1579
808 1813
808 1853
808 1915
808 1928
808 1940
812 1681
813 1479
813 1927
818 1117
818 1237
818 1672
818 1678
818 1825
818 1920
818 1932
828 972
829 833
833 887
833 1018
833 1168
833 1524
833 1681
833 1712
834 1400
836 972
840 1724
841 1400
851 1668
858 1920
867 1400
875 1925
893 1357
899 1222
903 1113
912 1705
933 972
959 1222
963 1927
964 1511
964 1638
965 1928
972 1309
972 1363
972 1587
972 1821
972 1902
973 1304
973 1462
973 1776
973 1927
973 1985
981 1189
989 1023
989 1103
989 1471
989 1715
989 1920
989 1954
1001 1915
1002 1872
1018 1113
1023 1113
1023 1253
1052 1668
1055 1668
1066 1681
1072 1724
1074 1253
1102 1514
1102 1681
1102 1770
1102 1844
1105 1428
1107 1724
1113 1137
1113 1253
1113 1357
1113 1604
1113 1641
1113 1855
1117 1700
1122 1222
1146 1872
1166 1222
1172 1925
1182 1239
1184 1189
1185 1925
1189 1232
1189 1238
1189 1239
1189 1681
1189 1864
1189 1933
1189 1998
1205 1357
1205 1928
1211 1239
1222 1449
1222 1459
1224 1927
1231 1928
1236 1239
1239 1391
1239 1399
1239 1556
1252 1253
1253 1466
1253 1470
1253 1792
1253 1996
1275 1724
1276 1511
1284 1968
1290 1915
1303 1423
1308 1724
1320 1968
1353 1638
1372 1681
1375 1705
1400 1620
1400 1910
1400 1939
1413 1873
1423 1739
1423 1949
1423 1950
1426 1428
1428 1716
1428 1813
1428 1923
1440 1872
1451 1920
1452 1511
1459 1705
1466 1873
1476 1724
1487 1927
1492 1872
1510 1511
1511 1579
1511 1681
1511 1709
1511 1958
1563 1787
1605 1668
1605 1933
1611 1933
1612 1705
1613 1705
1622 1872
1638 1642
1638 1657
1638 1927
1641 1668
1656 1724
1656 1873
1660 1968
1668 1964
1681 1714
1681 1886
1681 1927
1681 1946
1681 1968
1703 1724
1705 1920
1708 1933
1712 1925
1724 1854
1724 1943
1729 1873
1738 1872
1742 1920
1775 1787
1775 1927
1777 1873
1841 1933
1844 1915
1856 1920
1867 1927
1868 1872
1872 1912
1873 1885
1887 1968
1914 1915
1920 1925
1920 1992
