6 1244
32 37
32 44
34 992
35 37
37 424
37 960
37 1354
37 1396
37 1582
37 1812
38 619
42 992
43 44
43 45
43 46
43 47
43 48
43 49
43 50
43 51
44 108
44 123
44 159
44 234
44 388
44 532
44 570
44 691
44 696
44 806
44 882
44 951
44 1089
44 1177
44 1256
44 1265
44 1572
44 1724
54 543
54 1157
56 360
56 1354
66 108
68 543
75 1524
77 386
80 1861
84 1354
89 991
90 108
92 992
92 1496
98 889
99 1576
100 101
100 108
101 313
101 609
101 810
101 1094
101 1109
101 1139
101 1521
101 1625
101 1634
101 1846
108 156
108 312
108 391
108 545
108 609
108 885
108 1149
108 1340
108 1919
112 123
115 991
116 1524
123 303
123 913
123 999
123 1062
123 1520
123 1559
123 1560
123 1774
130 1403
135 139
138 159
139 193
139 656
139 696
139 1166
139 1214
139 1262
139 1610
139 1997
142 1576
142 1662
149 159
156 737
159 567
159 607
159 785
159 791
159 971
159 1134
159 1257
159 1502
159 1683
159 1804
159 1921
181 1662
181 1908
189 1447
192 1157
199 1412
205 386
206 1350
206 1873
210 1861
220 1447
221 231
223 1350
226 1496
226 1524
228 737
230 1109
231 567
231 797
231 919
231 931
243 1089
247 1873
249 1625
255 672
259 952
262 1244
265 952
266 360
274 360
275 1191
278 1922
285 992
287 1576
302 696
307 1252
317 543
317 1625
325 652
325 737
326 832
326 1496
340 737
344 1447
355 360
360 375
360 456
360 466
360 469
360 537
360 1354
360 1437
360 1727
360 1759
368 543
369 991
381 672
383 386
385 889
386 875
386 950
386 1150
386 1244
386 1258
386 1336
386 1978
388 1350
388 1412
390 1625
396 931
398 543
402 832
404 435
407 1447
408 1991
410 1924
411 1034
421 992
434 435
435 552
435 889
435 1033
435 1039
435 1244
435 1275
435 1354
435 1474
435 1677
435 1734
435 1748
435 1879
441 1625
448 1034
454 1089
458 543
462 673
470 1089
477 1157
478 931
478 1558
479 1089
483 1496
490 889
499 1496
503 1191
505 1558
515 1033
527 1256
528 1447
539 543
540 1524
540 1570
543 956
543 1039
543 1354
543 1396
543 1410
543 1496
543 1558
543 1574
543 1683
543 1684
545 1924
548 1034
554 1412
561 991
564 889
564 1991
565 1089
566 1252
570 673
574 673
582 1662
583 652
583 1576
608 673
611 1107
611 1412
615 1576
616 619
619 663
619 741
619 843
619 1021
619 1040
619 1337
619 1483
619 1861
628 991
638 1109
640 931
642 1107
643 652
648 1252
652 958
652 1174
652 1238
652 1354
652 1437
652 1880
655 931
656 1350
663 1991
664 672
664 673
667 1861
671 1662
672 725
672 795
672 1123
672 1176
672 1196
672 1354
672 1554
672 1644
672 1716
673 708
673 737
673 806
673 881
673 988
673 989
673 990
673 991
673 992
673 993
673 994
673 995
673 996
673 997
673 998
673 999
675 1244
688 1861
690 1558
693 696
696 832
696 845
696 1023
696 1157
696 1186
696 1191
696 1338
696 1554
696 1571
696 1662
696 1679
696 1865
696 1908
696 1979
701 1350
710 1570
711 1447
714 991
721 1558
723 1447
728 1350
737 772
737 829
737 857
737 956
737 994
737 1136
737 1408
737 1474
737 1475
769 1033
778 1922
794 991
800 1570
804 806
806 883
806 1107
806 1181
806 1334
806 1349
806 1408
806 1412
806 1444
806 1524
806 1565
806 1587
806 1820
806 1873
808 991
824 1403
829 832
832 927
832 994
832 1001
832 1039
832 1099
832 1446
832 1499
832 1655
832 1661
832 1729
832 1853
833 1524
838 952
844 1576
847 1354
850 1034
852 1109
871 1157
875 889
877 1412
881 889
889 994
889 1401
889 1402
894 1350
896 1908
897 1447
908 1570
914 1412
915 1570
931 1126
931 1237
931 1403
931 1570
931 1671
931 1727
931 1762
931 1861
931 1862
935 1109
949 952
950 1275
950 1544
952 1016
952 1032
952 1108
952 1109
952 1110
952 1111
954 1252
954 1558
960 970
967 1662
970 1109
970 1112
970 1141
970 1398
970 1536
970 1862
970 1901
970 1991
979 1496
981 1662
991 1092
991 1466
991 1576
991 1698
991 1861
991 1961
992 1152
992 1171
992 1258
992 1900
992 1916
998 1403
1013 1524
1015 1922
1027 1033
1027 1034
1033 1254
1033 1286
1033 1352
1033 1451
1033 1698
1033 1790
1034 1278
1034 1354
1034 1413
1034 1529
1034 1530
1034 1531
1036 1412
1039 1412
1053 1662
1061 1157
1071 1252
1074 1354
1087 1089
1089 1349
1089 1438
1089 1523
1089 1525
1089 1667
1093 1558
1101 1496
1103 1107
1107 1262
1107 1281
1107 1293
1107 1314
1107 1445
1107 1459
1107 1506
1107 1643
1107 1724
1107 1869
1109 1126
1109 1252
1109 1335
1109 1614
1109 1646
1109 1762
1111 1544
1124 1908
1125 1403
1128 1576
1132 1191
1134 1908
1155 1157
1157 1221
1157 1643
1157 1810
1158 1924
1173 1924
1181 1662
1184 1191
1187 1908
1191 1398
1191 1838
1193 1403
1193 1447
1212 1544
1214 1252
1214 1524
1233 1244
1240 1447
1242 1244
1244 1625
1244 1635
1244 1684
1244 1788
1244 1899
1244 1902
1252 1253
1252 1254
1256 1435
1256 1443
1256 1605
1256 1639
1256 1726
1256 1996
1269 1275
1275 1525
1275 1724
1275 1731
1275 1876
1283 1861
1292 1908
1300 1922
1313 1558
1332 1350
1339 1924
1350 1351
1350 1352
1350 1353
1350 1354
1351 1544
1352 1496
1354 1427
1354 1447
1354 1542
1354 1702
1354 1861
1354 1922
1362 1447
1367 1524
1383 1922
1403 1404
1403 1405
1403 1406
1403 1407
1408 1412
1412 1553
1412 1780
1412 1804
1413 1873
1414 1576
1440 1662
1447 1698
1466 1873
1486 1991
1495 1496
1496 1526
1524 1525
1542 1625
1543 1544
1544 1617
1544 1625
1544 1644
1544 1963
1544 1985
1556 1625
1558 1729
1570 1669
1570 1828
1576 1783
1576 1827
1625 1626
1625 1627
1625 1628
1656 1873
1661 1662
1729 1873
1747 1922
1777 1873
1840 1924
1861 1884
1861 1893
1861 1924
1873 1885
1875 1908
1876 1908
1924 1929
1952 1991
