1 654
4 1251
5 1423
7 1928
8 1431
11 1914
12 568
12 1690
16 199
33 530
34 1928
35 38
38 384
38 619
38 679
38 865
38 1020
45 1700
50 1387
55 587
57 161
59 64
63 1611
64 99
64 222
64 426
64 547
64 838
64 843
64 1431
64 1540
64 1672
64 1698
64 1819
64 1929
64 1956
65 1914
72 1705
74 245
82 1282
88 1222
89 544
89 587
102 1637
111 728
113 818
113 1282
118 1929
119 1920
122 1700
127 1799
133 161
135 141
137 1227
137 1925
141 144
141 219
141 332
141 497
141 922
141 951
141 988
141 1172
141 1431
141 1710
145 161
145 1308
155 1588
161 168
161 247
161 341
161 537
161 581
161 730
161 793
161 1113
161 1203
161 1400
161 1722
161 1787
178 179
179 384
179 429
179 556
179 639
179 1184
179 1343
179 1735
179 1838
179 1887
189 1132
192 1799
193 1872
194 199
199 775
199 966
199 1249
199 1412
199 1920
199 1921
206 1350
206 1873
208 247
218 1925
223 727
223 1132
223 1350
226 1431
229 1929
233 245
245 291
245 462
245 578
245 934
245 949
245 1140
245 1279
245 1303
245 1391
245 1431
245 1642
246 247
246 248
246 249
246 250
246 251
247 274
247 285
247 388
247 399
247 666
247 982
247 1183
247 1222
247 1370
247 1540
247 1611
247 1635
247 1691
247 1737
247 1819
247 1872
247 1873
247 1920
247 1996
250 1387
259 1251
263 544
267 544
269 1251
272 654
276 544
282 1799
290 1799
295 1222
298 1308
304 544
304 1983
308 544
315 1478
324 1132
327 818
335 534
336 727
346 1308
351 568
352 587
366 1423
370 714
370 956
371 422
374 1611
381 1423
383 384
384 474
384 616
384 808
384 915
384 1017
384 1041
384 1178
384 1183
384 1339
384 1423
384 1700
384 1751
384 1825
384 1920
384 1972
388 1251
388 1350
394 962
395 530
398 1588
404 1705
414 422
422 465
422 566
422 756
422 1282
422 1694
425 1308
431 818
432 1588
457 1415
458 1477
469 837
469 1637
482 544
482 1282
488 530
488 534
490 956
497 1227
509 1478
517 837
517 1415
518 837
519 728
521 1803
530 531
530 556
530 576
530 1522
530 1615
530 1740
531 587
534 886
534 1501
534 1578
534 1740
534 1864
543 956
544 632
544 1019
544 1259
544 1740
547 818
549 818
550 1308
553 1588
553 1803
560 563
561 1227
562 1920
563 1332
563 1530
563 1656
563 1740
563 1977
568 616
568 651
568 962
568 1184
568 1227
568 1282
568 1638
568 1740
568 1850
568 1967
577 1920
580 587
582 989
586 714
587 836
587 837
587 838
587 839
587 840
587 841
602 1872
604 1914
604 1920
629 1282
630 1700
632 808
633 728
633 1588
638 1423
645 1872
649 1282
651 1387
653 654
654 818
654 1481
654 1818
656 1350
666 1431
667 1928
668 1705
670 1929
673 989
686 1478
690 1672
695 1132
701 1350
702 808
705 714
706 714
714 762
714 991
714 1143
714 1454
714 1490
714 1527
714 1920
714 1932
715 1588
715 1637
727 728
727 729
727 730
727 731
727 732
727 733
728 956
728 962
728 1052
728 1350
728 1425
728 1476
728 1477
728 1478
729 1925
731 957
735 1930
737 956
739 1423
742 1799
762 1431
777 1477
780 1700
785 1132
792 1308
796 1690
797 818
804 808
806 1873
808 969
808 991
808 1052
808 1579
808 1813
808 1853
808 1915
808 1928
808 1940
812 1637
818 1117
818 1237
818 1672
818 1678
818 1825
818 1920
818 1932
822 1251
830 1308
837 1149
837 1229
837 1251
837 1325
837 1427
837 1431
837 1541
837 1690
837 1799
837 1900
837 1914
837 1983
858 1920
867 957
875 1925
884 962
894 1350
897 957
899 1222
907 1132
908 1930
909 1431
912 1705
916 1415
925 957
930 1477
948 1672
951 962
953 956
953 957
956 1012
956 1218
956 1320
956 1476
956 1735
956 1805
957 1090
957 1161
957 1201
957 1215
957 1460
957 1550
957 1637
957 1731
957 1732
959 1222
960 962
962 1437
962 1546
962 1815
962 1945
963 1282
965 1928
977 1308
980 1740
989 1023
989 1103
989 1471
989 1715
989 1920
989 1954
1002 1872
1017 1415
1048 1227
1056 1251
1056 1611
1057 1637
1057 1740
1072 1478
1082 1308
1085 1672
1098 1930
1117 1700
1122 1222
1132 1191
1132 1619
1132 1672
1132 1766
1146 1872
1159 1611
1166 1222
1172 1925
1180 1282
1185 1925
1204 1929
1205 1928
1207 1930
1211 1282
1211 1740
1212 1282
1221 1803
1222 1449
1222 1459
1227 1422
1227 1604
1227 1711
1227 1722
1227 1986
1231 1928
1246 1251
1247 1611
1250 1929
1251 1340
1251 1734
1251 1762
1251 1941
1279 1803
1282 1521
1282 1522
1303 1423
1308 1461
1308 1672
1308 1724
1308 1874
1318 1799
1320 1415
1332 1350
1333 1929
1336 1477
1337 1672
1343 1637
1350 1351
1350 1352
1350 1353
1350 1354
1351 1930
1356 1803
1364 1799
1375 1478
1375 1705
1387 1536
1387 1672
1387 1889
1387 1899
1394 1930
1401 1611
1411 1415
1413 1873
1415 1421
1415 1431
1415 1498
1415 1553
1415 1701
1415 1702
1417 1672
1423 1739
1423 1949
1423 1950
1431 1435
1431 1637
1431 1774
1431 1901
1431 1970
1440 1872
1451 1740
1451 1920
1458 1799
1459 1705
1459 1914
1466 1873
1478 1642
1484 1914
1492 1872
1531 1803
1545 1690
1550 1611
1561 1983
1580 1930
1588 1637
1588 1916
1594 1803
1600 1929
1604 1740
1608 1611
1611 1792
1611 1933
1611 1939
1612 1705
1613 1705
1622 1872
1635 1637
1637 1740
1637 1803
1637 1912
1637 1913
1643 1930
1656 1873
1672 1702
1672 1707
1672 1742
1672 1779
1672 1813
1689 1690
1690 1707
1690 1810
1690 1891
1705 1920
1707 1740
1712 1925
1729 1873
1738 1872
1740 1930
1742 1920
1746 1914
1777 1873
1799 1917
1803 1855
1830 1983
1856 1920
1868 1872
1872 1912
1873 1885
1914 1915
1920 1925
1920 1992
1924 1929
1929 1964
