2 1661
6 1244
12 586
13 54
13 600
14 398
20 391
20 421
21 501
22 378
23 501
26 1488
32 37
32 44
32 286
34 992
35 37
37 424
37 960
37 1354
37 1396
37 1582
37 1812
38 619
42 992
42 1492
43 44
43 51
44 108
44 123
44 159
44 234
44 388
44 532
44 570
44 691
44 696
44 806
44 882
44 951
44 1089
44 1177
44 1256
44 1265
44 1572
44 1724
47 496
47 580
50 51
50 1689
51 110
51 322
51 323
51 324
51 325
51 326
51 327
51 328
51 329
52 53
52 54
52 55
52 56
52 57
52 58
54 223
54 543
54 762
54 784
54 831
54 871
54 990
54 1004
54 1086
54 1157
54 1203
54 1369
54 1520
54 1667
54 1950
55 286
56 360
56 1354
58 186
58 1315
59 62
59 68
61 307
62 284
62 326
62 333
62 340
62 479
62 946
62 967
62 990
62 1021
62 1617
62 1783
62 1891
65 458
66 108
66 1004
68 543
68 816
68 888
68 1055
68 1076
68 1780
68 1962
69 497
70 72
72 347
72 396
72 586
72 600
72 877
72 953
72 1383
72 1519
72 1685
72 1705
72 1911
72 1913
75 1524
77 391
78 79
78 80
78 81
78 82
78 83
78 84
78 85
78 86
80 1861
82 1661
83 393
83 398
83 535
83 567
83 635
83 658
83 1028
83 1085
83 1127
83 1160
83 1186
83 1486
83 1564
83 1857
83 1882
83 1897
83 1971
84 1315
84 1354
85 570
89 991
89 1363
90 108
92 992
93 1004
94 1829
98 889
99 580
99 1576
100 108
103 421
103 1363
104 326
104 1488
105 803
106 1829
108 156
108 312
108 391
108 545
108 609
108 885
108 1149
108 1340
108 1919
110 498
112 123
114 1122
115 991
116 1524
120 570
123 303
123 913
123 999
123 1062
123 1520
123 1559
123 1560
123 1774
125 132
130 1403
132 277
132 561
132 643
132 843
132 1196
132 1538
132 1764
132 1783
132 1936
135 137
135 139
135 141
137 938
137 979
137 998
137 1227
137 1250
137 1370
137 1459
137 1486
137 1925
139 193
139 656
139 696
139 1166
139 1214
139 1262
139 1610
139 1997
140 1661
141 144
141 219
141 332
141 497
141 922
141 951
141 988
141 1172
141 1431
141 1710
142 1004
142 1576
150 1942
155 1588
156 1942
159 1683
173 1268
181 1908
183 326
183 1122
186 187
186 188
186 189
186 190
186 191
186 192
186 193
188 419
188 425
188 495
188 496
188 497
188 498
188 499
188 500
188 501
188 502
188 503
188 504
188 505
189 1447
190 558
197 560
206 1350
206 1873
210 1861
219 871
220 421
220 1447
221 231
223 1350
226 1524
231 567
231 797
231 919
231 931
232 1268
236 871
240 1410
243 1089
247 1873
253 1574
255 672
257 337
262 1244
266 360
273 398
274 360
275 498
275 1191
278 1922
279 1574
283 378
284 286
285 992
286 684
286 915
286 919
286 1095
286 1110
286 1253
286 1315
286 1390
286 1453
286 1776
287 1576
294 580
298 1897
299 307
302 696
302 1060
305 1309
307 308
307 315
307 561
307 679
307 1235
307 1252
317 543
317 1733
318 1683
319 586
320 558
322 1577
325 652
326 497
326 662
326 770
326 832
326 1028
326 1437
326 1496
326 1500
326 1616
326 1749
326 1967
332 458
337 561
337 626
337 783
337 928
337 955
337 1014
337 1831
337 1858
342 352
344 1447
344 1577
351 570
352 365
352 587
352 659
352 660
352 661
352 662
352 663
355 360
360 375
360 456
360 466
360 469
360 537
360 1354
360 1437
360 1727
360 1759
362 731
366 1490
368 543
369 991
370 956
375 378
376 1309
378 1315
378 1721
381 672
383 391
385 889
386 1244
388 1350
390 1060
391 536
391 606
391 700
391 827
391 920
391 1000
392 398
396 927
396 931
398 543
398 656
398 951
398 1057
398 1223
398 1296
398 1363
398 1398
398 1588
399 496
402 659
402 832
402 1315
404 435
407 1447
410 1924
411 1034
414 415
414 416
414 417
414 418
414 419
414 420
414 421
414 422
414 423
417 496
418 1060
421 496
421 564
421 668
421 839
421 992
421 1005
421 1122
421 1130
421 1315
421 1513
421 1553
421 1829
427 1004
430 731
430 1296
432 1588
434 435
435 552
435 889
435 1033
435 1039
435 1244
435 1275
435 1354
435 1474
435 1677
435 1734
435 1748
435 1879
440 1127
447 498
448 458
448 1034
450 984
454 1089
456 458
457 658
458 510
458 543
458 1093
458 1477
458 1586
458 1806
458 1807
459 984
462 1577
469 1363
469 1513
470 1089
476 1127
478 931
478 1558
479 1089
488 535
490 889
490 956
496 702
496 1066
496 1088
496 1181
496 1376
496 1729
497 520
497 798
497 963
497 1214
497 1215
497 1227
497 1641
497 1682
497 1689
497 1703
498 773
498 860
498 861
498 862
498 863
499 638
499 755
499 836
499 1010
499 1078
499 1320
499 1454
499 1496
499 1654
499 1757
500 1044
500 1066
500 1111
500 1375
500 1380
500 1448
500 1812
501 767
501 769
501 1113
501 1226
501 1480
501 1655
502 1553
502 1574
503 1191
505 1558
513 831
515 1033
521 1492
523 1296
527 1256
528 1447
531 600
535 717
535 794
535 811
535 835
535 935
535 1184
535 1210
535 1355
535 1356
535 1357
539 540
539 541
539 542
539 543
540 1524
540 1570
543 956
543 1039
543 1354
543 1396
543 1410
543 1496
543 1558
543 1574
543 1683
543 1684
545 1924
547 561
548 1034
548 1689
550 1683
552 558
553 1588
556 1942
557 1897
558 784
558 830
558 1097
558 1273
558 1684
560 561
560 562
560 563
560 564
560 565
560 566
561 686
561 794
561 979
561 982
561 984
561 991
561 1060
561 1148
561 1226
561 1227
561 1228
561 1229
561 1230
561 1231
562 658
564 889
564 1513
565 1089
570 673
570 1171
570 1287
570 1369
570 1501
570 1785
575 803
580 581
580 582
580 583
580 584
580 585
580 586
580 587
580 588
580 589
580 590
580 591
580 592
580 593
583 652
583 1576
586 616
586 661
586 714
586 731
586 1046
586 1186
586 1313
586 1314
586 1315
586 1316
594 600
596 600
599 1829
600 634
600 671
600 789
600 1555
600 1749
605 1689
608 1689
611 1107
615 1576
616 619
619 663
619 741
619 843
619 1021
619 1040
619 1337
619 1483
619 1861
620 927
627 731
627 1122
628 991
633 1588
635 1315
637 1733
640 931
641 1228
642 1107
643 652
644 659
648 731
652 958
652 1174
652 1238
652 1354
652 1437
652 1880
653 658
655 931
655 984
656 1350
658 921
658 1018
658 1691
659 775
659 803
659 893
659 1268
659 1315
659 1484
659 1485
659 1486
659 1487
659 1488
659 1489
659 1490
659 1491
659 1492
664 668
664 672
667 1861
668 829
668 917
668 925
668 1705
668 1743
668 1814
668 1864
668 1868
669 1086
672 725
672 795
672 1123
672 1176
672 1196
672 1354
672 1554
672 1644
672 1716
673 806
673 991
673 992
675 1244
684 1004
688 1861
690 1558
692 1486
693 696
696 832
696 845
696 1023
696 1157
696 1186
696 1191
696 1338
696 1554
696 1571
696 1662
696 1679
696 1865
696 1908
696 1979
700 1122
701 1060
701 1350
703 1268
704 1086
710 1570
711 1447
714 991
714 1490
715 1588
721 1558
723 1447
727 731
728 956
728 1350
731 957
731 969
731 1717
731 1910
731 1932
731 1996
736 1086
737 956
747 784
747 984
747 1228
769 1033
778 1492
778 1922
781 784
784 935
784 1160
784 1203
784 1907
784 1939
794 991
798 1492
800 1570
801 1363
803 853
803 946
803 1472
803 1900
804 806
806 883
806 1107
806 1181
806 1334
806 1349
806 1408
806 1412
806 1444
806 1524
806 1565
806 1587
806 1820
806 1873
807 1228
808 991
817 1228
817 1577
819 1492
820 1296
824 1403
825 831
825 1486
827 1683
829 831
829 832
831 1319
831 1795
831 1857
832 927
832 994
832 1001
832 1039
832 1099
832 1446
832 1499
832 1655
832 1661
832 1729
832 1853
833 1524
844 1576
844 1689
847 1354
850 1034
859 1661
864 871
868 1733
870 1060
871 883
871 1157
871 1203
871 1596
875 889
880 1127
881 889
889 994
889 1401
889 1402
890 1574
894 1350
896 1908
897 1447
901 1683
908 1570
911 1577
912 1127
914 1315
915 1570
927 1538
927 1635
927 1788
929 1513
930 1060
931 1126
931 1237
931 1403
931 1570
931 1671
931 1727
931 1762
931 1861
931 1862
939 1553
950 1275
950 1577
951 1683
953 956
954 1558
956 1012
956 1218
956 1320
956 1476
956 1735
956 1805
958 1086
972 1309
972 1363
982 984
984 1451
984 1453
984 1454
984 1455
984 1456
986 1086
988 1488
990 1086
991 1092
991 1466
991 1576
991 1698
991 1861
991 1961
992 1152
992 1171
992 1258
992 1900
992 1916
998 1403
1004 1112
1004 1389
1004 1401
1004 1990
1013 1524
1015 1922
1027 1033
1027 1034
1030 1486
1030 1829
1033 1254
1033 1286
1033 1352
1033 1451
1033 1698
1033 1790
1034 1278
1034 1354
1034 1413
1034 1529
1034 1530
1034 1531
1047 1060
1049 1683
1060 1085
1060 1394
1060 1401
1060 1536
1069 1829
1073 1683
1074 1354
1081 1488
1082 1309
1084 1086
1086 1573
1086 1808
1086 1909
1087 1089
1089 1349
1089 1438
1089 1523
1089 1525
1089 1667
1093 1558
1103 1107
1104 1577
1107 1262
1107 1281
1107 1293
1107 1314
1107 1445
1107 1459
1107 1506
1107 1643
1107 1724
1107 1869
1110 1942
1116 1268
1122 1136
1122 1144
1122 1188
1122 1222
1124 1908
1125 1403
1127 1176
1127 1322
1127 1494
1128 1574
1128 1576
1132 1191
1134 1829
1134 1908
1136 1309
1136 1733
1158 1924
1164 1486
1172 1488
1173 1924
1177 1486
1184 1191
1187 1908
1191 1398
1191 1838
1193 1403
1193 1447
1201 1574
1210 1492
1214 1524
1219 1733
1226 1733
1228 1384
1228 1450
1228 1577
1228 1694
1228 1733
1228 1759
1228 1788
1228 1789
1229 1689
1233 1244
1234 1488
1238 1363
1240 1447
1240 1683
1242 1244
1244 1625
1244 1635
1244 1684
1244 1788
1244 1899
1244 1902
1256 1435
1256 1443
1256 1605
1256 1639
1256 1726
1256 1996
1257 1553
1264 1513
1268 1378
1268 1432
1268 1455
1268 1827
1268 1864
1268 1981
1269 1275
1271 1513
1275 1525
1275 1724
1275 1731
1275 1876
1283 1861
1292 1908
1293 1296
1294 1486
1296 1301
1296 1330
1296 1376
1296 1679
1300 1922
1305 1513
1307 1574
1309 1383
1309 1486
1309 1559
1309 1648
1309 1987
1313 1558
1314 1689
1315 1564
1315 1942
1315 1997
1332 1350
1332 1410
1337 1363
1339 1924
1350 1351
1350 1352
1350 1353
1350 1354
1354 1427
1354 1447
1354 1542
1354 1702
1354 1861
1354 1922
1362 1447
1363 1381
1363 1459
1363 1736
1363 1870
1363 1889
1367 1524
1378 1490
1383 1922
1403 1404
1403 1405
1403 1406
1403 1407
1408 1410
1410 1745
1412 1553
1413 1873
1414 1576
1415 1553
1416 1513
1433 1490
1447 1698
1451 1942
1464 1683
1466 1873
1474 1486
1485 1513
1486 1991
1487 1661
1487 1897
1488 1906
1490 1703
1490 1821
1492 1872
1492 1951
1513 1895
1513 1906
1524 1525
1537 1897
1553 1946
1558 1729
1562 1661
1570 1669
1570 1828
1574 1715
1574 1780
1576 1783
1576 1827
1577 1578
1577 1579
1577 1580
1587 1661
1588 1637
1588 1916
1591 1733
1607 1661
1622 1689
1627 1689
1630 1661
1656 1733
1656 1873
1661 1662
1661 1663
1683 1979
1689 1690
1689 1691
1729 1873
1733 1746
1733 1760
1733 1945
1747 1922
1777 1873
1840 1924
1861 1884
1861 1893
1861 1924
1873 1885
1875 1908
1876 1908
1888 1897
1897 1967
1897 1996
1924 1929
