1 827
4 1251
4 1918
4 1919
6 1244
7 1432
12 1690
13 437
13 910
16 145
16 1578
19 730
20 391
21 501
22 144
23 333
23 501
30 32
30 33
32 37
32 44
32 224
32 286
32 474
32 616
32 1152
32 1237
32 1288
32 1422
32 1460
33 315
33 530
33 895
33 1035
33 1119
33 1229
33 1396
33 1530
42 1876
43 44
43 45
43 46
43 47
43 48
43 49
43 50
43 51
44 108
44 123
44 159
44 234
44 388
44 532
44 570
44 691
44 696
44 806
44 882
44 951
44 1089
44 1177
44 1256
44 1265
44 1572
44 1724
47 496
50 1689
51 326
54 1157
57 678
58 186
58 1902
59 62
59 69
62 284
62 326
62 333
62 340
62 479
62 946
62 967
62 990
62 1021
62 1617
62 1783
62 1891
64 1540
64 1929
65 1921
66 108
66 153
67 267
67 730
69 497
69 514
69 640
69 891
69 1276
72 953
72 1519
73 827
75 1524
77 391
80 1250
81 678
85 570
85 1535
86 1578
89 544
89 1363
90 108
92 536
92 1496
93 1000
93 1003
94 333
95 953
100 108
103 1363
104 326
108 156
108 312
108 391
108 545
108 609
108 885
108 1149
108 1340
108 1919
109 584
109 954
110 498
112 122
112 123
113 1250
116 1003
116 1134
116 1524
118 1929
120 570
120 660
122 437
122 564
122 700
122 1238
122 1484
122 1546
122 1565
122 1700
122 1859
122 1892
123 303
123 913
123 999
123 1062
123 1520
123 1559
123 1560
123 1774
126 1535
129 333
131 1121
135 139
136 368
137 1227
137 1250
138 159
138 174
139 193
139 656
139 696
139 1166
139 1214
139 1262
139 1610
139 1997
141 144
141 497
142 1662
144 145
144 146
144 147
144 148
145 161
145 171
145 291
145 717
145 730
145 903
145 915
145 1303
145 1308
145 1420
145 1432
145 1519
145 1895
149 153
149 159
153 168
153 412
153 763
153 845
153 975
153 1540
153 1636
157 171
159 567
159 607
159 785
159 791
159 971
159 1134
159 1257
159 1502
159 1683
159 1804
159 1921
161 730
162 267
164 1000
169 171
169 174
171 182
171 1079
171 1146
171 1346
171 1361
171 1508
174 632
174 863
174 910
174 965
174 1050
174 1211
174 1538
174 1581
174 1607
174 1935
180 977
181 517
181 1662
182 954
183 326
184 596
186 187
186 188
186 189
186 190
186 191
186 192
186 193
188 419
188 425
188 495
188 496
188 497
188 498
188 499
188 500
188 501
188 502
188 503
188 504
188 505
192 1157
196 910
199 1921
200 1621
201 1535
206 1350
206 1873
209 437
209 798
210 730
220 930
223 727
223 1350
226 1119
226 1134
226 1496
226 1524
227 662
229 1929
233 244
237 284
243 1089
244 436
244 437
244 489
244 739
244 948
244 1001
244 1361
244 1528
244 1747
244 1768
247 388
247 1540
247 1873
251 621
254 1874
255 954
256 1876
257 333
259 1251
261 267
262 1244
263 544
267 544
267 579
267 910
267 1021
267 1119
267 1242
267 1437
267 1750
267 1801
267 1850
267 1883
269 1251
274 536
275 498
275 1191
276 544
277 280
280 329
280 380
280 476
280 517
280 576
280 896
280 1506
282 596
284 285
284 286
284 287
284 288
284 289
284 290
284 291
284 292
298 1308
301 1869
301 1874
302 696
303 358
304 544
304 1402
305 1309
307 1252
308 544
316 933
316 1876
318 678
318 1432
319 437
326 497
326 662
326 770
326 832
326 1028
326 1437
326 1496
326 1500
326 1616
326 1749
326 1967
333 630
333 703
333 859
333 1286
333 1546
333 1896
336 727
336 1874
338 536
343 1121
344 954
345 1554
345 1869
346 1308
350 388
351 570
352 660
352 662
354 1121
355 358
358 510
358 665
358 976
358 1074
358 1250
358 1339
358 1725
358 1839
358 1892
361 678
365 368
368 479
368 543
368 605
368 954
368 1467
368 1484
368 1608
368 1765
368 1837
371 1876
376 1309
377 1134
379 1578
380 388
383 388
383 391
386 1244
387 830
388 621
388 660
388 1251
388 1286
388 1350
388 1412
388 1449
388 1732
388 1896
388 1957
391 536
391 606
391 700
391 827
391 920
391 1000
391 1402
391 1723
391 1852
391 1876
391 1880
391 1891
393 1519
396 927
396 930
397 1902
398 1363
399 496
401 459
402 832
407 1880
417 496
418 1869
419 1420
421 496
423 1869
425 1308
426 1000
431 972
434 437
435 1244
437 615
437 834
437 910
437 1065
437 1535
437 1685
437 1902
439 1554
447 498
447 1000
449 827
451 459
451 1519
454 536
454 1089
456 459
459 859
459 909
459 984
459 1112
459 1250
459 1394
459 1833
459 1849
469 1363
470 662
470 1089
477 1157
478 1558
479 954
479 1089
482 544
483 1496
486 487
487 972
487 1023
487 1039
487 1125
487 1149
487 1390
487 1455
487 1527
487 1598
487 1699
487 1843
488 517
488 536
493 994
496 702
496 1066
496 1088
496 1181
496 1376
496 1729
497 520
497 798
497 963
497 1214
497 1215
497 1227
497 1641
497 1682
497 1689
497 1703
498 773
498 860
498 861
498 862
498 863
499 1496
500 1044
500 1066
500 1111
500 1375
500 1380
500 1448
500 1812
501 767
501 769
501 1113
501 1226
501 1480
501 1655
503 1191
503 1432
505 1558
507 827
508 954
516 517
516 520
517 591
517 837
517 930
517 939
517 994
517 1212
517 1314
517 1375
517 1413
517 1414
517 1415
520 529
520 698
520 719
520 763
520 946
520 947
520 948
523 1121
527 1256
533 1119
534 1578
536 865
536 903
536 910
536 1003
536 1090
536 1209
536 1390
536 1397
536 1508
536 1671
536 1749
536 1786
536 1858
540 1524
541 1003
543 1496
543 1558
544 632
544 1019
544 1259
544 1740
548 1689
550 1308
558 830
561 1227
562 830
564 1883
565 1089
566 1252
568 1227
568 1850
570 673
570 1171
570 1287
570 1369
570 1501
570 1785
577 1420
579 930
580 584
582 1662
584 774
584 910
584 950
584 1015
584 1016
584 1303
584 1764
593 1432
594 596
596 600
596 636
596 788
596 972
596 973
596 974
596 975
596 976
597 1874
605 1689
607 1622
608 972
608 1689
611 1107
613 1090
615 1918
616 621
617 1880
620 927
621 1042
621 1380
621 1716
621 1717
621 1718
621 1719
627 1121
631 1297
638 1786
642 1107
642 1535
648 1252
652 1880
656 1350
660 678
660 811
660 834
660 1100
660 1226
660 1425
660 1589
660 1617
660 1621
660 1804
660 1834
660 1867
661 1274
662 900
662 1069
662 1101
662 1234
662 1602
662 1638
670 1929
671 1662
672 1554
673 806
673 994
675 1244
675 1921
676 678
678 760
678 1063
678 1675
678 1847
680 994
682 1883
687 1535
688 1902
690 1558
693 696
696 832
696 845
696 1023
696 1157
696 1186
696 1191
696 1338
696 1554
696 1571
696 1662
696 1679
696 1865
696 1908
696 1979
697 785
701 1350
704 933
720 1119
721 1558
726 1539
727 728
727 729
727 730
727 731
727 732
727 733
728 1350
730 884
730 917
730 972
730 1443
730 1569
730 1750
730 1758
734 1627
735 1621
736 1134
737 994
738 1919
750 1621
754 1090
762 1578
767 1578
768 1874
769 798
769 1134
771 1921
773 785
774 785
775 1627
781 785
785 793
785 1132
785 1218
785 1295
785 1736
785 1737
791 798
792 1308
794 1000
796 953
796 1690
796 1850
798 948
798 1014
798 1073
798 1260
798 1394
798 1492
798 1593
801 1363
802 1402
804 806
806 883
806 1107
806 1181
806 1334
806 1349
806 1408
806 1412
806 1444
806 1524
806 1565
806 1587
806 1820
806 1873
810 1274
811 1622
816 1622
822 1251
822 1274
823 953
826 827
827 907
827 1076
827 1605
827 1658
827 1683
828 972
829 830
829 832
830 982
830 1308
830 1348
830 1349
832 927
832 994
832 1001
832 1039
832 1099
832 1446
832 1499
832 1655
832 1661
832 1729
832 1853
833 1524
836 972
837 1251
837 1690
838 1003
844 1689
851 1134
852 954
853 953
853 1119
855 1540
861 1919
871 1157
884 1432
887 1297
889 994
889 1402
892 1786
894 1350
900 933
910 1087
910 1210
910 1225
910 1234
910 1274
910 1297
910 1703
912 1121
927 1538
927 1635
927 1788
929 1090
930 1060
930 1314
930 1477
930 1962
932 933
933 972
933 1248
933 1481
933 1945
941 1919
944 1274
944 1880
945 1134
951 1627
953 954
953 955
953 956
953 957
953 958
953 959
954 986
954 1038
954 1249
954 1252
954 1419
954 1425
954 1504
954 1520
954 1558
954 1578
954 1604
954 1691
954 1902
954 1946
957 1090
961 1874
967 1662
972 1309
972 1363
972 1587
972 1821
972 1902
977 1308
977 1468
977 1842
977 1882
979 1496
981 1662
994 1126
994 1139
994 1449
994 1533
994 1539
994 1540
994 1541
1000 1269
1000 1287
1000 1379
1000 1659
1000 1894
1000 1910
1001 1554
1003 1136
1003 1216
1003 1261
1003 1454
1003 1818
1003 1820
1005 1535
1013 1524
1013 1919
1022 1119
1046 1627
1047 1578
1048 1227
1053 1662
1056 1251
1058 1921
1061 1157
1067 1786
1071 1252
1082 1308
1082 1309
1087 1089
1087 1090
1089 1349
1089 1438
1089 1523
1089 1525
1089 1667
1090 1425
1090 1479
1090 1565
1090 1657
1093 1558
1101 1496
1103 1107
1107 1262
1107 1281
1107 1293
1107 1314
1107 1445
1107 1459
1107 1506
1107 1643
1107 1724
1107 1869
1109 1252
1115 1119
1119 1349
1119 1451
1119 1889
1119 1901
1121 1200
1121 1373
1121 1481
1121 1540
1121 1832
1121 1846
1121 1853
1132 1191
1134 1783
1134 1829
1134 1908
1134 1941
1136 1309
1142 1786
1155 1157
1157 1221
1157 1643
1157 1810
1163 1540
1181 1662
1184 1191
1191 1398
1191 1838
1192 1627
1201 1250
1204 1929
1214 1252
1214 1524
1225 1250
1227 1422
1227 1604
1227 1711
1227 1722
1227 1986
1229 1689
1233 1244
1238 1363
1242 1244
1243 1621
1244 1625
1244 1635
1244 1684
1244 1788
1244 1899
1244 1902
1246 1250
1246 1251
1250 1265
1250 1341
1250 1627
1250 1702
1250 1929
1251 1340
1251 1734
1251 1762
1251 1941
1252 1253
1252 1254
1256 1435
1256 1443
1256 1605
1256 1639
1256 1726
1256 1996
1257 1554
1258 1554
1261 1869
1266 1519
1268 1432
1269 1274
1274 1312
1274 1754
1274 1875
1275 1876
1284 1880
1285 1402
1289 1627
1290 1297
1293 1297
1297 1310
1297 1635
1297 1678
1302 1402
1308 1461
1308 1672
1308 1724
1308 1874
1309 1383
1309 1486
1309 1559
1309 1648
1309 1987
1313 1558
1314 1689
1332 1350
1333 1929
1337 1363
1337 1902
1350 1351
1350 1352
1350 1353
1350 1354
1352 1496
1361 1876
1363 1381
1363 1459
1363 1736
1363 1870
1363 1889
1365 1876
1367 1524
1372 1918
1377 1621
1378 1919
1379 1535
1402 1456
1402 1773
1413 1873
1420 1421
1421 1535
1429 1918
1430 1539
1432 1433
1432 1434
1432 1435
1432 1436
1440 1662
1443 1869
1461 1622
1462 1850
1466 1873
1467 1627
1472 1869
1475 1883
1480 1621
1491 1919
1495 1496
1496 1526
1497 1869
1499 1554
1509 1627
1509 1880
1514 1519
1519 1528
1519 1552
1519 1820
1524 1525
1533 1535
1535 1826
1535 1940
1538 1539
1539 1976
1540 1571
1540 1764
1540 1834
1540 1867
1540 1918
1540 1989
1545 1690
1547 1578
1547 1919
1554 1562
1554 1960
1558 1729
1560 1918
1565 1850
1577 1578
1596 1921
1600 1929
1620 1621
1620 1622
1621 1956
1622 1688
1622 1689
1622 1872
1622 1936
1625 1627
1627 1687
1627 1689
1627 1895
1645 1921
1656 1873
1660 1902
1661 1662
1689 1690
1689 1691
1690 1707
1690 1810
1690 1891
1729 1873
1737 1850
1739 1883
1761 1921
1777 1873
1790 1883
1809 1902
1810 1902
1836 1874
1850 1937
1873 1885
1876 1892
1876 1908
1879 1880
1880 1911
1902 1985
1924 1929
1929 1964
