3 625
4 1919
6 1244
12 541
13 160
16 199
19 730
21 501
22 699
23 501
25 961
31 999
32 37
32 44
32 1288
32 1460
34 992
35 37
37 424
37 960
37 1354
37 1396
37 1582
37 1812
38 619
39 138
42 992
43 44
43 45
43 46
43 47
43 48
43 49
43 50
43 51
44 108
44 123
44 159
44 234
44 388
44 532
44 570
44 691
44 696
44 806
44 882
44 951
44 1089
44 1177
44 1256
44 1265
44 1572
44 1724
52 56
56 104
56 180
56 360
56 481
56 971
56 1290
56 1354
56 1457
56 1593
56 1849
57 161
58 1843
63 537
66 108
66 153
67 268
67 730
70 71
71 155
71 221
71 227
71 374
71 857
71 958
71 1242
71 1784
71 1848
77 1559
77 1806
80 1861
83 535
84 1354
86 1049
88 1222
89 623
89 991
89 1146
89 1363
90 108
91 313
92 992
93 1000
93 1003
94 624
98 889
99 1576
100 101
100 108
101 313
101 609
101 810
101 1094
101 1109
101 1139
101 1521
101 1625
101 1634
101 1846
103 1363
104 857
108 156
108 312
108 391
108 545
108 609
108 885
108 1149
108 1340
108 1919
110 498
111 1722
112 120
114 565
115 991
116 270
116 1003
119 377
119 1915
120 439
120 470
120 570
120 630
120 660
120 833
120 936
120 1087
120 1235
120 1313
121 168
121 1917
123 999
123 1559
124 1915
129 1288
130 1403
133 161
133 163
133 168
135 138
135 139
138 159
138 174
138 1198
138 1449
138 1590
138 1655
139 193
139 656
139 696
139 1166
139 1214
139 1262
139 1610
139 1997
140 1460
142 1576
143 471
145 161
145 730
149 153
149 159
149 160
153 168
153 412
153 763
153 845
153 975
153 1540
153 1636
156 737
159 567
159 607
159 785
159 791
159 971
159 1134
159 1257
159 1502
159 1683
159 1804
159 1921
160 313
160 416
160 491
160 541
160 623
160 874
160 878
160 885
160 1288
160 1312
160 1332
160 1333
160 1334
161 168
161 247
161 341
161 537
161 581
161 730
161 793
161 1113
161 1203
161 1400
161 1722
161 1787
163 192
163 476
163 575
163 699
163 885
163 924
163 1697
163 1739
163 1849
163 1944
163 1981
164 471
164 1000
165 537
168 313
168 405
168 547
168 565
168 632
168 698
168 833
168 919
168 961
168 1285
168 1653
168 1806
171 1146
188 498
188 501
189 1447
191 1102
194 199
197 961
198 857
199 775
199 966
199 1249
199 1412
199 1920
199 1921
200 677
202 815
206 1350
206 1873
210 730
210 1861
211 623
211 794
213 1253
214 862
219 1806
220 554
220 1447
221 228
221 231
223 727
223 1350
228 290
228 737
228 1242
228 1427
228 1433
228 1446
228 1471
228 1800
231 567
231 797
231 919
231 931
233 240
234 699
236 1051
237 996
240 325
240 708
240 1015
240 1310
240 1410
245 1642
246 250
247 1222
247 1873
248 1359
250 313
250 419
250 507
250 945
250 1093
250 1238
250 1387
250 1388
250 1389
251 1668
255 672
259 471
262 377
262 1244
265 892
268 269
268 270
268 271
268 272
268 273
268 274
268 275
268 276
270 312
270 523
270 529
270 572
270 1087
270 1113
270 1506
270 1668
270 1905
274 1640
275 498
278 1922
285 992
286 1253
287 1576
292 1102
295 1222
299 313
300 537
304 1460
304 1787
305 623
313 1135
313 1205
313 1522
313 1548
313 1572
313 1729
313 1793
316 377
319 993
325 652
325 737
327 815
336 727
337 626
340 737
341 1722
343 627
344 1447
347 625
353 1312
356 1770
357 581
360 537
360 1354
363 857
366 626
369 627
369 991
369 1049
370 956
372 1559
375 377
377 532
377 976
377 1134
377 1148
377 1161
377 1166
377 1185
377 1728
380 833
381 672
385 889
386 1244
388 1350
388 1412
391 1000
396 931
398 1363
399 794
404 435
407 1447
409 1844
410 1924
411 1034
412 1113
421 992
421 1553
425 625
426 1000
431 972
434 435
435 552
435 889
435 1033
435 1039
435 1244
435 1275
435 1354
435 1474
435 1677
435 1734
435 1748
435 1879
438 471
441 1205
447 498
447 1000
448 1034
454 541
458 1806
462 627
462 673
467 471
469 1363
471 511
471 623
471 997
471 1024
471 1025
471 1026
472 1559
475 892
478 931
481 624
484 1770
486 491
487 972
487 1843
488 535
488 537
490 889
490 956
491 863
495 815
498 773
498 860
498 861
498 862
498 863
501 767
501 769
501 1113
501 1226
501 1480
501 1655
502 1553
512 1102
515 1033
519 1312
521 537
525 1770
527 1256
528 1447
532 1113
533 1460
535 717
535 794
535 811
535 835
535 935
535 1184
535 1210
535 1355
535 1356
535 1357
536 1003
537 1204
537 1340
537 1609
537 1964
538 1640
539 540
539 541
539 542
539 543
540 1570
541 562
541 669
541 699
541 756
541 965
541 1003
541 1165
541 1307
541 1339
541 1356
541 1640
543 956
543 1354
545 1924
546 1146
548 815
548 1034
551 862
551 1166
552 554
554 959
554 1299
554 1412
554 1556
554 1724
560 565
561 794
561 991
564 626
564 889
564 1102
565 814
565 817
565 868
565 1089
565 1317
565 1335
567 833
567 1102
570 673
574 673
576 995
580 581
581 691
581 740
581 1110
581 1384
581 1757
582 989
583 652
583 1576
583 1787
591 1668
595 1205
596 972
598 1640
608 673
608 972
610 1917
611 1107
611 1412
615 1576
616 619
619 663
619 741
619 843
619 1021
619 1040
619 1337
619 1483
619 1861
623 624
623 625
623 626
623 627
623 628
623 629
623 630
623 631
623 632
624 870
624 1058
624 1083
624 1112
624 1793
625 873
625 874
625 875
625 876
626 709
626 1562
626 1890
627 731
627 736
627 1120
627 1121
627 1122
627 1123
627 1124
627 1125
628 815
628 991
632 1844
640 931
642 1107
643 652
645 699
645 999
648 708
649 1806
652 958
652 1174
652 1238
652 1354
652 1437
652 1880
655 931
656 1350
664 672
664 673
667 699
667 1861
669 1113
672 725
672 795
672 1123
672 1176
672 1196
672 1354
672 1554
672 1644
672 1716
673 708
673 737
673 806
673 881
673 988
673 989
673 990
673 991
673 992
673 993
673 994
673 995
673 996
673 997
673 998
673 999
674 1312
675 1244
676 677
677 794
677 878
677 942
677 1012
677 1277
677 1426
679 862
688 1861
697 785
699 794
699 1048
699 1049
699 1050
699 1051
699 1052
699 1053
701 1350
702 1806
704 1642
705 708
707 1642
708 756
708 1026
708 1053
708 1071
708 1096
708 1630
708 1834
708 1835
710 1570
711 1447
714 991
714 1932
721 1559
723 1447
724 1205
727 728
727 729
727 730
727 731
727 732
727 733
728 956
728 1350
730 884
730 917
730 972
730 1443
730 1569
730 1750
730 1758
731 1932
737 772
737 829
737 857
737 956
737 994
737 1136
737 1408
737 1474
737 1475
738 1919
742 1642
743 833
758 1113
765 1770
769 1033
773 785
774 785
778 1922
781 785
785 793
785 1132
785 1218
785 1295
785 1736
785 1737
791 794
794 862
794 991
794 1000
794 1163
794 1197
794 1465
794 1642
794 1901
794 1954
800 1570
801 1363
804 806
806 883
806 1107
806 1181
806 1334
806 1349
806 1408
806 1412
806 1444
806 1524
806 1565
806 1587
806 1820
806 1873
808 991
808 1915
809 1049
815 857
815 866
815 1077
817 1146
818 1932
824 1403
828 972
829 833
833 887
833 1018
833 1168
833 1524
833 1681
833 1712
836 972
838 1003
838 1640
844 1576
847 1354
848 857
850 1034
851 1668
857 891
857 892
857 893
857 894
857 895
857 896
857 897
857 898
860 1722
861 1919
862 1016
862 1022
862 1146
862 1166
862 1220
862 1738
862 1893
866 1642
873 1166
875 889
877 1412
881 889
884 1806
889 994
889 1401
889 1402
892 1337
892 1595
892 1786
892 1946
894 1350
897 1447
898 1312
899 1222
903 1113
908 1570
912 1312
912 1359
914 1412
915 1570
931 1126
931 1237
931 1403
931 1570
931 1671
931 1727
931 1762
931 1861
931 1862
933 972
938 1288
939 1553
941 1919
945 1460
950 1275
953 956
956 1012
956 1218
956 1320
956 1476
956 1735
956 1805
957 1460
959 1222
960 961
961 1445
961 1842
961 1874
965 993
972 1309
972 1363
972 1587
972 1821
972 1902
989 1023
989 1103
989 1471
989 1715
989 1920
989 1954
991 1092
991 1466
991 1576
991 1698
991 1861
991 1961
992 1152
992 1171
992 1258
992 1900
992 1916
993 1334
993 1788
993 1808
993 1809
995 1123
995 1313
995 1572
995 1573
996 1201
996 1501
998 1403
998 1640
999 1242
999 1263
999 1444
999 1606
999 1703
1000 1269
1000 1287
1000 1379
1000 1659
1000 1894
1000 1910
1001 1915
1003 1136
1003 1216
1003 1261
1003 1454
1003 1818
1003 1820
1013 1919
1015 1922
1018 1113
1023 1113
1023 1253
1027 1033
1027 1034
1033 1254
1033 1286
1033 1352
1033 1451
1033 1698
1033 1790
1034 1278
1034 1354
1034 1413
1034 1529
1034 1530
1034 1531
1036 1412
1039 1412
1049 1471
1049 1629
1049 1683
1049 1946
1051 1066
1051 1248
1051 1266
1051 1280
1051 1349
1051 1568
1051 1769
1051 1834
1052 1668
1055 1668
1067 1844
1074 1253
1074 1354
1074 1460
1088 1359
1096 1843
1102 1514
1102 1681
1102 1770
1102 1844
1103 1107
1107 1262
1107 1281
1107 1293
1107 1314
1107 1445
1107 1459
1107 1506
1107 1643
1107 1724
1107 1869
1113 1137
1113 1253
1113 1357
1113 1604
1113 1641
1113 1855
1122 1222
1125 1403
1128 1576
1135 1166
1142 1166
1145 1146
1146 1475
1146 1691
1146 1767
1146 1872
1146 1946
1158 1924
1163 1806
1165 1166
1166 1222
1166 1359
1166 1413
1166 1559
1166 1599
1173 1924
1175 1460
1193 1403
1193 1447
1202 1640
1205 1357
1205 1615
1205 1823
1205 1928
1206 1844
1215 1722
1222 1449
1222 1459
1226 1359
1227 1722
1233 1244
1233 1460
1238 1363
1240 1447
1242 1244
1244 1625
1244 1635
1244 1684
1244 1788
1244 1899
1244 1902
1252 1253
1253 1466
1253 1470
1253 1792
1253 1996
1256 1435
1256 1443
1256 1605
1256 1639
1256 1726
1256 1996
1257 1553
1269 1275
1274 1312
1275 1525
1275 1724
1275 1731
1275 1876
1283 1861
1288 1298
1288 1489
1288 1518
1288 1593
1288 1599
1290 1915
1300 1922
1309 1559
1311 1932
1312 1398
1312 1710
1312 1727
1312 1832
1332 1350
1337 1363
1339 1924
1350 1351
1350 1352
1350 1353
1350 1354
1354 1427
1354 1447
1354 1542
1354 1702
1354 1861
1354 1922
1362 1447
1363 1381
1363 1459
1363 1736
1363 1870
1363 1889
1378 1919
1383 1922
1403 1404
1403 1405
1403 1406
1403 1407
1408 1412
1412 1553
1412 1780
1412 1804
1413 1873
1414 1576
1415 1553
1437 1917
1447 1698
1460 1484
1460 1610
1460 1732
1460 1806
1460 1864
1460 1870
1460 1994
1466 1873
1478 1642
1491 1919
1522 1770
1547 1919
1553 1946
1555 1722
1557 1642
1559 1680
1559 1770
1559 1847
1563 1787
1570 1669
1570 1828
1576 1783
1576 1827
1590 1642
1603 1844
1605 1668
1617 1722
1638 1642
1640 1776
1641 1668
1642 1682
1656 1873
1668 1964
1686 1770
1714 1932
1727 1806
1729 1873
1747 1922
1775 1787
1777 1873
1799 1917
1806 1888
1840 1924
1843 1844
1843 1845
1843 1846
1844 1915
1844 1917
1844 1932
1849 1994
1861 1884
1861 1893
1861 1924
1873 1885
1914 1915
1924 1929
