1 827
2 385
4 1251
4 1919
10 866
12 586
13 437
13 910
14 398
15 34
20 391
20 421
22 378
30 34
32 44
32 286
34 992
34 1104
34 1819
34 1928
41 1600
42 1492
43 44
43 45
43 51
44 108
44 123
44 159
44 234
44 388
44 532
44 570
44 691
44 696
44 806
44 882
44 951
44 1089
44 1177
44 1256
44 1265
44 1572
44 1724
45 296
45 612
45 1104
45 1149
45 1700
45 1953
47 496
47 580
48 1792
50 51
50 1689
51 110
51 322
51 323
51 324
51 325
51 326
51 327
51 328
51 329
54 784
54 1004
54 1157
55 286
58 186
58 1315
59 62
59 69
62 284
62 326
62 333
62 340
62 479
62 946
62 967
62 990
62 1021
62 1617
62 1783
62 1891
66 108
66 1004
69 497
69 514
69 640
69 891
69 1276
70 72
72 347
72 396
72 586
72 600
72 877
72 953
72 1383
72 1519
72 1685
72 1705
72 1911
72 1913
73 827
75 1524
77 391
78 79
78 80
78 81
78 82
78 83
78 84
78 85
78 86
83 393
83 398
83 535
83 567
83 635
83 658
83 1028
83 1085
83 1127
83 1160
83 1186
83 1486
83 1564
83 1857
83 1882
83 1897
83 1971
84 1315
85 570
89 1363
90 108
90 427
92 536
92 866
92 1496
93 1000
93 1003
93 1004
94 1829
99 580
100 108
103 421
103 1363
104 326
105 803
106 1829
108 156
108 312
108 391
108 545
108 609
108 885
108 1149
108 1340
108 1919
110 498
111 1104
112 123
114 1122
116 1003
116 1524
120 570
120 1313
122 437
123 303
123 913
123 999
123 1062
123 1520
123 1559
123 1560
123 1774
125 129
126 1747
129 226
129 333
129 349
129 687
129 748
129 1012
129 1160
129 1288
129 1624
135 136
135 137
135 139
135 141
136 296
136 368
136 427
136 706
136 1042
136 1567
137 938
137 979
137 998
137 1227
137 1250
137 1370
137 1459
137 1486
137 1925
138 159
138 174
139 193
139 656
139 696
139 1166
139 1214
139 1262
139 1610
139 1997
141 144
141 219
141 332
141 497
141 922
141 951
141 988
141 1172
141 1431
141 1710
142 1004
142 1662
145 1519
147 1409
149 159
150 1942
156 1942
159 567
159 607
159 785
159 791
159 971
159 1134
159 1257
159 1502
159 1683
159 1804
159 1921
164 1000
169 174
171 1508
173 1167
173 1268
174 632
174 863
174 910
174 965
174 1050
174 1211
174 1538
174 1581
174 1607
174 1935
181 1662
181 1908
183 326
183 1122
186 187
186 188
186 189
186 190
186 191
186 192
186 193
188 419
188 425
188 495
188 496
188 497
188 498
188 499
188 500
188 501
188 502
188 503
188 504
188 505
191 1097
192 1157
196 910
197 367
206 1350
206 1873
209 437
210 253
214 1104
220 421
223 1350
226 1496
226 1524
232 1268
235 1508
238 1916
243 1089
244 437
244 1747
247 388
247 1873
251 621
252 253
252 254
252 255
252 256
252 257
252 258
252 259
252 260
253 300
253 309
253 385
253 637
253 702
253 782
253 1104
253 1186
253 1574
253 1603
253 1680
255 1600
259 1251
267 910
267 1437
269 1251
273 398
274 536
275 498
275 1191
275 1313
279 1574
283 378
284 286
286 684
286 915
286 919
286 1095
286 1110
286 1253
286 1315
286 1390
286 1453
286 1776
294 580
298 1897
302 696
304 1313
304 1402
305 1309
306 1906
319 437
319 586
322 1577
326 497
326 662
326 770
326 832
326 1028
326 1437
326 1496
326 1500
326 1616
326 1749
326 1967
338 536
342 352
344 1577
345 1554
350 388
351 570
352 365
352 587
352 659
352 660
352 661
352 662
352 663
360 1437
362 731
365 367
366 1490
367 427
367 547
367 1160
367 1185
367 1409
367 1503
367 1600
367 1645
367 1792
367 1832
375 378
376 1309
377 1185
378 1315
378 1721
380 388
381 1313
383 385
383 388
383 391
385 556
385 889
385 951
385 1048
385 1207
385 1467
385 1613
385 1738
388 621
388 660
388 1251
388 1286
388 1350
388 1412
388 1449
388 1732
388 1896
388 1957
390 1792
391 536
391 606
391 700
391 827
391 920
391 1000
391 1402
391 1723
391 1852
391 1876
391 1880
391 1891
392 398
393 1519
396 927
398 543
398 656
398 951
398 1057
398 1223
398 1296
398 1363
398 1398
398 1588
399 496
400 1167
402 659
402 832
402 1315
407 1880
408 1160
408 1747
414 415
414 416
414 417
414 418
414 419
414 420
414 421
414 422
414 423
417 496
419 866
421 496
421 564
421 668
421 839
421 992
421 1005
421 1122
421 1130
421 1315
421 1513
421 1553
421 1829
424 427
425 427
426 1000
427 472
427 866
427 1004
427 1104
427 1393
427 1443
427 1854
427 1916
430 731
430 1296
434 437
437 615
437 834
437 910
437 1065
437 1535
437 1685
437 1902
439 1167
439 1554
440 1127
445 1103
447 498
447 1000
449 827
450 1097
451 1519
454 536
454 1089
457 658
462 1577
463 1185
464 1906
465 1600
469 1363
470 1089
476 1127
476 1437
477 1157
479 1089
483 1496
488 535
488 536
493 994
496 702
496 1066
496 1088
496 1181
496 1376
496 1729
497 520
497 798
497 963
497 1214
497 1215
497 1227
497 1641
497 1682
497 1689
497 1703
498 773
498 860
498 861
498 862
498 863
499 1496
502 1553
502 1574
503 1191
507 827
511 1104
515 1103
516 520
517 994
518 1508
519 1916
520 529
520 698
520 719
520 763
520 946
520 947
520 948
521 1492
523 1296
525 1097
527 1256
535 717
535 794
535 811
535 835
535 935
535 1184
535 1210
535 1355
535 1356
535 1357
536 865
536 903
536 910
536 1003
536 1090
536 1209
536 1390
536 1397
536 1508
536 1671
536 1749
536 1786
536 1858
540 1524
541 1003
543 1496
543 1574
548 1689
554 1724
556 1942
557 1897
558 784
558 1097
562 658
562 1160
565 1089
570 673
570 1171
570 1287
570 1369
570 1501
570 1785
575 803
580 581
580 582
580 583
580 584
580 585
580 586
580 587
580 588
580 589
580 590
580 591
580 592
580 593
582 1662
584 910
586 616
586 661
586 714
586 731
586 1046
586 1186
586 1313
586 1314
586 1315
586 1316
599 1829
605 1689
607 1508
607 1622
608 1689
613 1090
616 621
617 1880
620 927
621 1042
621 1380
621 1716
621 1717
621 1718
621 1719
627 731
627 1122
630 1617
631 1185
631 1297
634 1508
635 1315
636 1724
638 1786
644 659
648 731
651 1792
652 1437
652 1880
653 658
655 1437
656 1350
658 921
658 1018
658 1691
659 775
659 803
659 893
659 1268
659 1315
659 1484
659 1485
659 1486
659 1487
659 1488
659 1489
659 1490
659 1491
659 1492
660 1617
661 1274
664 668
668 829
668 917
668 925
668 1705
668 1743
668 1814
668 1864
668 1868
671 1662
672 1554
673 806
673 994
680 994
684 1004
690 1792
692 1486
693 696
695 1185
696 832
696 845
696 1023
696 1157
696 1186
696 1191
696 1338
696 1554
696 1571
696 1662
696 1679
696 1865
696 1908
696 1979
700 1122
701 1350
703 1268
714 1490
727 731
728 1350
729 1508
731 957
731 969
731 1717
731 1910
731 1932
731 1996
734 1627
737 994
738 1919
747 784
754 1090
770 1104
774 1906
775 1627
778 1492
781 784
784 935
784 1160
784 1203
784 1907
784 1939
787 866
794 1000
795 1792
798 1492
801 1363
802 1402
803 853
803 946
803 1472
803 1900
804 806
806 883
806 1107
806 1181
806 1334
806 1349
806 1408
806 1412
806 1444
806 1524
806 1565
806 1587
806 1820
806 1873
810 1274
811 1622
815 866
816 1622
817 1577
819 1492
820 1296
822 1251
822 1274
825 1486
826 827
827 907
827 1076
827 1605
827 1658
827 1683
828 1104
829 832
832 927
832 994
832 1001
832 1039
832 1099
832 1446
832 1499
832 1655
832 1661
832 1729
832 1853
833 1524
837 1251
838 1003
840 1724
844 1689
859 1617
860 1185
861 1919
864 866
866 1340
866 1642
866 1898
866 1974
869 1409
871 1157
880 1127
887 1297
889 994
889 1402
890 1574
892 1786
894 1350
896 1908
908 1437
910 1087
910 1210
910 1225
910 1234
910 1274
910 1297
910 1703
911 1577
912 1127
914 1315
915 1600
923 1409
927 1538
927 1635
927 1788
929 1090
939 1553
941 1919
944 1274
944 1880
950 1577
951 1627
957 1090
962 1437
967 1662
972 1309
972 1363
974 1906
979 1496
981 1662
983 1747
989 1103
992 1916
994 1126
994 1139
994 1449
994 1533
994 1539
994 1540
994 1541
995 1313
1000 1269
1000 1287
1000 1379
1000 1659
1000 1894
1000 1910
1001 1554
1001 1600
1003 1136
1003 1216
1003 1261
1003 1454
1003 1818
1003 1820
1004 1112
1004 1389
1004 1401
1004 1990
1013 1524
1013 1919
1022 1160
1022 1313
1030 1409
1030 1486
1030 1829
1035 1185
1037 1747
1046 1627
1053 1662
1056 1251
1061 1157
1067 1786
1069 1829
1072 1724
1075 1103
1082 1309
1087 1089
1087 1090
1089 1349
1089 1438
1089 1523
1089 1525
1089 1667
1090 1425
1090 1479
1090 1565
1090 1657
1097 1225
1097 1505
1097 1600
1097 1774
1098 1792
1101 1496
1103 1104
1103 1105
1103 1106
1103 1107
1104 1167
1104 1273
1104 1577
1104 1747
1104 1906
1104 1935
1107 1724
1110 1942
1116 1268
1122 1136
1122 1144
1122 1188
1122 1222
1124 1908
1127 1176
1127 1322
1127 1494
1128 1574
1132 1191
1133 1167
1134 1829
1134 1908
1136 1309
1142 1786
1147 1600
1155 1157
1157 1221
1157 1643
1157 1810
1160 1161
1160 1162
1160 1163
1160 1164
1164 1486
1165 1167
1167 1204
1167 1289
1167 1746
1177 1486
1181 1662
1184 1191
1185 1217
1185 1925
1187 1908
1191 1398
1191 1838
1192 1627
1201 1574
1210 1492
1212 1747
1214 1524
1228 1577
1229 1689
1238 1363
1246 1251
1250 1627
1251 1340
1251 1734
1251 1762
1251 1941
1253 1792
1256 1435
1256 1443
1256 1605
1256 1639
1256 1726
1256 1996
1257 1553
1257 1554
1258 1554
1266 1519
1268 1378
1268 1432
1268 1455
1268 1827
1268 1864
1268 1981
1269 1274
1274 1312
1274 1754
1274 1875
1275 1724
1284 1880
1285 1402
1289 1627
1290 1297
1292 1908
1293 1296
1293 1297
1294 1486
1296 1301
1296 1330
1296 1376
1296 1679
1297 1310
1297 1635
1297 1678
1302 1402
1307 1574
1308 1724
1309 1383
1309 1486
1309 1559
1309 1648
1309 1987
1311 1313
1313 1558
1313 1594
1314 1689
1315 1564
1315 1942
1315 1997
1332 1350
1337 1363
1350 1351
1350 1352
1350 1353
1350 1354
1352 1496
1363 1381
1363 1459
1363 1736
1363 1870
1363 1889
1366 1508
1367 1524
1378 1490
1378 1919
1402 1456
1402 1773
1407 1437
1408 1409
1409 1461
1409 1731
1409 1964
1412 1553
1413 1873
1415 1553
1433 1490
1437 1509
1437 1671
1437 1716
1437 1917
1440 1662
1451 1942
1461 1622
1466 1873
1467 1627
1474 1486
1476 1724
1486 1991
1487 1897
1488 1906
1490 1703
1490 1821
1491 1919
1492 1872
1492 1951
1495 1496
1496 1526
1499 1554
1508 1896
1508 1974
1509 1627
1509 1880
1513 1906
1514 1519
1519 1528
1519 1552
1519 1820
1524 1525
1537 1897
1544 1617
1545 1747
1547 1916
1547 1919
1553 1946
1554 1562
1554 1960
1573 1617
1574 1715
1574 1780
1577 1578
1577 1579
1577 1580
1585 1792
1588 1916
1599 1600
1600 1929
1611 1792
1615 1617
1617 1651
1617 1686
1617 1722
1619 1906
1620 1622
1622 1688
1622 1689
1622 1872
1622 1936
1625 1627
1627 1687
1627 1689
1627 1895
1656 1724
1656 1873
1661 1662
1689 1690
1689 1691
1702 1747
1703 1724
1724 1854
1724 1943
1729 1873
1747 1878
1747 1922
1777 1873
1834 1916
1848 1906
1865 1906
1873 1885
1875 1908
1876 1908
1879 1880
1880 1911
1888 1897
1897 1967
1897 1996
