9 1830
13 1619
19 336
25 961
35 42
42 709
42 888
42 906
42 992
42 1120
42 1492
42 1688
42 1830
42 1876
51 327
146 819
168 961
189 1132
191 819
197 961
216 819
223 1132
227 1619
236 1842
254 1874
257 336
301 1874
304 1983
306 1906
321 819
324 1132
327 393
327 767
327 811
327 812
327 813
327 814
327 815
327 816
327 817
327 818
327 819
327 820
336 727
336 782
336 1371
336 1619
336 1834
336 1848
336 1874
338 1842
424 428
428 789
428 814
428 819
428 1023
428 1042
428 1172
428 1489
428 1619
428 1679
428 1805
428 1969
464 1906
487 1125
493 1619
595 1125
597 1619
597 1874
627 1125
646 1830
695 1132
768 1874
774 1906
785 1132
797 1830
819 1131
819 1319
819 1341
819 1492
819 1649
837 1983
907 1132
960 961
961 1445
961 1842
961 1874
974 1906
977 1842
980 1830
997 1125
1088 1125
1104 1906
1125 1290
1125 1403
1125 1470
1125 1754
1125 1830
1132 1191
1132 1619
1132 1672
1132 1766
1308 1874
1488 1906
1513 1906
1561 1983
1587 1842
1619 1781
1619 1830
1619 1906
1686 1830
1723 1830
1830 1983
1836 1874
1848 1906
1865 1906
