0 2
2 197
2 212
2 385
2 1006
2 1073
2 1361
2 1450
2 1661
2 1697
2 1984
34 1104
45 1104
90 427
98 889
111 1104
126 1747
136 427
210 253
214 1104
244 1747
252 253
252 254
252 255
252 256
252 257
252 258
252 259
252 260
253 300
253 309
253 385
253 637
253 702
253 782
253 1104
253 1186
253 1574
253 1603
253 1680
306 1906
322 1577
344 1577
367 427
383 385
385 556
385 889
385 951
385 1048
385 1207
385 1467
385 1613
385 1738
408 1747
424 427
425 427
427 472
427 866
427 1004
427 1104
427 1393
427 1443
427 1854
427 1916
435 889
445 1103
462 1577
464 1906
490 889
511 1104
515 1103
564 889
770 1104
774 1906
817 1577
828 1104
875 889
881 889
889 994
889 1401
889 1402
911 1577
950 1577
974 1906
983 1747
989 1103
1037 1747
1075 1103
1103 1104
1103 1105
1103 1106
1103 1107
1104 1167
1104 1273
1104 1577
1104 1747
1104 1906
1104 1935
1212 1747
1228 1577
1488 1906
1513 1906
1545 1747
1577 1578
1577 1579
1577 1580
1619 1906
1702 1747
1747 1878
1747 1922
1848 1906
1865 1906
