8 1431
11 1914
43 48
48 314
48 453
48 462
48 632
48 1518
48 1792
48 1886
48 1961
59 64
64 99
64 222
64 426
64 547
64 838
64 843
64 1431
64 1540
64 1672
64 1698
64 1819
64 1929
64 1956
65 1914
74 245
102 1637
135 141
141 144
141 219
141 332
141 497
141 922
141 951
141 988
141 1172
141 1431
141 1710
226 1431
233 245
245 291
245 462
245 578
245 934
245 949
245 1140
245 1279
245 1303
245 1391
245 1431
245 1642
254 462
418 1405
436 462
457 1415
462 627
462 673
462 1177
462 1405
462 1577
462 1663
462 1674
462 1761
469 837
469 1637
517 837
517 1415
518 837
587 837
604 1914
666 1431
715 1637
762 1431
812 1637
837 1149
837 1229
837 1251
837 1325
837 1427
837 1431
837 1541
837 1690
837 1799
837 1900
837 1914
837 1983
909 1431
916 1415
957 1637
1017 1415
1057 1637
1320 1415
1343 1637
1403 1405
1411 1415
1415 1421
1415 1431
1415 1498
1415 1553
1415 1701
1415 1702
1431 1435
1431 1637
1431 1774
1431 1901
1431 1970
1459 1914
1484 1914
1588 1637
1635 1637
1637 1740
1637 1803
1637 1912
1637 1913
1746 1914
1914 1915
