3 625
4 1919
5 789
5 1423
6 1244
7 1928
11 789
12 1690
13 160
16 199
18 26
19 998
21 501
22 443
23 333
23 501
25 961
26 87
26 277
26 1172
26 1488
26 1753
26 1825
30 33
32 37
32 44
32 1288
32 1460
33 315
33 530
33 895
33 1035
33 1119
33 1229
33 1396
33 1530
34 992
34 1928
35 37
36 1509
37 424
37 960
37 1354
37 1396
37 1582
37 1812
38 384
38 619
39 138
39 790
42 992
43 44
43 49
43 51
44 108
44 123
44 159
44 234
44 388
44 532
44 570
44 691
44 696
44 806
44 882
44 951
44 1089
44 1177
44 1256
44 1265
44 1572
44 1724
45 1700
46 1550
47 496
49 157
49 364
49 431
49 470
49 849
49 1059
49 1306
49 1515
49 1530
50 51
50 1689
51 110
51 322
51 323
51 324
51 325
51 326
51 327
51 328
51 329
54 543
54 1004
54 1157
55 587
56 360
56 1354
57 1550
58 186
59 62
59 68
59 69
61 642
62 284
62 326
62 333
62 340
62 479
62 946
62 967
62 990
62 1021
62 1617
62 1783
62 1891
66 108
66 153
66 1004
67 1530
68 543
68 816
68 888
68 1055
68 1076
68 1780
68 1962
69 497
69 514
69 640
69 891
69 1276
70 71
71 155
71 221
71 227
71 374
71 857
71 958
71 1242
71 1784
71 1848
72 953
77 1550
77 1806
80 1861
81 1877
84 1354
87 88
87 89
87 90
87 91
87 92
87 93
87 94
87 95
87 96
87 97
87 98
87 99
89 443
89 544
89 587
89 599
89 611
89 623
89 950
89 991
89 1111
89 1146
89 1177
89 1291
89 1318
89 1335
89 1363
89 1516
90 108
90 1281
91 313
92 992
93 315
93 489
93 637
93 724
93 1000
93 1001
93 1002
93 1003
93 1004
93 1005
93 1006
93 1007
93 1008
93 1009
93 1010
93 1011
94 333
94 624
95 953
98 889
99 1576
100 101
100 108
101 313
101 609
101 810
101 1094
101 1109
101 1139
101 1521
101 1625
101 1634
101 1846
102 1637
103 1363
104 326
104 857
108 156
108 312
108 391
108 545
108 609
108 885
108 1149
108 1340
108 1919
110 498
110 724
112 115
112 120
112 121
112 123
114 565
115 117
115 298
115 300
115 571
115 675
115 790
115 991
115 1061
115 1377
115 1438
115 1439
116 1003
117 175
119 1915
120 439
120 470
120 570
120 630
120 660
120 833
120 936
120 1087
120 1235
120 1313
121 168
121 756
121 1511
121 1917
121 1981
122 1700
123 303
123 913
123 999
123 1062
123 1520
123 1559
123 1560
123 1774
124 1915
125 130
125 133
129 333
129 1288
130 465
130 674
130 911
130 925
130 1005
130 1303
130 1306
130 1403
130 1530
131 813
133 161
133 162
133 163
133 164
133 165
133 166
133 167
133 168
135 138
135 139
135 140
135 141
136 368
137 998
137 1227
138 159
138 174
138 1198
138 1449
138 1590
138 1655
139 193
139 656
139 696
139 1166
139 1214
139 1262
139 1610
139 1997
140 222
140 445
140 667
140 746
140 791
140 971
140 1278
140 1460
140 1661
140 1862
141 144
141 219
141 332
141 497
141 922
141 951
141 988
141 1172
141 1431
141 1710
142 1002
142 1004
142 1576
142 1662
143 471
148 1877
149 153
149 159
149 160
153 168
153 412
153 763
153 845
153 975
153 1540
153 1636
155 1588
156 737
159 567
159 607
159 785
159 791
159 971
159 1134
159 1257
159 1502
159 1683
159 1804
159 1921
160 313
160 416
160 491
160 541
160 623
160 874
160 878
160 885
160 1288
160 1312
160 1332
160 1333
160 1334
161 168
164 471
164 1000
166 1516
168 313
168 405
168 547
168 565
168 632
168 698
168 833
168 919
168 961
168 1285
168 1653
168 1806
169 170
169 171
169 172
169 173
169 174
169 175
169 176
169 177
171 1146
175 234
175 308
175 467
175 516
175 968
175 1079
175 1141
175 1201
175 1345
175 1466
175 1664
175 1923
178 179
179 384
179 429
179 556
179 639
179 1184
179 1343
179 1735
179 1838
179 1887
181 1662
181 1908
183 326
186 187
186 188
186 189
186 190
186 191
186 192
186 193
187 1509
188 419
188 425
188 495
188 496
188 497
188 498
188 499
188 500
188 501
188 502
188 503
188 504
188 505
189 735
189 1447
190 789
192 1157
194 199
196 443
197 961
198 857
199 775
199 966
199 1249
199 1412
199 1920
199 1921
202 815
203 789
206 1350
206 1873
209 798
210 1861
211 623
212 1529
219 1806
220 554
220 1447
221 228
221 231
223 1350
227 662
228 290
228 737
228 1242
228 1427
228 1433
228 1446
228 1471
228 1800
231 567
231 797
231 919
231 931
237 284
237 996
240 708
240 1410
244 489
246 250
246 251
247 1873
249 1516
250 313
250 419
250 507
250 945
250 1093
250 1238
250 1387
250 1388
250 1389
251 321
251 350
251 365
251 406
251 566
251 608
251 621
251 1047
251 1111
251 1471
251 1518
251 1538
251 1668
251 1707
255 672
257 333
257 334
259 471
259 952
259 1877
262 1244
262 1509
263 544
263 1923
264 489
265 892
265 952
266 360
267 544
270 1668
274 360
274 1640
275 498
275 1191
276 544
278 998
278 1922
283 642
284 285
284 286
284 287
284 288
284 289
284 290
284 291
284 292
285 992
287 1576
298 813
299 313
301 1869
302 642
302 696
304 544
304 1460
305 623
308 544
310 1530
313 1135
313 1205
313 1522
313 1548
313 1572
313 1729
313 1793
314 317
315 1529
317 375
317 453
317 516
317 543
317 883
317 1396
317 1511
317 1625
317 1733
317 1768
318 1111
319 993
325 652
325 737
326 497
326 662
326 770
326 832
326 1028
326 1437
326 1496
326 1500
326 1616
326 1749
326 1967
327 813
327 815
333 630
333 703
333 859
333 1286
333 1546
333 1896
334 532
334 745
334 906
334 990
334 1111
334 1443
334 1546
337 626
340 735
340 737
343 627
344 1447
345 1869
346 1664
347 625
350 1002
352 587
352 662
353 1312
355 360
360 375
360 456
360 466
360 469
360 537
360 1354
360 1437
360 1727
360 1759
363 857
365 368
366 626
366 1423
368 479
368 543
368 605
368 954
368 1467
368 1484
368 1608
368 1765
368 1837
369 627
369 991
370 714
380 833
381 672
381 1423
383 384
384 474
384 616
384 808
384 915
384 1017
384 1041
384 1178
384 1183
384 1339
384 1423
384 1700
384 1751
384 1825
384 1920
384 1972
385 889
386 1244
388 621
388 1350
388 1412
391 1000
394 1111
396 927
396 931
398 543
398 1363
398 1588
399 496
402 832
404 435
407 1447
410 1924
411 1034
417 496
418 1869
421 496
421 992
421 1553
423 788
423 1869
425 625
426 1000
427 1004
428 789
430 998
431 1509
432 1588
433 1664
434 435
434 443
435 552
435 889
435 1033
435 1039
435 1244
435 1275
435 1354
435 1474
435 1677
435 1734
435 1748
435 1879
438 471
439 940
443 604
443 1200
443 1527
443 1795
443 1985
447 498
447 1000
448 1034
450 790
450 850
452 940
458 543
458 1806
462 627
462 673
463 1509
464 1008
467 471
469 1363
469 1637
470 662
471 511
471 623
471 997
471 1024
471 1025
471 1026
472 1934
475 892
477 1157
478 931
481 624
482 544
486 489
486 491
489 1343
489 1439
489 1581
489 1675
489 1984
490 889
491 863
495 815
495 1192
496 702
496 1066
496 1088
496 1181
496 1376
496 1729
497 520
497 798
497 963
497 1214
497 1215
497 1227
497 1641
497 1682
497 1689
497 1703
498 773
498 860
498 861
498 862
498 863
499 638
499 755
499 836
499 1010
499 1078
499 1320
499 1454
499 1496
499 1654
499 1757
500 1111
501 767
501 769
501 1113
501 1226
501 1480
501 1655
502 1553
503 789
503 1191
515 1033
516 520
519 1312
520 529
520 698
520 719
520 763
520 946
520 947
520 948
521 1803
523 1008
527 1256
528 1447
531 587
533 724
533 1460
536 1003
538 1640
539 540
539 541
539 542
539 543
540 1516
540 1570
541 1003
541 1640
543 956
543 1039
543 1354
543 1396
543 1410
543 1496
543 1558
543 1574
543 1683
543 1684
544 632
544 1019
544 1259
544 1740
545 1924
546 1146
548 815
548 1034
548 1689
549 788
552 554
553 1588
553 1803
554 959
554 1299
554 1412
554 1556
554 1724
556 1877
559 1470
560 563
560 565
561 991
561 1227
563 1332
563 1530
563 1656
563 1740
563 1977
564 626
564 889
565 814
565 817
565 868
565 1089
565 1317
565 1335
566 790
567 833
568 1227
570 673
574 673
576 995
580 587
582 989
582 1516
582 1662
583 652
583 1576
586 714
587 836
587 837
587 838
587 839
587 840
587 841
591 1668
596 788
598 1640
600 789
604 1470
605 1664
605 1689
607 1622
608 673
608 1011
608 1689
610 1318
611 789
611 1107
611 1412
612 642
615 1509
615 1576
616 619
616 621
619 663
619 741
619 843
619 1021
619 1040
619 1337
619 1483
619 1861
620 927
621 1042
621 1380
621 1716
621 1717
621 1718
621 1719
622 1281
623 624
623 625
623 626
623 627
623 628
623 629
623 630
623 631
623 632
624 870
624 1058
624 1083
624 1112
624 1793
625 873
625 874
625 875
625 876
626 709
626 1562
626 1890
627 731
627 736
627 1120
627 1121
627 1122
627 1123
627 1124
627 1125
628 815
628 991
630 1617
630 1700
632 808
633 1011
633 1588
637 940
638 1423
640 931
642 689
642 944
642 960
642 1083
642 1107
642 1535
642 1857
643 652
648 708
649 1806
652 958
652 1174
652 1238
652 1354
652 1437
652 1880
655 788
655 931
656 1350
660 1617
661 1111
662 900
662 1069
662 1101
662 1234
662 1602
662 1638
664 672
664 673
667 1861
667 1928
671 1662
672 725
672 795
672 1123
672 1176
672 1196
672 1354
672 1554
672 1644
672 1716
673 708
673 737
673 806
673 881
673 988
673 989
673 990
673 991
673 992
673 993
673 994
673 995
673 996
673 997
673 998
673 999
674 1312
675 1244
682 1530
684 1004
688 1861
690 1281
693 696
696 832
696 845
696 1023
696 1157
696 1186
696 1191
696 1338
696 1554
696 1571
696 1662
696 1679
696 1865
696 1908
696 1979
697 785
701 1350
702 808
702 1806
705 708
705 714
706 714
708 756
708 1026
708 1053
708 1071
708 1096
708 1630
708 1834
708 1835
709 789
709 1529
710 1570
711 1447
714 762
714 991
714 1143
714 1454
714 1490
714 1527
714 1920
714 1932
715 1588
715 1637
717 998
718 724
723 790
723 1447
724 756
724 1205
724 1206
724 1207
724 1208
728 1350
731 957
734 1627
735 985
735 1201
735 1404
735 1621
735 1901
735 1911
735 1930
735 1933
737 772
737 829
737 857
737 956
737 994
737 1136
737 1408
737 1474
737 1475
738 1919
739 1423
743 833
744 1877
760 1470
761 1550
769 798
769 1033
773 785
774 785
774 1289
775 1627
778 1922
780 1700
781 785
785 793
785 1132
785 1218
785 1295
785 1736
785 1737
786 788
788 790
788 1005
788 1242
788 1953
789 790
790 813
790 1026
790 1236
790 1590
790 1607
790 1739
790 1817
791 798
794 991
794 1000
796 953
796 1690
797 998
798 948
798 1014
798 1073
798 1260
798 1394
798 1492
798 1593
800 1570
801 1363
804 806
804 808
806 883
806 1107
806 1181
806 1334
806 1349
806 1408
806 1412
806 1444
806 1524
806 1565
806 1587
806 1820
806 1873
808 969
808 991
808 1052
808 1579
808 1813
808 1853
808 1915
808 1928
808 1940
811 850
811 1622
812 1637
813 1479
813 1927
815 857
815 866
815 1077
816 1622
817 1146
823 953
829 832
829 833
832 927
832 994
832 1001
832 1039
832 1099
832 1446
832 1499
832 1655
832 1661
832 1729
832 1853
833 887
833 1018
833 1168
833 1524
833 1681
833 1712
837 1690
838 952
838 1003
838 1640
844 1576
844 1689
847 1354
848 850
848 857
850 900
850 1034
851 1668
853 953
857 891
857 892
857 893
857 894
857 895
857 896
857 897
857 898
859 1617
861 1919
862 1146
865 1011
867 957
868 998
869 1530
871 1157
875 889
876 1509
876 1923
877 1412
881 889
884 1806
886 1289
889 994
889 1401
889 1402
892 1337
892 1595
892 1786
892 1946
894 1350
896 1908
897 957
897 1447
898 1312
908 1011
908 1570
912 1312
914 1412
915 1570
925 957
927 1538
927 1635
927 1788
931 1126
931 1237
931 1403
931 1570
931 1671
931 1727
931 1762
931 1861
931 1862
932 940
938 1288
938 1289
939 1553
940 998
940 1025
940 1726
940 1836
940 1970
941 1919
945 1460
948 1530
949 952
950 1275
950 1664
951 1627
952 1016
952 1032
952 1108
952 1109
952 1110
952 1111
953 954
953 955
953 956
953 957
953 958
953 959
957 1090
957 1161
957 1201
957 1215
957 1460
957 1550
957 1637
957 1731
957 1732
960 961
961 1445
961 1842
961 1874
965 993
965 1192
965 1928
967 1662
972 1363
981 1662
989 1023
989 1103
989 1471
989 1715
989 1920
989 1954
991 1092
991 1466
991 1576
991 1698
991 1861
991 1961
992 1152
992 1171
992 1258
992 1900
992 1916
993 1334
993 1788
993 1808
993 1809
995 1123
995 1313
995 1572
995 1573
996 1201
996 1501
998 1403
998 1414
998 1523
998 1640
1000 1269
1000 1287
1000 1379
1000 1659
1000 1894
1000 1910
1001 1915
1002 1255
1002 1265
1002 1685
1002 1872
1003 1136
1003 1216
1003 1261
1003 1454
1003 1818
1003 1820
1004 1112
1004 1389
1004 1401
1004 1990
1006 1111
1008 1465
1008 1497
1008 1635
1008 1856
1008 1887
1008 1967
1009 1923
1011 1391
1013 1919
1015 1922
1015 1923
1019 1318
1027 1033
1027 1034
1031 1550
1031 1664
1033 1254
1033 1286
1033 1352
1033 1451
1033 1698
1033 1790
1034 1278
1034 1354
1034 1413
1034 1529
1034 1530
1034 1531
1036 1412
1038 1664
1039 1412
1040 1530
1042 1281
1046 1627
1048 1227
1052 1668
1053 1662
1055 1668
1057 1637
1061 1157
1074 1354
1074 1460
1085 1201
1103 1107
1107 1262
1107 1281
1107 1293
1107 1314
1107 1445
1107 1459
1107 1506
1107 1643
1107 1724
1107 1869
1111 1128
1111 1388
1111 1425
1111 1446
1111 1544
1111 1934
1117 1700
1124 1908
1125 1470
1128 1576
1130 1281
1132 1191
1134 1908
1140 1192
1142 1529
1145 1146
1146 1475
1146 1691
1146 1767
1146 1872
1146 1946
1155 1157
1157 1221
1157 1643
1157 1810
1158 1924
1159 1877
1163 1806
1167 1289
1173 1924
1175 1460
1181 1662
1183 1516
1184 1191
1184 1192
1187 1908
1191 1398
1191 1838
1192 1263
1192 1521
1192 1627
1193 1447
1197 1201
1201 1214
1201 1250
1201 1269
1201 1475
1201 1574
1201 1604
1202 1640
1205 1928
1221 1803
1224 1509
1227 1422
1227 1604
1227 1711
1227 1722
1227 1986
1229 1689
1231 1928
1233 1244
1233 1460
1238 1363
1240 1447
1242 1244
1244 1625
1244 1635
1244 1684
1244 1788
1244 1899
1244 1902
1245 1318
1250 1627
1253 1470
1256 1435
1256 1443
1256 1605
1256 1639
1256 1726
1256 1996
1257 1553
1261 1869
1269 1275
1274 1312
1275 1525
1275 1724
1275 1731
1275 1876
1278 1281
1279 1803
1281 1569
1281 1641
1283 1861
1288 1298
1288 1489
1288 1518
1288 1593
1288 1599
1289 1335
1289 1499
1289 1627
1289 1794
1289 1961
1290 1470
1290 1915
1292 1908
1300 1922
1303 1423
1312 1398
1312 1710
1312 1727
1312 1832
1314 1689
1317 1318
1318 1349
1318 1366
1318 1374
1318 1680
1318 1799
1318 1958
1326 1550
1332 1350
1332 1410
1337 1363
1339 1924
1341 1470
1341 1529
1343 1637
1350 1351
1350 1352
1350 1353
1350 1354
1354 1427
1354 1447
1354 1542
1354 1702
1354 1861
1354 1922
1356 1803
1362 1447
1363 1381
1363 1459
1363 1736
1363 1870
1363 1889
1378 1919
1383 1922
1388 1550
1393 1664
1408 1410
1408 1412
1410 1745
1412 1553
1412 1780
1412 1804
1413 1873
1414 1576
1415 1553
1423 1739
1423 1949
1423 1950
1428 1923
1431 1637
1437 1509
1440 1662
1443 1869
1447 1698
1458 1877
1460 1484
1460 1610
1460 1732
1460 1806
1460 1864
1460 1870
1460 1994
1461 1622
1466 1873
1467 1627
1469 1530
1470 1501
1470 1530
1470 1894
1472 1869
1474 1509
1491 1919
1497 1516
1497 1869
1504 1550
1509 1627
1509 1880
1514 1516
1516 1643
1529 1643
1530 1541
1530 1656
1530 1877
1531 1803
1544 1617
1545 1690
1547 1919
1550 1611
1550 1956
1553 1946
1570 1669
1570 1828
1573 1617
1576 1783
1576 1827
1588 1637
1588 1916
1594 1803
1605 1668
1615 1617
1617 1651
1617 1686
1617 1722
1620 1622
1622 1688
1622 1689
1622 1872
1622 1936
1625 1627
1627 1687
1627 1689
1627 1895
1635 1637
1637 1740
1637 1803
1637 1912
1637 1913
1640 1776
1641 1668
1644 1923
1656 1873
1661 1662
1668 1964
1689 1690
1689 1691
1690 1707
1690 1810
1690 1891
1727 1806
1729 1873
1747 1922
1777 1873
1803 1855
1806 1888
1840 1924
1844 1915
1849 1994
1861 1884
1861 1893
1861 1924
1873 1885
1875 1908
1876 1908
1877 1878
1905 1923
1912 1923
1914 1915
1924 1929
1934 1935
