1 827
2 1006
3 625
4 1631
4 1919
5 1423
6 1533
7 1432
8 1431
9 665
10 1704
12 541
12 1690
13 160
16 145
18 26
20 391
21 501
22 144
22 443
22 699
23 333
23 501
25 961
26 87
26 277
26 1172
26 1488
26 1753
26 1825
30 33
31 323
31 999
32 44
32 1288
32 1460
33 315
33 530
33 895
33 1035
33 1119
33 1229
33 1396
33 1530
34 992
38 384
38 619
39 138
42 992
43 44
43 45
43 46
43 47
43 48
43 49
43 50
43 51
44 108
44 123
44 159
44 234
44 388
44 532
44 570
44 691
44 696
44 806
44 882
44 951
44 1089
44 1177
44 1256
44 1265
44 1572
44 1724
45 1700
46 1550
50 1689
51 323
51 326
54 1157
55 587
56 360
56 1849
57 161
57 1550
59 62
59 69
61 307
61 642
62 284
62 326
62 333
62 340
62 479
62 946
62 967
62 990
62 1021
62 1617
62 1783
62 1891
64 1431
64 1698
64 1929
65 1921
66 108
66 153
69 497
69 514
69 640
69 891
69 1276
72 953
72 1519
73 827
74 245
77 386
77 391
77 1550
77 1806
80 934
80 1250
80 1861
84 934
86 1049
87 88
87 89
87 90
87 91
87 92
87 93
87 94
87 95
87 96
87 97
87 98
87 99
89 443
89 544
89 587
89 599
89 611
89 623
89 950
89 991
89 1111
89 1146
89 1177
89 1291
89 1318
89 1335
89 1363
89 1516
90 108
90 1281
91 313
92 992
92 1496
93 315
93 1000
93 1003
93 1006
94 333
94 624
95 953
99 1576
100 101
100 108
101 313
101 609
101 810
101 1094
101 1109
101 1139
101 1521
101 1625
101 1634
101 1846
102 1637
103 1363
104 326
108 156
108 312
108 391
108 545
108 609
108 885
108 1149
108 1340
108 1919
111 1722
112 115
112 120
112 121
113 1250
114 565
115 117
115 298
115 300
115 571
115 675
115 790
115 991
115 1061
115 1377
115 1438
115 1439
116 1003
116 1631
118 700
118 1929
119 1915
120 439
120 470
120 570
120 630
120 660
120 833
120 936
120 1087
120 1235
120 1313
121 168
121 756
121 1511
121 1917
121 1981
122 700
122 1700
123 999
124 1915
129 333
129 1288
130 1403
132 1538
133 161
133 163
133 168
135 137
135 138
135 139
135 140
137 938
137 979
137 998
137 1227
137 1250
137 1370
137 1459
137 1486
137 1925
138 159
138 174
138 1198
138 1449
138 1590
138 1655
139 193
139 656
139 696
139 1166
139 1214
139 1262
139 1610
139 1997
140 222
140 445
140 667
140 746
140 791
140 971
140 1278
140 1460
140 1661
140 1862
141 144
141 497
141 1431
142 1576
142 1662
143 471
144 145
144 146
144 147
144 148
145 161
145 171
145 291
145 717
145 730
145 903
145 915
145 1303
145 1308
145 1420
145 1432
145 1519
145 1895
149 153
149 159
149 160
153 168
153 412
153 763
153 845
153 975
153 1540
153 1636
154 1246
154 1533
155 1588
159 567
159 607
159 785
159 791
159 971
159 1134
159 1257
159 1502
159 1683
159 1804
159 1921
160 313
160 416
160 491
160 541
160 623
160 874
160 878
160 885
160 1288
160 1312
160 1332
160 1333
160 1334
161 168
161 247
161 341
161 537
161 581
161 730
161 793
161 1113
161 1203
161 1400
161 1722
161 1787
163 192
163 476
163 575
163 699
163 885
163 924
163 1697
163 1739
163 1849
163 1944
163 1981
164 471
164 1000
166 1516
168 313
168 405
168 547
168 565
168 632
168 698
168 833
168 919
168 961
168 1285
168 1653
168 1806
171 1146
174 1538
175 1201
175 1664
178 179
178 185
179 384
179 429
179 556
179 639
179 1184
179 1343
179 1735
179 1838
179 1887
181 517
181 1662
181 1908
182 323
182 1400
183 326
185 266
185 346
185 363
185 712
185 852
185 1439
185 1531
185 1641
185 1836
187 897
188 497
188 501
189 735
192 1157
196 443
197 961
199 1412
199 1921
200 1356
203 700
205 386
206 1873
208 1712
209 798
210 266
210 1861
211 623
212 1529
213 1253
218 1246
219 1806
220 554
220 930
221 231
226 700
226 1431
226 1496
227 662
227 1533
229 1929
231 567
231 797
231 919
231 931
233 240
233 245
234 699
234 700
236 1051
237 284
237 996
240 325
240 708
240 1015
240 1310
240 1410
245 291
245 462
245 578
245 934
245 949
245 1140
245 1279
245 1303
245 1391
245 1431
245 1642
246 250
246 251
247 1873
249 1516
250 313
250 419
250 507
250 945
250 1093
250 1238
250 1387
250 1388
250 1389
251 321
251 350
251 365
251 406
251 566
251 608
251 621
251 1047
251 1111
251 1471
251 1518
251 1538
251 1668
251 1707
253 1574
254 665
255 934
257 333
259 471
259 952
261 266
263 544
265 952
266 315
266 360
266 430
266 515
266 566
266 950
266 1173
266 1448
266 1506
266 1907
267 544
270 1113
270 1668
272 1538
274 360
274 1640
275 1191
276 544
277 280
279 1574
280 329
280 380
280 476
280 517
280 576
280 896
280 1506
283 315
283 642
284 285
284 286
284 287
284 288
284 289
284 290
284 291
284 292
285 992
286 1253
287 1576
298 1308
299 307
299 313
301 1869
302 642
302 696
304 544
304 1402
304 1460
304 1787
305 623
307 308
307 315
307 561
307 679
307 1235
307 1252
308 544
313 1135
313 1205
313 1522
313 1548
313 1572
313 1729
313 1793
314 315
315 323
315 423
315 470
315 552
315 698
315 705
315 884
315 1214
315 1364
315 1478
315 1529
315 1631
315 1703
315 1704
318 1111
318 1432
319 993
322 1577
323 747
323 1226
323 1784
323 1898
326 497
326 662
326 770
326 832
326 1028
326 1437
326 1496
326 1500
326 1616
326 1749
326 1967
331 1400
333 630
333 703
333 859
333 1286
333 1546
333 1896
334 745
334 1111
337 626
340 735
341 1722
343 627
344 1577
345 1554
345 1869
346 1308
346 1664
347 625
348 1161
352 587
352 662
353 1312
354 1849
355 360
357 581
357 665
358 665
358 1250
360 375
360 456
360 466
360 469
360 537
360 1354
360 1437
360 1727
360 1759
362 1712
366 626
366 1423
369 627
369 991
369 1049
376 1006
377 1161
380 833
381 1356
381 1423
383 384
383 386
383 391
384 474
384 616
384 808
384 915
384 1017
384 1041
384 1178
384 1183
384 1339
384 1423
384 1700
384 1751
384 1825
384 1920
384 1972
386 875
386 950
386 1150
386 1244
386 1258
386 1336
386 1978
388 621
388 1412
391 536
391 606
391 700
391 827
391 920
391 1000
391 1402
391 1723
391 1852
391 1876
391 1880
391 1891
393 1519
394 1111
396 930
396 931
398 1363
398 1588
400 745
400 1849
407 1880
412 1113
418 1006
418 1869
419 1420
421 992
421 1553
423 1869
425 625
425 1308
426 1000
432 1588
433 950
433 1664
434 443
435 1275
438 471
439 1554
441 1205
443 604
443 1200
443 1527
443 1795
443 1985
446 1400
447 1000
449 827
451 1519
454 541
458 1806
459 1250
459 1849
462 627
462 673
462 1577
464 934
464 1400
466 745
467 471
469 1363
469 1637
470 662
471 511
471 623
471 997
471 1024
471 1025
471 1026
472 1934
475 1712
477 1157
478 931
481 624
482 544
483 1496
486 491
488 517
490 1246
491 863
493 994
497 520
497 798
497 963
497 1214
497 1215
497 1227
497 1641
497 1682
497 1689
497 1703
499 1496
500 1111
501 767
501 769
501 1113
501 1226
501 1480
501 1655
502 1553
502 1574
503 1191
503 1432
503 1704
507 827
509 1478
516 517
516 520
517 591
517 837
517 930
517 939
517 994
517 1212
517 1314
517 1375
517 1413
517 1414
517 1415
519 1312
520 529
520 698
520 719
520 763
520 946
520 947
520 948
526 934
526 1631
527 1256
531 587
532 1113
532 1246
533 1460
535 1356
536 1003
536 1090
538 1161
538 1640
539 540
539 541
539 542
539 543
540 1516
540 1570
541 562
541 669
541 699
541 756
541 965
541 1003
541 1165
541 1307
541 1339
541 1356
541 1640
543 1496
543 1574
544 632
544 1019
544 1259
544 1740
546 1146
548 1689
550 1308
550 1712
552 554
553 1588
554 959
554 1299
554 1412
554 1556
554 1724
560 565
561 991
564 626
565 814
565 817
565 868
565 1089
565 1317
565 1335
567 833
569 829
570 673
574 673
576 995
577 1420
579 930
580 581
580 587
581 691
581 740
581 1110
581 1384
581 1757
582 989
582 1516
582 1662
583 745
583 1576
583 1787
584 950
587 836
587 837
587 838
587 839
587 840
587 841
591 1668
593 1432
595 1205
598 1640
602 1400
605 1664
605 1689
607 1622
608 673
608 1689
610 1318
611 1107
611 1412
612 642
613 1090
615 1576
616 619
616 621
617 1880
619 663
619 741
619 843
619 1021
619 1040
619 1337
619 1483
619 1861
621 1042
621 1380
621 1716
621 1717
621 1718
621 1719
622 1281
623 624
623 625
623 626
623 627
623 628
623 629
623 630
623 631
623 632
624 870
624 1058
624 1083
624 1112
624 1793
625 873
625 874
625 875
625 876
626 709
626 1562
626 1890
627 731
627 736
627 1120
627 1121
627 1122
627 1123
627 1124
627 1125
628 991
630 1700
632 808
633 1588
638 1423
640 931
642 689
642 944
642 960
642 1083
642 1107
642 1535
642 1857
645 699
645 999
645 1161
647 1400
648 708
648 1704
649 1538
649 1806
652 1880
655 931
661 1111
662 900
662 1069
662 1101
662 1234
662 1602
662 1638
664 665
664 666
664 667
664 668
664 669
664 670
664 671
664 672
664 673
664 674
664 675
665 1639
665 1813
665 1941
666 1431
667 699
667 1861
668 829
669 1113
670 1929
671 1662
672 1554
673 708
673 737
673 806
673 881
673 988
673 989
673 990
673 991
673 992
673 993
673 994
673 995
673 996
673 997
673 998
673 999
674 1312
675 1921
680 994
686 1478
688 1861
690 1281
693 696
696 832
696 845
696 1023
696 1157
696 1186
696 1191
696 1338
696 1554
696 1571
696 1662
696 1679
696 1865
696 1908
696 1979
697 785
699 794
699 1048
699 1049
699 1050
699 1051
699 1052
699 1053
700 1013
700 1122
700 1186
700 1257
700 1491
702 808
702 1806
705 708
708 756
708 1026
708 1053
708 1071
708 1096
708 1630
708 1834
708 1835
709 1364
709 1529
710 1570
712 897
714 991
715 1588
715 1637
724 1205
728 1478
731 957
734 1627
735 985
735 1201
735 1404
735 1621
735 1901
735 1911
735 1930
735 1933
737 829
737 994
738 1919
739 1246
739 1423
741 745
743 833
744 1631
744 1849
745 950
745 1221
745 1469
751 1712
754 1090
758 1113
761 1550
762 1431
769 798
771 1921
773 785
774 785
774 1289
775 950
775 1627
780 1700
781 785
785 793
785 1132
785 1218
785 1295
785 1736
785 1737
791 798
792 1308
794 991
794 1000
796 953
796 1690
798 948
798 1014
798 1073
798 1260
798 1394
798 1492
798 1593
800 1570
801 1363
802 1402
804 806
804 808
806 883
806 1107
806 1181
806 1334
806 1349
806 1408
806 1412
806 1444
806 1524
806 1565
806 1587
806 1820
806 1873
808 969
808 991
808 1052
808 1579
808 1813
808 1853
808 1915
808 1928
808 1940
809 1049
811 1622
812 1637
816 1622
817 950
817 1146
817 1577
822 1006
823 953
824 1403
826 827
827 907
827 1076
827 1605
827 1658
827 1683
829 830
829 831
829 832
829 833
829 834
829 835
830 1308
832 994
833 887
833 1018
833 1168
833 1524
833 1681
833 1712
834 1400
837 1431
837 1690
838 952
838 1003
838 1640
841 1400
844 1576
844 1689
847 1712
851 1668
853 953
857 897
860 1722
861 1919
862 1146
867 957
867 1400
870 897
871 1157
877 1412
884 1432
884 1806
886 1289
889 994
889 1402
890 1574
896 1908
897 957
897 958
897 1032
897 1130
897 1372
897 1447
898 1312
903 1113
908 1570
909 1431
911 1577
912 1312
914 1412
915 1570
925 957
927 1538
929 1090
930 1060
930 1314
930 1477
930 1962
931 1126
931 1237
931 1403
931 1570
931 1671
931 1727
931 1762
931 1861
931 1862
932 934
934 935
934 1179
934 1450
934 1525
934 1693
938 1288
938 1289
939 1553
941 1919
944 1880
945 1460
949 950
949 952
950 1275
950 1397
950 1544
950 1560
950 1577
950 1664
951 1627
952 1016
952 1032
952 1108
952 1109
952 1110
952 1111
953 954
953 955
953 956
953 957
953 958
953 959
957 1090
957 1161
957 1201
957 1215
957 1460
957 1550
957 1637
957 1731
957 1732
960 961
961 1445
961 1842
961 1874
965 993
967 1662
972 1363
977 1308
979 1496
981 1662
989 1023
989 1103
989 1471
989 1715
989 1920
989 1954
991 1092
991 1466
991 1576
991 1698
991 1861
991 1961
992 1152
992 1171
992 1258
992 1900
992 1916
993 1334
993 1788
993 1808
993 1809
994 1126
994 1139
994 1449
994 1533
994 1539
994 1540
994 1541
995 1123
995 1313
995 1572
995 1573
996 1201
996 1501
998 1403
998 1640
999 1242
999 1263
999 1444
999 1606
999 1703
1000 1269
1000 1287
1000 1379
1000 1659
1000 1894
1000 1910
1001 1554
1001 1915
1003 1136
1003 1216
1003 1261
1003 1454
1003 1818
1003 1820
1006 1111
1006 1564
1006 1734
1013 1919
1018 1113
1019 1318
1023 1113
1023 1253
1031 1550
1031 1664
1033 1698
1034 1529
1036 1412
1038 1664
1039 1412
1042 1281
1046 1627
1049 1471
1049 1629
1049 1683
1049 1946
1051 1066
1051 1248
1051 1266
1051 1280
1051 1349
1051 1568
1051 1769
1051 1834
1052 1668
1053 1662
1055 1668
1055 1704
1057 1637
1058 1921
1061 1157
1072 1478
1074 1253
1074 1460
1082 1308
1085 1201
1087 1090
1090 1425
1090 1479
1090 1565
1090 1657
1101 1496
1103 1107
1104 1577
1107 1262
1107 1281
1107 1293
1107 1314
1107 1445
1107 1459
1107 1506
1107 1643
1107 1724
1107 1869
1111 1128
1111 1388
1111 1425
1111 1446
1111 1544
1111 1934
1113 1137
1113 1253
1113 1357
1113 1604
1113 1641
1113 1855
1117 1700
1124 1908
1125 1403
1128 1574
1128 1576
1130 1281
1132 1191
1134 1908
1142 1529
1145 1146
1146 1475
1146 1691
1146 1767
1146 1872
1146 1946
1154 1538
1155 1157
1157 1221
1157 1643
1157 1810
1158 1364
1160 1161
1161 1197
1161 1337
1161 1392
1161 1652
1161 1870
1161 1944
1163 1806
1167 1289
1175 1460
1181 1662
1183 1516
1184 1191
1187 1908
1191 1398
1191 1838
1192 1627
1193 1403
1197 1201
1201 1214
1201 1250
1201 1269
1201 1475
1201 1574
1201 1604
1202 1640
1204 1929
1205 1357
1205 1615
1205 1823
1205 1928
1215 1722
1225 1250
1227 1722
1228 1577
1229 1689
1233 1460
1238 1363
1238 1364
1245 1318
1246 1247
1246 1248
1246 1249
1246 1250
1246 1251
1250 1265
1250 1341
1250 1627
1250 1702
1250 1929
1252 1253
1253 1466
1253 1470
1253 1792
1253 1996
1256 1435
1256 1443
1256 1605
1256 1639
1256 1726
1256 1996
1257 1553
1257 1554
1258 1554
1261 1869
1266 1519
1268 1432
1269 1275
1274 1312
1275 1525
1275 1724
1275 1731
1275 1876
1278 1281
1281 1569
1281 1641
1283 1861
1284 1880
1285 1402
1288 1298
1288 1489
1288 1518
1288 1593
1288 1599
1289 1335
1289 1499
1289 1627
1289 1794
1289 1961
1290 1915
1292 1908
1302 1402
1303 1423
1307 1574
1308 1461
1308 1672
1308 1724
1308 1874
1311 1704
1312 1398
1312 1710
1312 1727
1312 1832
1314 1689
1317 1318
1318 1349
1318 1366
1318 1374
1318 1680
1318 1799
1318 1958
1326 1550
1333 1929
1337 1363
1339 1704
1341 1529
1343 1637
1352 1496
1354 1861
1356 1435
1356 1517
1356 1803
1363 1381
1363 1459
1363 1736
1363 1870
1363 1889
1364 1799
1375 1478
1378 1919
1388 1550
1393 1533
1393 1664
1400 1620
1400 1910
1400 1939
1402 1456
1402 1773
1403 1404
1403 1405
1403 1406
1403 1407
1408 1412
1412 1553
1412 1780
1412 1804
1413 1704
1413 1873
1414 1576
1415 1431
1415 1553
1420 1421
1423 1739
1423 1949
1423 1950
1429 1631
1431 1435
1431 1637
1431 1774
1431 1901
1431 1970
1432 1433
1432 1434
1432 1435
1432 1436
1440 1662
1443 1869
1447 1698
1460 1484
1460 1610
1460 1732
1460 1806
1460 1864
1460 1870
1460 1994
1461 1622
1466 1873
1467 1627
1472 1869
1478 1642
1491 1919
1495 1496
1496 1526
1497 1516
1497 1869
1499 1554
1504 1550
1509 1627
1509 1880
1514 1516
1514 1519
1516 1643
1519 1528
1519 1552
1519 1820
1529 1643
1533 1534
1533 1535
1534 1849
1538 1539
1538 1875
1545 1690
1547 1919
1550 1611
1550 1956
1553 1946
1554 1562
1554 1960
1555 1722
1563 1787
1565 1849
1570 1669
1570 1828
1573 1704
1574 1715
1574 1780
1576 1783
1576 1827
1577 1578
1577 1579
1577 1580
1588 1637
1588 1916
1596 1921
1600 1929
1605 1668
1617 1722
1620 1622
1622 1688
1622 1689
1622 1872
1622 1936
1625 1627
1627 1687
1627 1689
1627 1895
1635 1637
1637 1740
1637 1803
1637 1912
1637 1913
1640 1776
1641 1668
1645 1921
1656 1873
1661 1662
1668 1964
1689 1690
1689 1691
1690 1707
1690 1810
1690 1891
1698 1699
1704 1891
1712 1807
1712 1813
1712 1925
1727 1806
1729 1873
1761 1921
1775 1787
1777 1873
1806 1888
1844 1915
1849 1994
1861 1884
1861 1893
1861 1924
1873 1885
1875 1908
1876 1908
1879 1880
1880 1911
1914 1915
1924 1929
1929 1964
1934 1935
