0 17
1 654
1 1176
2 1450
3 800
4 1526
5 789
6 1545
7 238
7 1457
7 1753
8 1430
8 1431
10 1933
11 789
11 1914
12 1690
16 199
17 309
17 577
17 722
17 1294
17 1326
17 1784
18 19
18 20
18 21
18 22
18 23
18 24
18 25
18 26
18 27
18 28
18 29
19 730
21 501
22 443
23 501
24 110
24 125
24 180
24 314
24 372
24 426
24 780
24 881
24 1074
24 1200
24 1408
24 1427
24 1428
24 1968
24 1979
26 1753
26 1825
27 834
31 1666
33 530
36 335
42 1492
43 51
45 1700
46 1321
46 1550
47 974
48 462
50 51
51 110
51 322
51 323
51 324
51 325
51 326
51 327
51 328
51 329
53 1552
55 587
56 360
56 1457
57 161
57 576
57 678
57 1550
58 1272
58 1902
59 60
59 61
59 62
59 63
59 64
59 65
59 66
59 67
59 68
59 69
60 127
62 1617
64 99
64 222
64 426
64 547
64 838
64 843
64 1431
64 1540
64 1672
64 1698
64 1819
64 1929
64 1956
65 1914
66 153
66 1428
66 1552
67 268
67 730
72 953
72 1705
73 1785
74 245
74 1324
77 127
77 1550
81 678
81 795
82 1552
83 535
83 1127
88 1222
89 443
89 587
90 154
90 1281
92 811
92 1450
92 1526
93 1003
94 1321
95 953
99 464
102 571
102 1637
105 1543
106 722
106 795
112 120
113 818
113 1547
115 571
116 270
116 1003
116 1134
118 1929
119 1920
120 439
120 470
120 570
120 630
120 660
120 833
120 936
120 1087
120 1235
120 1313
121 1511
122 1700
122 1892
125 127
125 133
126 1747
126 1804
127 148
127 318
127 479
127 516
127 562
127 750
127 916
127 1225
127 1249
127 1426
127 1427
127 1451
127 1614
127 1652
127 1745
127 1799
128 469
130 925
131 813
132 843
133 161
133 162
133 163
133 164
133 165
133 166
133 167
133 168
135 136
135 141
136 296
136 368
136 427
136 706
136 1042
136 1567
137 1925
141 144
141 219
141 332
141 497
141 922
141 951
141 988
141 1172
141 1431
141 1710
143 1428
145 161
145 730
145 1308
146 819
147 1409
149 153
149 154
153 168
153 412
153 763
153 845
153 975
153 1540
153 1636
154 212
154 733
154 1176
154 1246
154 1429
154 1533
155 1588
156 1543
156 1552
159 1134
159 1804
161 168
161 247
161 341
161 537
161 581
161 730
161 793
161 1113
161 1203
161 1400
161 1722
161 1787
169 170
169 171
169 172
169 173
169 174
169 175
169 176
169 177
173 525
173 597
173 736
173 1167
173 1268
173 1321
173 1371
173 1377
173 1679
173 1709
173 1743
173 1744
173 1745
173 1746
175 1923
176 843
180 981
181 1892
182 457
182 1709
187 897
187 1100
187 1903
187 1937
188 501
189 1132
189 1321
190 789
190 843
190 1108
191 819
191 1100
192 1799
194 199
195 838
195 925
196 443
198 604
199 775
199 966
199 1249
199 1412
199 1920
199 1921
200 1621
202 815
203 789
206 1189
206 1350
206 1873
208 247
209 288
210 730
210 1456
211 288
213 1253
216 819
218 1925
219 523
222 335
223 1132
223 1350
224 1903
225 795
226 1134
226 1431
227 457
229 1929
232 1268
233 235
233 238
233 245
235 441
235 640
235 748
235 752
235 1071
235 1108
235 1508
235 1552
235 1567
235 1657
235 1680
235 1691
235 1709
238 290
238 528
238 715
238 776
238 1045
238 1098
238 1746
238 1826
238 1916
240 1410
242 751
244 1747
245 291
245 462
245 578
245 934
245 949
245 1140
245 1279
245 1303
245 1391
245 1431
245 1642
246 247
246 248
246 249
246 250
246 251
247 274
247 285
247 388
247 399
247 666
247 982
247 1183
247 1222
247 1370
247 1540
247 1611
247 1635
247 1691
247 1737
247 1819
247 1872
247 1873
247 1920
247 1996
249 1526
251 621
251 1668
254 462
254 795
257 335
258 981
260 1042
263 460
263 1923
266 360
268 269
268 270
268 271
268 272
268 273
268 274
268 275
268 276
270 312
270 523
270 529
270 572
270 1087
270 1113
270 1506
270 1668
270 1905
271 1042
272 413
272 654
274 360
274 379
274 1321
274 1640
277 280
280 329
280 380
280 476
280 517
280 576
280 896
280 1506
282 1799
284 287
284 288
286 1253
287 486
287 585
287 640
287 838
287 1001
287 1190
287 1221
287 1576
287 1609
287 1828
288 395
288 484
288 670
288 776
288 839
288 983
288 1059
288 1159
288 1168
288 1203
288 1260
288 1272
290 1799
292 1745
294 413
295 1222
295 1741
296 604
298 813
298 1042
298 1308
304 1787
305 1309
309 523
309 1731
311 372
312 1709
316 933
316 1933
317 1511
318 678
318 949
318 1870
321 819
324 1132
327 393
327 767
327 811
327 812
327 813
327 814
327 815
327 816
327 817
327 818
327 819
327 820
328 1753
329 744
329 1239
330 1526
330 1785
331 1526
332 736
335 534
335 592
335 838
335 878
335 1300
335 1310
335 1438
335 1464
338 1114
338 1324
339 1108
340 736
345 1903
346 1308
349 949
350 776
352 587
352 660
354 457
355 360
357 581
357 604
358 1892
360 375
360 456
360 466
360 469
360 537
360 1354
360 1437
360 1727
360 1759
361 678
362 731
362 1042
365 372
367 1409
370 714
371 1709
372 396
372 615
372 618
372 1225
372 1283
372 1559
372 1566
372 1718
372 1745
375 379
376 1309
377 1134
379 905
379 1059
379 1394
379 1442
379 1578
384 1700
384 1825
384 1920
387 830
388 621
388 660
388 1350
389 1100
393 1804
394 1543
395 530
395 834
395 1366
397 1902
398 1588
399 1239
400 1167
402 1825
403 412
403 413
404 736
404 1351
404 1705
404 1968
405 722
407 744
408 776
408 905
408 1366
408 1428
408 1747
410 838
412 725
412 1063
412 1113
412 1184
412 1189
412 1220
412 1340
412 1428
412 1454
412 1610
412 1839
413 460
413 723
413 1117
413 1209
413 1407
413 1673
416 1430
416 1545
417 1899
423 1745
424 428
425 780
425 1308
428 789
428 814
428 819
428 1023
428 1042
428 1172
428 1489
428 1619
428 1679
428 1805
428 1969
430 731
431 818
431 972
431 1042
432 1588
434 443
435 1275
436 462
436 464
437 834
437 1902
439 1167
439 1741
440 1127
442 469
443 604
443 1200
443 1527
443 1795
443 1985
449 800
450 850
455 722
455 905
456 457
456 460
457 547
457 569
457 658
457 1149
457 1216
457 1415
457 1643
457 1910
460 598
460 613
460 776
460 800
460 1065
460 1105
460 1159
460 1338
460 1383
460 1565
462 627
462 673
462 1177
462 1405
462 1577
462 1663
462 1674
462 1761
464 934
464 1008
464 1068
464 1400
464 1424
464 1545
464 1551
464 1725
464 1905
464 1906
465 1903
466 1114
467 469
468 1526
469 494
469 576
469 837
469 1260
469 1265
469 1363
469 1411
469 1513
469 1637
469 1673
476 1127
478 838
479 1239
479 1785
483 1428
484 1741
485 1678
486 487
487 972
487 1023
487 1039
487 1125
487 1149
487 1390
487 1455
487 1527
487 1598
487 1699
487 1843
488 530
488 535
493 1701
494 1114
494 1272
495 815
495 1321
501 767
501 769
501 1113
501 1226
501 1480
501 1655
503 789
504 1189
508 780
509 1552
512 949
515 1108
517 1415
521 1492
521 1803
522 523
523 698
523 1008
523 1121
523 1296
523 1462
523 1907
523 1926
530 531
530 556
530 576
530 1522
530 1615
530 1740
531 587
532 1113
535 717
535 794
535 811
535 835
535 935
535 1184
535 1210
535 1355
535 1356
535 1357
536 1003
536 1090
538 1640
541 1003
541 1640
543 1410
547 818
548 815
549 576
549 818
549 905
550 1308
553 1588
553 1741
553 1803
555 725
555 1366
556 1741
558 830
562 830
562 1920
569 1547
570 1785
571 572
571 573
571 574
571 575
571 576
571 577
571 578
571 579
575 800
575 801
576 995
576 1015
576 1366
576 1450
576 1451
576 1452
577 1920
578 1272
579 795
580 581
580 587
581 691
581 740
581 1110
581 1384
581 1757
582 989
583 1787
586 714
586 731
587 836
587 837
587 838
587 839
587 840
587 841
588 1114
590 925
591 905
591 1668
592 1903
595 1511
596 972
596 974
598 1640
600 789
601 867
604 638
604 1176
604 1236
604 1470
604 1853
604 1911
604 1914
604 1920
606 722
607 1622
608 972
610 981
611 789
613 1090
613 1870
613 1903
616 621
618 1745
619 843
621 1042
621 1380
621 1716
621 1717
621 1718
621 1719
622 1281
627 731
627 736
628 815
630 1617
630 1700
630 1731
633 1588
640 776
644 1741
646 867
646 1042
648 731
648 1321
650 1731
651 1623
653 654
654 818
654 1481
654 1818
656 1350
659 1268
659 1492
660 678
660 811
660 834
660 1100
660 1226
660 1425
660 1589
660 1617
660 1621
660 1804
660 1834
660 1867
666 1431
668 925
668 1705
669 1113
669 1114
670 1456
670 1929
671 1450
672 725
672 795
672 1176
673 989
673 995
675 1745
676 678
678 760
678 1063
678 1675
678 1847
680 1176
684 1937
685 905
686 1545
688 1902
690 1100
690 1281
690 1672
690 1741
695 1132
697 1456
701 1350
703 1268
704 933
704 1642
705 714
706 714
707 1642
709 789
709 1805
712 897
714 762
714 991
714 1143
714 1454
714 1490
714 1527
714 1920
714 1932
715 1588
715 1637
718 722
718 725
720 1321
722 801
722 811
722 1057
722 1351
722 1757
722 1903
725 1007
725 1059
725 1368
725 1463
727 730
727 731
728 1350
729 1925
730 884
730 917
730 972
730 1443
730 1569
730 1750
730 1758
731 957
731 969
731 1717
731 1910
731 1932
731 1996
733 1351
733 1753
734 1678
735 1621
735 1930
735 1933
736 742
736 971
736 1086
736 1133
736 1134
736 1135
736 1136
736 1137
741 744
742 1642
742 1799
743 780
744 799
744 916
744 1005
744 1324
744 1384
744 1631
744 1685
744 1849
744 1877
746 925
748 1804
749 751
750 1621
751 1014
751 1249
751 1636
751 1709
751 1710
751 1711
751 1712
752 776
752 1666
754 1090
755 1042
758 1113
761 780
761 1550
762 1431
769 1134
770 1457
772 776
772 780
773 905
773 1903
776 868
776 1005
776 1353
776 1379
776 1428
776 1905
776 1937
778 1492
780 839
780 960
780 1172
780 1374
780 1526
780 1700
785 1132
789 790
790 813
791 795
792 1308
792 1324
794 1642
795 905
795 1116
795 1586
795 1789
795 1792
796 953
796 1690
797 818
798 1492
800 855
800 1038
800 1077
800 1570
801 842
801 895
801 915
801 973
801 1052
801 1363
801 1397
801 1695
806 1873
811 850
811 974
811 987
811 1064
811 1069
811 1114
811 1376
811 1622
811 1913
812 1637
813 1479
813 1927
814 1272
815 857
815 866
815 1077
816 1622
817 838
817 1804
818 1117
818 1237
818 1672
818 1678
818 1825
818 1920
818 1932
819 1131
819 1319
819 1341
819 1492
819 1649
823 953
828 949
828 972
829 830
829 834
830 982
830 1308
830 1348
830 1349
834 948
834 1087
834 1342
834 1397
834 1398
834 1399
834 1400
836 972
836 1753
837 1431
837 1690
837 1799
837 1914
838 952
838 1003
838 1187
838 1270
838 1307
838 1320
838 1503
838 1547
838 1640
838 1856
838 1870
838 1899
840 1870
842 843
843 987
843 1641
843 1817
845 1324
845 1547
847 1430
848 850
850 900
850 1034
851 1134
851 1668
852 974
853 953
855 1272
857 897
858 1920
859 1617
864 867
866 1642
867 957
867 1400
867 1665
867 1691
867 1813
869 1409
870 897
870 1825
875 1701
875 1925
876 1923
880 1127
885 1804
894 1350
894 1457
897 957
897 958
897 1032
897 1130
897 1372
897 1447
897 1613
897 1887
899 1222
900 933
901 1351
903 1113
904 1114
905 1238
905 1240
905 1320
905 1321
905 1322
905 1323
905 1324
905 1325
907 1132
908 1930
909 1431
912 1127
912 1705
915 1741
916 1415
916 1543
917 981
918 1745
923 1409
925 957
925 979
925 1527
925 1581
925 1716
925 1944
929 1090
932 933
933 972
933 1248
933 1481
933 1945
934 1450
939 1526
943 1114
945 1134
945 1547
947 1745
948 1100
948 1672
949 950
949 951
949 952
950 1275
952 1108
953 954
953 955
953 956
953 957
953 958
953 959
954 1902
956 1805
957 1090
957 1161
957 1201
957 1215
957 1460
957 1550
957 1637
957 1731
957 1732
959 1222
964 1511
968 1456
972 1309
972 1363
972 1587
972 1821
972 1902
974 1137
974 1656
974 1906
977 1308
981 1189
981 1226
981 1283
981 1466
981 1512
981 1662
983 1747
984 1456
986 1547
988 1108
989 1023
989 1103
989 1471
989 1715
989 1920
989 1954
991 1698
995 1123
995 1313
995 1572
995 1573
998 1640
1003 1136
1003 1216
1003 1261
1003 1454
1003 1818
1003 1820
1005 1450
1007 1100
1009 1923
1013 1108
1015 1923
1017 1415
1017 1543
1018 1113
1023 1113
1023 1253
1030 1409
1031 1550
1033 1698
1037 1747
1042 1281
1042 1430
1042 1667
1042 1685
1042 1952
1044 1741
1046 1324
1052 1176
1052 1668
1055 1668
1056 1804
1057 1637
1065 1108
1065 1745
1070 1430
1074 1253
1080 1457
1082 1308
1082 1309
1085 1672
1087 1090
1090 1425
1090 1479
1090 1565
1090 1657
1098 1805
1098 1930
1099 1321
1099 1457
1100 1317
1100 1551
1100 1744
1104 1167
1104 1747
1105 1428
1107 1281
1108 1158
1108 1286
1108 1646
1108 1892
1113 1137
1113 1253
1113 1357
1113 1604
1113 1641
1113 1855
1114 1855
1116 1268
1117 1700
1122 1222
1126 1709
1127 1176
1127 1322
1127 1494
1130 1281
1132 1191
1132 1619
1132 1672
1132 1766
1133 1167
1134 1783
1134 1829
1136 1309
1140 1526
1147 1545
1158 1450
1159 1805
1161 1870
1162 1430
1163 1701
1163 1825
1165 1167
1166 1222
1167 1204
1167 1289
1167 1746
1172 1925
1174 1176
1175 1457
1176 1448
1176 1469
1176 1545
1176 1623
1176 1677
1178 1892
1179 1321
1181 1351
1182 1239
1184 1189
1185 1925
1187 1937
1189 1232
1189 1238
1189 1239
1189 1681
1189 1864
1189 1933
1189 1998
1202 1640
1202 1666
1204 1929
1207 1930
1208 1709
1208 1937
1210 1492
1211 1239
1211 1741
1212 1747
1215 1623
1219 1351
1220 1804
1221 1803
1222 1449
1222 1459
1224 1937
1228 1450
1236 1239
1239 1391
1239 1399
1239 1556
1243 1621
1244 1899
1244 1902
1250 1929
1252 1253
1253 1466
1253 1470
1253 1792
1253 1996
1257 1552
1260 1741
1267 1526
1268 1378
1268 1432
1268 1455
1268 1827
1268 1864
1268 1981
1269 1272
1269 1275
1272 1947
1275 1525
1275 1724
1275 1731
1275 1876
1276 1511
1278 1281
1279 1321
1279 1803
1281 1569
1281 1641
1284 1968
1291 1785
1297 1678
1307 1457
1308 1461
1308 1672
1308 1724
1308 1874
1309 1383
1309 1486
1309 1559
1309 1648
1309 1987
1318 1366
1318 1799
1320 1415
1320 1968
1321 1370
1324 1652
1324 1813
1324 1950
1324 1965
1326 1550
1327 1892
1328 1366
1332 1350
1332 1410
1333 1929
1337 1672
1337 1902
1343 1637
1349 1804
1350 1351
1350 1352
1350 1353
1350 1354
1351 1456
1351 1544
1351 1599
1351 1707
1351 1885
1351 1930
1356 1803
1363 1870
1364 1799
1366 1508
1366 1699
1370 1805
1371 1937
1375 1450
1375 1705
1377 1621
1385 1892
1386 1666
1386 1678
1387 1672
1387 1899
1388 1547
1388 1550
1393 1709
1394 1930
1402 1456
1408 1409
1408 1410
1409 1461
1409 1731
1409 1964
1410 1745
1411 1415
1412 1804
1413 1873
1415 1421
1415 1431
1415 1498
1415 1553
1415 1701
1415 1702
1417 1672
1425 1545
1426 1428
1428 1716
1428 1813
1428 1923
1430 1539
1430 1814
1431 1435
1431 1637
1431 1774
1431 1901
1431 1970
1441 1903
1447 1698
1448 1753
1450 1889
1451 1920
1452 1511
1453 1937
1454 1899
1457 1741
1458 1799
1459 1705
1459 1914
1460 1870
1461 1622
1461 1825
1466 1873
1478 1642
1480 1621
1484 1914
1485 1892
1492 1872
1492 1951
1496 1526
1501 1892
1504 1550
1504 1731
1510 1511
1511 1579
1511 1681
1511 1709
1511 1958
1519 1552
1531 1803
1543 1544
1543 1545
1544 1617
1545 1658
1545 1671
1545 1690
1545 1747
1545 1949
1547 1578
1547 1818
1547 1916
1547 1919
1550 1611
1550 1956
1557 1642
1563 1787
1573 1617
1580 1930
1588 1637
1588 1916
1590 1642
1591 1731
1594 1803
1598 1753
1600 1929
1605 1668
1605 1933
1607 1666
1611 1933
1612 1705
1613 1705
1615 1617
1617 1651
1617 1686
1617 1722
1620 1621
1620 1622
1620 1623
1621 1956
1622 1688
1622 1689
1622 1872
1622 1936
1623 1716
1623 1730
1623 1762
1635 1637
1637 1740
1637 1803
1637 1912
1637 1913
1638 1642
1640 1776
1641 1668
1642 1682
1643 1930
1644 1923
1656 1873
1660 1902
1660 1968
1665 1666
1666 1709
1666 1936
1668 1964
1672 1702
1672 1707
1672 1742
1672 1779
1672 1813
1678 1838
1681 1968
1687 1701
1689 1690
1690 1707
1690 1810
1690 1891
1693 1892
1698 1699
1702 1747
1705 1920
1708 1933
1709 1753
1709 1988
1712 1925
1716 1937
1725 1785
1729 1873
1731 1775
1731 1785
1731 1820
1731 1886
1739 1753
1740 1930
1741 1745
1741 1859
1742 1920
1745 1815
1746 1914
1747 1878
1747 1922
1748 1899
1752 1892
1775 1787
1777 1873
1785 1854
1797 1899
1799 1917
1803 1855
1809 1902
1810 1902
1814 1825
1841 1933
1850 1937
1856 1920
1873 1885
1876 1892
1887 1968
1891 1892
1902 1985
1905 1923
1912 1923
1914 1915
1920 1925
1920 1992
1924 1929
1929 1964
