1 654
1 1176
2 1661
4 1918
5 789
6 1244
6 1533
7 1432
7 1457
8 1431
9 665
10 866
11 789
11 1914
12 568
13 437
16 145
16 199
18 28
19 730
22 443
26 1825
28 146
28 357
28 418
28 689
28 755
28 868
28 1053
28 1794
28 1979
30 31
30 32
31 323
31 483
31 566
31 820
31 999
31 1099
31 1666
31 1762
31 1851
31 1864
32 37
32 44
32 224
32 286
32 474
32 616
32 1152
32 1237
32 1288
32 1422
32 1460
33 530
36 335
39 138
42 1492
47 580
47 742
48 462
50 1624
51 327
51 329
53 229
56 1457
57 678
58 1902
59 64
59 68
61 642
63 1611
64 99
64 222
64 426
64 547
64 838
64 843
64 1431
64 1540
64 1672
64 1698
64 1819
64 1929
64 1956
65 458
65 1914
66 153
67 730
68 543
68 816
68 888
68 1055
68 1076
68 1780
68 1962
69 1276
70 71
71 155
71 221
71 227
71 374
71 857
71 958
71 1242
71 1784
71 1848
72 953
72 1383
72 1519
72 1705
73 1785
74 245
77 1559
77 1806
81 678
81 1695
82 1661
83 1127
83 1160
88 1222
89 443
89 544
89 1363
90 1281
92 866
95 953
97 973
98 889
99 464
99 580
99 1576
100 101
101 313
101 609
101 810
101 1094
101 1109
101 1139
101 1521
101 1625
101 1634
101 1846
102 1637
103 1363
107 450
109 128
112 122
113 818
114 166
118 1584
119 377
119 1920
122 437
122 564
122 700
122 1238
122 1484
122 1546
122 1565
122 1700
122 1859
122 1892
123 1559
125 128
125 133
127 1426
128 148
128 192
128 208
128 294
128 376
128 469
128 1605
128 1717
128 1744
129 1160
129 1624
130 925
131 813
131 1121
132 843
133 161
133 162
133 163
133 164
133 165
133 166
133 167
133 168
135 138
135 140
135 141
135 143
136 706
136 1042
137 1925
138 159
138 174
138 1198
138 1449
138 1590
138 1655
140 222
140 445
140 667
140 746
140 791
140 971
140 1278
140 1460
140 1661
140 1862
141 144
141 219
141 332
141 497
141 922
141 951
141 988
141 1172
141 1431
141 1710
142 902
142 1576
143 471
143 976
143 1306
143 1428
143 1695
144 145
145 161
145 171
145 291
145 717
145 730
145 903
145 915
145 1303
145 1308
145 1420
145 1432
145 1519
145 1895
146 578
146 819
147 1409
148 1424
149 153
150 1512
150 1999
153 168
153 412
153 763
153 845
153 975
153 1540
153 1636
154 1176
154 1533
155 1588
156 737
161 730
161 1787
166 295
166 505
166 591
166 706
166 750
166 836
166 894
166 973
166 1175
166 1464
166 1516
166 1913
168 1806
171 1508
176 843
177 1512
178 181
180 977
181 517
181 555
181 1075
181 1333
181 1349
181 1449
181 1662
181 1800
181 1892
181 1908
182 357
182 457
182 742
187 897
189 1132
190 789
190 843
191 819
191 894
191 942
192 1575
194 199
195 925
196 443
198 604
199 775
199 966
199 1249
199 1412
199 1920
199 1921
200 359
203 789
206 1350
209 437
209 824
209 894
210 730
210 1449
211 1424
214 294
216 819
218 1925
219 1806
221 228
221 229
221 232
222 335
223 727
223 1132
223 1350
225 588
226 1431
227 457
227 1383
227 1533
228 290
228 737
228 1242
228 1427
228 1433
228 1446
228 1471
228 1800
229 294
229 410
229 1021
229 1196
229 1639
229 1929
232 752
232 944
232 1065
232 1068
232 1268
233 245
235 1508
244 437
244 739
245 291
245 462
245 578
245 934
245 949
245 1140
245 1279
245 1303
245 1391
245 1431
245 1642
247 1222
247 1540
247 1611
247 1920
249 582
251 621
251 1668
252 258
254 462
254 665
254 1874
255 672
257 335
258 588
258 631
258 929
258 981
258 1444
258 1613
260 1042
262 377
262 1244
263 544
267 544
270 1668
271 1042
272 413
272 654
275 1669
276 544
276 550
280 329
283 642
287 1576
287 1609
287 1828
290 944
291 1383
293 294
294 311
294 413
294 580
294 920
294 1407
294 1424
294 1438
294 1536
294 1851
294 1943
295 1222
296 604
298 813
298 1042
298 1308
301 1874
302 642
304 544
304 1460
304 1787
308 544
309 1276
309 1731
312 1512
316 377
316 1082
318 678
318 949
318 1432
319 437
319 538
320 359
320 1320
321 819
324 1132
325 652
325 737
327 393
327 767
327 811
327 812
327 813
327 814
327 815
327 816
327 817
327 818
327 819
327 820
329 744
329 980
329 1239
329 1436
329 1634
329 1769
329 1857
329 1970
330 1785
332 458
334 745
335 534
335 592
335 838
335 878
335 1300
335 1310
335 1438
335 1464
336 727
336 1874
337 783
338 1114
340 737
340 739
341 1424
343 1121
343 1426
344 374
346 583
346 1308
348 1161
349 949
351 568
354 457
354 1121
355 357
355 359
357 369
357 581
357 603
357 604
357 665
357 1149
357 1163
357 1248
357 1425
357 1716
358 665
359 510
359 513
359 816
359 872
359 1537
359 1762
360 1727
361 678
362 1042
365 374
367 1160
367 1409
372 1559
374 797
374 1153
374 1181
374 1209
374 1295
374 1455
374 1611
374 1634
374 1765
375 377
377 532
377 976
377 1134
377 1148
377 1161
377 1166
377 1185
377 1728
381 672
384 1825
384 1920
385 889
386 1244
388 621
388 1350
388 1449
390 1362
393 1519
394 1999
395 530
397 1902
398 1363
398 1588
400 745
401 1943
402 1825
403 413
404 1705
408 589
408 1160
408 1669
413 460
413 723
413 1117
413 1209
413 1407
413 1673
418 942
418 1276
419 866
419 1420
421 1553
424 428
425 1308
427 866
428 789
428 814
428 819
428 1023
428 1042
428 1172
428 1489
428 1619
428 1679
428 1805
428 1969
429 1449
431 818
431 972
431 1042
432 588
432 1588
434 437
434 443
435 889
435 1244
435 1275
436 462
436 464
437 615
437 834
437 910
437 1065
437 1535
437 1685
437 1902
440 1127
441 1974
443 604
443 1200
443 1527
443 1795
443 1985
448 458
448 1158
448 1584
450 583
450 618
450 790
450 850
450 901
450 984
450 1097
451 1519
453 706
455 902
456 457
456 458
457 547
457 569
457 658
457 1149
457 1216
457 1415
457 1643
457 1910
458 510
458 543
458 1093
458 1477
458 1586
458 1806
458 1807
460 1383
462 627
462 673
462 1177
462 1405
462 1577
462 1663
462 1674
462 1761
464 934
464 1008
464 1068
464 1400
464 1424
464 1545
464 1551
464 1725
464 1905
464 1906
466 745
466 1114
469 1363
469 1637
472 1559
473 973
475 1974
476 1127
479 1785
482 544
482 1624
485 1678
487 972
487 1455
488 530
488 538
490 889
493 994
493 1701
494 1114
499 1320
502 1553
503 538
503 789
503 1432
507 583
507 1999
511 942
511 1669
512 949
517 591
517 994
517 1415
518 1508
521 1492
521 1803
523 1121
530 531
530 556
530 576
530 1522
530 1615
530 1740
533 1460
534 1740
536 1090
536 1508
537 1609
538 1161
538 1242
538 1429
538 1585
538 1640
544 632
544 1019
544 1259
544 1740
545 1695
547 818
549 818
549 1424
550 729
550 738
550 941
550 1037
550 1187
550 1308
550 1683
550 1712
550 1780
550 1977
553 1588
553 1803
555 1584
560 563
562 592
562 1160
562 1920
563 1332
563 1530
563 1656
563 1740
563 1977
564 889
568 616
568 651
568 962
568 1184
568 1227
568 1282
568 1638
568 1740
568 1850
568 1967
569 829
570 1785
571 578
577 1420
577 1920
578 721
578 1272
578 1681
580 581
580 582
580 583
580 584
580 585
580 586
580 587
580 588
580 589
580 590
580 591
580 592
580 593
582 924
582 989
582 1516
582 1662
582 1863
583 615
583 652
583 694
583 745
583 763
583 875
583 1029
583 1175
583 1446
583 1483
583 1576
583 1584
583 1641
583 1787
588 935
588 1114
588 1294
588 1426
588 1561
588 1887
588 1974
588 1975
588 1999
589 1085
589 1337
589 1483
590 902
590 925
590 1669
591 618
591 821
591 884
591 903
591 905
591 1036
591 1276
591 1609
591 1667
591 1668
591 1669
592 783
592 1039
592 1326
592 1383
592 1512
592 1616
592 1634
592 1893
592 1903
593 742
593 1424
593 1432
596 972
596 973
597 1874
600 789
601 867
604 638
604 1176
604 1236
604 1470
604 1853
604 1911
604 1914
604 1920
607 1508
607 1622
608 972
610 973
611 789
612 642
613 1090
615 1576
615 1918
616 621
619 843
621 1042
621 1380
621 1716
621 1717
621 1718
621 1719
622 816
622 1281
627 1121
629 1634
630 1731
632 1847
633 1588
634 1508
634 1634
634 1974
642 689
642 944
642 960
642 1083
642 1107
642 1535
642 1857
643 652
645 1161
646 867
646 1042
648 1851
648 1974
649 1806
650 1449
650 1731
650 1828
651 1623
652 958
652 1174
652 1238
652 1354
652 1437
652 1880
653 654
654 818
654 1481
654 1818
656 1350
659 1492
660 678
661 1274
664 665
664 672
665 1639
665 1813
665 1941
666 1431
668 829
668 925
668 1705
669 1114
672 725
672 795
672 1123
672 1176
672 1196
672 1354
672 1554
672 1644
672 1716
673 737
673 994
675 1244
676 678
677 942
677 1426
678 760
678 1063
678 1675
678 1847
680 994
680 1176
680 1634
682 1424
688 1902
689 824
690 1281
690 1672
694 944
695 1132
701 1320
701 1350
702 1806
705 706
706 714
706 1184
706 1284
706 1853
709 789
709 1805
712 897
714 1920
714 1932
715 1588
715 1637
720 1609
721 942
721 1559
726 1539
727 728
727 729
727 730
727 731
727 732
727 733
728 1350
729 1508
729 1925
730 884
730 917
730 972
730 1443
730 1569
730 1750
730 1758
731 957
731 1932
734 1678
735 1930
736 742
737 772
737 829
737 857
737 956
737 994
737 1136
737 1408
737 1474
737 1475
739 951
739 1246
739 1333
739 1422
739 1423
739 1424
739 1425
741 742
741 745
742 825
742 884
742 1120
742 1322
742 1642
742 1799
742 1851
745 950
745 1221
745 1469
746 925
753 1575
754 1090
755 1042
762 1431
767 1449
768 1874
770 1457
778 1449
778 1492
781 783
783 852
783 1162
783 1238
783 1257
784 1160
785 1132
787 866
789 790
790 813
792 1308
792 1536
793 1276
796 824
796 953
797 818
798 1492
801 973
801 1363
801 1695
802 944
810 1274
810 1999
811 1114
811 1622
812 1637
813 1479
813 1927
815 866
816 851
816 894
816 1094
816 1209
816 1299
816 1368
816 1622
816 1658
816 1810
816 1847
817 1383
818 1117
818 1237
818 1672
818 1678
818 1825
818 1920
818 1932
819 1131
819 1319
819 1341
819 1492
819 1649
822 1274
823 953
824 1044
824 1403
824 1449
824 1580
824 1686
824 1687
824 1688
825 1634
828 949
828 972
829 830
829 831
829 832
829 833
829 834
829 835
830 1308
832 994
832 1661
836 972
837 1431
837 1914
838 1320
842 843
843 987
843 1641
843 1817
844 1576
846 1609
851 1668
853 953
855 1540
857 894
857 897
858 902
858 1920
859 1661
864 866
864 867
866 1340
866 1642
866 1898
866 1974
867 957
867 1400
867 1665
867 1691
867 1813
869 1409
870 897
870 1825
875 889
875 1701
875 1925
879 1248
880 1127
881 889
884 1432
884 1624
884 1806
889 994
889 1401
889 1402
894 948
894 1265
894 1300
894 1350
894 1457
894 1624
894 1680
894 1702
894 1746
894 1784
897 957
897 958
897 1032
897 1130
897 1372
897 1447
897 1613
897 1887
898 1669
899 1222
902 1174
902 1218
902 1695
904 1114
905 1320
907 1132
908 1930
909 1431
910 1274
911 1727
912 1121
912 1127
912 1705
916 1415
916 1695
917 1584
917 1851
923 1409
925 957
925 979
925 1527
925 1581
925 1716
925 1944
929 1090
929 1362
931 1727
933 972
933 1248
939 1553
942 943
942 944
942 945
943 1114
944 1054
944 1274
944 1368
944 1449
944 1451
944 1682
944 1742
944 1880
945 1460
947 1634
948 1672
949 950
949 951
949 952
950 1275
953 954
953 955
953 956
953 957
953 958
953 959
954 1902
956 1320
956 1805
957 1090
957 1161
957 1201
957 1215
957 1460
957 1550
957 1637
957 1731
957 1732
959 1222
961 1874
968 1974
970 1536
972 1309
972 1363
972 1587
972 1821
972 1902
973 1304
973 1462
973 1776
973 1927
973 1985
976 1512
977 1308
977 1468
977 1842
977 1882
980 1740
981 1512
984 1455
988 1847
989 1920
991 1576
991 1698
994 1126
994 1139
994 1449
994 1533
994 1539
994 1540
994 1541
1017 1415
1022 1160
1030 1409
1033 1698
1040 1974
1042 1281
1042 1430
1042 1667
1042 1685
1042 1952
1043 1424
1043 1455
1050 1943
1051 1248
1052 1176
1052 1668
1055 1512
1055 1668
1056 1611
1057 1637
1057 1740
1060 1536
1073 1851
1074 1460
1078 1082
1080 1457
1082 1305
1082 1306
1082 1307
1082 1308
1082 1309
1082 1310
1085 1672
1087 1090
1090 1425
1090 1479
1090 1565
1090 1657
1095 1669
1098 1805
1098 1930
1099 1457
1107 1281
1108 1158
1114 1855
1118 1669
1121 1200
1121 1373
1121 1481
1121 1540
1121 1832
1121 1846
1121 1853
1122 1222
1123 1669
1127 1176
1127 1322
1127 1494
1128 1575
1128 1576
1130 1281
1130 1449
1132 1191
1132 1619
1132 1672
1132 1766
1140 1426
1152 1828
1154 1536
1155 1158
1158 1364
1158 1424
1158 1450
1158 1924
1159 1611
1159 1805
1160 1161
1160 1162
1160 1163
1160 1164
1161 1197
1161 1337
1161 1392
1161 1652
1161 1870
1161 1944
1163 1540
1163 1701
1163 1806
1163 1825
1166 1222
1166 1559
1172 1925
1174 1176
1175 1457
1175 1460
1176 1448
1176 1469
1176 1545
1176 1623
1176 1677
1185 1925
1198 1695
1202 1512
1207 1930
1210 1492
1211 1740
1212 1999
1215 1623
1221 1803
1222 1449
1222 1459
1224 1383
1225 1362
1229 1847
1233 1244
1233 1460
1238 1362
1238 1363
1242 1244
1243 1276
1244 1625
1244 1635
1244 1684
1244 1788
1244 1899
1244 1902
1246 1248
1247 1611
1248 1265
1257 1553
1266 1519
1267 1276
1268 1432
1268 1455
1269 1274
1269 1275
1269 1276
1270 1536
1274 1312
1274 1754
1274 1875
1275 1525
1275 1724
1275 1731
1275 1876
1276 1511
1276 1865
1276 1970
1278 1281
1279 1803
1281 1569
1281 1641
1291 1785
1291 1851
1297 1678
1298 1943
1307 1457
1307 1727
1308 1461
1308 1672
1308 1724
1308 1874
1309 1383
1309 1559
1311 1932
1312 1727
1320 1415
1320 1472
1320 1650
1320 1968
1325 1584
1326 1851
1332 1350
1337 1363
1337 1672
1337 1902
1343 1637
1350 1351
1350 1352
1350 1353
1350 1354
1351 1930
1352 1727
1356 1803
1358 1624
1362 1447
1362 1448
1362 1449
1363 1381
1363 1459
1363 1736
1363 1870
1363 1889
1365 1943
1366 1508
1370 1805
1371 1999
1372 1918
1375 1705
1377 1449
1379 1624
1380 1575
1383 1485
1383 1573
1383 1922
1383 1966
1386 1678
1387 1536
1387 1672
1393 1533
1394 1930
1396 1847
1401 1455
1401 1611
1408 1409
1409 1461
1409 1731
1409 1964
1411 1415
1412 1553
1414 1576
1415 1421
1415 1431
1415 1498
1415 1553
1415 1701
1415 1702
1417 1672
1420 1421
1424 1504
1424 1563
1426 1427
1426 1428
1426 1429
1429 1918
1430 1539
1431 1435
1431 1637
1431 1774
1431 1901
1431 1970
1432 1433
1432 1434
1432 1435
1432 1436
1434 1695
1447 1698
1449 1814
1451 1740
1451 1920
1455 1494
1455 1645
1457 1741
1459 1705
1459 1914
1460 1484
1460 1610
1460 1732
1460 1806
1460 1864
1460 1870
1460 1994
1461 1622
1461 1825
1464 1974
1471 1624
1484 1914
1487 1661
1492 1872
1492 1951
1504 1731
1508 1896
1508 1974
1510 1512
1512 1620
1512 1790
1514 1519
1519 1528
1519 1552
1519 1820
1520 1584
1531 1803
1533 1534
1533 1535
1536 1629
1538 1539
1539 1976
1540 1571
1540 1764
1540 1834
1540 1867
1540 1918
1540 1989
1550 1611
1553 1946
1559 1680
1559 1770
1559 1847
1560 1584
1560 1918
1562 1661
1563 1787
1565 1851
1567 1584
1570 1669
1570 1828
1575 1847
1575 1855
1575 1973
1576 1783
1576 1827
1580 1930
1584 1860
1587 1661
1588 1637
1588 1916
1591 1731
1594 1803
1604 1740
1604 1851
1605 1668
1607 1661
1608 1609
1608 1611
1611 1792
1611 1933
1611 1939
1612 1705
1613 1705
1620 1622
1620 1623
1622 1688
1622 1689
1622 1872
1622 1936
1623 1716
1623 1730
1623 1762
1630 1661
1632 1634
1634 1751
1634 1984
1635 1637
1637 1740
1637 1803
1637 1912
1637 1913
1641 1668
1643 1930
1647 1695
1647 1727
1660 1902
1661 1662
1661 1663
1668 1964
1672 1702
1672 1707
1672 1742
1672 1779
1672 1813
1678 1838
1686 1727
1687 1701
1694 1695
1695 1847
1695 1848
1698 1699
1705 1920
1707 1740
1712 1925
1714 1932
1724 1943
1725 1785
1727 1806
1731 1775
1731 1785
1731 1820
1731 1886
1740 1930
1742 1920
1746 1914
1757 1851
1775 1787
1785 1854
1790 1974
1803 1855
1806 1888
1809 1902
1810 1902
1812 1847
1814 1825
1828 1851
1836 1874
1844 1932
1847 1913
1849 1994
1851 1987
1856 1920
1902 1985
1914 1915
1920 1925
1920 1992
1939 1943
