4 1631
4 1918
4 1919
7 1928
9 665
10 1704
12 586
12 1690
13 600
14 398
16 199
18 28
19 730
20 421
21 501
22 378
22 443
23 501
26 1488
26 1825
28 146
28 357
28 418
28 689
28 755
28 868
28 1053
28 1794
28 1979
30 33
32 37
32 286
33 315
33 530
33 895
33 1035
33 1119
33 1229
33 1396
33 1530
34 992
34 1928
35 37
35 38
36 335
36 1509
37 424
37 960
37 1354
37 1396
37 1582
37 1812
38 384
38 619
38 679
38 865
38 1020
39 468
39 790
42 992
42 1492
43 49
43 51
44 1089
45 1700
47 496
47 580
48 1518
49 157
49 364
49 431
49 470
49 849
49 1059
49 1306
49 1515
49 1530
50 51
50 1689
51 110
51 322
51 323
51 324
51 325
51 326
51 327
51 328
51 329
52 56
54 543
54 784
55 286
56 104
56 180
56 360
56 481
56 971
56 1290
56 1354
56 1457
56 1593
56 1849
57 161
58 186
58 1315
59 64
59 68
59 69
61 307
63 537
63 1611
64 99
64 222
64 426
64 547
64 838
64 843
64 1431
64 1540
64 1672
64 1698
64 1819
64 1929
64 1956
65 458
66 153
67 730
68 543
68 816
68 888
68 1055
68 1076
68 1780
68 1962
69 497
69 514
69 640
69 891
69 1276
70 72
72 347
72 396
72 586
72 600
72 877
72 953
72 1383
72 1519
72 1685
72 1705
72 1911
72 1913
74 1347
78 79
78 80
78 81
78 82
78 83
78 84
78 85
78 86
80 1861
83 393
83 398
83 535
83 567
83 635
83 658
83 1028
83 1085
83 1127
83 1160
83 1186
83 1486
83 1564
83 1857
83 1882
83 1897
83 1971
84 1315
84 1354
84 1871
87 93
89 443
89 991
89 1363
92 992
93 315
93 489
93 637
93 724
93 1000
93 1001
93 1002
93 1003
93 1004
93 1005
93 1006
93 1007
93 1008
93 1009
93 1010
93 1011
94 1829
98 861
98 889
99 580
99 1576
102 571
103 421
103 1347
103 1363
104 1488
105 803
106 861
106 1829
108 1919
110 724
110 1026
111 1722
112 113
112 114
112 115
112 116
112 117
112 118
112 119
112 120
112 121
112 122
112 123
112 124
114 1122
115 117
115 298
115 300
115 571
115 675
115 790
115 991
115 1061
115 1377
115 1438
115 1439
116 1003
116 1631
117 175
119 461
119 1915
119 1920
120 470
122 1700
124 1915
125 133
130 465
130 911
131 813
131 1121
132 843
133 161
133 162
133 163
133 164
133 165
133 166
133 167
133 168
135 137
135 141
136 368
137 938
137 979
137 998
137 1227
137 1250
137 1370
137 1459
137 1486
137 1925
141 144
141 219
141 332
141 497
141 922
141 951
141 988
141 1172
141 1431
141 1710
142 1002
142 1576
145 161
145 730
145 1308
145 1519
149 153
150 1942
153 168
153 412
153 763
153 845
153 975
153 1540
153 1636
155 1588
156 1942
159 1683
161 168
161 247
161 341
161 537
161 581
161 730
161 793
161 1113
161 1203
161 1400
161 1722
161 1787
164 1000
165 537
169 170
169 171
169 172
169 173
169 174
169 175
169 176
169 177
173 1268
174 863
175 234
175 308
175 467
175 516
175 968
175 1079
175 1141
175 1201
175 1345
175 1466
175 1664
175 1923
176 843
178 179
179 384
179 429
179 556
179 639
179 1184
179 1343
179 1735
179 1838
179 1887
180 977
182 357
182 1400
183 1122
185 266
185 1439
186 187
186 188
186 189
186 190
186 191
186 192
186 193
187 1509
188 419
188 425
188 495
188 496
188 497
188 498
188 499
188 500
188 501
188 502
188 503
188 504
188 505
189 911
189 1132
189 1447
190 843
194 199
195 467
195 838
196 443
196 911
198 322
198 604
199 775
199 966
199 1249
199 1412
199 1920
199 1921
206 1350
206 1873
208 247
210 266
210 730
210 1861
220 421
220 1447
222 335
223 1132
223 1350
223 1439
232 1268
240 1410
243 1089
246 247
246 248
246 249
246 250
246 251
247 274
247 285
247 388
247 399
247 666
247 982
247 1183
247 1222
247 1370
247 1540
247 1611
247 1635
247 1691
247 1737
247 1819
247 1872
247 1873
247 1920
247 1996
251 1518
253 1574
254 665
257 335
259 952
261 266
262 1509
265 952
266 315
266 360
266 430
266 515
266 566
266 950
266 1173
266 1448
266 1506
266 1907
271 461
273 398
274 1640
278 1788
278 1922
279 1347
279 1574
283 315
283 378
284 286
285 992
286 684
286 915
286 919
286 1095
286 1110
286 1253
286 1315
286 1390
286 1453
286 1776
287 838
287 1576
294 580
296 604
298 813
298 1308
298 1897
299 307
300 537
304 1787
305 1309
307 308
307 315
307 561
307 679
307 1235
307 1252
314 315
314 317
315 323
315 423
315 470
315 552
315 698
315 705
315 884
315 1214
315 1364
315 1478
315 1529
315 1631
315 1703
315 1704
317 375
317 453
317 516
317 543
317 883
317 1396
317 1511
317 1625
317 1733
317 1768
318 1683
319 586
321 747
322 687
322 1279
322 1333
322 1368
322 1376
322 1467
322 1577
322 1604
322 1638
322 1958
323 747
324 1132
325 652
326 497
327 813
328 863
331 741
331 1400
332 458
335 534
335 592
335 838
335 878
335 1300
335 1310
335 1438
335 1464
341 1722
342 352
343 1121
344 1447
344 1577
346 1308
346 1439
346 1664
350 747
350 1002
352 365
352 587
352 659
352 660
352 661
352 662
352 663
354 1121
355 356
355 357
355 358
355 359
355 360
355 361
355 362
355 363
355 364
357 369
357 581
357 603
357 604
357 665
357 1149
357 1163
357 1248
357 1425
357 1716
358 665
360 537
360 1354
360 1727
362 731
365 368
366 1490
368 479
368 543
368 605
368 954
368 1467
368 1484
368 1608
368 1765
368 1837
369 991
370 956
374 1611
375 378
375 381
376 1309
377 1728
378 1315
378 1721
381 672
381 911
381 1313
381 1356
381 1401
381 1423
381 1638
383 384
384 474
384 616
384 808
384 915
384 1017
384 1041
384 1178
384 1183
384 1339
384 1423
384 1700
384 1751
384 1825
384 1920
384 1972
385 889
388 1350
391 1000
392 398
393 1519
396 927
398 543
398 656
398 951
398 1057
398 1223
398 1296
398 1363
398 1398
398 1588
399 496
399 1439
400 465
402 659
402 1315
402 1825
404 435
407 1447
407 1958
408 470
410 838
410 1924
411 1034
414 415
414 416
414 417
414 418
414 419
414 420
414 421
414 422
414 423
417 496
417 1899
421 496
421 564
421 668
421 839
421 992
421 1005
421 1122
421 1130
421 1315
421 1513
421 1553
421 1829
422 465
423 788
425 1308
426 1000
430 731
430 1296
431 807
431 1509
432 1588
433 1664
434 435
434 443
435 552
435 889
435 1033
435 1039
435 1244
435 1275
435 1354
435 1474
435 1677
435 1734
435 1748
435 1879
436 465
440 1127
443 604
443 1200
443 1527
443 1795
443 1985
446 1400
447 1000
448 458
448 1034
450 790
450 984
451 1519
454 1089
456 458
456 461
457 658
458 510
458 543
458 1093
458 1477
458 1586
458 1806
458 1807
459 984
461 467
461 1261
461 1300
461 1440
461 1441
461 1442
461 1443
461 1444
462 1577
463 1509
464 1400
465 551
465 747
465 906
465 1600
465 1903
467 468
467 469
467 470
467 471
467 472
467 473
467 474
467 475
467 476
467 477
467 478
467 479
468 1385
468 1526
468 1663
469 1363
469 1513
470 577
470 628
470 662
470 743
470 757
470 846
470 1074
470 1089
470 1202
470 1258
470 1347
470 1518
470 1591
470 1807
471 1026
474 1966
476 1127
477 1026
478 838
478 1558
479 1089
483 1728
488 535
488 537
489 1439
490 889
490 956
491 863
494 1958
495 1192
496 702
496 1066
496 1088
496 1181
496 1376
496 1729
497 520
497 798
497 963
497 1214
497 1215
497 1227
497 1641
497 1682
497 1689
497 1703
498 861
498 863
499 638
499 755
499 836
499 1010
499 1078
499 1320
499 1454
499 1496
499 1654
499 1757
500 1044
500 1066
500 1111
500 1375
500 1380
500 1448
500 1812
501 767
501 769
501 1113
501 1226
501 1480
501 1655
502 1553
502 1574
503 1704
504 1966
505 1558
509 1478
515 1033
515 1439
516 520
520 529
520 698
520 719
520 763
520 946
520 947
520 948
521 537
521 1492
523 1121
523 1296
526 1631
528 1447
531 600
533 724
535 717
535 794
535 811
535 835
535 935
535 1184
535 1210
535 1355
535 1356
535 1357
536 1003
537 1204
537 1340
537 1609
537 1964
538 1640
539 540
539 541
539 542
539 543
541 1003
541 1640
543 956
543 1039
543 1354
543 1396
543 1410
543 1496
543 1558
543 1574
543 1683
543 1684
545 1924
548 1034
548 1689
549 788
550 1308
550 1683
553 1588
555 1966
556 1439
556 1942
557 1897
558 784
561 984
561 991
561 1228
562 658
562 1920
564 889
564 1513
565 1089
566 790
571 572
571 573
571 574
571 575
571 576
571 577
571 578
571 579
574 863
575 803
577 1920
580 581
580 582
580 583
580 584
580 585
580 586
580 587
580 588
580 589
580 590
580 591
580 592
580 593
582 989
583 652
583 1576
583 1787
586 616
586 661
586 714
586 731
586 1046
586 1186
586 1313
586 1314
586 1315
586 1316
587 838
594 600
596 600
596 788
598 1640
599 1829
600 634
600 671
600 789
600 1555
600 1749
602 1400
604 638
604 1176
604 1236
604 1470
604 1853
604 1911
604 1914
604 1920
605 1664
605 1689
605 1871
607 1622
608 1689
609 863
615 1509
615 1576
615 1918
619 741
619 843
619 1861
620 927
627 731
627 1121
627 1122
628 991
630 1700
632 808
633 1588
635 1315
637 1733
641 1228
643 652
644 659
647 1400
648 731
648 1704
652 958
652 1174
652 1238
652 1354
652 1437
652 1880
653 658
655 788
655 984
656 1350
658 921
658 1018
658 1691
659 775
659 803
659 893
659 1268
659 1315
659 1484
659 1485
659 1486
659 1487
659 1488
659 1489
659 1490
659 1491
659 1492
664 665
664 668
665 1639
665 1813
665 1941
667 1861
667 1928
668 829
668 917
668 925
668 1705
668 1743
668 1814
668 1864
668 1868
670 741
672 1354
673 989
673 991
673 992
686 1478
687 1788
688 1861
690 1558
690 1672
692 1486
695 1132
700 1122
701 1350
702 808
703 1268
708 1026
709 1364
711 1447
714 991
714 1490
714 1920
715 1588
718 724
721 1558
723 790
723 1447
724 756
724 1205
724 1206
724 1207
724 1208
727 730
727 731
728 956
728 1350
728 1478
729 1347
730 884
730 917
730 972
730 1443
730 1569
730 1750
730 1758
731 957
731 969
731 1717
731 1910
731 1932
731 1996
733 747
734 1627
737 956
738 1919
741 742
741 743
741 744
741 745
741 746
741 747
741 748
744 1631
747 784
747 861
747 863
747 984
747 1196
747 1221
747 1228
747 1871
747 1960
747 1966
755 1966
756 861
763 1788
769 1033
774 1289
775 1627
778 1492
778 1922
780 1700
781 784
784 935
784 1160
784 1203
784 1907
784 1939
785 1132
786 788
788 790
788 1005
788 1242
788 1953
789 790
790 813
790 1026
790 1236
790 1590
790 1607
790 1739
790 1817
792 1308
794 991
794 1000
795 1789
796 1690
798 1492
801 1363
803 853
803 946
803 1472
803 1900
804 807
804 808
806 1873
807 904
807 1069
807 1228
807 1452
807 1502
807 1750
808 969
808 991
808 1052
808 1579
808 1813
808 1853
808 1915
808 1928
808 1940
811 1622
813 1479
813 1927
816 1622
817 838
817 1228
817 1577
818 1672
818 1825
818 1920
819 1492
820 1296
825 1486
827 1683
830 1308
832 927
834 1400
837 1690
838 952
838 1003
838 1187
838 1270
838 1307
838 1320
838 1503
838 1547
838 1640
838 1856
838 1870
838 1899
839 1788
841 1400
842 843
843 987
843 1641
843 1817
844 1576
844 1689
847 1354
850 1034
855 1540
858 1920
860 1722
861 1037
861 1635
861 1685
861 1919
861 1946
863 1277
863 1493
863 1494
867 1400
868 1733
870 1825
875 889
876 1509
879 1248
880 1127
881 889
885 1958
886 1289
886 1439
889 994
889 1401
889 1402
890 1574
894 1350
897 1447
899 1789
900 1788
901 1683
907 1132
911 1187
911 1454
911 1577
911 1727
911 1728
911 1729
911 1730
912 1121
912 1127
914 1315
927 1538
927 1635
927 1788
929 1513
931 1727
931 1861
933 1248
938 1289
939 1553
941 1919
948 1672
949 952
950 1275
950 1577
950 1664
951 1627
951 1683
952 1016
952 1032
952 1108
952 1109
952 1110
952 1111
953 956
954 1558
956 1012
956 1218
956 1320
956 1476
956 1735
956 1805
965 1192
965 1928
969 1728
972 1309
972 1363
977 1308
977 1468
977 1842
977 1882
982 984
984 1451
984 1453
984 1454
984 1455
984 1456
988 1488
989 1023
989 1103
989 1471
989 1715
989 1920
989 1954
991 1092
991 1466
991 1576
991 1698
991 1861
991 1961
992 1152
992 1171
992 1258
992 1900
992 1916
993 1788
994 1540
998 1640
1000 1269
1000 1287
1000 1379
1000 1659
1000 1894
1000 1910
1001 1915
1002 1255
1002 1265
1002 1685
1002 1872
1003 1136
1003 1216
1003 1261
1003 1454
1003 1818
1003 1820
1013 1919
1015 1922
1026 1737
1027 1033
1027 1034
1030 1486
1030 1829
1031 1664
1033 1254
1033 1286
1033 1352
1033 1451
1033 1698
1033 1790
1034 1278
1034 1354
1034 1413
1034 1529
1034 1530
1034 1531
1038 1664
1046 1627
1049 1683
1051 1248
1053 1871
1055 1704
1056 1611
1065 1347
1069 1829
1072 1478
1073 1683
1074 1354
1075 1728
1081 1488
1082 1308
1082 1309
1085 1672
1087 1089
1089 1349
1089 1438
1089 1523
1089 1525
1089 1667
1093 1558
1101 1439
1104 1577
1110 1942
1116 1268
1117 1700
1121 1200
1121 1373
1121 1481
1121 1540
1121 1832
1121 1846
1121 1853
1122 1136
1122 1144
1122 1188
1122 1222
1127 1176
1127 1322
1127 1494
1128 1574
1128 1576
1132 1191
1132 1619
1132 1672
1132 1766
1134 1829
1136 1309
1136 1733
1140 1192
1158 1364
1158 1924
1159 1611
1163 1540
1163 1825
1164 1486
1167 1289
1172 1488
1173 1924
1177 1486
1184 1192
1192 1263
1192 1521
1192 1627
1193 1447
1201 1574
1202 1640
1205 1928
1210 1492
1215 1722
1219 1733
1224 1509
1226 1733
1227 1722
1228 1384
1228 1450
1228 1577
1228 1694
1228 1733
1228 1759
1228 1788
1228 1789
1229 1689
1231 1928
1234 1488
1238 1363
1238 1364
1240 1447
1240 1683
1244 1788
1244 1899
1246 1248
1247 1611
1248 1265
1250 1627
1255 1789
1257 1553
1264 1513
1266 1519
1268 1378
1268 1432
1268 1455
1268 1827
1268 1864
1268 1981
1269 1275
1271 1513
1275 1525
1275 1724
1275 1731
1275 1876
1283 1861
1286 1728
1288 1518
1289 1335
1289 1499
1289 1627
1289 1794
1289 1961
1290 1915
1290 1966
1293 1296
1294 1486
1296 1301
1296 1330
1296 1376
1296 1679
1300 1922
1305 1513
1307 1574
1307 1727
1308 1461
1308 1672
1308 1724
1308 1874
1309 1383
1309 1486
1309 1559
1309 1648
1309 1987
1311 1704
1312 1727
1313 1558
1314 1689
1315 1564
1315 1942
1315 1997
1318 1958
1332 1350
1332 1410
1337 1363
1337 1672
1339 1704
1339 1924
1346 1347
1347 1755
1347 1756
1350 1351
1350 1352
1350 1353
1350 1354
1352 1727
1354 1427
1354 1447
1354 1542
1354 1702
1354 1861
1354 1922
1362 1447
1363 1381
1363 1459
1363 1736
1363 1870
1363 1889
1364 1799
1372 1918
1375 1478
1378 1490
1378 1919
1383 1922
1383 1966
1387 1672
1387 1899
1393 1664
1400 1620
1400 1910
1400 1939
1401 1611
1408 1410
1410 1745
1412 1553
1413 1704
1413 1873
1414 1576
1415 1553
1416 1513
1417 1672
1429 1631
1429 1918
1433 1490
1437 1509
1439 1451
1447 1698
1451 1920
1451 1942
1454 1899
1461 1622
1461 1825
1464 1683
1466 1873
1467 1627
1474 1486
1474 1509
1478 1642
1485 1513
1486 1991
1487 1897
1488 1906
1490 1703
1490 1821
1491 1919
1492 1872
1492 1951
1509 1627
1509 1880
1511 1958
1513 1895
1513 1906
1514 1518
1514 1519
1519 1528
1519 1552
1519 1820
1537 1897
1540 1571
1540 1764
1540 1834
1540 1867
1540 1918
1540 1989
1545 1690
1547 1919
1550 1611
1553 1946
1555 1722
1558 1729
1560 1918
1563 1787
1573 1704
1574 1715
1574 1780
1576 1783
1576 1827
1577 1578
1577 1579
1577 1580
1588 1637
1588 1916
1591 1733
1608 1611
1611 1792
1611 1933
1611 1939
1617 1722
1620 1622
1622 1688
1622 1689
1622 1872
1622 1936
1625 1627
1627 1687
1627 1689
1627 1895
1640 1776
1647 1727
1656 1733
1656 1873
1672 1702
1672 1707
1672 1742
1672 1779
1672 1813
1677 1871
1679 1958
1683 1979
1686 1727
1689 1690
1689 1691
1690 1707
1690 1810
1690 1891
1704 1891
1705 1920
1727 1806
1728 1865
1728 1990
1729 1789
1729 1873
1733 1746
1733 1760
1733 1945
1738 1871
1742 1920
1747 1922
1748 1899
1775 1787
1777 1873
1788 1814
1789 1822
1789 1834
1797 1899
1814 1825
1815 1958
1840 1924
1844 1915
1856 1920
1861 1884
1861 1893
1861 1924
1871 1967
1873 1885
1888 1897
1897 1967
1897 1996
1912 1958
1914 1915
1920 1925
1920 1992
1924 1929
1966 1970
