2 1006
2 1661
3 625
3 800
4 1251
4 1526
4 1919
6 1533
7 238
7 1928
9 665
10 1704
12 541
13 160
13 330
13 1353
17 1784
18 19
18 20
18 21
18 22
18 23
18 24
18 25
18 26
18 27
18 28
18 29
21 180
21 501
22 378
22 443
22 699
23 501
24 110
24 125
24 180
24 314
24 372
24 426
24 780
24 881
24 1074
24 1200
24 1408
24 1427
24 1428
24 1968
24 1979
25 697
26 87
27 834
30 32
30 33
31 999
32 37
32 44
32 224
32 286
32 474
32 616
32 1152
32 1237
32 1288
32 1422
32 1460
33 315
33 530
33 895
33 1035
33 1119
33 1229
33 1396
33 1530
34 992
34 1928
38 619
39 180
42 992
43 44
43 46
43 51
44 108
44 123
44 159
44 234
44 388
44 532
44 570
44 691
44 696
44 806
44 882
44 951
44 1089
44 1177
44 1256
44 1265
44 1572
44 1724
45 1700
46 70
46 312
46 546
46 597
46 697
46 844
46 1070
46 1193
46 1321
46 1489
46 1550
46 1835
46 1913
46 1936
46 1938
46 1963
46 1995
48 462
48 1518
50 51
51 110
51 322
51 323
51 324
51 325
51 326
51 327
51 328
51 329
52 56
55 587
55 697
56 104
56 180
56 360
56 481
56 971
56 1290
56 1354
56 1457
56 1593
56 1849
57 1550
58 1272
58 1525
59 61
61 225
61 307
61 484
61 486
61 642
61 1116
61 1973
62 284
66 108
66 153
66 1428
67 1476
69 1276
71 1784
72 1383
73 1785
77 386
77 1550
77 1559
80 1861
82 1661
84 1367
86 1049
87 88
87 89
87 90
87 91
87 92
87 93
87 94
87 95
87 96
87 97
87 98
87 99
88 1222
89 443
89 544
89 587
89 599
89 611
89 623
89 950
89 991
89 1111
89 1146
89 1177
89 1291
89 1318
89 1335
89 1363
89 1516
90 108
91 110
91 313
92 992
92 1526
93 315
93 724
93 1006
94 624
94 1321
98 889
99 1576
100 101
100 108
100 110
101 313
101 609
101 810
101 1094
101 1109
101 1139
101 1521
101 1625
101 1634
101 1846
102 571
106 407
107 450
108 156
108 312
108 391
108 545
108 609
108 885
108 1149
108 1340
108 1919
109 584
110 498
110 686
110 724
110 1026
110 1137
110 1139
110 1635
110 1885
112 115
112 120
115 117
115 298
115 300
115 571
115 675
115 790
115 991
115 1061
115 1377
115 1438
115 1439
116 1134
119 1915
120 439
120 470
120 570
120 630
120 660
120 833
120 936
120 1087
120 1235
120 1313
122 1700
123 999
123 1559
124 1915
125 126
125 127
125 128
125 129
125 130
125 131
125 132
125 133
125 134
127 318
128 469
130 1403
132 1936
133 163
135 143
137 979
140 1661
142 1576
143 471
143 976
143 1306
143 1428
143 1695
148 241
149 153
149 160
151 439
153 168
153 412
153 763
153 845
153 975
153 1540
153 1636
154 1533
159 1134
160 313
160 416
160 491
160 541
160 623
160 874
160 878
160 885
160 1288
160 1312
160 1332
160 1333
160 1334
163 192
163 476
163 575
163 699
163 885
163 924
163 1697
163 1739
163 1849
163 1944
163 1981
166 591
166 1516
168 313
173 1167
173 1321
175 1664
178 179
178 180
178 181
178 182
178 183
178 184
178 185
179 556
180 308
180 394
180 407
180 476
180 705
180 977
180 978
180 979
180 980
180 981
181 517
185 266
187 1937
188 498
188 501
189 1321
189 1447
196 443
196 769
200 1356
202 769
205 386
205 618
206 1873
209 288
209 798
210 266
210 1861
211 288
211 623
212 1529
214 997
220 554
220 930
220 1447
221 231
226 1134
227 899
227 1383
227 1533
231 567
231 797
231 919
231 931
233 238
233 241
234 699
236 1051
237 284
237 996
238 290
238 528
238 715
238 776
238 1045
238 1098
238 1746
238 1826
238 1916
241 407
241 472
241 732
241 763
241 877
241 878
241 879
241 880
245 462
246 250
246 251
247 388
247 1222
247 1873
249 1516
249 1526
250 313
250 419
250 507
250 945
250 1093
250 1238
250 1387
250 1388
250 1389
251 321
251 350
251 365
251 406
251 566
251 608
251 621
251 1047
251 1111
251 1471
251 1518
251 1538
251 1668
251 1707
254 462
254 665
257 330
258 981
259 952
259 1251
261 263
261 266
263 460
263 486
263 544
263 1294
263 1306
263 1793
263 1923
265 952
266 315
266 360
266 430
266 515
266 566
266 950
266 1173
266 1448
266 1506
266 1907
269 1251
271 769
272 413
274 379
274 1321
274 1640
275 498
275 1669
276 546
277 280
277 283
280 329
280 380
280 476
280 517
280 576
280 896
280 1506
283 315
283 324
283 378
283 633
283 634
283 635
283 636
283 637
283 638
283 639
283 640
283 641
283 642
284 285
284 286
284 287
284 288
284 289
284 290
284 291
284 292
285 992
287 1576
287 1609
288 395
288 484
288 670
288 776
288 839
288 983
288 1059
288 1159
288 1168
288 1203
288 1260
288 1272
289 979
291 1383
294 413
294 1943
295 1222
295 1741
297 697
299 313
305 623
307 315
309 899
309 1276
311 372
312 1718
313 1135
313 1205
313 1522
313 1548
313 1572
313 1729
313 1793
314 315
314 318
315 323
315 423
315 470
315 552
315 698
315 705
315 884
315 1214
315 1364
315 1478
315 1529
315 1631
315 1703
315 1704
318 493
318 678
318 682
318 846
318 949
318 1077
318 1111
318 1432
318 1683
318 1870
319 993
319 1367
320 697
321 1116
322 1958
323 1784
326 832
328 997
329 744
330 472
330 632
330 812
330 899
330 1088
330 1234
330 1526
330 1785
330 1854
331 1526
334 745
334 1111
337 626
344 1447
345 1554
346 1664
347 625
350 388
350 776
352 587
353 1312
357 665
358 665
360 469
363 1116
365 372
366 626
369 991
369 1049
372 396
372 615
372 618
372 1225
372 1283
372 1559
372 1566
372 1718
372 1745
375 378
375 379
376 546
376 1006
377 1134
378 1315
378 1721
379 905
379 1059
379 1394
379 1442
379 1578
380 388
381 1356
383 386
383 388
384 808
384 1700
385 556
385 889
386 875
386 950
386 1150
386 1244
386 1258
386 1336
386 1978
388 621
388 660
388 1251
388 1286
388 1350
388 1412
388 1449
388 1732
388 1896
388 1957
391 1880
392 395
394 1111
395 503
395 530
395 617
395 786
395 834
395 1330
395 1365
395 1366
395 1367
395 1368
395 1369
396 927
396 930
396 931
399 1730
400 745
400 1167
401 1943
402 832
403 407
403 412
403 413
404 1968
407 733
407 744
407 1414
407 1447
407 1487
407 1648
407 1880
407 1958
408 776
408 905
408 1366
408 1428
408 1669
410 1924
412 725
412 1063
412 1113
412 1184
412 1189
412 1220
412 1340
412 1428
412 1454
412 1610
412 1839
413 460
413 723
413 1117
413 1209
413 1407
413 1673
418 1006
418 1276
421 668
421 992
425 625
425 780
433 950
433 1664
434 439
434 443
435 889
435 1033
436 462
437 834
439 657
439 812
439 940
439 1167
439 1417
439 1466
439 1525
439 1554
439 1741
439 1774
442 469
443 604
443 1200
443 1527
443 1795
443 1985
447 498
449 800
450 583
450 618
450 790
450 850
450 901
450 984
450 1097
452 556
452 940
454 541
455 899
455 905
456 460
457 1415
460 598
460 613
460 776
460 800
460 1065
460 1105
460 1159
460 1338
460 1383
460 1565
462 627
462 673
462 1177
462 1405
462 1577
462 1663
462 1674
462 1761
466 745
467 469
468 1526
469 494
469 576
469 837
469 1260
469 1265
469 1363
469 1411
469 1513
469 1637
469 1673
470 1518
471 623
471 997
471 1026
472 1559
472 1934
477 1026
478 931
479 1785
481 624
483 1428
484 1741
486 491
488 517
490 889
491 863
493 994
494 1272
494 1525
494 1958
495 1321
497 798
498 773
498 860
498 861
498 862
498 863
499 1454
500 1111
500 1375
501 767
501 769
501 1113
501 1226
501 1480
501 1655
503 1704
504 1367
508 780
511 1669
515 1033
516 517
517 591
517 837
517 930
517 939
517 994
517 1212
517 1314
517 1375
517 1413
517 1414
517 1415
518 618
519 1312
522 527
527 971
527 1028
527 1195
527 1255
527 1256
527 1257
527 1258
527 1259
527 1260
527 1261
528 1447
530 556
531 587
532 1260
533 724
535 1356
537 1609
538 1640
539 540
539 541
539 542
539 543
540 1516
541 562
541 669
541 699
541 756
541 965
541 1003
541 1165
541 1307
541 1339
541 1356
541 1640
545 1924
546 941
546 1133
546 1146
546 1156
546 1739
546 1754
546 1953
549 905
552 554
552 556
553 1260
553 1741
554 959
554 1299
554 1412
554 1556
554 1724
555 725
555 1366
556 883
556 923
556 1299
556 1369
556 1439
556 1692
556 1741
556 1877
556 1942
561 979
561 991
564 626
564 889
570 673
570 1785
571 572
571 573
571 574
571 575
571 576
571 577
571 578
571 579
574 673
575 800
576 995
576 1366
578 1272
579 930
580 584
580 587
580 591
582 989
582 1516
583 745
583 1576
584 774
584 910
584 950
584 1015
584 1016
584 1303
584 1764
587 836
587 837
587 838
587 839
587 840
587 841
590 1669
591 618
591 821
591 884
591 903
591 905
591 1036
591 1276
591 1609
591 1667
591 1668
591 1669
592 1383
598 1640
598 1730
603 769
605 1664
608 673
610 981
615 1576
616 618
616 619
617 1880
618 1085
618 1116
618 1247
618 1445
618 1703
618 1730
618 1745
618 1746
618 1810
619 663
619 741
619 843
619 1021
619 1040
619 1337
619 1483
619 1861
620 927
621 1718
623 624
623 625
623 626
623 627
623 628
623 629
623 630
623 631
623 632
624 870
624 1058
624 1083
624 1112
624 1793
625 873
625 874
625 875
625 876
626 709
626 1562
626 1890
628 991
630 1700
631 1247
632 808
636 1724
637 940
640 776
640 931
644 1741
645 699
645 999
648 1321
648 1704
652 1880
655 931
660 834
661 997
661 1111
663 1784
664 665
664 666
664 667
664 668
664 669
664 670
664 671
664 672
664 673
664 674
664 675
665 1639
665 1813
665 1941
667 699
667 1861
667 1928
667 1936
668 829
668 917
668 925
668 1705
668 1743
668 1814
668 1864
668 1868
672 725
672 1554
673 708
673 737
673 806
673 881
673 988
673 989
673 990
673 991
673 992
673 993
673 994
673 995
673 996
673 997
673 998
673 999
674 1312
680 994
684 1937
685 905
688 1861
690 1741
693 697
694 1260
696 832
696 1554
697 785
697 1349
697 1456
699 794
699 1048
699 1049
699 1050
699 1051
699 1052
699 1053
702 808
708 1026
709 1260
709 1364
709 1525
709 1529
711 1447
714 991
714 1454
715 978
718 724
718 725
720 1321
720 1609
721 1559
723 1447
724 756
724 1205
724 1206
724 1207
724 1208
725 1007
725 1059
725 1368
725 1463
726 1539
728 1476
736 1134
737 994
738 1919
741 744
741 745
743 780
744 799
744 916
744 1005
744 1324
744 1384
744 1631
744 1685
744 1849
744 1877
745 950
745 1221
745 1469
752 776
752 1730
761 780
761 1550
764 769
769 798
769 1033
769 1099
769 1134
769 1314
769 1594
769 1784
772 776
772 780
773 905
775 950
776 868
776 1005
776 1353
776 1379
776 1428
776 1905
776 1937
780 839
780 960
780 1172
780 1374
780 1526
780 1700
787 979
787 1367
790 1026
791 798
793 1276
794 991
795 905
795 1116
795 1789
798 948
798 1014
798 1073
798 1260
798 1394
798 1492
798 1593
800 855
800 1038
800 1077
800 1570
804 806
804 808
806 883
806 1107
806 1181
806 1334
806 1349
806 1408
806 1412
806 1444
806 1524
806 1565
806 1587
806 1820
806 1873
808 969
808 991
808 1052
808 1579
808 1813
808 1853
808 1915
808 1928
808 1940
809 1049
814 1272
817 950
817 1383
822 1006
822 1251
824 1403
829 832
829 834
832 927
832 994
832 1001
832 1039
832 1099
832 1446
832 1499
832 1655
832 1661
832 1729
832 1853
834 948
834 1087
834 1342
834 1397
834 1398
834 1399
834 1400
837 1251
838 952
838 1640
840 1724
844 1576
845 1260
846 1609
846 1784
851 1134
855 1272
859 1661
860 1367
861 1919
875 889
875 1454
879 1476
881 889
885 1958
889 994
889 1401
889 1402
894 1784
897 1447
898 1312
898 1669
899 1222
899 1419
899 1607
899 1780
899 1789
899 1812
899 1854
905 1238
905 1240
905 1320
905 1321
905 1322
905 1323
905 1324
905 1325
909 1375
911 1454
911 1730
912 1312
915 1741
916 1353
916 1415
917 981
925 979
927 1538
927 1635
927 1788
930 1060
930 1314
930 1477
930 1962
931 1126
931 1237
931 1403
931 1570
931 1671
931 1727
931 1762
931 1861
931 1862
932 940
934 1525
938 1260
939 1526
940 998
940 1025
940 1726
940 1836
940 1970
941 1919
944 1880
945 1134
949 950
949 952
950 1275
950 1397
950 1544
950 1560
950 1577
950 1664
952 1016
952 1032
952 1108
952 1109
952 1110
952 1111
956 1476
957 1550
959 1222
963 978
965 993
965 1928
977 1308
977 1468
977 1842
977 1882
978 1867
979 1214
979 1406
979 1413
979 1463
979 1496
981 1189
981 1226
981 1283
981 1466
981 1512
981 1662
984 1454
989 1023
989 1103
989 1471
989 1715
989 1920
989 1954
991 1092
991 1466
991 1576
991 1698
991 1861
991 1961
992 1152
992 1171
992 1258
992 1900
992 1916
993 1334
993 1788
993 1808
993 1809
994 1126
994 1139
994 1449
994 1533
994 1539
994 1540
994 1541
995 1123
995 1313
995 1572
995 1573
996 1201
996 1501
997 1093
997 1125
997 1751
997 1992
998 1403
998 1640
999 1242
999 1263
999 1444
999 1606
999 1703
1001 1554
1001 1915
1003 1454
1005 1525
1006 1111
1006 1564
1006 1734
1013 1919
1017 1415
1025 1375
1026 1737
1027 1033
1031 1550
1031 1664
1033 1254
1033 1286
1033 1352
1033 1451
1033 1698
1033 1790
1034 1529
1038 1664
1044 1741
1049 1471
1049 1629
1049 1683
1049 1946
1050 1943
1051 1066
1051 1248
1051 1266
1051 1280
1051 1349
1051 1568
1051 1769
1051 1834
1053 1525
1055 1704
1056 1251
1063 1375
1065 1454
1072 1718
1072 1724
1089 1525
1093 1730
1095 1669
1099 1321
1104 1167
1105 1428
1107 1724
1111 1128
1111 1388
1111 1425
1111 1446
1111 1544
1111 1934
1115 1116
1116 1175
1116 1242
1116 1249
1116 1266
1116 1267
1116 1268
1117 1700
1118 1669
1122 1222
1123 1669
1125 1403
1128 1576
1133 1167
1134 1783
1134 1829
1134 1908
1134 1941
1140 1526
1142 1529
1148 1367
1158 1364
1158 1924
1165 1167
1166 1222
1166 1559
1167 1204
1167 1289
1167 1746
1173 1924
1177 1730
1179 1321
1183 1516
1187 1937
1193 1403
1193 1447
1200 1963
1202 1640
1205 1928
1208 1937
1209 1260
1211 1741
1212 1963
1222 1449
1222 1459
1224 1383
1224 1937
1228 1789
1231 1928
1238 1364
1240 1447
1243 1276
1246 1247
1246 1251
1247 1380
1247 1399
1247 1463
1247 1560
1247 1611
1247 1815
1247 1816
1251 1340
1251 1734
1251 1762
1251 1941
1255 1789
1257 1554
1258 1554
1260 1278
1260 1741
1260 1834
1260 1898
1260 1905
1267 1276
1267 1526
1269 1272
1269 1276
1272 1947
1274 1312
1275 1525
1275 1724
1276 1511
1276 1865
1276 1970
1279 1321
1283 1861
1284 1880
1284 1968
1288 1518
1290 1915
1291 1785
1298 1943
1305 1936
1308 1724
1309 1383
1309 1559
1311 1704
1312 1398
1312 1710
1312 1727
1312 1832
1318 1366
1318 1958
1320 1415
1320 1968
1321 1370
1326 1550
1328 1366
1336 1963
1339 1704
1339 1924
1341 1529
1350 1353
1353 1532
1353 1546
1353 1580
1353 1638
1354 1447
1354 1861
1356 1435
1356 1517
1356 1803
1362 1447
1364 1799
1365 1936
1365 1943
1366 1508
1366 1699
1367 1474
1367 1524
1367 1667
1367 1980
1370 1936
1371 1937
1375 1450
1375 1478
1375 1563
1375 1705
1378 1919
1378 1963
1383 1485
1383 1573
1383 1922
1383 1966
1388 1550
1393 1533
1393 1664
1403 1404
1403 1405
1403 1406
1403 1407
1411 1415
1413 1704
1413 1873
1414 1576
1415 1421
1415 1431
1415 1498
1415 1553
1415 1701
1415 1702
1426 1428
1428 1716
1428 1813
1428 1923
1430 1539
1447 1698
1453 1937
1454 1566
1454 1688
1454 1710
1454 1864
1454 1899
1457 1741
1466 1873
1476 1724
1487 1661
1491 1919
1496 1526
1497 1516
1499 1554
1501 1525
1504 1550
1509 1880
1511 1958
1514 1516
1514 1518
1516 1643
1524 1525
1525 1562
1529 1643
1533 1534
1533 1535
1538 1539
1539 1976
1544 1963
1547 1919
1550 1611
1550 1956
1554 1562
1554 1960
1559 1680
1559 1770
1559 1847
1562 1661
1570 1669
1573 1704
1576 1783
1576 1827
1587 1661
1607 1661
1608 1609
1622 1936
1623 1730
1630 1661
1640 1776
1656 1724
1656 1873
1660 1968
1661 1662
1661 1663
1666 1936
1679 1958
1681 1968
1703 1724
1704 1891
1716 1937
1718 1982
1724 1854
1724 1943
1725 1784
1725 1785
1729 1789
1729 1873
1730 1766
1731 1785
1741 1745
1741 1859
1744 1784
1777 1873
1784 1910
1784 1981
1785 1854
1789 1822
1789 1834
1800 1963
1815 1958
1840 1924
1844 1915
1850 1937
1861 1884
1861 1893
1861 1924
1873 1885
1879 1880
1880 1911
1887 1968
1912 1958
1914 1915
1924 1929
1934 1935
1939 1943
