1 827
4 1251
4 1918
4 1919
7 1457
7 1753
10 1390
12 586
12 1690
13 437
13 600
13 910
13 1619
17 1784
19 730
20 391
20 421
21 501
22 378
23 333
23 501
24 125
26 1753
30 32
31 1666
32 37
32 44
32 224
32 286
32 474
32 616
32 1152
32 1237
32 1288
32 1422
32 1460
34 992
42 992
42 1876
43 44
43 45
43 46
43 47
43 48
43 49
43 50
43 51
44 108
44 123
44 159
44 234
44 388
44 532
44 570
44 691
44 696
44 806
44 882
44 951
44 1089
44 1177
44 1256
44 1265
44 1572
44 1724
46 1321
46 1550
47 496
50 1387
50 1689
51 326
51 327
54 1086
54 1157
56 1457
57 1550
57 1826
58 186
58 1315
58 1902
59 62
59 69
60 127
62 284
62 326
62 333
62 340
62 479
62 946
62 967
62 990
62 1021
62 1617
62 1783
62 1891
64 1540
64 1672
64 1929
65 458
65 1846
65 1921
66 108
66 153
67 730
67 1476
69 497
69 514
69 640
69 891
69 1276
70 72
70 77
71 1784
72 347
72 396
72 586
72 600
72 877
72 953
72 1383
72 1519
72 1685
72 1705
72 1911
72 1913
73 827
74 1324
74 1390
75 1524
77 127
77 234
77 386
77 391
77 685
77 870
77 1240
77 1481
77 1550
77 1559
77 1562
77 1610
77 1772
77 1790
77 1806
77 1900
77 1972
80 1250
81 795
81 1390
84 1315
85 570
85 1535
89 1363
89 1516
90 108
92 536
92 992
92 1496
93 1000
93 1003
94 333
94 624
94 1321
94 1829
95 953
97 973
100 108
101 1625
101 1846
103 421
103 1363
104 326
106 795
106 1829
108 156
108 312
108 391
108 545
108 609
108 885
108 1149
108 1340
108 1919
109 584
110 498
113 818
113 1250
114 166
116 1003
116 1524
118 700
118 1929
120 570
120 660
120 1313
121 1511
122 437
122 700
123 1559
125 126
125 127
125 128
125 129
125 130
125 131
125 132
125 133
125 134
126 1535
127 148
127 318
127 479
127 516
127 562
127 750
127 916
127 1225
127 1249
127 1426
127 1427
127 1451
127 1614
127 1652
127 1745
127 1799
128 1744
129 333
131 813
133 166
134 1846
135 139
135 141
137 1227
137 1250
138 159
138 174
139 193
139 656
139 696
139 1166
139 1214
139 1262
139 1610
139 1997
141 144
141 219
141 332
141 497
141 922
141 951
141 988
141 1172
141 1431
141 1710
142 1662
145 730
145 1308
145 1519
146 819
149 153
149 159
153 168
153 412
153 763
153 845
153 975
153 1540
153 1636
158 1826
159 567
159 607
159 785
159 791
159 971
159 1134
159 1257
159 1502
159 1683
159 1804
159 1921
161 730
164 1000
166 295
166 505
166 591
166 706
166 750
166 836
166 894
166 973
166 1175
166 1464
166 1516
166 1913
168 1806
169 173
169 174
171 1508
173 525
173 597
173 736
173 1167
173 1268
173 1321
173 1371
173 1377
173 1679
173 1709
173 1743
173 1744
173 1745
173 1746
174 632
174 863
174 910
174 965
174 1050
174 1211
174 1538
174 1581
174 1607
174 1935
179 556
180 977
181 1662
182 1709
183 326
186 187
186 188
186 189
186 190
186 191
186 192
186 193
187 897
188 419
188 425
188 495
188 496
188 497
188 498
188 499
188 500
188 501
188 502
188 503
188 504
188 505
189 1321
191 819
192 1157
192 1799
196 910
199 1921
200 1621
201 1535
202 815
203 700
205 386
206 1350
206 1873
209 437
209 798
210 730
216 819
219 1806
220 421
220 554
223 1350
225 795
226 700
226 1496
226 1524
227 662
227 1383
227 1619
229 1929
232 1268
233 244
234 700
235 1508
235 1709
237 284
238 1826
240 1410
242 751
243 1089
244 436
244 437
244 489
244 739
244 948
244 1001
244 1361
244 1528
244 1747
244 1768
247 388
247 1540
247 1873
249 1516
249 1625
250 1387
251 621
251 1668
254 795
254 1874
256 1876
257 333
259 1251
267 910
267 1437
269 1251
270 1668
274 379
274 536
274 1321
275 498
275 1191
275 1313
275 1669
276 550
282 1799
283 378
284 285
284 286
284 287
284 288
284 289
284 290
284 291
284 292
285 992
286 1315
286 1390
287 1609
290 1799
291 1383
292 1745
294 1943
295 1741
298 813
298 1308
301 1874
302 696
302 1060
303 358
304 1313
304 1402
312 1709
314 318
316 1082
316 1876
317 1511
317 1625
318 493
318 678
318 682
318 846
318 949
318 1077
318 1111
318 1432
318 1683
318 1870
319 437
319 586
320 1320
321 819
323 1784
326 497
326 662
326 770
326 832
326 1028
326 1437
326 1496
326 1500
326 1616
326 1749
326 1967
327 393
327 767
327 811
327 812
327 813
327 814
327 815
327 816
327 817
327 818
327 819
327 820
328 1753
329 744
332 458
332 736
333 630
333 703
333 859
333 1286
333 1546
333 1896
336 1619
336 1874
338 536
338 870
338 1324
340 736
343 627
343 1426
345 1554
346 1308
350 388
351 570
352 660
352 662
355 358
358 510
358 665
358 976
358 1074
358 1250
358 1339
358 1725
358 1839
358 1892
360 1437
360 1727
363 1846
369 627
370 714
371 1709
371 1876
372 1559
372 1745
375 378
375 379
378 1315
378 1721
379 905
379 1059
379 1394
379 1442
379 1578
380 388
381 1313
383 386
383 388
383 391
385 556
386 875
386 950
386 1150
386 1244
386 1258
386 1336
386 1978
388 621
388 660
388 1251
388 1286
388 1350
388 1412
388 1449
388 1732
388 1896
388 1957
390 1060
390 1625
391 536
391 606
391 700
391 827
391 920
391 1000
391 1402
391 1723
391 1852
391 1876
391 1880
391 1891
393 1519
396 927
397 1744
397 1902
398 1363
399 496
400 1167
401 459
401 1943
402 832
402 1315
404 736
404 1705
407 744
407 1880
408 905
408 1669
414 415
414 416
414 417
414 418
414 419
414 420
414 421
414 422
414 423
417 496
418 1060
421 496
421 564
421 668
421 839
421 992
421 1005
421 1122
421 1130
421 1315
421 1513
421 1553
421 1829
423 1745
424 428
425 1308
426 1000
428 789
428 814
428 819
428 1023
428 1042
428 1172
428 1489
428 1619
428 1679
428 1805
428 1969
430 1481
431 818
431 972
434 437
437 615
437 834
437 910
437 1065
437 1535
437 1685
437 1902
439 1167
439 1554
439 1741
441 1625
447 498
447 1000
448 458
449 827
451 459
451 1519
452 556
454 536
454 1089
455 905
456 458
456 459
458 510
458 543
458 1093
458 1477
458 1586
458 1806
458 1807
459 859
459 909
459 984
459 1112
459 1250
459 1394
459 1833
459 1849
460 1383
462 627
469 1363
469 1513
470 662
470 1089
472 1559
473 973
476 1437
477 1157
479 1089
481 624
483 1496
484 1741
487 972
487 1390
488 536
493 994
493 1619
495 815
495 1192
495 1321
496 702
496 1066
496 1088
496 1181
496 1376
496 1729
497 520
497 798
497 963
497 1214
497 1215
497 1227
497 1641
497 1682
497 1689
497 1703
498 773
498 860
498 861
498 862
498 863
499 1320
499 1496
500 1044
500 1066
500 1111
500 1375
500 1380
500 1448
500 1812
501 767
501 769
501 1113
501 1226
501 1480
501 1655
502 1553
503 1191
507 827
511 1669
516 520
517 591
517 994
518 1508
520 529
520 698
520 719
520 763
520 946
520 947
520 948
527 1256
530 556
531 600
536 865
536 903
536 910
536 1003
536 1090
536 1209
536 1390
536 1397
536 1508
536 1671
536 1749
536 1786
536 1858
537 1609
540 1516
540 1524
541 1003
543 1410
543 1496
547 818
548 815
548 1689
549 818
549 905
550 729
550 738
550 941
550 1037
550 1187
550 1308
550 1683
550 1712
550 1780
550 1977
552 554
552 556
553 1741
554 959
554 1299
554 1412
554 1556
554 1724
556 883
556 923
556 1299
556 1369
556 1439
556 1692
556 1741
556 1877
556 1942
561 1060
561 1227
564 1513
565 1089
568 1227
569 829
570 673
570 1171
570 1287
570 1369
570 1501
570 1785
579 795
579 870
580 584
580 586
580 591
582 1516
582 1662
584 774
584 910
584 950
584 1015
584 1016
584 1303
584 1764
586 616
586 661
586 714
586 731
586 1046
586 1186
586 1313
586 1314
586 1315
586 1316
588 1426
590 1669
591 618
591 821
591 884
591 903
591 905
591 1036
591 1276
591 1609
591 1667
591 1668
591 1669
592 1383
594 600
595 1511
596 600
596 972
596 973
597 1619
597 1874
599 1829
600 634
600 671
600 789
600 1555
600 1749
605 1689
607 1508
607 1622
608 972
608 1689
610 973
613 1090
615 1918
616 621
617 1880
618 1745
620 927
621 1042
621 1380
621 1716
621 1717
621 1718
621 1719
623 624
623 627
624 870
624 1058
624 1083
624 1112
624 1793
627 731
627 736
627 1120
627 1121
627 1122
627 1123
627 1124
627 1125
628 815
631 1297
634 1508
635 1315
636 1724
638 1786
642 1535
644 1741
648 1321
649 1806
651 1387
651 1790
652 1437
652 1880
654 818
654 1481
655 1437
656 1350
659 1268
659 1315
660 678
660 811
660 834
660 1100
660 1226
660 1425
660 1589
660 1617
660 1621
660 1804
660 1834
660 1867
661 1274
662 900
662 1069
662 1101
662 1234
662 1602
662 1638
663 1784
668 829
668 1705
669 1086
670 1929
671 1662
672 795
672 1554
673 806
673 992
673 994
675 1745
675 1921
677 1426
680 994
685 905
687 1535
688 1902
690 1672
690 1741
691 1744
693 696
696 832
696 845
696 1023
696 1157
696 1186
696 1191
696 1338
696 1554
696 1571
696 1662
696 1679
696 1865
696 1908
696 1979
697 785
700 1013
700 1122
700 1186
700 1257
700 1491
701 1060
701 1320
701 1350
702 1806
703 1268
704 1086
705 714
706 714
709 1805
712 897
714 762
714 991
714 1143
714 1454
714 1490
714 1527
714 1920
714 1932
720 1321
720 1609
721 1559
726 1539
727 730
728 1350
728 1476
729 1508
730 884
730 917
730 972
730 1443
730 1569
730 1750
730 1758
733 1753
734 1627
735 1621
736 742
736 971
736 1086
736 1133
736 1134
736 1135
736 1136
736 1137
737 829
737 994
738 1919
741 744
742 1799
744 799
744 916
744 1005
744 1324
744 1384
744 1631
744 1685
744 1849
744 1877
749 751
750 1621
751 1014
751 1249
751 1636
751 1709
751 1710
751 1711
751 1712
752 1666
754 1090
761 1550
768 1874
769 798
769 1784
770 1457
771 1921
773 785
773 905
774 785
775 1627
781 785
785 793
785 1132
785 1218
785 1295
785 1736
785 1737
790 813
791 795
791 798
792 1308
792 1324
794 1000
795 905
795 1116
795 1586
795 1789
795 1792
796 953
796 1690
797 818
798 948
798 1014
798 1073
798 1260
798 1394
798 1492
798 1593
801 973
801 1363
802 1402
804 806
806 883
806 1107
806 1181
806 1334
806 1349
806 1408
806 1412
806 1444
806 1524
806 1565
806 1587
806 1820
806 1873
810 1274
811 1622
813 1479
813 1927
815 857
815 866
815 1077
816 1622
817 1383
818 1117
818 1237
818 1672
818 1678
818 1825
818 1920
818 1932
819 1131
819 1319
819 1341
819 1492
819 1649
822 1251
822 1274
823 953
826 827
827 907
827 1076
827 1605
827 1658
827 1683
828 972
829 830
829 831
829 832
829 833
829 834
829 835
830 1308
832 927
832 994
832 1001
832 1039
832 1099
832 1446
832 1499
832 1655
832 1661
832 1729
832 1853
833 1524
836 972
836 1753
837 1251
837 1690
837 1799
838 1003
838 1320
840 1724
844 1689
845 1324
846 1609
846 1784
851 1668
853 953
855 1540
857 897
861 1919
864 870
865 1744
870 897
870 1060
870 1293
870 1399
870 1794
870 1814
870 1825
871 1157
875 1826
876 1744
879 1476
884 1806
887 1297
889 994
889 1402
892 1786
894 1350
894 1457
894 1784
897 957
897 958
897 1032
897 1130
897 1372
897 1447
897 1613
897 1887
898 1669
905 1238
905 1240
905 1320
905 1321
905 1322
905 1323
905 1324
905 1325
908 1437
910 1087
910 1210
910 1225
910 1234
910 1274
910 1297
910 1703
911 1727
912 1705
914 1315
915 1741
918 1745
927 1538
927 1635
927 1788
929 1090
929 1513
930 1060
931 1727
933 972
933 1481
939 1553
941 1919
944 1274
944 1880
947 1745
948 1672
951 1627
953 954
953 955
953 956
953 957
953 958
953 959
954 1902
956 1320
956 1476
956 1805
957 1090
957 1550
958 1086
961 1874
962 1437
964 1511
965 1192
967 1662
972 1309
972 1363
972 1587
972 1821
972 1902
973 1304
973 1462
973 1776
973 1927
973 1985
977 1308
977 1468
977 1842
977 1882
979 1496
981 1662
986 1086
990 1086
992 1152
992 1171
992 1258
992 1900
992 1916
994 1126
994 1139
994 1449
994 1533
994 1539
994 1540
994 1541
995 1313
1000 1269
1000 1287
1000 1379
1000 1659
1000 1894
1000 1910
1001 1554
1003 1136
1003 1216
1003 1261
1003 1454
1003 1818
1003 1820
1005 1535
1013 1524
1013 1919
1022 1313
1023 1846
1030 1829
1031 1550
1033 1790
1038 1826
1044 1741
1046 1324
1046 1627
1047 1060
1048 1227
1050 1943
1052 1668
1053 1662
1055 1668
1055 1744
1056 1251
1058 1921
1060 1085
1060 1394
1060 1401
1060 1536
1061 1157
1065 1745
1065 1846
1067 1786
1069 1829
1072 1724
1078 1082
1080 1457
1082 1305
1082 1306
1082 1307
1082 1308
1082 1309
1082 1310
1084 1086
1085 1672
1086 1573
1086 1808
1086 1909
1087 1089
1087 1090
1089 1349
1089 1438
1089 1523
1089 1525
1089 1667
1090 1425
1090 1479
1090 1565
1090 1657
1095 1669
1098 1805
1099 1321
1099 1457
1100 1744
1101 1496
1104 1167
1107 1724
1116 1268
1118 1669
1121 1481
1121 1540
1121 1846
1123 1669
1126 1709
1132 1191
1132 1619
1132 1672
1133 1167
1134 1829
1140 1192
1140 1426
1142 1786
1155 1157
1157 1221
1157 1643
1157 1810
1159 1805
1163 1540
1163 1806
1165 1167
1166 1559
1167 1204
1167 1289
1167 1746
1175 1457
1179 1321
1181 1662
1183 1516
1184 1191
1184 1192
1191 1398
1191 1838
1192 1263
1192 1521
1192 1627
1201 1250
1202 1666
1204 1929
1208 1709
1209 1390
1211 1741
1214 1524
1224 1383
1224 1790
1225 1250
1227 1422
1227 1604
1227 1711
1227 1722
1227 1986
1229 1689
1238 1363
1243 1621
1244 1625
1244 1902
1246 1250
1246 1251
1250 1265
1250 1341
1250 1627
1250 1702
1250 1929
1251 1340
1251 1734
1251 1762
1251 1941
1256 1435
1256 1443
1256 1605
1256 1639
1256 1726
1256 1996
1257 1553
1257 1554
1258 1554
1260 1741
1264 1513
1266 1519
1268 1378
1268 1432
1268 1455
1268 1827
1268 1864
1268 1981
1269 1274
1271 1513
1274 1312
1274 1754
1274 1875
1275 1724
1275 1876
1276 1511
1279 1321
1284 1880
1285 1402
1289 1627
1290 1297
1293 1297
1297 1310
1297 1635
1297 1678
1298 1943
1302 1402
1305 1513
1307 1457
1307 1727
1308 1461
1308 1672
1308 1724
1308 1874
1309 1383
1309 1559
1311 1313
1312 1727
1313 1558
1313 1594
1314 1689
1315 1564
1315 1942
1315 1997
1318 1799
1320 1415
1320 1472
1320 1650
1320 1968
1321 1370
1324 1652
1324 1813
1324 1950
1324 1965
1326 1550
1332 1350
1332 1410
1333 1929
1337 1363
1337 1672
1337 1902
1350 1351
1350 1352
1350 1353
1350 1354
1352 1496
1352 1727
1361 1790
1361 1876
1363 1381
1363 1459
1363 1736
1363 1870
1363 1889
1364 1799
1365 1876
1365 1943
1366 1508
1367 1524
1370 1805
1372 1918
1375 1705
1377 1621
1378 1919
1379 1535
1383 1485
1383 1573
1383 1922
1383 1966
1386 1666
1387 1536
1387 1672
1387 1889
1387 1899
1388 1550
1393 1709
1402 1456
1402 1773
1407 1437
1408 1410
1410 1745
1412 1553
1413 1873
1415 1553
1416 1513
1417 1672
1421 1535
1426 1427
1426 1428
1426 1429
1429 1918
1430 1539
1437 1509
1437 1671
1437 1716
1437 1917
1440 1662
1448 1753
1452 1511
1457 1741
1458 1799
1459 1705
1460 1806
1461 1622
1466 1873
1467 1627
1476 1724
1480 1621
1481 1633
1485 1513
1489 1790
1491 1919
1495 1496
1496 1526
1497 1516
1499 1554
1504 1550
1508 1896
1508 1974
1509 1627
1509 1880
1510 1511
1511 1579
1511 1681
1511 1709
1511 1958
1512 1790
1513 1895
1513 1906
1514 1516
1514 1519
1516 1643
1519 1528
1519 1552
1519 1820
1524 1525
1533 1535
1535 1826
1535 1940
1538 1539
1539 1976
1540 1571
1540 1764
1540 1834
1540 1867
1540 1918
1540 1989
1542 1625
1544 1625
1545 1690
1547 1919
1550 1611
1550 1956
1553 1946
1554 1562
1554 1960
1556 1625
1559 1680
1559 1770
1559 1847
1560 1918
1570 1669
1596 1921
1598 1753
1600 1929
1605 1668
1607 1666
1608 1609
1612 1705
1613 1705
1616 1744
1619 1781
1619 1830
1619 1906
1620 1621
1620 1622
1621 1956
1622 1688
1622 1689
1622 1872
1622 1936
1625 1626
1625 1627
1625 1628
1627 1687
1627 1689
1627 1895
1641 1668
1645 1921
1647 1727
1649 1744
1656 1724
1656 1873
1660 1902
1661 1662
1665 1666
1666 1709
1666 1936
1668 1964
1672 1702
1672 1707
1672 1742
1672 1779
1672 1813
1686 1727
1689 1690
1689 1691
1690 1707
1690 1810
1690 1891
1703 1724
1703 1790
1705 1920
1709 1753
1709 1988
1724 1854
1724 1943
1725 1784
1727 1806
1729 1873
1739 1753
1741 1745
1741 1859
1744 1784
1744 1846
1744 1881
1744 1952
1745 1815
1761 1921
1766 1826
1777 1873
1784 1910
1784 1981
1790 1858
1790 1883
1790 1974
1799 1917
1806 1888
1809 1902
1810 1902
1834 1846
1836 1874
1843 1846
1846 1944
1873 1885
1876 1892
1876 1908
1879 1880
1880 1911
1902 1985
1924 1929
1929 1964
1939 1943
