2 385
2 1661
3 625
5 789
5 1423
7 1457
7 1753
9 665
11 789
12 541
13 160
16 199
19 730
21 501
22 699
23 501
25 697
25 961
26 1753
26 1825
27 834
31 999
31 1666
32 1288
32 1460
34 992
35 38
38 384
38 619
38 679
38 865
38 1020
39 790
42 992
43 44
43 45
43 46
43 47
43 48
43 49
43 50
43 51
44 570
44 806
45 1700
46 70
46 312
46 546
46 597
46 697
46 844
46 1070
46 1193
46 1321
46 1489
46 1550
46 1835
46 1913
46 1936
46 1938
46 1963
46 1995
50 1624
51 325
53 1552
55 697
56 1457
56 1849
57 161
57 1550
58 1902
59 68
60 127
61 642
63 537
64 1698
65 458
66 153
66 1552
67 268
67 730
68 543
68 816
68 888
68 1055
68 1076
68 1780
68 1962
70 71
71 155
71 221
71 227
71 374
71 857
71 958
71 1242
71 1784
71 1848
74 1324
77 127
77 1550
77 1559
77 1806
80 1861
82 1552
82 1661
83 535
85 570
86 1049
88 1222
89 623
89 991
89 1146
89 1363
89 1516
90 1281
91 313
92 992
93 1000
93 1003
94 624
94 1321
97 973
99 1576
100 101
101 313
101 609
101 810
101 1094
101 1109
101 1139
101 1521
101 1625
101 1634
101 1846
102 571
103 1363
104 857
105 1613
107 450
109 128
110 498
111 1722
112 115
112 121
114 166
114 565
115 117
115 298
115 300
115 571
115 675
115 790
115 991
115 1061
115 1377
115 1438
115 1439
116 270
116 1003
119 377
119 1915
120 570
120 833
121 168
121 756
121 1511
121 1917
121 1981
122 1700
122 1892
123 999
123 1559
124 1915
125 127
125 128
126 1804
127 148
127 318
127 479
127 516
127 562
127 750
127 916
127 1225
127 1249
127 1426
127 1427
127 1451
127 1614
127 1652
127 1745
127 1799
128 148
128 192
128 208
128 294
128 376
128 469
128 1605
128 1717
128 1744
129 1288
129 1624
130 1403
131 813
133 161
133 163
133 166
133 168
135 139
135 140
136 706
139 193
139 656
139 696
139 1166
139 1214
139 1262
139 1610
139 1997
140 222
140 445
140 667
140 746
140 791
140 971
140 1278
140 1460
140 1661
140 1862
142 1576
143 471
145 161
145 730
149 153
149 160
153 168
153 412
153 763
153 845
153 975
153 1540
153 1636
156 737
156 1552
159 1804
160 313
160 416
160 491
160 541
160 623
160 874
160 878
160 885
160 1288
160 1312
160 1332
160 1333
160 1334
161 168
161 247
161 341
161 537
161 581
161 730
161 793
161 1113
161 1203
161 1400
161 1722
161 1787
163 192
163 476
163 575
163 699
163 885
163 924
163 1697
163 1739
163 1849
163 1944
163 1981
164 471
164 1000
165 537
166 295
166 505
166 591
166 706
166 750
166 836
166 894
166 973
166 1175
166 1464
166 1516
166 1913
168 313
168 405
168 547
168 565
168 632
168 698
168 833
168 919
168 961
168 1285
168 1653
168 1806
169 170
169 171
169 172
169 173
169 174
169 175
169 176
169 177
171 1146
171 1508
173 525
173 597
173 736
173 1167
173 1268
173 1321
173 1371
173 1377
173 1679
173 1709
173 1743
173 1744
173 1745
173 1746
178 179
179 384
179 429
179 556
179 639
179 1184
179 1343
179 1735
179 1838
179 1887
181 1892
182 1400
182 1709
185 1439
186 189
187 897
187 1100
188 498
188 501
189 348
189 363
189 735
189 911
189 1132
189 1321
189 1447
190 789
190 1108
191 894
191 1098
191 1100
192 1799
194 199
197 961
198 857
199 775
199 966
199 1249
199 1412
199 1920
199 1921
200 359
200 677
202 815
203 789
206 1350
206 1873
208 1712
209 894
210 730
210 1861
211 623
211 794
213 1253
214 862
219 523
219 1806
220 554
221 228
221 231
222 331
223 727
223 1350
223 1439
228 290
228 737
228 1242
228 1427
228 1433
228 1446
228 1471
228 1800
231 567
231 797
231 919
231 931
232 1268
233 235
234 699
235 441
235 640
235 748
235 752
235 1071
235 1108
235 1508
235 1552
235 1567
235 1657
235 1680
235 1691
235 1709
236 1051
237 331
237 996
238 1098
240 325
240 708
240 1410
244 739
245 1642
246 250
247 1222
247 1873
248 1359
249 1516
250 313
250 419
250 507
250 945
250 1093
250 1238
250 1387
250 1388
250 1389
252 258
253 385
254 665
255 672
257 331
258 588
258 631
258 929
258 981
258 1444
258 1613
259 471
259 952
262 377
265 892
265 952
268 269
268 270
268 271
268 272
268 273
268 274
268 275
268 276
269 1142
270 312
270 523
270 529
270 572
270 1087
270 1113
270 1506
270 1668
270 1905
274 379
274 1321
274 1640
275 498
282 1799
283 642
285 992
286 1253
287 1576
290 1799
292 1745
295 1222
297 697
298 813
299 313
300 537
301 1869
302 642
304 1460
304 1787
305 623
309 523
312 1709
313 1135
313 1205
313 1522
313 1548
313 1572
313 1729
313 1793
314 318
316 377
316 933
318 493
318 678
318 682
318 846
318 949
318 1077
318 1111
318 1432
318 1683
318 1870
319 993
320 359
320 697
325 652
325 737
325 743
325 1005
325 1030
325 1214
325 1215
325 1216
327 813
327 815
327 816
328 1753
331 490
331 741
331 1283
331 1400
331 1526
331 1527
331 1528
332 458
336 727
337 626
338 1324
339 1108
340 737
340 739
341 1722
343 627
345 1869
346 1439
347 625
351 570
353 1312
354 1849
355 359
357 581
357 665
358 665
358 1892
359 510
359 513
359 816
359 872
359 1537
359 1762
360 537
362 1712
363 857
366 626
366 1423
369 627
369 991
369 1049
369 1098
370 956
371 1709
372 1559
372 1745
375 377
375 379
377 532
377 976
377 1134
377 1148
377 1161
377 1166
377 1185
377 1728
379 905
379 1059
379 1394
379 1442
379 1578
380 833
381 672
381 1423
383 384
383 385
384 474
384 616
384 808
384 915
384 1017
384 1041
384 1178
384 1183
384 1339
384 1423
384 1700
384 1751
384 1825
384 1920
384 1972
385 556
385 889
385 951
385 1048
385 1207
385 1467
385 1613
385 1738
388 1350
388 1412
389 1100
391 1000
393 1804
394 1142
395 834
396 931
397 1744
397 1902
398 1363
399 794
399 1439
400 1167
400 1849
402 1825
408 905
410 1924
412 1113
413 723
418 1869
421 668
421 992
421 1553
423 788
423 1745
423 1869
425 625
426 1000
428 789
431 972
437 834
437 1902
438 471
438 1098
439 1167
441 1205
446 1400
447 498
447 1000
448 458
450 583
450 618
450 790
450 850
450 901
450 984
450 1097
453 706
454 541
455 905
456 458
458 510
458 543
458 1093
458 1477
458 1586
458 1806
458 1807
459 1849
462 627
462 673
464 1400
467 471
469 1363
471 511
471 623
471 997
471 1024
471 1025
471 1026
472 1559
472 1613
473 973
475 892
475 1712
478 931
481 624
482 1624
486 487
486 491
487 972
487 1023
487 1039
487 1125
487 1149
487 1390
487 1455
487 1527
487 1598
487 1699
487 1843
488 535
488 537
489 1439
490 956
491 863
495 815
495 1321
498 773
498 860
498 861
498 862
498 863
501 767
501 769
501 1113
501 1226
501 1480
501 1655
502 1553
503 789
509 1552
515 1108
515 1439
517 591
518 1508
519 1312
521 537
522 523
523 698
523 1008
523 1121
523 1296
523 1462
523 1907
523 1926
532 1113
533 1460
535 717
535 794
535 811
535 835
535 935
535 1184
535 1210
535 1355
535 1356
535 1357
536 1003
536 1508
537 1204
537 1340
537 1609
537 1964
538 1640
539 540
539 541
539 542
539 543
540 1516
540 1570
541 562
541 669
541 699
541 756
541 965
541 1003
541 1165
541 1307
541 1339
541 1356
541 1640
543 956
543 1410
545 1924
546 1146
548 815
549 788
549 905
550 1712
551 862
551 1166
551 1613
552 554
554 959
554 1299
554 1412
554 1556
554 1724
556 1439
560 565
561 794
561 991
564 626
565 814
565 817
565 868
565 1089
565 1317
565 1335
566 790
567 833
570 673
570 1171
570 1287
570 1369
570 1501
570 1785
571 572
571 573
571 574
571 575
571 576
571 577
571 578
571 579
574 673
576 995
580 581
580 591
581 691
581 740
581 1110
581 1384
581 1757
582 989
582 1516
583 1576
583 1787
591 618
591 821
591 884
591 903
591 905
591 1036
591 1276
591 1609
591 1667
591 1668
591 1669
595 1205
596 788
596 972
596 973
598 1640
600 789
602 1400
607 1508
607 1622
608 673
608 972
610 973
611 789
611 1107
611 1412
612 642
615 1576
618 1745
619 1861
622 816
622 1098
622 1281
623 624
623 625
623 626
623 627
623 628
623 629
623 630
623 631
623 632
624 870
624 1058
624 1083
624 1112
624 1793
625 873
625 874
625 875
625 876
626 709
626 1562
626 1890
627 731
627 736
627 1120
627 1121
627 1122
627 1123
627 1124
627 1125
628 815
628 991
630 1700
632 808
634 1508
638 1423
640 931
642 689
642 944
642 960
642 1083
642 1107
642 1535
642 1857
645 699
645 999
647 1400
648 708
648 1321
649 1142
649 1806
655 788
655 931
656 1350
659 1268
660 834
660 1100
660 1804
664 665
664 666
664 667
664 668
664 669
664 670
664 671
664 672
664 673
664 674
664 675
665 1639
665 1813
665 1941
667 699
667 1861
668 829
668 917
668 925
668 1705
668 1743
668 1814
668 1864
668 1868
669 1113
672 725
672 795
672 1123
672 1176
672 1196
672 1354
672 1554
672 1644
672 1716
673 708
673 737
673 806
673 881
673 988
673 989
673 990
673 991
673 992
673 993
673 994
673 995
673 996
673 997
673 998
673 999
674 1312
675 1745
676 677
677 794
677 878
677 942
677 1012
677 1277
677 1426
679 862
685 905
688 1861
688 1902
690 1100
690 1281
691 1744
693 697
697 785
697 1349
697 1456
699 794
699 1048
699 1049
699 1050
699 1051
699 1052
699 1053
701 1350
702 808
702 1806
703 1268
704 933
704 1642
705 706
705 708
706 714
706 1184
706 1284
706 1853
707 1613
707 1642
708 756
708 1026
708 1053
708 1071
708 1096
708 1630
708 1834
708 1835
709 789
710 1570
712 897
714 991
715 1613
718 723
720 1321
721 1559
723 772
723 790
723 923
723 1447
723 1940
724 1205
727 728
727 729
727 730
727 731
727 732
727 733
728 956
728 1350
729 1508
730 884
730 917
730 972
730 1443
730 1569
730 1750
730 1758
733 1753
737 772
737 829
737 857
737 956
737 994
737 1136
737 1408
737 1474
737 1475
739 951
739 1246
739 1333
739 1422
739 1423
739 1424
739 1425
742 1642
742 1799
743 833
744 1324
744 1849
748 1804
751 1709
751 1712
752 1666
758 1113
761 1550
767 1613
770 1457
773 905
780 1700
786 788
788 790
788 1005
788 1242
788 1953
789 790
790 813
790 1026
790 1236
790 1590
790 1607
790 1739
790 1817
791 794
792 1324
794 862
794 991
794 1000
794 1163
794 1197
794 1465
794 1642
794 1901
794 1954
795 905
800 1570
801 973
801 1363
804 806
804 808
806 883
806 1107
806 1181
806 1334
806 1349
806 1408
806 1412
806 1444
806 1524
806 1565
806 1587
806 1820
806 1873
808 969
808 991
808 1052
808 1579
808 1813
808 1853
808 1915
808 1928
808 1940
809 1049
811 1622
813 1479
813 1927
815 857
815 866
815 1077
816 851
816 894
816 1094
816 1209
816 1299
816 1368
816 1622
816 1658
816 1810
816 1847
817 1146
817 1804
818 1825
824 1403
828 972
829 833
829 834
832 1661
833 887
833 1018
833 1168
833 1524
833 1681
833 1712
834 948
834 1087
834 1342
834 1397
834 1398
834 1399
834 1400
836 972
836 1753
837 1799
838 952
838 1003
838 1640
841 1400
844 1576
845 1098
845 1324
847 1712
848 857
857 891
857 892
857 893
857 894
857 895
857 896
857 897
857 898
859 1661
860 1722
862 1016
862 1022
862 1146
862 1166
862 1220
862 1738
862 1893
865 1744
866 1642
867 1400
870 897
870 1825
873 1166
876 1744
877 1412
884 1624
884 1806
885 1804
886 1439
892 1337
892 1595
892 1786
892 1946
894 948
894 1265
894 1300
894 1350
894 1457
894 1624
894 1680
894 1702
894 1746
894 1784
897 957
897 958
897 1032
897 1130
897 1372
897 1447
897 1613
897 1887
898 1312
899 1222
900 933
903 1113
905 1238
905 1240
905 1320
905 1321
905 1322
905 1323
905 1324
905 1325
908 1570
912 1312
912 1359
914 1412
915 1570
918 1745
928 1098
931 1126
931 1237
931 1403
931 1570
931 1671
931 1727
931 1762
931 1861
931 1862
932 933
933 972
933 1248
933 1481
933 1945
934 1693
938 1288
939 1553
945 1460
947 1142
947 1745
948 1100
949 952
952 1016
952 1032
952 1108
952 1109
952 1110
952 1111
953 956
954 1902
956 1012
956 1218
956 1320
956 1476
956 1735
956 1805
957 1460
957 1550
959 1222
960 961
961 1445
961 1842
961 1874
965 993
972 1309
972 1363
972 1587
972 1821
972 1902
973 1304
973 1462
973 1776
973 1927
973 1985
988 1108
989 1023
989 1103
989 1471
989 1715
989 1920
989 1954
991 1092
991 1466
991 1576
991 1698
991 1861
991 1961
992 1152
992 1171
992 1258
992 1900
992 1916
993 1334
993 1788
993 1808
993 1809
995 1123
995 1313
995 1572
995 1573
996 1201
996 1501
998 1403
998 1640
999 1242
999 1263
999 1444
999 1606
999 1703
1000 1269
1000 1287
1000 1379
1000 1659
1000 1894
1000 1910
1001 1915
1003 1136
1003 1216
1003 1261
1003 1454
1003 1818
1003 1820
1007 1100
1013 1108
1018 1113
1023 1113
1023 1253
1031 1550
1033 1698
1036 1412
1039 1412
1039 1613
1042 1281
1046 1324
1049 1471
1049 1629
1049 1683
1049 1946
1051 1066
1051 1248
1051 1266
1051 1280
1051 1349
1051 1568
1051 1769
1051 1834
1055 1744
1056 1804
1065 1108
1065 1745
1074 1253
1074 1460
1080 1457
1088 1359
1091 1693
1098 1155
1098 1613
1098 1711
1098 1725
1098 1773
1098 1792
1098 1805
1098 1930
1099 1321
1099 1457
1100 1317
1100 1551
1100 1744
1101 1439
1103 1107
1104 1167
1107 1262
1107 1281
1107 1293
1107 1314
1107 1445
1107 1459
1107 1506
1107 1643
1107 1724
1107 1869
1108 1158
1108 1286
1108 1646
1108 1892
1113 1137
1113 1253
1113 1357
1113 1604
1113 1641
1113 1855
1116 1268
1117 1700
1122 1222
1125 1403
1126 1709
1128 1576
1130 1281
1133 1167
1135 1166
1138 1142
1142 1166
1142 1529
1142 1735
1142 1786
1142 1960
1145 1146
1146 1475
1146 1691
1146 1767
1146 1872
1146 1946
1158 1924
1163 1806
1163 1825
1165 1166
1165 1167
1166 1222
1166 1359
1166 1413
1166 1559
1166 1599
1167 1204
1167 1289
1167 1746
1173 1924
1175 1457
1175 1460
1178 1892
1179 1321
1183 1516
1193 1403
1200 1963
1202 1640
1202 1666
1205 1357
1205 1615
1205 1823
1205 1928
1208 1709
1212 1963
1215 1722
1220 1804
1222 1449
1222 1459
1226 1359
1227 1722
1233 1460
1238 1363
1244 1902
1252 1253
1253 1466
1253 1470
1253 1792
1253 1996
1257 1552
1257 1553
1261 1869
1268 1378
1268 1432
1268 1455
1268 1827
1268 1864
1268 1981
1270 1613
1274 1312
1278 1281
1279 1321
1281 1569
1281 1641
1283 1693
1283 1861
1288 1298
1288 1489
1288 1518
1288 1593
1288 1599
1290 1915
1303 1423
1304 1693
1307 1457
1309 1559
1312 1398
1312 1710
1312 1727
1312 1832
1318 1799
1321 1370
1324 1652
1324 1813
1324 1950
1324 1965
1326 1550
1327 1892
1332 1350
1332 1410
1336 1963
1337 1363
1337 1902
1339 1924
1349 1804
1350 1351
1350 1352
1350 1353
1350 1354
1354 1861
1358 1624
1363 1381
1363 1459
1363 1736
1363 1870
1363 1889
1364 1799
1366 1508
1374 1613
1378 1963
1379 1624
1385 1892
1386 1666
1388 1550
1393 1709
1400 1620
1400 1910
1400 1939
1403 1404
1403 1405
1403 1406
1403 1407
1408 1410
1408 1412
1410 1745
1412 1553
1412 1780
1412 1804
1413 1873
1414 1576
1415 1553
1423 1739
1423 1949
1423 1950
1439 1451
1443 1869
1447 1698
1448 1753
1457 1741
1458 1799
1460 1484
1460 1610
1460 1732
1460 1806
1460 1864
1460 1870
1460 1994
1461 1622
1461 1825
1466 1873
1471 1624
1472 1869
1478 1642
1485 1892
1487 1661
1497 1516
1497 1869
1501 1892
1504 1550
1508 1896
1508 1974
1511 1709
1514 1516
1516 1643
1519 1552
1534 1849
1544 1963
1550 1611
1550 1956
1553 1946
1555 1722
1557 1642
1559 1680
1559 1770
1559 1847
1562 1661
1563 1787
1565 1849
1570 1669
1570 1828
1576 1783
1576 1827
1587 1661
1590 1642
1598 1753
1605 1613
1607 1661
1607 1666
1613 1705
1616 1744
1617 1722
1620 1622
1622 1688
1622 1689
1622 1872
1622 1936
1630 1661
1638 1642
1640 1776
1642 1682
1649 1744
1656 1873
1660 1902
1661 1662
1661 1663
1665 1666
1666 1709
1666 1936
1693 1817
1693 1892
1693 1941
1698 1699
1709 1753
1709 1988
1712 1807
1712 1813
1712 1925
1727 1806
1729 1873
1739 1753
1741 1745
1744 1784
1744 1846
1744 1881
1744 1952
1745 1815
1752 1892
1775 1787
1777 1873
1799 1917
1800 1963
1806 1888
1809 1902
1810 1902
1814 1825
1840 1924
1844 1915
1849 1994
1861 1884
1861 1893
1861 1924
1873 1885
1876 1892
1891 1892
1902 1985
1914 1915
1924 1929
