3 25
15 25
25 424
40 467
96 195
139 434
161 195
171 195
172 195
176 180
177 180
178 180
179 180
180 181
180 186
180 232
180 239
180 244
180 245
180 424
180 473
180 603
188 424
188 455
188 470
188 471
191 195
192 195
195 200
195 201
195 204
195 207
195 208
195 216
195 217
195 221
195 222
195 224
195 226
195 228
195 229
195 351
195 424
195 485
195 486
195 489
195 490
195 491
195 492
195 498
195 499
195 500
195 501
195 502
195 503
195 504
195 505
195 506
195 507
195 508
195 509
195 510
195 511
195 512
195 513
195 514
195 515
195 516
195 517
195 518
300 445
307 424
307 430
307 438
307 466
424 427
424 428
424 429
424 430
424 431
424 432
424 433
424 434
424 435
424 436
424 437
424 438
424 439
424 440
424 441
424 442
424 443
424 444
424 445
424 446
424 447
424 448
424 449
424 450
424 451
424 452
424 453
424 454
424 455
424 456
424 457
424 458
424 459
424 460
424 461
424 462
424 463
424 464
424 465
424 466
424 467
424 468
424 469
424 470
424 471
424 472
424 473
424 474
424 475
427 472
427 475
428 664
428 686
429 473
429 475
430 778
431 457
431 461
432 435
432 962
433 454
433 975
434 522
435 463
436 437
436 475
438 441
439 475
439 684
440 450
440 470
442 458
442 924
443 474
443 958
444 975
444 986
445 682
446 683
446 768
447 472
447 473
448 468
448 682
449 456
449 686
450 469
451 681
451 683
452 471
453 462
453 464
455 461
455 475
458 466
459 474
459 678
459 686
460 475
460 684
460 888
461 470
462 473
462 677
462 680
463 475
463 500
463 686
464 469
464 675
464 721
465 466
466 686
467 925
467 929
467 931
467 956
469 471
470 475
470 677
470 962
471 474
471 475
471 684
