40 391
41 373
42 388
53 138
138 284
138 285
138 286
138 336
138 363
138 376
138 381
138 382
138 400
139 399
162 230
169 286
169 380
178 185
180 232
181 230
181 231
182 401
185 189
185 231
185 234
189 231
189 232
230 231
231 232
231 233
231 234
233 244
233 286
233 993
233 997
238 286
238 359
264 281
281 283
281 284
281 285
281 286
283 286
283 356
284 286
284 367
284 380
284 397
285 286
285 333
285 340
285 343
285 345
285 347
285 348
285 353
285 355
285 356
285 359
285 360
285 361
285 362
285 367
285 369
285 373
285 380
286 290
286 333
286 334
286 337
286 338
286 340
286 341
286 342
286 343
286 344
286 345
286 347
286 348
286 352
286 353
286 354
286 355
286 356
286 357
286 359
286 360
286 361
286 362
286 367
286 368
286 369
286 373
286 374
286 377
286 378
286 379
286 380
286 381
286 382
286 383
286 384
286 385
286 386
286 387
286 388
286 389
286 390
286 391
286 392
286 393
286 394
286 395
286 396
286 397
286 398
286 399
286 400
286 401
287 290
290 291
290 292
290 296
290 297
290 298
290 299
290 300
290 301
333 334
338 392
338 398
340 710
342 361
343 366
345 962
347 378
348 377
349 373
351 388
353 665
355 375
357 380
359 396
360 379
360 385
361 807
362 371
362 994
363 395
365 398
367 382
367 523
369 381
369 386
369 490
371 383
373 374
377 380
378 380
379 383
379 384
379 397
380 382
380 393
380 579
380 995
381 397
382 395
382 398
384 396
389 398
390 634
390 961
391 932
392 869
395 687
397 967
398 518
399 523
399 526
399 528
399 729
401 487
401 495
401 497
401 568
401 570
401 577
401 582
401 583
401 655
401 812
401 824
401 848
401 900
401 939
401 942
