3 28
10 53
22 946
24 53
24 63
24 64
28 29
28 52
28 53
28 97
28 99
28 103
29 53
29 77
29 83
29 101
32 39
39 189
39 998
50 53
51 53
52 53
52 63
52 64
52 74
52 77
52 83
52 101
53 54
53 55
53 56
53 57
53 58
53 60
53 61
53 62
53 63
53 64
53 65
53 66
53 67
53 68
53 69
53 70
53 71
53 72
53 73
53 74
53 75
53 76
53 77
53 78
53 79
53 80
53 81
53 82
53 83
53 86
53 87
53 88
53 89
53 90
53 91
53 92
53 93
53 95
53 97
53 99
53 100
53 101
53 102
53 103
53 104
53 105
53 106
53 107
53 108
53 109
53 110
53 111
53 112
53 113
53 114
53 115
53 116
53 117
53 118
53 119
53 120
53 121
53 122
53 123
53 124
53 125
53 126
53 127
53 128
53 129
53 130
53 131
53 132
53 133
53 134
53 135
53 136
53 137
53 138
53 139
54 83
54 101
74 897
85 101
87 350
89 101
100 101
101 103
101 108
101 110
101 493
101 666
119 122
122 308
124 143
124 162
138 284
138 285
138 286
138 336
138 363
138 376
138 381
138 382
138 400
175 176
175 177
175 178
176 179
176 180
176 181
176 182
177 179
177 180
177 183
177 184
178 180
178 181
178 185
178 186
178 187
178 188
178 189
179 180
179 189
179 235
179 239
180 239
181 189
181 231
181 239
185 189
185 231
187 189
187 947
189 231
189 232
189 381
189 945
189 946
189 947
230 231
231 232
231 233
231 234
243 945
270 374
284 397
285 350
285 363
285 369
285 370
285 374
285 381
286 369
286 374
286 381
286 394
286 397
335 370
336 381
338 374
350 381
363 377
363 395
369 381
369 386
369 490
370 379
370 381
370 382
373 374
374 381
378 394
379 397
381 394
381 397
394 581
397 967
606 945
946 960
947 971
947 998
