25 424
27 200
96 195
96 200
110 518
126 216
130 216
139 237
141 144
142 147
142 148
142 151
142 152
143 144
143 147
143 148
143 151
143 152
143 153
143 156
143 158
143 161
144 152
146 237
147 150
147 161
148 154
148 161
148 544
149 200
151 161
151 162
151 607
151 895
152 153
152 156
152 158
152 159
152 160
152 161
152 162
152 236
152 237
152 653
153 159
156 166
158 162
158 895
159 161
160 161
161 162
161 195
162 236
162 237
171 195
171 216
171 518
172 195
172 200
172 208
172 518
180 424
188 424
191 195
192 195
192 200
192 208
193 229
195 200
195 201
195 204
195 207
195 208
195 216
195 217
195 221
195 222
195 224
195 226
195 228
195 229
195 351
195 424
195 485
195 486
195 489
195 490
195 491
195 492
195 498
195 499
195 500
195 501
195 502
195 503
195 504
195 505
195 506
195 507
195 508
195 509
195 510
195 511
195 512
195 513
195 514
195 515
195 516
195 517
195 518
200 201
201 208
201 499
202 518
203 216
208 228
208 498
208 504
209 229
209 518
211 518
214 216
216 221
216 222
217 224
217 229
222 518
224 949
229 512
229 514
229 693
229 836
236 610
307 424
398 518
424 427
424 428
424 429
424 430
424 431
424 432
424 433
424 434
424 435
424 436
424 437
424 438
424 439
424 440
424 441
424 442
424 443
424 444
424 445
424 446
424 447
424 448
424 449
424 450
424 451
424 452
424 453
424 454
424 455
424 456
424 457
424 458
424 459
424 460
424 461
424 462
424 463
424 464
424 465
424 466
424 467
424 468
424 469
424 470
424 471
488 518
499 614
510 691
510 987
515 833
516 518
518 608
518 609
518 610
535 538
538 539
538 540
540 542
540 543
540 544
540 545
540 546
540 547
540 548
540 549
541 544
542 543
542 547
542 548
543 549
545 549
545 991
546 723
546 724
547 833
547 991
548 549
548 991
593 653
597 653
650 653
830 833
