25 424
36 614
67 775
96 195
126 216
130 216
149 514
161 195
165 172
170 492
170 517
171 195
171 216
171 517
172 192
172 195
172 200
172 208
172 210
172 211
172 217
172 221
172 222
172 516
172 518
172 609
172 612
172 613
172 614
180 424
188 424
190 191
191 193
191 194
191 195
192 195
192 204
195 200
195 201
195 204
195 207
195 208
195 216
195 217
195 221
195 222
195 224
195 226
195 228
195 229
195 351
195 424
195 485
195 486
195 489
195 490
195 491
195 492
195 498
195 499
195 500
195 501
195 502
195 503
195 504
195 505
195 506
195 507
195 508
195 509
195 510
195 511
195 512
195 513
195 514
195 515
195 516
195 517
195 518
197 512
198 498
201 489
201 505
203 216
204 987
206 512
208 498
210 511
210 513
214 216
216 221
216 222
217 224
217 226
222 511
224 949
226 507
226 974
227 517
229 512
229 514
285 351
304 307
307 424
307 430
307 438
307 465
307 466
307 681
307 779
351 388
369 490
424 427
424 428
424 429
424 430
424 431
424 432
424 433
424 434
424 435
424 436
424 437
424 438
424 439
424 440
424 441
424 442
424 443
424 444
424 445
424 446
424 447
424 448
424 449
424 450
424 451
424 452
424 453
424 454
424 455
424 456
424 457
424 458
424 459
424 460
424 461
424 462
424 463
424 464
424 465
424 466
424 467
424 468
424 469
424 470
424 471
424 472
424 473
424 474
424 475
427 472
427 475
442 458
442 924
443 474
443 958
448 468
453 464
458 468
464 469
464 675
464 721
468 474
468 924
468 953
485 486
485 487
486 489
486 490
486 491
486 492
490 565
491 776
491 972
492 516
499 614
502 699
502 846
503 513
504 513
505 508
506 514
509 517
510 691
510 987
511 784
514 609
515 659
515 752
515 832
515 833
515 913
517 776
614 775
614 776
775 972
