1 10
2 10
3 10
3 29
10 53
10 536
11 696
24 29
24 53
24 55
24 57
24 58
24 63
24 64
24 66
24 69
24 73
24 87
24 91
24 92
24 93
24 97
24 114
24 119
24 128
24 133
24 136
28 29
28 53
28 97
29 33
29 51
29 52
29 53
29 54
29 72
29 75
29 76
29 77
29 78
29 79
29 80
29 82
29 83
29 95
29 99
29 100
29 101
29 102
29 103
29 105
29 106
29 108
29 111
29 112
29 115
29 117
29 120
29 127
29 129
29 131
29 132
29 134
29 309
29 310
29 311
29 312
30 31
30 32
30 33
31 33
31 37
32 33
32 37
33 35
33 36
33 37
33 41
33 42
33 43
33 44
33 45
33 46
33 47
33 48
33 49
35 37
36 37
36 46
37 38
37 41
37 42
37 43
37 44
37 47
37 48
37 49
37 285
37 593
38 46
45 567
45 569
50 51
50 52
50 53
51 53
52 53
52 55
52 56
52 57
52 58
52 60
52 61
52 62
52 63
52 64
52 65
52 66
52 67
52 68
52 69
52 70
52 71
52 73
52 74
52 81
52 86
52 87
52 88
52 89
52 90
52 91
52 92
52 93
52 97
53 54
53 55
53 56
53 57
53 58
53 60
53 61
53 62
53 63
53 64
53 65
53 66
53 67
53 68
53 69
53 70
53 71
53 72
53 73
53 74
53 75
53 76
53 77
53 78
53 79
53 80
53 81
53 82
53 83
53 86
53 87
53 88
53 89
53 90
53 91
53 92
53 93
53 95
53 97
53 99
53 100
53 101
53 102
53 103
53 104
53 105
53 106
53 107
53 108
53 109
53 110
53 111
53 112
53 113
53 114
53 115
53 116
53 117
53 118
53 119
53 120
53 121
53 122
53 123
53 124
53 125
53 126
53 127
53 128
53 129
53 130
53 131
53 132
53 133
53 134
53 135
53 136
53 137
53 138
53 139
54 56
54 60
54 70
54 88
54 90
54 92
54 97
54 114
54 136
61 503
62 99
65 402
67 775
68 134
71 104
74 897
81 103
81 497
85 133
86 102
86 103
87 350
88 890
89 101
89 135
90 102
90 523
91 95
91 668
92 375
93 104
93 105
93 309
97 99
97 100
97 102
97 132
97 624
99 125
100 118
100 133
101 110
102 107
102 136
103 123
103 133
103 619
104 107
104 118
104 136
104 310
109 128
109 310
110 518
113 283
113 285
116 976
116 979
119 122
121 135
121 702
123 770
124 143
124 162
125 211
126 205
126 211
126 216
128 893
129 139
130 216
130 519
130 836
137 487
137 583
137 810
137 848
137 899
137 985
138 284
138 285
138 286
138 336
138 363
138 376
138 381
138 382
138 400
139 237
139 399
139 434
139 522
139 523
139 525
139 526
139 527
139 528
139 529
139 530
139 531
139 532
139 533
139 534
139 535
139 550
139 551
139 552
139 553
139 554
139 555
139 556
139 557
139 584
139 728
139 729
139 730
146 237
146 376
152 237
152 653
162 237
210 620
212 311
213 619
213 624
213 625
213 637
213 641
213 644
213 648
279 588
279 593
280 312
283 400
284 376
284 400
285 336
285 363
285 376
286 400
311 749
311 818
312 766
312 773
312 966
319 619
319 620
319 624
334 336
336 381
336 382
354 376
363 377
363 395
375 376
376 382
377 400
399 526
400 963
401 848
401 900
424 434
434 522
494 811
496 899
497 848
522 526
523 526
523 530
523 531
523 532
523 534
525 551
526 535
526 728
527 552
528 730
529 530
529 531
529 532
529 534
529 554
532 535
533 555
534 556
534 584
535 550
535 551
535 552
535 553
535 554
535 555
550 728
553 729
555 584
557 730
575 848
578 900
579 899
579 900
583 811
585 586
586 587
586 588
586 589
586 590
586 591
586 592
586 593
587 593
588 642
589 595
589 645
590 822
590 983
592 598
592 601
592 602
593 598
593 600
593 653
597 653
607 620
607 624
607 641
607 648
618 648
619 624
620 621
620 624
622 641
623 637
624 625
624 637
624 641
624 644
624 648
624 867
624 868
625 649
629 644
632 648
635 648
640 644
644 647
647 867
649 867
650 653
655 656
656 812
656 850
656 900
694 696
696 847
696 848
705 811
810 938
811 848
848 900
868 891
868 893
900 934
900 938
936 938
938 969
