3 25
15 25
18 235
25 424
36 614
40 467
53 124
53 126
53 130
96 195
96 201
124 143
124 162
126 205
126 211
126 216
130 216
130 519
130 836
138 286
139 434
142 146
142 147
143 147
143 154
143 158
143 159
143 161
143 162
146 162
146 237
146 376
147 150
147 161
148 154
148 161
148 544
149 165
151 161
151 162
152 158
152 159
152 161
152 162
152 236
153 159
154 162
158 162
158 895
159 161
160 161
160 162
161 162
161 195
162 230
162 235
162 236
162 237
162 238
163 165
165 170
165 171
165 172
169 286
170 201
170 492
171 195
171 216
172 192
172 195
172 200
172 208
172 210
172 211
172 217
172 221
172 222
172 516
172 518
172 609
172 612
172 613
172 614
175 176
175 177
175 178
176 179
176 180
176 181
176 182
177 179
177 180
177 183
177 184
178 180
178 181
178 185
178 186
178 187
178 188
178 189
179 180
179 235
179 239
180 181
180 186
180 232
180 239
180 244
180 245
180 424
180 473
180 603
181 230
181 239
181 244
181 245
185 189
185 231
185 234
187 244
188 424
188 455
188 470
189 232
190 191
191 193
191 194
191 195
192 195
192 201
192 203
192 204
193 229
195 200
195 201
195 204
195 207
195 208
195 216
195 217
195 221
195 222
195 224
195 226
195 228
195 229
195 351
195 424
195 485
195 486
195 489
195 490
195 491
195 492
195 498
195 499
195 500
195 501
195 502
195 503
195 504
195 505
195 506
195 507
195 508
195 509
195 510
195 511
195 512
195 513
195 514
195 515
195 516
195 517
195 518
198 498
199 509
200 201
201 207
201 208
201 209
201 211
201 222
201 227
201 228
201 254
201 489
201 499
201 501
201 505
201 776
201 777
203 210
203 216
204 987
208 498
209 229
210 227
210 511
210 513
211 609
214 215
214 216
214 217
216 221
216 222
217 224
217 227
217 229
222 511
224 949
226 507
227 517
229 512
229 514
229 693
229 836
230 231
231 232
233 244
233 286
236 610
238 284
238 286
238 339
238 359
238 379
238 396
243 244
245 757
245 861
245 997
250 254
251 254
281 286
283 286
284 286
285 286
285 351
286 290
286 333
286 334
286 337
286 338
286 340
286 341
286 342
286 343
286 344
286 345
286 347
286 348
286 352
286 353
286 354
286 355
286 356
286 357
286 359
286 360
286 361
286 362
286 367
286 368
286 369
286 373
286 374
286 377
286 378
286 379
286 380
286 381
286 382
286 383
286 384
286 385
286 386
286 387
286 388
286 389
286 390
286 391
286 392
286 393
286 394
286 395
286 396
286 397
286 398
286 399
286 400
286 401
300 445
302 304
303 304
304 305
304 306
304 307
307 424
307 430
307 438
307 465
307 466
307 681
307 779
351 388
369 490
424 427
424 428
424 429
424 430
424 431
424 432
424 433
424 434
424 435
424 436
424 437
424 438
424 439
424 440
424 441
424 442
424 443
424 444
424 445
424 446
424 447
424 448
424 449
424 450
424 451
424 452
424 453
424 454
424 455
424 456
424 457
424 458
424 459
424 460
424 461
424 462
424 463
424 464
424 465
424 466
424 467
424 468
424 469
424 470
424 471
424 472
424 473
424 474
424 475
427 472
427 475
428 664
428 686
429 473
429 475
431 457
432 435
433 454
433 975
434 522
435 463
436 437
436 475
438 441
439 475
439 684
440 450
440 470
441 465
442 458
443 474
443 958
444 975
444 986
445 682
446 683
446 768
447 472
447 473
448 468
448 682
449 456
449 686
450 469
451 681
451 683
452 471
452 739
452 778
453 462
453 464
453 475
454 457
455 461
455 475
457 475
458 466
458 468
459 474
459 678
459 686
460 475
460 684
460 888
461 470
463 500
467 925
467 929
467 931
467 956
470 475
470 677
470 962
485 486
485 487
486 490
486 491
486 492
490 565
491 776
491 972
492 516
499 614
500 519
502 699
502 846
503 513
504 513
505 508
506 514
506 612
507 777
508 836
509 517
510 691
510 987
511 784
514 609
515 659
515 752
515 832
515 833
515 913
518 609
535 538
538 539
538 540
540 542
540 543
540 544
540 545
540 546
540 547
540 548
540 549
541 544
542 543
542 547
542 548
543 549
545 549
545 991
546 723
546 724
547 833
547 991
548 549
548 991
571 693
603 604
603 605
613 666
613 670
613 672
613 674
614 775
614 776
692 693
779 924
779 925
830 833
