1 10
2 10
3 10
3 28
10 53
10 536
24 53
24 54
24 55
24 57
24 58
24 63
24 64
24 66
24 69
24 73
24 80
24 87
24 91
24 93
24 112
24 119
24 128
24 129
24 131
24 132
24 133
28 29
28 52
28 53
28 97
28 99
28 103
29 53
29 54
29 72
29 75
29 76
29 77
29 78
29 79
29 80
29 108
29 111
29 112
29 115
29 117
29 129
29 131
29 132
50 51
50 52
50 53
51 53
51 54
52 53
52 54
52 55
52 57
52 58
52 61
52 62
52 63
52 64
52 65
52 66
52 67
52 68
52 69
52 71
52 72
52 73
52 74
52 75
52 76
52 77
52 78
52 79
52 80
52 81
52 86
52 87
52 91
52 93
53 54
53 55
53 56
53 57
53 58
53 60
53 61
53 62
53 63
53 64
53 65
53 66
53 67
53 68
53 69
53 70
53 71
53 72
53 73
53 74
53 75
53 76
53 77
53 78
53 79
53 80
53 81
53 82
53 83
53 86
53 87
53 88
53 89
53 90
53 91
53 92
53 93
53 95
53 97
53 99
53 100
53 101
53 102
53 103
53 104
53 105
53 106
53 107
53 108
53 109
53 110
53 111
53 112
53 113
53 114
53 115
53 116
53 117
53 118
53 119
53 120
53 121
53 122
53 123
53 124
53 125
53 126
53 127
53 128
53 129
53 130
53 131
53 132
53 133
53 134
53 135
53 136
53 137
53 138
53 139
54 56
54 60
54 70
54 83
54 88
54 90
54 92
54 95
54 97
54 99
54 100
54 101
54 102
54 103
54 104
54 106
54 114
54 120
54 127
54 136
54 378
54 406
54 407
61 503
62 99
65 402
67 775
68 134
71 104
74 897
79 100
81 103
81 497
82 117
85 133
86 102
86 103
87 350
88 890
89 135
91 95
91 668
93 104
93 105
93 309
97 132
99 125
99 135
100 118
100 133
101 108
101 110
102 107
102 111
103 123
103 133
104 107
104 118
109 128
110 518
113 283
113 285
115 188
116 976
116 979
119 122
121 135
123 770
124 143
124 162
125 211
126 205
126 211
126 216
128 893
129 139
130 216
130 519
130 836
131 541
135 891
137 487
137 583
137 810
137 848
137 899
137 985
138 284
138 285
138 286
138 336
138 363
138 376
138 381
138 382
138 400
142 146
146 162
146 237
146 376
162 238
182 583
213 583
220 407
238 284
238 286
238 339
238 359
238 379
238 396
270 374
284 338
284 376
284 377
284 378
284 397
285 336
285 338
285 341
285 347
285 348
285 353
285 360
285 370
285 374
285 376
285 377
285 378
285 379
286 337
286 338
286 341
286 347
286 348
286 353
286 360
286 374
286 377
286 378
286 379
286 383
286 384
286 386
286 392
286 394
286 397
286 398
316 320
317 320
319 583
320 321
320 338
334 336
334 337
334 338
335 370
336 381
336 382
337 338
337 368
337 371
337 375
337 963
338 341
338 374
338 377
338 382
338 392
338 398
339 379
347 378
348 377
353 665
354 376
360 379
360 385
363 377
365 398
369 386
370 379
370 381
370 382
371 383
373 374
374 381
375 376
376 382
377 378
377 380
377 400
377 878
378 379
378 380
378 382
378 386
378 394
379 383
379 384
379 397
379 611
381 394
381 397
382 398
384 396
385 674
389 398
392 869
394 581
397 967
398 518
401 583
401 848
406 706
406 710
407 691
407 716
407 968
460 888
496 899
497 583
497 848
561 566
566 875
566 883
569 583
573 583
575 848
579 899
580 583
581 583
582 583
583 655
583 657
583 695
583 700
583 705
583 806
583 809
583 810
583 811
583 812
583 813
611 690
611 691
611 715
611 716
613 670
613 672
613 674
663 664
663 665
663 666
664 668
665 666
665 668
665 669
665 670
665 671
665 672
665 673
666 672
666 673
666 674
667 668
669 670
671 673
672 890
673 674
673 881
696 848
811 848
848 900
872 873
872 875
873 875
873 876
873 877
873 878
874 875
874 880
874 881
875 876
875 877
875 880
875 881
875 883
875 884
875 885
875 886
875 887
875 888
875 889
877 885
877 887
878 888
880 889
881 883
882 885
882 886
884 974
884 989
886 889
887 889
888 889
890 891
