3 28
24 52
24 54
24 55
24 57
24 58
24 63
24 64
24 66
24 69
24 73
24 80
24 87
24 91
24 93
24 114
24 127
24 136
28 29
28 52
28 53
28 97
28 99
28 103
29 52
29 54
29 72
29 75
29 76
29 77
29 78
29 79
29 80
29 82
29 106
29 120
29 127
40 391
40 930
40 994
50 51
50 52
50 53
51 52
51 54
52 53
52 54
52 55
52 56
52 57
52 58
52 59
52 60
52 61
52 62
52 63
52 64
52 65
52 66
52 67
52 68
52 69
52 70
52 71
52 72
52 73
52 74
52 75
52 76
52 77
52 78
52 79
52 80
52 81
52 82
52 83
52 84
52 85
52 86
52 87
52 88
52 89
52 90
52 91
52 92
52 93
52 94
52 95
52 96
52 97
52 98
52 99
52 100
52 101
52 102
52 103
52 104
53 54
53 55
53 57
53 58
53 61
53 62
53 63
53 64
53 65
53 66
53 67
53 68
53 69
53 71
53 72
53 73
53 74
53 75
53 76
53 77
53 78
53 79
53 80
53 81
53 82
53 86
53 87
53 89
53 91
53 93
53 106
53 114
53 120
53 127
53 136
54 56
54 60
54 70
54 83
54 88
54 90
54 92
54 95
54 97
54 99
54 100
54 101
54 102
54 103
54 104
54 106
54 114
54 120
54 127
54 136
54 378
54 406
54 407
59 213
59 319
61 503
62 99
65 402
67 775
68 134
71 104
74 897
79 100
81 103
81 497
82 117
84 832
84 909
84 910
85 99
85 101
85 133
86 102
86 103
87 350
89 101
89 135
91 95
91 668
93 104
93 105
93 309
94 215
94 691
94 716
94 904
94 905
96 171
96 190
96 195
96 196
96 197
96 198
96 199
96 200
96 201
98 280
98 423
98 685
98 764
98 771
98 773
98 965
98 967
98 970
102 136
104 136
113 283
138 336
138 376
138 382
146 376
162 238
188 455
188 470
188 475
188 682
195 502
211 949
212 743
213 646
220 407
224 949
238 284
238 286
238 339
238 359
238 379
238 396
276 924
280 685
281 283
283 285
283 286
283 344
283 356
283 382
283 400
283 971
284 367
284 376
284 377
284 378
285 336
285 365
285 367
285 368
285 376
285 377
285 378
285 379
285 382
286 367
286 368
286 377
286 378
286 379
286 382
286 383
286 384
286 386
286 391
286 395
295 727
307 681
334 336
336 381
336 382
337 368
338 377
338 382
339 379
347 378
348 377
354 376
360 379
362 994
363 377
363 395
364 967
365 382
365 398
365 410
367 382
367 523
368 475
368 995
369 386
370 379
370 382
371 383
375 376
376 382
377 378
377 380
377 400
377 878
378 379
378 380
378 382
378 386
378 394
379 383
379 384
379 397
379 611
380 382
382 395
382 398
382 743
384 396
391 932
395 687
397 967
406 706
406 710
407 691
407 716
407 968
423 685
423 865
423 866
423 967
424 427
424 429
424 436
424 439
424 443
424 453
424 455
424 457
424 460
424 463
424 470
424 474
424 475
427 472
427 475
429 473
429 475
431 457
435 463
436 437
436 475
439 475
439 684
440 470
442 924
443 474
443 958
445 682
446 683
448 682
451 681
451 683
453 462
453 464
453 475
454 457
454 681
455 461
455 475
457 475
459 474
459 678
460 475
460 684
460 888
461 470
462 680
463 475
463 500
463 686
464 675
464 721
467 929
467 931
468 474
468 924
470 475
470 677
470 962
471 474
471 475
472 675
473 678
473 679
474 475
474 721
474 778
474 924
474 949
475 646
475 675
475 678
475 679
475 680
475 681
475 682
475 683
475 684
475 685
475 686
502 699
502 846
611 690
611 691
611 715
611 716
623 646
626 646
643 646
676 924
677 680
679 975
682 778
683 684
683 999
685 771
685 862
685 865
685 866
699 846
721 972
726 727
727 846
742 743
766 967
769 862
771 864
771 865
772 862
772 864
774 967
779 924
846 932
864 866
864 965
866 931
925 927
925 929
925 930
925 931
925 932
925 933
926 954
926 955
927 928
927 933
928 932
929 933
929 993
930 931
930 954
930 956
931 933
931 955
932 933
932 956
933 956
933 994
954 956
955 956
