9 364
29 311
37 285
45 569
52 59
53 137
53 138
59 213
59 319
74 897
96 171
96 190
96 201
103 619
113 285
126 205
137 487
137 583
137 810
137 848
137 899
137 985
138 284
138 285
138 286
138 336
138 363
138 376
138 381
138 382
138 400
139 529
139 534
145 935
155 277
165 170
165 171
169 285
170 201
170 492
170 517
170 565
170 610
170 776
171 195
171 209
171 210
171 211
171 216
171 285
171 516
171 517
171 518
171 565
172 192
172 210
172 222
182 573
182 579
182 580
182 583
186 202
190 191
190 192
192 195
192 200
192 201
192 202
192 203
192 204
192 205
192 206
192 207
192 208
192 209
192 210
192 211
192 212
192 213
194 616
194 631
194 633
194 640
195 201
195 204
195 222
195 228
195 351
195 489
195 499
195 501
195 505
199 501
200 201
201 207
201 208
201 209
201 211
201 222
201 227
201 228
201 254
201 489
201 499
201 501
201 505
201 776
201 777
202 518
203 210
204 987
205 223
206 211
206 512
207 210
208 228
209 222
210 217
210 227
210 511
210 513
210 620
211 777
212 311
212 731
212 733
212 734
212 738
212 739
212 741
212 743
212 744
212 745
212 746
212 747
212 748
212 749
212 750
212 751
212 752
212 753
213 282
213 315
213 319
213 529
213 583
213 605
213 607
213 616
213 617
213 618
213 619
213 621
213 623
213 624
213 625
213 626
213 627
213 628
213 629
213 630
213 631
213 632
213 633
213 634
213 635
213 636
213 637
213 638
213 639
213 640
213 641
213 642
213 643
213 644
213 645
213 646
213 647
213 648
213 649
216 222
217 228
222 511
222 518
222 870
228 488
238 379
241 861
245 861
246 813
250 254
251 254
257 261
257 263
258 261
258 263
258 265
258 267
258 268
258 272
258 275
258 277
258 278
260 282
261 267
262 263
263 264
263 282
264 281
265 282
265 527
267 275
268 272
268 275
271 277
272 278
274 703
277 278
278 282
278 703
278 704
278 861
281 283
281 284
281 285
281 286
283 285
283 344
284 285
284 338
284 741
285 286
285 319
285 333
285 335
285 336
285 338
285 339
285 340
285 341
285 342
285 343
285 344
285 345
285 346
285 347
285 348
285 349
285 350
285 351
285 352
285 353
285 354
285 355
285 356
285 357
285 358
285 359
285 360
285 361
285 362
285 363
285 364
285 365
285 366
285 367
285 368
285 369
285 370
285 371
285 372
285 373
285 374
285 375
285 376
285 377
285 378
285 379
285 380
285 381
285 382
286 338
286 340
286 342
286 343
286 344
286 355
286 368
286 379
311 749
311 818
313 315
315 319
319 583
319 616
319 617
319 618
319 619
319 621
320 338
327 579
327 580
334 338
337 338
337 368
338 341
338 374
338 377
338 382
338 392
338 398
339 379
340 710
342 361
343 366
351 388
355 375
360 379
364 764
364 967
368 475
368 995
370 379
378 379
379 383
379 384
379 397
379 611
380 579
382 743
390 634
401 583
401 655
401 812
444 986
452 739
486 489
494 986
497 569
497 583
497 700
497 750
499 614
505 508
507 777
515 752
522 529
523 529
523 534
529 530
529 531
529 532
529 534
529 535
529 554
533 657
534 556
534 584
537 700
569 583
569 809
569 894
573 581
573 583
574 705
576 806
577 657
578 579
578 813
579 580
579 582
579 896
579 899
579 900
580 583
580 698
580 776
580 807
580 849
580 897
580 935
580 986
581 583
581 812
581 897
582 583
582 643
582 812
583 655
583 657
583 695
583 700
583 705
583 806
583 809
583 810
583 811
583 812
583 813
588 642
589 645
603 605
605 607
607 639
607 640
607 641
615 618
617 632
618 648
619 624
620 621
621 622
621 638
622 626
622 633
622 641
622 642
622 645
623 628
623 636
623 637
623 642
623 645
624 625
624 637
624 641
625 649
626 646
627 628
627 639
629 644
629 647
630 635
630 647
631 753
634 961
636 649
639 718
640 644
643 646
643 649
643 660
645 943
654 655
655 656
656 812
658 705
658 813
695 698
695 700
697 698
700 849
700 942
700 990
700 992
702 703
703 704
705 811
705 941
731 732
731 733
733 739
733 741
734 744
735 741
737 744
738 745
738 746
742 743
742 748
742 751
745 749
746 817
747 817
747 819
748 753
750 816
751 829
752 835
752 909
806 807
813 894
896 897
934 935
