0 2
1 2
2 3
2 5
2 6
2 10
2 12
2 13
2 15
2 16
2 17
2 18
2 19
2 20
2 21
2 22
2 23
2 24
3 28
24 29
24 52
24 53
24 54
24 55
24 57
24 58
24 63
24 64
24 66
24 69
24 73
24 80
24 87
24 91
24 92
24 93
24 95
24 97
24 100
24 102
24 103
24 104
24 112
24 114
24 119
24 127
24 128
24 129
24 131
24 132
24 133
24 134
24 136
24 309
24 402
24 403
24 404
24 405
28 29
28 52
28 53
28 97
28 99
28 103
29 51
29 52
29 72
29 75
29 76
29 77
29 78
29 79
29 82
29 83
29 112
29 127
29 129
29 131
29 132
29 309
41 373
50 51
50 52
51 52
51 53
51 54
52 53
52 54
52 55
52 56
52 57
52 58
52 59
52 60
52 61
52 62
52 63
52 64
52 65
52 66
52 67
52 68
52 69
52 70
52 71
52 72
52 73
52 74
52 75
52 76
52 77
52 78
52 79
52 80
52 81
52 82
52 83
52 84
52 85
52 86
52 87
52 88
52 89
52 90
52 91
52 92
52 93
52 94
52 95
52 96
52 97
52 98
52 99
52 100
52 101
52 102
52 103
52 104
53 56
53 60
53 61
53 62
53 65
53 67
53 68
53 70
53 71
53 72
53 74
53 75
53 76
53 77
53 78
53 79
53 81
53 82
53 83
53 86
53 88
53 89
53 90
53 112
53 113
53 114
53 119
53 127
53 128
53 129
53 131
53 132
53 136
54 56
54 60
54 70
54 83
54 88
54 90
54 114
54 127
54 136
59 213
59 319
61 503
62 99
65 402
67 775
68 134
71 104
74 897
79 100
81 103
81 497
82 117
84 832
84 909
84 910
85 99
85 101
85 133
86 102
86 103
88 890
89 101
89 135
90 102
90 523
93 309
94 215
94 691
94 716
94 904
94 905
96 171
96 190
96 195
96 196
96 197
96 198
96 199
96 200
96 201
97 132
98 280
98 423
98 685
98 764
98 771
98 773
98 965
98 967
98 970
102 136
104 136
109 128
113 283
113 285
119 122
128 893
129 139
131 541
137 899
137 985
138 336
138 376
138 382
138 400
139 399
139 523
139 530
139 531
139 532
139 533
139 534
139 729
142 146
146 162
146 237
146 376
164 169
169 284
169 285
169 286
169 380
182 327
182 575
182 579
182 582
187 971
212 743
213 643
246 896
252 403
258 270
259 270
264 281
270 374
281 283
281 284
281 285
281 286
283 285
283 286
283 344
283 356
283 382
283 400
283 971
284 338
284 367
284 371
284 376
284 380
284 400
284 995
285 335
285 336
285 338
285 341
285 344
285 354
285 356
285 357
285 365
285 367
285 370
285 371
285 373
285 374
285 376
285 380
285 382
286 337
286 338
286 341
286 344
286 354
286 356
286 357
286 367
286 373
286 374
286 380
286 382
286 392
286 393
286 395
286 399
286 400
290 297
297 582
297 923
301 404
316 320
317 320
320 321
320 338
322 323
323 325
323 326
323 327
327 579
327 580
327 847
327 849
327 850
334 335
334 336
334 337
334 338
335 370
336 381
336 382
337 338
337 368
337 371
337 375
337 963
338 341
338 374
338 377
338 382
338 392
338 398
349 373
354 376
357 380
362 371
363 395
365 382
365 398
365 410
367 382
367 523
368 995
370 379
370 381
370 382
371 383
373 374
374 381
375 376
376 382
377 380
377 400
378 380
378 382
380 382
380 393
380 579
380 995
382 395
382 398
382 743
392 869
393 795
395 687
399 523
399 526
399 528
399 729
400 963
401 582
401 812
401 900
403 781
403 783
404 826
404 919
404 922
495 847
496 899
497 985
520 521
520 522
520 523
523 526
523 528
523 529
523 530
523 531
523 532
523 533
523 534
523 535
529 530
529 531
529 532
529 534
532 535
533 555
533 657
534 556
534 584
537 940
553 729
575 578
575 582
575 848
578 579
578 582
578 900
579 580
579 582
579 896
579 899
579 900
580 849
581 582
581 812
582 583
582 643
582 812
582 940
582 941
582 985
582 992
583 812
643 646
643 649
643 660
656 812
656 900
696 847
700 849
700 992
742 743
810 938
848 900
849 939
850 992
896 897
898 940
900 934
900 938
934 935
934 936
936 938
938 969
939 940
940 941
947 971
982 992
