0 1
0 2
0 3
1 3
1 7
1 9
1 10
1 11
2 3
2 10
2 20
2 21
2 22
3 4
3 7
3 10
3 11
3 13
3 14
3 15
3 16
3 17
3 20
3 21
3 22
3 25
3 26
3 27
3 28
3 29
4 11
7 19
9 364
9 423
9 970
10 53
10 536
11 15
11 696
13 26
14 20
14 21
15 25
16 26
16 27
17 27
22 946
24 29
24 52
24 55
24 57
24 58
24 63
24 64
24 66
24 69
24 73
24 87
24 91
24 92
24 93
24 97
24 112
24 127
24 129
24 131
25 424
27 200
28 29
28 52
28 97
29 33
29 51
29 52
29 53
29 54
29 72
29 75
29 76
29 77
29 78
29 79
29 80
29 82
29 83
29 95
29 99
29 100
29 101
29 102
29 103
29 105
29 106
29 108
29 111
29 112
29 115
29 117
29 120
29 127
29 129
29 131
29 132
29 134
29 309
29 310
29 311
29 312
30 32
30 33
31 32
31 33
32 33
32 35
32 36
32 37
32 38
32 39
32 40
32 41
32 42
32 43
33 35
33 36
33 37
33 41
33 42
33 43
33 44
33 45
33 46
33 47
33 48
33 49
34 49
35 48
36 46
37 44
37 47
37 48
37 49
38 46
39 189
39 998
40 391
40 467
40 930
40 994
41 373
42 48
43 44
45 567
45 569
47 828
49 871
50 51
50 52
50 53
51 52
52 53
52 54
52 55
52 56
52 57
52 58
52 59
52 60
52 61
52 62
52 63
52 64
52 65
52 66
52 67
52 68
52 69
52 70
52 71
52 72
52 73
52 74
52 75
52 76
52 77
52 78
52 79
52 80
52 81
52 82
52 83
52 84
52 85
52 86
52 87
52 88
52 89
52 90
52 91
52 92
52 93
52 94
52 95
52 96
52 97
52 98
52 99
52 100
52 101
52 102
52 103
52 104
53 55
53 56
53 57
53 58
53 60
53 61
53 62
53 63
53 64
53 65
53 66
53 67
53 68
53 69
53 70
53 71
53 73
53 74
53 81
53 86
53 87
53 88
53 89
53 90
53 91
53 92
53 93
53 97
53 106
53 108
53 110
53 111
53 112
53 113
53 115
53 117
53 120
53 127
53 129
53 131
53 137
54 56
54 60
54 70
54 88
54 90
54 92
54 97
54 106
54 120
54 127
54 407
59 213
59 319
61 503
62 99
65 402
67 775
68 134
71 104
74 897
81 103
81 497
82 117
84 832
84 909
84 910
85 99
85 101
85 133
86 102
86 103
87 350
88 890
89 101
89 135
90 102
90 523
91 95
91 668
92 375
93 104
93 105
93 309
94 215
94 691
94 716
94 904
94 905
96 171
96 190
96 195
96 196
96 197
96 198
96 199
96 200
96 201
97 99
97 100
97 102
97 132
97 624
98 280
98 423
98 685
98 764
98 771
98 773
98 965
98 967
98 970
101 108
101 110
102 111
103 619
104 310
109 310
110 518
113 283
113 285
115 188
129 139
130 836
131 541
137 487
137 583
137 810
137 848
137 899
137 985
138 336
138 363
138 400
139 523
149 165
149 608
163 164
163 165
163 166
164 169
165 170
165 171
165 172
169 284
169 285
169 286
169 380
170 201
170 492
170 517
170 565
170 610
170 776
171 209
171 516
171 518
171 565
172 516
172 518
172 609
175 176
175 177
175 178
176 179
176 180
176 181
176 182
182 209
182 327
182 401
182 487
182 493
182 497
182 567
182 570
182 571
182 572
182 573
182 574
182 575
182 576
182 577
182 578
182 579
182 580
182 581
182 582
182 583
186 202
187 971
190 191
190 192
191 193
192 201
192 202
192 207
192 209
193 211
193 229
194 640
195 201
195 207
195 228
195 229
195 485
195 489
195 499
195 505
195 509
195 510
195 516
195 518
196 207
197 512
197 776
198 209
199 211
199 217
199 501
199 509
199 776
200 201
201 207
201 208
201 209
201 211
201 222
201 227
201 228
201 254
201 489
201 499
201 501
201 505
201 776
201 777
202 518
207 210
207 465
208 228
209 222
209 229
209 518
209 610
209 776
210 227
210 620
211 518
211 609
211 777
212 311
212 752
213 618
213 619
213 621
213 624
213 625
213 632
213 635
213 637
213 640
213 641
213 644
213 648
214 215
215 218
215 219
215 220
217 227
217 228
217 229
218 756
218 785
220 407
220 689
222 518
225 767
225 774
226 974
227 517
228 488
229 512
229 514
229 693
229 836
240 662
246 898
250 254
251 254
258 270
259 270
264 281
266 944
270 374
280 312
280 763
280 767
280 768
280 771
280 772
280 774
281 283
281 284
281 285
281 286
283 285
283 286
283 344
283 356
283 382
283 400
283 971
284 338
284 377
284 380
284 397
284 400
284 883
284 995
285 333
285 335
285 336
285 338
285 341
285 344
285 348
285 356
285 357
285 363
285 365
285 373
285 374
285 377
285 380
286 333
286 334
286 338
286 341
286 344
286 348
286 356
286 357
286 373
286 374
286 377
286 380
286 389
286 391
286 392
286 393
286 394
286 397
286 398
286 400
307 465
307 466
311 749
311 818
312 766
312 773
312 966
316 320
317 320
318 662
319 618
319 619
319 620
319 621
319 624
320 321
320 338
322 323
323 325
323 326
323 327
324 332
325 907
326 908
326 915
327 579
327 580
327 847
327 849
327 850
328 332
331 662
331 915
332 908
332 914
333 334
334 335
334 336
334 337
334 338
335 370
336 381
336 382
337 338
337 963
338 341
338 374
338 377
338 382
338 392
338 398
348 377
349 373
352 389
357 380
358 659
358 835
363 377
363 395
364 764
364 967
365 382
365 398
365 410
367 523
368 995
373 374
374 381
375 963
377 378
377 380
377 400
377 878
378 380
378 394
379 397
379 611
380 382
380 393
380 579
380 995
381 394
381 397
382 398
389 398
391 932
392 869
393 795
394 581
397 967
398 518
399 523
400 963
401 487
401 495
401 570
401 577
401 812
407 691
407 716
407 968
423 764
423 772
423 774
423 863
423 965
423 967
424 465
424 466
441 465
446 768
458 466
465 466
466 686
485 486
485 487
486 489
487 493
487 494
487 495
487 496
487 497
488 518
490 565
492 516
494 811
494 986
495 847
496 899
496 942
497 577
497 581
497 985
499 614
505 508
507 777
508 836
509 517
510 691
510 987
514 609
515 659
515 752
515 913
516 518
516 610
518 608
518 609
518 610
520 523
521 524
523 526
523 528
523 529
523 530
523 531
524 691
524 713
533 657
537 694
560 565
566 875
566 883
568 570
569 894
571 574
571 693
572 942
572 969
573 581
575 578
575 582
575 848
576 697
576 806
576 808
577 654
577 657
577 658
577 659
578 990
580 849
581 582
581 583
581 694
581 812
581 894
581 897
581 898
581 990
582 812
582 985
583 657
583 810
583 812
604 606
606 835
606 945
607 620
607 624
607 640
607 641
607 648
608 612
611 690
611 691
611 715
611 716
615 618
617 632
618 648
619 624
620 621
620 624
621 622
621 638
622 641
623 637
623 654
624 625
624 637
624 641
624 644
624 648
624 867
624 868
625 649
629 644
630 635
632 648
635 648
640 644
644 647
647 867
649 867
654 655
656 812
656 850
658 705
658 813
659 835
659 911
662 908
685 771
687 689
689 691
691 786
691 904
692 694
694 696
700 849
700 990
716 905
719 905
720 786
752 835
752 909
761 763
762 763
763 764
764 768
764 772
764 908
764 964
764 966
765 964
766 967
767 970
769 863
770 944
771 864
771 865
772 862
772 864
773 970
774 944
774 967
785 786
802 964
810 938
813 894
825 907
829 831
831 834
831 835
834 835
834 913
835 909
835 911
835 912
835 913
849 939
850 936
850 992
863 970
864 965
868 891
868 893
872 873
872 874
872 875
873 875
873 876
873 878
874 875
874 876
874 880
874 883
875 876
875 877
875 880
875 881
875 883
875 884
875 885
875 886
875 887
875 888
875 889
877 885
877 887
878 883
878 888
878 889
880 889
881 883
882 885
882 886
884 974
886 889
887 889
894 969
898 940
907 908
908 915
908 974
910 912
911 912
947 971
966 970
973 974
