0 1
0 2
0 3
1 3
1 4
1 7
1 8
1 10
1 17
2 3
2 10
2 17
2 20
2 21
2 22
2 23
3 4
3 7
3 10
3 11
3 13
3 14
3 15
3 16
3 17
3 20
3 21
3 22
3 25
3 26
3 27
3 28
3 29
4 11
7 19
8 16
8 17
8 426
10 53
10 536
12 17
12 23
13 26
14 17
14 20
14 21
15 17
15 23
15 25
15 196
15 425
16 17
16 23
16 26
16 425
17 23
17 27
17 220
17 425
17 587
18 235
19 536
22 946
24 52
24 55
24 57
24 58
24 63
24 64
24 66
24 69
24 73
24 80
24 87
24 92
24 93
24 95
24 102
24 136
24 309
25 424
27 200
28 29
28 52
28 53
28 97
28 99
28 103
29 51
29 52
29 72
29 75
29 76
29 77
29 78
29 79
29 80
29 82
29 83
29 95
29 102
29 105
29 111
29 309
30 31
30 32
30 33
31 32
31 33
31 34
31 35
31 36
31 37
32 37
32 38
32 41
33 37
33 41
33 44
33 47
33 48
33 49
34 49
35 37
35 48
36 37
36 41
37 38
37 41
37 42
37 43
37 44
37 47
37 48
37 49
37 285
37 593
38 46
41 42
41 43
41 373
41 869
41 871
42 48
42 870
43 44
43 869
43 870
47 828
49 871
50 51
50 52
51 52
51 53
51 54
52 53
52 54
52 55
52 56
52 57
52 58
52 59
52 60
52 61
52 62
52 63
52 64
52 65
52 66
52 67
52 68
52 69
52 70
52 71
52 72
52 73
52 74
52 75
52 76
52 77
52 78
52 79
52 80
52 81
52 82
52 83
52 84
52 85
52 86
52 87
52 88
52 89
52 90
52 91
52 92
52 93
52 94
52 95
52 96
52 97
52 98
52 99
52 100
52 101
52 102
52 103
52 104
53 55
53 56
53 57
53 58
53 60
53 61
53 62
53 63
53 64
53 65
53 66
53 67
53 68
53 69
53 70
53 71
53 72
53 73
53 74
53 75
53 76
53 77
53 78
53 79
53 80
53 81
53 82
53 83
53 87
53 88
53 89
53 92
53 93
53 95
53 102
53 105
53 107
53 110
53 111
53 113
53 124
53 136
54 56
54 60
54 70
54 83
54 88
54 92
54 95
54 102
54 136
54 378
54 407
59 213
59 319
61 503
62 99
65 402
67 775
68 134
71 104
74 897
79 100
81 103
81 497
82 117
84 832
84 909
84 910
85 99
85 101
85 133
86 102
87 350
88 890
89 101
89 135
90 102
90 523
91 95
92 375
93 104
93 105
93 309
94 215
95 104
96 171
96 190
96 195
96 196
96 197
96 198
96 199
96 200
96 201
97 102
98 280
98 423
98 685
98 764
98 771
98 773
98 965
98 967
98 970
101 110
102 104
102 107
102 111
102 136
102 857
104 107
104 136
110 518
113 283
113 285
124 143
124 162
138 285
138 336
138 363
139 523
139 526
139 527
139 528
139 530
139 531
139 532
139 533
139 534
139 552
139 556
139 557
139 728
142 146
142 151
143 151
143 154
143 158
143 160
143 162
146 162
146 237
146 376
148 154
149 165
149 200
149 608
151 161
151 162
151 607
151 895
152 158
152 160
152 162
154 162
158 162
158 895
160 161
160 162
161 162
162 230
162 235
162 236
162 237
162 238
163 164
163 165
164 167
164 168
164 169
165 170
165 171
165 172
169 284
169 285
169 286
169 380
170 517
170 565
170 610
171 195
171 209
171 210
171 211
171 216
171 285
171 516
171 517
171 518
171 565
172 200
172 210
172 222
172 518
172 609
179 235
181 230
181 242
182 577
186 202
190 191
190 192
192 200
192 202
192 203
192 210
194 640
195 200
195 222
195 351
195 501
195 513
195 517
195 518
196 207
197 512
197 776
198 209
198 498
198 519
199 211
199 217
199 501
199 509
199 776
200 201
201 222
201 501
202 518
203 210
203 216
207 210
209 222
209 518
209 610
210 217
210 227
210 511
210 513
210 620
211 518
211 609
213 605
213 607
213 618
213 621
213 629
213 632
213 635
213 638
213 639
213 640
213 641
213 644
213 648
214 215
214 216
214 217
215 218
215 219
215 220
216 222
217 225
218 756
218 785
219 713
219 716
219 903
220 407
220 521
220 689
220 715
220 716
220 901
222 511
222 518
222 870
225 767
225 774
226 974
227 517
228 488
230 231
236 610
238 339
238 359
240 662
242 701
242 966
258 264
258 265
258 270
259 270
263 264
264 281
265 282
265 527
266 944
270 374
279 585
279 587
279 594
279 596
279 598
280 685
280 763
280 766
280 768
280 772
280 773
280 774
281 283
281 284
281 285
281 286
283 285
283 344
283 356
284 285
284 366
284 367
284 371
284 378
284 397
284 995
285 286
285 319
285 333
285 335
285 336
285 338
285 339
285 340
285 341
285 342
285 343
285 344
285 345
285 346
285 347
285 348
285 349
285 350
285 351
285 352
285 353
285 354
285 355
285 356
285 357
285 358
285 359
285 360
285 361
285 362
285 363
285 364
285 365
285 366
285 367
285 368
285 369
285 370
285 371
285 372
285 373
285 374
285 375
285 376
285 377
285 378
285 379
285 380
285 381
285 382
286 333
286 340
286 341
286 342
286 344
286 345
286 348
286 352
286 353
286 354
286 355
286 356
286 357
286 359
286 360
286 367
286 368
286 369
286 374
286 378
286 383
286 394
286 397
312 766
312 773
312 966
314 318
318 661
318 662
319 607
319 618
319 620
319 621
324 332
325 907
326 908
326 915
328 332
328 973
330 973
331 662
331 915
332 908
332 914
333 334
334 336
335 370
336 381
336 382
337 368
337 371
338 341
338 374
339 379
340 710
342 361
343 366
345 962
346 349
347 378
348 377
349 373
351 388
352 389
353 665
354 376
355 375
357 380
358 659
358 835
358 910
359 396
360 379
360 385
362 371
363 377
363 395
364 764
364 967
365 382
365 398
365 410
366 387
367 382
367 523
368 475
368 995
369 381
369 386
369 490
370 379
370 381
370 382
371 383
372 787
372 789
372 790
372 791
373 374
374 381
377 378
378 379
378 380
378 382
378 386
378 394
379 383
379 397
380 995
381 394
381 397
392 869
394 581
397 967
398 518
399 523
399 526
399 528
401 577
402 598
407 691
407 716
407 968
423 685
423 764
423 772
423 773
423 774
423 865
423 866
423 965
423 966
423 967
446 768
475 685
486 488
488 518
490 565
497 577
503 513
504 513
509 517
514 609
515 659
516 518
516 610
517 776
518 608
518 609
518 610
520 521
520 523
521 524
522 526
522 527
522 528
523 526
523 528
523 529
523 530
523 531
523 532
523 533
523 534
523 535
525 556
526 535
526 728
527 528
527 535
527 552
527 584
528 535
528 557
528 730
529 530
529 531
529 532
529 534
532 535
533 555
533 657
534 556
534 584
535 552
535 556
535 557
536 537
550 728
557 730
560 565
577 654
577 657
577 658
577 659
585 586
585 587
586 587
587 591
587 593
587 594
587 596
587 597
587 598
587 599
587 600
587 601
587 602
591 598
592 598
592 601
592 602
593 598
594 595
596 651
597 601
598 600
599 650
599 651
602 652
603 605
605 607
607 620
607 624
607 639
607 640
607 641
607 648
607 660
608 612
611 715
615 618
617 632
618 648
620 621
620 624
621 622
621 638
622 638
622 641
623 654
623 660
624 641
624 644
624 648
627 639
629 644
629 647
630 635
632 648
635 648
638 959
639 718
640 644
643 660
644 647
654 655
659 835
659 911
662 908
685 771
685 862
685 865
685 866
687 689
689 691
713 968
715 906
716 901
761 763
762 763
763 764
764 768
764 772
764 908
764 964
764 966
765 964
766 967
770 944
771 865
772 862
772 864
773 970
774 944
774 967
787 788
787 789
788 789
788 790
789 790
789 791
789 792
789 793
790 792
790 793
792 916
793 916
802 964
825 907
853 857
857 858
864 866
864 965
866 931
884 974
901 902
904 968
907 908
908 915
908 974
966 970
973 974
