1 9
9 364
9 423
9 970
37 285
41 373
53 113
87 350
113 283
113 285
138 285
138 363
169 285
171 285
195 351
238 359
281 285
283 285
284 285
284 367
285 286
285 319
285 333
285 335
285 336
285 338
285 339
285 340
285 341
285 342
285 343
285 344
285 345
285 346
285 347
285 348
285 349
285 350
285 351
285 352
285 353
285 354
285 355
285 356
285 357
285 358
285 359
285 360
285 361
285 362
285 363
285 364
285 365
285 366
285 367
285 368
285 369
285 370
285 371
285 372
285 373
285 374
285 375
285 376
285 377
285 378
285 379
285 380
285 381
285 382
286 333
286 341
286 347
286 353
286 359
286 361
286 362
286 367
286 369
286 373
333 334
338 341
342 361
347 378
349 373
350 381
351 388
353 665
358 659
358 835
358 910
359 396
361 807
362 371
362 994
363 377
363 395
364 764
364 967
367 382
367 523
369 381
369 386
369 490
373 374
