53 138
54 378
138 284
138 285
138 286
138 336
138 363
138 376
138 381
138 382
138 400
162 238
164 169
169 284
169 285
169 286
169 380
212 741
238 284
238 286
238 339
238 359
238 379
238 396
264 281
270 374
281 283
281 284
281 285
281 286
284 285
284 286
284 338
284 366
284 367
284 371
284 376
284 377
284 378
284 380
284 397
284 400
284 741
284 883
284 995
285 338
285 366
285 367
285 371
285 374
285 378
286 334
286 338
286 367
286 374
286 378
286 386
286 394
286 397
320 338
333 334
334 335
334 336
334 337
334 338
337 338
337 371
338 341
338 374
338 377
338 382
338 392
338 398
343 366
347 378
362 371
366 387
367 382
367 523
368 995
369 386
371 383
373 374
374 381
377 378
378 379
378 380
378 382
378 386
378 394
379 397
380 995
381 394
381 397
394 581
397 967
566 883
733 741
735 741
874 883
875 883
878 883
881 883
