18 235
53 124
124 143
124 162
138 284
139 237
142 151
143 151
143 154
143 158
143 160
143 162
146 162
146 237
148 154
151 161
151 162
151 607
151 895
152 158
152 160
152 162
152 236
152 237
154 162
158 162
158 895
160 161
160 162
161 162
162 230
162 235
162 236
162 237
162 238
169 284
179 235
181 230
194 640
210 620
213 605
213 607
213 639
213 640
213 641
213 648
230 231
236 610
238 284
238 286
238 339
238 359
238 379
238 396
281 284
284 285
284 286
284 338
284 366
284 367
284 371
284 376
284 377
284 378
284 380
284 397
284 400
284 741
284 883
284 995
319 607
319 620
603 605
605 607
607 620
607 624
607 639
607 640
607 641
607 648
607 660
618 648
620 621
620 624
622 641
623 660
624 641
624 648
627 639
632 648
635 648
639 718
640 644
643 660
