53 138
113 283
121 702
138 284
138 285
138 286
138 336
138 363
138 376
138 381
138 382
138 400
212 743
258 273
258 274
259 274
270 374
273 704
273 860
274 703
278 703
278 704
281 283
283 285
283 286
283 344
283 356
283 382
283 400
283 971
284 338
284 367
284 377
285 338
285 341
285 365
285 367
285 370
285 374
285 377
285 382
286 337
286 338
286 341
286 367
286 374
286 377
286 382
286 395
316 320
316 321
317 320
317 321
320 321
320 338
321 702
334 337
334 338
335 370
336 382
337 338
337 368
337 371
337 375
337 963
338 341
338 374
338 377
338 382
338 392
338 398
348 377
363 377
363 395
365 382
365 398
365 410
367 382
367 523
370 379
370 381
370 382
373 374
374 381
376 382
377 378
377 380
377 400
377 878
378 382
380 382
382 395
382 398
382 743
395 687
702 703
703 704
742 743
