59 319
140 141
140 142
140 143
141 144
141 145
142 143
142 145
142 146
142 147
142 148
142 149
142 150
142 151
142 152
143 144
143 145
143 147
143 148
143 151
143 152
143 156
143 158
143 159
143 160
144 152
145 150
145 935
146 162
146 237
146 376
147 150
147 161
148 154
148 161
148 544
149 165
149 200
149 514
149 608
151 161
151 162
151 607
151 895
152 153
152 156
152 158
152 159
152 160
152 161
152 162
152 236
152 237
152 653
153 159
156 166
158 162
158 895
159 161
160 161
160 162
162 236
194 319
213 319
213 607
213 641
236 610
285 319
315 319
319 583
319 607
319 615
319 616
319 617
319 618
319 619
319 620
319 621
319 622
319 623
319 624
593 653
597 653
605 607
607 620
607 624
607 639
607 640
607 641
607 648
607 660
622 641
623 660
624 641
643 660
650 653
