1 9
3 25
9 364
9 423
9 970
15 25
18 141
18 235
24 52
24 55
24 57
24 58
24 63
24 64
24 66
24 69
24 73
24 80
24 87
24 92
24 93
24 95
24 97
24 132
24 309
24 404
25 424
28 52
28 97
29 51
29 52
29 72
29 75
29 76
29 77
29 78
29 79
29 80
29 82
29 83
29 95
29 105
29 132
29 309
29 312
30 31
30 32
30 33
31 32
31 37
32 33
32 35
32 36
32 37
32 38
32 39
32 40
32 41
32 42
32 43
33 37
33 44
33 45
33 47
33 48
33 49
34 49
35 37
35 48
36 37
37 38
37 41
37 42
37 43
37 44
37 47
37 48
37 49
37 285
37 593
39 189
39 998
40 391
40 467
40 930
40 994
42 48
43 44
45 567
45 569
47 828
49 871
50 51
50 52
51 52
51 53
51 54
52 53
52 54
52 55
52 56
52 57
52 58
52 59
52 60
52 61
52 62
52 63
52 64
52 65
52 66
52 67
52 68
52 69
52 70
52 71
52 72
52 73
52 74
52 75
52 76
52 77
52 78
52 79
52 80
52 81
52 82
52 83
52 84
52 85
52 86
52 87
52 88
52 89
52 90
52 91
52 92
52 93
52 94
52 95
52 96
52 97
52 98
52 99
52 100
52 101
52 102
52 103
52 104
53 55
53 56
53 57
53 58
53 60
53 61
53 62
53 63
53 64
53 65
53 66
53 67
53 68
53 69
53 70
53 71
53 72
53 73
53 74
53 75
53 76
53 77
53 78
53 79
53 80
53 81
53 82
53 83
53 86
53 87
53 88
53 89
53 90
53 92
53 93
53 95
53 97
53 105
53 113
53 124
53 126
53 130
53 132
53 137
53 138
54 56
54 60
54 70
54 83
54 88
54 90
54 92
54 95
54 97
59 213
59 319
61 503
62 99
65 402
67 775
68 134
71 104
74 897
79 100
81 103
81 497
82 117
84 832
84 909
84 910
85 99
85 101
85 133
86 102
86 103
87 350
88 890
89 101
89 135
90 102
90 523
91 95
92 375
93 104
93 105
93 309
94 215
94 691
94 716
94 904
94 905
95 104
96 171
96 190
96 195
96 196
96 197
96 198
96 199
96 200
96 201
97 99
97 100
97 102
97 132
97 624
98 280
98 423
98 685
98 764
98 771
98 773
98 965
98 967
98 970
103 619
113 283
113 285
122 308
123 770
124 143
124 162
126 205
126 211
126 216
130 216
130 519
130 836
137 487
137 583
137 810
137 848
137 899
137 985
138 284
138 285
138 286
138 336
138 363
138 376
138 381
138 382
138 400
139 434
139 523
139 526
139 527
139 528
139 530
139 531
139 532
139 533
139 534
139 552
139 556
139 728
139 730
140 141
140 143
141 143
141 144
141 145
142 143
142 149
142 150
143 144
143 145
143 147
143 148
143 150
143 151
143 152
143 153
143 154
143 155
143 156
143 157
143 158
143 159
143 160
143 161
143 162
145 150
145 935
147 150
147 161
148 154
148 161
149 165
149 200
149 514
149 608
150 895
151 161
152 153
152 156
152 158
152 161
152 653
153 159
154 162
155 258
155 277
156 166
157 322
157 328
157 329
158 162
158 895
159 161
160 161
161 162
161 195
162 235
163 164
163 165
163 166
164 169
165 170
165 171
165 172
169 284
169 285
169 286
169 380
170 201
170 492
170 517
170 565
170 610
170 776
171 195
171 216
171 516
171 517
171 565
172 195
172 208
172 516
175 176
175 177
175 178
176 179
176 180
177 179
177 180
178 180
178 181
178 185
178 186
178 187
178 188
178 189
179 180
179 189
179 235
179 239
180 181
180 186
180 232
180 239
180 244
180 245
180 424
180 473
180 603
181 242
181 243
181 244
181 245
181 246
182 327
182 401
182 570
182 573
182 580
182 583
185 189
185 231
185 234
186 243
187 244
187 971
188 424
188 455
188 470
189 232
190 191
191 193
191 194
191 195
192 195
192 203
192 204
192 207
192 208
193 229
194 640
195 200
195 201
195 204
195 207
195 208
195 216
195 217
195 221
195 222
195 224
195 226
195 228
195 229
195 351
195 424
195 485
195 486
195 489
195 490
195 491
195 492
195 498
195 499
195 500
195 501
195 502
195 503
195 504
195 505
195 506
195 507
195 508
195 509
195 510
195 511
195 512
195 513
195 514
195 515
195 516
195 517
195 518
196 207
197 512
197 776
198 209
198 498
198 519
199 501
201 207
201 208
201 227
201 499
201 501
203 210
203 216
204 987
207 210
207 465
208 228
208 498
208 504
209 229
210 227
210 511
210 513
210 620
212 752
213 583
213 618
213 619
213 621
213 624
213 625
213 629
213 632
213 635
213 637
213 640
213 641
213 644
213 648
214 215
214 216
214 217
216 221
216 222
217 224
217 225
217 227
217 229
222 511
224 949
225 767
225 774
226 507
227 517
228 488
229 512
229 514
229 693
229 836
231 232
233 244
233 286
233 997
234 921
238 286
238 396
241 861
242 701
242 966
243 244
243 945
245 757
245 861
245 997
246 808
246 813
246 896
246 898
258 265
258 270
259 270
265 282
265 527
270 374
278 861
279 585
279 588
279 593
280 312
280 423
280 765
280 766
280 770
280 772
280 774
281 283
281 286
283 285
283 286
283 344
283 356
283 382
283 400
283 971
284 286
284 367
284 377
284 397
284 883
285 286
285 333
285 336
285 340
285 341
285 342
285 343
285 347
285 351
285 353
285 354
285 355
285 357
285 358
285 360
285 362
285 365
285 367
285 369
285 374
285 377
286 290
286 333
286 334
286 337
286 338
286 340
286 341
286 342
286 343
286 344
286 345
286 347
286 348
286 352
286 353
286 354
286 355
286 356
286 357
286 359
286 360
286 361
286 362
286 367
286 368
286 369
286 373
286 374
286 377
286 378
286 379
286 380
286 381
286 382
286 383
286 384
286 385
286 386
286 387
286 388
286 389
286 390
286 391
286 392
286 393
286 394
286 395
286 396
286 397
286 398
286 399
286 400
286 401
287 288
287 289
287 290
288 291
289 294
290 291
290 292
290 296
290 297
290 298
290 299
290 300
290 301
291 826
292 301
293 299
293 917
293 919
294 301
294 937
296 918
296 988
297 582
297 923
298 411
298 825
299 719
299 999
300 445
300 921
301 404
301 918
301 923
302 304
302 305
303 304
303 305
304 305
304 306
304 307
305 306
305 308
306 308
307 424
307 430
307 438
307 465
307 466
307 681
307 779
312 766
312 773
312 966
319 583
319 618
319 619
319 620
319 621
319 624
322 323
323 325
323 326
323 327
327 579
327 580
327 847
327 849
327 850
333 334
334 336
334 337
336 381
336 382
337 338
337 368
337 371
337 375
337 963
338 341
338 374
338 377
338 392
340 710
342 361
343 366
345 962
347 378
348 377
351 388
352 389
353 665
354 376
355 375
357 380
358 659
358 835
358 910
359 396
360 379
360 385
362 371
362 994
363 377
363 395
365 382
365 398
365 410
367 382
367 523
369 381
369 386
369 490
371 383
373 374
374 381
375 963
377 378
377 380
377 400
377 878
378 394
379 383
379 397
380 393
381 394
381 397
382 395
384 396
387 408
389 398
390 634
390 961
391 932
392 869
393 795
394 581
395 687
397 967
399 523
399 526
399 528
400 963
401 487
401 495
401 497
401 568
401 570
401 577
401 582
401 583
401 655
401 812
401 824
401 848
401 900
401 939
401 942
404 826
404 919
404 922
405 950
407 968
408 409
408 410
409 410
409 412
409 414
409 415
409 416
410 412
410 413
410 414
410 415
410 416
410 417
410 419
410 420
410 421
410 422
410 423
411 416
412 419
413 415
414 419
414 420
415 420
416 419
416 420
417 422
419 421
420 422
421 712
423 685
423 764
423 765
423 770
423 772
423 773
423 774
423 863
423 865
423 866
423 965
423 966
423 967
424 427
424 428
424 429
424 430
424 431
424 432
424 433
424 434
424 435
424 436
424 437
424 438
424 439
424 440
424 441
424 442
424 443
424 444
424 445
424 446
424 447
424 448
424 449
424 450
424 451
424 452
424 453
424 454
424 455
424 456
424 457
424 458
424 459
424 460
424 461
424 462
424 463
424 464
424 465
424 466
424 467
424 468
424 469
424 470
424 471
424 472
424 473
424 474
424 475
427 472
427 475
428 664
428 686
429 473
429 475
431 457
432 435
432 962
433 454
433 975
434 522
435 463
436 437
436 475
438 441
439 475
439 684
440 450
440 470
441 465
442 458
443 474
443 958
444 975
444 986
445 682
446 683
446 768
447 472
447 473
448 468
448 682
449 456
449 686
450 469
451 681
451 683
452 471
452 739
452 778
453 462
453 464
454 457
455 461
455 475
457 475
458 466
458 468
459 474
459 678
459 686
460 475
460 684
460 888
461 470
462 473
462 677
462 680
463 500
464 469
464 675
464 721
467 925
467 929
467 931
467 956
470 475
470 677
470 962
472 675
474 721
475 675
475 680
485 486
486 488
486 489
486 490
486 491
486 492
487 495
488 518
490 565
492 516
494 811
495 847
496 899
496 942
497 569
497 583
497 808
497 985
499 614
500 519
502 699
502 846
503 513
504 513
505 508
506 514
506 612
507 777
508 836
509 517
510 691
510 987
511 784
515 659
515 752
515 832
515 833
515 913
516 518
516 610
517 776
518 608
520 521
520 522
520 523
522 526
522 527
522 528
523 526
523 528
523 529
523 530
523 531
523 532
523 533
523 534
523 535
525 556
526 535
526 728
527 528
527 535
527 552
527 584
528 535
528 557
528 730
529 530
529 531
529 532
529 534
532 535
533 555
533 657
534 556
534 584
535 552
535 556
547 833
550 728
557 730
560 565
561 566
566 875
566 883
568 570
569 583
569 809
569 894
571 693
572 942
573 581
573 583
576 697
576 806
576 808
577 658
577 659
578 813
578 900
579 580
579 896
579 899
579 900
580 583
580 698
580 776
580 807
580 849
580 897
580 935
580 986
581 583
581 898
582 583
582 985
583 655
583 657
583 695
583 700
583 705
583 806
583 809
583 810
583 811
583 812
583 813
585 586
585 587
586 587
586 588
586 589
586 590
586 591
586 592
586 593
587 591
587 593
587 600
588 642
589 595
589 645
590 822
590 983
591 598
592 598
592 601
592 602
593 598
593 600
593 653
597 653
598 600
603 604
603 605
607 620
607 624
607 640
607 641
607 648
608 612
615 618
617 632
618 648
619 624
620 621
620 624
621 622
621 638
622 641
623 637
624 625
624 637
624 641
624 644
624 648
624 867
624 868
625 649
629 644
629 647
630 635
632 648
635 648
639 718
640 644
644 647
647 867
649 867
650 653
656 850
656 900
658 705
658 813
659 835
659 911
673 881
677 680
684 962
685 862
685 865
685 866
691 904
692 693
692 695
695 697
695 698
695 699
695 700
697 698
700 942
701 997
705 811
713 968
714 718
716 905
718 904
719 905
721 972
752 835
752 909
754 755
754 756
754 757
755 757
755 758
757 758
757 760
758 759
758 760
764 772
764 966
765 964
766 967
769 862
769 863
770 944
771 865
772 862
772 864
774 944
774 967
779 924
779 925
800 950
802 997
806 807
810 938
811 848
813 894
821 824
823 824
824 827
826 919
830 833
834 913
835 911
835 913
846 932
848 900
849 939
850 936
850 992
863 970
864 866
866 931
868 891
868 893
872 873
872 874
872 875
873 875
873 876
873 877
873 878
874 876
874 880
874 881
874 882
874 883
875 876
875 880
875 881
875 883
875 885
875 887
875 889
877 882
877 885
877 887
878 883
878 888
878 889
880 889
881 883
882 885
882 886
882 889
882 950
886 889
887 889
888 889
896 897
898 940
900 934
900 938
901 902
902 903
902 904
904 968
911 912
917 918
917 919
919 920
919 921
919 922
920 922
920 937
925 928
925 929
925 932
926 954
926 955
927 928
928 932
928 993
929 933
929 993
930 954
930 956
931 955
932 933
932 956
933 956
934 935
936 938
938 969
939 940
947 971
954 956
955 956
966 970
