0 1
0 2
0 3
1 2
1 5
1 6
1 10
1 12
1 13
2 3
2 5
2 6
2 10
2 12
2 13
2 15
2 16
2 17
2 18
2 19
2 20
2 21
2 22
2 23
2 24
3 10
3 13
3 20
3 21
3 26
3 27
5 16
6 15
7 19
10 53
10 536
12 16
12 17
12 23
13 15
13 26
13 604
14 20
14 21
16 26
16 27
17 27
18 235
19 536
22 946
24 53
24 55
24 57
24 58
24 63
24 64
24 66
24 69
24 73
24 80
24 87
24 91
24 92
24 93
24 97
24 112
24 114
24 127
24 128
24 131
24 133
24 136
24 309
27 200
28 53
28 97
29 51
29 53
29 72
29 75
29 76
29 77
29 78
29 79
29 80
29 83
29 106
29 108
29 111
29 112
29 115
29 117
29 120
29 127
29 131
29 309
30 31
30 32
30 33
31 32
31 33
31 34
31 35
31 36
31 37
32 36
32 39
32 42
33 36
33 42
33 46
33 48
34 49
34 253
35 42
35 48
36 37
36 41
36 42
36 43
36 46
36 614
37 42
37 48
38 46
39 189
39 998
41 42
41 373
42 43
42 48
42 388
42 870
43 870
45 567
50 51
50 53
51 52
51 53
51 54
52 53
52 55
52 56
52 57
52 58
52 59
52 60
52 61
52 62
52 63
52 64
52 65
52 66
52 67
52 68
52 69
52 70
52 71
52 72
52 73
52 74
52 75
52 76
52 77
52 78
52 79
52 80
52 81
52 83
52 85
52 86
52 87
52 88
52 90
52 91
52 92
52 93
52 97
52 98
53 54
53 55
53 56
53 57
53 58
53 60
53 61
53 62
53 63
53 64
53 65
53 66
53 67
53 68
53 69
53 70
53 71
53 72
53 73
53 74
53 75
53 76
53 77
53 78
53 79
53 80
53 81
53 82
53 83
53 86
53 87
53 88
53 89
53 90
53 91
53 92
53 93
53 95
53 97
53 99
53 100
53 101
53 102
53 103
53 104
53 105
53 106
53 107
53 108
53 109
53 110
53 111
53 112
53 113
53 114
53 115
53 116
53 117
53 118
53 119
53 120
53 121
53 122
53 123
53 124
53 125
53 126
53 127
53 128
53 129
53 130
53 131
53 132
53 133
53 134
53 135
53 136
53 137
53 138
53 139
54 56
54 60
54 70
54 83
54 88
54 90
54 92
54 97
54 106
54 114
54 120
54 127
54 136
59 213
59 319
61 503
62 99
65 402
67 775
68 134
71 104
74 897
79 100
81 103
81 497
82 117
84 909
84 910
85 99
85 101
85 133
86 102
86 103
87 350
88 890
89 135
90 102
90 523
91 95
91 668
92 375
93 104
93 105
93 309
96 190
96 197
96 198
96 199
96 200
97 99
97 100
97 102
97 132
97 624
98 280
98 423
98 685
98 764
98 771
98 773
98 965
98 967
98 970
99 125
99 135
100 118
100 133
101 108
101 110
101 493
102 107
102 111
102 136
103 123
103 133
104 107
104 118
104 136
109 128
110 518
113 283
113 285
115 188
116 976
116 979
119 122
121 135
121 702
122 308
123 770
124 143
124 162
125 211
126 205
126 211
126 216
128 893
129 139
130 216
130 519
130 836
131 541
134 184
135 891
137 487
137 583
137 810
137 848
137 899
137 985
138 284
138 285
138 286
138 336
138 363
138 376
138 381
138 382
138 400
139 237
139 399
139 434
139 522
139 523
139 525
139 526
139 527
139 528
139 529
139 530
139 531
139 532
139 533
139 534
139 535
139 550
139 551
139 552
139 553
139 554
139 555
139 556
139 557
139 584
139 728
139 729
139 730
146 237
146 376
149 200
149 514
152 236
152 237
155 277
157 322
157 328
162 230
162 235
162 236
162 237
163 164
163 165
163 166
164 167
164 168
164 169
166 167
166 168
167 173
168 174
169 284
169 285
169 286
169 380
170 492
170 565
170 610
170 776
171 209
171 210
171 516
171 565
172 192
172 200
172 208
172 210
172 516
172 609
172 614
175 176
175 177
175 178
176 179
176 182
177 179
177 180
177 183
177 184
178 187
178 189
179 180
179 189
179 235
179 239
180 239
180 244
181 189
181 230
181 231
181 239
181 240
181 244
182 209
182 327
182 401
182 487
182 493
182 497
182 567
182 570
182 571
182 572
182 573
182 574
182 575
182 576
182 577
182 578
182 579
182 580
182 581
182 582
182 583
183 688
183 785
184 960
185 189
185 231
185 234
186 202
186 234
187 189
187 244
187 701
187 947
187 969
187 971
188 455
188 470
188 471
188 475
188 682
189 231
189 232
189 381
189 945
189 946
189 947
190 191
190 192
191 193
192 195
192 200
192 201
192 202
192 203
192 204
192 205
192 206
192 207
192 208
192 209
192 210
192 211
192 212
192 213
193 211
193 229
194 616
194 631
194 633
194 640
194 959
195 200
195 204
195 208
195 226
195 228
195 229
195 490
195 491
195 492
195 499
195 500
195 501
195 506
195 509
195 511
195 513
195 514
195 516
197 512
197 776
198 209
198 498
198 519
199 211
199 217
199 501
199 509
199 776
200 201
201 208
201 209
201 227
201 228
201 499
201 501
201 776
202 518
203 210
204 987
206 211
206 512
207 210
208 228
208 498
208 504
209 222
209 229
209 518
209 610
209 776
210 217
210 227
210 511
210 513
210 620
211 609
212 311
212 731
212 733
212 734
212 738
212 739
212 741
212 743
212 744
212 745
212 746
212 747
212 748
212 749
212 750
212 751
212 752
212 753
213 282
213 315
213 319
213 529
213 583
213 605
213 607
213 616
213 617
213 618
213 619
213 621
213 623
213 624
213 625
213 626
213 627
213 628
213 629
213 630
213 631
213 632
213 633
213 634
213 635
213 636
213 637
213 638
213 639
213 640
213 641
213 642
213 643
213 644
213 645
213 646
213 647
213 648
213 649
217 225
217 226
217 227
217 228
217 229
222 511
222 870
225 767
225 774
226 507
226 974
227 517
228 488
229 512
229 514
229 693
229 836
230 231
231 232
231 233
231 234
233 244
233 997
234 921
234 960
236 610
240 662
240 914
241 861
242 701
242 966
243 244
243 945
245 861
245 997
246 808
246 896
252 784
256 260
257 262
257 263
258 260
258 262
258 263
258 264
258 270
258 271
258 272
258 277
258 278
259 270
260 282
262 263
262 742
263 264
263 282
264 281
265 282
265 527
266 944
268 272
269 271
270 374
271 277
272 278
273 704
277 278
278 282
278 703
278 704
278 861
279 588
280 420
280 685
280 762
280 763
280 766
280 768
280 772
280 773
280 774
283 400
283 971
284 338
284 371
284 376
284 380
284 397
284 400
284 741
284 995
285 335
285 338
285 341
285 349
285 354
285 357
285 358
285 362
285 363
285 365
285 369
285 370
285 371
285 373
285 374
285 376
285 380
285 381
286 337
286 338
286 341
286 354
286 357
286 362
286 369
286 373
286 374
286 380
286 381
286 383
286 386
286 388
286 389
286 392
286 393
286 394
286 395
286 397
286 398
286 400
299 999
300 445
300 921
307 430
307 681
311 749
312 766
312 773
312 966
313 315
314 318
315 319
316 320
316 321
317 320
317 321
318 661
318 662
319 616
319 617
319 618
319 624
320 321
320 338
321 702
322 323
322 324
324 330
324 331
324 332
325 907
326 908
326 915
327 579
327 850
328 332
328 973
331 662
331 915
332 908
332 914
334 335
334 337
334 338
335 370
336 381
337 338
337 368
337 371
337 375
337 963
338 341
338 374
338 377
338 382
338 392
338 398
345 962
346 349
349 373
350 381
351 388
352 389
354 376
357 380
358 659
358 835
358 910
362 371
362 994
363 377
363 395
364 764
364 967
365 382
365 398
365 410
368 475
368 995
369 381
369 386
369 490
370 379
370 381
370 382
371 383
373 374
374 381
375 376
376 382
377 380
377 400
378 380
378 386
378 394
379 383
379 397
380 382
380 393
380 579
380 995
381 394
381 397
382 395
382 398
382 743
387 408
389 398
390 634
392 869
393 795
394 581
395 687
397 967
398 518
399 729
400 963
401 570
401 577
401 812
401 900
408 409
408 410
409 410
409 412
409 420
410 412
410 413
410 414
410 415
410 416
410 417
410 419
410 420
410 421
410 422
410 423
412 419
413 420
414 420
415 420
416 420
417 420
419 420
419 421
420 422
421 712
423 685
423 764
423 772
423 773
423 774
423 865
423 866
423 965
423 966
423 967
424 427
424 429
424 430
424 431
424 434
424 435
424 436
424 439
424 440
424 445
424 448
424 449
424 453
424 455
424 456
424 457
424 460
424 463
424 469
424 470
424 471
424 475
427 472
427 475
428 664
429 473
429 475
430 778
431 457
431 461
432 435
432 962
434 522
435 463
436 437
436 475
439 475
439 684
440 450
440 470
445 682
446 683
446 768
448 468
448 682
449 456
449 686
450 469
451 681
451 683
452 471
452 739
452 778
453 462
453 464
453 475
454 457
454 681
455 461
455 475
456 686
456 778
457 475
459 678
460 475
460 684
460 888
461 470
462 680
463 475
463 500
463 686
464 469
464 675
464 721
469 471
469 472
469 686
470 475
470 677
470 962
471 474
471 475
471 684
472 675
473 678
473 679
474 475
474 721
474 778
475 646
475 675
475 678
475 679
475 680
475 681
475 682
475 683
475 684
475 685
475 686
486 488
486 490
486 491
486 492
487 493
488 518
490 565
491 776
491 972
492 516
497 577
497 750
497 808
497 985
499 614
500 519
503 513
504 513
506 514
506 612
509 517
511 784
514 609
515 659
515 752
516 518
516 610
517 776
518 609
518 610
522 527
523 530
523 531
523 532
523 534
525 551
526 728
527 528
527 535
527 552
527 584
528 730
529 530
529 531
529 532
529 534
529 554
532 535
533 555
533 657
534 556
534 584
535 551
535 554
535 555
550 728
553 729
555 584
557 730
560 565
567 568
568 570
571 574
571 693
572 942
572 969
573 581
573 583
575 578
575 582
575 848
576 697
576 806
576 808
577 654
577 657
577 658
577 659
578 579
578 900
579 580
579 582
579 896
579 899
579 900
580 776
581 812
582 812
582 985
582 992
583 657
583 806
583 810
583 812
586 588
586 589
588 642
589 595
589 645
603 604
603 605
604 606
605 607
606 945
607 624
607 639
607 640
614 775
614 776
615 618
615 943
617 632
618 648
619 624
620 624
621 638
622 626
622 633
622 638
622 642
622 645
623 628
623 642
623 645
623 649
623 654
624 625
624 637
624 641
624 644
624 648
624 867
624 868
625 649
626 646
627 628
627 639
629 644
629 647
630 635
630 647
631 753
634 961
636 649
638 959
639 718
640 644
643 649
645 943
649 867
654 655
655 656
656 812
656 850
656 900
658 705
658 813
659 835
659 911
662 908
663 664
664 667
664 668
665 668
667 668
672 890
677 680
679 975
682 778
683 684
683 999
684 962
685 771
685 862
685 865
685 866
686 701
687 688
687 689
700 992
701 997
702 703
703 704
721 972
731 732
731 733
733 739
733 741
734 744
735 741
737 744
738 746
742 743
742 748
742 751
745 749
746 817
747 817
747 819
748 753
750 816
751 829
752 835
752 909
761 762
761 763
762 763
763 764
764 768
764 772
764 908
764 964
764 966
765 964
766 967
770 944
771 865
772 862
772 864
773 970
774 944
774 967
775 972
782 784
791 943
802 964
802 997
806 807
810 938
825 907
835 909
835 911
848 900
850 936
850 992
864 866
864 965
866 931
868 891
868 893
875 888
878 888
884 974
888 889
890 891
896 897
900 934
900 938
907 908
908 915
908 974
910 912
911 912
919 921
922 999
934 935
934 936
946 960
947 971
959 961
966 970
972 987
973 974
978 982
981 982
982 992
