0 1
0 2
0 3
1 3
1 5
1 7
1 8
1 9
1 10
1 11
1 12
1 13
1 16
2 3
2 5
2 10
2 12
2 13
2 16
2 20
2 21
2 22
3 4
3 7
3 10
3 11
3 13
3 14
3 15
3 16
3 17
3 20
3 21
3 22
3 25
3 26
3 27
3 28
3 29
4 11
5 16
7 19
8 16
8 17
8 426
9 364
9 423
9 970
10 53
10 536
11 15
11 696
12 16
12 17
12 23
13 15
13 26
13 604
14 16
14 20
14 21
15 16
15 25
15 425
16 17
16 23
16 26
16 27
16 425
17 425
18 235
19 536
22 946
24 91
24 93
24 95
24 102
24 104
24 133
24 309
24 404
25 424
27 200
28 29
28 52
28 53
28 97
28 99
28 103
29 95
29 99
29 102
29 105
29 111
29 115
29 309
29 310
30 31
30 32
30 33
31 32
31 33
31 34
31 35
31 36
31 37
32 35
32 36
32 41
33 35
33 36
33 41
33 46
33 48
34 49
34 253
35 37
35 42
35 43
35 48
36 37
36 41
36 42
36 43
36 46
36 614
37 41
37 48
38 46
40 391
40 994
41 42
41 43
41 373
41 869
41 871
42 48
42 388
43 871
45 567
45 569
49 871
52 62
52 71
52 74
52 85
52 86
52 89
52 90
52 91
52 93
52 94
52 95
52 96
52 98
52 99
52 102
52 104
53 62
53 71
53 74
53 86
53 89
53 90
53 91
53 93
53 95
53 99
53 102
53 104
53 105
53 111
53 115
53 118
53 121
53 124
53 125
53 126
53 133
53 135
53 138
54 90
54 95
54 99
54 102
54 104
54 378
54 407
61 503
62 99
67 775
71 104
74 897
85 99
85 101
85 133
86 102
86 103
89 101
89 135
90 102
90 523
91 95
91 668
93 104
93 105
93 309
94 215
94 691
94 716
94 904
94 905
95 104
96 171
96 190
96 195
96 196
96 197
96 198
96 199
96 200
96 201
97 99
97 102
97 624
98 280
98 423
98 685
98 764
98 771
98 773
98 965
98 967
98 970
99 104
99 125
99 135
99 834
100 118
100 133
101 493
102 104
102 107
102 111
102 136
102 857
103 133
103 619
104 107
104 118
104 136
104 310
104 713
109 310
115 188
121 135
121 702
124 143
124 162
125 211
126 205
126 211
126 216
130 216
130 836
135 891
138 284
138 285
138 286
138 336
138 363
138 376
138 381
138 382
138 400
139 523
139 526
139 527
139 528
139 530
139 531
139 532
139 533
139 534
139 552
139 556
139 728
139 730
141 144
142 146
142 151
142 152
143 144
143 151
143 152
143 154
143 156
143 159
143 162
144 152
146 162
146 237
146 376
148 154
149 165
149 200
149 514
150 895
151 161
151 162
151 607
151 895
152 153
152 156
152 158
152 159
152 160
152 161
152 162
152 236
152 237
152 653
153 159
154 162
156 166
157 322
158 162
158 895
159 161
160 162
161 162
162 230
162 235
162 236
162 237
162 238
163 164
163 165
163 166
164 169
165 170
165 171
165 172
169 284
169 285
169 286
169 380
170 517
170 565
170 610
171 195
171 209
171 210
171 211
171 216
171 285
171 516
171 517
171 518
171 565
172 200
172 210
172 221
172 609
172 614
175 176
175 177
175 178
176 179
176 180
176 181
176 182
177 180
178 180
178 185
178 186
178 188
179 180
179 235
179 239
180 181
180 186
180 232
180 239
180 244
180 245
180 424
180 473
180 603
181 186
181 230
181 239
181 240
181 242
181 243
182 209
182 327
182 401
182 487
182 493
182 497
182 567
182 570
182 571
182 572
182 573
182 574
182 575
182 576
182 577
182 578
182 579
182 580
182 581
182 582
182 583
184 960
185 189
185 231
185 234
186 202
186 234
186 243
188 424
188 455
188 470
188 471
188 473
188 475
188 676
188 682
188 684
188 958
189 232
189 945
190 191
190 192
191 193
191 194
192 200
192 202
192 205
192 207
192 209
192 210
193 211
193 229
194 319
194 616
194 631
194 633
194 640
194 647
194 959
195 200
195 207
195 216
195 221
195 229
195 499
195 501
195 503
195 504
195 506
195 511
195 513
195 514
195 517
196 207
197 512
197 776
198 209
199 211
199 217
199 501
199 509
199 776
200 201
201 207
201 209
201 499
201 501
202 518
203 210
203 216
205 223
207 210
207 465
208 504
209 222
209 229
209 518
209 610
209 776
210 217
210 227
210 511
210 513
210 620
211 609
211 949
213 616
213 618
213 619
213 621
213 624
213 625
213 626
213 629
213 631
213 632
213 633
213 635
213 637
213 638
213 640
213 641
213 643
213 644
213 646
213 648
214 215
214 216
215 218
215 219
215 220
216 221
216 222
217 229
218 756
218 785
219 713
219 716
219 903
220 407
220 521
220 715
220 716
220 901
222 511
224 949
226 974
227 517
229 512
229 514
229 693
229 836
230 231
231 232
231 233
231 234
233 244
233 286
233 993
233 997
234 921
234 960
236 610
238 284
238 286
238 339
238 359
238 379
238 396
240 662
240 914
242 701
242 966
243 244
243 945
245 997
246 896
246 898
252 784
258 264
258 265
263 264
264 281
265 282
265 527
279 597
280 685
280 762
280 763
280 768
280 772
280 773
281 283
281 284
281 285
281 286
283 286
283 344
283 356
284 286
284 367
284 378
284 397
285 286
285 333
285 336
285 339
285 340
285 341
285 342
285 343
285 344
285 345
285 346
285 348
285 352
285 353
285 354
285 355
285 356
285 357
285 362
285 364
285 365
285 367
285 369
285 373
285 378
286 290
286 333
286 334
286 337
286 338
286 340
286 341
286 342
286 343
286 344
286 345
286 347
286 348
286 352
286 353
286 354
286 355
286 356
286 357
286 359
286 360
286 361
286 362
286 367
286 368
286 369
286 373
286 374
286 377
286 378
286 379
286 380
286 381
286 382
286 383
286 384
286 385
286 386
286 387
286 388
286 389
286 390
286 391
286 392
286 393
286 394
286 395
286 396
286 397
286 398
286 399
286 400
286 401
287 288
287 289
287 290
288 291
289 294
290 291
290 292
290 296
290 297
290 298
290 299
290 300
290 301
291 826
292 301
293 299
293 300
293 917
293 919
294 301
294 937
296 918
296 988
297 582
297 923
298 411
298 825
299 719
299 999
300 445
300 879
300 921
301 404
301 918
301 923
307 430
307 465
307 466
307 681
312 773
312 966
314 318
318 661
318 662
319 616
319 618
319 619
319 620
319 621
319 624
322 323
322 324
323 325
323 326
323 327
324 332
325 907
326 908
326 915
327 579
327 580
327 847
327 849
327 850
328 332
328 973
330 973
331 662
331 915
332 908
332 914
333 334
334 336
334 337
336 381
336 382
337 338
337 368
337 371
337 375
337 963
338 341
338 392
338 398
339 379
340 710
342 361
343 366
345 962
346 349
346 716
347 378
348 377
349 373
351 388
352 389
353 665
354 376
355 375
357 380
360 385
362 371
362 994
363 395
364 764
364 967
365 382
365 398
365 410
366 387
367 382
367 523
368 475
369 381
369 386
369 490
371 383
373 374
375 963
377 378
378 379
378 380
378 382
378 386
378 394
379 383
379 384
379 397
379 611
380 393
381 397
382 395
382 398
384 396
385 674
387 408
389 398
390 634
390 961
391 932
392 869
393 795
394 581
395 687
397 967
398 518
399 523
399 526
399 528
400 963
401 487
401 495
401 497
401 568
401 570
401 577
401 582
401 583
401 655
401 812
401 824
401 848
401 900
401 939
401 942
404 826
404 919
404 922
405 801
405 953
407 691
407 716
407 968
408 410
409 410
409 412
409 413
409 414
409 416
409 417
410 412
410 413
410 414
410 415
410 416
410 417
410 419
410 420
410 421
410 422
410 423
411 416
412 419
413 415
413 420
414 419
414 420
416 419
416 420
417 419
417 420
417 422
417 841
418 801
418 996
419 421
421 712
423 685
423 764
423 772
423 773
423 865
423 866
423 965
423 966
424 427
424 428
424 429
424 430
424 431
424 436
424 439
424 441
424 445
424 448
424 449
424 450
424 452
424 453
424 457
424 460
424 465
424 466
424 468
424 469
424 474
424 475
427 472
427 475
428 664
428 686
429 473
429 475
430 778
431 457
431 461
436 437
436 475
437 958
438 441
439 475
439 684
440 450
441 465
443 474
443 958
445 682
446 683
446 768
448 468
448 682
449 456
449 686
450 469
451 681
451 683
452 471
452 739
452 778
453 462
453 464
453 475
454 457
454 681
455 475
456 686
456 778
457 475
458 466
458 468
459 474
459 678
459 686
460 475
460 684
460 888
462 680
463 475
463 686
464 469
464 675
464 721
465 466
466 686
468 474
468 924
468 953
469 471
469 472
469 686
470 475
471 474
471 475
472 675
472 676
473 678
473 679
474 475
474 721
474 778
474 924
474 949
475 646
475 675
475 678
475 679
475 680
475 681
475 682
475 683
475 684
475 685
475 686
487 493
487 495
490 565
495 847
497 569
497 581
499 614
503 513
504 513
506 514
506 612
508 836
509 517
511 784
514 609
515 913
516 610
517 776
518 609
518 610
520 521
520 522
520 523
521 524
522 526
522 527
522 528
523 526
523 528
523 529
523 530
523 531
523 532
523 533
523 534
523 535
524 713
525 556
526 535
526 728
527 528
527 535
527 552
527 584
528 535
528 557
528 730
529 530
529 531
529 532
529 534
532 535
533 555
533 657
534 556
534 584
535 552
535 556
536 537
537 574
550 728
557 730
558 559
558 560
558 561
559 562
560 561
560 562
560 563
560 564
560 565
561 562
561 563
563 564
567 568
569 583
569 809
569 894
571 574
571 693
572 942
572 969
573 581
574 705
575 578
575 582
575 848
576 697
576 806
576 808
577 654
578 900
578 990
579 896
579 900
580 897
581 582
581 583
581 694
581 812
581 894
581 897
581 898
581 990
582 643
583 655
583 809
587 597
593 653
597 601
597 653
599 650
603 604
604 606
606 945
607 620
607 624
607 640
607 641
607 648
607 660
611 690
611 691
611 715
611 716
614 775
614 776
615 618
617 632
618 648
619 624
620 621
620 624
621 622
621 638
622 626
622 633
622 638
622 641
623 637
623 646
623 654
623 660
624 625
624 637
624 641
624 644
624 648
624 867
624 868
625 649
626 646
629 644
629 647
630 635
631 753
632 648
635 648
638 959
639 718
640 644
643 646
643 649
643 660
644 647
647 867
649 867
650 652
650 653
654 655
655 656
656 850
656 900
662 908
664 668
665 668
667 668
676 924
677 680
677 958
679 975
682 778
683 684
683 999
685 771
685 862
685 865
685 866
686 701
687 688
687 689
688 690
690 714
691 904
692 693
694 696
695 697
696 847
696 848
697 698
700 990
701 997
713 716
713 717
713 968
714 717
714 718
714 719
714 720
715 906
716 720
716 901
716 903
716 905
716 906
717 906
718 904
719 905
720 786
721 972
761 762
761 763
762 763
763 764
764 768
764 772
764 908
764 964
764 966
765 964
771 865
772 862
772 864
773 970
775 972
782 784
794 795
794 796
794 797
796 799
796 800
796 801
796 802
799 803
799 948
800 802
800 950
801 953
801 996
802 964
802 996
802 997
804 953
804 996
809 969
810 938
813 894
820 821
821 823
821 824
823 824
823 827
824 827
825 907
826 919
827 828
829 831
831 834
831 835
834 835
834 913
835 913
848 900
849 939
850 936
850 992
853 857
857 858
864 866
864 965
866 931
868 891
868 893
874 879
875 884
879 983
884 974
884 989
894 969
896 897
898 940
900 934
900 938
901 902
902 903
902 904
904 968
907 908
908 915
908 974
917 918
917 919
919 920
919 921
919 922
920 922
920 937
928 993
929 993
933 994
934 935
934 936
936 938
938 969
939 940
946 960
966 970
973 974
