1 4
1 5
1 8
1 11
1 14
1 16
2 5
2 16
2 20
2 21
2 23
3 4
3 11
3 14
3 16
3 20
3 21
3 25
3 26
3 27
4 11
5 16
8 16
8 17
8 426
9 364
9 970
11 15
11 696
12 16
12 23
13 26
14 16
14 17
14 20
14 21
15 16
15 23
15 25
15 196
15 425
15 426
16 17
16 23
16 26
16 27
16 425
17 23
17 27
17 425
24 54
24 91
24 92
24 95
24 97
24 103
24 114
24 127
24 132
24 133
24 136
24 405
25 424
27 200
28 97
28 103
29 51
29 54
29 83
29 95
29 103
29 106
29 120
29 127
29 132
30 31
30 32
30 33
31 32
31 33
31 34
31 35
31 36
31 37
32 35
32 36
32 40
32 41
33 35
33 36
33 41
33 46
33 48
34 49
34 253
35 37
35 42
35 43
35 48
36 37
36 41
36 42
36 43
36 46
36 614
37 41
37 48
37 593
38 46
40 391
40 467
40 930
40 994
41 42
41 43
41 373
41 869
41 871
42 48
43 871
45 567
49 871
50 51
50 52
50 53
51 52
51 53
51 54
52 54
52 56
52 60
52 70
52 81
52 83
52 85
52 86
52 88
52 90
52 91
52 92
52 95
52 97
52 98
52 103
53 54
53 56
53 60
53 70
53 81
53 83
53 86
53 88
53 90
53 91
53 92
53 95
53 97
53 103
53 106
53 110
53 113
53 114
53 120
53 123
53 127
53 132
53 133
53 136
53 138
54 56
54 60
54 70
54 83
54 88
54 90
54 92
54 95
54 97
54 99
54 100
54 101
54 102
54 103
54 104
54 106
54 114
54 120
54 127
54 136
54 378
54 406
54 407
74 897
81 103
81 497
84 832
84 909
84 910
85 99
85 101
85 133
86 102
86 103
88 890
90 102
90 523
91 95
91 668
92 375
94 215
94 716
94 905
95 104
96 190
96 195
96 196
96 200
97 99
97 100
97 102
97 132
97 624
98 280
98 423
98 685
98 764
98 771
98 773
98 965
98 967
98 970
100 103
100 133
101 103
101 110
101 493
102 136
103 123
103 133
103 619
103 819
104 136
110 518
113 283
113 285
123 770
130 836
134 184
137 848
137 985
138 284
138 285
138 286
138 336
138 363
138 376
138 381
138 382
138 400
139 237
139 434
140 141
140 142
140 143
141 144
141 145
142 143
142 145
142 146
142 147
142 148
142 149
142 150
142 151
142 152
143 144
143 145
143 152
143 153
143 156
143 158
143 161
144 152
145 150
145 935
146 237
147 161
148 161
149 200
149 608
150 895
151 161
151 895
152 153
152 156
152 158
152 159
152 160
152 161
152 162
152 236
152 237
152 653
153 159
156 166
158 162
158 895
159 161
160 161
161 162
161 195
162 237
162 238
163 164
163 165
163 166
164 167
164 168
164 169
166 167
166 168
167 173
168 174
169 284
169 285
169 286
169 380
170 492
170 565
170 610
171 195
171 518
171 565
172 195
172 200
172 221
172 518
172 609
175 176
175 177
175 178
176 179
176 180
176 181
176 182
177 179
177 180
177 183
177 184
178 180
178 181
178 185
178 186
178 187
178 188
178 189
179 180
179 239
180 181
180 186
180 232
180 239
180 244
180 245
180 424
180 473
180 603
181 239
181 242
181 243
181 244
181 245
182 209
182 327
182 401
182 487
182 493
182 497
182 567
182 570
182 571
182 572
182 573
182 574
182 575
182 576
182 577
182 578
182 579
182 580
182 581
182 582
182 583
183 688
183 785
184 960
185 189
185 231
185 234
186 202
186 234
186 243
187 244
187 971
188 424
188 455
188 470
188 471
188 676
189 232
189 945
190 191
190 192
191 193
191 194
191 195
192 195
192 200
192 202
192 204
192 207
193 229
194 319
194 616
194 631
194 633
194 640
194 647
194 959
195 200
195 201
195 204
195 207
195 208
195 216
195 217
195 221
195 222
195 224
195 226
195 228
195 229
195 351
195 424
195 485
195 486
195 489
195 490
195 491
195 492
195 498
195 499
195 500
195 501
195 502
195 503
195 504
195 505
195 506
195 507
195 508
195 509
195 510
195 511
195 512
195 513
195 514
195 515
195 516
195 517
195 518
196 207
198 498
199 501
199 509
200 201
201 207
201 228
201 489
201 499
201 501
201 505
202 518
204 987
207 210
207 465
208 228
208 498
209 229
209 518
209 610
210 511
210 513
211 518
211 609
212 738
212 741
212 743
212 745
212 746
212 747
212 748
212 750
212 751
212 752
213 619
213 625
213 626
213 636
213 643
213 646
213 649
214 215
214 216
214 217
215 218
215 219
215 220
216 221
217 224
217 226
217 228
217 229
218 756
218 785
219 713
219 716
219 903
220 407
220 716
220 901
222 511
222 518
224 949
225 767
225 774
226 507
226 974
228 488
229 512
229 514
229 693
229 836
231 232
231 234
233 244
233 993
233 997
234 921
234 960
236 610
238 284
238 286
238 339
238 359
238 379
238 396
241 861
242 701
242 966
243 244
243 945
245 757
245 861
245 997
246 808
246 896
246 898
252 784
255 256
255 257
255 258
257 258
257 261
257 262
257 263
258 261
258 262
258 264
258 270
259 270
261 267
262 263
262 742
263 264
264 281
266 944
270 374
273 860
278 861
279 585
279 588
279 593
279 597
280 766
280 767
280 771
280 774
281 283
281 284
281 285
281 286
283 285
283 286
283 344
283 356
283 382
283 400
283 971
284 285
284 286
284 338
284 366
284 367
284 371
284 376
284 377
284 378
284 380
284 397
284 400
284 741
284 883
284 995
285 333
285 335
285 338
285 339
285 341
285 343
285 344
285 345
285 346
285 347
285 351
285 353
285 355
285 356
285 358
285 359
285 362
285 363
285 364
285 365
285 366
285 367
285 371
285 373
285 374
285 375
285 378
286 333
286 334
286 338
286 341
286 343
286 344
286 345
286 347
286 353
286 355
286 356
286 359
286 362
286 367
286 373
286 374
286 378
286 383
286 385
286 386
286 387
286 389
286 391
286 392
286 393
286 394
286 395
286 397
286 398
290 297
297 582
297 923
300 445
300 921
307 424
307 430
307 466
312 766
312 966
313 316
314 317
316 320
316 321
317 320
317 321
319 619
320 321
320 338
327 580
327 847
327 849
333 334
334 335
334 336
334 337
334 338
335 370
337 338
337 371
337 375
337 963
338 341
338 374
338 377
338 382
338 392
338 398
339 379
343 366
345 962
346 349
346 716
347 378
349 373
351 388
352 389
353 665
355 375
358 659
358 835
358 910
359 396
360 385
361 807
362 371
362 994
363 377
363 395
364 764
364 967
365 382
365 398
365 410
366 387
367 382
367 523
368 995
369 386
369 490
371 383
373 374
374 381
375 376
375 963
377 378
377 878
378 379
378 380
378 382
378 386
378 394
379 383
379 397
379 611
380 393
380 995
381 394
381 397
382 395
382 398
382 743
385 674
387 408
389 398
391 932
392 869
393 795
394 581
395 687
397 967
398 518
400 963
401 570
401 582
401 812
401 848
405 418
405 795
405 797
405 801
405 802
405 803
405 950
405 951
405 952
405 953
406 706
406 710
407 691
407 716
407 968
418 801
418 802
423 774
423 863
423 865
423 866
423 965
423 966
423 967
424 427
424 428
424 429
424 430
424 431
424 432
424 433
424 434
424 435
424 436
424 437
424 438
424 439
424 440
424 441
424 442
424 443
424 444
424 445
424 446
424 447
424 448
424 449
424 450
424 451
424 452
424 453
424 454
424 455
424 456
424 457
424 458
424 459
424 460
424 461
424 462
424 463
424 464
424 465
424 466
424 467
424 468
424 469
424 470
424 471
424 472
424 473
424 474
424 475
426 522
427 472
428 664
428 686
429 473
429 475
430 778
431 457
431 461
432 435
432 962
433 454
434 522
435 463
436 437
436 475
438 441
439 475
439 684
440 450
440 470
441 465
442 458
442 924
443 474
443 958
444 975
444 986
445 682
446 683
446 768
447 472
448 468
448 682
449 456
450 469
451 681
451 683
452 471
453 462
453 464
454 457
454 681
455 461
455 475
456 686
456 778
458 466
459 474
459 678
459 686
460 475
460 684
460 888
461 470
462 473
462 677
462 680
463 500
464 469
464 675
464 721
465 466
466 686
467 925
467 929
467 931
467 956
469 471
469 472
470 475
470 677
470 962
471 474
471 475
471 684
472 473
472 675
472 676
472 677
473 678
474 721
475 646
475 678
475 680
485 486
485 487
486 489
486 490
486 491
486 492
487 493
488 518
490 565
491 776
491 972
492 516
494 811
495 847
497 750
497 808
497 848
497 985
499 614
500 519
502 699
502 846
503 513
504 513
505 508
506 514
506 612
508 836
509 517
510 691
510 987
511 784
514 609
515 659
515 752
515 832
515 833
515 913
516 518
516 610
518 608
518 609
518 610
537 574
537 940
547 833
560 565
566 875
566 883
567 568
568 570
571 574
571 693
572 942
572 969
573 581
573 583
574 705
575 582
575 848
576 697
576 806
576 808
577 658
577 659
578 582
579 580
579 582
579 896
580 583
580 698
580 776
580 807
580 849
580 897
580 935
580 986
581 582
581 812
581 897
581 898
582 583
582 643
582 812
582 940
582 941
582 985
582 992
583 705
583 811
583 812
585 586
585 587
586 587
586 588
586 589
586 590
586 591
586 592
586 593
587 591
587 593
587 597
587 600
587 602
588 642
589 595
589 645
590 822
590 983
591 598
592 598
592 601
592 602
593 598
593 600
593 653
597 601
597 653
598 600
599 650
602 652
603 604
603 605
606 945
607 660
608 612
611 690
611 691
611 715
611 716
613 670
613 674
619 624
622 626
623 636
623 646
623 649
623 660
624 625
624 867
625 649
626 646
636 649
643 646
643 649
643 660
647 867
649 867
650 652
650 653
655 656
656 812
656 850
656 900
658 705
658 813
659 835
659 911
663 664
663 665
663 666
664 667
664 668
665 666
665 668
665 669
665 670
665 671
665 672
665 673
666 667
666 673
666 674
667 668
669 670
671 673
672 890
673 674
673 881
676 924
677 680
684 962
685 771
685 865
685 866
688 690
690 714
692 693
694 696
695 698
696 847
696 848
697 698
700 849
700 992
701 997
705 811
705 941
713 716
713 968
714 720
715 906
716 720
716 901
716 903
716 905
716 906
717 906
719 905
720 786
721 972
732 736
732 738
733 740
733 741
733 742
735 741
736 818
736 819
737 740
737 742
737 819
738 742
738 745
738 746
738 814
738 818
740 819
742 743
742 748
742 751
742 814
742 815
742 816
742 817
742 818
742 819
745 749
746 817
747 817
747 819
748 753
750 816
751 829
752 835
752 909
754 755
754 756
754 757
755 757
755 758
756 759
757 758
757 760
758 759
758 760
759 760
759 860
764 964
764 966
765 964
766 967
767 970
769 863
770 944
771 864
771 865
773 970
774 944
774 967
782 784
794 795
794 796
794 797
795 797
795 798
796 800
796 801
796 802
797 802
797 803
798 802
799 803
800 802
800 950
801 953
801 996
802 951
802 964
802 996
802 997
805 952
806 807
811 848
815 816
816 818
817 819
818 819
830 832
830 833
834 913
835 909
835 911
835 913
848 900
849 939
850 992
860 980
863 970
864 866
864 965
866 931
872 873
872 874
872 875
873 875
873 876
873 878
874 875
874 876
874 880
874 883
875 876
875 877
875 880
875 881
875 883
875 884
875 885
875 886
875 887
875 888
875 889
877 885
877 887
878 883
878 888
878 889
880 889
881 883
882 885
882 886
884 974
884 989
886 889
887 889
890 891
896 897
898 940
901 902
904 968
910 912
911 912
919 921
925 929
925 931
926 955
928 993
929 933
929 993
930 931
931 933
931 955
939 940
940 941
947 971
951 952
955 956
966 970
978 982
981 982
982 992
