0 1
0 2
0 3
1 3
1 4
1 7
1 9
1 10
1 14
2 3
2 10
2 22
2 24
3 4
3 7
3 10
3 11
3 13
3 14
3 15
3 16
3 17
3 20
3 21
3 22
3 25
3 26
3 27
3 28
3 29
4 11
7 19
9 364
9 423
9 970
10 53
10 536
13 26
14 16
14 17
14 20
14 21
15 25
15 196
16 26
16 27
17 27
19 536
22 946
24 29
24 52
24 53
24 54
24 55
24 57
24 58
24 63
24 64
24 66
24 69
24 73
24 80
24 87
24 91
24 92
24 93
24 95
24 97
24 100
24 102
24 103
24 104
24 112
24 114
24 119
24 127
24 128
24 129
24 131
24 132
24 133
24 134
24 136
24 309
24 402
24 403
24 404
24 405
25 424
27 200
28 29
28 99
29 33
29 51
29 52
29 53
29 54
29 72
29 75
29 76
29 77
29 78
29 79
29 80
29 82
29 83
29 95
29 99
29 100
29 101
29 102
29 103
29 105
29 106
29 108
29 111
29 112
29 115
29 117
29 120
29 127
29 129
29 131
29 132
29 134
29 309
29 310
29 311
29 312
30 31
30 32
30 33
31 33
31 34
32 33
32 42
33 35
33 36
33 37
33 41
33 42
33 43
33 44
33 45
33 46
33 47
33 48
33 49
34 49
34 253
35 42
36 42
36 46
36 614
37 42
37 44
37 47
37 49
38 46
40 391
40 930
40 994
41 42
41 373
41 871
42 43
42 48
42 388
42 870
43 44
43 870
43 871
45 567
45 569
47 828
49 871
50 51
50 52
50 53
51 52
51 53
51 54
52 55
52 57
52 58
52 62
52 63
52 64
52 66
52 69
52 72
52 73
52 75
52 76
52 77
52 78
52 79
52 82
52 83
52 87
52 89
52 90
52 91
52 92
52 94
52 99
52 101
53 55
53 57
53 58
53 62
53 63
53 64
53 66
53 69
53 72
53 73
53 75
53 76
53 77
53 78
53 79
53 82
53 83
53 87
53 89
53 90
53 91
53 92
53 99
53 101
53 105
53 106
53 110
53 111
53 113
53 114
53 115
53 119
53 120
53 123
53 125
53 128
53 133
53 136
54 83
54 90
54 92
54 99
54 101
54 106
54 114
54 120
54 136
54 407
62 99
65 402
67 775
79 100
82 117
85 99
85 101
85 133
87 350
88 890
89 101
89 135
90 102
90 523
91 95
91 668
92 375
93 105
94 215
94 691
94 716
94 904
94 905
96 190
96 196
96 198
97 99
98 423
98 965
99 104
99 125
99 135
99 834
100 101
100 133
100 782
101 103
101 108
101 110
101 493
101 666
102 111
102 136
103 123
103 133
104 136
104 310
109 128
109 310
110 518
113 283
113 285
115 188
119 122
123 770
125 211
126 205
128 893
130 836
131 541
135 891
137 899
137 985
138 336
138 376
138 382
138 400
139 237
139 523
139 525
139 526
139 527
139 528
139 530
139 531
139 532
139 533
139 534
139 551
139 552
139 555
139 556
139 728
139 730
142 146
142 149
146 162
146 237
146 376
149 165
149 200
149 514
149 608
152 237
157 322
157 329
162 237
162 238
163 164
163 165
164 167
164 168
164 169
165 170
165 171
165 172
166 167
166 168
167 173
168 174
169 284
169 285
169 286
169 380
170 492
170 565
171 209
171 516
171 565
172 192
172 195
172 200
172 208
172 210
172 211
172 217
172 221
172 222
172 516
172 518
172 609
172 612
172 613
172 614
181 242
182 209
182 327
182 493
182 575
182 579
182 582
186 202
187 971
188 455
188 470
188 475
188 676
188 682
190 191
190 192
191 193
192 195
192 200
192 201
192 202
192 203
192 204
192 205
192 206
192 207
192 208
192 209
192 210
192 211
192 212
192 213
193 211
193 229
195 204
195 207
195 221
195 229
195 485
195 486
195 489
195 490
195 491
195 492
195 498
195 499
195 500
195 502
195 510
195 516
196 207
198 209
198 498
198 519
201 207
201 209
201 489
201 499
202 518
203 210
203 216
204 987
205 223
206 211
206 512
207 210
207 465
208 498
209 222
209 229
209 518
209 610
209 776
211 609
211 949
212 311
212 743
212 749
213 625
213 626
213 636
213 643
213 646
213 649
214 215
214 216
214 217
215 218
215 219
215 220
216 221
217 225
217 229
218 756
218 785
219 713
219 716
219 903
220 407
220 689
220 715
222 870
224 949
225 767
225 774
228 488
229 512
229 514
229 693
229 836
233 993
238 284
238 286
238 339
238 359
238 379
238 396
240 914
242 701
242 966
246 896
247 249
248 249
249 250
249 252
252 403
252 780
252 782
252 783
252 784
258 264
258 265
258 270
258 276
259 270
263 264
264 281
265 282
265 527
270 374
276 699
276 724
276 924
280 312
280 423
280 765
280 766
280 770
280 772
280 774
281 283
281 284
281 285
281 286
283 285
283 286
283 344
283 356
283 382
283 400
283 971
284 338
284 367
284 376
284 380
284 397
284 400
284 883
284 995
285 335
285 336
285 338
285 341
285 344
285 345
285 349
285 353
285 354
285 355
285 356
285 357
285 359
285 360
285 364
285 365
285 367
285 370
285 373
285 374
285 375
285 376
285 379
285 380
285 382
286 338
286 341
286 344
286 345
286 353
286 354
286 355
286 356
286 357
286 359
286 360
286 367
286 373
286 374
286 379
286 380
286 382
286 383
286 384
286 385
286 388
286 391
286 392
286 393
286 395
286 397
286 400
287 288
287 289
287 290
288 291
288 292
288 293
289 293
289 294
290 292
290 297
290 301
291 826
292 301
292 922
292 984
293 299
293 300
293 542
293 917
293 919
293 923
294 301
294 937
296 918
297 582
297 923
298 825
299 999
300 445
301 404
301 918
301 923
307 465
307 466
307 681
307 779
311 749
311 818
312 766
312 773
312 966
314 317
316 320
317 320
317 321
320 321
320 338
322 323
322 324
323 325
323 326
323 327
326 329
326 908
326 914
326 915
327 579
327 580
327 847
327 849
327 850
329 989
331 915
332 914
334 335
334 336
334 338
335 370
336 381
336 382
337 338
337 375
338 341
338 374
338 377
338 382
338 392
338 398
339 379
345 962
346 349
349 373
351 388
353 665
354 376
355 375
357 380
359 396
360 379
360 385
362 994
363 395
364 764
364 967
365 382
365 398
365 410
367 382
367 523
368 475
368 995
369 490
370 379
370 381
370 382
371 383
373 374
374 381
375 376
375 963
376 382
377 380
377 400
377 878
378 379
378 380
378 382
379 383
379 384
379 397
379 611
380 382
380 393
380 579
380 995
381 397
382 395
382 398
382 743
384 396
385 674
387 408
391 932
392 869
393 795
395 687
397 967
399 523
399 526
399 528
400 963
401 582
401 812
401 900
401 939
402 598
403 781
403 783
404 826
404 919
404 922
405 418
405 795
405 797
405 801
405 802
405 803
405 950
405 951
405 952
405 953
407 691
407 716
407 968
408 409
408 410
409 410
409 411
409 412
409 413
409 414
409 415
409 416
409 417
409 418
409 419
409 420
410 412
410 413
410 414
410 416
410 417
410 422
410 423
411 416
412 419
413 415
413 420
414 419
414 420
416 419
416 420
417 419
417 420
417 422
417 841
418 798
418 801
418 802
418 805
418 996
420 422
423 685
423 764
423 765
423 770
423 772
423 773
423 774
423 863
423 865
423 866
423 965
423 966
423 967
424 427
424 429
424 431
424 435
424 436
424 439
424 440
424 441
424 442
424 443
424 445
424 446
424 448
424 453
424 455
424 457
424 460
424 463
424 465
424 466
424 470
424 474
424 475
427 472
427 475
429 473
429 475
431 457
431 461
432 435
432 962
435 463
436 437
436 475
438 441
439 475
439 684
440 450
440 470
441 465
442 458
442 924
443 474
443 958
445 682
446 683
446 768
448 468
448 682
451 681
451 683
453 462
453 464
453 475
454 457
454 681
455 461
455 475
457 475
458 466
459 474
459 678
460 475
460 684
460 888
461 470
462 680
463 475
463 500
463 686
464 675
464 721
465 466
466 686
467 929
467 931
468 474
468 924
468 953
470 475
470 677
470 962
471 474
471 475
472 675
472 676
473 678
473 679
474 475
474 721
474 778
474 924
474 949
475 646
475 675
475 678
475 679
475 680
475 681
475 682
475 683
475 684
475 685
475 686
485 486
485 487
486 488
486 489
486 490
486 491
486 492
487 493
488 518
490 565
491 776
491 972
492 516
495 847
496 899
497 985
499 614
500 519
502 699
502 846
506 612
508 836
510 691
510 987
514 609
515 913
516 518
516 610
518 609
520 521
520 522
520 523
521 524
522 525
522 526
522 527
522 528
523 526
523 528
523 529
523 530
523 531
523 532
523 533
523 534
523 535
524 691
524 713
525 551
525 556
526 535
526 728
527 528
527 535
527 552
527 584
528 535
528 557
528 730
529 530
529 531
529 532
529 534
532 535
533 555
533 657
534 556
534 584
535 538
535 551
535 552
535 555
535 556
536 537
538 539
538 540
539 541
539 542
540 542
540 543
540 544
540 545
540 546
540 547
540 548
540 549
541 542
541 544
542 543
542 547
542 548
542 549
542 991
545 549
545 991
546 723
546 724
550 728
555 584
557 730
560 565
561 566
566 875
566 883
571 693
575 578
575 582
575 848
577 657
578 579
578 582
578 900
579 580
579 582
579 896
579 899
579 900
580 849
581 582
581 812
582 583
582 643
582 812
582 940
582 941
582 985
582 992
583 657
583 812
590 822
607 660
608 612
611 690
611 691
611 715
611 716
613 666
613 670
613 672
613 674
614 775
614 776
622 626
623 636
623 646
623 649
623 660
624 625
624 867
625 649
626 646
636 649
643 646
643 649
643 660
647 867
649 867
656 812
656 900
663 665
663 666
664 667
665 666
665 668
665 669
665 670
665 671
665 672
665 673
666 667
666 669
666 671
666 672
666 673
666 674
667 668
672 890
673 881
676 924
677 680
679 975
682 778
683 684
683 999
684 962
685 862
685 865
685 866
687 689
688 690
689 691
690 714
691 786
691 904
692 693
696 847
699 846
700 849
700 992
705 941
713 968
715 906
716 903
716 905
719 905
720 786
721 972
727 846
742 743
745 749
764 772
764 966
765 964
766 967
769 862
769 863
770 944
771 865
772 862
772 864
774 944
774 967
775 972
779 924
779 925
780 781
780 782
781 783
782 783
782 784
785 786
794 795
794 796
794 797
795 797
795 798
797 802
797 803
797 804
797 805
798 802
798 843
800 950
801 953
801 996
802 951
802 996
804 953
804 996
810 938
820 821
820 822
820 823
822 825
822 826
825 907
826 919
829 831
831 834
831 835
834 835
834 913
835 913
837 838
838 840
838 841
839 842
840 842
840 844
840 845
841 844
841 845
842 843
842 845
843 844
844 957
845 957
846 932
848 900
849 939
850 992
863 970
864 866
864 965
866 931
868 891
868 893
872 873
872 874
872 875
873 875
873 876
873 877
873 878
874 876
874 881
874 883
875 876
875 877
875 881
875 883
875 885
875 887
875 888
877 882
877 885
877 887
878 883
878 888
878 889
881 883
882 885
882 950
887 889
888 889
890 891
891 892
891 893
892 893
896 897
900 934
900 938
902 903
904 968
908 915
917 918
922 999
925 927
925 929
925 930
925 931
925 932
925 933
926 954
926 955
927 928
927 933
928 932
928 993
929 933
929 993
930 931
930 954
930 956
931 933
931 955
932 933
932 956
933 956
933 994
934 935
934 936
936 938
938 969
939 940
940 941
947 971
951 952
954 956
955 956
966 970
982 992
983 984
984 988
