0 2
0 3
1 2
1 3
1 5
1 6
1 7
1 11
1 14
2 3
2 5
2 6
2 10
2 12
2 13
2 15
2 16
2 17
2 18
2 19
2 20
2 21
2 22
2 23
2 24
3 4
3 7
3 10
3 11
3 13
3 14
3 15
3 16
3 17
3 20
3 21
3 22
3 25
3 26
3 27
3 28
3 29
4 11
5 16
6 15
7 19
9 364
10 536
11 15
11 696
12 23
13 26
14 16
14 17
14 20
14 21
15 23
15 25
16 23
16 26
16 27
17 23
17 27
18 141
18 235
19 536
22 946
24 29
24 52
24 53
24 54
24 55
24 57
24 58
24 63
24 64
24 66
24 69
24 73
24 80
24 87
24 91
24 92
24 93
24 95
24 97
24 100
24 102
24 103
24 104
24 112
24 114
24 119
24 127
24 128
24 129
24 131
24 132
24 133
24 134
24 136
24 309
24 402
24 403
24 404
24 405
25 424
27 200
28 29
28 52
28 53
28 97
28 99
28 103
29 79
29 80
29 99
29 100
29 112
29 127
29 129
29 131
29 132
29 134
29 309
31 36
31 37
32 36
32 37
32 38
32 39
33 36
33 37
33 44
33 47
33 48
33 49
34 49
35 37
35 48
36 37
36 41
36 42
36 43
36 46
36 614
37 38
37 41
37 42
37 43
37 44
37 47
37 48
37 49
37 285
37 593
38 46
39 189
39 998
41 373
42 48
42 870
43 44
43 870
45 567
47 828
49 871
52 55
52 57
52 58
52 59
52 62
52 63
52 64
52 66
52 68
52 69
52 73
52 79
52 80
52 85
52 89
52 90
52 91
52 92
52 96
52 99
52 100
53 55
53 57
53 58
53 62
53 63
53 64
53 66
53 68
53 69
53 73
53 79
53 80
53 89
53 90
53 91
53 92
53 99
53 100
53 112
53 114
53 118
53 119
53 121
53 125
53 127
53 128
53 129
53 131
53 132
53 134
53 135
53 136
54 90
54 92
54 99
54 100
54 114
54 127
54 136
59 213
59 319
62 99
65 402
68 134
79 100
85 99
85 101
85 133
87 350
88 890
89 101
89 135
90 102
90 523
91 95
91 668
92 375
93 309
96 171
96 190
96 195
96 196
96 197
96 198
96 199
96 200
96 201
97 99
97 100
97 132
99 104
99 125
99 135
99 834
100 101
100 103
100 118
100 133
100 782
101 493
102 136
103 619
104 118
104 136
109 128
113 283
113 285
119 122
121 135
121 702
125 211
128 893
129 139
130 836
131 541
134 184
135 891
137 583
137 810
137 848
138 285
138 336
138 363
138 400
139 399
139 523
139 530
139 531
139 535
139 550
139 551
139 552
139 553
139 554
139 555
139 556
139 557
140 141
140 142
140 143
141 145
142 143
142 145
142 146
142 147
142 148
142 149
142 150
142 151
142 152
143 145
143 147
143 148
143 151
143 154
145 150
145 935
146 162
146 237
146 376
147 150
147 161
148 154
148 161
148 544
149 165
149 200
149 514
149 608
150 895
151 161
151 162
151 607
151 895
152 236
152 653
154 162
158 895
162 230
162 236
163 164
163 165
163 166
165 170
165 171
165 172
169 285
169 380
170 201
170 492
170 565
170 610
170 776
171 195
171 209
171 210
171 211
171 216
171 285
171 516
171 517
171 518
171 565
172 222
172 516
172 609
172 613
175 176
175 177
175 178
176 179
176 180
176 181
176 182
177 184
178 181
178 185
178 186
178 189
179 189
179 239
180 181
180 186
180 232
180 239
180 244
180 245
181 186
181 189
181 230
181 231
181 239
181 240
181 241
181 242
181 243
181 244
181 245
181 246
182 209
182 327
182 401
182 487
182 493
182 497
182 567
182 570
182 571
182 572
182 573
182 574
182 575
182 576
182 577
182 578
182 579
182 580
182 581
182 582
182 583
184 960
185 189
185 231
185 234
186 202
186 234
186 243
187 189
187 244
187 701
187 971
188 471
188 676
188 684
188 958
189 231
189 232
189 381
189 945
189 946
189 947
190 191
190 192
191 193
191 194
192 201
192 202
192 207
193 211
193 229
194 319
194 616
194 631
194 633
194 640
194 647
194 959
195 201
195 207
195 222
195 228
195 229
195 351
195 489
195 491
195 492
195 499
195 500
195 501
195 505
195 506
195 511
195 512
195 514
195 516
196 207
197 512
197 776
198 209
198 498
198 519
199 501
199 776
200 201
201 207
201 208
201 209
201 211
201 222
201 227
201 228
201 254
201 489
201 499
201 501
201 505
201 776
201 777
202 518
206 512
207 210
207 465
208 228
209 222
209 229
209 610
209 776
210 227
210 511
210 620
211 609
211 777
212 739
213 315
213 319
213 583
213 617
213 619
213 623
213 625
213 628
213 629
213 630
213 631
213 637
213 638
213 640
213 641
213 646
213 647
213 649
216 222
217 227
217 228
217 229
222 511
222 518
222 870
227 517
228 488
229 512
229 514
229 693
229 836
230 231
231 232
231 233
233 244
233 286
233 993
233 997
234 921
236 610
238 339
238 359
238 396
240 662
240 914
241 861
241 998
242 701
243 244
243 945
245 757
245 861
245 997
246 808
246 813
246 896
246 898
250 254
251 254
252 403
252 780
252 782
279 585
279 588
279 593
279 597
281 283
281 285
283 285
283 286
283 344
283 356
283 382
283 400
283 971
284 285
284 367
284 371
284 380
284 400
285 286
285 319
285 333
285 335
285 336
285 338
285 339
285 340
285 341
285 342
285 343
285 344
285 345
285 346
285 347
285 348
285 349
285 350
285 351
285 352
285 353
285 354
285 355
285 356
285 357
285 358
285 359
285 360
285 361
285 362
285 363
285 364
285 365
285 366
285 367
285 368
285 369
285 370
285 371
285 372
285 373
285 374
285 375
285 376
285 377
285 378
285 379
285 380
285 381
285 382
286 290
286 333
286 340
286 341
286 343
286 347
286 348
286 352
286 353
286 354
286 359
286 360
286 361
286 367
286 368
286 369
286 373
286 380
286 383
286 384
286 386
286 393
286 395
286 396
286 399
286 400
287 288
287 289
287 290
288 293
289 293
289 294
290 291
290 292
290 296
290 297
290 298
290 299
290 300
290 301
291 826
292 301
293 299
293 300
293 542
293 917
293 919
293 923
294 301
294 937
296 918
297 582
297 923
298 411
298 825
299 999
300 445
300 879
300 921
301 404
301 918
301 923
307 465
307 466
313 315
315 319
319 583
319 607
319 615
319 616
319 617
319 618
319 619
319 620
319 621
319 622
319 623
319 624
322 323
323 325
323 326
323 327
327 579
327 580
327 847
327 849
327 850
329 989
333 334
334 336
335 370
336 381
336 382
337 368
337 371
337 375
338 341
339 379
340 710
342 361
343 366
345 962
346 349
346 716
347 378
348 377
349 373
350 381
351 388
352 389
353 665
354 376
355 375
357 380
358 659
358 835
358 910
359 396
360 379
360 385
361 807
362 371
363 377
363 395
364 764
364 967
365 382
365 398
365 410
367 382
367 523
368 475
368 995
369 381
369 386
369 490
370 379
370 381
370 382
371 383
372 787
372 789
372 790
372 791
373 374
375 376
375 963
377 380
377 400
378 380
378 386
379 383
379 384
380 382
380 393
380 579
380 995
382 395
384 396
385 674
393 795
395 687
399 523
399 526
399 528
399 729
400 963
401 570
401 577
401 583
401 655
401 812
401 848
401 900
402 598
403 781
403 783
404 826
404 919
404 922
405 418
405 795
405 797
405 801
405 802
405 803
405 950
405 951
405 952
405 953
418 798
418 801
418 802
424 427
424 428
424 435
424 439
424 441
424 445
424 446
424 447
424 449
424 450
424 451
424 452
424 453
424 458
424 459
424 460
424 462
424 463
424 465
424 466
424 469
424 471
424 472
427 472
427 475
428 664
428 686
432 435
432 962
435 463
437 958
438 441
439 475
439 684
440 450
441 465
442 458
443 958
445 682
446 683
446 768
447 472
447 473
449 456
449 686
450 469
451 681
451 683
452 471
452 739
452 778
453 462
453 464
453 475
456 686
458 466
458 468
459 474
459 678
459 686
460 475
460 684
460 888
462 473
462 677
462 680
463 475
463 500
463 686
464 469
464 675
465 466
466 686
469 471
469 472
469 686
470 677
470 962
471 474
471 475
471 684
472 473
472 675
472 676
472 677
473 678
475 646
475 675
475 678
475 683
475 684
475 686
486 488
486 489
486 491
486 492
487 493
488 518
490 565
491 776
491 972
492 516
495 847
497 577
497 583
497 700
497 808
497 848
499 614
500 519
505 508
506 514
506 612
507 777
508 836
511 784
514 609
515 913
516 518
516 610
517 776
518 608
518 609
518 610
520 521
520 522
520 523
523 526
523 528
523 529
523 530
523 531
523 532
523 533
523 534
523 535
525 551
525 556
526 535
527 535
527 552
528 535
528 557
529 530
529 531
529 535
529 554
532 535
533 555
534 556
535 538
535 550
535 551
535 552
535 553
535 554
535 555
535 556
535 557
536 537
537 574
537 694
537 700
537 940
538 539
539 541
539 542
540 542
540 544
540 545
540 547
540 549
541 542
541 544
542 543
542 547
542 548
542 549
542 991
543 549
545 549
545 991
547 833
547 991
548 549
549 991
550 728
553 729
555 584
557 730
558 559
558 560
558 561
559 562
560 561
560 562
560 563
560 564
560 565
561 562
561 563
561 566
563 564
566 875
566 883
567 568
568 570
569 583
569 809
571 574
571 693
572 942
572 969
573 583
574 705
575 578
575 848
576 806
576 808
577 654
577 657
577 658
577 659
578 579
578 582
578 813
578 900
578 989
578 990
579 896
579 900
580 583
580 776
581 583
581 694
581 812
581 898
582 583
582 812
582 941
582 992
583 655
583 657
583 695
583 700
583 705
583 806
583 809
583 810
583 811
583 812
583 813
585 586
585 587
586 587
586 588
586 589
586 590
586 591
586 592
586 593
587 591
587 593
587 597
587 600
588 642
589 595
589 645
590 822
590 983
591 598
592 598
592 601
592 602
593 598
593 600
593 653
597 601
597 653
598 600
599 650
606 945
607 620
607 640
607 641
607 660
608 612
613 666
613 670
613 672
613 674
614 776
615 618
615 943
617 632
619 624
620 621
620 624
621 622
621 638
622 626
622 633
622 638
622 641
622 642
622 645
623 628
623 636
623 637
623 642
623 645
623 646
623 649
623 654
623 660
624 625
624 637
624 641
624 868
625 649
626 646
627 628
629 644
629 647
630 635
630 647
631 753
636 649
638 959
640 644
643 646
643 649
643 660
644 647
647 867
649 867
650 652
650 653
654 655
655 656
656 812
656 900
658 705
664 667
664 668
665 668
665 670
665 671
665 673
666 667
666 671
666 673
666 674
667 668
669 670
671 673
672 890
673 674
673 881
676 924
677 680
677 958
683 684
683 999
684 962
686 701
692 693
692 694
692 695
694 696
695 700
696 847
696 848
700 849
700 942
700 990
700 992
701 997
705 811
705 941
733 739
754 755
754 756
754 757
755 757
755 758
756 759
757 758
757 760
758 759
758 760
759 760
759 860
764 964
765 964
780 781
780 782
782 783
782 784
787 788
788 789
788 790
789 790
789 792
789 793
790 791
790 792
790 793
790 916
792 916
793 916
795 798
796 801
796 802
797 802
797 803
798 802
798 843
799 803
800 802
800 950
801 953
801 996
802 951
802 964
802 996
802 997
805 952
806 807
809 969
810 938
811 848
822 826
826 919
829 831
831 834
831 835
834 835
834 913
835 913
848 900
850 992
868 891
868 893
872 873
872 874
872 875
873 875
873 876
873 877
874 875
874 876
874 879
874 880
874 881
875 876
875 877
875 880
875 881
875 883
875 884
875 885
875 886
875 887
875 888
875 889
877 882
877 885
877 887
878 888
879 983
880 889
881 883
882 886
882 950
884 989
886 889
888 889
890 891
891 892
891 893
892 893
896 897
898 940
900 934
900 938
917 918
919 921
922 999
928 993
929 993
934 935
934 936
940 941
946 960
947 971
951 952
978 982
981 982
982 992
