16 1578
22 479
58 1902
62 479
72 953
86 1578
95 953
109 954
127 479
157 479
182 954
255 954
307 1252
344 954
368 479
368 954
379 1578
397 1902
437 1902
444 479
467 479
478 1558
479 557
479 653
479 746
479 820
479 954
479 1089
479 1180
479 1239
479 1606
479 1756
479 1785
505 1558
508 954
534 1578
543 1558
566 1252
648 1252
688 1902
690 1558
721 1558
762 1578
767 1578
796 953
823 953
852 954
853 953
953 954
953 955
953 956
953 957
953 958
953 959
954 986
954 1038
954 1249
954 1252
954 1419
954 1425
954 1504
954 1520
954 1558
954 1578
954 1604
954 1691
954 1902
954 1946
972 1902
1047 1578
1071 1252
1093 1558
1109 1252
1214 1252
1244 1902
1252 1253
1252 1254
1313 1558
1337 1902
1547 1578
1558 1729
1577 1578
1660 1902
1809 1902
1810 1902
1902 1985
