14 398
78 79
78 80
78 81
78 82
78 83
78 84
78 85
78 86
83 393
83 398
83 535
83 567
83 635
83 658
83 1028
83 1085
83 1127
83 1160
83 1186
83 1486
83 1564
83 1857
83 1882
83 1897
83 1971
129 1160
165 1028
198 1028
230 1028
273 398
326 1028
367 1160
392 398
398 543
398 656
398 951
398 1057
398 1223
398 1296
398 1363
398 1398
398 1588
408 1160
440 1127
457 658
476 1127
527 1028
551 1028
562 658
562 1160
634 1028
653 658
658 921
658 1018
658 1691
784 1160
880 1127
912 1127
1022 1160
1027 1028
1028 1035
1028 1056
1028 1083
1028 1498
1028 1500
1127 1176
1127 1322
1127 1494
1160 1161
1160 1162
1160 1163
1160 1164
