7 1457
15 34
30 34
34 992
34 1104
34 1819
34 1928
45 1104
51 326
56 1457
62 326
104 326
111 1104
126 1747
183 326
184 770
214 1104
244 1747
253 1104
326 497
326 662
326 770
326 832
326 1028
326 1437
326 1496
326 1500
326 1616
326 1749
326 1967
364 770
408 1747
427 1104
445 1103
511 1104
515 1103
529 770
764 770
770 1056
770 1104
770 1181
770 1264
770 1370
770 1457
770 1677
770 1808
770 1859
770 1862
805 1808
828 1104
894 1457
983 1747
989 1103
993 1808
1037 1747
1048 1808
1075 1103
1080 1457
1086 1808
1099 1457
1103 1104
1103 1105
1103 1106
1103 1107
1104 1167
1104 1273
1104 1577
1104 1747
1104 1906
1104 1935
1175 1457
1212 1747
1307 1457
1457 1741
1487 1808
1545 1747
1702 1747
1747 1878
1747 1922
1808 1820
