132 561
307 561
314 317
317 375
317 453
317 516
317 543
317 883
317 1396
317 1511
317 1625
317 1733
317 1768
322 1577
337 561
344 1577
462 1577
547 561
560 561
561 686
561 794
561 979
561 982
561 984
561 991
561 1060
561 1148
561 1226
561 1227
561 1228
561 1229
561 1230
561 1231
637 1733
641 1228
747 1228
795 1789
807 1228
817 1228
817 1577
868 1733
899 1789
911 1577
950 1577
1104 1577
1136 1733
1219 1733
1226 1733
1228 1384
1228 1450
1228 1577
1228 1694
1228 1733
1228 1759
1228 1788
1228 1789
1255 1789
1577 1578
1577 1579
1577 1580
1591 1733
1656 1733
1729 1789
1733 1746
1733 1760
1733 1945
1789 1822
1789 1834
