1 1176
2 1661
3 625
5 789
5 1423
6 1545
9 665
11 789
12 541
12 1690
13 160
14 1817
16 199
18 28
19 730
21 501
22 699
23 501
25 961
26 1825
28 146
28 357
28 418
28 689
28 755
28 868
28 1053
28 1794
28 1979
32 1288
32 1460
35 38
38 384
38 619
38 679
38 865
38 1020
39 790
45 1700
56 1849
57 161
58 1902
63 537
64 1698
65 458
66 153
67 268
67 730
72 1705
73 1785
75 1524
77 1559
77 1806
80 1861
82 1661
83 535
83 1127
86 1049
88 1222
89 623
89 991
89 1146
90 154
91 313
93 1000
93 1003
94 624
99 464
99 1576
100 101
101 313
101 609
101 810
101 1094
101 1109
101 1139
101 1521
101 1625
101 1634
101 1846
102 571
105 1543
107 450
110 498
110 1026
111 1722
112 113
112 114
112 115
112 116
112 117
112 118
112 119
112 120
112 121
112 122
112 123
112 124
114 565
115 117
115 298
115 300
115 571
115 675
115 790
115 991
115 1061
115 1377
115 1438
115 1439
116 270
116 1003
116 1524
119 377
119 1915
119 1920
120 833
121 168
122 1700
123 1559
124 1915
126 1747
129 1288
130 925
130 1403
131 813
133 161
133 163
133 168
135 139
135 140
137 1925
139 193
139 656
139 696
139 1166
139 1214
139 1262
139 1610
139 1997
140 222
140 445
140 667
140 746
140 791
140 971
140 1278
140 1460
140 1661
140 1862
142 1576
145 161
145 730
147 1409
148 1817
149 153
149 154
149 160
153 168
153 412
153 763
153 845
153 975
153 1540
153 1636
154 212
154 733
154 1176
154 1246
154 1429
154 1533
156 1543
160 313
160 416
160 491
160 541
160 623
160 874
160 878
160 885
160 1288
160 1312
160 1332
160 1333
160 1334
161 168
161 247
161 341
161 537
161 581
161 730
161 793
161 1113
161 1203
161 1400
161 1722
161 1787
163 192
163 476
163 575
163 699
163 885
163 924
163 1697
163 1739
163 1849
163 1944
163 1981
164 1000
165 537
168 313
168 405
168 547
168 565
168 632
168 698
168 833
168 919
168 961
168 1285
168 1653
168 1806
171 1146
178 179
179 384
179 429
179 556
179 639
179 1184
179 1343
179 1735
179 1838
179 1887
182 357
185 1439
187 897
188 498
188 501
190 789
194 199
195 925
197 961
198 604
199 775
199 966
199 1249
199 1412
199 1920
199 1921
200 677
203 789
210 730
210 1861
211 623
211 794
213 1253
214 862
218 1925
219 1806
221 231
223 727
223 1439
225 1817
226 1524
231 567
231 797
231 919
231 931
234 699
236 1051
244 1747
245 1642
246 250
247 1222
247 1920
248 1359
250 313
250 419
250 507
250 945
250 1093
250 1238
250 1387
250 1388
250 1389
251 1668
254 665
255 672
262 377
268 269
268 270
268 271
268 272
268 273
268 274
268 275
268 276
270 312
270 523
270 529
270 572
270 1087
270 1113
270 1506
270 1668
270 1905
274 1640
275 498
286 1253
287 1576
295 1222
296 604
298 813
299 313
300 537
304 1460
304 1787
305 623
309 1731
313 1135
313 1205
313 1522
313 1548
313 1572
313 1729
313 1793
316 377
316 933
318 1870
327 813
330 1785
332 458
336 727
337 626
341 1722
343 627
346 1439
347 625
353 1312
354 1849
355 356
355 357
355 358
355 359
355 360
355 361
355 362
355 363
355 364
357 369
357 581
357 603
357 604
357 665
357 1149
357 1163
357 1248
357 1425
357 1716
358 665
360 537
366 626
366 1423
367 1409
369 627
369 991
369 1049
372 1559
375 377
377 532
377 976
377 1134
377 1148
377 1161
377 1166
377 1185
377 1728
380 833
381 672
381 1423
383 384
384 474
384 616
384 808
384 915
384 1017
384 1041
384 1178
384 1183
384 1339
384 1423
384 1700
384 1751
384 1825
384 1920
384 1972
391 1000
394 1543
396 931
397 1902
399 794
399 1439
400 1849
402 1825
404 1705
408 1747
410 1924
412 1113
413 723
416 1545
423 788
425 625
426 1000
428 789
431 972
435 1275
436 464
437 1902
440 1127
441 1205
443 604
447 498
447 1000
448 458
450 583
450 618
450 790
450 850
450 901
450 984
450 1097
454 541
456 458
458 510
458 543
458 1093
458 1477
458 1586
458 1806
458 1807
459 1849
462 627
464 934
464 1008
464 1068
464 1400
464 1424
464 1545
464 1551
464 1725
464 1905
464 1906
471 623
471 1026
472 1559
476 1127
477 1026
478 931
479 1785
481 624
486 487
486 491
487 972
487 1023
487 1039
487 1125
487 1149
487 1390
487 1455
487 1527
487 1598
487 1699
487 1843
488 535
488 537
489 1439
491 863
498 773
498 860
498 861
498 862
498 863
501 767
501 769
501 1113
501 1226
501 1480
501 1655
503 789
515 1439
519 1312
521 537
532 1113
533 1460
535 717
535 794
535 811
535 835
535 935
535 1184
535 1210
535 1355
535 1356
535 1357
536 1003
536 1090
537 1204
537 1340
537 1609
537 1964
538 1640
539 540
539 541
539 542
539 543
540 1524
540 1570
541 562
541 669
541 699
541 756
541 965
541 1003
541 1165
541 1307
541 1339
541 1356
541 1640
545 1924
546 1146
549 788
551 862
551 1166
556 1439
560 565
561 794
561 991
562 1920
564 626
565 814
565 817
565 868
565 1089
565 1317
565 1335
566 790
567 833
569 829
570 1785
571 572
571 573
571 574
571 575
571 576
571 577
571 578
571 579
577 1920
582 989
583 1576
583 1787
590 925
591 1668
595 1205
596 788
596 972
598 1640
600 789
601 867
604 638
604 1176
604 1236
604 1470
604 1853
604 1911
604 1914
604 1920
608 972
611 789
613 1090
613 1870
615 1576
619 1861
623 624
623 625
623 626
623 627
623 628
623 629
623 630
623 631
623 632
624 870
624 1058
624 1083
624 1112
624 1793
625 873
625 874
625 875
625 876
626 709
626 1562
626 1890
627 731
627 736
627 1120
627 1121
627 1122
627 1123
627 1124
627 1125
628 991
630 1700
630 1731
632 808
638 1423
640 931
645 699
646 867
649 1806
650 1731
651 1623
655 788
655 931
664 665
664 672
665 1639
665 1813
665 1941
667 699
667 1861
668 829
668 925
668 1705
669 1113
672 725
672 795
672 1123
672 1176
672 1196
672 1354
672 1554
672 1644
672 1716
673 989
673 991
674 1312
676 677
677 794
677 878
677 942
677 1012
677 1277
677 1426
679 862
680 1176
686 1545
688 1861
688 1902
699 794
699 1048
699 1049
699 1050
699 1051
699 1052
699 1053
702 808
702 1806
704 933
704 1642
707 1642
708 1026
709 789
710 1570
712 897
714 991
714 1920
718 723
721 1559
723 772
723 790
723 923
723 1447
723 1940
724 1205
727 728
727 729
727 730
727 731
727 732
727 733
729 1925
730 884
730 917
730 972
730 1443
730 1569
730 1750
730 1758
731 957
737 829
739 1423
742 1642
743 833
744 1849
746 925
754 1090
758 1113
780 1700
786 788
788 790
788 1005
788 1242
788 1953
789 790
790 813
790 1026
790 1236
790 1590
790 1607
790 1739
790 1817
791 794
794 862
794 991
794 1000
794 1163
794 1197
794 1465
794 1642
794 1901
794 1954
796 1690
800 1570
804 808
806 1524
808 969
808 991
808 1052
808 1579
808 1813
808 1853
808 1915
808 1928
808 1940
809 1049
813 1479
813 1927
817 1146
818 1825
818 1920
824 1403
828 972
829 830
829 831
829 832
829 833
829 834
829 835
832 1661
833 887
833 1018
833 1168
833 1524
833 1681
833 1712
836 972
837 1690
838 1003
838 1640
838 1870
840 1870
843 1817
844 1576
851 1668
857 897
858 1920
859 1661
860 1722
862 1016
862 1022
862 1146
862 1166
862 1220
862 1738
862 1893
864 867
866 1642
867 957
867 1400
867 1665
867 1691
867 1813
869 1409
870 897
870 1825
873 1166
875 1925
880 1127
884 1806
886 1439
897 957
897 958
897 1032
897 1130
897 1372
897 1447
897 1613
897 1887
898 1312
899 1222
900 933
903 1113
908 1570
912 1127
912 1312
912 1359
912 1705
915 1570
916 1543
923 1409
925 957
925 979
925 1527
925 1581
925 1716
925 1944
929 1090
931 1126
931 1237
931 1403
931 1570
931 1671
931 1727
931 1762
931 1861
931 1862
932 933
933 972
933 1248
933 1481
933 1945
938 1288
945 1460
950 1275
953 957
954 1902
957 1090
957 1161
957 1201
957 1215
957 1460
957 1550
957 1637
957 1731
957 1732
959 1222
960 961
961 1445
961 1842
961 1874
972 1309
972 1363
972 1587
972 1821
972 1902
983 1747
989 1023
989 1103
989 1471
989 1715
989 1920
989 1954
991 1092
991 1466
991 1576
991 1698
991 1861
991 1961
998 1403
998 1640
1000 1269
1000 1287
1000 1379
1000 1659
1000 1894
1000 1910
1001 1915
1003 1136
1003 1216
1003 1261
1003 1454
1003 1818
1003 1820
1013 1524
1015 1817
1017 1543
1018 1113
1023 1113
1023 1253
1026 1737
1030 1409
1033 1698
1037 1747
1049 1471
1049 1629
1049 1683
1049 1946
1051 1066
1051 1248
1051 1266
1051 1280
1051 1349
1051 1568
1051 1769
1051 1834
1052 1176
1052 1668
1055 1668
1074 1253
1074 1460
1087 1090
1088 1359
1090 1425
1090 1479
1090 1565
1090 1657
1101 1439
1104 1747
1113 1137
1113 1253
1113 1357
1113 1604
1113 1641
1113 1855
1117 1700
1122 1222
1125 1403
1127 1176
1127 1322
1127 1494
1128 1576
1135 1166
1142 1166
1145 1146
1146 1475
1146 1691
1146 1767
1146 1872
1146 1946
1147 1545
1158 1924
1161 1870
1163 1806
1163 1825
1165 1166
1166 1222
1166 1359
1166 1413
1166 1559
1166 1599
1172 1925
1173 1924
1174 1176
1175 1460
1176 1448
1176 1469
1176 1545
1176 1623
1176 1677
1185 1925
1193 1403
1202 1640
1205 1357
1205 1615
1205 1823
1205 1928
1212 1747
1214 1524
1215 1623
1215 1722
1222 1449
1222 1459
1226 1359
1227 1722
1233 1460
1244 1902
1252 1253
1253 1466
1253 1470
1253 1792
1253 1996
1269 1275
1274 1312
1275 1525
1275 1724
1275 1731
1275 1876
1283 1861
1288 1298
1288 1489
1288 1518
1288 1593
1288 1599
1290 1915
1291 1785
1303 1423
1309 1559
1312 1398
1312 1710
1312 1727
1312 1832
1322 1817
1337 1902
1339 1924
1354 1861
1363 1870
1367 1524
1375 1705
1403 1404
1403 1405
1403 1406
1403 1407
1408 1409
1409 1461
1409 1731
1409 1964
1414 1576
1423 1739
1423 1949
1423 1950
1425 1545
1439 1451
1447 1698
1451 1920
1459 1705
1460 1484
1460 1610
1460 1732
1460 1806
1460 1864
1460 1870
1460 1994
1461 1825
1478 1642
1487 1661
1504 1731
1524 1525
1534 1849
1543 1544
1543 1545
1545 1658
1545 1671
1545 1690
1545 1747
1545 1949
1555 1722
1557 1642
1559 1680
1559 1770
1559 1847
1562 1661
1563 1787
1565 1849
1570 1669
1570 1828
1576 1783
1576 1827
1587 1661
1590 1642
1591 1731
1605 1668
1607 1661
1612 1705
1613 1705
1617 1722
1620 1623
1623 1716
1623 1730
1623 1762
1626 1817
1630 1661
1638 1642
1640 1776
1641 1668
1642 1682
1660 1902
1661 1662
1661 1663
1668 1964
1689 1690
1690 1707
1690 1810
1690 1891
1693 1817
1698 1699
1702 1747
1705 1920
1712 1925
1725 1785
1727 1806
1731 1775
1731 1785
1731 1820
1731 1886
1742 1920
1747 1878
1747 1922
1775 1787
1785 1854
1806 1888
1809 1902
1810 1902
1814 1825
1840 1924
1844 1915
1849 1994
1856 1920
1861 1884
1861 1893
1861 1924
1902 1985
1914 1915
1920 1925
1920 1992
1924 1929
