7 1753
26 1753
31 1666
53 1552
66 1552
71 1848
72 1705
82 1552
105 1612
127 1745
156 1552
169 173
171 1508
173 525
173 597
173 736
173 1167
173 1268
173 1321
173 1371
173 1377
173 1679
173 1709
173 1743
173 1744
173 1745
173 1746
182 1709
186 190
187 190
190 447
190 521
190 558
190 789
190 802
190 843
190 1108
190 1110
190 1360
190 1425
190 1779
232 1268
233 235
235 441
235 640
235 748
235 752
235 1071
235 1108
235 1508
235 1552
235 1567
235 1657
235 1680
235 1691
235 1709
242 751
292 1745
312 1709
328 1753
332 736
336 1848
339 1108
340 736
371 1709
372 1745
400 1167
404 736
404 1705
423 1745
439 1167
485 1678
509 1552
515 1108
518 1508
536 1508
607 1508
618 1745
627 736
634 1508
659 1268
668 1705
675 1745
692 1848
703 1268
729 1508
733 1753
734 1678
736 742
736 971
736 1086
736 1133
736 1134
736 1135
736 1136
736 1137
749 751
751 1014
751 1249
751 1636
751 1709
751 1710
751 1711
751 1712
752 1666
760 1473
818 1678
821 1848
836 1753
912 1705
918 1745
947 1745
952 1108
988 1108
1013 1108
1065 1108
1065 1745
1072 1612
1104 1167
1105 1612
1108 1158
1108 1286
1108 1646
1108 1892
1116 1268
1126 1473
1126 1709
1131 1612
1133 1167
1165 1167
1167 1204
1167 1289
1167 1746
1202 1666
1208 1709
1257 1552
1268 1378
1268 1432
1268 1455
1268 1827
1268 1864
1268 1981
1297 1678
1335 1386
1366 1508
1375 1705
1386 1396
1386 1465
1386 1564
1386 1612
1386 1666
1386 1676
1386 1677
1386 1678
1393 1709
1410 1745
1448 1753
1459 1705
1473 1612
1473 1853
1508 1896
1508 1974
1511 1709
1519 1552
1598 1753
1607 1666
1612 1705
1612 1848
1612 1857
1612 1879
1612 1996
1613 1705
1665 1666
1666 1709
1666 1936
1678 1838
1695 1848
1705 1920
1709 1753
1709 1988
1739 1753
1741 1745
1745 1815
1848 1906
