12 541
13 160
18 26
22 443
22 699
26 87
26 277
26 1172
26 1488
26 1753
26 1825
32 1288
87 88
87 89
87 90
87 91
87 92
87 93
87 94
87 95
87 96
87 97
87 98
87 99
89 443
89 544
89 587
89 599
89 611
89 623
89 950
89 991
89 1111
89 1146
89 1177
89 1291
89 1318
89 1335
89 1363
89 1516
93 1003
94 624
103 1363
116 1003
129 1288
149 160
160 313
160 416
160 491
160 541
160 623
160 874
160 878
160 885
160 1288
160 1312
160 1332
160 1333
160 1334
163 699
171 1146
196 443
211 623
234 699
251 1111
274 1640
305 623
318 1111
334 1111
337 626
366 626
394 1111
398 1363
434 443
443 604
443 1200
443 1527
443 1795
443 1985
454 541
469 1363
471 623
481 624
500 1111
536 1003
538 1640
539 540
539 541
539 542
539 543
541 562
541 669
541 699
541 756
541 965
541 1003
541 1165
541 1307
541 1339
541 1356
541 1640
546 1146
564 626
598 1640
610 1318
623 624
623 625
623 626
623 627
623 628
623 629
623 630
623 631
623 632
624 870
624 1058
624 1083
624 1112
624 1793
626 709
626 1562
626 1890
645 699
661 1111
667 699
699 794
699 1048
699 1049
699 1050
699 1051
699 1052
699 1053
801 1363
817 1146
838 1003
838 1640
862 1146
938 1288
952 1111
972 1363
998 1640
1003 1136
1003 1216
1003 1261
1003 1454
1003 1818
1003 1820
1006 1111
1019 1318
1111 1128
1111 1388
1111 1425
1111 1446
1111 1544
1111 1934
1145 1146
1146 1475
1146 1691
1146 1767
1146 1872
1146 1946
1202 1640
1238 1363
1245 1318
1288 1298
1288 1489
1288 1518
1288 1593
1288 1599
1317 1318
1318 1349
1318 1366
1318 1374
1318 1680
1318 1799
1318 1958
1337 1363
1363 1381
1363 1459
1363 1736
1363 1870
1363 1889
1640 1776
