4 1526
18 19
18 20
18 21
18 22
18 23
18 24
18 25
18 26
18 27
18 28
18 29
21 180
24 110
24 125
24 180
24 314
24 372
24 426
24 780
24 881
24 1074
24 1200
24 1408
24 1427
24 1428
24 1968
24 1979
39 180
45 1700
51 110
52 56
56 104
56 180
56 360
56 481
56 971
56 1290
56 1354
56 1457
56 1593
56 1849
66 1428
91 110
92 1526
100 110
109 1716
110 498
110 686
110 724
110 1026
110 1137
110 1139
110 1635
110 1885
122 1700
125 126
125 127
125 128
125 129
125 130
125 131
125 132
125 133
125 134
127 1426
135 143
143 471
143 976
143 1306
143 1428
143 1695
175 1923
178 180
180 308
180 394
180 407
180 476
180 705
180 977
180 978
180 979
180 980
180 981
249 1526
258 981
263 1923
311 372
330 1526
331 1526
343 1426
357 1716
365 372
372 396
372 615
372 618
372 1225
372 1283
372 1559
372 1566
372 1718
372 1745
384 1700
404 1968
408 1428
412 1428
425 780
468 1526
483 1428
508 780
588 1426
610 981
621 1716
630 1700
672 1716
677 1426
715 978
743 780
761 780
768 1716
772 780
776 1428
780 839
780 960
780 1172
780 1374
780 1526
780 1700
869 1716
876 1923
917 981
925 1716
939 1526
963 978
977 1308
977 1468
977 1842
977 1882
978 1867
981 1189
981 1226
981 1283
981 1466
981 1512
981 1662
1009 1923
1015 1923
1105 1428
1117 1700
1140 1426
1140 1526
1267 1526
1284 1968
1320 1968
1426 1427
1426 1428
1426 1429
1428 1716
1428 1813
1428 1923
1437 1716
1496 1526
1623 1716
1644 1923
1660 1968
1681 1968
1716 1837
1716 1937
1887 1968
1905 1923
1912 1923
