1 654
5 789
7 1457
8 1430
11 789
13 600
13 1619
17 1784
26 1825
42 1492
43 51
50 51
50 1624
51 110
51 322
51 323
51 324
51 325
51 326
51 327
51 328
51 329
56 1457
59 68
68 543
68 816
68 888
68 1055
68 1076
68 1780
68 1962
71 1784
72 600
89 1516
90 1281
92 811
97 973
101 1094
111 1722
113 818
114 166
119 1920
125 133
129 1624
131 813
133 161
133 162
133 163
133 164
133 165
133 166
133 167
133 168
135 136
136 296
136 368
136 427
136 706
136 1042
136 1567
146 819
161 1722
166 295
166 505
166 591
166 706
166 750
166 836
166 894
166 973
166 1175
166 1464
166 1516
166 1913
190 789
191 819
191 894
199 1920
200 359
200 1356
202 815
203 789
206 1350
209 894
216 819
223 1350
227 1619
247 1920
249 1516
251 621
260 1042
271 1042
272 654
298 813
298 1042
320 359
321 819
323 1784
327 393
327 767
327 811
327 812
327 813
327 814
327 815
327 816
327 817
327 818
327 819
327 820
336 1619
341 1722
355 359
359 510
359 513
359 816
359 872
359 1537
359 1762
362 1042
381 1356
384 1825
384 1920
388 621
388 1350
402 1825
416 1430
424 428
428 789
428 814
428 819
428 1023
428 1042
428 1172
428 1489
428 1619
428 1679
428 1805
428 1969
431 818
431 1042
466 1517
473 973
482 1624
485 1678
493 1619
495 815
503 789
517 591
519 1094
519 1517
521 1492
531 600
535 811
535 1356
540 1516
541 1356
547 818
548 815
549 818
562 1920
577 1920
580 591
582 1516
591 618
591 821
591 884
591 903
591 905
591 1036
591 1276
591 1609
591 1667
591 1668
591 1669
594 600
596 600
596 973
597 1619
600 634
600 671
600 789
600 1555
600 1749
604 1920
610 973
611 789
616 621
621 1042
621 1380
621 1716
621 1717
621 1718
621 1719
622 816
622 1281
628 815
632 1847
641 1555
646 1042
653 654
654 818
654 1481
654 1818
656 1350
659 1492
660 811
663 1784
678 1847
690 1281
701 1350
709 789
709 1805
711 1106
714 1920
714 1932
722 811
728 1350
731 1932
734 1678
755 1042
769 1784
770 1457
778 1492
789 790
790 813
797 818
798 1492
801 973
811 850
811 974
811 987
811 1064
811 1069
811 1114
811 1376
811 1622
811 1913
813 1479
813 1927
815 857
815 866
815 1077
816 851
816 894
816 1094
816 1209
816 1299
816 1368
816 1622
816 1658
816 1810
816 1847
818 1117
818 1237
818 1672
818 1678
818 1825
818 1920
818 1932
819 1131
819 1319
819 1341
819 1492
819 1649
835 1517
846 1784
847 1430
857 894
858 1920
860 1722
865 1555
869 1555
870 1825
884 1624
893 1555
894 948
894 1265
894 1300
894 1350
894 1457
894 1624
894 1680
894 1702
894 1746
894 1784
956 1805
973 1304
973 1462
973 1776
973 1927
973 1985
988 1847
989 1920
1020 1094
1042 1281
1042 1430
1042 1667
1042 1685
1042 1952
1070 1430
1080 1457
1092 1094
1094 1208
1094 1515
1098 1805
1099 1457
1103 1106
1106 1555
1106 1988
1106 1997
1107 1281
1112 1555
1130 1281
1132 1619
1136 1517
1159 1805
1162 1430
1163 1825
1175 1457
1183 1516
1188 1517
1210 1492
1215 1722
1226 1517
1227 1722
1229 1847
1278 1281
1281 1569
1281 1641
1297 1678
1307 1457
1311 1932
1331 1555
1332 1350
1350 1351
1350 1352
1350 1353
1350 1354
1356 1435
1356 1517
1356 1803
1358 1624
1370 1805
1379 1624
1386 1678
1396 1847
1430 1539
1430 1814
1451 1920
1457 1741
1461 1825
1471 1624
1480 1517
1492 1872
1492 1951
1497 1516
1514 1516
1514 1517
1516 1643
1517 1555
1517 1815
1555 1722
1559 1847
1575 1847
1617 1722
1619 1781
1619 1830
1619 1906
1678 1838
1695 1847
1705 1920
1714 1932
1725 1784
1742 1920
1744 1784
1784 1910
1784 1981
1812 1847
1814 1825
1844 1932
1847 1913
1856 1920
1920 1925
1920 1992
