1 827
6 1244
10 1390
13 437
13 910
16 1578
20 391
27 834
32 44
42 1876
43 44
43 45
43 46
43 47
43 48
43 49
43 50
43 51
44 108
44 123
44 159
44 234
44 388
44 532
44 570
44 691
44 696
44 806
44 882
44 951
44 1089
44 1177
44 1256
44 1265
44 1572
44 1724
58 1902
66 108
67 267
72 953
73 827
74 1390
77 391
81 1390
85 570
85 1535
86 1578
90 108
92 536
93 1000
93 1003
95 953
100 108
108 156
108 312
108 391
108 545
108 609
108 885
108 1149
108 1340
108 1919
109 584
109 954
116 1003
118 700
120 570
122 437
122 700
126 1535
135 136
136 296
136 368
136 427
136 706
136 1042
136 1567
139 696
162 267
164 1000
171 1508
174 910
182 954
196 910
201 1535
203 700
209 437
226 700
234 700
235 1508
243 1089
244 437
255 954
256 1876
261 267
262 1244
267 544
267 579
267 910
267 1021
267 1119
267 1242
267 1437
267 1750
267 1801
267 1850
267 1883
274 536
286 1390
302 696
304 1402
307 1252
316 1876
319 437
338 536
344 954
351 570
365 368
368 479
368 543
368 605
368 954
368 1467
368 1484
368 1608
368 1765
368 1837
371 1876
379 1578
383 391
386 1244
391 536
391 606
391 700
391 827
391 920
391 1000
391 1402
391 1723
391 1852
391 1876
391 1880
391 1891
395 834
397 1902
407 1880
426 1000
431 972
434 437
435 1244
437 615
437 834
437 910
437 1065
437 1535
437 1685
437 1902
443 1985
447 1000
449 827
454 536
454 1089
470 1089
478 1558
479 954
479 1089
487 972
487 1390
488 536
502 1821
505 1558
507 827
508 954
518 1508
534 1578
536 865
536 903
536 910
536 1003
536 1090
536 1209
536 1390
536 1397
536 1508
536 1671
536 1749
536 1786
536 1858
541 1003
543 1558
565 1089
566 1252
570 673
570 1171
570 1287
570 1369
570 1501
570 1785
580 584
584 774
584 910
584 950
584 1015
584 1016
584 1303
584 1764
596 972
607 1508
608 972
613 1090
617 1880
634 1508
638 1786
642 1535
648 1252
652 1880
660 834
675 1244
687 1535
688 1902
690 1558
693 696
696 832
696 845
696 1023
696 1157
696 1186
696 1191
696 1338
696 1554
696 1571
696 1662
696 1679
696 1865
696 1908
696 1979
700 1013
700 1122
700 1186
700 1257
700 1491
721 1558
729 1508
730 972
754 1090
762 1578
767 1578
794 1000
796 953
802 1402
823 953
826 827
827 907
827 1076
827 1605
827 1658
827 1683
828 972
829 834
834 948
834 1087
834 1342
834 1397
834 1398
834 1399
834 1400
836 972
838 1003
852 954
853 953
889 1402
892 1786
910 1087
910 1210
910 1225
910 1234
910 1274
910 1297
910 1703
929 1090
933 972
944 1880
953 954
953 955
953 956
953 957
953 958
953 959
954 986
954 1038
954 1249
954 1252
954 1419
954 1425
954 1504
954 1520
954 1558
954 1578
954 1604
954 1691
954 1902
954 1946
957 1090
972 1309
972 1363
972 1587
972 1821
972 1902
973 1985
1000 1269
1000 1287
1000 1379
1000 1659
1000 1894
1000 1910
1003 1136
1003 1216
1003 1261
1003 1454
1003 1818
1003 1820
1005 1535
1047 1578
1064 1821
1067 1786
1071 1252
1087 1089
1087 1090
1089 1349
1089 1438
1089 1523
1089 1525
1089 1667
1090 1425
1090 1479
1090 1565
1090 1657
1093 1558
1099 1821
1109 1252
1142 1786
1209 1390
1214 1252
1233 1244
1242 1244
1244 1625
1244 1635
1244 1684
1244 1788
1244 1899
1244 1902
1252 1253
1252 1254
1275 1876
1284 1880
1285 1402
1302 1402
1313 1558
1337 1902
1360 1985
1361 1876
1365 1876
1366 1508
1379 1535
1402 1456
1402 1773
1421 1535
1490 1821
1508 1896
1508 1974
1509 1880
1533 1535
1535 1826
1535 1940
1544 1985
1547 1578
1558 1729
1577 1578
1608 1609
1608 1610
1608 1611
1660 1902
1660 1985
1750 1821
1809 1902
1810 1902
1818 1821
1876 1892
1876 1908
1879 1880
1880 1911
1902 1985
