12 586
13 54
14 398
20 421
22 378
26 1488
36 890
42 1492
52 53
52 54
52 55
52 56
52 57
52 58
54 223
54 543
54 762
54 784
54 831
54 871
54 990
54 1004
54 1086
54 1157
54 1203
54 1369
54 1520
54 1667
54 1950
58 1315
59 68
66 1004
68 543
68 816
68 888
68 1055
68 1076
68 1780
68 1962
70 72
72 347
72 396
72 586
72 600
72 877
72 953
72 1383
72 1519
72 1685
72 1705
72 1911
72 1913
78 79
78 80
78 81
78 82
78 83
78 84
78 85
78 86
83 393
83 398
83 535
83 567
83 635
83 658
83 1028
83 1085
83 1127
83 1160
83 1186
83 1486
83 1564
83 1857
83 1882
83 1897
83 1971
84 1315
92 1496
93 1004
103 421
104 1488
105 803
136 368
137 1486
142 1004
150 1942
156 1942
159 1683
173 1268
192 1157
215 890
220 421
226 1496
232 1268
240 1410
253 1574
273 398
279 1574
283 378
286 1315
298 1897
305 1309
314 317
317 375
317 453
317 516
317 543
317 883
317 1396
317 1511
317 1625
317 1733
317 1768
318 1683
319 586
326 1496
342 352
352 365
352 587
352 659
352 660
352 661
352 662
352 663
365 368
366 1490
368 479
368 543
368 605
368 954
368 1467
368 1484
368 1608
368 1765
368 1837
370 956
375 378
376 1309
378 1315
378 1721
392 398
394 890
398 543
398 656
398 951
398 1057
398 1223
398 1296
398 1363
398 1398
398 1588
402 659
402 1315
414 421
421 496
421 564
421 668
421 839
421 992
421 1005
421 1122
421 1130
421 1315
421 1513
421 1553
421 1829
427 1004
430 1296
440 1127
457 658
458 543
476 1127
477 1157
478 1558
483 1496
488 535
490 956
499 1496
502 1574
505 1558
513 831
521 1492
523 1296
535 717
535 794
535 811
535 835
535 935
535 1184
535 1210
535 1355
535 1356
535 1357
539 540
539 541
539 542
539 543
543 956
543 1039
543 1354
543 1396
543 1410
543 1496
543 1558
543 1574
543 1683
543 1684
550 1683
556 1942
557 1897
558 784
562 658
575 803
580 586
586 616
586 661
586 714
586 731
586 1046
586 1186
586 1313
586 1314
586 1315
586 1316
635 1315
644 659
653 658
658 921
658 1018
658 1691
659 775
659 803
659 893
659 1268
659 1315
659 1484
659 1485
659 1486
659 1487
659 1488
659 1489
659 1490
659 1491
659 1492
669 1086
684 1004
690 1558
692 1486
696 1157
703 1268
704 1086
714 1490
721 1558
728 956
736 1086
737 956
747 784
778 1492
781 784
784 935
784 1160
784 1203
784 1907
784 1939
798 1492
803 853
803 946
803 1472
803 1900
819 1492
820 1296
825 831
825 1486
827 1683
829 831
831 1319
831 1795
831 1857
871 1157
880 1127
881 890
890 1242
890 1574
890 1746
890 1767
890 1807
901 1683
912 1127
914 1315
951 1683
953 956
954 1558
956 1012
956 1218
956 1320
956 1476
956 1735
956 1805
958 1086
972 1309
979 1496
986 1086
988 1488
990 1086
1004 1112
1004 1389
1004 1401
1004 1990
1030 1486
1049 1683
1061 1157
1073 1683
1081 1488
1082 1309
1084 1086
1086 1573
1086 1808
1086 1909
1093 1558
1101 1496
1110 1942
1116 1268
1127 1176
1127 1322
1127 1494
1128 1574
1136 1309
1155 1157
1157 1221
1157 1643
1157 1810
1164 1486
1172 1488
1177 1486
1201 1574
1210 1492
1234 1488
1240 1683
1268 1378
1268 1432
1268 1455
1268 1827
1268 1864
1268 1981
1293 1296
1294 1486
1296 1301
1296 1330
1296 1376
1296 1679
1307 1574
1309 1383
1309 1486
1309 1559
1309 1648
1309 1987
1313 1558
1315 1564
1315 1942
1315 1997
1332 1410
1352 1496
1378 1490
1408 1410
1410 1745
1433 1490
1451 1942
1464 1683
1474 1486
1486 1991
1487 1897
1488 1906
1490 1703
1490 1821
1492 1872
1492 1951
1495 1496
1496 1526
1537 1897
1558 1729
1574 1715
1574 1780
1683 1979
1888 1897
1897 1967
1897 1996
