5 1423
7 1432
10 1933
16 145
16 199
21 501
22 144
23 501
24 1428
26 1825
38 384
44 388
45 1700
57 161
64 1540
66 1428
72 1519
72 1705
88 1222
116 270
119 1920
122 1700
125 133
133 161
133 162
133 163
133 164
133 165
133 166
133 167
133 168
137 1925
141 144
143 1428
144 145
144 146
144 147
144 148
145 161
145 171
145 291
145 717
145 730
145 903
145 915
145 1303
145 1308
145 1420
145 1432
145 1519
145 1895
153 412
153 1540
157 171
161 168
161 247
161 341
161 537
161 581
161 730
161 793
161 1113
161 1203
161 1400
161 1722
161 1787
169 171
171 182
171 1079
171 1146
171 1346
171 1361
171 1508
179 384
180 981
182 1400
188 501
193 1872
194 199
198 604
199 775
199 966
199 1249
199 1412
199 1920
199 1921
206 1189
206 1873
208 247
213 1253
218 1925
246 247
246 248
246 249
246 250
246 251
247 274
247 285
247 388
247 399
247 666
247 982
247 1183
247 1222
247 1370
247 1540
247 1611
247 1635
247 1691
247 1737
247 1819
247 1872
247 1873
247 1920
247 1996
258 981
268 270
270 312
270 523
270 529
270 572
270 1087
270 1113
270 1506
270 1668
270 1905
272 1357
286 1253
295 1222
296 604
298 1308
301 1357
316 1933
318 1432
329 1239
331 1400
346 1308
350 388
357 581
357 604
366 1423
380 388
381 1423
383 384
383 388
384 474
384 616
384 808
384 915
384 1017
384 1041
384 1178
384 1183
384 1339
384 1423
384 1700
384 1751
384 1825
384 1920
384 1972
388 621
388 660
388 1251
388 1286
388 1350
388 1412
388 1449
388 1732
388 1896
388 1957
393 1519
399 1239
402 1825
403 412
404 1705
408 1428
412 725
412 1063
412 1113
412 1184
412 1189
412 1220
412 1340
412 1428
412 1454
412 1610
412 1839
419 1420
425 1308
443 604
446 1400
451 1519
464 1400
479 1239
483 1428
501 767
501 769
501 1113
501 1226
501 1480
501 1655
503 1432
504 1189
532 1113
535 1357
550 1308
555 725
562 1920
577 1420
577 1920
580 581
581 691
581 740
581 1110
581 1384
581 1757
593 1432
602 1400
602 1872
604 638
604 1176
604 1236
604 1470
604 1853
604 1911
604 1914
604 1920
610 981
630 1700
632 808
638 1423
645 1872
647 1400
668 1705
669 1113
672 725
702 808
702 1357
714 1920
718 725
725 1007
725 1059
725 1368
725 1463
729 1925
735 1933
739 1423
758 1113
776 1428
780 1700
792 1308
804 808
806 1873
808 969
808 991
808 1052
808 1579
808 1813
808 1853
808 1915
808 1928
808 1940
818 1825
818 1920
830 1308
834 1400
841 1400
855 1540
858 1920
867 1400
870 1825
875 1925
884 1432
893 1357
899 1222
903 1113
912 1705
917 981
959 1222
977 1308
981 1189
981 1226
981 1283
981 1466
981 1512
981 1662
989 1920
994 1540
1002 1872
1018 1113
1023 1113
1023 1253
1074 1253
1082 1308
1105 1428
1113 1137
1113 1253
1113 1357
1113 1604
1113 1641
1113 1855
1117 1700
1121 1540
1122 1222
1146 1872
1163 1540
1163 1825
1166 1222
1172 1925
1182 1239
1184 1189
1185 1925
1189 1232
1189 1238
1189 1239
1189 1681
1189 1864
1189 1933
1189 1998
1205 1357
1211 1239
1222 1449
1222 1459
1236 1239
1239 1391
1239 1399
1239 1556
1252 1253
1253 1466
1253 1470
1253 1792
1253 1996
1266 1519
1268 1432
1303 1423
1308 1461
1308 1672
1308 1724
1308 1874
1375 1705
1400 1620
1400 1910
1400 1939
1413 1873
1420 1421
1423 1739
1423 1949
1423 1950
1426 1428
1428 1716
1428 1813
1428 1923
1432 1433
1432 1434
1432 1435
1432 1436
1440 1872
1451 1920
1459 1705
1461 1825
1466 1873
1492 1872
1514 1519
1519 1528
1519 1552
1519 1820
1540 1571
1540 1764
1540 1834
1540 1867
1540 1918
1540 1989
1605 1933
1611 1933
1612 1705
1613 1705
1622 1872
1656 1873
1705 1920
1708 1933
1712 1925
1729 1873
1738 1872
1742 1920
1777 1873
1814 1825
1841 1933
1856 1920
1868 1872
1872 1912
1873 1885
1920 1925
1920 1992
