10 1704
10 1933
19 730
21 501
23 501
24 1428
57 161
58 1902
62 1891
63 537
66 153
66 1428
67 730
89 1363
90 349
92 1311
99 464
103 1363
111 1722
116 270
120 1313
125 133
129 349
133 161
133 162
133 163
133 164
133 165
133 166
133 167
133 168
135 141
135 142
141 144
141 219
141 332
141 497
141 922
141 951
141 988
141 1172
141 1431
141 1710
142 590
142 799
142 836
142 902
142 1002
142 1004
142 1068
142 1370
142 1576
142 1662
143 1428
145 161
145 730
149 153
153 168
153 412
153 763
153 845
153 975
153 1540
153 1636
161 168
161 247
161 341
161 537
161 581
161 730
161 793
161 1113
161 1203
161 1400
161 1722
161 1787
164 1891
165 537
180 981
184 596
188 501
193 1068
206 1189
210 730
213 1253
219 523
221 232
223 727
232 752
232 944
232 1065
232 1068
232 1268
251 1668
258 981
268 270
270 312
270 523
270 529
270 572
270 1087
270 1113
270 1506
270 1668
270 1905
272 1357
275 1313
282 596
286 1253
300 537
301 1357
304 1313
304 1787
309 523
315 1704
316 1933
329 1239
336 727
341 1722
342 349
349 644
349 883
349 949
349 1068
349 1115
349 1182
360 537
381 1313
391 1891
397 1902
398 1363
399 1239
403 412
408 1428
412 725
412 1063
412 1113
412 1184
412 1189
412 1220
412 1340
412 1428
412 1454
412 1610
412 1839
431 972
436 464
437 1902
447 1710
464 934
464 1008
464 1068
464 1400
464 1424
464 1545
464 1551
464 1725
464 1905
464 1906
469 1363
479 1239
483 1428
486 487
487 972
487 1023
487 1039
487 1125
487 1149
487 1390
487 1455
487 1527
487 1598
487 1699
487 1843
488 537
499 1454
501 767
501 769
501 1113
501 1226
501 1480
501 1655
503 1704
504 1189
521 537
522 523
523 698
523 1008
523 1121
523 1296
523 1462
523 1907
523 1926
532 1113
535 1357
537 1204
537 1340
537 1609
537 1964
547 1311
555 725
583 1787
586 1313
591 1668
594 596
596 600
596 636
596 788
596 972
596 973
596 974
596 975
596 976
608 972
610 981
613 1710
648 1704
669 1113
672 725
688 1902
702 1357
714 1454
714 1932
718 725
725 1007
725 1059
725 1368
725 1463
727 728
727 729
727 730
727 731
727 732
727 733
730 884
730 917
730 972
730 1443
730 1569
730 1750
730 1758
731 1932
735 1933
751 1710
758 1113
776 1428
801 1363
818 1932
828 972
836 972
851 1668
860 1722
875 1454
893 1357
903 1113
911 1454
917 981
933 972
938 1068
954 1902
972 1309
972 1363
972 1587
972 1821
972 1902
981 1189
981 1226
981 1283
981 1466
981 1512
981 1662
984 1454
995 1313
1003 1454
1014 1068
1018 1113
1022 1313
1023 1113
1023 1253
1052 1668
1055 1668
1055 1704
1062 1068
1065 1454
1068 1311
1068 1393
1068 1750
1074 1253
1105 1428
1113 1137
1113 1253
1113 1357
1113 1604
1113 1641
1113 1855
1182 1239
1184 1189
1189 1232
1189 1238
1189 1239
1189 1681
1189 1864
1189 1933
1189 1998
1205 1357
1211 1239
1215 1722
1227 1722
1236 1239
1238 1363
1239 1391
1239 1399
1239 1556
1244 1902
1252 1253
1253 1466
1253 1470
1253 1792
1253 1996
1255 1891
1311 1313
1311 1365
1311 1451
1311 1688
1311 1704
1311 1710
1311 1932
1311 1950
1312 1710
1313 1558
1313 1594
1337 1363
1337 1902
1339 1704
1363 1381
1363 1459
1363 1736
1363 1870
1363 1889
1413 1704
1426 1428
1428 1716
1428 1813
1428 1923
1440 1891
1454 1566
1454 1688
1454 1710
1454 1864
1454 1899
1532 1710
1555 1722
1563 1787
1573 1704
1605 1668
1605 1933
1611 1933
1617 1722
1641 1668
1645 1710
1660 1902
1668 1964
1690 1891
1704 1891
1708 1933
1710 1971
1714 1932
1775 1787
1809 1902
1810 1902
1841 1933
1844 1932
1887 1891
1891 1892
1891 1893
1902 1985
