2 1006
4 1631
5 1423
7 1928
10 1704
18 26
22 378
22 443
26 87
26 277
26 1172
26 1488
26 1753
26 1825
30 33
31 323
33 315
33 530
33 895
33 1035
33 1119
33 1229
33 1396
33 1530
34 1928
35 38
38 384
38 619
38 679
38 865
38 1020
39 468
43 49
44 1089
45 1700
48 1518
49 157
49 364
49 431
49 470
49 849
49 1059
49 1306
49 1515
49 1530
51 323
51 324
54 1004
55 587
61 307
61 642
66 1004
69 640
74 1347
87 88
87 89
87 90
87 91
87 92
87 93
87 94
87 95
87 96
87 97
87 98
87 99
89 443
89 544
89 587
89 599
89 611
89 623
89 950
89 991
89 1111
89 1146
89 1177
89 1291
89 1318
89 1335
89 1363
89 1516
93 315
93 489
93 637
93 724
93 1000
93 1001
93 1002
93 1003
93 1004
93 1005
93 1006
93 1007
93 1008
93 1009
93 1010
93 1011
103 1347
110 724
112 120
113 818
115 991
116 1003
116 1631
117 175
119 461
119 1920
120 439
120 470
120 570
120 630
120 660
120 833
120 936
120 1087
120 1235
120 1313
122 1700
128 469
142 1002
142 1004
143 471
152 1258
164 471
164 1000
166 1516
169 170
169 171
169 172
169 173
169 174
169 175
169 176
169 177
171 1146
175 234
175 308
175 467
175 516
175 968
175 1079
175 1141
175 1201
175 1345
175 1466
175 1664
175 1923
178 179
178 185
179 384
179 429
179 556
179 639
179 1184
179 1343
179 1735
179 1838
179 1887
182 323
185 266
185 346
185 363
185 712
185 852
185 1439
185 1531
185 1641
185 1836
195 467
196 443
199 1920
210 266
212 1529
219 1258
227 662
235 640
243 1089
244 489
247 1920
249 1516
251 1518
259 471
261 266
263 544
263 1923
264 489
266 315
266 360
266 430
266 515
266 566
266 950
266 1173
266 1448
266 1506
266 1907
267 544
271 461
276 544
277 283
279 1347
283 315
283 324
283 378
283 633
283 634
283 635
283 636
283 637
283 638
283 639
283 640
283 641
283 642
287 640
299 307
302 642
304 544
307 308
307 315
307 561
307 679
307 1235
307 1252
308 544
314 315
315 323
315 423
315 470
315 552
315 698
315 705
315 884
315 1214
315 1364
315 1478
315 1529
315 1631
315 1703
315 1704
323 747
323 1226
323 1784
323 1898
324 448
324 705
324 885
324 1132
324 1957
326 662
327 818
346 1664
350 1002
352 587
352 662
360 469
366 1423
369 991
375 378
376 1006
378 1315
378 1721
381 1423
383 384
384 474
384 616
384 808
384 915
384 1017
384 1041
384 1178
384 1183
384 1339
384 1423
384 1700
384 1751
384 1825
384 1920
384 1972
386 1258
391 1000
408 470
418 1006
426 1000
427 1004
431 818
433 1664
434 443
438 471
442 469
443 604
443 1200
443 1527
443 1795
443 1985
447 1000
454 1089
456 461
458 1807
461 467
461 1261
461 1300
461 1440
461 1441
461 1442
461 1443
461 1444
464 1008
467 468
467 469
467 470
467 471
467 472
467 473
467 474
467 475
467 476
467 477
467 478
467 479
468 1385
468 1526
468 1663
469 494
469 576
469 837
469 1260
469 1265
469 1363
469 1411
469 1513
469 1637
469 1673
470 577
470 628
470 662
470 743
470 757
470 846
470 1074
470 1089
470 1202
470 1258
470 1347
470 1518
470 1591
470 1807
471 511
471 623
471 997
471 1024
471 1025
471 1026
479 1089
482 544
486 489
489 1343
489 1439
489 1581
489 1675
489 1984
503 1704
509 1478
523 1008
526 1631
527 1258
531 587
533 724
536 1003
540 1516
541 1003
544 632
544 1019
544 1259
544 1740
546 1146
547 818
549 818
561 991
562 1920
565 1089
577 1920
580 587
582 1516
587 836
587 837
587 838
587 839
587 840
587 841
604 1920
605 1664
608 1011
610 1318
612 642
628 991
630 1700
632 808
633 1011
638 1423
640 776
640 875
640 931
640 1283
640 1841
642 689
642 944
642 960
642 1083
642 1107
642 1535
642 1857
648 1704
654 818
662 900
662 1069
662 1101
662 1234
662 1602
662 1638
667 1928
673 991
684 1004
686 1478
702 808
709 1364
709 1529
713 1258
714 991
714 1920
718 724
724 756
724 1205
724 1206
724 1207
724 1208
728 1478
729 1347
739 1423
744 1631
780 1700
794 991
794 1000
797 818
804 808
808 969
808 991
808 1052
808 1579
808 1813
808 1853
808 1915
808 1928
808 1940
817 1146
818 1117
818 1237
818 1672
818 1678
818 1825
818 1920
818 1932
822 1006
838 1003
846 1258
858 1920
862 1146
865 1011
876 1923
890 1807
908 1011
950 1664
965 1928
989 1920
991 1092
991 1466
991 1576
991 1698
991 1861
991 1961
992 1258
1000 1269
1000 1287
1000 1379
1000 1659
1000 1894
1000 1910
1002 1255
1002 1265
1002 1685
1002 1872
1003 1136
1003 1216
1003 1261
1003 1454
1003 1818
1003 1820
1004 1112
1004 1389
1004 1401
1004 1990
1006 1111
1006 1564
1006 1734
1008 1465
1008 1497
1008 1635
1008 1856
1008 1887
1008 1967
1009 1923
1011 1391
1015 1923
1019 1318
1031 1664
1034 1529
1038 1664
1055 1704
1061 1807
1065 1347
1072 1478
1087 1089
1089 1349
1089 1438
1089 1523
1089 1525
1089 1667
1117 1700
1142 1529
1145 1146
1146 1475
1146 1691
1146 1767
1146 1872
1146 1946
1158 1364
1183 1516
1205 1928
1221 1258
1231 1928
1238 1364
1245 1318
1258 1349
1258 1554
1258 1589
1261 1807
1288 1518
1303 1423
1311 1704
1317 1318
1318 1349
1318 1366
1318 1374
1318 1680
1318 1799
1318 1958
1339 1704
1341 1529
1346 1347
1347 1755
1347 1756
1364 1799
1375 1478
1393 1664
1413 1704
1423 1739
1423 1949
1423 1950
1428 1923
1429 1631
1451 1920
1478 1642
1497 1516
1514 1516
1514 1518
1516 1643
1529 1643
1573 1704
1644 1923
1704 1891
1705 1920
1712 1807
1742 1920
1758 1807
1807 1905
1856 1920
1905 1923
1912 1923
1920 1925
1920 1992
