1 654
4 1251
4 1918
5 1423
7 1928
8 1431
11 1914
12 568
12 1690
16 199
33 530
34 1928
35 38
38 384
38 619
38 679
38 865
38 1020
43 51
45 1700
50 51
51 110
51 322
51 323
51 324
51 325
51 326
51 327
51 328
51 329
55 587
57 161
59 60
59 61
59 62
59 63
59 64
59 65
59 66
59 67
59 68
59 69
63 1611
64 99
64 222
64 426
64 547
64 838
64 843
64 1431
64 1540
64 1672
64 1698
64 1819
64 1929
64 1956
65 1914
66 153
68 816
72 1705
74 245
83 658
88 1222
89 544
89 587
102 1637
113 818
118 1929
119 1920
122 1700
127 1799
131 1121
133 161
135 141
137 1925
141 144
141 219
141 332
141 497
141 922
141 951
141 988
141 1172
141 1431
141 1710
145 161
149 153
153 168
153 412
153 763
153 845
153 975
153 1540
153 1636
155 1588
161 168
161 247
161 341
161 537
161 581
161 730
161 793
161 1113
161 1203
161 1400
161 1722
161 1787
178 179
179 384
179 429
179 556
179 639
179 1184
179 1343
179 1735
179 1838
179 1887
182 457
192 1799
193 1872
194 199
199 775
199 966
199 1249
199 1412
199 1920
199 1921
206 1873
208 247
218 1925
226 1431
227 457
229 1929
233 245
245 291
245 462
245 578
245 934
245 949
245 1140
245 1279
245 1303
245 1391
245 1431
245 1642
246 247
246 248
246 249
246 250
246 251
247 274
247 285
247 388
247 399
247 666
247 982
247 1183
247 1222
247 1370
247 1540
247 1611
247 1635
247 1691
247 1737
247 1819
247 1872
247 1873
247 1920
247 1996
259 1251
263 544
267 544
269 1251
272 654
276 544
282 1799
290 1799
295 1222
304 544
304 1983
308 544
320 1320
327 393
327 767
327 811
327 812
327 813
327 814
327 815
327 816
327 817
327 818
327 819
327 820
335 534
343 1121
351 568
352 587
354 457
354 1121
359 816
362 731
366 1423
370 714
374 1611
381 1423
383 384
384 474
384 616
384 808
384 915
384 1017
384 1041
384 1178
384 1183
384 1339
384 1423
384 1700
384 1751
384 1825
384 1920
384 1972
388 1251
395 530
398 1588
404 1705
430 731
431 818
432 1588
456 457
457 547
457 569
457 658
457 1149
457 1216
457 1415
457 1643
457 1910
469 837
469 1637
482 544
485 1678
488 530
488 534
493 1701
499 1320
517 837
517 1415
518 837
521 1803
523 1121
530 531
530 556
530 576
530 1522
530 1615
530 1740
531 587
534 886
534 1501
534 1578
534 1740
534 1864
544 632
544 1019
544 1259
544 1740
547 818
549 818
553 1588
553 1803
560 563
562 658
562 1920
563 1332
563 1530
563 1656
563 1740
563 1977
568 616
568 651
568 962
568 1184
568 1227
568 1282
568 1638
568 1740
568 1850
568 1967
577 1920
580 587
582 989
586 714
586 731
587 836
587 837
587 838
587 839
587 840
587 841
602 1872
604 1914
604 1920
615 1918
622 816
627 731
627 1121
630 1700
632 808
633 1588
638 1423
645 1872
648 731
653 654
653 658
654 818
654 1481
654 1818
658 921
658 1018
658 1691
666 1431
667 1928
668 1705
670 1929
673 989
701 1320
702 808
705 714
706 714
714 762
714 991
714 1143
714 1454
714 1490
714 1527
714 1920
714 1932
715 1588
715 1637
727 731
729 1925
731 957
731 969
731 1717
731 1910
731 1932
731 1996
734 1678
735 1930
739 1423
742 1799
762 1431
780 1700
796 1690
797 818
804 808
806 1873
808 969
808 991
808 1052
808 1579
808 1813
808 1853
808 1915
808 1928
808 1940
812 1637
816 851
816 894
816 1094
816 1209
816 1299
816 1368
816 1622
816 1658
816 1810
816 1847
818 1117
818 1237
818 1672
818 1678
818 1825
818 1920
818 1932
822 1251
837 1149
837 1229
837 1251
837 1325
837 1427
837 1431
837 1541
837 1690
837 1799
837 1900
837 1914
837 1983
838 1320
855 1540
858 1920
867 957
875 1701
875 1925
897 957
899 1222
905 1320
908 1930
909 1431
912 1121
912 1705
916 1415
925 957
953 957
956 1320
957 1090
957 1161
957 1201
957 1215
957 1460
957 1550
957 1637
957 1731
957 1732
959 1222
965 1928
980 1740
989 1023
989 1103
989 1471
989 1715
989 1920
989 1954
994 1540
1002 1872
1017 1415
1056 1251
1056 1611
1057 1637
1057 1740
1098 1930
1117 1700
1121 1200
1121 1373
1121 1481
1121 1540
1121 1832
1121 1846
1121 1853
1122 1222
1146 1872
1159 1611
1163 1540
1163 1701
1166 1222
1172 1925
1185 1925
1204 1929
1205 1928
1207 1930
1211 1740
1221 1803
1222 1449
1222 1459
1231 1928
1246 1251
1247 1611
1250 1929
1251 1340
1251 1734
1251 1762
1251 1941
1279 1803
1297 1678
1303 1423
1318 1799
1320 1415
1320 1472
1320 1650
1320 1968
1333 1929
1343 1637
1351 1930
1356 1803
1364 1799
1372 1918
1375 1705
1386 1678
1394 1930
1401 1611
1411 1415
1413 1873
1415 1421
1415 1431
1415 1498
1415 1553
1415 1701
1415 1702
1423 1739
1423 1949
1423 1950
1429 1918
1431 1435
1431 1637
1431 1774
1431 1901
1431 1970
1440 1872
1451 1740
1451 1920
1458 1799
1459 1705
1459 1914
1466 1873
1484 1914
1492 1872
1531 1803
1540 1571
1540 1764
1540 1834
1540 1867
1540 1918
1540 1989
1545 1690
1550 1611
1560 1918
1561 1983
1580 1930
1588 1637
1588 1916
1594 1803
1600 1929
1604 1740
1608 1611
1611 1792
1611 1933
1611 1939
1612 1705
1613 1705
1622 1872
1635 1637
1637 1740
1637 1803
1637 1912
1637 1913
1643 1930
1656 1873
1678 1838
1687 1701
1689 1690
1690 1707
1690 1810
1690 1891
1705 1920
1707 1740
1712 1925
1729 1873
1738 1872
1740 1930
1742 1920
1746 1914
1777 1873
1799 1917
1803 1855
1830 1983
1856 1920
1868 1872
1872 1912
1873 1885
1914 1915
1920 1925
1920 1992
1924 1929
1929 1964
