1 827
5 255
6 1244
10 1390
13 437
13 910
16 1578
20 391
30 32
32 37
32 44
32 224
32 286
32 474
32 616
32 1152
32 1237
32 1288
32 1422
32 1460
41 1600
42 888
42 1876
43 44
43 45
43 46
43 47
43 48
43 49
43 50
43 51
44 108
44 123
44 159
44 234
44 388
44 532
44 570
44 691
44 696
44 806
44 882
44 951
44 1089
44 1177
44 1256
44 1265
44 1572
44 1724
54 1157
58 1902
66 108
67 267
68 888
72 953
73 827
74 1390
75 1524
77 391
80 934
81 1390
84 934
85 570
85 1535
86 1578
90 108
92 536
93 1000
93 1003
95 953
100 108
108 156
108 312
108 391
108 545
108 609
108 885
108 1149
108 1340
108 1919
109 954
112 123
116 1003
116 1524
118 700
120 570
122 437
122 700
123 303
123 913
123 999
123 1062
123 1520
123 1559
123 1560
123 1774
126 1535
135 136
135 139
136 296
136 368
136 427
136 706
136 1042
136 1567
138 159
139 193
139 656
139 696
139 1166
139 1214
139 1262
139 1610
139 1997
142 1662
149 159
159 567
159 607
159 785
159 791
159 971
159 1134
159 1257
159 1502
159 1683
159 1804
159 1921
162 267
164 1000
171 1508
174 910
181 1662
182 954
192 1157
196 910
201 1535
203 700
204 218
206 1873
209 437
215 218
218 221
218 255
218 348
218 393
218 1246
218 1603
218 1925
218 1959
226 700
226 1524
233 244
234 700
235 1508
243 1089
244 436
244 437
244 489
244 739
244 948
244 1001
244 1361
244 1528
244 1747
244 1768
245 934
247 388
247 1873
252 253
252 254
252 255
252 256
252 257
252 258
252 259
252 260
255 454
255 490
255 672
255 755
255 888
255 934
255 954
255 1465
255 1600
255 1904
256 1876
261 267
262 1244
267 544
267 579
267 910
267 1021
267 1119
267 1242
267 1437
267 1750
267 1801
267 1850
267 1883
274 536
275 1191
286 1390
302 696
304 1402
307 1252
316 1876
319 437
326 832
331 490
338 536
344 954
350 388
351 570
365 368
367 1600
368 479
368 543
368 605
368 954
368 1467
368 1484
368 1608
368 1765
368 1837
371 1876
379 1578
380 388
381 672
383 388
383 391
386 1244
388 621
388 660
388 1251
388 1286
388 1350
388 1412
388 1449
388 1732
388 1896
388 1957
391 536
391 606
391 700
391 827
391 920
391 1000
391 1402
391 1723
391 1852
391 1876
391 1880
391 1891
396 927
397 1902
402 832
407 1880
426 1000
434 437
435 1244
437 615
437 834
437 910
437 1065
437 1535
437 1685
437 1902
447 1000
449 827
454 536
454 1089
464 934
465 1600
470 1089
477 1157
478 1558
479 954
479 1089
486 490
487 1390
488 536
490 733
490 889
490 956
490 1215
490 1246
490 1270
490 1969
503 1191
505 1558
507 827
508 954
518 1508
526 934
527 1256
534 1578
536 865
536 903
536 910
536 1003
536 1090
536 1209
536 1390
536 1397
536 1508
536 1671
536 1749
536 1786
536 1858
540 1524
541 1003
543 1558
554 1724
565 1089
566 1252
569 829
570 673
570 1171
570 1287
570 1369
570 1501
570 1785
582 1662
584 910
607 1508
613 1090
617 1880
620 927
634 1508
636 1724
638 1786
642 1535
648 1252
652 1880
661 1274
664 672
668 829
671 1662
672 725
672 795
672 1123
672 1176
672 1196
672 1354
672 1554
672 1644
672 1716
673 806
675 1244
687 1535
688 1902
690 1558
693 696
696 832
696 845
696 1023
696 1157
696 1186
696 1191
696 1338
696 1554
696 1571
696 1662
696 1679
696 1865
696 1908
696 1979
700 1013
700 1122
700 1186
700 1257
700 1491
711 888
721 1558
729 1508
737 829
754 1090
762 1578
767 1578
794 1000
796 953
802 1402
804 806
806 883
806 1107
806 1181
806 1334
806 1349
806 1408
806 1412
806 1444
806 1524
806 1565
806 1587
806 1820
806 1873
810 1274
822 1274
823 953
826 827
827 907
827 1076
827 1605
827 1658
827 1683
829 830
829 831
829 832
829 833
829 834
829 835
832 927
832 994
832 1001
832 1039
832 1099
832 1446
832 1499
832 1655
832 1661
832 1729
832 1853
833 1524
838 1003
840 1724
852 954
853 953
871 1157
881 888
888 1171
888 1270
888 1331
888 1866
888 1945
889 1402
892 1786
910 1087
910 1210
910 1225
910 1234
910 1274
910 1297
910 1703
915 1600
927 1538
927 1635
927 1788
929 1090
932 934
934 935
934 1179
934 1450
934 1525
934 1693
944 1274
944 1880
953 954
953 955
953 956
953 957
953 958
953 959
954 986
954 1038
954 1249
954 1252
954 1419
954 1425
954 1504
954 1520
954 1558
954 1578
954 1604
954 1691
954 1902
954 1946
957 1090
967 1662
972 1902
981 1662
1000 1269
1000 1287
1000 1379
1000 1659
1000 1894
1000 1910
1001 1600
1003 1136
1003 1216
1003 1261
1003 1454
1003 1818
1003 1820
1005 1535
1013 1524
1047 1578
1053 1662
1061 1157
1067 1786
1071 1252
1072 1724
1087 1089
1087 1090
1089 1349
1089 1438
1089 1523
1089 1525
1089 1667
1090 1425
1090 1479
1090 1565
1090 1657
1093 1558
1097 1600
1107 1724
1109 1252
1132 1191
1142 1786
1147 1600
1155 1157
1157 1221
1157 1643
1157 1810
1181 1662
1184 1191
1191 1398
1191 1838
1209 1390
1214 1252
1214 1524
1233 1244
1242 1244
1244 1625
1244 1635
1244 1684
1244 1788
1244 1899
1244 1902
1252 1253
1252 1254
1256 1435
1256 1443
1256 1605
1256 1639
1256 1726
1256 1996
1269 1274
1274 1312
1274 1754
1274 1875
1275 1724
1275 1876
1284 1880
1285 1402
1302 1402
1308 1724
1313 1558
1337 1902
1361 1876
1365 1876
1366 1508
1367 1524
1379 1535
1402 1456
1402 1773
1413 1873
1421 1535
1440 1662
1466 1873
1476 1724
1508 1896
1508 1974
1509 1880
1524 1525
1533 1535
1535 1826
1535 1940
1547 1578
1558 1729
1577 1578
1599 1600
1600 1929
1656 1724
1656 1873
1660 1902
1661 1662
1703 1724
1724 1854
1724 1943
1729 1873
1777 1873
1809 1902
1810 1902
1873 1885
1876 1892
1876 1908
1879 1880
1880 1911
1902 1985
