0 1
1 2
1 3
1 4
1 7
1 13
1 14
1 15
1 32
1 39
1 46
1 87
1 88
1 89
1 110
1 111
1 119
1 124
1 128
1 131
1 143
1 153
1 157
1 181
1 191
1 196
1 215
1 244
1 261
1 293
1 294
1 295
1 296
1 297
1 298
1 299
1 300
1 301
1 302
1 303
1 304
1 305
1 306
1 307
1 308
1 309
1 310
1 311
1 312
1 313
1 314
1 315
1 316
1 317
1 318
1 319
1 320
1 321
1 322
1 323
1 324
1 325
1 326
1 327
1 328
1 329
1 330
1 331
1 332
1 333
1 334
1 335
1 336
2 121
2 261
3 121
5 110
5 121
12 121
16 121
17 122
18 122
24 121
28 121
29 121
36 121
45 261
87 110
89 122
90 121
91 121
101 122
110 261
110 835
110 905
119 121
119 122
121 122
121 163
121 170
121 184
121 215
121 218
121 219
121 244
121 250
121 261
121 266
121 342
121 396
121 543
121 605
121 607
121 616
121 633
121 649
121 656
121 657
121 658
121 659
121 660
121 661
121 662
121 663
121 664
121 665
121 666
122 153
122 154
122 212
122 460
122 494
122 523
122 525
122 537
122 565
122 634
122 647
122 656
122 669
122 703
122 720
122 756
122 757
215 261
261 267
261 276
261 896
