0 24
2 121
3 121
5 121
10 24
12 121
16 121
17 24
17 122
18 122
24 89
24 121
24 230
24 375
24 635
24 663
24 909
24 910
28 121
29 121
36 121
89 122
90 121
91 121
101 122
119 121
119 122
121 122
121 163
121 170
121 184
121 215
121 218
121 219
121 244
121 250
121 261
121 266
121 342
121 396
121 543
121 605
121 607
121 616
121 633
121 649
121 656
121 657
121 658
121 659
121 660
121 661
121 662
121 663
121 664
121 665
121 666
122 153
122 154
122 212
122 460
122 494
122 523
122 525
122 537
122 565
122 634
122 647
122 656
122 669
122 703
122 720
122 756
122 757
129 910
168 909
402 910
542 909
590 909
668 909
772 910
800 909
837 910
909 974
