0 50
0 70
0 81
1 124
1 143
2 50
2 120
2 121
2 154
2 163
2 171
2 218
2 386
3 121
3 154
3 404
3 406
3 407
3 410
4 50
4 120
4 154
4 158
4 160
4 163
4 218
5 120
5 121
5 123
5 148
6 105
6 154
6 156
7 152
7 159
7 160
7 404
7 539
7 543
7 549
7 550
7 562
8 154
8 161
8 171
8 218
8 229
8 601
9 120
9 158
9 165
9 224
9 639
10 154
10 156
10 159
11 154
11 167
11 550
12 121
12 123
12 406
14 160
15 639
15 798
16 121
16 124
16 154
16 404
17 122
17 218
17 798
18 122
18 404
20 798
20 833
20 889
21 218
21 893
23 893
24 121
24 910
25 407
26 627
27 123
27 161
28 121
28 123
28 159
28 562
28 819
28 951
29 121
30 775
32 81
35 129
35 165
36 121
36 154
37 779
38 154
38 406
45 123
49 120
49 234
50 103
50 154
50 483
50 520
50 809
51 407
53 165
54 156
54 889
56 229
56 237
63 160
64 156
67 163
67 902
69 161
70 163
70 182
70 405
70 410
70 514
75 147
77 920
79 601
81 144
81 156
81 463
83 949
85 214
87 105
89 122
89 626
89 627
89 633
90 121
91 121
92 237
92 601
94 159
98 218
98 951
101 122
102 776
103 165
103 171
103 829
105 156
105 220
105 849
108 639
119 120
119 121
119 122
119 123
119 124
119 129
119 143
119 147
119 148
119 149
119 150
119 152
120 148
120 152
120 154
120 172
120 252
120 262
120 339
120 342
120 386
120 404
120 430
120 445
120 565
120 566
120 567
120 568
120 569
120 570
120 571
120 572
120 573
120 574
120 575
120 576
120 577
120 578
121 122
121 163
121 170
121 184
121 215
121 218
121 219
121 244
121 250
121 261
121 266
121 342
121 396
121 543
121 605
121 607
121 616
121 633
121 649
121 656
121 657
121 658
121 659
121 660
121 661
121 662
121 663
121 664
121 665
121 666
122 153
122 154
122 212
122 460
122 494
122 523
122 525
122 537
122 565
122 634
122 647
122 656
122 669
122 703
122 720
122 756
122 757
123 160
123 276
123 328
123 340
123 406
123 438
123 504
123 549
123 582
123 626
123 667
123 707
123 744
123 766
123 772
123 783
123 799
123 820
123 835
123 861
123 911
123 912
124 184
124 231
124 342
124 409
124 566
124 661
124 817
124 893
124 908
124 915
124 935
124 936
126 154
126 224
127 160
129 154
129 220
129 551
129 704
129 789
129 893
129 910
136 237
139 154
140 792
141 410
142 915
143 157
143 201
143 224
143 460
146 154
147 217
147 237
147 413
148 200
148 442
149 155
149 156
149 231
149 774
150 154
150 217
150 240
150 293
152 259
152 719
153 154
153 156
153 158
153 159
153 160
153 161
153 163
153 165
153 167
153 171
153 205
153 214
154 158
154 159
154 164
154 175
154 190
154 197
154 215
154 216
154 222
154 224
154 228
154 229
154 234
154 236
154 264
154 296
154 298
154 315
154 317
154 338
154 340
154 348
154 351
154 366
154 372
154 373
154 377
154 389
154 396
154 397
154 398
154 407
154 420
154 429
154 430
154 447
154 454
154 459
154 460
154 461
154 462
154 463
154 464
154 465
154 466
154 467
154 468
154 469
154 470
154 471
154 472
154 473
154 474
154 475
154 476
154 477
154 478
154 479
154 480
154 481
154 482
154 483
154 484
154 485
154 486
154 487
154 488
154 489
154 490
154 491
154 492
154 493
154 494
154 495
154 496
154 497
154 498
154 499
154 500
154 501
155 165
155 229
156 158
156 170
156 177
156 203
156 214
156 215
156 216
156 222
156 294
156 297
156 304
156 313
156 333
156 398
156 420
156 444
156 451
156 463
156 474
156 490
156 567
156 580
156 582
156 608
156 637
156 654
156 657
156 658
156 674
156 731
156 749
156 771
156 772
156 773
156 774
156 775
156 776
156 777
156 778
156 779
157 626
158 161
158 365
158 493
158 496
158 509
158 580
158 719
158 808
158 810
158 813
158 823
158 831
158 832
158 833
158 834
158 835
158 836
159 217
159 228
159 247
159 322
159 397
159 439
159 458
159 470
159 522
159 526
159 541
159 562
159 573
159 625
159 636
159 698
159 771
159 797
159 799
159 818
159 899
159 901
159 902
159 903
160 215
160 240
160 288
160 319
160 349
160 453
160 465
160 507
160 607
160 705
160 736
160 746
160 798
160 840
160 869
160 906
161 167
161 176
161 205
161 293
161 365
161 412
161 414
161 438
161 462
161 471
161 537
161 539
161 547
161 613
161 640
161 720
161 748
161 792
161 849
161 856
161 874
162 907
162 908
163 199
163 207
163 285
163 299
163 342
163 348
163 363
163 421
163 482
163 601
163 657
163 690
163 702
163 706
163 907
163 929
163 930
163 931
164 562
164 904
164 908
165 171
165 222
165 228
165 307
165 345
165 436
165 504
165 517
165 635
165 698
165 712
165 744
165 749
165 751
165 754
165 760
165 800
165 815
165 882
165 942
167 169
167 191
167 219
167 346
167 475
167 628
167 735
167 813
167 882
168 406
168 902
168 915
171 264
171 293
171 635
171 653
171 911
171 951
171 968
174 410
176 833
179 218
180 550
182 906
182 907
184 410
185 792
189 783
196 224
196 549
200 214
205 215
205 471
205 699
208 783
214 542
215 218
215 224
215 229
215 234
215 237
216 224
216 410
216 543
217 234
218 424
218 446
218 586
218 603
218 758
218 759
218 760
220 783
222 224
222 817
222 819
222 820
222 823
224 411
224 467
224 496
224 503
224 605
224 620
224 645
224 701
224 860
224 861
227 887
229 278
229 317
229 342
229 360
229 389
229 431
229 511
229 569
229 595
229 602
229 609
229 666
229 691
229 695
229 765
229 790
229 849
229 857
229 876
229 883
229 904
229 905
230 915
230 916
231 920
232 543
232 904
234 265
234 309
234 314
234 339
234 343
234 347
234 351
234 373
234 424
234 472
234 524
234 540
234 620
234 772
234 773
234 824
234 948
236 836
236 902
237 252
237 295
237 334
237 505
237 603
237 627
237 632
237 720
237 761
237 791
237 819
237 888
237 923
237 947
237 958
237 969
237 972
238 935
241 386
241 792
245 942
253 915
256 915
257 904
258 906
263 915
264 779
268 824
275 915
283 954
293 639
294 824
294 826
294 827
294 829
295 824
297 779
297 947
298 907
303 949
306 931
308 406
309 829
312 406
313 798
317 916
329 831
335 949
338 543
338 633
338 776
338 792
339 539
339 832
340 601
342 831
344 792
345 833
347 947
348 824
348 832
348 887
348 907
348 915
348 920
348 931
349 407
349 831
352 820
352 935
352 942
353 889
354 783
354 889
355 906
357 404
362 601
363 826
364 823
366 410
367 906
369 549
370 407
371 824
375 406
378 798
386 523
386 572
386 750
386 982
387 626
390 951
396 942
397 907
402 910
403 916
404 862
404 983
406 441
406 497
407 537
407 585
407 788
408 819
410 849
410 887
432 626
432 827
436 889
445 823
446 908
449 633
454 832
456 792
457 832
457 887
459 776
460 817
464 931
465 907
469 915
470 826
473 827
475 920
490 949
496 954
497 893
500 908
503 798
504 949
505 831
505 902
506 820
507 911
514 820
516 889
520 776
521 907
522 903
523 833
523 958
527 817
537 626
537 639
539 542
539 546
539 772
539 849
539 968
541 887
542 949
543 621
543 666
547 836
547 911
549 656
549 954
549 975
550 639
550 765
550 866
550 888
551 826
562 674
562 985
564 915
565 831
566 904
579 792
580 601
581 912
582 627
586 907
597 798
598 902
598 903
598 908
599 908
601 639
601 969
602 831
606 958
608 904
610 826
614 889
614 920
615 920
625 831
626 628
626 768
627 789
627 871
627 915
629 907
630 639
633 876
639 680
639 923
639 949
643 783
645 887
649 907
654 833
657 832
658 831
658 832
668 836
668 912
672 827
672 906
673 916
684 831
699 920
702 951
708 779
710 904
720 833
720 958
723 908
724 904
730 833
733 783
738 915
743 831
745 792
747 958
748 935
750 916
755 903
757 935
758 912
763 931
766 824
767 887
768 831
772 910
772 915
775 788
775 810
775 849
775 852
775 856
776 943
777 942
778 832
781 823
783 892
784 832
787 829
789 827
792 876
798 916
798 943
798 984
798 996
800 951
806 836
817 838
818 827
819 915
826 958
826 973
827 829
827 954
829 871
832 912
832 963
833 886
833 995
836 947
836 960
837 910
849 954
855 911
855 951
855 958
858 887
859 912
867 907
886 915
887 900
887 915
889 903
889 920
889 948
902 930
902 935
904 932
906 934
911 951
915 949
915 983
915 986
915 990
916 996
922 942
931 988
935 962
947 972
958 973
958 980
958 994
