0 1
0 2
0 6
0 7
0 35
0 62
0 85
1 2
1 3
1 4
1 7
1 13
1 14
1 15
1 32
1 39
1 46
1 87
1 88
1 89
1 110
1 111
1 119
1 124
1 128
1 131
1 143
1 153
1 157
1 181
1 191
1 196
1 215
1 244
1 261
1 293
1 294
1 295
1 296
1 297
1 298
1 299
1 300
1 301
1 302
1 303
1 304
1 305
1 306
1 307
1 308
1 309
1 310
1 311
1 312
1 313
1 314
1 315
1 316
1 317
1 318
1 319
1 320
1 321
1 322
1 323
1 324
1 325
1 326
1 327
1 328
1 329
1 330
1 331
1 332
1 333
1 334
1 335
1 336
2 3
2 5
2 7
2 15
2 16
2 18
2 19
2 20
2 22
2 31
2 38
2 50
2 60
2 67
2 85
2 88
2 106
2 119
2 120
2 121
2 130
2 134
2 153
2 154
2 155
2 162
2 163
2 164
2 171
2 174
2 208
2 209
2 215
2 217
2 218
2 219
2 223
2 231
2 250
2 261
2 298
2 302
2 310
2 337
2 338
2 339
2 340
2 341
2 342
2 343
2 344
2 345
2 346
2 347
2 348
2 349
2 350
2 351
2 352
2 353
2 354
2 355
2 356
2 357
2 358
2 359
2 360
2 361
2 362
2 363
2 364
2 365
2 366
2 367
2 368
2 369
2 370
2 371
2 372
2 373
2 374
2 375
2 376
2 377
2 378
2 379
2 380
2 381
2 382
2 383
2 384
2 385
2 386
2 387
2 388
2 389
2 390
2 391
2 392
2 393
2 394
2 395
2 396
2 397
2 398
2 399
2 400
3 7
3 62
3 154
3 404
3 406
4 6
4 87
4 127
4 154
4 158
4 160
4 163
4 218
5 6
5 87
5 123
5 514
6 10
6 19
6 52
6 62
6 95
6 105
6 154
6 156
6 185
6 202
6 203
6 212
6 213
6 215
6 216
6 231
6 241
6 303
6 315
6 359
6 402
6 417
6 427
6 441
6 443
6 461
6 503
6 527
6 528
6 529
6 530
6 531
6 532
6 533
6 534
6 535
6 536
7 11
7 14
7 37
7 46
7 48
7 57
7 90
7 152
7 159
7 160
7 215
7 216
7 217
7 220
7 226
7 232
7 244
7 293
7 294
7 302
7 309
7 349
7 350
7 358
7 374
7 385
7 388
7 404
7 459
7 461
7 466
7 501
7 509
7 536
7 537
7 538
7 539
7 540
7 541
7 542
7 543
7 544
7 545
7 546
7 547
7 548
7 549
7 550
7 551
7 552
7 553
7 554
7 555
7 556
7 557
7 558
7 559
7 560
7 561
7 562
7 563
7 564
8 35
8 87
8 125
8 154
8 155
8 161
8 171
8 218
9 125
9 155
9 158
9 165
9 169
9 224
9 639
10 127
10 154
10 155
10 387
11 87
11 154
11 167
11 550
12 104
12 123
12 379
12 406
14 160
15 560
15 639
16 124
16 154
16 404
17 122
17 218
18 117
18 122
18 379
18 394
18 404
20 833
20 891
20 892
21 218
24 375
25 87
25 104
27 123
27 161
28 123
28 560
28 562
28 819
29 379
30 559
32 208
34 169
35 73
35 77
35 104
35 129
35 165
35 228
35 278
35 338
35 381
35 808
35 890
35 917
35 928
36 154
36 155
37 114
38 154
38 406
39 169
42 941
43 117
45 123
47 87
49 234
50 154
53 165
58 87
58 114
60 87
62 68
62 463
62 553
62 641
62 891
62 892
63 160
67 163
67 902
69 161
70 163
70 514
83 949
85 214
85 713
85 937
85 997
87 88
87 89
87 90
87 91
87 92
87 93
87 94
87 95
87 96
87 97
87 98
87 99
87 100
87 101
87 102
87 103
87 104
87 105
87 106
87 107
87 108
87 109
87 110
87 111
87 112
87 113
87 114
87 115
87 116
87 117
87 118
88 395
89 122
93 169
93 563
94 937
95 114
98 218
101 122
103 165
103 171
104 118
104 137
104 164
104 254
104 744
104 890
105 156
105 220
105 849
106 957
108 639
113 340
113 385
113 536
113 618
113 736
113 772
113 874
113 948
114 116
114 403
115 172
115 216
115 423
115 610
115 774
115 960
117 223
117 333
117 632
117 686
118 219
118 226
118 510
119 122
119 123
119 124
119 125
119 127
119 143
119 149
119 150
119 152
120 152
120 154
120 386
120 404
121 122
121 163
121 218
122 153
122 154
122 212
122 460
122 494
122 523
122 525
122 537
122 565
122 634
122 647
122 656
122 669
122 703
122 720
122 756
122 757
123 160
123 276
123 328
123 340
123 406
123 438
123 504
123 549
123 582
123 626
123 667
123 707
123 744
123 766
123 772
123 783
123 799
123 820
123 835
123 861
123 911
123 912
124 184
124 231
124 342
124 409
124 566
124 661
124 817
124 893
124 908
124 915
124 935
124 936
125 155
125 230
125 517
125 527
125 566
125 849
125 922
125 941
126 154
126 224
127 160
127 200
127 353
127 356
127 370
127 537
127 642
127 900
127 945
127 946
128 891
129 154
131 393
139 154
142 915
143 157
143 201
143 224
143 460
146 154
149 155
149 156
149 231
149 774
150 154
150 217
150 240
150 293
152 259
152 719
153 154
153 155
153 158
153 160
153 161
153 162
153 163
153 165
153 167
153 169
153 171
153 208
154 158
154 159
154 164
154 175
154 190
154 197
154 215
154 216
154 222
154 224
154 228
154 229
154 234
154 236
154 264
154 296
154 298
154 315
154 317
154 338
154 340
154 348
154 351
154 366
154 372
154 373
154 377
154 389
154 396
154 397
154 398
154 407
154 420
154 429
154 430
154 447
154 454
154 459
154 460
154 461
154 462
154 463
154 464
154 465
154 466
154 467
154 468
154 469
154 470
154 471
154 472
154 473
154 474
154 475
154 476
154 477
154 478
154 479
154 480
154 481
154 482
154 483
154 484
154 485
154 486
154 487
154 488
154 489
154 490
154 491
154 492
154 493
154 494
154 495
154 496
154 497
154 498
154 499
154 500
154 501
155 157
155 165
155 220
155 229
155 232
155 295
155 337
155 345
155 431
155 445
155 537
155 579
155 580
155 611
155 614
155 675
155 712
155 713
155 714
155 715
155 716
155 717
155 718
156 158
157 381
158 161
158 365
158 493
158 496
158 509
158 580
158 719
158 808
158 810
158 813
158 823
158 831
158 832
158 833
158 834
158 835
158 836
159 562
159 902
160 215
160 240
160 288
160 319
160 349
160 453
160 465
160 507
160 607
160 705
160 736
160 746
160 798
160 840
160 869
160 906
161 167
161 176
161 205
161 293
161 365
161 412
161 414
161 438
161 462
161 471
161 537
161 539
161 547
161 613
161 640
161 720
161 748
161 792
161 849
161 856
161 874
162 215
162 233
162 339
162 340
162 525
162 769
162 907
162 908
163 199
163 207
163 285
163 299
163 342
163 348
163 363
163 421
163 482
163 601
163 657
163 690
163 702
163 706
163 907
163 929
163 930
163 931
164 562
164 563
164 908
165 171
165 222
165 228
165 307
165 345
165 436
165 504
165 517
165 635
165 698
165 712
165 744
165 749
165 751
165 754
165 760
165 800
165 815
165 882
165 942
167 169
167 191
167 219
167 346
167 475
167 628
167 735
167 813
167 882
168 406
168 902
168 915
169 268
169 374
169 396
169 435
169 565
169 653
169 662
169 738
169 743
169 924
169 941
169 957
171 264
171 293
171 635
171 653
171 911
171 951
171 968
176 833
178 557
179 218
179 937
180 550
182 906
193 554
196 224
200 557
202 394
208 533
208 710
208 783
215 218
215 224
215 234
216 224
217 234
218 424
218 446
218 586
218 603
218 758
218 759
218 760
220 393
221 394
222 224
222 392
222 553
222 817
222 819
222 820
222 823
224 411
224 467
224 496
224 503
224 605
224 620
224 645
224 701
224 860
224 861
230 915
230 917
233 937
234 265
234 309
234 314
234 339
234 343
234 347
234 351
234 373
234 424
234 472
234 524
234 540
234 620
234 772
234 773
234 824
234 948
236 902
237 819
238 935
241 386
243 383
245 942
253 915
256 915
258 906
263 915
268 824
275 915
287 553
293 639
294 824
295 824
296 946
301 559
302 370
303 949
308 375
308 406
312 406
314 383
318 392
318 554
329 831
335 949
339 393
342 384
342 394
342 831
345 833
348 824
348 915
349 831
349 891
352 820
352 935
352 942
355 906
357 404
361 937
364 823
367 559
367 560
367 906
369 558
370 407
370 475
370 531
370 609
370 866
371 824
375 406
375 470
375 891
377 558
378 381
379 390
379 587
379 703
381 401
383 402
383 500
383 546
383 978
384 466
384 748
384 772
386 523
386 572
386 750
386 982
387 531
387 626
387 888
387 995
392 436
392 452
392 742
392 873
393 537
395 447
395 505
395 587
395 760
396 942
401 559
404 862
404 983
406 441
406 497
408 819
431 937
436 514
436 553
445 558
445 823
446 908
460 817
461 553
469 915
486 946
490 560
490 949
500 908
501 558
504 941
504 949
505 831
505 902
505 941
506 820
507 911
514 600
514 650
514 820
514 865
514 941
516 557
522 957
523 833
527 817
537 639
542 949
547 911
550 639
550 765
550 866
550 888
552 625
552 667
552 758
552 800
554 636
554 665
554 763
554 847
557 799
558 624
560 878
562 674
562 985
563 813
563 843
564 915
565 831
567 946
581 912
598 902
598 908
599 908
601 639
602 831
606 946
620 946
625 831
627 915
630 639
639 680
639 923
639 949
654 833
658 831
668 912
672 906
684 831
696 937
713 937
720 833
723 908
730 833
738 915
743 831
748 935
749 892
757 935
758 912
766 824
768 831
772 915
777 942
781 823
783 892
795 917
817 838
819 915
832 912
833 886
833 995
844 957
855 911
859 912
869 917
882 957
886 915
887 915
891 953
892 924
902 930
902 935
906 934
911 951
915 949
915 983
915 986
915 990
917 924
922 942
935 962
941 992
