2 121
2 154
2 163
2 164
3 121
3 154
4 154
4 158
4 163
5 121
5 164
6 154
7 159
7 563
8 154
9 158
10 154
10 159
10 164
11 154
12 104
12 121
16 121
16 154
17 122
18 122
24 121
24 663
25 104
28 121
28 159
29 121
35 104
36 121
36 154
36 663
38 154
50 154
54 663
67 163
67 902
70 163
87 104
89 122
90 121
91 121
93 563
94 159
101 122
104 118
104 137
104 164
104 254
104 744
104 890
119 121
119 122
120 154
121 122
121 163
121 170
121 184
121 215
121 218
121 219
121 244
121 250
121 261
121 266
121 342
121 396
121 543
121 605
121 607
121 616
121 633
121 649
121 656
121 657
121 658
121 659
121 660
121 661
121 662
121 663
121 664
121 665
121 666
122 153
122 154
122 212
122 460
122 494
122 523
122 525
122 537
122 565
122 634
122 647
122 656
122 669
122 703
122 720
122 756
122 757
124 908
126 154
129 154
133 164
139 154
146 154
150 154
153 154
153 158
153 159
153 163
153 164
154 158
154 159
154 164
154 175
154 190
154 197
154 215
154 216
154 222
154 224
154 228
154 229
154 234
154 236
154 264
154 296
154 298
154 315
154 317
154 338
154 340
154 348
154 351
154 366
154 372
154 373
154 377
154 389
154 396
154 397
154 398
154 407
154 420
154 429
154 430
154 447
154 454
154 459
154 460
154 461
154 462
154 463
154 464
154 465
154 466
154 467
154 468
154 469
154 470
154 471
154 472
154 473
154 474
154 475
154 476
154 477
154 478
154 479
154 480
154 481
154 482
154 483
154 484
154 485
154 486
154 487
154 488
154 489
154 490
154 491
154 492
154 493
154 494
154 495
154 496
154 497
154 498
154 499
154 500
154 501
156 158
158 161
158 365
158 493
158 496
158 509
158 580
158 719
158 808
158 810
158 813
158 823
158 831
158 832
158 833
158 834
158 835
158 836
159 217
159 228
159 247
159 322
159 397
159 439
159 458
159 470
159 522
159 526
159 541
159 562
159 573
159 625
159 636
159 698
159 771
159 797
159 799
159 818
159 899
159 901
159 902
159 903
162 907
162 908
163 199
163 207
163 285
163 299
163 342
163 348
163 363
163 421
163 482
163 601
163 657
163 690
163 702
163 706
163 907
163 929
163 930
163 931
164 168
164 182
164 318
164 466
164 500
164 545
164 562
164 563
164 641
164 674
164 693
164 757
164 780
164 801
164 904
164 908
164 934
168 902
182 907
229 904
232 904
236 902
257 904
298 907
348 907
355 663
397 907
446 908
465 907
500 908
505 902
521 907
563 813
563 843
566 904
586 907
598 902
598 908
599 908
608 904
629 907
649 907
710 904
723 908
724 904
867 907
902 930
902 935
904 932
