0 8
2 154
2 164
3 154
4 8
4 154
4 158
5 164
6 154
6 216
7 159
7 216
8 9
8 10
8 18
8 31
8 35
8 42
8 57
8 61
8 79
8 87
8 93
8 97
8 125
8 131
8 136
8 154
8 155
8 161
8 171
8 215
8 217
8 218
8 229
8 260
8 274
8 293
8 336
8 340
8 341
8 358
8 418
8 433
8 444
8 459
8 461
8 464
8 474
8 505
8 521
8 561
8 567
8 595
8 598
8 599
8 600
8 601
8 602
8 603
8 604
8 605
8 606
8 607
8 608
8 609
8 610
8 611
8 612
8 613
8 614
8 615
8 616
8 617
8 618
8 619
8 620
8 621
8 622
9 125
9 158
9 216
10 154
10 159
10 164
11 154
12 216
13 752
16 154
17 122
18 122
18 216
19 870
28 159
32 216
36 154
37 225
38 154
44 216
50 154
67 902
76 216
83 870
87 115
89 122
89 225
93 225
94 159
95 216
100 216
101 122
104 164
115 172
115 216
115 423
115 610
115 774
115 960
119 122
119 125
120 154
121 122
122 153
122 154
122 212
122 460
122 494
122 523
122 525
122 537
122 565
122 634
122 647
122 656
122 669
122 703
122 720
122 756
122 757
125 155
125 230
125 517
125 527
125 566
125 849
125 922
125 941
126 154
129 154
133 164
133 225
139 154
146 154
150 154
153 154
153 158
153 159
153 164
154 158
154 159
154 164
154 175
154 190
154 197
154 215
154 216
154 222
154 224
154 228
154 229
154 234
154 236
154 264
154 296
154 298
154 315
154 317
154 338
154 340
154 348
154 351
154 366
154 372
154 373
154 377
154 389
154 396
154 397
154 398
154 407
154 420
154 429
154 430
154 447
154 454
154 459
154 460
154 461
154 462
154 463
154 464
154 465
154 466
154 467
154 468
154 469
154 470
154 471
154 472
154 473
154 474
154 475
154 476
154 477
154 478
154 479
154 480
154 481
154 482
154 483
154 484
154 485
154 486
154 487
154 488
154 489
154 490
154 491
154 492
154 493
154 494
154 495
154 496
154 497
154 498
154 499
154 500
154 501
156 158
156 216
157 216
158 161
158 365
158 493
158 496
158 509
158 580
158 719
158 808
158 810
158 813
158 823
158 831
158 832
158 833
158 834
158 835
158 836
159 217
159 228
159 247
159 322
159 397
159 439
159 458
159 470
159 522
159 526
159 541
159 562
159 573
159 625
159 636
159 698
159 771
159 797
159 799
159 818
159 899
159 901
159 902
159 903
164 168
164 182
164 318
164 466
164 500
164 545
164 562
164 563
164 641
164 674
164 693
164 757
164 780
164 801
164 904
164 908
164 934
168 902
172 216
174 752
215 216
215 225
216 224
216 225
216 226
216 235
216 253
216 286
216 337
216 338
216 410
216 441
216 488
216 532
216 543
216 565
216 579
216 580
216 608
216 609
216 621
216 661
216 677
216 684
216 685
216 686
216 687
216 688
216 689
216 690
216 691
216 692
216 693
216 694
216 695
216 696
216 697
216 698
216 699
216 700
216 701
225 245
225 311
225 338
225 345
225 350
225 427
225 503
225 537
225 600
225 731
225 741
225 749
225 869
225 870
236 902
298 622
342 870
361 622
473 870
505 870
505 902
519 622
598 752
598 902
622 752
752 754
752 837
752 870
870 993
902 930
902 935
