0 6
1 153
2 121
2 153
2 162
2 171
2 339
2 340
3 121
4 6
4 153
4 160
5 6
5 121
5 123
5 166
5 339
5 340
6 10
6 19
6 52
6 62
6 95
6 105
6 154
6 156
6 185
6 202
6 203
6 212
6 213
6 215
6 216
6 231
6 241
6 303
6 315
6 359
6 402
6 417
6 427
6 441
6 443
6 461
6 503
6 527
6 528
6 529
6 530
6 531
6 532
6 533
6 534
6 535
6 536
7 159
7 160
7 562
8 161
8 171
8 340
9 165
10 153
10 156
10 159
10 166
12 121
12 123
12 340
14 160
16 121
17 122
17 339
18 122
24 121
26 339
27 123
27 161
28 121
28 123
28 159
28 562
29 121
35 165
36 121
45 123
53 153
53 165
54 156
63 160
64 156
67 902
69 161
81 156
87 105
87 113
88 339
89 122
90 121
91 121
92 340
94 159
101 122
103 165
103 171
105 156
105 220
105 849
113 340
113 385
113 536
113 618
113 736
113 772
113 874
113 948
119 121
119 122
119 123
119 149
120 339
121 122
121 163
121 170
121 184
121 215
121 218
121 219
121 244
121 250
121 261
121 266
121 342
121 396
121 543
121 605
121 607
121 616
121 633
121 649
121 656
121 657
121 658
121 659
121 660
121 661
121 662
121 663
121 664
121 665
121 666
122 153
122 154
122 212
122 460
122 494
122 523
122 525
122 537
122 565
122 634
122 647
122 656
122 669
122 703
122 720
122 756
122 757
123 160
123 276
123 328
123 340
123 406
123 438
123 504
123 549
123 582
123 626
123 667
123 707
123 744
123 766
123 772
123 783
123 799
123 820
123 835
123 861
123 911
123 912
124 908
124 935
127 160
149 155
149 156
149 231
149 774
153 154
153 155
153 156
153 157
153 158
153 159
153 160
153 161
153 162
153 163
153 164
153 165
153 166
153 167
153 168
153 169
153 170
153 171
153 172
153 173
153 174
153 175
153 176
153 177
153 178
153 179
153 180
153 181
153 182
153 183
153 184
153 185
153 186
153 187
153 188
153 189
153 190
153 191
153 192
153 193
153 194
153 195
153 196
153 197
153 198
153 199
153 200
153 201
153 202
153 203
153 204
153 205
153 206
153 207
153 208
153 209
153 210
153 211
153 212
153 213
153 214
154 159
154 340
155 165
156 158
156 170
156 177
156 203
156 214
156 215
156 216
156 222
156 294
156 297
156 304
156 313
156 333
156 398
156 420
156 444
156 451
156 463
156 474
156 490
156 567
156 580
156 582
156 608
156 637
156 654
156 657
156 658
156 674
156 731
156 749
156 771
156 772
156 773
156 774
156 775
156 776
156 777
156 778
156 779
157 166
158 161
158 832
159 217
159 228
159 247
159 322
159 397
159 439
159 458
159 470
159 522
159 526
159 541
159 562
159 573
159 625
159 636
159 698
159 771
159 797
159 799
159 818
159 899
159 901
159 902
159 903
160 215
160 240
160 288
160 319
160 349
160 453
160 465
160 507
160 607
160 705
160 736
160 746
160 798
160 840
160 869
160 906
161 167
161 176
161 205
161 293
161 365
161 412
161 414
161 438
161 462
161 471
161 537
161 539
161 547
161 613
161 640
161 720
161 748
161 792
161 849
161 856
161 874
162 215
162 233
162 339
162 340
162 525
162 769
162 907
162 908
163 907
164 562
164 908
165 171
165 222
165 228
165 307
165 345
165 436
165 504
165 517
165 635
165 698
165 712
165 744
165 749
165 751
165 754
165 760
165 800
165 815
165 882
165 942
166 292
166 293
166 412
166 722
166 771
166 914
168 902
171 264
171 293
171 635
171 653
171 911
171 951
171 968
178 340
182 906
182 907
188 339
204 340
222 820
232 340
234 339
235 339
236 339
236 902
238 935
241 339
242 339
245 942
258 906
260 853
265 339
297 339
298 907
299 339
303 340
339 393
339 459
339 463
339 477
339 539
339 540
339 569
339 584
339 591
339 621
339 624
339 642
339 684
339 702
339 704
339 763
339 778
339 780
339 804
339 805
339 832
339 843
339 846
339 849
339 850
339 851
339 852
339 853
339 854
339 855
340 347
340 355
340 509
340 538
340 569
340 601
340 613
340 628
340 648
340 659
340 667
340 684
340 719
340 740
340 766
340 856
340 857
340 858
340 859
348 832
348 907
352 820
352 935
352 942
355 906
367 906
396 942
397 907
446 908
454 832
457 832
465 907
483 853
500 908
505 902
506 820
507 911
514 820
521 907
547 911
562 674
562 985
586 907
598 902
598 908
599 908
629 907
649 907
657 832
658 832
671 853
672 906
723 908
748 935
757 935
777 942
778 832
784 832
799 853
832 912
832 963
855 911
867 907
902 930
902 935
906 934
911 951
922 942
935 962
