2 155
8 125
8 155
9 125
9 155
9 165
10 155
35 165
36 155
42 941
53 165
103 165
116 992
119 125
119 149
125 155
125 230
125 517
125 527
125 566
125 849
125 922
125 941
142 992
149 155
149 156
149 231
149 774
153 155
153 165
155 157
155 165
155 220
155 229
155 232
155 295
155 337
155 345
155 431
155 445
155 537
155 579
155 580
155 611
155 614
155 675
155 712
155 713
155 714
155 715
155 716
155 717
155 718
165 171
165 222
165 228
165 307
165 345
165 436
165 504
165 517
165 635
165 698
165 712
165 744
165 749
165 751
165 754
165 760
165 800
165 815
165 882
165 942
169 941
177 992
492 992
504 941
505 941
514 941
941 992
