2 121
3 121
4 90
5 121
7 90
9 653
12 121
16 121
17 122
18 122
23 90
24 121
28 121
29 121
36 121
87 90
89 122
90 121
90 183
90 200
90 230
90 293
90 309
90 401
90 426
90 606
90 653
90 723
90 754
91 121
101 122
119 121
119 122
121 122
121 163
121 170
121 184
121 215
121 218
121 219
121 244
121 250
121 261
121 266
121 342
121 396
121 543
121 605
121 607
121 616
121 633
121 649
121 656
121 657
121 658
121 659
121 660
121 661
121 662
121 663
121 664
121 665
121 666
122 153
122 154
122 212
122 460
122 494
122 523
122 525
122 537
122 565
122 634
122 647
122 656
122 669
122 703
122 720
122 756
122 757
169 653
171 653
635 653
