4 158
7 539
8 161
9 158
11 167
27 161
69 161
153 158
153 161
153 167
154 158
156 158
158 161
158 365
158 493
158 496
158 509
158 580
158 719
158 808
158 810
158 813
158 823
158 831
158 832
158 833
158 834
158 835
158 836
161 167
161 176
161 205
161 293
161 365
161 412
161 414
161 438
161 462
161 471
161 537
161 539
161 547
161 613
161 640
161 720
161 748
161 792
161 849
161 856
161 874
167 169
167 191
167 219
167 346
167 475
167 628
167 735
167 813
167 882
339 539
339 832
348 832
454 832
457 832
539 542
539 546
539 772
539 849
539 968
657 832
658 832
778 832
784 832
832 912
832 963
