0 1
0 2
0 3
0 4
0 5
0 6
0 7
0 8
0 9
0 10
0 11
0 12
0 13
0 14
0 15
0 16
0 17
0 18
0 19
0 20
0 21
0 22
0 23
0 24
0 25
0 26
0 27
0 28
0 29
0 30
0 31
0 32
0 33
0 34
0 35
0 36
0 37
0 38
0 39
0 40
0 41
0 42
0 43
0 44
0 45
0 46
0 47
0 48
0 49
0 50
0 51
0 52
0 53
0 54
0 55
0 56
0 57
0 58
0 59
0 60
0 61
0 62
0 63
0 64
0 65
0 66
0 67
0 68
0 69
0 70
0 71
0 72
0 73
0 74
0 75
0 76
0 77
0 78
0 79
0 80
0 81
0 82
0 83
0 84
0 85
0 86
1 2
1 3
1 4
1 7
1 13
1 14
1 15
1 32
1 39
1 46
1 87
1 88
1 89
1 110
1 111
1 119
1 124
1 128
1 131
1 143
1 153
1 157
1 181
1 191
1 196
1 215
1 244
1 261
1 293
1 294
1 295
1 296
1 297
1 298
1 299
1 300
1 301
1 302
1 303
1 304
1 305
1 306
1 307
1 308
1 309
1 310
1 311
1 312
1 313
1 314
1 315
1 316
1 317
1 318
1 319
1 320
1 321
1 322
1 323
1 324
1 325
1 326
1 327
1 328
1 329
1 330
1 331
1 332
1 333
1 334
1 335
1 336
2 7
2 50
2 85
2 120
2 121
2 153
2 154
2 162
2 163
2 208
2 218
2 340
2 386
2 388
2 397
3 7
3 78
3 121
3 154
3 407
4 50
4 120
4 153
4 154
4 160
4 163
4 218
4 436
5 110
5 120
5 121
5 148
5 166
5 340
6 105
6 154
6 156
6 212
6 213
7 11
7 14
7 37
7 46
7 48
7 57
7 90
7 152
7 159
7 160
7 215
7 216
7 217
7 220
7 226
7 232
7 244
7 293
7 294
7 302
7 309
7 349
7 350
7 358
7 374
7 385
7 388
7 404
7 459
7 461
7 466
7 501
7 509
7 536
7 537
7 538
7 539
7 540
7 541
7 542
7 543
7 544
7 545
7 546
7 547
7 548
7 549
7 550
7 551
7 552
7 553
7 554
7 555
7 556
7 557
7 558
7 559
7 560
7 561
7 562
7 563
7 564
8 79
8 154
8 161
8 218
8 229
8 340
8 561
9 59
9 120
9 165
9 169
9 224
9 545
9 639
10 153
10 154
10 156
10 166
11 154
11 550
11 628
12 104
12 121
12 226
12 340
14 160
15 560
15 639
15 798
16 121
16 124
16 154
17 218
17 798
17 813
18 813
20 798
21 218
23 226
23 555
24 121
25 80
25 104
25 407
27 161
28 72
28 121
28 560
28 562
28 819
29 121
30 82
30 559
30 775
32 81
32 208
34 169
35 104
35 165
36 121
36 154
37 779
37 940
38 154
39 169
47 240
49 120
49 234
50 103
50 154
50 483
50 520
50 809
51 407
53 153
53 165
54 156
56 229
59 459
59 541
59 605
59 857
59 987
62 553
63 160
64 156
65 556
67 163
67 902
69 161
70 163
72 89
72 182
72 496
72 565
72 822
78 402
78 726
78 794
78 953
79 221
79 268
79 601
80 463
80 479
80 581
81 144
81 156
81 463
82 96
82 221
82 768
83 949
85 214
85 713
85 937
85 997
87 104
87 105
87 110
87 111
87 113
87 118
88 226
89 628
89 633
90 121
91 121
92 340
93 169
93 563
94 937
95 813
96 940
98 213
98 218
100 226
102 776
103 165
103 829
104 118
104 137
104 164
104 254
104 744
104 890
105 156
105 220
105 849
106 957
108 639
110 261
110 835
110 905
111 215
111 506
111 725
111 879
113 340
113 385
113 536
113 618
113 736
113 772
113 874
113 948
118 219
118 226
118 510
119 120
119 121
119 124
119 143
119 148
119 149
119 152
120 148
120 152
120 154
120 172
120 252
120 262
120 339
120 342
120 386
120 404
120 430
120 445
120 565
120 566
120 567
120 568
120 569
120 570
120 571
120 572
120 573
120 574
120 575
120 576
120 577
120 578
121 122
121 163
121 170
121 184
121 215
121 218
121 219
121 244
121 250
121 261
121 266
121 342
121 396
121 543
121 605
121 607
121 616
121 633
121 649
121 656
121 657
121 658
121 659
121 660
121 661
121 662
121 663
121 664
121 665
121 666
122 153
122 154
122 212
122 565
123 160
123 340
123 549
123 912
124 184
124 231
124 342
124 409
124 566
124 661
124 817
124 893
124 908
124 915
124 935
124 936
126 154
126 224
127 160
129 154
135 548
136 226
136 548
138 813
139 154
142 915
143 157
143 201
143 224
143 460
146 154
148 200
148 442
149 155
149 156
149 231
149 774
150 154
150 240
152 259
152 719
153 154
153 155
153 156
153 157
153 158
153 159
153 160
153 161
153 162
153 163
153 164
153 165
153 166
153 167
153 168
153 169
153 170
153 171
153 172
153 173
153 174
153 175
153 176
153 177
153 178
153 179
153 180
153 181
153 182
153 183
153 184
153 185
153 186
153 187
153 188
153 189
153 190
153 191
153 192
153 193
153 194
153 195
153 196
153 197
153 198
153 199
153 200
153 201
153 202
153 203
153 204
153 205
153 206
153 207
153 208
153 209
153 210
153 211
153 212
153 213
153 214
154 158
154 159
154 164
154 175
154 190
154 197
154 215
154 216
154 222
154 224
154 228
154 229
154 234
154 236
154 264
154 296
154 298
154 315
154 317
154 338
154 340
154 348
154 351
154 366
154 372
154 373
154 377
154 389
154 396
154 397
154 398
154 407
154 420
154 429
154 430
154 447
154 454
154 459
154 460
154 461
154 462
154 463
154 464
154 465
154 466
154 467
154 468
154 469
154 470
154 471
154 472
154 473
154 474
154 475
154 476
154 477
154 478
154 479
154 480
154 481
154 482
154 483
154 484
154 485
154 486
154 487
154 488
154 489
154 490
154 491
154 492
154 493
154 494
154 495
154 496
154 497
154 498
154 499
154 500
154 501
155 165
155 229
156 158
156 170
156 177
156 203
156 214
156 215
156 216
156 222
156 294
156 297
156 304
156 313
156 333
156 398
156 420
156 444
156 451
156 463
156 474
156 490
156 567
156 580
156 582
156 608
156 637
156 654
156 657
156 658
156 674
156 731
156 749
156 771
156 772
156 773
156 774
156 775
156 776
156 777
156 778
156 779
157 166
157 813
158 161
158 813
158 831
158 832
159 397
159 562
159 902
160 215
160 240
160 288
160 319
160 349
160 453
160 465
160 507
160 607
160 705
160 736
160 746
160 798
160 840
160 869
160 906
161 167
161 176
161 205
161 293
161 365
161 412
161 414
161 438
161 462
161 471
161 537
161 539
161 547
161 613
161 640
161 720
161 748
161 792
161 849
161 856
161 874
162 215
162 233
162 339
162 340
162 525
162 769
162 907
162 908
163 199
163 207
163 285
163 299
163 342
163 348
163 363
163 421
163 482
163 601
163 657
163 690
163 702
163 706
163 907
163 929
163 930
163 931
164 545
164 562
164 563
164 904
164 908
165 171
165 222
165 228
165 307
165 345
165 436
165 504
165 517
165 635
165 698
165 712
165 744
165 749
165 751
165 754
165 760
165 800
165 815
165 882
165 942
166 292
166 293
166 412
166 722
166 771
166 914
167 169
167 628
167 813
167 882
168 902
168 915
169 268
169 374
169 396
169 435
169 565
169 653
169 662
169 738
169 743
169 924
169 941
169 957
172 226
173 436
175 211
178 340
178 557
179 218
179 937
180 550
182 906
193 554
196 224
196 549
200 557
203 226
204 340
208 533
208 710
208 783
211 284
211 296
211 672
212 222
212 427
213 536
213 580
215 218
215 224
215 226
215 229
215 234
215 240
216 224
216 226
216 565
217 234
217 565
218 424
218 446
218 586
218 603
218 758
218 759
218 760
220 790
222 224
222 553
222 813
222 817
222 819
223 240
223 555
224 411
224 467
224 496
224 503
224 605
224 620
224 645
224 701
224 860
224 861
226 264
226 296
226 302
226 319
226 369
226 371
226 487
226 656
226 747
226 762
226 881
229 278
229 317
229 342
229 360
229 389
229 431
229 511
229 569
229 595
229 602
229 609
229 666
229 691
229 695
229 765
229 790
229 849
229 857
229 876
229 883
229 904
229 905
230 915
230 916
232 340
232 904
233 565
233 937
234 265
234 309
234 314
234 339
234 343
234 347
234 351
234 373
234 424
234 472
234 524
234 540
234 620
234 772
234 773
234 824
234 948
235 565
236 902
237 819
238 935
240 504
240 720
240 806
240 914
241 386
245 942
253 915
256 915
257 904
258 906
263 915
264 779
268 790
268 824
275 915
277 565
283 954
287 553
293 545
293 555
293 639
294 824
294 827
294 829
295 824
297 779
297 813
300 813
301 559
303 340
303 949
309 829
313 798
314 561
314 813
317 916
318 554
321 914
329 831
335 949
338 565
338 633
338 776
339 778
339 832
340 347
340 355
340 509
340 538
340 569
340 601
340 613
340 628
340 648
340 659
340 667
340 684
340 719
340 740
340 766
340 856
340 857
340 858
340 859
342 831
343 914
348 778
348 824
348 832
348 914
348 915
349 407
349 831
352 935
352 942
353 545
355 906
359 914
361 937
362 436
362 813
367 559
367 560
367 906
369 549
369 558
370 407
371 824
371 940
372 388
374 388
377 558
378 798
386 523
386 572
386 750
386 982
388 672
392 436
396 942
397 504
397 907
401 559
403 916
405 813
407 537
407 585
407 788
408 819
422 436
428 565
431 937
432 827
436 514
436 538
436 553
436 631
436 742
436 751
436 774
436 889
436 975
445 558
446 908
449 633
454 832
457 832
459 776
459 882
460 817
461 553
464 565
466 548
466 940
469 915
473 827
486 548
490 560
490 949
492 790
496 954
498 548
500 908
501 558
503 798
503 940
504 949
505 831
505 902
516 557
520 776
522 957
527 817
531 813
537 639
540 882
542 949
544 813
545 822
548 599
549 656
549 954
549 975
550 639
550 765
550 866
550 888
551 555
552 625
552 667
552 758
552 800
554 636
554 665
554 763
554 847
556 787
556 845
556 896
557 799
558 624
560 878
561 650
561 940
562 674
562 985
563 813
563 843
564 915
565 684
565 757
565 831
565 860
565 884
565 885
565 886
566 904
581 912
585 813
597 798
598 902
598 908
599 908
600 778
601 639
602 831
608 904
625 831
626 628
627 915
628 948
630 639
633 876
639 680
639 923
639 949
646 790
657 813
657 832
658 831
658 832
668 912
672 827
672 906
673 916
683 813
684 831
696 937
708 779
710 904
713 937
714 813
723 908
724 904
735 882
738 915
743 831
748 935
750 916
756 813
757 935
758 813
758 912
766 824
768 831
772 915
775 788
775 810
775 849
775 852
775 856
776 943
777 813
777 942
778 832
784 832
787 829
789 827
793 914
798 916
798 943
798 984
798 996
804 813
813 828
813 835
813 876
813 877
813 878
813 879
817 838
818 827
819 915
827 829
827 954
829 871
832 912
832 963
844 957
849 954
859 912
882 957
886 915
887 915
902 930
902 935
904 932
906 934
915 949
915 983
915 986
915 990
916 996
922 942
935 962
