0 1
0 2
0 3
0 4
0 5
0 6
0 7
0 8
0 9
0 10
0 11
0 12
0 13
0 14
0 15
0 16
0 17
0 18
0 19
0 20
0 21
0 22
0 23
0 24
0 25
0 26
0 27
0 28
0 29
0 30
0 31
0 32
0 33
0 34
0 35
0 36
0 37
0 38
0 39
0 40
0 41
0 42
0 43
0 44
0 45
0 46
0 47
0 48
0 49
0 50
0 51
0 52
0 53
0 54
0 55
0 56
0 57
0 58
0 59
0 60
0 61
0 62
0 63
0 64
0 65
0 66
0 67
0 68
0 69
0 70
0 71
0 72
0 73
0 74
0 75
0 76
0 77
0 78
0 79
0 80
0 81
0 82
0 83
0 84
0 85
0 86
1 2
1 3
1 4
1 7
1 13
1 14
1 15
1 32
1 39
1 46
1 87
1 88
1 89
1 110
1 111
1 119
1 124
1 128
1 131
1 143
1 153
1 157
1 181
1 191
1 196
1 215
1 244
1 261
1 293
1 294
1 295
1 296
1 297
1 298
1 299
1 300
1 301
1 302
1 303
1 304
1 305
1 306
1 307
1 308
1 309
1 310
1 311
1 312
1 313
1 314
1 315
1 316
1 317
1 318
1 319
1 320
1 321
1 322
1 323
1 324
1 325
1 326
1 327
1 328
1 329
1 330
1 331
1 332
1 333
1 334
1 335
1 336
2 50
2 85
2 120
2 121
2 154
2 155
2 163
2 171
2 218
2 343
2 386
2 398
3 78
3 112
3 121
3 126
3 154
3 404
3 407
4 50
4 87
4 120
4 145
4 154
4 158
4 160
4 163
4 218
5 87
5 110
5 120
5 121
5 123
5 148
5 166
5 514
6 105
6 154
6 216
7 152
7 159
7 160
7 216
7 226
7 404
7 549
7 550
7 562
8 79
8 87
8 125
8 154
8 155
8 161
8 171
8 218
9 59
9 120
9 125
9 155
9 158
9 165
9 169
9 216
9 639
10 154
10 155
10 159
10 166
11 87
11 109
11 154
11 167
11 230
11 550
12 104
12 121
12 123
12 216
12 226
14 160
15 639
16 121
16 124
16 154
16 404
17 122
17 218
18 117
18 122
18 216
18 230
18 404
20 833
21 218
23 226
24 121
24 230
25 80
25 87
25 104
25 343
25 407
25 913
27 123
27 161
28 72
28 121
28 123
28 159
28 562
28 819
28 913
28 951
29 121
29 230
30 82
32 81
32 216
34 169
35 104
35 165
35 917
36 121
36 154
36 155
37 114
37 225
38 154
39 169
40 230
42 941
43 117
44 216
44 913
45 123
47 87
47 240
48 343
49 120
49 234
50 103
50 154
50 483
50 520
50 809
51 407
52 924
53 165
55 924
58 87
58 114
59 459
59 541
59 605
59 857
59 987
60 87
62 68
63 160
64 245
67 163
67 902
68 230
68 239
68 540
69 161
70 163
70 514
72 89
72 182
72 496
72 565
72 822
76 216
78 402
78 726
78 794
78 953
79 221
79 268
79 601
80 463
80 479
80 581
81 144
81 156
81 463
82 96
82 221
82 768
83 949
85 214
85 713
85 937
85 997
87 88
87 89
87 90
87 91
87 92
87 93
87 94
87 95
87 96
87 97
87 98
87 99
87 100
87 101
87 102
87 103
87 104
87 105
87 106
87 107
87 108
87 109
87 110
87 111
87 112
87 113
87 114
87 115
87 116
87 117
87 118
88 112
88 226
89 122
89 225
89 633
90 121
90 230
91 121
93 169
93 225
93 238
94 159
94 937
95 114
95 216
96 343
98 218
98 951
100 216
100 226
101 122
103 165
103 171
104 118
104 137
104 164
104 254
104 744
104 890
105 156
105 220
105 849
106 957
107 109
107 924
108 238
108 639
108 766
108 793
109 352
109 360
109 631
109 682
109 732
110 261
110 835
110 905
111 215
111 506
111 725
111 879
112 142
112 187
112 684
112 962
112 966
113 340
113 385
113 536
113 618
113 736
113 772
113 874
113 948
114 116
114 403
115 172
115 216
115 423
115 610
115 774
115 960
117 223
117 333
117 632
117 686
118 219
118 226
118 510
119 120
119 121
119 122
119 123
119 124
119 125
119 126
119 143
119 145
119 148
119 149
119 152
120 148
120 152
120 154
120 172
120 252
120 262
120 339
120 342
120 386
120 404
120 430
120 445
120 565
120 566
120 567
120 568
120 569
120 570
120 571
120 572
120 573
120 574
120 575
120 576
120 577
120 578
121 122
121 163
121 170
121 184
121 215
121 218
121 219
121 244
121 250
121 261
121 266
121 342
121 396
121 543
121 605
121 607
121 616
121 633
121 649
121 656
121 657
121 658
121 659
121 660
121 661
121 662
121 663
121 664
121 665
121 666
122 153
122 154
122 212
122 460
122 494
122 523
122 525
122 537
122 565
122 634
122 647
122 656
122 669
122 703
122 720
122 756
122 757
123 160
123 276
123 328
123 340
123 406
123 438
123 504
123 549
123 582
123 626
123 667
123 707
123 744
123 766
123 772
123 783
123 799
123 820
123 835
123 861
123 911
123 912
124 184
124 231
124 342
124 409
124 566
124 661
124 817
124 893
124 908
124 915
124 935
124 936
125 155
125 230
125 517
125 527
125 566
125 849
125 922
125 941
126 154
126 224
126 258
126 364
126 468
126 667
126 772
126 919
126 974
127 160
129 154
133 225
136 226
139 154
142 915
143 157
143 201
143 224
143 460
145 180
145 245
145 337
145 759
145 965
146 154
148 200
148 442
149 155
149 156
149 231
149 774
150 154
150 240
152 259
152 719
153 154
153 155
153 158
153 159
153 160
153 161
153 163
153 165
153 166
153 167
153 169
153 171
154 158
154 159
154 164
154 175
154 190
154 197
154 215
154 216
154 222
154 224
154 228
154 229
154 234
154 236
154 264
154 296
154 298
154 315
154 317
154 338
154 340
154 348
154 351
154 366
154 372
154 373
154 377
154 389
154 396
154 397
154 398
154 407
154 420
154 429
154 430
154 447
154 454
154 459
154 460
154 461
154 462
154 463
154 464
154 465
154 466
154 467
154 468
154 469
154 470
154 471
154 472
154 473
154 474
154 475
154 476
154 477
154 478
154 479
154 480
154 481
154 482
154 483
154 484
154 485
154 486
154 487
154 488
154 489
154 490
154 491
154 492
154 493
154 494
154 495
154 496
154 497
154 498
154 499
154 500
154 501
155 157
155 165
155 220
155 229
155 232
155 295
155 337
155 345
155 431
155 445
155 537
155 579
155 580
155 611
155 614
155 675
155 712
155 713
155 714
155 715
155 716
155 717
155 718
156 158
156 216
156 398
157 166
157 216
158 161
158 365
158 493
158 496
158 509
158 580
158 719
158 808
158 810
158 813
158 823
158 831
158 832
158 833
158 834
158 835
158 836
159 217
159 228
159 247
159 322
159 397
159 439
159 458
159 470
159 522
159 526
159 541
159 562
159 573
159 625
159 636
159 698
159 771
159 797
159 799
159 818
159 899
159 901
159 902
159 903
160 215
160 240
160 288
160 319
160 349
160 453
160 465
160 507
160 607
160 705
160 736
160 746
160 798
160 840
160 869
160 906
161 167
161 176
161 205
161 293
161 365
161 412
161 414
161 438
161 462
161 471
161 537
161 539
161 547
161 613
161 640
161 720
161 748
161 792
161 849
161 856
161 874
162 907
162 908
163 199
163 207
163 285
163 299
163 342
163 348
163 363
163 421
163 482
163 601
163 657
163 690
163 702
163 706
163 907
163 929
163 930
163 931
164 562
164 908
165 171
165 222
165 228
165 307
165 345
165 436
165 504
165 517
165 635
165 698
165 712
165 744
165 749
165 751
165 754
165 760
165 800
165 815
165 882
165 942
166 292
166 293
166 412
166 722
166 771
166 914
167 169
167 191
167 219
167 346
167 475
167 628
167 735
167 813
167 882
168 902
168 915
169 268
169 374
169 396
169 435
169 565
169 653
169 662
169 738
169 743
169 924
169 941
169 957
171 264
171 293
171 635
171 653
171 911
171 951
171 968
172 216
172 226
176 833
179 218
179 937
180 550
182 906
182 907
186 919
196 549
203 226
215 216
215 218
215 225
215 226
215 230
215 234
215 238
215 240
215 245
216 224
216 225
216 226
216 235
216 253
216 286
216 337
216 338
216 410
216 441
216 488
216 532
216 543
216 565
216 579
216 580
216 608
216 609
216 621
216 661
216 677
216 684
216 685
216 686
216 687
216 688
216 689
216 690
216 691
216 692
216 693
216 694
216 695
216 696
216 697
216 698
216 699
216 700
216 701
217 234
218 424
218 446
218 586
218 603
218 758
218 759
218 760
221 343
222 817
222 819
222 820
222 823
223 240
225 245
225 311
225 338
225 345
225 350
225 427
225 503
225 537
225 600
225 731
225 741
225 749
225 869
225 870
226 264
226 296
226 302
226 319
226 369
226 371
226 487
226 656
226 747
226 762
226 881
230 279
230 356
230 470
230 662
230 711
230 874
230 913
230 915
230 916
230 917
230 918
230 919
231 913
232 924
233 245
233 937
234 265
234 309
234 314
234 339
234 343
234 347
234 351
234 373
234 424
234 472
234 524
234 540
234 620
234 772
234 773
234 824
234 948
236 902
237 819
238 259
238 338
238 341
238 401
238 670
238 935
238 968
239 245
239 343
240 504
240 720
240 806
240 914
241 386
245 537
245 707
245 942
253 915
256 915
258 906
263 915
268 824
275 915
276 919
283 954
293 639
294 824
295 824
297 918
298 907
298 919
298 924
303 949
317 916
321 914
329 831
335 949
337 343
338 398
338 633
339 832
342 343
342 831
343 415
343 437
343 459
343 643
343 770
343 876
343 885
343 886
343 913
343 914
345 833
348 824
348 832
348 907
348 914
348 915
349 407
349 831
352 820
352 935
352 942
355 906
357 404
357 924
359 914
361 937
364 823
364 924
367 906
369 549
370 407
371 824
372 918
386 523
386 572
386 750
386 982
390 951
396 942
397 907
398 447
403 916
404 862
404 983
407 537
407 585
407 788
408 819
431 937
436 514
445 823
446 908
449 633
449 924
454 832
457 832
460 817
465 907
469 915
490 949
491 924
495 924
496 954
500 908
504 941
504 949
505 831
505 902
505 941
506 820
507 911
513 918
514 600
514 650
514 820
514 865
514 941
521 907
522 957
523 833
527 817
537 639
542 949
547 911
549 656
549 954
549 975
550 639
550 765
550 866
550 888
562 674
562 985
564 915
565 831
581 912
586 907
598 902
598 908
599 908
601 639
602 831
610 924
625 831
627 915
629 907
630 639
633 876
639 680
639 923
639 949
649 907
654 833
657 832
658 831
658 832
668 912
672 906
673 916
684 831
696 937
702 951
713 937
720 833
723 908
730 833
738 915
743 831
748 935
750 916
757 935
758 912
766 824
768 831
772 915
777 942
778 832
780 918
781 823
784 832
793 914
795 917
798 916
800 951
817 838
819 915
827 954
832 912
832 963
833 886
833 995
844 957
849 954
855 911
855 951
859 912
867 907
869 917
882 957
886 915
887 915
888 924
892 924
902 930
902 935
906 934
911 951
915 949
915 983
915 986
915 990
916 996
917 924
922 942
924 974
935 962
941 992
