0 2
0 6
0 7
0 50
0 70
0 85
1 2
1 7
1 87
1 110
1 111
1 124
2 3
2 5
2 7
2 15
2 16
2 18
2 19
2 20
2 22
2 31
2 38
2 50
2 60
2 67
2 85
2 88
2 106
2 119
2 120
2 121
2 130
2 134
2 153
2 154
2 155
2 162
2 163
2 164
2 171
2 174
2 208
2 209
2 215
2 217
2 218
2 219
2 223
2 231
2 250
2 261
2 298
2 302
2 310
2 337
2 338
2 339
2 340
2 341
2 342
2 343
2 344
2 345
2 346
2 347
2 348
2 349
2 350
2 351
2 352
2 353
2 354
2 355
2 356
2 357
2 358
2 359
2 360
2 361
2 362
2 363
2 364
2 365
2 366
2 367
2 368
2 369
2 370
2 371
2 372
2 373
2 374
2 375
2 376
2 377
2 378
2 379
2 380
2 381
2 382
2 383
2 384
2 385
2 386
2 387
2 388
2 389
2 390
2 391
2 392
2 393
2 394
2 395
2 396
2 397
2 398
2 399
2 400
3 7
3 112
3 401
3 404
3 410
4 6
4 50
4 87
4 127
4 158
4 160
4 163
4 218
4 447
5 6
5 87
5 110
5 164
5 340
6 10
6 19
6 52
6 62
6 95
6 105
6 154
6 156
6 185
6 202
6 203
6 212
6 213
6 215
6 216
6 231
6 241
6 303
6 315
6 359
6 402
6 417
6 427
6 441
6 443
6 461
6 503
6 527
6 528
6 529
6 530
6 531
6 532
6 533
6 534
6 535
6 536
7 11
7 14
7 37
7 46
7 48
7 57
7 90
7 152
7 159
7 160
7 215
7 216
7 217
7 220
7 226
7 232
7 244
7 293
7 294
7 302
7 309
7 349
7 350
7 358
7 374
7 385
7 388
7 404
7 459
7 461
7 466
7 501
7 509
7 536
7 537
7 538
7 539
7 540
7 541
7 542
7 543
7 544
7 545
7 546
7 547
7 548
7 549
7 550
7 551
7 552
7 553
7 554
7 555
7 556
7 557
7 558
7 559
7 560
7 561
7 562
7 563
7 564
8 87
8 125
8 155
8 161
8 218
8 340
8 561
9 125
9 155
9 158
9 165
9 169
9 401
9 639
10 127
10 155
10 159
10 164
10 387
10 401
10 529
10 673
11 87
11 109
11 167
11 550
12 101
12 104
12 340
12 379
12 673
13 534
14 160
15 535
15 560
15 639
15 673
15 791
16 124
16 404
17 122
17 218
18 117
18 122
18 379
18 394
18 404
20 833
21 218
21 893
23 555
23 893
24 375
25 87
25 104
26 627
27 161
28 159
28 204
28 560
28 819
29 379
30 559
31 401
32 208
34 169
35 104
35 165
35 381
36 155
37 114
37 940
39 169
40 535
42 941
43 117
47 87
50 103
50 154
50 483
50 520
50 809
53 165
56 237
58 87
58 101
58 114
60 87
62 553
63 160
65 556
67 163
67 902
69 161
70 163
70 182
70 405
70 410
70 514
75 147
83 949
85 214
85 713
85 937
85 997
87 88
87 89
87 90
87 91
87 92
87 93
87 94
87 95
87 96
87 97
87 98
87 99
87 100
87 101
87 102
87 103
87 104
87 105
87 106
87 107
87 108
87 109
87 110
87 111
87 112
87 113
87 114
87 115
87 116
87 117
87 118
88 112
88 395
89 122
89 627
90 401
92 237
92 340
93 169
94 159
94 937
95 114
96 940
98 213
98 218
101 122
101 338
101 342
103 165
103 829
104 118
104 137
104 164
104 254
104 744
104 890
105 156
105 220
105 849
106 957
107 109
108 639
109 352
109 360
109 631
109 682
109 732
110 261
110 835
110 905
111 215
111 506
111 725
111 879
112 142
112 187
112 684
112 962
112 966
113 340
113 385
113 536
113 618
113 736
113 772
113 874
113 948
114 116
114 403
115 172
115 216
115 423
115 610
115 774
115 960
117 223
117 333
117 632
117 686
118 219
118 226
118 510
119 122
119 124
119 125
119 127
119 141
119 147
119 149
119 152
120 152
120 386
120 404
121 122
121 163
121 218
121 543
122 153
122 154
122 212
122 460
122 494
122 523
122 525
122 537
122 565
122 634
122 647
122 656
122 669
122 703
122 720
122 756
122 757
123 160
123 340
123 549
123 912
124 184
124 231
124 342
124 409
124 566
124 661
124 817
124 893
124 908
124 915
124 935
124 936
125 155
125 230
125 517
125 527
125 566
125 849
125 922
125 941
127 160
127 200
127 353
127 356
127 370
127 537
127 642
127 900
127 945
127 946
129 893
131 393
133 164
135 548
136 237
136 548
140 792
141 174
141 410
141 414
141 945
142 915
146 447
147 217
147 237
147 413
149 155
149 156
149 231
149 774
152 259
152 719
153 155
153 158
153 159
153 160
153 161
153 162
153 163
153 164
153 165
153 167
153 169
153 204
153 205
153 208
153 213
154 158
154 159
154 164
154 340
154 398
154 447
155 157
155 165
155 220
155 229
155 232
155 295
155 337
155 345
155 431
155 445
155 537
155 579
155 580
155 611
155 614
155 675
155 712
155 713
155 714
155 715
155 716
155 717
155 718
156 158
156 398
157 381
157 534
158 161
158 365
158 493
158 496
158 509
158 580
158 719
158 808
158 810
158 813
158 823
158 831
158 832
158 833
158 834
158 835
158 836
159 217
159 228
159 247
159 322
159 397
159 439
159 458
159 470
159 522
159 526
159 541
159 562
159 573
159 625
159 636
159 698
159 771
159 797
159 799
159 818
159 899
159 901
159 902
159 903
160 215
160 240
160 288
160 319
160 349
160 453
160 465
160 507
160 607
160 705
160 736
160 746
160 798
160 840
160 869
160 906
161 167
161 176
161 205
161 293
161 365
161 412
161 414
161 438
161 462
161 471
161 537
161 539
161 547
161 613
161 640
161 720
161 748
161 792
161 849
161 856
161 874
162 215
162 233
162 339
162 340
162 525
162 769
162 907
162 908
163 199
163 207
163 285
163 299
163 342
163 348
163 363
163 421
163 482
163 601
163 657
163 690
163 702
163 706
163 907
163 929
163 930
163 931
164 168
164 182
164 318
164 466
164 500
164 545
164 562
164 563
164 641
164 674
164 693
164 757
164 780
164 801
164 904
164 908
164 934
165 171
165 222
165 228
165 307
165 345
165 436
165 504
165 517
165 635
165 698
165 712
165 744
165 749
165 751
165 754
165 760
165 800
165 815
165 882
165 942
167 169
167 191
167 219
167 346
167 475
167 628
167 735
167 813
167 882
168 902
168 915
169 268
169 374
169 396
169 435
169 565
169 653
169 662
169 738
169 743
169 924
169 941
169 957
170 447
174 410
175 938
176 833
178 340
178 557
179 218
179 937
180 550
182 906
184 410
185 792
193 554
196 549
200 557
202 394
204 340
204 444
204 837
204 895
205 215
205 471
205 699
208 533
208 710
208 783
213 536
213 580
215 218
215 237
216 410
216 543
218 424
218 446
218 586
218 603
218 758
218 759
218 760
220 393
221 394
222 378
222 392
222 553
222 817
222 819
222 823
223 555
227 887
229 904
230 915
230 916
232 340
232 543
232 904
233 937
233 938
234 948
236 836
236 902
237 252
237 295
237 334
237 505
237 603
237 627
237 632
237 720
237 761
237 791
237 819
237 888
237 923
237 947
237 958
237 969
237 972
238 401
238 935
241 386
241 792
243 383
245 942
253 915
256 915
257 904
258 906
260 534
263 915
275 915
283 954
287 553
293 401
293 555
293 639
294 826
294 827
294 829
296 535
296 946
297 797
297 947
298 529
301 559
302 370
303 340
303 949
306 931
307 385
308 375
309 829
314 383
314 561
317 916
318 392
318 554
320 534
329 831
335 949
338 398
338 543
338 791
338 792
338 797
339 393
339 539
339 832
340 347
340 355
340 509
340 538
340 569
340 601
340 613
340 628
340 648
340 659
340 667
340 684
340 719
340 740
340 766
340 856
340 857
340 858
340 859
342 384
342 394
342 831
344 791
344 792
345 833
347 947
348 832
348 887
348 915
348 931
349 831
352 935
352 942
355 906
357 404
359 534
361 937
362 938
363 826
364 823
366 410
367 559
367 560
367 906
369 549
369 558
370 407
370 475
370 531
370 609
370 866
371 940
375 406
375 470
375 891
377 558
378 381
378 665
378 780
378 798
378 800
379 390
379 587
379 703
381 401
383 402
383 500
383 546
383 978
384 466
384 748
384 772
385 529
385 785
386 523
386 572
386 750
386 982
387 531
387 626
387 888
387 995
392 436
392 452
392 742
392 873
393 537
395 447
395 505
395 587
395 760
396 942
398 447
401 559
401 673
401 932
403 916
404 862
404 983
408 819
410 849
410 887
418 948
422 529
431 937
432 827
436 553
445 558
445 823
447 587
454 832
456 792
457 832
457 887
460 817
461 553
464 931
466 548
466 940
467 535
469 915
470 826
471 938
473 827
486 548
486 946
490 560
490 949
496 954
497 893
498 548
501 558
503 940
504 941
504 949
505 831
505 902
505 941
514 941
516 557
522 957
523 833
523 958
527 817
528 529
529 656
529 665
529 672
529 673
529 683
529 736
529 938
537 639
539 542
539 546
539 772
539 849
539 968
541 887
542 949
543 621
543 666
547 836
548 599
549 656
549 954
549 975
550 639
550 765
550 866
550 888
551 555
551 826
552 625
552 667
552 758
552 800
554 636
554 665
554 763
554 847
556 787
556 845
556 896
557 799
558 624
560 878
561 650
561 940
564 915
565 831
566 904
567 946
579 792
581 912
582 627
598 902
601 639
602 831
606 946
606 958
608 904
610 826
620 946
625 831
627 789
627 871
627 915
628 948
630 639
639 680
639 923
639 949
645 887
654 833
655 797
657 832
658 791
658 831
658 832
668 836
668 912
672 827
672 906
673 916
684 831
696 937
710 904
713 937
720 833
720 958
724 904
730 833
738 915
743 831
745 792
747 958
748 935
750 916
757 935
758 912
763 931
767 887
768 831
772 915
777 942
778 832
781 823
784 832
787 829
789 827
792 876
797 976
798 916
806 836
817 838
818 827
819 915
826 958
826 973
827 829
827 954
829 871
832 912
832 963
833 886
833 995
836 947
836 960
844 957
849 954
855 958
858 887
859 912
867 948
882 957
886 915
887 900
887 915
889 948
902 930
902 935
904 932
906 934
915 949
915 983
915 986
915 990
916 996
922 942
931 988
935 962
941 992
947 972
948 973
948 985
958 973
958 980
958 994
