0 8
2 154
2 155
3 154
4 8
4 154
6 154
7 159
8 9
8 10
8 18
8 31
8 35
8 42
8 57
8 61
8 79
8 87
8 93
8 97
8 125
8 131
8 136
8 154
8 155
8 161
8 171
8 215
8 217
8 218
8 229
8 260
8 274
8 293
8 336
8 340
8 341
8 358
8 418
8 433
8 444
8 459
8 461
8 464
8 474
8 505
8 521
8 561
8 567
8 595
8 598
8 599
8 600
8 601
8 602
8 603
8 604
8 605
8 606
8 607
8 608
8 609
8 610
8 611
8 612
8 613
8 614
8 615
8 616
8 617
8 618
8 619
8 620
8 621
8 622
9 155
10 154
10 155
10 159
11 154
16 154
17 821
28 159
28 950
36 154
36 155
38 154
50 154
86 619
94 159
120 154
122 154
125 155
126 154
129 154
139 154
146 154
149 155
150 154
153 154
153 155
153 159
154 158
154 159
154 164
154 175
154 190
154 197
154 215
154 216
154 222
154 224
154 228
154 229
154 234
154 236
154 264
154 296
154 298
154 315
154 317
154 338
154 340
154 348
154 351
154 366
154 372
154 373
154 377
154 389
154 396
154 397
154 398
154 407
154 420
154 429
154 430
154 447
154 454
154 459
154 460
154 461
154 462
154 463
154 464
154 465
154 466
154 467
154 468
154 469
154 470
154 471
154 472
154 473
154 474
154 475
154 476
154 477
154 478
154 479
154 480
154 481
154 482
154 483
154 484
154 485
154 486
154 487
154 488
154 489
154 490
154 491
154 492
154 493
154 494
154 495
154 496
154 497
154 498
154 499
154 500
154 501
155 157
155 165
155 220
155 229
155 232
155 295
155 337
155 345
155 431
155 445
155 537
155 579
155 580
155 611
155 614
155 675
155 712
155 713
155 714
155 715
155 716
155 717
155 718
159 217
159 228
159 247
159 322
159 397
159 439
159 458
159 470
159 522
159 526
159 541
159 562
159 573
159 625
159 636
159 698
159 771
159 797
159 799
159 818
159 899
159 901
159 902
159 903
176 617
202 999
222 821
324 999
342 821
347 619
349 950
577 617
605 950
617 821
617 884
617 950
619 720
619 809
619 950
619 988
619 999
625 821
625 999
651 950
669 950
732 950
749 821
750 950
799 999
809 950
