2 154
2 164
3 154
4 154
4 158
5 164
6 154
7 159
8 154
9 158
10 154
10 159
10 164
11 154
16 154
17 813
18 813
20 756
20 833
28 159
36 154
38 154
50 154
55 756
67 902
94 159
95 813
97 756
104 164
120 154
122 154
122 756
126 154
129 154
133 164
138 813
139 154
146 154
150 154
153 154
153 158
153 159
153 164
154 158
154 159
154 164
154 175
154 190
154 197
154 215
154 216
154 222
154 224
154 228
154 229
154 234
154 236
154 264
154 296
154 298
154 315
154 317
154 338
154 340
154 348
154 351
154 366
154 372
154 373
154 377
154 389
154 396
154 397
154 398
154 407
154 420
154 429
154 430
154 447
154 454
154 459
154 460
154 461
154 462
154 463
154 464
154 465
154 466
154 467
154 468
154 469
154 470
154 471
154 472
154 473
154 474
154 475
154 476
154 477
154 478
154 479
154 480
154 481
154 482
154 483
154 484
154 485
154 486
154 487
154 488
154 489
154 490
154 491
154 492
154 493
154 494
154 495
154 496
154 497
154 498
154 499
154 500
154 501
156 158
157 813
158 161
158 365
158 493
158 496
158 509
158 580
158 719
158 808
158 810
158 813
158 823
158 831
158 832
158 833
158 834
158 835
158 836
159 217
159 228
159 247
159 322
159 397
159 439
159 458
159 470
159 522
159 526
159 541
159 562
159 573
159 625
159 636
159 698
159 771
159 797
159 799
159 818
159 899
159 901
159 902
159 903
164 168
164 182
164 318
164 466
164 500
164 545
164 562
164 563
164 641
164 674
164 693
164 757
164 780
164 801
164 904
164 908
164 934
167 813
168 902
176 833
222 813
229 904
232 904
236 902
257 904
297 813
300 813
314 813
339 832
345 833
348 832
360 756
362 813
374 756
405 813
454 832
457 832
505 902
523 833
531 813
544 813
563 813
566 904
585 813
598 902
608 904
654 833
657 813
657 832
658 756
658 832
670 756
683 813
710 904
714 813
720 756
720 833
724 904
730 833
756 764
756 813
756 879
756 966
758 813
777 813
778 832
784 832
804 813
813 828
813 835
813 876
813 877
813 878
813 879
832 912
832 963
833 886
833 995
902 930
902 935
904 932
