0 3
1 3
1 153
2 3
2 121
2 153
2 154
2 155
2 162
2 340
2 370
3 7
3 15
3 29
3 62
3 64
3 73
3 78
3 98
3 112
3 119
3 121
3 126
3 135
3 154
3 174
3 184
3 215
3 220
3 221
3 251
3 259
3 269
3 292
3 328
3 357
3 377
3 401
3 402
3 403
3 404
3 405
3 406
3 407
3 408
3 409
3 410
3 411
3 412
3 413
3 414
3 415
3 416
3 417
3 418
3 419
3 420
3 421
3 422
3 423
3 424
3 425
3 426
3 427
3 428
4 153
4 154
4 160
5 121
5 166
5 340
6 105
6 154
6 156
7 160
8 125
8 154
8 155
8 161
8 340
8 609
9 125
9 155
9 169
9 609
10 153
10 154
10 155
10 156
10 166
11 154
12 121
12 340
14 160
16 121
16 154
24 121
25 407
27 161
28 121
29 121
34 169
36 121
36 154
36 155
38 154
39 169
42 941
50 154
51 407
53 153
54 156
63 160
64 156
69 161
81 156
87 105
87 113
90 121
91 121
92 340
93 169
105 156
105 220
105 849
113 340
113 385
113 536
113 618
113 736
113 772
113 874
113 948
119 121
119 125
120 154
121 122
121 163
121 170
121 184
121 215
121 218
121 219
121 244
121 250
121 261
121 266
121 342
121 396
121 543
121 605
121 607
121 616
121 633
121 649
121 656
121 657
121 658
121 659
121 660
121 661
121 662
121 663
121 664
121 665
121 666
122 153
122 154
123 160
123 340
125 155
125 230
125 517
125 527
125 566
125 849
125 922
125 941
126 154
127 160
127 370
129 154
139 154
146 154
149 155
149 156
150 154
153 154
153 155
153 156
153 157
153 158
153 159
153 160
153 161
153 162
153 163
153 164
153 165
153 166
153 167
153 168
153 169
153 170
153 171
153 172
153 173
153 174
153 175
153 176
153 177
153 178
153 179
153 180
153 181
153 182
153 183
153 184
153 185
153 186
153 187
153 188
153 189
153 190
153 191
153 192
153 193
153 194
153 195
153 196
153 197
153 198
153 199
153 200
153 201
153 202
153 203
153 204
153 205
153 206
153 207
153 208
153 209
153 210
153 211
153 212
153 213
153 214
154 158
154 159
154 164
154 175
154 190
154 197
154 215
154 216
154 222
154 224
154 228
154 229
154 234
154 236
154 264
154 296
154 298
154 315
154 317
154 338
154 340
154 348
154 351
154 366
154 372
154 373
154 377
154 389
154 396
154 397
154 398
154 407
154 420
154 429
154 430
154 447
154 454
154 459
154 460
154 461
154 462
154 463
154 464
154 465
154 466
154 467
154 468
154 469
154 470
154 471
154 472
154 473
154 474
154 475
154 476
154 477
154 478
154 479
154 480
154 481
154 482
154 483
154 484
154 485
154 486
154 487
154 488
154 489
154 490
154 491
154 492
154 493
154 494
154 495
154 496
154 497
154 498
154 499
154 500
154 501
155 157
155 165
155 220
155 229
155 232
155 295
155 337
155 345
155 431
155 445
155 537
155 579
155 580
155 611
155 614
155 675
155 712
155 713
155 714
155 715
155 716
155 717
155 718
156 158
156 170
156 177
156 203
156 214
156 215
156 216
156 222
156 294
156 297
156 304
156 313
156 333
156 398
156 420
156 444
156 451
156 463
156 474
156 490
156 567
156 580
156 582
156 608
156 637
156 654
156 657
156 658
156 674
156 731
156 749
156 771
156 772
156 773
156 774
156 775
156 776
156 777
156 778
156 779
157 166
158 161
160 215
160 240
160 288
160 319
160 349
160 453
160 465
160 507
160 607
160 705
160 736
160 746
160 798
160 840
160 869
160 906
161 167
161 176
161 205
161 293
161 365
161 412
161 414
161 438
161 462
161 471
161 537
161 539
161 547
161 613
161 640
161 720
161 748
161 792
161 849
161 856
161 874
162 215
162 233
162 339
162 340
162 525
162 769
162 907
162 908
166 292
166 293
166 412
166 722
166 771
166 914
167 169
169 268
169 374
169 396
169 435
169 565
169 653
169 662
169 738
169 743
169 924
169 941
169 957
178 340
182 906
204 340
216 609
220 609
229 609
232 340
258 906
302 370
303 340
340 347
340 355
340 509
340 538
340 569
340 601
340 613
340 628
340 648
340 659
340 667
340 684
340 719
340 740
340 766
340 856
340 857
340 858
340 859
349 407
355 906
367 906
370 407
370 475
370 531
370 609
370 866
407 537
407 585
407 788
504 941
505 941
514 941
609 925
672 906
906 934
941 992
