1 153
2 153
2 155
2 162
2 163
2 164
2 340
4 153
4 158
4 160
4 163
5 123
5 164
5 166
5 340
7 159
7 160
8 125
8 155
8 340
9 125
9 155
9 158
10 153
10 155
10 159
10 164
10 166
12 104
12 123
12 340
14 160
17 122
17 813
18 122
18 813
20 833
25 104
27 123
28 123
28 159
35 104
36 155
45 123
53 153
63 160
67 163
67 902
70 163
87 104
87 113
89 122
92 340
94 159
95 813
101 122
104 118
104 137
104 164
104 254
104 744
104 890
113 340
113 385
113 536
113 618
113 736
113 772
113 874
113 948
119 122
119 123
119 125
119 149
121 122
121 163
122 153
122 154
122 212
122 460
122 494
122 523
122 525
122 537
122 565
122 634
122 647
122 656
122 669
122 703
122 720
122 756
122 757
123 160
123 276
123 328
123 340
123 406
123 438
123 504
123 549
123 582
123 626
123 667
123 707
123 744
123 766
123 772
123 783
123 799
123 820
123 835
123 861
123 911
123 912
124 935
125 155
125 230
125 517
125 527
125 566
125 849
125 922
125 941
127 160
133 164
138 813
149 155
149 156
149 231
149 774
153 154
153 155
153 156
153 157
153 158
153 159
153 160
153 161
153 162
153 163
153 164
153 165
153 166
153 167
153 168
153 169
153 170
153 171
153 172
153 173
153 174
153 175
153 176
153 177
153 178
153 179
153 180
153 181
153 182
153 183
153 184
153 185
153 186
153 187
153 188
153 189
153 190
153 191
153 192
153 193
153 194
153 195
153 196
153 197
153 198
153 199
153 200
153 201
153 202
153 203
153 204
153 205
153 206
153 207
153 208
153 209
153 210
153 211
153 212
153 213
153 214
154 158
154 159
154 164
154 340
155 157
155 165
155 220
155 229
155 232
155 295
155 337
155 345
155 431
155 445
155 537
155 579
155 580
155 611
155 614
155 675
155 712
155 713
155 714
155 715
155 716
155 717
155 718
156 158
157 166
157 813
158 161
158 365
158 493
158 496
158 509
158 580
158 719
158 808
158 810
158 813
158 823
158 831
158 832
158 833
158 834
158 835
158 836
159 217
159 228
159 247
159 322
159 397
159 439
159 458
159 470
159 522
159 526
159 541
159 562
159 573
159 625
159 636
159 698
159 771
159 797
159 799
159 818
159 899
159 901
159 902
159 903
160 215
160 240
160 288
160 319
160 349
160 453
160 465
160 507
160 607
160 705
160 736
160 746
160 798
160 840
160 869
160 906
162 215
162 233
162 339
162 340
162 525
162 769
162 907
162 908
163 199
163 207
163 285
163 299
163 342
163 348
163 363
163 421
163 482
163 601
163 657
163 690
163 702
163 706
163 907
163 929
163 930
163 931
164 168
164 182
164 318
164 466
164 500
164 545
164 562
164 563
164 641
164 674
164 693
164 757
164 780
164 801
164 904
164 908
164 934
166 292
166 293
166 412
166 722
166 771
166 914
167 813
168 902
171 911
176 833
178 340
182 906
204 340
222 813
222 820
222 823
229 876
229 904
232 340
232 904
236 902
238 935
257 904
258 906
297 813
300 813
303 340
314 813
329 831
339 832
340 347
340 355
340 509
340 538
340 569
340 601
340 613
340 628
340 648
340 659
340 667
340 684
340 719
340 740
340 766
340 856
340 857
340 858
340 859
342 831
343 876
345 833
348 832
349 831
352 820
352 935
355 906
362 813
364 823
367 906
405 813
445 823
454 832
457 832
505 831
505 902
506 820
507 911
513 876
514 820
523 833
531 813
544 813
547 911
563 813
565 831
566 904
585 813
598 902
602 831
608 904
625 831
633 876
654 833
657 813
657 832
658 831
658 832
672 906
683 813
684 831
710 904
714 813
720 833
724 904
730 833
743 831
748 935
756 813
757 935
758 813
759 876
768 831
777 813
778 832
781 823
784 832
788 876
792 876
804 813
813 828
813 835
813 876
813 877
813 878
813 879
832 912
832 963
833 886
833 995
855 911
902 930
902 935
904 932
906 934
911 951
935 962
