0 4
1 4
1 124
2 121
2 162
2 163
3 121
4 5
4 6
4 8
4 9
4 11
4 12
4 14
4 19
4 50
4 87
4 89
4 90
4 116
4 119
4 120
4 127
4 128
4 132
4 135
4 145
4 153
4 154
4 158
4 160
4 163
4 170
4 173
4 178
4 197
4 218
4 227
4 253
4 273
4 279
4 281
4 294
4 298
4 301
4 311
4 322
4 341
4 346
4 373
4 391
4 429
4 430
4 431
4 432
4 433
4 434
4 435
4 436
4 437
4 438
4 439
4 440
4 441
4 442
4 443
4 444
4 445
4 446
4 447
4 448
4 449
4 450
4 451
4 452
4 453
4 454
4 455
4 456
4 457
4 458
5 121
6 105
6 156
7 160
7 563
8 161
9 158
10 156
12 121
14 160
16 121
16 124
17 122
17 813
18 122
18 813
20 833
24 121
27 161
28 121
29 121
36 121
54 156
63 160
64 156
67 163
69 161
70 163
81 156
87 105
89 122
90 121
91 121
93 563
95 813
101 122
105 156
105 220
105 849
119 121
119 122
119 124
119 145
119 149
121 122
121 163
121 170
121 184
121 215
121 218
121 219
121 244
121 250
121 261
121 266
121 342
121 396
121 543
121 605
121 607
121 616
121 633
121 649
121 656
121 657
121 658
121 659
121 660
121 661
121 662
121 663
121 664
121 665
121 666
122 153
122 154
122 212
122 460
122 494
122 523
122 525
122 537
122 565
122 634
122 647
122 656
122 669
122 703
122 720
122 756
122 757
123 160
123 912
124 184
124 231
124 342
124 409
124 566
124 661
124 817
124 893
124 908
124 915
124 935
124 936
127 160
138 813
142 915
145 180
145 245
145 337
145 759
145 965
149 155
149 156
149 231
149 774
153 156
153 158
153 160
153 161
153 162
153 163
154 158
156 158
156 170
156 177
156 203
156 214
156 215
156 216
156 222
156 294
156 297
156 304
156 313
156 333
156 398
156 420
156 444
156 451
156 463
156 474
156 490
156 567
156 580
156 582
156 608
156 637
156 654
156 657
156 658
156 674
156 731
156 749
156 771
156 772
156 773
156 774
156 775
156 776
156 777
156 778
156 779
157 813
158 161
158 365
158 493
158 496
158 509
158 580
158 719
158 808
158 810
158 813
158 823
158 831
158 832
158 833
158 834
158 835
158 836
160 215
160 240
160 288
160 319
160 349
160 453
160 465
160 507
160 607
160 705
160 736
160 746
160 798
160 840
160 869
160 906
161 167
161 176
161 205
161 293
161 365
161 412
161 414
161 438
161 462
161 471
161 537
161 539
161 547
161 613
161 640
161 720
161 748
161 792
161 849
161 856
161 874
162 215
162 233
162 339
162 340
162 525
162 769
162 907
162 908
163 199
163 207
163 285
163 299
163 342
163 348
163 363
163 421
163 482
163 601
163 657
163 690
163 702
163 706
163 907
163 929
163 930
163 931
164 563
164 908
167 813
168 915
176 833
182 906
182 907
222 813
222 817
222 823
230 915
238 935
253 915
256 915
258 906
263 915
275 915
291 457
297 813
298 907
300 813
314 813
329 831
339 832
342 831
345 833
348 832
348 907
348 915
349 831
352 935
355 906
362 813
364 823
367 906
397 907
405 813
445 823
446 908
454 832
457 733
457 832
457 887
460 817
465 907
469 915
500 908
505 831
521 907
523 833
527 817
531 813
544 813
563 813
563 843
564 915
565 831
581 912
585 813
586 907
598 908
599 908
602 831
625 831
627 915
629 907
649 907
654 833
657 813
657 832
658 831
658 832
668 912
672 906
683 813
684 831
714 813
720 833
723 908
730 833
738 915
743 831
748 935
756 813
757 935
758 813
758 912
768 831
772 915
777 813
778 832
781 823
784 832
804 813
813 828
813 835
813 876
813 877
813 878
813 879
817 838
819 915
832 912
832 963
833 886
833 995
859 912
867 907
886 915
887 915
902 935
906 934
915 949
915 983
915 986
915 990
935 962
