0 1
0 2
0 3
0 4
0 5
0 6
0 7
0 8
0 9
0 10
0 11
0 12
0 13
0 14
0 15
0 16
0 17
0 18
0 19
0 20
0 21
0 22
0 23
0 24
0 25
0 26
0 27
0 28
0 29
0 30
0 31
0 32
0 33
0 34
0 35
0 36
0 37
0 38
0 39
0 40
0 41
0 42
0 43
0 44
0 45
0 46
0 47
0 48
0 49
0 50
0 51
0 52
0 53
0 54
0 55
0 56
0 57
0 58
0 59
0 60
0 61
0 62
0 63
0 64
0 65
0 66
0 67
0 68
0 69
0 70
0 71
0 72
0 73
0 74
0 75
0 76
0 77
0 78
0 79
0 80
0 81
0 82
0 83
0 84
0 85
0 86
1 7
2 7
2 121
2 154
2 163
2 164
3 7
3 62
3 121
3 154
4 154
4 158
4 160
4 163
5 121
5 123
5 164
6 62
6 154
6 156
7 11
7 14
7 37
7 46
7 48
7 57
7 90
7 152
7 159
7 160
7 215
7 216
7 217
7 220
7 226
7 232
7 244
7 293
7 294
7 302
7 309
7 349
7 350
7 358
7 374
7 385
7 388
7 404
7 459
7 461
7 466
7 501
7 509
7 536
7 537
7 538
7 539
7 540
7 541
7 542
7 543
7 544
7 545
7 546
7 547
7 548
7 549
7 550
7 551
7 552
7 553
7 554
7 555
7 556
7 557
7 558
7 559
7 560
7 561
7 562
7 563
7 564
8 79
8 154
8 161
9 158
10 154
10 156
10 159
10 164
11 154
11 167
11 550
12 104
12 121
12 123
14 160
15 560
16 121
16 154
17 122
18 122
20 891
24 121
25 104
27 123
27 161
28 121
28 123
28 159
28 560
29 121
30 82
30 559
35 104
36 121
36 154
38 154
45 123
50 154
54 156
62 68
62 463
62 553
62 641
62 891
62 892
63 160
64 156
67 163
67 902
68 230
68 239
68 540
69 161
70 163
70 182
70 405
70 410
70 514
79 221
79 268
79 601
81 156
82 96
82 221
82 768
87 104
89 122
90 121
91 121
93 563
94 159
101 122
104 118
104 137
104 164
104 254
104 744
104 890
105 156
119 121
119 122
119 123
119 152
120 152
120 154
121 122
121 163
121 170
121 184
121 215
121 218
121 219
121 244
121 250
121 261
121 266
121 342
121 396
121 543
121 605
121 607
121 616
121 633
121 649
121 656
121 657
121 658
121 659
121 660
121 661
121 662
121 663
121 664
121 665
121 666
122 153
122 154
122 212
122 460
122 494
122 523
122 525
122 537
122 565
122 634
122 647
122 656
122 669
122 703
122 720
122 756
122 757
123 160
123 276
123 328
123 340
123 406
123 438
123 504
123 549
123 582
123 626
123 667
123 707
123 744
123 766
123 772
123 783
123 799
123 820
123 835
123 861
123 911
123 912
124 908
126 154
127 160
128 891
129 154
133 164
139 154
146 154
149 156
150 154
152 259
152 719
153 154
153 156
153 158
153 159
153 160
153 161
153 163
153 164
153 167
154 158
154 159
154 164
154 175
154 190
154 197
154 215
154 216
154 222
154 224
154 228
154 229
154 234
154 236
154 264
154 296
154 298
154 315
154 317
154 338
154 340
154 348
154 351
154 366
154 372
154 373
154 377
154 389
154 396
154 397
154 398
154 407
154 420
154 429
154 430
154 447
154 454
154 459
154 460
154 461
154 462
154 463
154 464
154 465
154 466
154 467
154 468
154 469
154 470
154 471
154 472
154 473
154 474
154 475
154 476
154 477
154 478
154 479
154 480
154 481
154 482
154 483
154 484
154 485
154 486
154 487
154 488
154 489
154 490
154 491
154 492
154 493
154 494
154 495
154 496
154 497
154 498
154 499
154 500
154 501
156 158
156 170
156 177
156 203
156 214
156 215
156 216
156 222
156 294
156 297
156 304
156 313
156 333
156 398
156 420
156 444
156 451
156 463
156 474
156 490
156 567
156 580
156 582
156 608
156 637
156 654
156 657
156 658
156 674
156 731
156 749
156 771
156 772
156 773
156 774
156 775
156 776
156 777
156 778
156 779
158 161
158 365
158 493
158 496
158 509
158 580
158 719
158 808
158 810
158 813
158 823
158 831
158 832
158 833
158 834
158 835
158 836
159 217
159 228
159 247
159 322
159 397
159 439
159 458
159 470
159 522
159 526
159 541
159 562
159 573
159 625
159 636
159 698
159 771
159 797
159 799
159 818
159 899
159 901
159 902
159 903
160 215
160 240
160 288
160 319
160 349
160 453
160 465
160 507
160 607
160 705
160 736
160 746
160 798
160 840
160 869
160 906
161 167
161 176
161 205
161 293
161 365
161 412
161 414
161 438
161 462
161 471
161 537
161 539
161 547
161 613
161 640
161 720
161 748
161 792
161 849
161 856
161 874
162 907
162 908
163 199
163 207
163 285
163 299
163 342
163 348
163 363
163 421
163 482
163 601
163 657
163 690
163 702
163 706
163 907
163 929
163 930
163 931
164 168
164 182
164 318
164 466
164 500
164 545
164 562
164 563
164 641
164 674
164 693
164 757
164 780
164 801
164 904
164 908
164 934
167 169
167 191
167 219
167 346
167 475
167 628
167 735
167 813
167 882
168 902
171 911
178 557
180 550
182 906
182 907
193 554
200 557
222 820
229 904
232 904
236 902
257 904
258 906
298 907
301 559
318 554
329 831
342 831
348 907
349 831
349 891
352 820
355 906
367 559
367 560
367 906
369 558
375 891
377 558
397 907
401 559
445 558
446 908
465 907
490 560
500 908
501 558
505 831
505 902
506 820
507 911
514 820
516 557
521 907
547 911
550 639
550 765
550 866
550 888
552 625
552 667
552 758
552 800
554 636
554 665
554 763
554 847
557 799
558 624
560 878
563 813
563 843
565 831
566 904
581 912
586 907
598 902
598 908
599 908
602 831
608 904
625 831
629 907
649 907
658 831
668 912
672 906
684 831
710 904
723 908
724 904
743 831
758 912
768 831
832 912
855 911
859 912
867 907
891 953
902 930
902 935
904 932
906 934
911 951
