0 3
0 62
0 78
1 3
1 124
1 153
2 3
2 153
2 154
2 155
2 162
2 163
2 340
2 342
2 392
3 7
3 15
3 29
3 62
3 64
3 73
3 78
3 98
3 112
3 119
3 121
3 126
3 135
3 154
3 174
3 184
3 215
3 220
3 221
3 251
3 259
3 269
3 292
3 328
3 357
3 377
3 401
3 402
3 403
3 404
3 405
3 406
3 407
3 408
3 409
3 410
3 411
3 412
3 413
3 414
3 415
3 416
3 417
3 418
3 419
3 420
3 421
3 422
3 423
3 424
3 425
3 426
3 427
3 428
4 153
4 154
4 160
4 163
5 166
5 221
5 340
5 342
5 514
6 62
6 154
7 160
7 404
7 559
8 125
8 154
8 155
8 340
9 125
9 155
9 401
10 153
10 154
10 155
10 166
10 401
11 154
11 167
11 221
12 340
12 406
14 160
16 124
16 154
16 404
17 821
18 342
18 404
19 405
19 873
20 222
20 403
20 816
25 407
27 405
28 819
30 559
31 401
36 154
36 155
37 114
37 342
38 154
38 406
41 221
42 941
47 240
49 342
50 154
51 222
51 407
53 153
58 114
62 68
62 463
62 553
62 641
62 891
62 892
63 160
67 163
67 902
70 163
70 405
70 514
78 402
78 726
78 794
78 953
79 221
82 221
87 112
87 113
87 114
88 112
89 221
90 401
92 340
95 114
96 221
101 342
112 142
112 187
112 684
112 962
112 966
113 340
113 385
113 536
113 618
113 736
113 772
113 874
113 948
114 116
114 403
119 124
119 125
119 149
120 154
120 342
120 404
121 163
121 342
122 153
122 154
123 160
123 340
123 406
123 820
124 184
124 231
124 342
124 409
124 566
124 661
124 817
124 893
124 908
124 915
124 935
124 936
125 155
125 230
125 517
125 527
125 566
125 849
125 922
125 941
126 154
127 160
129 154
139 154
146 154
149 155
149 156
149 231
149 774
150 154
150 240
153 154
153 155
153 156
153 157
153 158
153 159
153 160
153 161
153 162
153 163
153 164
153 165
153 166
153 167
153 168
153 169
153 170
153 171
153 172
153 173
153 174
153 175
153 176
153 177
153 178
153 179
153 180
153 181
153 182
153 183
153 184
153 185
153 186
153 187
153 188
153 189
153 190
153 191
153 192
153 193
153 194
153 195
153 196
153 197
153 198
153 199
153 200
153 201
153 202
153 203
153 204
153 205
153 206
153 207
153 208
153 209
153 210
153 211
153 212
153 213
153 214
154 158
154 159
154 164
154 175
154 190
154 197
154 215
154 216
154 222
154 224
154 228
154 229
154 234
154 236
154 264
154 296
154 298
154 315
154 317
154 338
154 340
154 348
154 351
154 366
154 372
154 373
154 377
154 389
154 396
154 397
154 398
154 407
154 420
154 429
154 430
154 447
154 454
154 459
154 460
154 461
154 462
154 463
154 464
154 465
154 466
154 467
154 468
154 469
154 470
154 471
154 472
154 473
154 474
154 475
154 476
154 477
154 478
154 479
154 480
154 481
154 482
154 483
154 484
154 485
154 486
154 487
154 488
154 489
154 490
154 491
154 492
154 493
154 494
154 495
154 496
154 497
154 498
154 499
154 500
154 501
155 157
155 165
155 220
155 229
155 232
155 295
155 337
155 345
155 431
155 445
155 537
155 579
155 580
155 611
155 614
155 675
155 712
155 713
155 714
155 715
155 716
155 717
155 718
156 222
157 166
158 823
158 831
159 902
160 215
160 240
160 288
160 319
160 349
160 453
160 465
160 507
160 607
160 705
160 736
160 746
160 798
160 840
160 869
160 906
161 167
162 215
162 233
162 339
162 340
162 525
162 769
162 907
162 908
163 199
163 207
163 285
163 299
163 342
163 348
163 363
163 421
163 482
163 601
163 657
163 690
163 702
163 706
163 907
163 929
163 930
163 931
165 222
166 292
166 293
166 412
166 722
166 771
166 914
167 169
167 191
167 219
167 346
167 475
167 628
167 735
167 813
167 882
168 406
168 902
169 941
174 873
176 816
178 340
181 342
182 221
182 906
193 342
196 222
202 222
204 340
209 342
212 222
215 221
215 222
215 240
217 222
219 222
221 252
221 343
221 347
221 394
221 474
221 484
221 502
221 604
221 696
221 731
221 765
221 771
221 785
221 794
221 808
221 809
221 810
221 811
221 812
222 224
222 250
222 296
222 303
222 310
222 378
222 392
222 469
222 483
222 541
222 547
222 553
222 612
222 636
222 656
222 718
222 771
222 806
222 813
222 815
222 816
222 817
222 818
222 819
222 820
222 821
222 822
222 823
223 240
223 403
229 342
230 916
232 340
236 902
237 819
238 401
238 935
240 504
240 720
240 806
240 914
246 403
251 405
258 342
258 906
263 342
293 401
301 559
303 340
303 816
307 342
308 342
308 406
310 342
312 406
317 916
318 392
321 914
326 342
329 831
329 873
340 347
340 355
340 509
340 538
340 569
340 601
340 613
340 628
340 648
340 659
340 667
340 684
340 719
340 740
340 766
340 856
340 857
340 858
340 859
342 343
342 352
342 357
342 384
342 394
342 430
342 469
342 470
342 492
342 517
342 533
342 585
342 672
342 685
342 721
342 748
342 812
342 821
342 831
342 845
342 864
342 870
342 880
343 914
345 873
348 914
349 405
349 407
349 831
352 820
352 935
353 403
355 906
357 404
358 405
359 914
364 823
367 559
367 906
370 407
375 406
381 401
392 436
392 452
392 742
392 873
401 559
401 673
401 932
403 537
403 538
403 571
403 743
403 899
403 916
403 978
403 979
404 862
404 983
405 813
405 838
405 962
406 441
406 497
407 537
407 585
407 788
408 819
436 514
445 823
504 941
505 831
505 902
505 941
506 820
514 600
514 650
514 820
514 865
514 941
565 831
598 902
602 831
616 873
617 821
625 821
625 831
658 831
671 873
672 906
673 916
684 831
702 816
743 831
748 935
749 821
750 916
757 935
768 831
781 823
793 816
793 914
798 916
816 852
816 993
819 915
902 930
902 935
906 934
916 996
935 962
941 992
