4 351
26 599
54 319
128 463
149 463
164 169
166 334
169 853
169 854
201 267
206 982
211 215
215 313
215 317
215 331
215 333
215 398
215 402
241 559
241 890
242 463
242 559
243 556
243 599
244 463
244 599
246 849
246 993
251 649
253 463
253 554
253 652
254 463
254 559
261 267
262 267
262 274
267 274
267 351
267 354
267 649
267 829
267 982
274 990
286 310
286 317
286 319
286 332
286 334
286 335
306 463
306 553
306 554
306 599
306 890
310 311
310 312
312 315
312 317
312 318
312 319
312 320
313 317
313 334
313 790
315 317
315 335
317 319
317 322
317 327
317 332
317 334
317 418
317 787
317 788
317 789
317 790
319 326
319 332
319 556
319 790
323 332
325 332
328 332
332 335
332 854
332 945
334 671
335 789
351 352
357 463
459 460
460 463
460 464
460 465
462 467
462 469
463 467
463 531
463 543
463 552
463 553
463 554
463 555
463 556
463 557
463 558
463 559
463 560
463 561
464 555
465 469
465 647
467 468
467 521
467 719
469 523
469 552
531 559
532 554
552 645
552 647
552 649
553 856
553 893
553 895
554 557
554 700
555 923
557 651
559 599
559 689
559 986
559 994
599 890
623 855
641 646
645 646
645 647
646 648
647 650
647 651
647 652
647 653
649 689
649 893
649 895
651 688
652 993
784 851
785 855
846 847
846 849
847 850
847 851
848 852
849 852
849 853
849 854
849 855
850 855
851 854
852 952
853 854
853 855
854 881
854 883
854 884
854 887
854 952
855 884
856 993
893 894
981 982
982 985
993 994
