5 476
7 600
26 600
43 288
76 387
83 387
83 391
89 395
133 629
152 391
186 192
190 218
190 220
190 221
190 222
190 223
190 225
192 220
192 221
193 221
193 222
193 225
193 284
193 395
194 223
195 214
195 222
210 214
212 222
214 216
214 225
214 629
216 222
218 394
218 395
220 225
221 222
221 758
221 791
222 223
222 481
222 818
223 224
223 227
223 395
225 226
225 395
225 600
225 677
227 395
243 391
275 339
276 277
277 280
277 281
277 282
277 283
278 284
278 285
279 288
279 290
280 284
280 339
280 471
280 718
281 284
282 284
282 997
283 782
283 783
283 801
283 853
283 883
284 285
284 288
284 718
284 719
284 720
284 721
284 722
284 723
285 726
285 997
287 338
288 294
288 343
288 656
288 719
290 720
290 725
290 823
294 996
336 338
336 339
338 342
338 343
339 344
343 655
343 987
344 718
361 387
375 381
375 382
375 384
375 385
376 387
376 391
377 471
377 472
381 388
381 391
381 474
381 476
381 477
382 391
382 477
382 530
382 551
382 654
384 385
384 387
384 393
384 472
384 477
384 548
384 828
384 900
384 901
385 421
385 545
385 989
386 476
387 388
387 391
387 393
387 478
387 544
387 627
387 628
387 629
387 630
388 472
391 393
391 473
392 619
395 397
471 473
472 474
472 475
473 530
474 544
474 548
477 619
478 544
544 626
545 628
548 816
551 619
577 722
619 654
619 657
628 707
628 967
629 630
629 967
654 655
655 656
656 808
716 723
720 721
721 722
723 987
723 996
727 996
853 883
854 883
