164 169
166 334
169 853
169 854
190 224
211 215
215 313
215 317
215 331
215 333
215 398
215 402
223 224
224 286
228 951
242 464
243 691
245 889
248 464
251 964
253 464
277 283
279 286
283 782
283 783
283 801
283 853
283 883
286 310
286 313
286 314
286 315
286 316
286 317
286 319
286 321
286 322
286 323
286 324
286 325
286 326
286 327
286 328
286 329
286 330
286 331
286 332
286 333
286 334
286 335
307 464
307 965
310 311
310 312
311 313
311 314
311 315
311 316
312 315
313 334
313 872
313 876
314 924
315 317
315 329
315 330
315 335
315 399
315 402
315 670
315 672
315 873
315 875
315 876
315 925
315 944
315 957
315 965
317 327
317 332
317 334
318 872
318 875
319 332
323 332
324 942
325 332
327 889
327 976
328 332
328 976
331 671
332 335
332 854
332 945
333 691
333 787
334 671
365 464
401 876
419 879
437 879
459 460
460 463
460 464
460 465
463 555
464 555
464 598
464 687
464 689
464 690
464 691
465 965
468 965
519 875
555 923
560 671
561 691
623 855
669 671
670 672
672 878
689 889
782 952
783 881
784 851
784 887
784 951
785 855
787 873
788 943
789 875
789 944
819 853
846 847
847 850
847 851
848 852
849 852
849 853
849 854
849 855
850 855
850 881
851 854
852 952
853 854
853 855
853 881
853 882
853 883
853 884
854 881
854 883
854 884
854 887
854 952
855 884
858 887
872 873
879 964
881 884
881 951
881 976
882 952
922 942
942 943
943 944
954 957
955 957
956 957
957 958
957 959
964 965
