23 425
23 426
23 431
23 434
23 436
23 439
23 440
23 442
23 453
23 454
23 455
67 426
190 236
199 206
199 207
200 206
205 610
206 207
206 275
206 308
206 309
206 767
206 909
206 938
206 981
207 260
207 461
207 610
207 829
207 989
216 236
228 951
236 425
236 821
246 849
251 966
327 976
328 976
341 921
350 442
368 971
419 425
419 442
419 453
419 857
419 886
423 425
423 426
424 428
424 431
425 426
425 427
425 444
425 445
425 449
425 451
425 453
425 457
425 501
425 793
425 796
425 797
425 802
425 805
425 886
425 919
425 923
425 932
425 960
425 962
426 857
426 880
426 962
428 431
428 440
428 453
428 735
428 796
428 960
428 961
429 440
430 885
431 436
431 437
431 445
431 458
431 524
431 610
431 806
434 620
434 622
436 445
436 454
436 455
436 458
436 792
436 795
436 796
436 797
436 798
436 799
437 880
439 440
439 795
440 894
442 803
442 885
442 932
442 933
445 453
445 966
448 960
449 454
453 793
453 795
453 835
453 880
454 961
455 456
455 795
455 894
455 966
457 880
524 971
605 610
620 621
620 622
621 623
621 624
622 625
623 855
623 920
624 920
624 921
625 920
625 921
759 850
780 857
782 952
783 881
784 851
784 951
785 855
801 848
804 966
819 850
846 847
846 848
846 849
847 850
847 851
848 852
849 852
849 853
849 854
849 855
850 855
850 881
851 854
852 952
853 855
853 881
854 881
854 952
855 884
857 885
857 886
880 971
881 884
881 951
881 976
882 952
920 933
920 934
921 934
933 934
