4 351
10 97
13 507
18 507
19 97
21 507
26 599
54 319
97 505
97 507
97 508
100 653
104 506
110 507
128 463
149 463
150 895
166 334
169 854
201 267
206 982
211 215
215 313
215 317
215 331
215 333
215 398
215 402
241 559
241 890
242 463
242 464
242 559
243 556
243 599
244 463
244 599
246 993
248 464
251 649
251 964
253 463
253 464
253 554
253 652
254 463
254 559
261 267
262 267
262 274
267 274
267 351
267 354
267 649
267 829
267 982
274 990
286 310
286 317
286 319
286 332
286 334
286 335
306 463
306 554
306 599
306 890
307 464
307 965
310 311
310 312
312 315
312 317
312 318
312 319
312 320
313 317
313 334
313 790
315 317
315 335
315 965
317 319
317 322
317 327
317 332
317 334
317 418
317 787
317 788
317 789
317 790
319 326
319 332
319 556
319 790
323 332
325 332
328 332
332 335
332 854
332 945
334 671
335 789
351 352
357 463
365 464
397 856
460 463
460 464
460 465
462 467
463 467
463 531
463 543
463 552
463 553
463 554
463 555
463 556
463 557
463 558
463 559
463 560
463 561
464 555
464 598
464 687
464 689
464 690
464 691
465 469
465 507
465 647
465 690
465 965
467 468
467 521
467 719
468 965
469 552
494 653
505 506
506 507
507 739
507 740
507 741
531 559
532 554
552 645
552 647
552 649
553 856
553 895
554 557
554 700
555 923
557 651
559 599
559 689
559 986
559 994
599 890
645 647
647 650
647 651
647 652
647 653
649 689
649 893
649 895
651 688
652 993
653 694
849 854
851 854
853 854
854 881
854 883
854 884
854 887
854 952
856 993
879 964
964 965
981 982
982 985
993 994
