5 476
7 888
43 288
69 190
76 387
83 387
83 391
89 395
95 502
133 629
152 391
162 163
163 166
163 167
166 167
166 184
166 187
166 334
166 502
166 631
166 633
166 634
166 635
166 636
166 637
166 638
166 639
167 502
167 633
167 635
167 636
167 639
169 853
169 854
185 189
186 190
186 193
187 504
187 633
187 635
188 633
188 635
188 643
189 635
189 637
189 641
189 746
190 191
190 193
190 209
190 211
190 213
190 218
190 219
190 220
190 221
190 222
190 223
190 224
190 225
190 226
190 227
190 228
190 229
190 230
190 231
190 232
190 233
190 234
190 235
190 236
192 220
193 212
193 216
193 217
193 221
193 222
193 225
193 228
193 230
193 235
193 284
193 394
193 395
193 397
193 677
193 818
193 819
193 820
193 821
209 210
209 211
210 212
210 213
210 214
211 215
211 216
211 217
212 222
214 216
214 629
215 313
215 317
215 331
215 333
215 398
215 402
216 222
216 228
216 229
216 236
216 396
216 676
216 677
217 626
218 395
219 228
219 235
219 396
219 674
219 675
220 225
222 481
223 395
224 286
225 226
225 395
225 677
226 791
227 395
228 231
228 232
230 231
231 325
231 820
232 821
233 392
233 481
234 235
234 833
241 557
241 559
241 890
242 306
242 559
242 689
243 391
253 306
253 554
253 648
254 559
275 339
276 277
277 280
277 281
277 282
277 283
278 284
278 285
279 286
279 288
279 290
280 284
280 339
280 471
280 718
281 284
282 284
282 997
283 782
283 783
283 801
283 853
283 883
284 285
284 288
284 718
284 719
284 720
284 721
284 722
284 723
285 726
285 997
286 310
286 313
286 314
286 315
286 316
286 317
286 319
286 321
286 322
286 323
286 324
286 325
286 326
286 327
286 328
286 329
286 330
286 331
286 332
286 333
286 334
286 335
287 338
288 294
288 343
288 656
288 719
290 720
290 725
290 823
294 996
304 306
306 376
306 463
306 523
306 553
306 554
306 599
306 648
306 689
306 690
306 888
306 890
310 312
311 314
312 315
312 317
312 318
312 319
312 320
313 317
313 402
313 790
314 924
315 317
315 335
315 402
315 670
317 319
317 322
317 327
317 332
317 334
317 418
317 787
317 788
317 789
317 790
319 790
330 331
330 402
331 671
331 861
332 335
332 854
334 671
335 789
336 338
336 339
338 342
338 343
339 344
343 655
343 987
344 718
361 387
373 375
375 381
375 382
375 383
375 384
375 385
376 387
376 391
376 392
377 471
377 472
381 388
381 391
381 474
381 476
381 477
382 391
382 477
382 530
382 551
382 654
383 640
383 900
384 385
384 387
384 393
384 472
384 477
384 548
384 828
384 900
384 901
385 421
385 545
385 989
386 476
386 481
387 388
387 391
387 393
387 478
387 544
387 627
387 628
387 629
387 630
388 472
388 626
391 393
391 473
392 619
392 640
392 708
395 397
421 504
463 553
463 554
463 557
463 559
464 689
468 557
470 633
471 473
472 474
472 475
473 530
474 544
474 548
477 619
478 544
480 626
481 545
481 732
481 901
499 500
499 502
500 503
500 504
503 504
504 633
504 637
504 642
504 745
518 669
531 559
532 554
544 626
545 628
548 816
550 626
551 619
553 856
553 893
553 895
554 557
554 700
557 651
557 688
559 599
559 689
559 986
559 994
560 671
577 722
599 890
619 654
619 657
623 855
628 707
628 967
629 630
629 967
631 632
631 633
633 638
633 639
633 640
633 641
633 642
633 643
633 644
634 635
635 638
636 871
638 643
639 644
640 733
640 901
641 646
642 871
645 646
646 648
648 994
649 689
654 655
655 656
656 808
657 732
657 999
669 670
669 671
670 672
675 676
676 936
677 791
689 888
689 889
716 723
720 721
721 722
723 987
723 996
727 996
759 850
782 952
784 887
785 855
819 850
819 853
846 847
847 850
847 851
848 852
849 852
849 853
849 854
849 855
850 855
850 881
851 854
852 952
853 854
853 855
853 881
853 882
853 883
853 884
854 881
854 883
854 884
854 887
854 952
855 884
858 887
882 952
