1 7
2 14
3 7
4 351
5 476
7 26
7 28
7 31
7 36
7 45
7 51
7 53
7 57
7 61
7 63
7 64
7 65
7 77
7 600
7 602
7 888
7 891
10 101
12 349
14 19
14 104
14 244
14 740
14 867
14 868
18 870
26 600
43 288
59 891
62 891
76 387
83 376
83 387
83 391
84 187
88 729
89 395
95 502
101 112
101 115
101 287
101 731
101 867
101 869
101 870
106 870
108 278
133 629
152 380
152 388
152 391
163 166
166 167
166 184
166 187
166 334
166 502
166 631
166 633
166 634
166 635
166 636
166 637
166 638
166 639
167 187
167 502
167 633
167 644
184 187
186 192
187 504
187 632
187 633
187 634
187 635
188 633
188 643
189 637
189 641
190 218
190 220
190 221
190 222
190 223
190 224
190 225
190 226
192 220
192 221
193 212
193 221
193 222
193 225
193 284
193 395
193 397
193 677
194 223
194 397
195 214
195 222
201 267
206 982
209 210
210 212
210 213
210 214
212 222
214 216
214 225
214 629
216 222
216 677
218 394
218 395
220 225
221 222
221 758
221 791
222 223
222 481
222 818
223 224
223 227
223 395
224 286
225 226
225 395
225 600
225 677
226 791
227 395
228 397
233 480
233 481
241 557
241 559
241 890
242 306
242 464
242 559
242 689
243 391
245 889
248 464
250 867
250 869
251 649
253 306
253 464
253 554
253 648
254 559
261 267
262 267
262 274
267 274
267 351
267 354
267 649
267 829
267 982
274 990
276 277
276 278
277 280
277 281
277 282
277 283
278 279
278 284
278 285
279 287
279 288
279 293
279 294
280 284
280 339
280 471
280 718
281 284
282 284
282 997
283 782
283 783
283 801
283 853
283 883
284 285
284 288
284 718
284 719
284 720
284 721
284 722
284 723
286 334
287 295
287 338
287 711
287 717
288 294
288 343
288 656
288 719
292 293
292 717
293 721
294 825
294 996
304 306
306 376
306 463
306 523
306 553
306 554
306 599
306 648
306 689
306 690
306 888
306 890
307 464
313 334
317 334
327 889
334 671
336 337
336 338
336 339
338 342
338 343
342 724
342 727
343 655
343 987
344 718
349 511
349 682
349 869
351 352
361 387
365 464
373 376
374 380
375 382
375 384
375 385
376 386
376 387
376 388
376 389
376 390
376 391
376 392
376 393
377 471
378 479
380 386
380 999
381 388
381 391
381 476
382 391
382 477
382 530
382 551
382 654
383 640
384 385
384 387
384 393
384 472
384 477
384 548
384 828
384 900
384 901
385 421
385 545
385 989
386 476
386 478
386 479
386 480
386 481
386 482
387 388
387 391
387 393
387 478
387 544
387 627
387 628
387 629
387 630
388 472
388 474
388 626
388 707
388 729
388 732
388 733
391 393
391 473
392 619
392 640
393 479
395 397
397 821
397 856
421 504
459 460
460 463
460 464
460 465
462 469
463 552
463 553
463 554
463 555
463 557
463 559
464 555
464 598
464 687
464 689
464 690
464 691
465 469
468 557
469 523
469 552
470 633
471 473
473 530
474 480
474 544
474 548
477 619
478 544
480 626
480 967
481 545
481 732
481 901
499 502
500 504
503 504
504 633
504 637
504 642
504 745
531 559
532 554
544 626
545 628
545 707
548 816
551 619
552 645
552 647
552 649
553 856
553 893
553 895
554 557
554 700
555 923
557 651
557 688
559 599
559 689
559 986
559 994
577 722
599 890
619 654
619 657
628 707
628 967
629 630
629 967
631 632
631 633
633 638
633 639
633 640
633 641
633 642
633 643
633 644
634 635
638 643
639 644
640 733
640 901
641 646
642 871
644 746
645 646
646 648
647 651
648 994
649 689
649 893
649 895
651 688
654 655
655 656
656 808
657 732
657 999
677 791
689 888
689 889
717 721
720 721
721 722
723 996
727 996
729 730
853 883
854 883
856 993
893 894
981 982
982 985
