4 351
22 417
23 419
23 431
23 436
23 437
23 442
23 452
23 454
23 455
26 599
54 319
95 502
128 463
149 253
149 463
150 240
162 163
163 166
163 167
164 169
165 179
166 167
166 184
166 187
166 334
166 502
166 631
166 633
166 634
166 635
166 636
166 637
166 638
166 639
167 502
167 633
167 635
167 636
167 644
169 853
169 854
170 179
179 419
185 189
187 504
187 633
187 635
188 633
188 635
188 643
189 635
189 637
189 641
189 746
190 211
193 217
199 207
201 267
205 610
206 207
206 982
207 260
207 461
207 610
207 829
207 989
209 211
211 215
211 216
211 217
215 313
215 317
215 331
215 333
215 398
215 402
217 626
233 392
237 240
240 247
240 248
240 249
240 250
240 251
240 252
240 253
240 254
241 557
241 559
241 890
242 463
242 559
243 556
243 599
244 463
244 599
245 251
246 253
246 849
251 470
251 523
251 649
251 964
251 966
252 253
252 558
253 306
253 445
253 463
253 464
253 554
253 558
253 598
253 648
253 652
254 463
254 559
261 267
262 267
262 274
267 274
267 351
267 354
267 649
267 829
267 982
274 990
277 283
283 782
283 783
283 801
283 853
283 883
286 315
286 317
286 319
286 330
286 332
286 333
286 334
306 463
306 553
306 599
306 648
306 890
307 558
307 965
311 315
312 315
312 317
312 319
313 317
313 330
313 334
313 790
313 872
313 876
315 317
315 329
315 330
315 335
315 399
315 402
315 670
315 672
315 873
315 875
315 876
315 925
315 944
315 957
315 965
317 319
317 322
317 327
317 332
317 334
317 418
317 787
317 788
317 789
317 790
318 872
318 875
319 326
319 332
319 556
319 790
320 330
323 332
324 942
325 332
328 330
328 332
330 331
330 402
330 704
330 926
331 671
332 335
332 854
332 945
333 691
333 787
334 671
350 442
351 352
357 463
357 572
368 419
371 495
376 392
383 640
392 619
392 640
392 708
397 856
401 876
415 417
417 419
417 420
417 421
419 425
419 427
419 429
419 442
419 445
419 451
419 453
419 457
419 496
419 497
419 498
419 755
419 806
419 857
419 879
419 886
419 919
419 930
419 932
421 504
424 431
426 857
426 880
427 437
427 495
428 431
428 961
431 436
431 437
431 445
431 458
431 524
431 610
431 806
432 495
432 496
436 445
436 454
436 455
436 458
436 792
436 795
436 796
436 797
436 798
436 799
437 456
437 572
437 674
437 710
437 793
437 879
437 880
442 803
442 885
442 932
442 933
443 497
445 966
449 454
449 497
452 496
452 794
452 894
452 961
453 880
454 961
455 456
455 795
455 894
455 966
457 880
459 460
460 463
460 464
460 465
462 467
462 468
462 469
463 467
463 531
463 543
463 552
463 553
463 554
463 555
463 556
463 557
463 558
463 559
463 560
463 561
464 555
465 469
465 965
467 468
467 521
467 719
468 521
468 557
468 782
468 923
468 965
469 523
469 552
470 633
495 497
496 498
497 741
497 918
497 931
499 500
499 502
500 503
500 504
503 504
504 633
504 637
504 642
504 745
519 875
531 559
552 645
552 647
552 649
553 856
553 893
553 895
554 557
555 923
557 651
557 688
559 599
559 689
559 986
559 994
560 671
572 894
599 890
605 610
623 855
631 633
633 638
633 639
633 640
633 641
633 642
633 643
633 644
634 635
635 638
636 871
638 643
639 644
640 733
640 901
641 646
642 871
644 746
645 646
646 648
647 651
647 652
648 994
649 689
649 893
649 895
651 688
652 993
669 670
669 671
670 672
759 850
780 857
784 851
784 887
785 855
787 873
788 943
789 875
789 944
799 961
804 966
819 850
819 853
846 847
846 848
846 849
847 850
847 851
848 852
849 852
849 853
849 854
849 855
850 855
850 881
851 854
852 952
853 854
853 855
853 881
853 882
853 883
853 884
854 881
854 883
854 884
854 887
854 952
855 884
856 993
857 885
857 886
858 887
872 873
879 964
880 971
893 894
922 942
942 943
943 944
954 955
954 956
954 957
955 957
955 958
956 957
956 958
956 959
957 958
957 959
958 959
964 965
981 982
982 985
993 994
