1 7
3 7
4 351
7 26
7 28
7 31
7 36
7 45
7 51
7 53
7 57
7 61
7 63
7 64
7 65
7 77
7 600
7 602
7 888
7 891
26 600
51 935
54 319
59 891
62 891
69 190
72 999
76 387
83 376
83 387
84 187
95 502
128 463
133 629
133 999
149 463
150 895
152 379
152 380
162 163
162 164
162 165
163 166
163 167
166 167
166 184
166 187
166 334
166 502
166 631
166 633
166 634
166 635
166 636
166 637
166 638
166 639
167 187
167 502
167 633
167 636
167 639
184 187
186 190
187 504
187 632
187 633
187 634
187 635
188 633
188 643
189 637
189 641
190 191
190 193
190 209
190 211
190 213
190 218
190 219
190 220
190 221
190 222
190 223
190 224
190 225
190 226
190 227
190 228
190 229
190 230
190 231
190 232
190 233
190 234
190 235
190 236
193 212
193 216
193 217
193 222
193 225
195 222
201 267
206 981
206 982
208 352
209 211
210 212
211 215
211 216
211 217
212 222
214 216
214 225
214 629
215 313
215 317
215 331
215 333
215 398
215 402
216 222
216 228
216 229
216 236
216 396
216 676
216 677
217 626
218 394
218 395
219 228
219 235
219 396
219 674
219 675
220 225
221 222
222 223
222 481
222 818
223 224
224 286
225 226
225 395
225 600
225 677
228 231
228 232
230 231
231 325
231 820
232 821
233 392
233 480
233 481
234 235
234 833
241 557
241 559
241 890
242 306
242 463
242 559
243 556
244 463
251 523
251 649
253 306
253 463
253 648
254 463
254 559
261 267
262 267
262 274
267 274
267 351
267 354
267 649
267 829
267 982
274 990
279 286
286 310
286 313
286 314
286 315
286 316
286 317
286 319
286 321
286 322
286 323
286 324
286 325
286 326
286 327
286 328
286 329
286 330
286 331
286 332
286 333
286 334
286 335
304 306
306 376
306 463
306 523
306 553
306 554
306 599
306 648
306 689
306 690
306 888
306 890
310 312
311 314
312 315
312 317
312 318
312 319
312 320
313 317
313 330
313 790
314 924
315 317
315 330
315 335
317 319
317 322
317 327
317 332
317 334
317 418
317 787
317 788
317 789
317 790
319 326
319 332
319 556
319 790
320 330
328 330
330 331
330 402
330 704
330 926
332 335
335 789
351 352
352 606
352 981
352 985
353 865
357 463
361 387
364 607
366 569
373 376
374 379
374 380
375 381
375 383
375 384
375 385
376 386
376 387
376 388
376 389
376 390
376 391
376 392
376 393
378 479
379 474
380 386
380 999
381 388
381 391
381 474
381 476
381 477
383 640
383 900
384 385
384 387
384 393
384 472
384 477
384 548
384 828
384 900
384 901
385 421
385 545
385 989
386 476
386 478
386 479
386 480
386 481
386 482
387 388
387 391
387 393
387 478
387 544
387 627
387 628
387 629
387 630
388 474
388 732
389 474
392 619
392 640
392 708
393 474
393 479
421 504
459 460
459 461
459 462
460 463
460 464
460 465
462 467
462 469
463 467
463 531
463 543
463 552
463 553
463 554
463 555
463 556
463 557
463 558
463 559
463 560
463 561
464 555
465 469
467 468
467 521
467 719
468 557
469 523
469 552
470 633
472 474
474 480
474 530
474 543
474 544
474 545
474 546
474 547
474 548
474 549
474 550
474 551
480 626
480 967
481 545
481 732
481 901
499 500
499 502
500 503
500 504
503 504
504 633
504 637
504 642
504 745
520 523
523 530
523 531
523 532
530 550
531 559
545 628
545 708
547 569
547 597
547 769
547 770
547 771
547 773
547 798
547 810
547 811
547 813
547 878
548 816
549 708
549 732
550 626
552 645
552 647
552 649
553 895
554 557
555 923
557 651
557 688
559 599
559 689
559 986
559 994
569 763
569 775
599 890
604 607
607 865
607 897
607 983
619 657
628 707
628 967
629 630
629 967
631 632
631 633
633 638
633 639
633 640
633 641
633 642
633 643
633 644
634 635
636 871
638 643
639 644
640 733
640 901
641 646
642 871
645 646
646 648
647 651
648 994
649 689
649 893
649 895
651 688
657 732
657 999
675 676
676 936
689 888
861 936
865 935
865 937
865 938
897 936
935 936
981 982
982 985
