1 7
3 7
5 476
7 26
7 28
7 31
7 36
7 45
7 51
7 53
7 57
7 600
7 888
26 599
26 600
43 288
76 387
83 387
83 391
84 187
88 729
95 502
133 629
152 380
152 388
152 391
162 163
163 166
163 167
164 169
166 167
166 184
166 187
166 334
166 502
166 631
166 633
166 634
166 635
166 636
166 637
166 638
166 639
167 187
167 502
167 633
167 636
167 644
169 853
169 854
184 187
186 192
186 193
187 504
187 632
187 633
187 634
187 635
188 633
188 643
189 637
189 641
190 193
190 219
190 220
190 221
190 225
190 226
190 235
192 220
192 221
193 212
193 216
193 217
193 221
193 222
193 225
193 228
193 230
193 235
193 284
193 394
193 395
193 397
193 677
193 818
193 819
193 820
193 821
195 214
209 210
210 212
210 213
210 214
211 215
211 217
212 222
214 216
214 225
214 629
215 313
215 317
215 331
215 333
215 398
215 402
216 396
217 626
219 228
219 235
219 396
219 674
219 675
220 225
221 222
221 758
221 791
222 481
225 226
225 395
225 600
225 677
226 791
228 951
233 392
233 480
233 481
234 235
235 394
241 559
242 306
242 559
243 391
243 599
244 599
245 889
253 306
253 554
253 648
254 559
273 675
276 277
277 280
277 281
277 282
277 283
278 284
278 285
279 288
279 290
280 284
280 471
280 718
281 284
282 284
282 997
283 782
283 783
283 801
283 853
283 883
284 285
284 288
284 718
284 719
284 720
284 721
284 722
284 723
285 726
285 997
286 310
286 317
286 327
286 330
286 331
286 332
286 333
286 334
286 335
287 338
288 294
288 343
288 656
288 719
290 720
290 725
290 823
294 996
304 306
306 376
306 463
306 523
306 553
306 554
306 599
306 648
306 689
306 690
306 888
306 890
310 311
310 312
312 315
312 317
312 318
312 319
312 320
313 317
313 330
313 334
313 790
315 317
315 330
315 335
315 670
317 319
317 322
317 327
317 332
317 334
317 418
317 787
317 788
317 789
317 790
319 332
319 790
320 330
323 332
325 332
327 889
327 976
328 330
328 332
328 976
330 331
330 402
330 704
330 926
331 671
331 861
332 335
332 854
332 945
333 691
333 787
334 671
335 789
336 338
338 342
338 343
343 655
343 987
344 718
361 387
374 380
375 382
375 383
375 384
375 385
376 386
376 387
376 388
376 391
376 392
377 471
378 479
380 386
380 999
381 388
381 391
381 476
382 391
382 477
382 530
382 551
382 654
383 640
383 900
384 385
384 387
384 393
384 472
384 477
384 548
384 828
384 900
384 901
385 421
385 545
385 989
386 476
386 478
386 479
386 480
386 481
386 482
387 388
387 391
387 393
387 478
387 544
387 627
387 628
387 629
387 630
388 472
388 474
388 626
388 707
388 729
388 732
388 733
391 393
391 473
392 619
392 640
392 708
393 479
394 396
421 504
463 553
463 554
463 559
470 633
471 473
473 530
474 480
474 544
474 548
477 619
478 544
480 626
480 967
481 545
481 732
481 901
499 500
499 502
500 503
500 504
503 504
504 633
504 637
504 642
504 745
518 669
531 559
532 554
544 626
545 628
545 707
548 816
551 619
553 856
553 893
553 895
554 557
554 700
559 599
559 689
559 986
559 994
560 671
577 722
599 890
619 654
619 657
623 855
628 707
628 967
629 630
629 967
631 632
631 633
633 638
633 639
633 640
633 641
633 642
633 643
633 644
634 635
636 871
638 643
639 644
640 733
640 901
641 646
642 871
644 746
645 646
646 648
648 994
654 655
655 656
656 808
657 732
657 999
669 670
669 671
670 672
675 676
675 983
689 888
689 889
716 723
720 721
721 722
723 987
723 996
727 996
729 730
759 850
782 952
783 881
784 887
784 951
785 855
819 850
819 853
846 847
847 850
847 851
848 852
849 852
849 853
849 854
849 855
850 855
850 881
851 854
852 952
853 854
853 855
853 881
853 882
853 883
853 884
854 881
854 883
854 884
854 887
854 952
855 884
858 887
881 884
881 951
881 976
882 952
