1 7
3 7
4 351
5 476
7 26
7 28
7 31
7 36
7 45
7 51
7 53
7 57
7 61
7 63
7 64
7 65
7 77
7 600
7 602
7 888
7 891
9 94
10 94
10 97
12 349
13 507
15 94
18 507
19 97
21 507
22 417
23 419
23 431
23 436
23 437
23 441
23 442
23 452
23 454
23 455
26 599
26 600
28 172
40 616
43 288
51 935
55 353
57 303
59 891
62 891
66 275
83 391
89 395
94 728
94 740
95 167
97 505
97 507
97 508
101 869
104 506
108 278
110 507
125 143
133 629
137 344
143 261
143 606
150 895
152 391
156 265
163 166
163 167
164 169
164 171
164 172
164 175
164 176
165 172
165 176
165 179
165 181
166 167
166 184
166 187
166 334
166 502
166 631
166 633
166 634
166 635
166 636
166 637
166 638
166 639
167 187
167 188
167 449
167 502
167 503
167 632
167 633
167 635
167 636
167 638
167 639
167 644
167 746
167 747
167 748
169 853
169 854
170 179
171 175
171 177
171 404
171 973
172 176
172 177
172 180
172 181
172 995
175 181
175 995
176 182
176 985
177 995
179 419
186 192
187 504
187 632
187 633
187 634
188 633
188 643
189 637
189 641
190 209
190 211
190 218
190 219
190 220
190 221
190 222
190 223
190 224
190 225
190 226
190 229
190 234
190 235
190 236
192 220
192 221
193 212
193 216
193 217
193 221
193 222
193 225
193 235
193 284
193 395
193 397
193 677
194 223
194 397
195 214
195 222
199 206
199 207
200 206
201 267
204 265
204 353
205 260
205 264
205 309
205 610
205 613
206 207
206 275
206 308
206 309
206 767
206 909
206 938
206 981
206 982
207 260
207 461
207 610
207 829
207 989
208 264
208 352
208 606
208 748
209 210
209 211
210 212
210 213
210 214
211 215
211 216
211 217
212 222
214 216
214 225
214 629
215 331
215 402
216 222
216 228
216 229
216 236
216 396
216 676
216 677
217 626
218 394
218 395
219 228
219 235
219 396
219 674
219 675
220 225
221 222
221 758
221 791
222 223
222 481
222 818
223 224
223 227
223 395
224 286
225 226
225 395
225 600
225 677
226 791
227 395
228 229
228 397
228 951
233 392
233 481
234 235
234 833
235 394
236 425
236 821
241 557
241 559
242 306
242 464
242 559
243 391
243 599
244 599
246 993
248 464
250 869
251 649
251 964
251 966
253 306
253 464
253 554
253 648
253 652
254 559
259 260
260 263
260 264
261 265
261 267
262 267
262 273
262 274
262 275
263 612
263 864
264 606
264 682
264 915
265 613
265 678
265 683
265 684
265 685
265 686
267 274
267 351
267 354
267 649
267 829
267 982
273 675
273 679
273 702
273 938
274 990
275 339
275 613
275 866
275 998
276 277
276 278
277 280
277 281
277 282
277 283
278 279
278 284
278 285
279 288
279 290
279 294
280 284
280 339
280 471
280 718
281 284
282 284
282 997
283 782
283 783
283 801
283 853
283 883
284 285
284 288
284 718
284 719
284 720
284 721
284 722
284 723
285 997
286 310
286 314
286 315
286 328
286 331
286 332
286 334
286 335
288 294
288 343
288 656
288 719
290 720
290 725
290 823
294 825
294 996
295 997
296 297
296 298
296 299
297 299
297 300
298 300
298 301
299 302
299 303
300 301
300 673
301 673
302 614
302 616
303 614
304 306
305 309
306 376
306 463
306 523
306 553
306 554
306 599
306 648
306 689
306 690
306 888
306 890
307 464
307 965
309 828
310 311
310 312
311 313
311 314
311 315
311 316
312 315
312 317
312 318
312 319
312 320
313 334
313 402
313 872
313 876
314 924
315 317
315 329
315 330
315 335
315 399
315 402
315 670
315 672
315 873
315 875
315 876
315 925
315 944
315 957
315 965
317 332
317 334
318 872
318 875
319 332
323 332
324 942
325 332
327 976
328 330
328 332
328 976
330 331
330 402
331 671
331 861
332 335
332 854
332 945
334 671
335 789
336 337
336 338
336 339
338 343
339 344
343 655
343 987
344 718
349 511
349 682
349 869
350 442
351 352
352 606
352 981
352 985
353 862
353 864
353 865
353 866
354 985
357 572
364 607
365 464
368 419
368 971
371 495
373 375
375 381
375 382
375 383
375 384
375 385
376 391
376 392
376 393
377 471
377 472
378 479
381 388
381 391
381 474
381 476
381 477
382 391
382 477
382 530
382 551
382 654
383 640
383 900
384 385
384 387
384 393
384 472
384 477
384 548
384 828
384 900
384 901
385 421
385 545
385 989
386 476
386 479
386 481
387 391
387 393
387 629
388 472
390 393
391 393
391 473
392 619
392 640
392 708
393 474
393 477
393 479
393 545
393 596
393 728
394 396
395 397
397 821
397 856
401 876
415 417
417 419
417 420
417 421
419 425
419 427
419 429
419 442
419 445
419 451
419 453
419 457
419 496
419 497
419 498
419 755
419 806
419 857
419 879
419 886
419 919
419 930
419 932
421 504
424 431
426 857
426 880
427 437
427 495
428 431
428 961
431 436
431 437
431 445
431 458
431 524
431 610
431 806
432 495
432 496
436 445
436 454
436 455
436 458
436 792
436 795
436 796
436 797
436 798
436 799
437 456
437 572
437 674
437 710
437 793
437 879
437 880
441 615
441 910
441 912
442 803
442 885
442 932
442 933
443 497
445 966
449 454
449 497
452 496
452 794
452 894
452 961
453 880
454 961
455 456
455 795
455 894
455 966
457 880
459 460
459 461
459 462
460 463
460 464
460 465
462 469
463 552
463 553
463 554
463 557
463 559
464 555
464 598
464 687
464 689
464 690
464 691
465 469
465 507
465 647
465 690
465 965
468 557
468 965
469 523
469 552
470 633
471 473
472 474
472 475
473 530
474 548
477 619
481 545
481 732
481 901
495 497
496 498
497 741
497 918
497 931
499 500
500 503
500 504
503 504
504 633
504 637
504 642
504 745
505 506
506 507
507 739
507 740
507 741
518 669
519 875
524 971
531 559
532 554
548 816
551 619
552 645
552 647
552 649
553 856
553 893
553 895
554 557
554 700
557 651
557 688
559 599
559 689
559 986
559 994
560 671
572 894
577 722
599 890
603 604
603 605
603 606
604 605
604 607
605 610
606 611
606 612
606 613
607 865
607 897
607 983
611 683
611 862
612 709
612 743
613 908
614 615
615 617
615 618
616 673
617 910
617 913
617 914
618 912
618 914
619 654
619 657
623 855
627 728
629 630
629 967
631 632
631 633
633 638
633 639
633 640
633 641
633 642
633 643
633 644
634 635
636 871
638 643
640 733
640 901
641 646
642 871
645 646
646 648
647 651
647 652
648 994
649 689
649 893
649 895
651 688
652 993
654 655
655 656
656 808
657 732
657 999
669 670
669 671
670 672
672 878
675 676
675 983
676 936
677 791
678 679
679 681
679 682
685 991
686 938
689 888
720 721
721 722
723 996
727 996
748 990
748 991
780 857
782 952
783 881
784 851
784 887
784 951
785 855
787 873
788 943
789 875
789 944
799 961
804 966
819 853
829 991
846 847
847 850
847 851
848 852
849 852
849 853
849 854
849 855
850 855
850 881
851 854
852 952
853 854
853 855
853 881
853 882
853 883
853 884
854 881
854 883
854 884
854 887
854 952
855 884
856 993
857 885
857 886
858 887
861 936
864 908
865 935
865 937
865 938
866 998
872 873
879 964
880 971
881 884
881 951
881 976
882 952
893 894
897 936
908 938
910 911
911 912
911 913
911 914
911 915
911 916
912 913
915 968
922 942
935 936
942 943
943 944
954 955
954 957
955 956
955 957
955 958
956 957
957 958
957 959
964 965
973 995
981 982
982 985
987 997
993 994
