5 476
7 888
9 94
10 94
10 97
13 507
15 94
18 507
19 97
21 507
22 417
23 161
23 419
23 425
23 431
23 432
23 436
23 439
23 440
23 442
23 452
23 453
23 454
23 455
23 457
43 288
51 935
55 353
76 387
83 376
83 387
84 187
89 395
93 140
94 728
94 740
95 502
95 745
97 505
97 507
97 508
101 287
104 506
108 278
110 507
121 390
125 137
125 139
125 140
125 141
127 950
128 463
130 140
130 948
133 629
135 160
137 140
137 141
137 160
137 344
137 816
139 142
139 948
139 950
140 816
140 948
141 142
142 160
149 463
150 895
152 380
156 265
157 160
158 161
161 446
161 457
162 163
162 164
162 165
163 166
164 168
164 169
164 170
164 171
164 172
164 173
164 174
164 175
164 176
164 177
165 168
165 173
165 176
165 178
165 179
166 167
166 184
166 187
166 334
166 502
166 631
166 633
166 634
166 635
166 636
166 637
166 638
166 639
167 187
167 502
167 633
167 636
167 644
168 178
169 853
169 854
170 179
170 180
171 175
172 176
172 995
173 174
173 516
175 181
175 995
176 182
176 985
177 995
178 576
179 419
184 187
186 193
187 504
187 632
187 633
187 634
187 635
188 633
188 643
188 950
189 637
190 193
190 211
190 218
190 219
190 221
190 224
190 229
190 234
190 235
190 236
192 221
193 212
193 216
193 217
193 221
193 222
193 225
193 228
193 230
193 235
193 284
193 394
193 395
193 397
193 677
193 818
193 819
193 820
193 821
195 214
199 205
199 206
199 207
200 206
201 354
203 270
204 265
204 270
204 353
204 354
205 260
205 264
205 272
205 307
205 309
205 610
205 613
205 686
205 845
205 929
206 207
206 275
206 308
206 309
206 767
206 909
206 938
206 981
206 982
207 260
207 461
207 610
207 829
207 989
208 262
208 264
208 354
209 210
209 211
210 212
210 213
210 214
211 215
211 216
211 217
212 222
214 216
214 225
214 629
215 313
215 317
215 331
215 333
215 398
215 402
216 222
216 228
216 229
216 236
216 396
216 676
216 677
217 626
218 394
218 395
219 228
219 235
219 396
219 674
219 675
221 222
221 758
221 791
222 481
223 224
223 395
224 286
225 395
227 395
228 229
233 390
233 392
233 481
234 235
234 833
235 394
236 425
236 821
241 557
241 559
241 890
242 306
242 463
242 464
242 559
243 556
244 463
246 849
248 464
251 649
251 964
251 966
253 306
253 463
253 464
253 648
254 463
254 559
259 262
260 264
261 265
262 267
262 269
262 270
262 271
262 272
262 273
262 274
262 275
263 864
264 606
264 682
264 915
265 613
265 678
265 683
265 684
265 685
265 686
267 274
267 354
267 649
267 982
269 662
269 709
270 517
270 743
270 897
272 863
273 675
273 679
273 702
273 938
274 990
275 613
275 866
275 998
276 277
276 278
277 280
277 281
277 282
277 283
278 279
278 284
278 285
279 286
279 287
279 288
279 290
279 293
279 294
280 284
280 718
281 284
282 284
282 997
283 782
283 783
283 801
283 853
283 883
284 285
284 288
284 718
284 719
284 720
284 721
284 722
284 723
285 997
286 310
286 313
286 314
286 315
286 316
286 317
286 319
286 321
286 322
286 323
286 324
286 325
286 326
286 327
286 328
286 329
286 330
286 331
286 332
286 333
286 334
286 335
287 295
287 338
287 711
287 717
288 294
288 343
288 656
288 719
290 720
290 725
290 823
292 293
292 717
293 721
294 825
294 996
295 997
304 306
305 309
306 376
306 463
306 523
306 553
306 554
306 599
306 648
306 689
306 690
306 888
306 890
307 464
307 965
309 828
310 311
310 312
311 313
311 314
311 315
311 316
312 315
312 317
312 318
312 319
312 320
313 330
313 334
314 924
315 330
315 670
315 672
315 965
317 332
317 334
319 332
319 556
320 330
323 332
325 332
328 330
328 332
330 331
330 402
330 704
330 926
331 671
332 335
332 854
332 945
333 691
333 787
334 671
336 337
336 338
336 339
337 340
337 341
338 342
338 343
339 344
340 341
340 534
340 535
340 536
340 538
340 539
340 540
341 535
341 536
341 539
341 921
342 724
342 727
343 655
343 987
344 718
350 442
352 985
353 862
353 864
353 865
353 866
354 983
354 985
357 463
361 387
364 607
365 464
368 419
371 495
373 376
374 380
375 381
375 382
375 383
376 386
376 387
376 388
376 389
376 390
376 391
376 392
376 393
378 479
380 386
380 999
381 388
381 391
381 474
381 476
381 477
382 391
382 477
382 530
382 551
382 654
383 640
383 900
384 387
384 393
384 901
386 476
386 478
386 479
386 480
386 481
386 482
387 388
387 391
387 393
387 478
387 544
387 627
387 628
387 629
387 630
388 626
389 390
390 393
390 630
390 900
391 393
392 619
392 640
392 708
393 474
393 477
393 479
393 545
393 596
393 728
394 396
395 397
415 417
417 419
417 420
417 421
419 425
419 427
419 429
419 442
419 445
419 451
419 453
419 457
419 496
419 497
419 498
419 755
419 806
419 857
419 879
419 886
419 919
419 930
419 932
421 504
423 425
424 428
424 431
425 426
425 427
425 444
425 445
425 449
425 451
425 453
425 457
425 501
425 793
425 796
425 797
425 802
425 805
425 886
425 919
425 923
425 932
425 960
425 962
427 495
427 801
428 431
428 440
428 453
428 735
428 796
428 960
428 961
429 440
430 885
431 436
431 437
431 445
431 458
431 524
431 610
431 806
432 495
432 496
436 445
436 454
436 455
436 458
436 792
436 795
436 796
436 797
436 798
436 799
437 879
439 440
439 795
440 894
442 803
442 885
442 932
442 933
443 497
445 453
445 966
448 960
449 454
449 497
452 496
452 794
452 894
452 961
453 793
453 795
453 835
453 880
454 961
455 456
455 795
455 894
455 966
457 880
460 463
460 464
460 465
462 467
462 468
462 469
463 467
463 531
463 543
463 552
463 553
463 554
463 555
463 556
463 557
463 558
463 559
463 560
463 561
464 555
464 598
464 687
464 689
464 690
464 691
465 469
465 507
465 647
465 690
465 965
467 468
467 521
467 719
468 521
468 557
468 782
468 923
468 965
469 523
469 552
470 633
474 544
474 550
477 619
478 544
480 626
481 545
481 732
481 901
495 497
496 498
497 741
497 918
497 931
499 500
499 502
500 503
500 504
503 504
504 633
504 637
504 642
504 745
505 506
506 507
507 739
507 740
507 741
518 669
526 845
528 845
530 550
531 559
544 626
545 628
546 627
550 626
551 619
552 645
552 647
552 649
553 895
554 557
555 923
557 651
557 688
559 599
559 689
559 986
559 994
560 671
577 722
577 724
599 890
604 607
605 610
606 613
607 865
607 897
607 983
613 908
619 654
619 657
627 728
628 707
628 967
629 630
629 967
631 632
631 633
633 638
633 639
633 640
633 641
633 642
633 643
633 644
634 635
636 871
638 643
639 644
640 733
640 901
641 646
642 871
644 746
645 646
646 648
647 651
648 994
649 689
649 893
649 895
651 688
654 655
655 656
656 808
657 732
657 999
658 660
658 661
659 661
659 662
659 664
659 665
660 661
660 662
660 737
660 738
661 667
661 668
662 663
662 664
662 665
662 666
662 668
663 664
664 668
665 666
669 670
669 671
670 672
672 878
675 676
675 983
676 936
678 679
679 681
679 682
680 686
686 938
689 888
716 723
717 721
720 721
721 722
723 987
723 996
724 725
727 996
745 998
784 851
784 887
801 848
804 966
819 853
846 847
846 848
846 849
847 851
848 852
849 852
849 853
849 854
849 855
851 854
852 952
853 854
853 855
853 881
853 882
853 883
853 884
854 881
854 883
854 884
854 887
854 952
857 885
857 886
858 887
861 936
864 908
865 935
865 937
865 938
866 998
879 964
897 936
897 983
908 938
935 936
964 965
973 995
981 982
982 985
987 997
