23 419
23 431
23 436
23 437
23 442
23 452
23 454
23 455
179 419
205 610
207 610
251 966
350 442
357 572
368 419
417 419
419 425
419 427
419 429
419 442
419 445
419 451
419 453
419 457
419 496
419 497
419 498
419 755
419 806
419 857
419 879
419 886
419 919
419 930
419 932
424 431
425 886
426 880
427 437
428 431
428 961
430 885
431 436
431 437
431 445
431 458
431 524
431 610
431 806
432 496
436 445
436 454
436 455
436 458
436 792
436 795
436 796
436 797
436 798
436 799
437 456
437 572
437 674
437 710
437 793
437 879
437 880
442 803
442 885
442 932
442 933
443 497
445 966
449 454
449 497
452 496
452 794
452 894
452 961
453 880
454 961
455 456
455 795
455 894
455 966
457 880
495 497
496 498
497 741
497 918
497 931
572 894
605 610
799 961
804 966
857 885
857 886
879 964
880 971
