3 41
3 43
26 43
30 43
31 43
35 43
36 43
41 42
41 43
43 49
43 57
43 77
43 288
83 391
108 278
152 391
193 284
243 391
275 339
276 277
276 278
277 280
277 281
277 282
277 283
278 279
278 284
278 285
279 288
279 290
279 294
280 284
280 339
280 471
280 718
281 284
282 284
282 997
283 782
283 783
283 801
283 853
283 883
284 285
284 288
284 718
284 719
284 720
284 721
284 722
284 723
287 338
288 294
288 343
288 656
288 719
290 720
290 725
290 823
294 825
294 996
336 338
336 339
338 342
338 343
339 344
343 655
343 987
344 718
376 391
377 471
381 391
382 391
387 391
391 393
391 473
471 473
473 530
577 722
655 656
656 808
720 721
721 722
723 996
727 996
853 883
854 883
