23 433
76 387
83 387
88 729
94 728
133 629
152 388
152 477
190 225
193 225
195 214
210 214
214 216
214 225
214 629
220 225
225 226
225 395
225 600
225 677
324 551
361 387
375 382
376 386
376 387
376 388
376 393
377 472
378 477
378 479
380 386
381 388
381 477
382 391
382 477
382 530
382 551
382 654
384 387
384 393
384 472
384 477
386 476
386 478
386 479
386 480
386 481
386 482
387 388
387 391
387 393
387 478
387 544
387 627
387 628
387 629
387 630
388 472
388 474
388 626
388 707
388 729
388 732
388 733
390 393
391 393
392 619
393 474
393 477
393 479
393 545
393 596
393 728
433 477
433 501
472 474
472 475
474 544
474 551
477 619
478 544
544 626
545 628
545 707
546 627
551 619
551 706
619 654
619 657
627 728
628 707
628 967
629 630
629 967
729 730
