3 55
23 431
26 55
51 935
55 353
66 275
156 265
199 206
199 207
200 206
204 265
204 353
205 309
205 610
205 613
206 207
206 275
206 308
206 309
206 767
206 909
206 938
206 981
206 982
207 260
207 461
207 610
207 829
207 989
216 676
219 675
261 265
262 273
262 275
263 864
265 613
265 678
265 683
265 684
265 685
265 686
267 982
273 675
273 679
273 702
273 938
275 339
275 613
275 866
275 998
280 339
305 309
309 828
336 339
339 344
353 862
353 864
353 865
353 866
424 431
428 431
431 436
431 437
431 445
431 458
431 524
431 610
431 806
605 610
606 613
607 865
613 908
675 676
675 983
676 936
678 679
679 681
679 682
686 938
861 936
864 908
865 935
865 937
865 938
866 998
897 936
908 938
935 936
981 982
982 985
