51 935
156 265
190 219
190 234
190 235
193 235
199 205
199 206
199 207
200 206
204 265
205 260
205 264
205 272
205 307
205 309
205 610
205 613
205 686
205 845
205 929
206 207
206 275
206 308
206 309
206 767
206 909
206 938
206 981
206 982
207 260
207 461
207 610
207 829
207 989
216 396
216 676
219 228
219 235
219 396
219 674
219 675
234 235
234 833
235 394
259 260
260 263
260 264
261 265
262 272
262 273
265 613
265 678
265 683
265 684
265 685
265 686
267 982
272 863
273 675
273 679
273 702
273 938
275 613
305 309
309 828
353 865
394 396
431 610
526 845
528 845
605 610
606 613
607 865
613 908
675 676
675 983
676 936
678 679
679 681
679 682
686 938
861 936
865 935
865 937
865 938
897 936
908 938
935 936
981 982
982 985
