28 172
45 165
84 187
95 167
162 163
162 164
162 165
163 166
163 167
164 168
164 170
164 171
164 172
164 173
164 174
164 175
165 168
165 172
165 173
165 176
165 177
165 178
165 179
165 180
165 181
165 182
166 167
166 184
166 187
166 334
166 502
166 631
166 633
166 634
166 635
166 636
166 637
166 638
166 639
167 187
167 188
167 449
167 502
167 503
167 632
167 633
167 635
167 636
167 638
167 639
167 644
167 746
167 747
167 748
168 178
170 179
170 180
171 175
171 177
171 404
171 973
172 176
172 177
172 180
172 181
172 995
173 174
173 516
174 625
175 181
175 995
177 995
179 419
184 187
187 504
187 632
187 633
187 634
187 635
208 748
286 334
313 334
317 334
334 671
631 632
633 644
636 871
639 644
644 746
748 990
748 991
973 995
