43 288
101 287
108 278
137 344
275 339
276 277
276 278
277 280
277 281
277 282
277 283
278 279
278 284
278 285
279 287
279 288
279 294
279 295
280 284
280 339
280 471
280 718
282 284
282 997
283 782
283 783
283 801
283 853
283 883
284 285
284 288
284 718
284 723
285 726
285 997
287 295
287 338
287 711
287 717
288 294
288 343
288 656
288 719
292 717
294 825
294 996
295 716
295 997
336 337
336 338
336 339
338 342
338 343
339 344
342 724
342 727
343 655
343 987
344 718
377 471
391 473
471 473
473 530
577 724
655 656
656 808
716 723
717 721
723 987
723 996
724 725
727 996
853 883
854 883
987 997
