2 10
2 13
3 23
4 351
5 476
7 600
9 10
9 90
9 94
10 12
10 26
10 85
10 86
10 87
10 90
10 92
10 94
10 96
10 97
10 98
10 99
10 100
10 101
10 102
10 103
10 104
10 105
10 106
10 107
10 108
10 109
10 110
10 111
10 112
10 113
10 114
10 115
10 116
10 117
10 118
10 119
10 120
10 121
12 96
12 349
13 191
13 507
14 867
15 94
18 507
19 97
19 542
19 988
20 120
21 250
21 507
22 415
22 417
22 420
23 161
23 419
23 422
23 425
23 426
23 427
23 431
23 432
23 433
23 434
23 435
23 436
23 437
23 438
23 439
23 440
23 441
23 442
23 443
23 444
23 445
23 446
23 447
23 448
23 449
23 450
23 451
23 452
23 453
23 454
23 455
23 456
23 457
23 458
26 599
26 600
43 288
51 935
54 319
55 353
66 275
69 190
72 999
76 387
81 404
83 387
83 391
84 187
87 542
90 116
90 939
90 941
91 120
93 140
93 542
94 728
94 740
95 167
96 345
97 505
97 507
97 508
98 99
99 250
99 740
100 494
101 287
101 867
101 869
102 522
102 841
103 357
103 570
104 506
106 250
108 278
109 591
109 868
110 507
112 250
117 988
118 899
119 427
120 591
121 542
121 988
125 137
125 139
125 140
125 141
127 404
127 950
128 463
130 140
130 948
133 629
133 999
135 160
137 140
137 141
137 160
137 344
137 816
139 142
139 948
139 950
140 816
140 948
141 142
142 160
149 463
150 240
152 380
152 391
156 265
157 160
158 161
159 407
161 446
161 457
162 163
162 164
162 165
163 166
163 167
164 168
164 169
164 170
164 171
164 172
164 173
164 174
164 175
164 176
164 177
165 168
165 173
165 176
165 178
165 179
166 167
166 184
166 187
166 334
166 502
166 631
166 633
166 634
166 635
166 636
166 637
166 638
166 639
167 187
167 188
167 449
167 502
167 503
167 632
167 633
167 635
167 636
167 638
167 639
167 644
167 746
167 747
167 748
168 178
169 853
169 854
170 179
170 180
171 175
171 177
171 404
171 973
172 176
173 174
173 516
174 625
176 182
176 985
178 576
179 419
183 184
183 185
183 186
184 187
186 190
186 191
186 192
186 193
186 194
186 195
187 504
187 632
187 633
187 634
187 635
188 950
189 637
190 191
190 193
190 209
190 211
190 213
190 218
190 219
190 220
190 221
190 222
190 223
190 224
190 225
190 226
190 227
190 228
190 229
190 230
190 231
190 232
190 233
190 234
190 235
190 236
192 221
193 216
193 217
193 221
193 225
193 284
193 394
193 397
194 223
194 397
199 207
199 208
201 267
201 354
201 744
203 270
203 438
204 265
204 270
204 353
204 354
205 264
205 272
205 610
205 613
206 207
206 275
206 938
206 981
206 982
207 260
207 461
207 610
207 829
207 989
208 262
208 264
208 352
208 354
208 461
208 606
208 609
208 748
208 770
208 829
208 908
209 211
211 215
211 216
211 217
214 216
214 225
214 629
215 317
215 333
215 402
216 222
216 228
216 229
216 236
216 396
216 676
216 677
217 626
218 394
218 395
219 228
219 235
219 396
219 674
219 675
220 225
221 222
221 758
221 791
222 223
222 481
223 224
223 227
223 395
224 286
225 226
225 395
225 600
225 677
228 231
228 232
228 397
230 231
231 325
231 820
232 821
233 392
233 480
233 481
234 235
234 833
235 394
236 425
236 821
237 240
240 247
240 248
240 249
240 250
240 251
240 252
240 253
240 254
241 557
241 559
241 890
242 463
242 559
243 391
243 556
243 599
244 463
244 599
244 650
245 251
245 969
246 849
246 993
248 543
249 561
250 475
250 508
250 867
250 868
250 869
251 470
251 523
251 649
251 964
251 966
253 463
253 652
254 463
254 559
259 262
260 264
261 265
261 267
262 267
262 269
262 270
262 271
262 272
262 273
262 274
262 275
263 864
264 606
264 682
264 915
265 613
265 678
265 683
265 684
265 685
265 686
266 347
266 355
266 356
266 357
266 573
267 274
267 351
267 354
267 649
267 829
267 982
269 662
269 709
270 517
270 743
270 897
271 714
271 751
271 752
271 753
271 754
271 756
271 757
271 758
272 863
273 679
273 938
274 990
275 339
275 613
275 866
275 998
276 277
276 278
277 280
277 281
277 282
277 283
278 279
278 284
278 285
279 286
279 287
279 288
279 290
279 293
279 294
280 284
280 339
280 471
280 718
281 284
282 284
282 997
283 782
283 783
283 801
283 853
283 883
284 285
284 288
284 718
284 719
284 720
284 721
284 722
284 723
285 997
286 310
286 313
286 314
286 315
286 316
286 317
286 319
286 321
286 322
286 323
286 324
286 325
286 326
286 327
286 328
286 329
286 330
286 331
286 332
286 333
286 334
286 335
287 295
287 338
287 711
287 717
288 294
288 343
288 656
288 719
289 404
289 735
290 720
290 725
290 823
292 293
292 717
293 721
294 825
294 996
295 997
306 463
306 553
306 599
306 890
307 965
310 311
310 312
311 313
311 314
311 315
311 316
312 317
312 319
313 317
313 330
313 334
313 402
313 790
314 924
315 317
315 330
315 335
315 402
315 670
315 672
315 965
317 319
317 322
317 327
317 332
317 334
317 418
317 787
317 788
317 789
317 790
319 326
319 332
319 556
319 790
320 330
321 404
321 407
321 574
321 575
324 551
328 330
330 331
330 402
330 704
330 926
331 671
332 335
332 854
333 691
333 787
334 671
335 789
336 337
336 338
336 339
337 340
337 341
338 342
338 343
339 344
340 341
340 534
340 535
340 536
340 538
340 539
340 540
341 535
341 536
341 539
341 921
342 724
342 727
343 655
343 987
344 718
345 346
345 347
345 348
346 355
346 356
347 363
347 416
348 356
349 511
349 682
349 869
350 427
351 352
352 606
352 981
352 985
353 862
353 864
353 865
353 866
354 983
354 985
355 357
355 358
355 359
355 360
355 361
355 362
355 363
355 364
355 365
356 360
356 365
356 366
356 367
356 368
356 369
356 370
356 371
356 372
357 358
357 363
357 365
357 367
357 370
357 418
357 463
357 562
357 567
357 570
357 571
357 572
357 573
359 570
361 387
361 404
364 607
368 419
371 418
371 495
372 570
373 375
374 380
375 381
375 382
375 383
375 384
375 385
376 387
376 391
376 392
377 471
377 472
380 386
380 999
381 388
381 391
381 474
381 476
381 477
382 391
382 477
382 530
382 551
382 654
383 640
383 900
384 385
384 387
384 393
384 472
384 477
384 548
384 828
384 900
384 901
385 421
385 545
385 989
386 476
386 478
386 480
386 481
387 388
387 391
387 393
387 478
387 544
387 627
387 628
387 629
387 630
388 472
388 626
390 900
391 393
391 473
392 619
392 640
392 708
393 728
394 396
395 397
397 821
397 856
398 400
400 403
400 404
400 405
400 406
400 407
400 408
400 409
400 410
400 411
400 412
400 413
400 414
403 404
403 574
404 408
404 409
404 410
404 412
404 482
404 574
404 575
404 578
404 579
404 580
404 581
404 583
404 584
404 585
404 586
404 587
404 588
404 589
404 590
404 591
404 592
404 593
404 594
404 595
405 414
405 735
406 586
406 892
407 734
408 588
411 584
411 593
412 593
414 595
414 900
415 416
415 417
416 418
417 419
417 420
417 421
419 425
419 427
419 429
419 442
419 445
419 451
419 453
419 457
419 496
419 497
419 498
419 755
419 806
419 857
419 879
419 886
419 919
419 930
419 932
420 542
422 423
422 424
423 424
423 425
424 427
424 428
424 429
424 430
424 431
425 426
425 427
425 444
425 445
425 449
425 451
425 453
425 457
425 501
425 793
425 796
425 797
425 802
425 805
425 886
425 919
425 923
425 932
425 960
425 962
426 962
427 437
427 438
427 495
427 498
427 524
427 710
427 755
427 792
427 800
427 801
427 802
427 803
427 804
427 805
427 806
428 453
428 735
428 960
428 961
430 885
430 940
431 436
431 437
431 610
432 495
433 477
433 501
434 620
434 622
435 658
435 659
436 445
436 454
436 455
436 458
436 792
436 795
436 796
436 797
436 798
436 799
437 456
437 572
437 674
437 710
437 793
437 879
437 880
439 440
439 795
441 615
441 910
441 912
442 885
443 497
443 946
445 453
445 966
446 498
447 448
447 946
448 800
448 960
449 450
450 946
452 496
452 794
452 894
452 961
453 793
453 795
453 835
453 880
454 961
455 966
459 460
459 461
459 462
460 463
460 464
460 465
462 467
462 468
462 469
462 470
463 467
463 531
463 543
463 552
463 553
463 554
463 555
463 556
463 557
463 558
463 559
463 560
463 561
464 555
465 469
465 507
465 965
467 468
467 521
467 719
468 521
468 557
468 782
468 923
468 965
469 523
469 552
470 633
470 969
471 473
472 474
472 475
473 530
474 480
474 543
474 544
474 548
474 550
474 551
477 619
478 544
480 626
480 967
481 545
481 732
481 901
482 735
485 486
485 487
485 488
486 488
486 489
487 488
487 490
487 491
488 490
488 491
488 492
488 493
488 494
489 678
489 680
490 492
491 493
491 715
494 653
494 694
495 497
497 931
498 573
504 637
505 506
506 507
507 739
507 740
507 741
508 939
508 940
518 669
525 841
528 899
529 986
530 550
531 559
542 940
544 626
545 628
546 627
548 816
550 626
551 619
551 706
552 645
552 647
552 649
553 856
553 893
553 895
554 557
555 923
557 651
557 688
559 599
559 689
559 986
559 994
560 671
560 969
561 691
570 571
570 716
572 894
575 584
576 587
576 734
577 722
577 724
579 735
585 734
585 735
586 594
587 736
588 734
588 735
588 892
590 735
591 988
592 735
592 892
594 735
599 890
604 607
605 610
606 611
606 613
607 865
607 897
607 983
611 683
611 862
613 908
619 654
619 657
620 621
620 622
621 623
621 624
622 625
623 855
623 920
624 920
624 921
625 920
625 921
627 728
628 707
628 967
629 630
629 967
631 632
633 640
633 644
639 644
640 733
640 901
644 746
647 650
647 651
647 652
649 689
649 893
649 895
650 969
651 688
652 993
654 655
655 656
656 808
657 732
657 999
658 660
658 661
659 661
659 663
659 664
659 665
659 666
659 667
659 668
660 661
660 662
660 737
660 738
661 667
661 668
662 663
662 664
662 665
662 666
662 668
663 664
664 668
665 666
666 668
666 738
667 738
669 670
669 671
670 672
672 878
675 676
675 983
676 936
678 679
679 681
679 682
681 941
681 974
685 991
686 938
705 989
710 931
716 723
717 721
720 721
721 722
723 987
723 996
724 725
726 987
727 987
727 996
734 736
735 736
744 770
744 863
745 998
748 990
748 991
759 850
780 858
781 858
782 952
783 858
784 851
784 858
784 887
789 926
794 930
799 961
801 848
803 962
804 966
819 850
819 853
829 991
841 842
842 898
842 899
846 847
846 848
846 849
847 850
847 851
848 852
849 852
849 853
849 854
849 855
850 855
850 881
851 854
852 952
853 854
853 855
853 881
853 882
853 883
853 884
854 881
854 883
854 884
854 887
854 952
856 993
857 885
857 886
858 882
858 887
861 936
862 863
864 908
865 935
865 937
865 938
866 998
879 964
882 952
893 894
897 936
897 983
899 986
908 938
920 933
920 934
921 934
924 925
924 926
930 931
935 936
941 974
941 975
964 965
981 982
982 985
987 997
993 994
