1 827
4 1251
4 1919
10 1390
12 1690
13 437
13 910
20 391
20 421
21 501
23 333
23 501
30 32
30 33
32 37
32 44
32 224
32 286
32 474
32 616
32 1152
32 1237
32 1288
32 1422
32 1460
33 315
33 530
33 895
33 1035
33 1119
33 1229
33 1396
33 1530
34 992
36 1509
42 992
43 44
43 50
44 108
44 123
44 159
44 234
44 388
44 532
44 570
44 691
44 696
44 806
44 882
44 951
44 1089
44 1177
44 1256
44 1265
44 1572
44 1724
47 496
50 51
50 1032
50 1387
50 1614
50 1624
50 1689
50 1711
50 1715
51 326
54 1157
58 186
58 1315
59 62
59 69
62 284
62 326
62 333
62 340
62 479
62 946
62 967
62 990
62 1021
62 1617
62 1783
62 1891
65 1921
66 108
67 267
69 497
69 514
69 640
69 891
69 1276
71 1242
73 827
74 1390
75 1524
77 391
81 1390
84 1315
85 570
89 544
90 108
92 536
92 992
92 1496
93 1000
93 1003
94 333
94 1829
100 101
100 108
101 313
101 609
101 810
101 1094
101 1109
101 1139
101 1521
101 1625
101 1634
101 1846
103 421
104 326
106 1829
108 156
108 312
108 391
108 545
108 609
108 885
108 1149
108 1340
108 1919
109 584
110 498
112 123
116 1003
116 1524
118 700
120 570
120 660
122 437
122 700
123 303
123 913
123 999
123 1062
123 1520
123 1559
123 1560
123 1774
129 333
135 139
135 141
137 1227
138 159
138 174
139 193
139 656
139 696
139 1166
139 1214
139 1262
139 1610
139 1997
141 144
141 219
141 332
141 497
141 922
141 951
141 988
141 1172
141 1431
141 1710
142 1662
149 159
159 567
159 607
159 785
159 791
159 971
159 1134
159 1257
159 1502
159 1683
159 1804
159 1921
162 267
164 1000
169 174
171 1508
174 632
174 863
174 910
174 965
174 1050
174 1211
174 1538
174 1581
174 1607
174 1935
181 1662
181 1908
183 326
186 187
186 188
186 189
186 190
186 191
186 192
186 193
187 1509
188 419
188 425
188 495
188 496
188 497
188 498
188 499
188 500
188 501
188 502
188 503
188 504
188 505
192 1157
196 910
199 1921
203 700
206 1350
206 1873
209 437
209 798
220 421
223 1350
226 700
226 1119
226 1496
226 1524
227 662
228 1242
234 700
235 1508
237 284
243 1089
244 437
247 388
247 1873
249 1625
249 1628
251 621
257 333
259 1251
261 267
262 1509
263 544
267 544
267 579
267 910
267 1021
267 1119
267 1242
267 1437
267 1750
267 1801
267 1850
267 1883
269 1251
274 536
275 498
275 1191
276 544
284 285
284 286
284 287
284 288
284 289
284 290
284 291
284 292
285 992
286 1315
286 1390
302 696
304 544
304 1402
308 544
317 1625
319 437
326 497
326 662
326 770
326 832
326 1028
326 1437
326 1496
326 1500
326 1616
326 1749
326 1967
333 630
333 703
333 859
333 1286
333 1546
333 1896
338 536
345 1554
350 388
351 570
352 660
352 662
378 1315
380 388
383 388
383 391
388 621
388 660
388 1251
388 1286
388 1350
388 1412
388 1449
388 1732
388 1896
388 1957
390 1625
391 536
391 606
391 700
391 827
391 920
391 1000
391 1402
391 1723
391 1852
391 1876
391 1880
391 1891
396 927
399 496
402 832
402 1315
414 415
414 416
414 417
414 418
414 419
414 420
414 421
414 422
414 423
417 496
421 496
421 564
421 668
421 839
421 992
421 1005
421 1122
421 1130
421 1315
421 1513
421 1553
421 1829
426 1000
431 1509
434 437
437 615
437 834
437 910
437 1065
437 1535
437 1685
437 1902
439 1554
441 1625
447 498
447 1000
449 827
454 536
454 1089
463 1509
469 1513
470 662
470 1089
477 1157
479 1089
482 544
483 1496
487 1390
488 536
493 994
496 702
496 1066
496 1088
496 1181
496 1376
496 1729
497 520
497 798
497 963
497 1214
497 1215
497 1227
497 1641
497 1682
497 1689
497 1703
498 773
498 860
498 861
498 862
498 863
499 1496
500 1044
500 1066
500 1111
500 1375
500 1380
500 1448
500 1812
501 767
501 769
501 1113
501 1226
501 1480
501 1655
503 1191
507 827
516 520
517 994
518 1508
520 529
520 698
520 719
520 763
520 946
520 947
520 948
527 1256
533 1119
536 865
536 903
536 910
536 1003
536 1090
536 1209
536 1390
536 1397
536 1508
536 1671
536 1749
536 1786
536 1858
538 1242
540 1524
541 1003
543 1496
544 632
544 1019
544 1259
544 1740
548 1689
554 1724
561 1227
564 1513
564 1883
565 1089
568 1227
568 1850
569 829
570 673
570 1171
570 1287
570 1369
570 1501
570 1785
580 584
582 1662
584 774
584 910
584 950
584 1015
584 1016
584 1303
584 1764
586 1315
599 1829
605 1689
607 1508
607 1622
608 1689
613 1090
615 1509
616 621
620 927
621 1042
621 1380
621 1716
621 1717
621 1718
621 1719
631 1297
634 1508
635 1315
636 1724
638 1786
656 1350
659 1315
660 678
660 811
660 834
660 1100
660 1226
660 1425
660 1589
660 1617
660 1621
660 1804
660 1834
660 1867
661 1274
662 900
662 1069
662 1101
662 1234
662 1602
662 1638
668 829
671 1662
672 1554
673 806
673 992
673 994
675 1921
680 994
682 1883
693 696
696 832
696 845
696 1023
696 1157
696 1186
696 1191
696 1338
696 1554
696 1571
696 1662
696 1679
696 1865
696 1908
696 1979
697 785
700 1013
700 1122
700 1186
700 1257
700 1491
701 1350
720 1119
728 1350
729 1508
734 1627
737 829
737 994
738 1919
754 1090
755 1628
769 798
771 1921
773 785
774 785
775 1627
781 785
785 793
785 1132
785 1218
785 1295
785 1736
785 1737
788 1242
791 798
794 1000
796 1690
796 1850
798 948
798 1014
798 1073
798 1260
798 1394
798 1492
798 1593
802 1402
804 806
806 883
806 1107
806 1181
806 1334
806 1349
806 1408
806 1412
806 1444
806 1524
806 1565
806 1587
806 1820
806 1873
810 1274
811 1622
816 1622
822 1251
822 1274
826 827
827 907
827 1076
827 1605
827 1658
827 1683
829 830
829 831
829 832
829 833
829 834
829 835
832 927
832 994
832 1001
832 1039
832 1099
832 1446
832 1499
832 1655
832 1661
832 1729
832 1853
833 1524
837 1251
837 1690
838 1003
840 1724
844 1689
853 1119
861 1919
871 1157
876 1509
887 1297
889 994
889 1402
890 1242
891 1242
892 1786
894 1350
896 1908
910 1087
910 1210
910 1225
910 1234
910 1274
910 1297
910 1703
914 1315
927 1538
927 1635
927 1788
929 1090
929 1513
941 1919
944 1274
950 1544
951 1627
957 1090
967 1662
979 1496
981 1662
992 1152
992 1171
992 1258
992 1900
992 1916
994 1126
994 1139
994 1449
994 1533
994 1539
994 1540
994 1541
999 1242
1000 1269
1000 1287
1000 1379
1000 1659
1000 1894
1000 1910
1001 1554
1003 1136
1003 1216
1003 1261
1003 1454
1003 1818
1003 1820
1013 1524
1013 1919
1022 1119
1030 1829
1046 1627
1048 1227
1053 1662
1056 1251
1058 1921
1061 1157
1067 1786
1069 1829
1072 1724
1087 1089
1087 1090
1089 1349
1089 1438
1089 1523
1089 1525
1089 1667
1090 1425
1090 1479
1090 1565
1090 1657
1101 1496
1107 1724
1111 1544
1115 1119
1116 1242
1119 1349
1119 1451
1119 1889
1119 1901
1124 1908
1132 1191
1134 1829
1134 1908
1140 1242
1142 1786
1155 1157
1157 1221
1157 1643
1157 1810
1181 1662
1184 1191
1187 1908
1190 1628
1191 1398
1191 1838
1192 1627
1209 1390
1212 1544
1214 1524
1224 1509
1227 1422
1227 1604
1227 1711
1227 1722
1227 1986
1229 1689
1242 1243
1242 1244
1242 1245
1244 1625
1246 1251
1250 1627
1251 1340
1251 1734
1251 1762
1251 1941
1256 1435
1256 1443
1256 1605
1256 1639
1256 1726
1256 1996
1257 1554
1258 1554
1264 1513
1269 1274
1271 1513
1274 1312
1274 1754
1274 1875
1275 1724
1285 1402
1289 1627
1290 1297
1292 1908
1293 1297
1297 1310
1297 1635
1297 1678
1302 1402
1305 1513
1308 1724
1314 1689
1315 1564
1315 1942
1315 1997
1332 1350
1350 1351
1350 1352
1350 1353
1350 1354
1351 1544
1352 1496
1366 1508
1367 1524
1378 1919
1402 1456
1402 1773
1413 1873
1416 1513
1437 1509
1440 1662
1461 1622
1462 1850
1466 1873
1467 1627
1474 1509
1475 1883
1476 1724
1485 1513
1491 1919
1495 1496
1496 1526
1499 1554
1508 1896
1508 1974
1509 1627
1509 1880
1513 1895
1513 1906
1524 1525
1542 1625
1543 1544
1544 1617
1544 1625
1544 1644
1544 1963
1544 1985
1545 1690
1547 1919
1554 1562
1554 1960
1556 1625
1565 1850
1596 1921
1620 1622
1622 1688
1622 1689
1622 1872
1622 1936
1625 1626
1625 1627
1625 1628
1627 1687
1627 1689
1627 1895
1628 1703
1645 1921
1656 1724
1656 1873
1661 1662
1689 1690
1689 1691
1690 1707
1690 1810
1690 1891
1703 1724
1724 1854
1724 1943
1729 1873
1737 1850
1739 1883
1761 1921
1777 1873
1790 1883
1850 1937
1873 1885
1875 1908
1876 1908
