1 654
4 1251
5 1423
7 1457
8 1431
11 1914
12 568
12 1690
16 199
16 939
25 939
30 32
32 37
32 44
32 224
32 286
32 474
32 616
32 1152
32 1237
32 1288
32 1422
32 1460
33 530
35 38
38 384
38 619
38 679
38 865
38 1020
45 1700
50 1387
50 1624
51 325
55 587
56 1457
59 64
59 68
64 99
64 222
64 426
64 547
64 838
64 843
64 1431
64 1540
64 1672
64 1698
64 1819
64 1929
64 1956
65 458
65 1914
68 543
68 816
68 888
68 1055
68 1076
68 1780
68 1962
70 71
71 155
71 221
71 227
71 374
71 857
71 958
71 1242
71 1784
71 1848
73 1785
74 245
77 1806
80 934
84 934
89 544
89 587
98 889
101 1094
102 1637
104 857
111 939
113 818
118 1929
119 1920
122 1700
127 1799
129 1624
130 925
135 140
135 141
137 1925
140 222
140 445
140 667
140 746
140 791
140 971
140 1278
140 1460
140 1661
140 1862
141 144
141 219
141 332
141 497
141 922
141 951
141 988
141 1172
141 1431
141 1710
145 1308
147 1409
155 1588
156 737
166 591
166 894
168 1806
178 179
178 181
179 384
179 429
179 556
179 639
179 1184
179 1343
179 1735
179 1838
179 1887
181 517
181 555
181 1075
181 1333
181 1349
181 1449
181 1662
181 1800
181 1892
181 1908
189 1132
191 894
192 1799
194 199
195 925
198 857
199 775
199 966
199 1249
199 1412
199 1920
199 1921
200 359
202 815
206 1350
209 894
218 1925
219 1806
220 930
220 939
221 228
223 1132
223 1350
226 1431
228 290
228 737
228 1242
228 1427
228 1433
228 1446
228 1471
228 1800
229 1929
233 245
240 325
245 291
245 462
245 578
245 934
245 949
245 1140
245 1279
245 1303
245 1391
245 1431
245 1642
247 1920
250 1387
255 934
259 1251
263 544
264 1606
265 892
267 544
269 1251
272 654
276 544
277 280
280 329
280 380
280 476
280 517
280 576
280 896
280 1506
282 1799
290 1799
298 1308
304 544
304 1460
304 1983
308 544
309 1731
318 949
320 359
324 1132
325 652
325 737
325 743
325 1005
325 1030
325 1214
325 1215
325 1216
327 815
327 816
327 818
330 1785
332 458
335 534
340 734
340 737
346 1308
348 1161
349 949
351 568
352 587
355 359
359 510
359 513
359 816
359 872
359 1537
359 1762
360 1727
363 857
366 1423
367 1409
370 714
370 956
377 1161
381 1423
383 384
384 474
384 616
384 808
384 915
384 1017
384 1041
384 1178
384 1183
384 1339
384 1423
384 1700
384 1751
384 1825
384 1920
384 1972
385 889
388 1251
388 1350
395 530
396 930
398 1588
416 939
421 1553
425 1308
431 818
432 1588
435 889
435 1275
448 458
456 458
458 510
458 543
458 1093
458 1477
458 1586
458 1806
458 1807
464 934
469 837
469 1637
475 892
479 1606
479 1785
482 544
482 1624
488 517
488 530
488 534
490 889
490 956
493 994
495 815
500 1375
502 1553
512 949
516 517
517 591
517 837
517 930
517 939
517 994
517 1212
517 1314
517 1375
517 1413
517 1414
517 1415
518 837
519 1094
521 1803
526 934
530 531
530 556
530 576
530 1522
530 1615
530 1740
531 587
533 1460
534 886
534 1501
534 1578
534 1740
534 1864
536 1090
538 1161
543 956
544 632
544 1019
544 1259
544 1740
547 818
548 815
549 818
550 1308
553 1588
553 1803
560 563
562 1920
563 1332
563 1530
563 1656
563 1740
563 1977
564 889
568 616
568 651
568 962
568 1184
568 1227
568 1282
568 1638
568 1740
568 1850
568 1967
569 829
570 1785
574 1606
577 1920
579 930
580 587
580 591
582 989
586 714
587 836
587 837
587 838
587 839
587 840
587 841
590 925
591 618
591 821
591 884
591 903
591 905
591 1036
591 1276
591 1609
591 1667
591 1668
591 1669
601 867
604 1914
604 1920
607 1622
613 1090
622 816
628 815
630 1700
630 1731
632 808
632 1847
633 1588
638 1423
645 1161
646 867
649 1806
650 1731
651 1387
653 654
654 818
654 1481
654 1818
656 1350
666 1431
668 829
668 925
670 1929
673 737
673 989
673 994
678 1847
680 994
690 1672
695 1132
701 1350
702 808
702 1806
705 714
706 714
714 762
714 991
714 1143
714 1454
714 1490
714 1527
714 1920
714 1932
715 1588
715 1637
728 956
728 1350
729 1925
731 957
734 758
734 939
734 1466
734 1627
734 1678
735 1930
737 772
737 829
737 857
737 956
737 994
737 1136
737 1408
737 1474
737 1475
739 1423
742 1799
746 925
754 1090
762 1431
770 1457
780 1700
785 1132
792 1308
796 1690
797 818
804 808
808 969
808 991
808 1052
808 1579
808 1813
808 1853
808 1915
808 1928
808 1940
811 1622
812 1637
815 857
815 866
815 1077
816 851
816 894
816 1094
816 1209
816 1299
816 1368
816 1622
816 1658
816 1810
816 1847
818 1117
818 1237
818 1672
818 1678
818 1825
818 1920
818 1932
822 1251
828 949
829 830
829 831
829 832
829 833
829 834
829 835
830 1308
832 994
837 1149
837 1229
837 1251
837 1325
837 1427
837 1431
837 1541
837 1690
837 1799
837 1900
837 1914
837 1983
848 857
857 891
857 892
857 893
857 894
857 895
857 896
857 897
857 898
858 1920
864 867
867 957
867 1400
867 1665
867 1691
867 1813
869 1409
875 889
875 1925
881 889
884 1624
884 1806
889 994
889 1401
889 1402
892 1337
892 1595
892 1786
892 1946
894 948
894 1265
894 1300
894 1350
894 1457
894 1624
894 1680
894 1702
894 1746
894 1784
897 957
907 1132
908 1930
909 1375
909 1431
911 1727
923 1409
925 957
925 979
925 1527
925 1581
925 1716
925 1944
929 1090
930 1060
930 1314
930 1477
930 1962
931 1727
932 934
932 939
934 935
934 1179
934 1450
934 1525
934 1693
939 1059
939 1444
939 1526
939 1553
939 1606
945 1460
948 1672
949 950
949 951
949 952
950 1275
953 956
953 957
956 1012
956 1218
956 1320
956 1476
956 1735
956 1805
957 1090
957 1161
957 1201
957 1215
957 1460
957 1550
957 1637
957 1731
957 1732
977 1308
980 1740
988 1847
989 1023
989 1103
989 1471
989 1715
989 1920
989 1954
991 1698
994 1126
994 1139
994 1449
994 1533
994 1539
994 1540
994 1541
999 1606
1020 1094
1025 1375
1030 1409
1033 1698
1047 1606
1056 1251
1057 1637
1057 1740
1063 1375
1074 1460
1080 1457
1082 1308
1085 1672
1087 1090
1090 1425
1090 1479
1090 1565
1090 1657
1092 1094
1094 1208
1094 1515
1098 1930
1099 1457
1117 1700
1132 1191
1132 1619
1132 1672
1132 1766
1160 1161
1161 1197
1161 1337
1161 1392
1161 1652
1161 1870
1161 1944
1163 1806
1164 1606
1172 1925
1175 1457
1175 1460
1185 1925
1204 1929
1207 1930
1211 1740
1221 1803
1229 1847
1233 1460
1246 1251
1250 1929
1251 1340
1251 1734
1251 1762
1251 1941
1257 1553
1269 1275
1275 1525
1275 1724
1275 1731
1275 1876
1279 1803
1283 1606
1291 1785
1303 1423
1307 1457
1307 1727
1308 1461
1308 1672
1308 1724
1308 1874
1312 1727
1318 1799
1332 1350
1333 1929
1337 1672
1343 1637
1350 1351
1350 1352
1350 1353
1350 1354
1351 1930
1352 1727
1356 1803
1358 1624
1364 1799
1375 1450
1375 1478
1375 1563
1375 1705
1379 1624
1387 1536
1387 1672
1387 1889
1387 1899
1394 1930
1396 1847
1408 1409
1409 1461
1409 1731
1409 1964
1412 1553
1415 1431
1415 1553
1417 1672
1423 1739
1423 1949
1423 1950
1431 1435
1431 1637
1431 1774
1431 1901
1431 1970
1447 1698
1451 1740
1451 1920
1457 1741
1458 1799
1459 1914
1460 1484
1460 1610
1460 1732
1460 1806
1460 1864
1460 1870
1460 1994
1461 1622
1471 1624
1484 1914
1504 1731
1531 1803
1545 1690
1553 1946
1559 1847
1561 1983
1575 1847
1580 1930
1588 1637
1588 1916
1591 1731
1593 1606
1594 1803
1600 1929
1604 1740
1620 1622
1622 1688
1622 1689
1622 1872
1622 1936
1635 1637
1637 1740
1637 1803
1637 1912
1637 1913
1643 1930
1647 1727
1672 1702
1672 1707
1672 1742
1672 1779
1672 1813
1686 1727
1689 1690
1690 1707
1690 1810
1690 1891
1695 1847
1698 1699
1705 1920
1707 1740
1712 1925
1725 1785
1727 1806
1731 1775
1731 1785
1731 1820
1731 1886
1740 1930
1742 1920
1746 1914
1785 1854
1799 1917
1803 1855
1806 1888
1812 1847
1830 1983
1847 1913
1849 1994
1856 1920
1914 1915
1920 1925
1920 1992
1924 1929
1929 1964
