4 1918
5 789
5 1423
6 1244
7 453
7 1928
11 789
16 199
19 730
20 1795
21 501
23 501
26 1825
32 37
34 1928
35 37
36 335
37 424
37 960
37 1354
37 1396
37 1582
37 1812
38 384
38 619
39 790
43 48
45 1700
48 314
48 453
48 462
48 632
48 1518
48 1792
48 1886
48 1961
54 543
55 587
56 360
56 1354
57 161
59 64
59 68
62 967
63 1611
64 99
64 222
64 426
64 547
64 838
64 843
64 1431
64 1540
64 1672
64 1698
64 1819
64 1929
64 1956
66 153
67 730
68 543
68 816
68 888
68 1055
68 1076
68 1780
68 1962
72 1705
80 1861
84 1354
84 1768
88 1222
89 587
89 991
98 889
107 450
107 453
110 1026
112 113
112 114
112 115
112 116
112 117
112 118
112 119
112 120
112 121
112 122
112 123
112 124
115 117
115 298
115 300
115 571
115 675
115 790
115 991
115 1061
115 1377
115 1438
115 1439
116 270
119 1915
119 1920
121 1511
122 1700
124 1915
130 1403
131 813
131 1121
133 161
136 706
137 1925
145 161
145 730
149 153
153 168
153 412
153 763
153 845
153 975
153 1540
153 1636
161 168
161 247
161 341
161 537
161 581
161 730
161 793
161 1113
161 1203
161 1400
161 1722
161 1787
166 706
178 179
179 384
179 429
179 556
179 639
179 1184
179 1343
179 1735
179 1838
179 1887
185 1439
188 501
189 1447
190 789
193 1872
194 199
195 838
198 604
199 775
199 966
199 1249
199 1412
199 1920
199 1921
203 789
206 1350
206 1873
208 247
210 730
210 1861
213 1253
218 1925
220 1447
221 231
222 335
223 727
223 1350
223 1439
227 1768
231 567
231 797
231 919
231 931
233 244
240 1410
244 436
244 437
244 489
244 739
244 948
244 1001
244 1361
244 1528
244 1747
244 1768
246 247
246 248
246 249
246 250
246 251
247 274
247 285
247 388
247 399
247 666
247 982
247 1183
247 1222
247 1370
247 1540
247 1611
247 1635
247 1691
247 1737
247 1819
247 1872
247 1873
247 1920
247 1996
255 672
257 335
259 952
262 1244
265 952
266 360
268 270
270 312
270 523
270 529
270 572
270 1087
270 1113
270 1506
270 1668
270 1905
271 1768
272 1357
274 360
278 1922
284 287
286 1253
287 486
287 585
287 640
287 838
287 1001
287 1190
287 1221
287 1576
287 1609
287 1828
295 1222
296 604
298 813
301 1357
304 1795
305 1309
314 317
317 375
317 453
317 516
317 543
317 883
317 1396
317 1511
317 1625
317 1733
317 1768
318 1870
325 652
327 813
335 534
335 592
335 838
335 878
335 1300
335 1310
335 1438
335 1464
336 727
341 453
343 1121
344 1447
346 1439
352 587
354 1121
355 360
357 581
357 604
360 375
360 456
360 466
360 469
360 537
360 1354
360 1437
360 1727
360 1759
366 1423
368 543
369 991
370 956
374 1611
376 1309
381 672
381 1423
383 384
384 474
384 616
384 808
384 915
384 1017
384 1041
384 1178
384 1183
384 1339
384 1423
384 1700
384 1751
384 1825
384 1920
384 1972
385 889
386 1244
388 1350
396 931
398 543
399 1439
402 1825
404 435
404 1705
407 1447
410 838
410 1924
411 1034
412 1113
423 788
428 789
431 972
434 435
435 552
435 889
435 1033
435 1039
435 1244
435 1275
435 1354
435 1474
435 1677
435 1734
435 1748
435 1879
443 604
443 1795
448 1034
450 583
450 618
450 790
450 850
450 901
450 984
450 1097
453 683
453 706
453 1294
453 1648
453 1827
453 1835
453 1863
453 1864
453 1865
458 543
471 1026
477 1026
478 838
478 931
484 1768
486 487
487 972
487 1023
487 1039
487 1125
487 1149
487 1390
487 1455
487 1527
487 1598
487 1699
487 1843
489 1439
490 889
490 956
501 767
501 769
501 1113
501 1226
501 1480
501 1655
503 789
515 1033
515 1439
523 1121
528 1447
531 587
532 1113
535 1357
539 540
539 541
539 542
539 543
540 1570
543 956
543 1039
543 1354
543 1396
543 1410
543 1496
543 1558
543 1574
543 1683
543 1684
545 1924
548 1034
549 788
556 1439
561 991
562 1920
564 889
566 790
577 1920
580 581
580 587
581 691
581 740
581 1110
581 1384
581 1757
582 989
583 652
587 836
587 837
587 838
587 839
587 840
587 841
595 1511
596 788
596 972
600 789
602 1872
604 638
604 1176
604 1236
604 1470
604 1853
604 1911
604 1914
604 1920
607 1795
608 972
611 789
613 1870
615 1918
616 619
619 663
619 741
619 843
619 1021
619 1040
619 1337
619 1483
619 1861
627 1121
628 991
629 1795
630 1700
632 808
638 1423
640 931
643 652
645 1872
652 958
652 1174
652 1238
652 1354
652 1437
652 1880
655 788
655 931
656 1350
664 672
667 1861
667 1928
668 1705
669 1113
672 725
672 795
672 1123
672 1176
672 1196
672 1354
672 1554
672 1644
672 1716
673 989
673 991
675 1244
688 1861
701 1350
702 808
702 1357
705 706
706 714
706 1184
706 1284
706 1853
708 1026
709 789
710 1570
711 1447
714 991
714 1920
723 790
723 1447
727 728
727 729
727 730
727 731
727 732
727 733
728 956
728 1350
729 1925
730 884
730 917
730 972
730 1443
730 1569
730 1750
730 1758
737 956
739 1423
758 1113
769 1033
778 1922
780 1700
786 788
788 790
788 1005
788 1242
788 1953
789 790
790 813
790 1026
790 1236
790 1590
790 1607
790 1739
790 1817
794 991
800 1570
804 808
806 1873
808 969
808 991
808 1052
808 1579
808 1813
808 1853
808 1915
808 1928
808 1940
813 1479
813 1927
817 838
818 1825
818 1920
824 1403
828 972
831 1795
836 972
838 952
838 1003
838 1187
838 1270
838 1307
838 1320
838 1503
838 1547
838 1640
838 1856
838 1870
838 1899
840 1870
847 1354
850 1034
855 1540
858 1920
870 1825
875 889
875 1925
881 889
886 1439
889 994
889 1401
889 1402
893 1357
894 1350
897 1447
899 1222
903 1113
908 1570
912 1121
912 1705
915 1570
931 1126
931 1237
931 1403
931 1570
931 1671
931 1727
931 1762
931 1861
931 1862
933 972
949 952
950 1275
952 1016
952 1032
952 1108
952 1109
952 1110
952 1111
953 956
956 1012
956 1218
956 1320
956 1476
956 1735
956 1805
959 1222
960 967
964 1511
965 1928
967 1017
967 1300
967 1451
967 1662
967 1768
967 1945
968 1827
972 1309
972 1363
972 1587
972 1821
972 1902
989 1023
989 1103
989 1471
989 1715
989 1920
989 1954
991 1092
991 1466
991 1576
991 1698
991 1861
991 1961
994 1540
998 1403
1001 1915
1002 1872
1015 1922
1018 1113
1023 1113
1023 1253
1026 1737
1027 1033
1027 1034
1033 1254
1033 1286
1033 1352
1033 1451
1033 1698
1033 1790
1034 1278
1034 1354
1034 1413
1034 1529
1034 1530
1034 1531
1056 1611
1074 1253
1074 1354
1082 1309
1101 1439
1113 1137
1113 1253
1113 1357
1113 1604
1113 1641
1113 1855
1117 1700
1121 1200
1121 1373
1121 1481
1121 1540
1121 1832
1121 1846
1121 1853
1122 1222
1125 1403
1136 1309
1146 1872
1158 1924
1159 1611
1161 1870
1163 1540
1163 1825
1166 1222
1172 1925
1173 1924
1185 1925
1193 1403
1193 1447
1205 1357
1205 1928
1216 1768
1222 1449
1222 1459
1231 1928
1233 1244
1240 1447
1242 1244
1244 1625
1244 1635
1244 1684
1244 1788
1244 1899
1244 1902
1247 1611
1252 1253
1253 1466
1253 1470
1253 1792
1253 1996
1268 1827
1269 1275
1275 1525
1275 1724
1275 1731
1275 1876
1276 1511
1283 1861
1290 1915
1300 1922
1302 1768
1303 1423
1309 1383
1309 1486
1309 1559
1309 1648
1309 1987
1332 1350
1332 1410
1339 1924
1350 1351
1350 1352
1350 1353
1350 1354
1354 1427
1354 1447
1354 1542
1354 1702
1354 1861
1354 1922
1362 1447
1363 1870
1372 1918
1375 1705
1383 1922
1401 1611
1403 1404
1403 1405
1403 1406
1403 1407
1408 1410
1410 1745
1413 1873
1423 1739
1423 1949
1423 1950
1429 1918
1439 1451
1440 1872
1447 1698
1451 1920
1452 1511
1459 1705
1460 1870
1461 1825
1466 1873
1492 1872
1510 1511
1511 1579
1511 1681
1511 1709
1511 1958
1540 1571
1540 1764
1540 1834
1540 1867
1540 1918
1540 1989
1550 1611
1560 1918
1570 1669
1570 1828
1576 1827
1608 1611
1611 1792
1611 1933
1611 1939
1612 1705
1613 1705
1622 1872
1639 1795
1656 1873
1705 1920
1712 1925
1729 1873
1738 1872
1742 1920
1747 1922
1768 1795
1768 1992
1777 1873
1814 1825
1827 1864
1827 1990
1840 1924
1844 1915
1856 1920
1861 1884
1861 1893
1861 1924
1868 1872
1872 1912
1873 1885
1914 1915
1920 1925
1920 1992
1924 1929
