3 625
4 1251
8 21
8 1431
11 1914
12 541
12 568
12 1690
13 160
18 19
18 20
18 21
18 22
18 23
18 24
18 25
18 26
18 27
18 28
18 29
21 180
21 312
21 454
21 501
21 1032
21 1147
21 1154
21 1316
21 1322
22 699
23 501
24 180
25 961
30 32
32 37
32 44
32 224
32 286
32 474
32 616
32 1152
32 1237
32 1288
32 1422
32 1460
39 180
46 1550
52 56
55 587
56 104
56 180
56 360
56 481
56 971
56 1290
56 1354
56 1457
56 1593
56 1849
57 1550
64 1431
64 1698
65 732
65 1914
66 153
74 245
77 1550
77 1806
81 1154
83 535
86 1049
89 544
89 587
89 623
91 313
93 1000
93 1003
96 1955
100 101
101 313
101 609
101 810
101 1094
101 1109
101 1139
101 1521
101 1625
101 1634
101 1846
102 1637
106 407
111 923
112 121
114 565
116 1003
120 833
121 168
121 756
121 1511
121 1917
121 1981
125 133
127 1799
133 161
133 162
133 163
133 164
133 165
133 166
133 167
133 168
135 136
135 137
135 138
135 139
135 140
135 141
135 142
135 143
137 979
139 1166
140 222
140 445
140 667
140 746
140 791
140 971
140 1278
140 1460
140 1661
140 1862
141 1431
143 471
147 415
147 1409
148 241
149 153
149 160
152 1597
153 168
153 412
153 763
153 845
153 975
153 1540
153 1636
155 1588
160 313
160 416
160 491
160 541
160 623
160 874
160 878
160 885
160 1288
160 1312
160 1332
160 1333
160 1334
161 168
163 699
164 471
164 1000
168 313
168 405
168 547
168 565
168 632
168 698
168 833
168 919
168 961
168 1285
168 1653
168 1806
178 179
178 180
178 181
178 182
178 183
178 184
178 185
179 556
180 308
180 394
180 407
180 476
180 705
180 977
180 978
180 979
180 980
180 981
187 897
188 501
189 1447
192 1799
195 923
197 961
200 677
203 1793
211 623
211 794
212 1955
214 862
219 1806
220 1447
223 727
226 1431
233 241
233 245
234 699
236 1051
241 407
241 472
241 732
241 763
241 877
241 878
241 879
241 880
245 291
245 462
245 578
245 934
245 949
245 1140
245 1279
245 1303
245 1391
245 1431
245 1642
246 250
250 313
250 419
250 507
250 945
250 1093
250 1238
250 1387
250 1388
250 1389
258 981
259 471
259 1251
263 544
263 1793
267 544
269 1251
274 1640
276 544
282 1799
289 979
290 1799
299 313
304 544
304 1460
304 1983
305 623
308 544
313 1135
313 1205
313 1522
313 1548
313 1572
313 1729
313 1793
319 1597
322 1958
329 744
335 534
336 727
337 626
343 627
344 1447
346 732
347 625
348 1161
351 568
352 587
353 1312
362 1597
366 626
367 1409
369 627
369 1049
373 1793
377 1161
377 1166
380 833
385 556
388 1251
391 1000
391 1880
398 1588
399 794
399 1955
401 1154
403 407
407 733
407 744
407 1414
407 1447
407 1487
407 1648
407 1880
407 1958
414 415
415 548
415 923
415 1262
415 1684
425 625
426 1000
432 1588
438 471
441 1205
445 1955
447 1000
452 556
454 541
457 1415
458 1806
462 627
467 471
469 837
469 1637
471 511
471 623
471 997
471 1024
471 1025
471 1026
482 544
486 491
488 534
488 535
491 863
494 1958
498 862
501 767
501 769
501 1113
501 1226
501 1480
501 1655
511 1154
517 837
517 1415
518 837
519 1312
521 1803
528 1447
530 556
530 1740
531 587
533 1460
534 886
534 1501
534 1578
534 1740
534 1864
535 717
535 794
535 811
535 835
535 935
535 1184
535 1210
535 1355
535 1356
535 1357
536 1003
536 1090
538 1161
538 1640
539 540
539 541
539 542
539 543
541 562
541 669
541 699
541 756
541 965
541 1003
541 1165
541 1307
541 1339
541 1356
541 1640
544 632
544 1019
544 1259
544 1740
551 862
551 1166
552 556
553 1588
553 1803
556 883
556 923
556 1299
556 1369
556 1439
556 1692
556 1741
556 1877
556 1942
560 563
560 565
561 794
561 979
563 1332
563 1530
563 1656
563 1740
563 1977
564 626
565 814
565 817
565 868
565 1089
565 1317
565 1335
567 833
568 616
568 651
568 962
568 1184
568 1227
568 1282
568 1638
568 1740
568 1850
568 1967
580 587
587 836
587 837
587 838
587 839
587 840
587 841
595 1205
598 1640
599 1154
604 1914
610 981
613 1090
617 1880
623 624
623 625
623 626
623 627
623 628
623 629
623 630
623 631
623 632
624 1793
625 873
625 874
625 875
625 876
626 709
626 1562
626 1890
627 731
627 736
627 1120
627 1121
627 1122
627 1123
627 1124
627 1125
633 1588
645 699
645 1161
648 732
649 1806
652 1880
663 732
666 1431
667 699
674 1312
676 677
677 794
677 878
677 942
677 1012
677 1277
677 1426
679 862
682 732
699 794
699 1048
699 1049
699 1050
699 1051
699 1052
699 1053
702 1806
711 1447
712 897
715 978
715 1588
715 1637
723 923
723 1447
724 1205
727 728
727 729
727 730
727 731
727 732
727 733
731 957
732 851
732 923
732 1173
732 1444
732 1582
732 1587
732 1597
732 1677
732 1987
735 1930
741 744
742 1799
743 833
744 799
744 916
744 1005
744 1324
744 1384
744 1631
744 1685
744 1849
744 1877
754 1090
761 1550
762 1431
777 923
787 979
791 794
794 862
794 991
794 1000
794 1163
794 1197
794 1465
794 1642
794 1901
794 1954
796 1690
809 1049
812 1637
822 1251
829 833
833 887
833 1018
833 1168
833 1524
833 1681
833 1712
837 1149
837 1229
837 1251
837 1325
837 1427
837 1431
837 1541
837 1690
837 1799
837 1900
837 1914
837 1983
838 1003
838 1640
857 897
862 1016
862 1022
862 1146
862 1166
862 1220
862 1738
862 1893
867 957
869 1409
870 897
873 1166
877 923
884 1806
885 1958
897 957
897 958
897 1032
897 1130
897 1372
897 1447
897 1613
897 1887
898 1312
908 1930
909 1431
912 1312
916 1415
917 981
923 935
923 1397
923 1409
923 1563
923 1667
923 1955
925 957
925 979
929 1090
944 1880
945 1460
953 957
957 1090
957 1161
957 1201
957 1215
957 1460
957 1550
957 1637
957 1731
957 1732
960 961
961 1445
961 1842
961 1874
963 978
977 1308
977 1468
977 1842
977 1882
978 1867
979 1214
979 1406
979 1413
979 1463
979 1496
980 1740
981 1189
981 1226
981 1283
981 1466
981 1512
981 1662
991 1698
998 1640
1000 1269
1000 1287
1000 1379
1000 1659
1000 1894
1000 1910
1003 1136
1003 1216
1003 1261
1003 1454
1003 1818
1003 1820
1017 1415
1030 1409
1031 1550
1033 1698
1049 1471
1049 1629
1049 1683
1049 1946
1051 1066
1051 1248
1051 1266
1051 1280
1051 1349
1051 1568
1051 1769
1051 1834
1056 1251
1057 1637
1057 1740
1074 1460
1077 1793
1087 1090
1090 1425
1090 1479
1090 1565
1090 1657
1098 1930
1135 1166
1140 1597
1142 1166
1149 1154
1154 1521
1154 1536
1154 1537
1154 1538
1160 1161
1161 1197
1161 1337
1161 1392
1161 1652
1161 1870
1161 1944
1163 1806
1165 1166
1166 1222
1166 1359
1166 1413
1166 1559
1166 1599
1175 1460
1193 1447
1202 1640
1205 1357
1205 1615
1205 1823
1205 1928
1207 1930
1211 1740
1221 1803
1233 1460
1240 1447
1246 1251
1251 1340
1251 1734
1251 1762
1251 1941
1274 1312
1279 1803
1284 1880
1312 1398
1312 1710
1312 1727
1312 1832
1318 1799
1318 1958
1320 1415
1326 1550
1343 1637
1349 1597
1351 1930
1354 1447
1356 1803
1362 1447
1364 1799
1388 1550
1394 1930
1408 1409
1409 1461
1409 1731
1409 1964
1411 1415
1415 1421
1415 1431
1415 1498
1415 1553
1415 1701
1415 1702
1431 1435
1431 1637
1431 1774
1431 1901
1431 1970
1447 1698
1451 1740
1458 1799
1459 1914
1460 1484
1460 1610
1460 1732
1460 1806
1460 1864
1460 1870
1460 1994
1484 1914
1491 1597
1504 1550
1509 1880
1511 1958
1531 1803
1545 1690
1550 1611
1550 1956
1561 1983
1580 1930
1586 1597
1588 1637
1588 1916
1594 1803
1597 1598
1602 1793
1604 1740
1635 1637
1637 1740
1637 1803
1637 1912
1637 1913
1640 1776
1643 1930
1679 1958
1689 1690
1690 1707
1690 1810
1690 1891
1698 1699
1707 1740
1727 1806
1740 1930
1746 1914
1799 1917
1803 1855
1806 1888
1815 1958
1830 1983
1849 1994
1879 1880
1880 1911
1912 1958
1914 1915
1955 1995
