3 800
4 1526
7 238
7 1457
7 1753
13 1353
15 1385
17 1784
18 19
18 20
18 21
18 22
18 23
18 24
18 25
18 26
18 27
18 28
18 29
21 180
24 110
24 125
24 180
24 314
24 372
24 426
24 780
24 881
24 1074
24 1200
24 1408
24 1427
24 1428
24 1968
24 1979
25 697
26 1753
27 834
39 180
43 44
43 45
43 46
43 47
43 48
43 49
43 50
43 51
45 1700
46 70
46 312
46 546
46 597
46 697
46 844
46 1070
46 1193
46 1321
46 1489
46 1550
46 1835
46 1913
46 1936
46 1938
46 1963
46 1995
51 110
53 1552
54 1086
55 697
56 180
56 1457
57 1550
58 1272
60 127
62 284
65 1846
66 1552
71 1784
72 1383
74 1324
75 1524
77 127
77 1550
81 795
82 1552
84 1367
85 1193
91 110
92 1526
93 724
94 1321
100 110
101 1846
106 795
109 128
110 498
110 686
110 724
110 1026
110 1137
110 1139
110 1635
110 1885
116 1134
116 1524
121 1511
122 1700
122 1892
125 127
125 128
127 148
127 318
127 479
127 516
127 562
127 750
127 916
127 1225
127 1249
127 1426
127 1427
127 1451
127 1614
127 1652
127 1745
127 1799
128 148
128 192
128 208
128 294
128 376
128 469
128 1605
128 1717
128 1744
132 1936
134 1846
137 979
141 332
156 1552
159 1134
166 591
169 170
169 171
169 172
169 173
169 174
169 175
169 176
169 177
171 1508
173 525
173 597
173 736
173 1167
173 1268
173 1321
173 1371
173 1377
173 1679
173 1709
173 1743
173 1744
173 1745
173 1746
178 179
178 180
178 181
178 182
178 183
178 184
178 185
179 556
180 308
180 394
180 407
180 476
180 705
180 977
180 978
180 979
180 980
180 981
181 1892
182 441
182 1709
186 189
186 190
187 190
187 1100
187 1937
189 348
189 363
189 735
189 911
189 1132
189 1321
189 1447
190 447
190 521
190 558
190 789
190 802
190 843
190 1108
190 1110
190 1360
190 1425
190 1779
191 1100
192 1799
209 288
209 798
211 288
225 795
226 1134
226 1524
227 1383
232 1268
233 235
233 238
235 441
235 640
235 748
235 752
235 1071
235 1108
235 1508
235 1552
235 1567
235 1657
235 1680
235 1691
235 1709
237 284
238 290
238 528
238 715
238 776
238 1045
238 1098
238 1746
238 1826
238 1916
240 1410
242 751
249 1526
251 1668
254 795
257 332
258 981
259 441
259 952
261 263
263 460
263 486
263 544
263 1294
263 1306
263 1793
263 1923
265 952
270 1668
272 413
274 379
274 1321
275 1669
276 546
282 1799
284 285
284 286
284 287
284 288
284 289
284 290
284 291
284 292
288 395
288 484
288 670
288 776
288 839
288 983
288 1059
288 1159
288 1168
288 1203
288 1260
288 1272
289 979
290 1799
291 1383
292 1745
294 413
295 1741
297 697
306 1385
311 372
312 1709
314 318
317 1511
318 493
318 678
318 682
318 846
318 949
318 1077
318 1111
318 1432
318 1683
318 1870
319 1367
320 697
320 1320
323 1784
328 1753
329 744
330 1526
331 1526
332 393
332 458
332 647
332 736
332 986
332 1618
332 1780
338 1324
339 1108
340 736
343 627
343 1426
350 776
358 1892
363 1846
365 372
369 627
371 1709
372 396
372 615
372 618
372 1225
372 1283
372 1559
372 1566
372 1718
372 1745
375 379
376 546
377 1134
379 905
379 1059
379 1394
379 1442
379 1578
384 1700
385 556
389 1100
392 395
395 503
395 530
395 617
395 786
395 834
395 1330
395 1365
395 1366
395 1367
395 1368
395 1369
397 1744
400 1167
403 413
404 736
407 744
408 776
408 905
408 1669
413 460
413 723
413 1117
413 1209
413 1407
413 1673
423 1745
425 780
434 441
437 834
439 1167
439 1741
441 1205
441 1341
441 1625
441 1694
441 1974
442 1385
448 1158
449 800
452 556
455 905
456 460
460 598
460 613
460 776
460 800
460 1065
460 1105
460 1159
460 1338
460 1383
460 1565
462 627
468 1385
468 1526
469 1260
484 1741
494 1272
495 1321
497 798
499 1320
504 1367
508 780
509 1552
511 1669
515 1108
517 591
518 1508
522 527
527 971
527 1028
527 1195
527 1255
527 1256
527 1257
527 1258
527 1259
527 1260
527 1261
528 1385
530 556
532 1260
533 724
536 1508
540 1524
543 1410
546 941
546 1133
546 1146
546 1156
546 1739
546 1754
546 1953
549 905
552 556
553 1260
553 1741
556 883
556 923
556 1299
556 1369
556 1439
556 1692
556 1741
556 1877
556 1942
559 1385
561 979
575 800
578 1272
579 795
580 591
588 1426
590 1669
591 618
591 821
591 884
591 903
591 905
591 1036
591 1276
591 1609
591 1667
591 1668
591 1669
592 1383
595 1511
607 1508
610 981
618 1745
623 627
627 731
627 736
627 1120
627 1121
627 1122
627 1123
627 1124
627 1125
630 1700
634 1508
640 776
644 1741
648 1321
659 1268
660 834
660 1100
663 1784
667 1936
669 1086
672 795
675 1745
677 1426
684 1937
685 905
690 1100
690 1741
691 1744
693 697
694 1260
697 785
697 1349
697 1456
701 1320
703 1268
704 1086
709 1260
715 978
718 724
720 1321
724 756
724 1205
724 1206
724 1207
724 1208
729 1508
733 1753
736 742
736 971
736 1086
736 1133
736 1134
736 1135
736 1136
736 1137
741 744
742 1799
743 780
744 799
744 916
744 1005
744 1324
744 1384
744 1631
744 1685
744 1849
744 1877
749 751
751 1014
751 1249
751 1636
751 1709
751 1710
751 1711
751 1712
752 776
761 780
761 1550
769 798
769 1134
769 1784
770 1457
772 776
772 780
773 905
776 868
776 1005
776 1353
776 1379
776 1428
776 1905
776 1937
780 839
780 960
780 1172
780 1374
780 1526
780 1700
787 979
787 1367
791 795
791 798
792 1324
795 905
795 1116
795 1586
795 1789
795 1792
798 948
798 1014
798 1073
798 1260
798 1394
798 1492
798 1593
800 855
800 1038
800 1077
800 1570
806 1524
814 1272
817 1383
829 834
833 1524
834 948
834 1087
834 1342
834 1397
834 1398
834 1399
834 1400
836 1753
837 1799
838 952
838 1320
845 1260
845 1324
846 1784
851 1134
851 1668
855 1272
860 1367
865 1744
876 1744
894 1457
894 1784
898 1669
905 1238
905 1240
905 1320
905 1321
905 1322
905 1323
905 1324
905 1325
915 1741
916 1353
917 981
918 1745
925 979
938 1260
939 1526
945 1134
947 1745
948 1100
949 952
952 1016
952 1032
952 1108
952 1109
952 1110
952 1111
956 1320
957 1550
958 1086
963 978
964 1511
977 1308
977 1468
977 1842
977 1882
978 1867
979 1214
979 1406
979 1413
979 1463
979 1496
981 1189
981 1226
981 1283
981 1466
981 1512
981 1662
986 1086
988 1108
990 1086
1007 1100
1013 1108
1013 1524
1021 1193
1023 1846
1031 1550
1044 1741
1046 1324
1052 1668
1055 1668
1055 1744
1065 1108
1065 1745
1065 1846
1080 1457
1084 1086
1086 1573
1086 1808
1086 1909
1095 1669
1099 1321
1099 1457
1100 1317
1100 1551
1100 1744
1104 1167
1108 1158
1108 1286
1108 1646
1108 1892
1116 1268
1117 1700
1118 1669
1121 1846
1123 1669
1126 1709
1133 1167
1134 1783
1134 1829
1134 1908
1134 1941
1140 1426
1140 1526
1148 1367
1155 1158
1158 1364
1158 1424
1158 1450
1158 1924
1165 1167
1167 1204
1167 1289
1167 1746
1175 1457
1178 1892
1179 1193
1179 1321
1187 1937
1193 1403
1193 1447
1193 1465
1193 1673
1193 1708
1200 1963
1208 1709
1208 1937
1209 1260
1211 1741
1212 1963
1214 1524
1224 1383
1224 1937
1257 1552
1259 1385
1260 1278
1260 1741
1260 1834
1260 1898
1260 1905
1267 1526
1268 1378
1268 1432
1268 1455
1268 1827
1268 1864
1268 1981
1269 1272
1272 1947
1276 1511
1279 1321
1280 1385
1305 1936
1307 1457
1309 1383
1318 1799
1320 1415
1320 1472
1320 1650
1320 1968
1321 1370
1324 1652
1324 1813
1324 1950
1324 1965
1326 1550
1327 1892
1332 1410
1335 1385
1336 1963
1350 1353
1353 1532
1353 1546
1353 1580
1353 1638
1364 1799
1365 1936
1366 1508
1367 1474
1367 1524
1367 1667
1367 1980
1370 1936
1371 1937
1378 1963
1383 1485
1383 1573
1383 1922
1383 1966
1385 1501
1385 1556
1385 1892
1388 1550
1393 1709
1408 1410
1410 1745
1426 1427
1426 1428
1426 1429
1448 1753
1452 1511
1453 1937
1457 1741
1458 1799
1485 1892
1496 1526
1501 1892
1504 1550
1508 1896
1508 1974
1510 1511
1511 1579
1511 1681
1511 1709
1511 1958
1519 1552
1524 1525
1544 1963
1550 1611
1550 1956
1570 1669
1598 1753
1605 1668
1616 1744
1622 1936
1641 1668
1649 1744
1666 1709
1666 1936
1668 1964
1693 1892
1709 1753
1709 1988
1716 1937
1725 1784
1739 1753
1741 1745
1741 1859
1744 1784
1744 1846
1744 1881
1744 1952
1745 1815
1752 1892
1784 1910
1784 1981
1799 1917
1800 1963
1834 1846
1843 1846
1846 1944
1850 1937
1876 1892
1891 1892
