6 1244
12 586
12 1690
13 54
13 600
14 398
20 421
21 501
22 378
23 501
26 1488
32 37
32 286
34 992
35 37
37 424
37 960
37 1354
37 1396
37 1582
37 1812
38 619
42 992
42 1492
43 50
47 496
47 580
50 51
50 1032
50 1387
50 1614
50 1624
50 1689
50 1711
50 1715
52 53
52 54
52 55
52 56
52 57
52 58
54 223
54 543
54 762
54 784
54 831
54 871
54 990
54 1004
54 1086
54 1157
54 1203
54 1369
54 1520
54 1667
54 1950
55 286
56 360
56 1354
58 186
58 1315
59 68
59 69
65 458
66 1004
68 543
68 816
68 888
68 1055
68 1076
68 1780
68 1962
69 497
69 514
69 640
69 891
69 1276
70 72
72 347
72 396
72 586
72 600
72 877
72 953
72 1383
72 1519
72 1685
72 1705
72 1911
72 1913
78 79
78 80
78 81
78 82
78 83
78 84
78 85
78 86
79 256
79 338
79 339
79 340
79 341
80 1861
83 393
83 398
83 535
83 567
83 635
83 658
83 1028
83 1085
83 1127
83 1160
83 1186
83 1486
83 1564
83 1857
83 1882
83 1897
83 1971
84 1315
84 1354
89 991
89 1363
92 992
92 1496
93 1004
94 1829
95 953
98 889
99 580
103 421
103 1363
104 1488
105 803
106 1829
110 498
114 1122
115 991
120 1313
129 1160
135 137
135 141
137 938
137 979
137 998
137 1227
137 1250
137 1370
137 1459
137 1486
137 1925
141 144
141 219
141 332
141 497
141 922
141 951
141 988
141 1172
141 1431
141 1710
142 1004
145 1519
150 1942
155 1588
156 1942
159 1683
173 1268
183 1122
186 187
186 188
186 189
186 190
186 191
186 192
186 193
188 419
188 425
188 495
188 496
188 497
188 498
188 499
188 500
188 501
188 502
188 503
188 504
188 505
189 1447
206 1350
210 1861
219 871
220 421
220 1447
223 1350
226 1496
231 931
232 1268
236 871
240 1410
255 672
262 1244
266 360
273 398
274 360
275 498
275 1313
278 1922
283 378
284 286
285 992
286 684
286 915
286 919
286 1095
286 1110
286 1253
286 1315
286 1390
286 1453
286 1776
294 580
298 1897
304 1313
305 1309
317 543
318 1683
319 586
325 652
326 497
326 1496
332 458
342 352
344 1447
352 365
352 587
352 659
352 660
352 661
352 662
352 663
355 360
360 375
360 456
360 466
360 469
360 537
360 1354
360 1437
360 1727
360 1759
362 731
366 1490
367 1160
368 543
369 991
375 378
376 1309
378 1315
378 1721
381 672
381 1313
385 889
386 1244
388 1350
392 398
393 1519
396 931
398 543
398 656
398 951
398 1057
398 1223
398 1296
398 1363
398 1398
398 1588
399 496
402 659
402 1315
404 435
407 1447
408 1160
410 1924
411 1034
414 415
414 416
414 417
414 418
414 419
414 420
414 421
414 422
414 423
417 496
421 496
421 564
421 668
421 839
421 992
421 1005
421 1122
421 1130
421 1315
421 1513
421 1553
421 1829
427 1004
430 731
430 1296
432 1588
434 435
435 552
435 889
435 1033
435 1039
435 1244
435 1275
435 1354
435 1474
435 1677
435 1734
435 1748
435 1879
440 1127
447 498
448 458
448 1034
451 1519
456 458
457 658
458 510
458 543
458 1093
458 1477
458 1586
458 1806
458 1807
469 1363
469 1513
476 1127
478 931
483 1496
488 535
490 889
496 702
496 1066
496 1088
496 1181
496 1376
496 1729
497 520
497 798
497 963
497 1214
497 1215
497 1227
497 1641
497 1682
497 1689
497 1703
498 773
498 860
498 861
498 862
498 863
499 1496
500 1044
500 1066
500 1111
500 1375
500 1380
500 1448
500 1812
501 767
501 769
501 1113
501 1226
501 1480
501 1655
502 1553
513 831
515 1033
516 520
520 529
520 698
520 719
520 763
520 946
520 947
520 948
521 1492
523 1296
528 1447
531 600
535 717
535 794
535 811
535 835
535 935
535 1184
535 1210
535 1355
535 1356
535 1357
539 540
539 541
539 542
539 543
543 956
543 1039
543 1354
543 1396
543 1410
543 1496
543 1558
543 1574
543 1683
543 1684
545 1924
548 1034
548 1689
550 1683
553 1588
556 1942
557 1897
561 991
562 658
562 1160
564 889
564 1513
575 803
580 581
580 582
580 583
580 584
580 585
580 586
580 587
580 588
580 589
580 590
580 591
580 592
580 593
583 652
586 616
586 661
586 714
586 731
586 1046
586 1186
586 1313
586 1314
586 1315
586 1316
594 600
596 600
599 1829
600 634
600 671
600 789
600 1555
600 1749
605 1689
607 1622
608 1689
616 619
619 663
619 741
619 843
619 1021
619 1040
619 1337
619 1483
619 1861
627 731
627 1122
628 991
633 1588
635 1315
640 931
643 652
644 659
648 731
652 958
652 1174
652 1238
652 1354
652 1437
652 1880
653 658
655 931
656 1350
658 921
658 1018
658 1691
659 775
659 803
659 893
659 1268
659 1315
659 1484
659 1485
659 1486
659 1487
659 1488
659 1489
659 1490
659 1491
659 1492
664 668
664 672
667 1861
668 829
668 917
668 925
668 1705
668 1743
668 1814
668 1864
668 1868
669 1086
672 725
672 795
672 1123
672 1176
672 1196
672 1354
672 1554
672 1644
672 1716
673 991
673 992
675 1244
684 1004
688 1861
692 1486
700 1122
701 1350
703 1268
704 1086
711 1447
714 991
714 1490
715 1588
723 1447
727 731
728 1350
731 957
731 969
731 1717
731 1910
731 1932
731 1996
734 1627
736 1086
769 1033
775 1627
778 1492
778 1922
784 1160
794 991
796 953
796 1690
798 1492
801 1363
803 853
803 946
803 1472
803 1900
808 991
811 1622
816 1622
819 1492
820 1296
823 953
825 831
825 1486
827 1683
829 831
831 1319
831 1795
831 1857
837 1690
844 1689
847 1354
850 1034
853 953
864 871
871 883
871 1157
871 1203
871 1596
875 889
880 1127
881 889
889 994
889 1401
889 1402
894 1350
897 1447
901 1683
912 1127
914 1315
929 1513
931 1126
931 1237
931 1403
931 1570
931 1671
931 1727
931 1762
931 1861
931 1862
939 1553
950 1275
951 1627
951 1683
953 954
953 955
953 956
953 957
953 958
953 959
958 1086
972 1309
972 1363
979 1496
986 1086
988 1488
990 1086
991 1092
991 1466
991 1576
991 1698
991 1861
991 1961
992 1152
992 1171
992 1258
992 1900
992 1916
995 1313
1004 1112
1004 1389
1004 1401
1004 1990
1015 1922
1022 1160
1022 1313
1027 1033
1027 1034
1030 1486
1030 1829
1033 1254
1033 1286
1033 1352
1033 1451
1033 1698
1033 1790
1034 1278
1034 1354
1034 1413
1034 1529
1034 1530
1034 1531
1046 1627
1049 1683
1069 1829
1073 1683
1074 1354
1081 1488
1082 1309
1084 1086
1086 1573
1086 1808
1086 1909
1101 1496
1110 1942
1116 1268
1122 1136
1122 1144
1122 1188
1122 1222
1127 1176
1127 1322
1127 1494
1134 1829
1136 1309
1158 1924
1160 1161
1160 1162
1160 1163
1160 1164
1164 1486
1172 1488
1173 1924
1177 1486
1192 1627
1193 1447
1210 1492
1229 1689
1233 1244
1234 1488
1238 1363
1240 1447
1240 1683
1242 1244
1244 1625
1244 1635
1244 1684
1244 1788
1244 1899
1244 1902
1250 1627
1257 1553
1264 1513
1266 1519
1268 1378
1268 1432
1268 1455
1268 1827
1268 1864
1268 1981
1269 1275
1271 1513
1275 1525
1275 1724
1275 1731
1275 1876
1283 1861
1289 1627
1293 1296
1294 1486
1296 1301
1296 1330
1296 1376
1296 1679
1300 1922
1305 1513
1309 1383
1309 1486
1309 1559
1309 1648
1309 1987
1311 1313
1313 1558
1313 1594
1314 1689
1315 1564
1315 1942
1315 1997
1332 1350
1332 1410
1337 1363
1339 1924
1350 1351
1350 1352
1350 1353
1350 1354
1352 1496
1354 1427
1354 1447
1354 1542
1354 1702
1354 1861
1354 1922
1362 1447
1363 1381
1363 1459
1363 1736
1363 1870
1363 1889
1378 1490
1383 1922
1408 1410
1410 1745
1412 1553
1415 1553
1416 1513
1433 1490
1447 1698
1451 1942
1461 1622
1464 1683
1467 1627
1474 1486
1485 1513
1486 1991
1487 1897
1488 1906
1490 1703
1490 1821
1492 1872
1492 1951
1495 1496
1496 1526
1509 1627
1513 1895
1513 1906
1514 1519
1519 1528
1519 1552
1519 1820
1537 1897
1545 1690
1553 1946
1588 1637
1588 1916
1620 1622
1622 1688
1622 1689
1622 1872
1622 1936
1625 1627
1627 1687
1627 1689
1627 1895
1683 1979
1689 1690
1689 1691
1690 1707
1690 1810
1690 1891
1747 1922
1840 1924
1861 1884
1861 1893
1861 1924
1888 1897
1897 1967
1897 1996
1924 1929
