4 1526
16 199
18 19
18 20
18 21
18 22
18 23
18 24
18 25
18 26
18 27
18 28
18 29
19 730
21 180
21 501
23 501
24 110
24 125
24 180
24 314
24 372
24 426
24 780
24 881
24 1074
24 1200
24 1408
24 1427
24 1428
24 1968
24 1979
30 32
32 37
32 44
32 224
32 286
32 474
32 616
32 1152
32 1237
32 1288
32 1422
32 1460
39 180
43 44
43 45
43 46
43 47
43 48
43 49
43 50
43 51
44 108
44 123
44 159
44 234
44 388
44 532
44 570
44 691
44 696
44 806
44 882
44 951
44 1089
44 1177
44 1256
44 1265
44 1572
44 1724
45 1700
51 110
51 326
52 53
52 54
52 55
52 56
52 57
52 58
54 1157
56 104
56 180
56 360
56 481
56 971
56 1290
56 1354
56 1457
56 1593
56 1849
57 161
58 1902
62 326
63 537
63 1611
66 108
66 153
66 1428
67 268
67 730
72 1705
85 570
88 1222
89 1363
90 108
91 110
92 1526
100 108
100 110
103 1363
104 326
106 407
108 156
108 312
108 391
108 545
108 609
108 885
108 1149
108 1340
108 1919
110 498
110 686
110 724
110 1026
110 1137
110 1139
110 1635
110 1885
111 1722
112 123
113 818
116 270
119 1915
119 1920
120 570
122 1700
123 303
123 913
123 999
123 1062
123 1520
123 1559
123 1560
123 1774
124 1915
125 126
125 127
125 128
125 129
125 130
125 131
125 132
125 133
125 134
133 161
135 139
137 979
137 1925
138 159
139 193
139 656
139 696
139 1166
139 1214
139 1262
139 1610
139 1997
143 1428
145 161
145 730
148 241
149 153
149 159
153 168
153 412
153 763
153 845
153 975
153 1540
153 1636
159 567
159 607
159 785
159 791
159 971
159 1134
159 1257
159 1502
159 1683
159 1804
159 1921
161 168
161 247
161 341
161 537
161 581
161 730
161 793
161 1113
161 1203
161 1400
161 1722
161 1787
165 537
178 179
178 180
178 181
178 182
178 183
178 184
178 185
180 308
180 394
180 407
180 476
180 705
180 977
180 978
180 979
180 980
180 981
181 1908
182 1400
183 326
184 596
188 501
189 1447
192 1157
193 1872
194 199
198 604
199 775
199 966
199 1249
199 1412
199 1920
199 1921
206 1873
208 247
210 730
213 1253
218 1925
219 523
220 1447
223 727
233 241
241 407
241 472
241 732
241 763
241 877
241 878
241 879
241 880
243 1089
246 247
246 248
246 249
246 250
246 251
247 274
247 285
247 388
247 399
247 666
247 982
247 1183
247 1222
247 1370
247 1540
247 1611
247 1635
247 1691
247 1737
247 1819
247 1872
247 1873
247 1920
247 1996
249 1526
251 1668
258 981
268 269
268 270
268 271
268 272
268 273
268 274
268 275
268 276
270 312
270 523
270 529
270 572
270 1087
270 1113
270 1506
270 1668
270 1905
272 1357
275 1191
282 596
286 1253
289 979
295 1222
296 604
300 537
301 1357
302 696
304 1787
305 1309
309 523
311 372
312 1718
316 933
322 1958
326 497
326 662
326 770
326 832
326 1028
326 1437
326 1496
326 1500
326 1616
326 1749
326 1967
327 818
329 744
330 1526
331 1400
331 1526
336 727
341 1722
344 1447
345 1554
350 388
351 570
357 581
357 604
360 537
365 372
372 396
372 615
372 618
372 1225
372 1283
372 1559
372 1566
372 1718
372 1745
374 1611
376 1309
380 388
383 388
384 1700
384 1920
388 621
388 660
388 1251
388 1286
388 1350
388 1412
388 1449
388 1732
388 1896
388 1957
391 1880
397 1902
398 1363
402 832
403 407
403 412
404 1705
404 1968
407 733
407 744
407 1414
407 1447
407 1487
407 1648
407 1880
407 1958
408 1428
412 725
412 1063
412 1113
412 1184
412 1189
412 1220
412 1340
412 1428
412 1454
412 1610
412 1839
425 780
431 818
431 972
437 1902
439 1554
443 604
446 1400
454 1089
464 1400
468 1526
469 1363
470 1089
474 1966
477 1157
479 1089
483 1428
487 972
487 1125
488 537
494 1958
499 1454
501 767
501 769
501 1113
501 1226
501 1480
501 1655
503 1191
504 1966
508 780
521 537
522 523
523 698
523 1008
523 1121
523 1296
523 1462
523 1907
523 1926
527 1256
528 1447
532 1113
535 1357
537 1204
537 1340
537 1609
537 1964
547 818
549 818
554 1724
555 725
555 1966
561 979
562 1920
565 1089
569 829
570 673
570 1171
570 1287
570 1369
570 1501
570 1785
577 1920
580 581
581 691
581 740
581 1110
581 1384
581 1757
582 989
583 1787
591 1668
594 596
595 1125
596 600
596 636
596 788
596 972
596 973
596 974
596 975
596 976
602 1400
602 1872
604 638
604 1176
604 1236
604 1470
604 1853
604 1911
604 1914
604 1920
608 972
610 981
617 1880
621 1718
627 1125
630 1700
631 1297
636 1724
645 1872
647 1400
652 1880
654 818
666 1290
668 829
668 1705
669 1113
670 1290
672 725
672 1554
673 989
688 1290
688 1902
693 696
696 832
696 845
696 1023
696 1157
696 1186
696 1191
696 1338
696 1554
696 1571
696 1662
696 1679
696 1865
696 1908
696 1979
702 1357
704 933
711 1447
714 1454
714 1920
715 978
718 725
723 1447
725 1007
725 1059
725 1368
725 1463
727 728
727 729
727 730
727 731
727 732
727 733
729 1925
730 884
730 917
730 972
730 1443
730 1569
730 1750
730 1758
737 829
741 744
743 780
744 799
744 916
744 1005
744 1324
744 1384
744 1631
744 1685
744 1849
744 1877
747 1966
754 1290
755 1966
758 1113
761 780
772 780
776 1428
780 839
780 960
780 1172
780 1374
780 1526
780 1700
787 979
797 818
801 1363
806 1873
808 1915
818 1117
818 1237
818 1672
818 1678
818 1825
818 1920
818 1932
828 972
829 830
829 831
829 832
829 833
829 834
829 835
832 927
832 994
832 1001
832 1039
832 1099
832 1446
832 1499
832 1655
832 1661
832 1729
832 1853
834 1400
836 972
840 1724
841 1400
851 1668
858 1920
860 1722
867 1400
871 1157
875 1454
875 1925
885 1958
887 1297
893 1357
896 1908
897 1447
899 1222
900 933
903 1113
910 1297
911 1454
912 1705
917 981
925 979
932 933
933 972
933 1248
933 1481
933 1945
938 1290
939 1526
944 1880
954 1902
959 1222
963 978
972 1309
972 1363
972 1587
972 1821
972 1902
977 1308
977 1468
977 1842
977 1882
978 1867
979 1214
979 1406
979 1413
979 1463
979 1496
981 1189
981 1226
981 1283
981 1466
981 1512
981 1662
984 1454
989 1023
989 1103
989 1471
989 1715
989 1920
989 1954
997 1125
1001 1554
1001 1915
1002 1872
1003 1454
1018 1113
1023 1113
1023 1253
1046 1290
1052 1668
1055 1668
1056 1611
1061 1157
1065 1454
1072 1718
1072 1724
1074 1253
1082 1309
1087 1089
1088 1125
1089 1349
1089 1438
1089 1523
1089 1525
1089 1667
1105 1428
1107 1724
1113 1137
1113 1253
1113 1357
1113 1604
1113 1641
1113 1855
1117 1700
1122 1222
1124 1908
1125 1290
1125 1403
1125 1470
1125 1754
1125 1830
1132 1191
1134 1908
1136 1309
1140 1526
1146 1872
1155 1157
1157 1221
1157 1643
1157 1810
1159 1611
1166 1222
1172 1925
1184 1191
1185 1925
1187 1908
1191 1398
1191 1838
1193 1447
1205 1357
1215 1290
1215 1722
1222 1449
1222 1459
1227 1722
1238 1363
1240 1447
1244 1902
1247 1611
1252 1253
1253 1466
1253 1470
1253 1792
1253 1996
1256 1435
1256 1443
1256 1605
1256 1639
1256 1726
1256 1996
1257 1554
1258 1554
1267 1526
1275 1724
1284 1880
1284 1968
1290 1297
1290 1326
1290 1336
1290 1470
1290 1687
1290 1915
1290 1966
1292 1908
1293 1297
1297 1310
1297 1635
1297 1678
1308 1724
1309 1383
1309 1486
1309 1559
1309 1648
1309 1987
1318 1958
1320 1968
1337 1363
1337 1902
1354 1447
1362 1447
1363 1381
1363 1459
1363 1736
1363 1870
1363 1889
1375 1705
1383 1966
1400 1620
1400 1910
1400 1939
1401 1611
1413 1873
1426 1428
1428 1716
1428 1813
1428 1923
1440 1872
1447 1698
1451 1920
1454 1566
1454 1688
1454 1710
1454 1864
1454 1899
1459 1705
1466 1873
1476 1724
1492 1872
1496 1526
1499 1554
1509 1880
1511 1958
1550 1611
1554 1562
1554 1960
1555 1722
1563 1787
1605 1668
1608 1611
1611 1792
1611 1933
1611 1939
1612 1705
1613 1705
1617 1722
1622 1872
1641 1668
1656 1724
1656 1873
1660 1902
1660 1968
1668 1964
1679 1958
1681 1968
1703 1724
1705 1920
1712 1925
1718 1982
1724 1854
1724 1943
1729 1873
1738 1872
1742 1920
1775 1787
1777 1873
1809 1902
1810 1902
1815 1958
1844 1915
1856 1920
1868 1872
1872 1912
1873 1885
1875 1908
1876 1908
1879 1880
1880 1911
1887 1968
1902 1985
1912 1958
1914 1915
1920 1925
1920 1992
1966 1970
