1 827
2 212
4 1251
4 1919
5 164
9 221
9 665
10 1390
13 437
13 910
18 27
19 998
20 391
27 221
27 305
27 416
27 834
27 1143
27 1436
27 1820
30 32
31 999
32 37
32 44
32 224
32 286
32 474
32 616
32 1152
32 1237
32 1288
32 1422
32 1460
34 992
42 992
43 44
43 45
43 46
43 47
43 48
43 49
43 50
43 51
44 108
44 123
44 159
44 234
44 388
44 532
44 570
44 691
44 696
44 806
44 882
44 951
44 1089
44 1177
44 1256
44 1265
44 1572
44 1724
48 462
51 325
53 229
54 1157
65 1921
66 108
67 267
70 71
71 155
71 221
71 227
71 374
71 857
71 958
71 1242
71 1784
71 1848
73 827
74 1390
75 1524
77 391
81 1390
88 1222
89 544
89 991
90 108
90 154
92 536
92 992
93 1003
100 108
108 156
108 312
108 391
108 545
108 609
108 885
108 1149
108 1340
108 1919
109 584
110 1026
112 120
115 991
116 1003
116 1524
118 700
120 439
120 470
120 570
120 630
120 660
120 833
120 936
120 1087
120 1235
120 1313
122 437
122 700
123 999
133 164
135 139
137 998
138 159
138 174
138 1449
139 193
139 656
139 696
139 1166
139 1214
139 1262
139 1610
139 1997
142 1662
149 154
149 159
154 212
154 733
154 1176
154 1246
154 1429
154 1533
156 278
156 737
159 567
159 607
159 785
159 791
159 971
159 1134
159 1257
159 1502
159 1683
159 1804
159 1921
162 267
164 204
164 220
164 471
164 1000
164 1120
164 1404
164 1891
169 174
171 1508
174 632
174 863
174 910
174 965
174 1050
174 1211
174 1538
174 1581
174 1607
174 1935
181 1349
181 1449
181 1662
181 1908
192 1157
196 910
199 1921
202 278
203 700
204 205
204 206
204 207
204 208
204 209
204 210
204 211
204 212
204 213
204 214
204 215
204 216
204 217
204 218
204 219
204 220
206 1350
206 1873
209 437
209 824
210 1449
212 312
212 679
212 1211
212 1529
212 1702
212 1955
214 997
215 218
218 221
218 255
218 348
218 393
218 1246
218 1603
218 1925
218 1959
220 554
221 222
221 223
221 224
221 225
221 226
221 227
221 228
221 229
221 230
221 231
221 232
223 1350
226 700
226 1524
228 290
228 737
228 1242
228 1427
228 1433
228 1446
228 1471
228 1800
229 294
229 410
229 1021
229 1196
229 1639
229 1929
231 567
231 797
231 919
231 931
232 752
232 944
232 1065
232 1068
232 1268
233 244
234 700
235 1508
237 996
240 325
240 708
244 436
244 437
244 489
244 739
244 948
244 1001
244 1361
244 1528
244 1747
244 1768
245 462
247 388
247 1222
247 1873
251 621
254 462
254 665
259 1251
261 267
263 544
267 544
267 579
267 910
267 1021
267 1119
267 1242
267 1437
267 1750
267 1801
267 1850
267 1883
269 1251
269 1959
274 536
275 1191
276 544
277 278
278 847
278 998
278 1149
278 1278
278 1788
278 1879
278 1922
278 1973
285 992
286 1390
295 1222
302 696
304 544
304 1402
308 544
319 437
319 993
325 652
325 737
325 743
325 1005
325 1030
325 1214
325 1215
325 1216
326 1437
328 997
338 536
340 737
342 352
345 1554
350 388
352 365
352 587
352 659
352 660
352 661
352 662
352 663
357 665
358 665
360 1437
369 991
370 956
380 388
383 388
383 391
388 621
388 660
388 1251
388 1286
388 1350
388 1412
388 1449
388 1732
388 1896
388 1957
390 1362
391 536
391 606
391 700
391 827
391 920
391 1000
391 1402
391 1723
391 1852
391 1876
391 1880
391 1891
407 1880
408 1349
421 992
429 1449
430 998
434 437
436 462
437 615
437 834
437 910
437 1065
437 1535
437 1685
437 1902
439 1554
449 827
454 536
462 627
462 673
462 1177
462 1405
462 1577
462 1663
462 1674
462 1761
471 997
471 1026
476 1437
477 1026
477 1157
482 544
487 1390
488 536
490 956
503 1191
507 827
518 1508
527 1256
536 865
536 903
536 910
536 1003
536 1090
536 1209
536 1390
536 1397
536 1508
536 1671
536 1749
536 1786
536 1858
540 1524
541 1003
543 956
544 632
544 1019
544 1259
544 1740
552 554
554 959
554 1299
554 1412
554 1556
554 1724
561 991
564 1883
568 1850
569 829
570 673
574 673
576 995
580 584
582 989
582 1662
584 774
584 910
584 950
584 1015
584 1016
584 1303
584 1764
607 1508
608 673
613 1090
616 621
617 1880
621 1042
621 1380
621 1716
621 1717
621 1718
621 1719
628 991
631 1297
634 1508
636 1724
638 1786
645 999
648 708
650 1449
652 1437
652 1880
655 1437
656 1350
660 678
660 811
660 834
660 1100
660 1226
660 1425
660 1589
660 1617
660 1621
660 1804
660 1834
660 1867
661 997
661 1274
664 665
664 666
664 667
664 668
664 669
664 670
664 671
664 672
664 673
664 674
664 675
665 1639
665 1813
665 1941
668 829
671 1662
672 1554
673 708
673 737
673 806
673 881
673 988
673 989
673 990
673 991
673 992
673 993
673 994
673 995
673 996
673 997
673 998
673 999
675 1921
682 1883
689 824
693 696
696 832
696 845
696 1023
696 1157
696 1186
696 1191
696 1338
696 1554
696 1571
696 1662
696 1679
696 1865
696 1908
696 1979
697 785
697 1349
700 1013
700 1122
700 1186
700 1257
700 1491
701 1350
705 708
708 756
708 1026
708 1053
708 1071
708 1096
708 1630
708 1834
708 1835
714 991
717 998
728 956
728 1350
729 1508
737 772
737 829
737 857
737 956
737 994
737 1136
737 1408
737 1474
737 1475
738 1919
754 1090
767 1449
771 1921
773 785
774 785
778 1449
781 785
785 793
785 1132
785 1218
785 1295
785 1736
785 1737
787 1349
790 1026
794 991
796 824
796 1850
797 998
802 1402
804 806
806 883
806 1107
806 1181
806 1334
806 1349
806 1408
806 1412
806 1444
806 1524
806 1565
806 1587
806 1820
806 1873
808 991
810 1274
822 1251
822 1274
824 1044
824 1403
824 1449
824 1580
824 1686
824 1687
824 1688
826 827
827 907
827 1076
827 1605
827 1658
827 1683
829 830
829 831
829 832
829 833
829 834
829 835
830 1349
833 1524
837 1251
838 1003
840 1724
861 1919
868 998
871 1157
887 1297
889 1402
892 1786
894 1350
896 1908
899 1222
903 1959
908 1437
910 1087
910 1210
910 1225
910 1234
910 1274
910 1297
910 1703
921 1349
929 1090
929 1362
940 998
941 1919
944 1274
944 1449
944 1880
953 956
956 1012
956 1218
956 1320
956 1476
956 1735
956 1805
957 1090
959 1222
962 1437
965 993
967 1662
981 1662
989 1023
989 1103
989 1471
989 1715
989 1920
989 1954
991 1092
991 1466
991 1576
991 1698
991 1861
991 1961
992 1152
992 1171
992 1258
992 1900
992 1916
993 1334
993 1788
993 1808
993 1809
994 1449
995 1123
995 1313
995 1572
995 1573
996 1201
996 1501
997 1093
997 1125
997 1751
997 1992
998 1403
998 1414
998 1523
998 1640
999 1242
999 1263
999 1444
999 1606
999 1703
1001 1554
1003 1136
1003 1216
1003 1261
1003 1454
1003 1818
1003 1820
1013 1524
1013 1919
1026 1737
1051 1349
1053 1662
1056 1251
1058 1921
1059 1959
1061 1157
1067 1786
1072 1724
1087 1090
1089 1349
1090 1425
1090 1479
1090 1565
1090 1657
1107 1724
1119 1349
1122 1222
1124 1908
1130 1449
1132 1191
1134 1908
1142 1786
1155 1157
1157 1221
1157 1643
1157 1810
1166 1222
1181 1662
1184 1191
1187 1908
1191 1398
1191 1838
1209 1390
1214 1524
1222 1449
1222 1459
1225 1362
1238 1362
1246 1251
1251 1340
1251 1734
1251 1762
1251 1941
1256 1435
1256 1443
1256 1605
1256 1639
1256 1726
1256 1996
1257 1554
1258 1349
1258 1554
1269 1274
1274 1312
1274 1754
1274 1875
1275 1724
1284 1880
1285 1402
1290 1297
1292 1908
1293 1297
1297 1310
1297 1635
1297 1678
1302 1402
1308 1724
1318 1349
1332 1350
1349 1597
1349 1667
1349 1804
1350 1351
1350 1352
1350 1353
1350 1354
1362 1447
1362 1448
1362 1449
1366 1508
1367 1524
1377 1449
1378 1919
1402 1456
1402 1773
1407 1437
1413 1873
1437 1509
1437 1671
1437 1716
1437 1917
1440 1662
1449 1814
1462 1850
1466 1873
1468 1959
1475 1883
1476 1724
1491 1919
1499 1554
1508 1896
1508 1974
1509 1880
1524 1525
1547 1919
1554 1562
1554 1960
1565 1850
1596 1921
1626 1959
1645 1921
1656 1724
1656 1873
1661 1662
1703 1724
1724 1854
1724 1943
1729 1873
1737 1850
1739 1883
1748 1959
1761 1921
1777 1873
1790 1883
1850 1937
1873 1885
1875 1908
1876 1908
1879 1880
1880 1911
