1 243
1 827
2 1661
4 1251
4 1919
10 1390
13 437
13 910
20 391
22 1767
30 32
32 37
32 44
32 224
32 286
32 474
32 616
32 1152
32 1237
32 1288
32 1422
32 1460
36 890
38 619
42 906
42 1876
43 44
43 45
43 46
43 47
43 48
43 49
43 50
43 51
44 108
44 123
44 159
44 234
44 388
44 532
44 570
44 691
44 696
44 806
44 882
44 951
44 1089
44 1177
44 1256
44 1265
44 1572
44 1724
50 1689
51 326
54 1157
59 62
59 69
62 284
62 326
62 333
62 340
62 479
62 946
62 967
62 990
62 1021
62 1617
62 1783
62 1891
64 1929
66 108
67 267
69 497
69 514
69 640
69 891
69 1276
73 827
74 1390
75 1524
77 391
81 1390
82 1661
85 570
89 1146
90 108
92 536
92 1496
93 1000
93 1003
99 1576
100 108
104 326
107 450
108 156
108 312
108 391
108 545
108 609
108 885
108 1149
108 1340
108 1919
109 584
109 1767
112 113
112 114
112 115
112 116
112 117
112 118
112 119
112 120
112 121
112 122
112 123
112 124
116 1003
116 1524
118 205
118 207
118 243
118 308
118 574
118 643
118 700
118 873
118 1584
118 1929
120 570
120 660
122 437
122 700
130 465
135 139
135 141
135 142
137 1227
138 159
138 174
139 193
139 656
139 696
139 1166
139 1214
139 1262
139 1610
139 1997
140 1661
141 144
141 219
141 332
141 497
141 922
141 951
141 988
141 1172
141 1431
141 1710
142 590
142 799
142 836
142 902
142 1002
142 1004
142 1068
142 1370
142 1576
142 1662
149 159
156 906
159 567
159 607
159 785
159 791
159 971
159 1134
159 1257
159 1502
159 1683
159 1804
159 1921
161 1787
162 267
164 1000
169 174
171 1146
174 632
174 863
174 910
174 965
174 1050
174 1211
174 1538
174 1581
174 1607
174 1935
176 1482
178 181
181 517
181 555
181 1075
181 1333
181 1349
181 1449
181 1662
181 1800
181 1892
181 1908
183 326
186 188
186 189
188 419
188 425
188 495
188 496
188 497
188 498
188 499
188 500
188 501
188 502
188 503
188 504
188 505
189 348
189 363
189 735
189 911
189 1132
189 1321
189 1447
190 1110
192 1157
196 910
203 262
203 700
204 218
205 262
206 1350
206 1873
209 437
209 798
215 218
215 243
215 890
218 221
218 255
218 348
218 393
218 1246
218 1603
218 1925
218 1959
223 1350
226 700
226 1496
226 1524
227 662
227 906
229 1929
233 243
234 700
243 644
243 1077
243 1089
243 1343
243 1651
244 437
247 388
247 1873
251 621
256 1876
259 1251
261 262
261 267
262 377
262 511
262 555
262 1244
262 1504
262 1509
262 1618
267 544
267 579
267 910
267 1021
267 1119
267 1242
267 1437
267 1750
267 1801
267 1850
267 1883
269 1251
274 536
275 1191
284 287
286 1110
286 1390
287 486
287 585
287 640
287 838
287 1001
287 1190
287 1221
287 1576
287 1609
287 1828
302 696
304 1402
304 1787
316 1876
319 437
325 652
326 497
326 662
326 770
326 832
326 1028
326 1437
326 1496
326 1500
326 1616
326 1749
326 1967
334 745
334 906
338 536
342 348
345 1554
346 583
348 707
348 1130
348 1161
348 1391
348 1483
348 1495
350 388
351 570
352 660
352 662
371 1876
380 388
383 388
383 391
388 621
388 660
388 1251
388 1286
388 1350
388 1412
388 1449
388 1732
388 1896
388 1957
391 536
391 606
391 700
391 827
391 920
391 1000
391 1402
391 1723
391 1852
391 1876
391 1880
391 1891
394 890
395 1366
396 927
400 465
400 745
402 832
408 589
408 1366
412 725
422 465
423 1482
426 1000
426 1767
434 437
436 465
437 615
437 834
437 910
437 1065
437 1535
437 1685
437 1902
439 1554
447 1000
448 1584
449 827
450 583
450 618
450 790
450 850
450 901
450 984
450 1097
453 1827
454 536
455 906
465 551
465 747
465 906
465 1600
465 1903
466 745
470 662
474 1966
477 1157
483 1496
487 1390
488 536
493 994
497 520
497 798
497 963
497 1214
497 1215
497 1227
497 1641
497 1682
497 1689
497 1703
499 1496
503 1191
504 1966
507 583
507 827
516 520
517 994
520 529
520 698
520 719
520 763
520 946
520 947
520 948
527 1256
536 865
536 903
536 910
536 1003
536 1090
536 1209
536 1390
536 1397
536 1508
536 1671
536 1749
536 1786
536 1858
540 1524
541 1003
543 1496
546 1146
548 1689
552 555
554 1724
555 605
555 725
555 773
555 877
555 880
555 906
555 1110
555 1219
555 1366
555 1494
555 1584
555 1648
555 1696
555 1758
555 1911
555 1946
555 1950
555 1966
561 1227
568 1227
569 829
570 673
570 1171
570 1287
570 1369
570 1501
570 1785
576 1366
580 583
580 584
580 589
581 1110
583 615
583 652
583 694
583 745
583 763
583 875
583 1029
583 1175
583 1446
583 1483
583 1576
583 1584
583 1641
583 1787
584 774
584 910
584 950
584 1015
584 1016
584 1303
584 1764
589 1085
589 1337
589 1483
605 1689
608 1689
613 1090
615 1576
616 619
616 621
619 663
619 741
619 843
619 1021
619 1040
619 1337
619 1483
619 1861
620 927
621 1042
621 1380
621 1716
621 1717
621 1718
621 1719
636 1724
638 1786
643 652
652 958
652 1174
652 1238
652 1354
652 1437
652 1880
656 1350
660 678
660 811
660 834
660 1100
660 1226
660 1425
660 1589
660 1617
660 1621
660 1804
660 1834
660 1867
661 1274
662 900
662 1069
662 1101
662 1234
662 1602
662 1638
668 829
670 1929
672 725
672 1554
673 806
673 994
680 994
693 696
696 832
696 845
696 1023
696 1157
696 1186
696 1191
696 1338
696 1554
696 1571
696 1662
696 1679
696 1865
696 1908
696 1979
700 1013
700 1122
700 1186
700 1257
700 1491
701 1350
718 725
725 1007
725 1059
725 1368
725 1463
728 1350
737 829
737 994
738 1919
741 745
745 950
745 1221
745 1469
747 1966
754 1090
755 1966
769 798
791 798
794 1000
798 948
798 1014
798 1073
798 1260
798 1394
798 1492
798 1593
802 1402
804 806
806 883
806 1107
806 1181
806 1334
806 1349
806 1408
806 1412
806 1444
806 1524
806 1565
806 1587
806 1820
806 1873
810 1274
817 1146
822 1251
822 1274
826 827
827 907
827 1076
827 1605
827 1658
827 1683
829 830
829 831
829 832
829 833
829 834
829 835
832 927
832 994
832 1001
832 1039
832 1099
832 1446
832 1499
832 1655
832 1661
832 1729
832 1853
833 1524
837 1251
838 1003
840 1724
844 1576
844 1689
859 1661
861 1919
862 1146
865 1767
871 1157
881 890
889 994
889 1402
890 1242
890 1574
890 1746
890 1767
890 1807
892 1786
894 1350
906 948
906 1317
906 1772
906 1945
910 1087
910 1210
910 1225
910 1234
910 1274
910 1297
910 1703
917 1584
927 1538
927 1635
927 1788
929 1090
941 1919
944 1274
952 1110
957 1090
968 1827
979 1496
991 1576
994 1126
994 1139
994 1449
994 1533
994 1539
994 1540
994 1541
1000 1269
1000 1287
1000 1379
1000 1659
1000 1894
1000 1910
1001 1554
1003 1136
1003 1216
1003 1261
1003 1454
1003 1818
1003 1820
1013 1524
1013 1919
1048 1227
1056 1251
1061 1157
1067 1786
1072 1724
1087 1090
1090 1425
1090 1479
1090 1565
1090 1657
1101 1496
1107 1724
1110 1159
1110 1226
1110 1647
1110 1711
1110 1942
1128 1576
1132 1191
1142 1786
1145 1146
1146 1475
1146 1691
1146 1767
1146 1872
1146 1946
1155 1157
1157 1221
1157 1643
1157 1810
1164 1767
1184 1191
1191 1398
1191 1838
1204 1929
1209 1390
1214 1524
1227 1422
1227 1604
1227 1711
1227 1722
1227 1986
1229 1689
1246 1251
1250 1929
1251 1340
1251 1734
1251 1762
1251 1941
1256 1435
1256 1443
1256 1605
1256 1639
1256 1726
1256 1996
1257 1554
1258 1554
1268 1827
1269 1274
1274 1312
1274 1754
1274 1875
1275 1724
1275 1876
1285 1402
1290 1966
1302 1402
1308 1724
1314 1689
1318 1366
1325 1584
1328 1366
1332 1350
1333 1929
1350 1351
1350 1352
1350 1353
1350 1354
1352 1496
1361 1876
1365 1876
1366 1508
1366 1699
1367 1524
1376 1482
1378 1919
1383 1966
1402 1456
1402 1773
1413 1873
1414 1576
1442 1483
1466 1873
1476 1724
1482 1483
1483 1726
1483 1754
1483 1757
1483 1767
1483 1859
1483 1884
1487 1661
1491 1919
1495 1496
1496 1526
1499 1554
1520 1584
1524 1525
1547 1919
1554 1562
1554 1960
1560 1584
1562 1661
1563 1787
1567 1584
1576 1783
1576 1827
1584 1860
1587 1661
1600 1929
1607 1661
1622 1689
1627 1689
1630 1661
1656 1724
1656 1873
1661 1662
1661 1663
1689 1690
1689 1691
1703 1724
1724 1854
1724 1943
1729 1873
1767 1863
1767 1886
1775 1787
1777 1873
1827 1864
1827 1990
1873 1885
1876 1892
1876 1908
1924 1929
1929 1964
1966 1970
