2 1006
3 625
5 1423
6 1244
9 221
12 541
13 160
16 199
18 26
18 27
22 443
22 699
25 961
26 87
26 277
26 1172
26 1488
26 1753
26 1825
27 221
27 305
27 416
27 834
27 1143
27 1436
27 1820
32 37
35 37
37 424
37 960
37 1354
37 1396
37 1582
37 1812
38 384
38 619
45 1700
48 1518
53 229
55 587
56 360
56 1354
57 161
66 153
70 71
71 155
71 221
71 227
71 374
71 857
71 958
71 1242
71 1784
71 1848
77 1806
80 1861
84 1354
87 88
87 89
87 90
87 91
87 92
87 93
87 94
87 95
87 96
87 97
87 98
87 99
89 443
89 544
89 587
89 599
89 611
89 623
89 950
89 991
89 1111
89 1146
89 1177
89 1291
89 1318
89 1335
89 1363
89 1516
91 313
93 1003
93 1006
94 624
98 889
100 101
101 313
101 609
101 810
101 1094
101 1109
101 1139
101 1521
101 1625
101 1634
101 1846
103 1363
112 121
113 818
114 565
115 991
116 1003
119 1920
120 833
121 168
121 756
121 1511
121 1917
121 1981
122 1700
127 318
132 1538
133 161
133 163
133 168
143 471
145 161
149 153
149 160
153 168
153 412
153 763
153 845
153 975
153 1540
153 1636
160 313
160 416
160 491
160 541
160 623
160 874
160 878
160 885
160 1288
160 1312
160 1332
160 1333
160 1334
161 168
161 247
161 341
161 537
161 581
161 730
161 793
161 1113
161 1203
161 1400
161 1722
161 1787
163 192
163 476
163 575
163 699
163 885
163 924
163 1697
163 1739
163 1849
163 1944
163 1981
164 471
166 1516
168 313
168 405
168 547
168 565
168 632
168 698
168 833
168 919
168 961
168 1285
168 1653
168 1806
171 1146
174 1538
178 179
179 384
179 429
179 556
179 639
179 1184
179 1343
179 1735
179 1838
179 1887
188 500
189 1447
194 199
196 443
197 961
199 775
199 966
199 1249
199 1412
199 1920
199 1921
200 1356
204 218
206 1350
210 1861
211 623
215 218
218 221
218 255
218 348
218 393
218 1246
218 1603
218 1925
218 1959
219 1806
220 1447
221 222
221 223
221 224
221 225
221 226
221 227
221 228
221 229
221 230
221 231
221 232
223 1350
228 290
228 737
228 1242
228 1427
228 1433
228 1446
228 1471
228 1800
229 294
229 410
229 1021
229 1196
229 1639
229 1929
231 567
231 797
231 919
231 931
232 752
232 944
232 1065
232 1068
232 1268
234 699
236 1051
246 247
246 248
246 249
246 250
246 251
247 1920
249 1516
250 313
250 1388
251 321
251 350
251 365
251 406
251 566
251 608
251 621
251 1047
251 1111
251 1471
251 1518
251 1538
251 1668
251 1707
255 672
257 334
259 471
259 952
262 1244
263 544
265 952
266 360
267 544
269 1959
270 1668
272 1538
274 360
274 1640
276 544
278 1922
299 313
304 544
305 623
308 544
313 1135
313 1205
313 1522
313 1548
313 1572
313 1729
313 1793
314 318
318 493
318 678
318 682
318 846
318 949
318 1077
318 1111
318 1432
318 1683
318 1870
325 652
327 818
334 532
334 745
334 906
334 990
334 1111
334 1443
334 1546
337 626
343 627
344 1447
346 1471
347 625
352 587
353 1312
355 360
360 375
360 456
360 466
360 469
360 537
360 1354
360 1437
360 1727
360 1759
366 626
366 1423
369 627
369 991
376 1006
380 833
381 672
381 1356
381 1423
383 384
384 474
384 616
384 808
384 915
384 1017
384 1041
384 1178
384 1183
384 1339
384 1423
384 1700
384 1751
384 1825
384 1920
384 1972
385 889
386 1244
388 621
388 1350
394 1111
398 1363
404 435
407 1447
410 1924
411 1034
418 1006
425 625
431 818
434 435
434 443
435 552
435 889
435 1033
435 1039
435 1244
435 1275
435 1354
435 1474
435 1677
435 1734
435 1748
435 1879
438 471
441 1205
443 604
443 1200
443 1527
443 1795
443 1985
448 1034
454 541
458 1806
462 627
467 471
469 1363
470 1518
471 511
471 623
471 997
471 1024
471 1025
471 1026
472 1934
481 624
482 544
486 491
490 889
491 863
500 1044
500 1066
500 1111
500 1375
500 1380
500 1448
500 1812
515 1033
519 1312
528 1447
531 587
535 1356
536 1003
538 1640
539 540
539 541
539 542
539 543
540 1516
541 562
541 669
541 699
541 756
541 965
541 1003
541 1165
541 1307
541 1339
541 1356
541 1640
543 1354
544 632
544 1019
544 1259
544 1740
545 1924
546 1146
547 818
548 1034
549 818
560 565
561 991
562 1920
564 626
564 889
565 814
565 817
565 868
565 1089
565 1317
565 1335
567 833
577 1920
580 587
582 1516
583 652
587 836
587 837
587 838
587 839
587 840
587 841
591 1668
595 1205
598 1640
604 1920
610 1318
610 1471
616 619
616 621
619 663
619 741
619 843
619 1021
619 1040
619 1337
619 1483
619 1861
621 1042
621 1380
621 1716
621 1717
621 1718
621 1719
623 624
623 625
623 626
623 627
623 628
623 629
623 630
623 631
623 632
624 870
624 1058
624 1083
624 1112
624 1793
625 873
625 874
625 875
625 876
626 709
626 1562
626 1890
627 731
627 736
627 1120
627 1121
627 1122
627 1123
627 1124
627 1125
628 991
630 1700
632 808
638 1423
643 652
645 699
649 1538
649 1806
652 958
652 1174
652 1238
652 1354
652 1437
652 1880
654 818
656 1350
661 1111
664 672
667 699
667 1861
672 725
672 795
672 1123
672 1176
672 1196
672 1354
672 1554
672 1644
672 1716
673 991
674 1312
675 1244
680 1388
688 1861
699 794
699 1048
699 1049
699 1050
699 1051
699 1052
699 1053
701 1350
702 808
702 1806
711 1447
714 991
714 1920
723 1447
724 1205
728 1350
739 1423
740 1388
743 833
760 1471
769 1033
778 1922
780 1700
794 991
797 818
801 1363
802 1471
804 808
808 969
808 991
808 1052
808 1579
808 1813
808 1853
808 1915
808 1928
808 1940
817 1146
818 1117
818 1237
818 1672
818 1678
818 1825
818 1920
818 1932
822 1006
829 833
833 887
833 1018
833 1168
833 1524
833 1681
833 1712
838 952
838 1003
838 1640
841 1471
847 1354
847 1388
850 1034
851 1668
858 1920
862 1146
875 889
881 889
884 1806
889 994
889 1401
889 1402
894 1350
897 1447
898 1312
903 1959
912 1312
927 1538
931 1861
949 952
950 1275
950 1544
952 1016
952 1032
952 1108
952 1109
952 1110
952 1111
960 961
961 1445
961 1842
961 1874
972 1363
988 1388
989 1471
989 1920
991 1092
991 1466
991 1576
991 1698
991 1861
991 1961
998 1640
1003 1136
1003 1216
1003 1261
1003 1454
1003 1818
1003 1820
1006 1111
1006 1564
1006 1734
1015 1922
1019 1318
1027 1033
1027 1034
1033 1254
1033 1286
1033 1352
1033 1451
1033 1698
1033 1790
1034 1278
1034 1354
1034 1413
1034 1529
1034 1530
1034 1531
1049 1471
1051 1066
1051 1248
1051 1266
1051 1280
1051 1349
1051 1568
1051 1769
1051 1834
1052 1668
1055 1668
1059 1959
1074 1354
1111 1128
1111 1388
1111 1425
1111 1446
1111 1544
1111 1934
1117 1700
1145 1146
1146 1475
1146 1691
1146 1767
1146 1872
1146 1946
1154 1538
1158 1924
1163 1806
1173 1924
1183 1516
1193 1447
1202 1640
1205 1357
1205 1615
1205 1823
1205 1928
1212 1544
1233 1244
1238 1363
1240 1447
1242 1244
1244 1625
1244 1635
1244 1684
1244 1788
1244 1899
1244 1902
1245 1318
1254 1471
1269 1275
1274 1312
1275 1525
1275 1724
1275 1731
1275 1876
1283 1861
1288 1518
1300 1922
1303 1423
1312 1398
1312 1710
1312 1727
1312 1832
1317 1318
1318 1349
1318 1366
1318 1374
1318 1680
1318 1799
1318 1958
1332 1350
1337 1363
1339 1924
1350 1351
1350 1352
1350 1353
1350 1354
1351 1544
1354 1427
1354 1447
1354 1542
1354 1702
1354 1861
1354 1922
1356 1435
1356 1517
1356 1803
1362 1447
1363 1381
1363 1459
1363 1736
1363 1870
1363 1889
1383 1922
1388 1547
1388 1548
1388 1549
1388 1550
1388 1551
1423 1739
1423 1949
1423 1950
1447 1698
1451 1920
1460 1806
1468 1959
1471 1624
1471 1965
1497 1516
1514 1516
1514 1518
1516 1643
1538 1539
1538 1875
1543 1544
1544 1617
1544 1625
1544 1644
1544 1963
1544 1985
1605 1668
1626 1959
1640 1776
1641 1668
1668 1964
1705 1920
1727 1806
1742 1920
1747 1922
1748 1959
1806 1888
1840 1924
1856 1920
1861 1884
1861 1893
1861 1924
1920 1925
1920 1992
1924 1929
1934 1935
