16 939
25 939
56 1849
65 1846
83 658
98 1352
101 1846
111 939
114 1122
131 1121
134 1846
163 1849
181 517
182 457
183 1122
196 912
220 939
227 457
280 517
342 354
343 627
343 1121
354 406
354 457
354 472
354 1039
354 1091
354 1099
354 1121
354 1208
354 1352
354 1849
354 1948
363 1846
369 627
400 1849
416 939
421 1122
456 457
457 547
457 569
457 658
457 1149
457 1216
457 1415
457 1643
457 1910
459 1849
462 627
488 517
516 517
517 591
517 837
517 930
517 939
517 994
517 1212
517 1314
517 1375
517 1413
517 1414
517 1415
523 1121
562 658
623 627
627 731
627 736
627 1120
627 1121
627 1122
627 1123
627 1124
627 1125
653 658
658 921
658 1018
658 1691
700 1122
734 939
736 1136
737 1136
744 1849
912 1070
912 1121
912 1127
912 1312
912 1359
912 1520
912 1705
916 1415
932 939
939 1059
939 1444
939 1526
939 1553
939 1606
1001 1136
1003 1136
1017 1415
1023 1846
1033 1352
1065 1846
1121 1200
1121 1373
1121 1481
1121 1540
1121 1832
1121 1846
1121 1853
1122 1136
1122 1144
1122 1188
1122 1222
1136 1309
1136 1517
1136 1636
1136 1733
1320 1415
1350 1352
1352 1496
1352 1727
1411 1415
1415 1421
1415 1431
1415 1498
1415 1553
1415 1701
1415 1702
1534 1849
1565 1849
1744 1846
1834 1846
1843 1846
1846 1944
1849 1994
