30 32
32 37
32 44
32 224
32 286
32 474
32 616
32 1152
32 1237
32 1288
32 1422
32 1460
43 44
43 51
44 108
44 123
44 159
44 234
44 388
44 532
44 570
44 691
44 696
44 806
44 882
44 951
44 1089
44 1177
44 1256
44 1265
44 1572
44 1724
50 51
51 110
51 322
51 323
51 324
51 325
51 326
51 327
51 328
51 329
59 62
62 284
62 326
62 333
62 340
62 479
62 946
62 967
62 990
62 1021
62 1617
62 1783
62 1891
69 497
92 1496
104 326
139 696
141 497
183 326
188 497
191 908
226 1496
267 1437
275 1191
302 696
326 497
326 662
326 770
326 832
326 1028
326 1437
326 1496
326 1500
326 1616
326 1749
326 1967
345 1554
360 1437
402 832
439 1554
455 908
476 1437
483 1496
497 520
497 798
497 963
497 1214
497 1215
497 1227
497 1641
497 1682
497 1689
497 1703
499 1496
503 1191
543 1496
652 1437
655 1437
672 1554
693 696
696 832
696 845
696 1023
696 1157
696 1186
696 1191
696 1338
696 1554
696 1571
696 1662
696 1679
696 1865
696 1908
696 1979
710 908
735 1930
740 908
829 832
832 927
832 994
832 1001
832 1039
832 1099
832 1446
832 1499
832 1655
832 1661
832 1729
832 1853
908 1011
908 1433
908 1437
908 1570
908 1703
908 1930
962 1437
979 1496
1001 1554
1098 1930
1101 1496
1132 1191
1184 1191
1191 1398
1191 1838
1207 1930
1257 1554
1258 1554
1351 1930
1352 1496
1394 1930
1407 1437
1437 1509
1437 1671
1437 1716
1437 1917
1495 1496
1496 1526
1499 1554
1554 1562
1554 1960
1580 1930
1643 1930
1740 1930
