3 1259
15 1385
56 360
88 1717
89 544
109 128
125 128
128 148
128 192
128 208
128 294
128 376
128 469
128 1605
128 1717
128 1744
165 1993
183 1259
251 621
263 544
266 360
267 544
274 360
276 544
304 544
306 1385
308 544
338 1114
343 466
355 360
360 375
360 456
360 466
360 469
360 537
360 1354
360 1437
360 1727
360 1759
362 731
388 621
408 1717
425 466
430 731
436 466
442 1385
447 1717
466 745
466 840
466 1053
466 1114
466 1517
466 1653
466 1665
466 1717
468 1385
482 544
494 1114
519 1517
522 527
527 971
527 1028
527 1195
527 1255
527 1256
527 1257
527 1258
527 1259
527 1260
527 1261
528 1385
544 632
544 1019
544 1259
544 1740
559 1385
586 731
588 1114
606 1259
616 621
621 1042
621 1380
621 1716
621 1717
621 1718
621 1719
627 731
648 731
669 1114
670 1259
727 731
731 957
731 969
731 1717
731 1910
731 1932
731 1996
758 1717
763 1665
811 1114
835 1517
867 1665
893 1717
903 1665
904 1114
943 1114
990 1259
1055 1665
1114 1855
1136 1517
1188 1517
1226 1517
1259 1307
1259 1385
1259 1615
1259 1652
1259 1717
1259 1993
1280 1385
1326 1717
1335 1385
1356 1517
1385 1501
1385 1556
1385 1892
1480 1517
1514 1517
1517 1555
1517 1815
1587 1665
1596 1993
1665 1666
1717 1996
1720 1993
