30 32
32 37
32 44
32 224
32 286
32 474
32 616
32 1152
32 1237
32 1288
32 1422
32 1460
65 458
77 1806
102 1637
135 136
135 137
135 138
135 139
135 140
135 141
135 142
135 143
140 222
140 445
140 667
140 746
140 791
140 971
140 1278
140 1460
140 1661
140 1862
155 1588
168 1806
187 897
219 1806
304 1460
318 1870
332 458
398 1588
432 1588
448 458
456 458
458 510
458 543
458 1093
458 1477
458 1586
458 1806
458 1807
469 1637
521 1803
530 1740
533 1460
534 1740
544 1740
553 1588
553 1803
563 1740
568 1740
613 1870
633 1588
649 1806
702 1806
712 897
715 1588
715 1637
731 957
812 1637
838 1870
840 1870
857 897
867 957
870 897
884 1806
897 957
897 958
897 1032
897 1130
897 1372
897 1447
897 1613
897 1887
925 957
945 1460
953 957
957 1090
957 1161
957 1201
957 1215
957 1460
957 1550
957 1637
957 1731
957 1732
980 1740
1057 1637
1057 1740
1074 1460
1161 1870
1163 1806
1175 1460
1211 1740
1221 1803
1233 1460
1279 1803
1343 1637
1356 1803
1363 1870
1431 1637
1451 1740
1460 1484
1460 1610
1460 1732
1460 1806
1460 1864
1460 1870
1460 1994
1531 1803
1588 1637
1588 1916
1594 1803
1604 1740
1635 1637
1637 1740
1637 1803
1637 1912
1637 1913
1707 1740
1727 1806
1740 1930
1803 1855
1806 1888
1849 1994
