5 1423
7 1928
16 199
26 1825
29 1945
34 1928
35 38
38 384
38 619
38 679
38 865
38 1020
42 888
45 1700
61 307
67 1945
68 888
89 991
115 991
119 1920
122 1700
125 132
132 277
132 561
132 643
132 843
132 1196
132 1538
132 1764
132 1783
132 1936
137 979
137 1227
178 179
179 384
179 429
179 556
179 639
179 1184
179 1343
179 1735
179 1838
179 1887
180 979
194 199
197 560
198 604
199 775
199 966
199 1249
199 1412
199 1920
199 1921
247 1920
255 888
257 337
289 979
296 604
299 307
302 1060
307 308
307 315
307 561
307 679
307 1235
307 1252
314 317
316 933
317 375
317 453
317 516
317 543
317 883
317 1396
317 1511
317 1625
317 1733
317 1768
337 561
337 626
337 783
337 928
337 955
337 1014
337 1831
337 1858
357 604
361 1945
366 1423
369 991
381 1423
383 384
384 474
384 616
384 808
384 915
384 1017
384 1041
384 1178
384 1183
384 1339
384 1423
384 1700
384 1751
384 1825
384 1920
384 1972
390 1060
394 962
402 1825
418 1060
443 604
450 984
459 984
497 1227
535 835
547 561
560 561
560 562
560 563
560 564
560 565
560 566
561 686
561 794
561 979
561 982
561 984
561 991
561 1060
561 1148
561 1226
561 1227
561 1228
561 1229
561 1230
561 1231
562 1920
568 962
568 1227
577 1920
604 638
604 1176
604 1236
604 1470
604 1853
604 1911
604 1914
604 1920
628 991
630 1700
632 808
637 1733
638 1423
641 1228
645 1945
655 984
667 1928
673 991
701 1060
702 808
704 933
711 888
714 991
714 1920
728 962
739 1423
747 984
747 1228
780 1700
787 979
794 991
804 808
807 1228
808 969
808 991
808 1052
808 1579
808 1813
808 1853
808 1915
808 1928
808 1940
817 1228
818 1825
818 1920
829 835
835 948
835 1118
835 1199
835 1517
835 1945
858 1920
868 1733
870 1060
870 1825
881 888
884 962
888 1171
888 1270
888 1331
888 1866
888 1945
900 933
906 1945
925 979
930 1060
932 933
933 972
933 1248
933 1481
933 1945
951 962
960 962
962 1437
962 1546
962 1815
962 1945
965 1928
967 1945
979 1214
979 1406
979 1413
979 1463
979 1496
982 984
984 1451
984 1453
984 1454
984 1455
984 1456
989 1920
991 1092
991 1466
991 1576
991 1698
991 1861
991 1961
1036 1945
1047 1060
1048 1227
1060 1085
1060 1394
1060 1401
1060 1536
1117 1700
1136 1733
1163 1825
1205 1928
1219 1733
1226 1733
1227 1422
1227 1604
1227 1711
1227 1722
1227 1986
1228 1384
1228 1450
1228 1577
1228 1694
1228 1733
1228 1759
1228 1788
1228 1789
1231 1928
1303 1423
1423 1739
1423 1949
1423 1950
1451 1920
1461 1825
1591 1733
1656 1733
1705 1920
1733 1746
1733 1760
1733 1945
1742 1920
1814 1825
1856 1920
1904 1945
1920 1925
1920 1992
