4 521
12 568
22 144
32 1460
33 530
46 1550
52 56
56 104
56 180
56 360
56 481
56 971
56 1290
56 1354
56 1457
56 1593
56 1849
57 1550
63 537
72 953
77 1550
89 544
95 953
102 1637
125 133
128 469
130 925
133 161
133 162
133 163
133 164
133 165
133 166
133 167
133 168
135 141
140 1460
141 144
141 219
141 332
141 497
141 922
141 951
141 988
141 1172
141 1431
141 1710
144 145
144 146
144 147
144 148
151 165
155 1588
161 537
165 291
165 440
165 537
165 698
165 922
165 1028
165 1047
165 1145
165 1153
165 1180
165 1214
165 1249
165 1461
165 1905
165 1971
165 1993
187 897
190 521
195 922
195 925
263 544
266 360
267 544
274 360
276 544
300 537
304 544
304 1460
308 544
335 534
351 568
355 360
360 375
360 456
360 466
360 469
360 537
360 1354
360 1437
360 1727
360 1759
362 731
395 530
398 1588
430 731
432 1588
442 469
467 469
469 494
469 576
469 837
469 1260
469 1265
469 1363
469 1411
469 1513
469 1637
469 1673
482 544
488 530
488 534
488 537
516 521
521 537
521 1325
521 1492
521 1803
530 531
530 556
530 576
530 1522
530 1615
530 1740
533 1460
534 886
534 1501
534 1578
534 1740
534 1864
537 1204
537 1340
537 1609
537 1964
544 632
544 1019
544 1259
544 1740
553 1588
560 563
563 1332
563 1530
563 1656
563 1740
563 1977
568 616
568 651
568 962
568 1184
568 1227
568 1282
568 1638
568 1740
568 1850
568 1967
586 731
590 925
601 867
627 731
633 1588
646 867
647 922
648 731
663 922
668 925
712 897
715 1588
715 1637
727 731
731 957
731 969
731 1717
731 1910
731 1932
731 1996
735 1930
746 925
761 1550
796 953
812 1637
820 922
823 953
845 922
853 953
857 897
864 867
867 957
867 1400
867 1665
867 1691
867 1813
870 897
897 957
897 958
897 1032
897 1130
897 1372
897 1447
897 1613
897 1887
908 1930
911 1727
922 1180
922 1841
925 957
925 979
925 1527
925 1581
925 1716
925 1944
931 1727
945 1460
953 954
953 955
953 956
953 957
953 958
953 959
957 1090
957 1161
957 1201
957 1215
957 1460
957 1550
957 1637
957 1731
957 1732
980 1740
1031 1550
1057 1637
1057 1740
1074 1460
1098 1930
1175 1460
1207 1930
1211 1740
1233 1460
1259 1993
1307 1727
1312 1727
1326 1550
1343 1637
1351 1930
1352 1727
1388 1550
1394 1930
1431 1637
1451 1740
1460 1484
1460 1610
1460 1732
1460 1806
1460 1864
1460 1870
1460 1994
1504 1550
1550 1611
1550 1956
1580 1930
1588 1637
1588 1916
1596 1993
1604 1740
1635 1637
1637 1740
1637 1803
1637 1912
1637 1913
1643 1930
1647 1727
1686 1727
1707 1740
1720 1993
1727 1806
1740 1930
