7 1432
10 1933
16 145
21 501
22 144
23 501
44 388
57 161
66 153
72 1519
111 1722
116 270
130 911
133 161
141 144
144 145
144 146
144 147
144 148
145 161
145 171
145 291
145 717
145 730
145 903
145 915
145 1303
145 1308
145 1420
145 1432
145 1519
145 1895
149 153
153 168
153 412
153 763
153 845
153 975
153 1540
153 1636
157 171
161 168
161 247
161 341
161 537
161 581
161 730
161 793
161 1113
161 1203
161 1400
161 1722
161 1787
169 171
171 182
171 1079
171 1146
171 1346
171 1361
171 1508
180 981
188 501
189 911
196 911
206 1189
206 1873
208 247
213 1253
246 247
246 248
246 249
246 250
246 251
247 274
247 285
247 388
247 399
247 666
247 982
247 1183
247 1222
247 1370
247 1540
247 1611
247 1635
247 1691
247 1737
247 1819
247 1872
247 1873
247 1920
247 1996
258 981
268 270
270 312
270 523
270 529
270 572
270 1087
270 1113
270 1506
270 1668
270 1905
272 1357
286 1253
298 1308
301 1357
316 1933
318 1432
329 1239
341 1722
346 1308
350 388
377 1728
380 388
381 911
383 388
388 621
388 660
388 1251
388 1286
388 1350
388 1412
388 1449
388 1732
388 1896
388 1957
393 1519
399 1239
403 412
412 725
412 1063
412 1113
412 1184
412 1189
412 1220
412 1340
412 1428
412 1454
412 1610
412 1839
419 1420
425 1308
450 984
451 1519
459 984
479 1239
483 1728
499 1454
501 767
501 769
501 1113
501 1226
501 1480
501 1655
503 1432
504 1189
532 1113
535 1357
550 1308
555 725
561 984
577 1420
593 1432
610 981
655 984
669 1113
672 725
702 1357
714 1454
718 725
725 1007
725 1059
725 1368
725 1463
735 1933
747 984
758 1113
792 1308
806 1873
830 1308
860 1722
875 1454
884 1432
893 1357
903 1113
911 1187
911 1454
911 1577
911 1727
911 1728
911 1729
911 1730
917 981
969 1728
977 1308
981 1189
981 1226
981 1283
981 1466
981 1512
981 1662
982 984
984 1451
984 1453
984 1454
984 1455
984 1456
1003 1454
1018 1113
1023 1113
1023 1253
1065 1454
1074 1253
1075 1728
1082 1308
1113 1137
1113 1253
1113 1357
1113 1604
1113 1641
1113 1855
1182 1239
1184 1189
1189 1232
1189 1238
1189 1239
1189 1681
1189 1864
1189 1933
1189 1998
1205 1357
1211 1239
1215 1722
1227 1722
1236 1239
1239 1391
1239 1399
1239 1556
1252 1253
1253 1466
1253 1470
1253 1792
1253 1996
1266 1519
1268 1432
1286 1728
1308 1461
1308 1672
1308 1724
1308 1874
1413 1873
1420 1421
1432 1433
1432 1434
1432 1435
1432 1436
1454 1566
1454 1688
1454 1710
1454 1864
1454 1899
1466 1873
1514 1519
1519 1528
1519 1552
1519 1820
1555 1722
1605 1933
1611 1933
1617 1722
1656 1873
1708 1933
1728 1865
1728 1990
1729 1873
1777 1873
1841 1933
1873 1885
