7 1753
10 1390
13 330
13 437
13 910
20 391
26 1488
26 1753
43 51
50 51
51 110
51 322
51 323
51 324
51 325
51 326
51 327
51 328
51 329
62 284
73 1785
74 1390
77 391
81 1390
92 536
93 1003
104 1488
107 248
108 391
116 1003
118 700
122 437
122 700
171 1508
174 863
174 910
196 910
203 700
203 1234
209 248
209 437
214 997
220 237
222 331
226 700
227 662
233 237
234 700
235 1508
237 248
237 284
237 331
237 606
237 639
237 656
237 996
237 1064
237 1147
237 1169
237 1226
237 1234
244 437
246 247
246 248
246 249
246 250
246 251
248 351
248 448
248 611
248 613
248 648
248 653
248 1196
248 1359
248 1452
248 1812
248 1986
257 330
257 331
267 910
274 536
284 285
284 286
284 287
284 288
284 289
284 290
284 291
284 292
286 1390
319 437
326 662
328 525
328 547
328 693
328 863
328 997
328 1048
328 1057
328 1234
328 1310
328 1602
328 1753
328 1885
328 1944
330 472
330 632
330 812
330 899
330 1088
330 1234
330 1526
330 1785
330 1854
331 490
331 741
331 1283
331 1400
331 1526
331 1527
331 1528
338 536
352 662
383 391
391 536
391 606
391 700
391 827
391 920
391 1000
391 1402
391 1723
391 1852
391 1876
391 1880
391 1891
434 437
437 615
437 834
437 910
437 1065
437 1535
437 1685
437 1902
454 536
470 662
471 997
479 1785
487 1390
488 536
491 863
498 863
518 1508
536 865
536 903
536 910
536 1003
536 1090
536 1209
536 1390
536 1397
536 1508
536 1671
536 1749
536 1786
536 1858
541 1003
548 1234
570 1785
574 863
584 910
607 1508
609 863
613 1090
631 1297
634 1508
638 1786
659 1488
661 997
661 1274
662 900
662 1069
662 1101
662 1234
662 1602
662 1638
673 996
673 997
700 1013
700 1122
700 1186
700 1257
700 1491
729 1508
733 1753
747 863
754 1090
810 1274
822 1274
836 1753
838 1003
863 1277
863 1493
863 1494
887 1297
892 1786
910 1087
910 1210
910 1225
910 1234
910 1274
910 1297
910 1703
912 1359
929 1090
944 1274
957 1090
988 1488
996 1201
996 1501
997 1093
997 1125
997 1751
997 1992
1003 1136
1003 1216
1003 1261
1003 1454
1003 1818
1003 1820
1067 1786
1081 1488
1087 1090
1088 1359
1090 1425
1090 1479
1090 1565
1090 1657
1142 1786
1166 1359
1172 1488
1209 1390
1226 1359
1232 1234
1234 1235
1234 1389
1234 1488
1234 1571
1269 1274
1274 1312
1274 1754
1274 1875
1290 1297
1291 1785
1293 1297
1297 1310
1297 1635
1297 1678
1366 1508
1448 1753
1488 1906
1508 1896
1508 1974
1598 1753
1709 1753
1725 1785
1731 1785
1739 1753
1785 1854
