2 1661
30 32
32 37
32 44
32 224
32 286
32 474
32 616
32 1152
32 1237
32 1288
32 1422
32 1460
43 44
43 51
44 108
44 123
44 159
44 234
44 388
44 532
44 570
44 691
44 696
44 806
44 882
44 951
44 1089
44 1177
44 1256
44 1265
44 1572
44 1724
50 51
51 110
51 322
51 323
51 324
51 325
51 326
51 327
51 328
51 329
54 1157
59 60
59 61
59 62
59 63
59 64
59 65
59 66
59 67
59 68
59 69
62 284
62 326
62 333
62 340
62 479
62 946
62 967
62 990
62 1021
62 1617
62 1783
62 1891
66 108
69 497
82 1661
85 570
90 108
92 1496
100 108
104 326
108 156
108 312
108 391
108 545
108 609
108 885
108 1149
108 1340
108 1919
112 123
120 570
123 303
123 913
123 999
123 1062
123 1520
123 1559
123 1560
123 1774
135 139
138 159
139 193
139 656
139 696
139 1166
139 1214
139 1262
139 1610
139 1997
140 1661
141 497
149 159
159 567
159 607
159 785
159 791
159 971
159 1134
159 1257
159 1502
159 1683
159 1804
159 1921
181 1908
183 326
188 497
192 1157
226 1496
227 662
237 284
243 1089
247 388
267 1437
284 285
284 286
284 287
284 288
284 289
284 290
284 291
284 292
302 696
326 497
326 662
326 770
326 832
326 1028
326 1437
326 1496
326 1500
326 1616
326 1749
326 1967
345 1554
350 388
351 570
352 662
360 1437
380 388
383 388
388 621
388 660
388 1251
388 1286
388 1350
388 1412
388 1449
388 1732
388 1896
388 1957
396 927
402 832
439 1554
454 1089
470 662
470 1089
476 1437
477 1157
479 1089
483 1496
493 994
497 520
497 798
497 963
497 1214
497 1215
497 1227
497 1641
497 1682
497 1689
497 1703
499 1496
517 994
527 1256
543 1496
565 1089
570 673
570 1171
570 1287
570 1369
570 1501
570 1785
620 927
630 1617
652 1437
655 1437
660 1617
662 900
662 1069
662 1101
662 1234
662 1602
662 1638
672 1554
673 994
680 994
693 696
696 832
696 845
696 1023
696 1157
696 1186
696 1191
696 1338
696 1554
696 1571
696 1662
696 1679
696 1865
696 1908
696 1979
737 994
829 832
832 927
832 994
832 1001
832 1039
832 1099
832 1446
832 1499
832 1655
832 1661
832 1729
832 1853
859 1617
859 1661
871 1157
889 994
896 1908
908 1437
927 1538
927 1635
927 1788
960 967
962 1437
967 1017
967 1300
967 1451
967 1662
967 1768
967 1945
979 1496
994 1126
994 1139
994 1449
994 1533
994 1539
994 1540
994 1541
1001 1554
1061 1157
1087 1089
1089 1349
1089 1438
1089 1523
1089 1525
1089 1667
1101 1496
1124 1908
1134 1908
1155 1157
1157 1221
1157 1643
1157 1810
1187 1908
1256 1435
1256 1443
1256 1605
1256 1639
1256 1726
1256 1996
1257 1554
1258 1554
1292 1908
1352 1496
1407 1437
1437 1509
1437 1671
1437 1716
1437 1917
1487 1661
1495 1496
1496 1526
1499 1554
1544 1617
1554 1562
1554 1960
1562 1661
1573 1617
1587 1661
1607 1661
1615 1617
1617 1651
1617 1686
1617 1722
1630 1661
1661 1662
1661 1663
1875 1908
1876 1908
