4 1919
13 910
19 998
20 391
30 32
32 37
32 44
32 224
32 286
32 474
32 616
32 1152
32 1237
32 1288
32 1422
32 1460
34 992
42 992
43 44
43 45
43 46
43 47
43 48
43 49
43 50
43 51
44 108
44 123
44 159
44 234
44 388
44 532
44 570
44 691
44 696
44 806
44 882
44 951
44 1089
44 1177
44 1256
44 1265
44 1572
44 1724
48 462
54 1157
66 108
75 1524
77 391
89 991
90 108
92 536
92 992
93 1003
100 108
108 156
108 312
108 391
108 545
108 609
108 885
108 1149
108 1340
108 1919
112 123
115 991
116 1003
116 1524
123 303
123 913
123 999
123 1062
123 1520
123 1559
123 1560
123 1774
130 1403
135 137
135 139
137 938
137 979
137 998
137 1227
137 1250
137 1370
137 1459
137 1486
137 1925
138 159
139 193
139 656
139 696
139 1166
139 1214
139 1262
139 1610
139 1997
142 1662
149 159
156 278
159 567
159 607
159 785
159 791
159 971
159 1134
159 1257
159 1502
159 1683
159 1804
159 1921
171 1508
174 910
181 1662
181 1908
192 1157
196 910
199 1412
202 278
206 1873
214 997
226 1524
235 1508
237 996
240 708
243 1089
245 462
247 1873
254 462
267 910
274 536
275 1191
277 278
278 847
278 998
278 1149
278 1278
278 1788
278 1879
278 1922
278 1973
285 992
302 696
319 993
328 997
338 536
345 1554
369 991
383 391
388 1412
391 536
391 606
391 700
391 827
391 920
391 1000
391 1402
391 1723
391 1852
391 1876
391 1880
391 1891
407 1880
421 992
430 998
436 462
437 910
439 1554
454 536
454 1089
462 627
462 673
462 1177
462 1405
462 1577
462 1663
462 1674
462 1761
470 1089
471 997
477 1157
479 1089
488 536
493 994
503 1191
517 994
518 1508
527 1256
536 865
536 903
536 910
536 1003
536 1090
536 1209
536 1390
536 1397
536 1508
536 1671
536 1749
536 1786
536 1858
540 1524
541 1003
554 1412
561 991
565 1089
570 673
574 673
576 995
582 989
582 1662
584 910
607 1508
608 673
611 1107
611 1412
617 1880
628 991
634 1508
638 1786
642 1107
648 708
652 1880
661 997
664 665
664 666
664 667
664 668
664 669
664 670
664 671
664 672
664 673
664 674
664 675
671 1662
672 1554
673 708
673 737
673 806
673 881
673 988
673 989
673 990
673 991
673 992
673 993
673 994
673 995
673 996
673 997
673 998
673 999
680 994
693 696
696 832
696 845
696 1023
696 1157
696 1186
696 1191
696 1338
696 1554
696 1571
696 1662
696 1679
696 1865
696 1908
696 1979
705 708
708 756
708 1026
708 1053
708 1071
708 1096
708 1630
708 1834
708 1835
714 991
717 998
729 1508
737 994
738 1919
794 991
797 998
804 806
806 883
806 1107
806 1181
806 1334
806 1349
806 1408
806 1412
806 1444
806 1524
806 1565
806 1587
806 1820
806 1873
808 991
824 1403
832 994
833 1524
838 1003
861 1919
868 998
871 1157
877 1412
889 994
892 1786
896 1908
910 1087
910 1210
910 1225
910 1234
910 1274
910 1297
910 1703
914 1412
931 1403
940 998
941 1919
944 1880
965 993
967 1662
981 1662
989 1023
989 1103
989 1471
989 1715
989 1920
989 1954
991 1092
991 1466
991 1576
991 1698
991 1861
991 1961
992 1152
992 1171
992 1258
992 1900
992 1916
993 1334
993 1788
993 1808
993 1809
994 1126
994 1139
994 1449
994 1533
994 1539
994 1540
994 1541
995 1123
995 1313
995 1572
995 1573
996 1201
996 1501
997 1093
997 1125
997 1751
997 1992
998 1403
998 1414
998 1523
998 1640
1001 1554
1003 1136
1003 1216
1003 1261
1003 1454
1003 1818
1003 1820
1013 1524
1013 1919
1036 1412
1039 1412
1053 1662
1061 1157
1067 1786
1087 1089
1089 1349
1089 1438
1089 1523
1089 1525
1089 1667
1103 1107
1107 1262
1107 1281
1107 1293
1107 1314
1107 1445
1107 1459
1107 1506
1107 1643
1107 1724
1107 1869
1124 1908
1125 1403
1132 1191
1134 1908
1142 1786
1155 1157
1157 1221
1157 1643
1157 1810
1181 1662
1184 1191
1187 1908
1191 1398
1191 1838
1193 1403
1214 1524
1256 1435
1256 1443
1256 1605
1256 1639
1256 1726
1256 1996
1257 1554
1258 1554
1284 1880
1292 1908
1366 1508
1367 1524
1378 1919
1403 1404
1403 1405
1403 1406
1403 1407
1408 1412
1412 1553
1412 1780
1412 1804
1413 1873
1440 1662
1466 1873
1491 1919
1499 1554
1508 1896
1508 1974
1509 1880
1524 1525
1547 1919
1554 1562
1554 1960
1656 1873
1661 1662
1729 1873
1777 1873
1873 1885
1875 1908
1876 1908
1879 1880
1880 1911
