1 827
4 1919
20 391
30 32
32 37
32 44
32 224
32 286
32 474
32 616
32 1152
32 1237
32 1288
32 1422
32 1460
41 1262
43 44
43 45
43 46
43 47
43 48
43 49
43 50
43 51
44 108
44 123
44 159
44 234
44 388
44 532
44 570
44 691
44 696
44 806
44 882
44 951
44 1089
44 1177
44 1256
44 1265
44 1572
44 1724
51 326
59 62
62 284
62 326
62 333
62 340
62 479
62 946
62 967
62 990
62 1021
62 1617
62 1783
62 1891
66 108
69 497
73 827
77 391
85 570
85 1262
89 1516
90 108
92 536
92 1496
93 1000
93 1003
96 1643
100 108
104 326
108 156
108 312
108 391
108 545
108 609
108 885
108 1149
108 1340
108 1919
112 123
116 1003
118 700
120 570
122 700
123 303
123 913
123 999
123 1062
123 1520
123 1559
123 1560
123 1774
138 159
139 696
139 1262
141 497
142 1662
149 159
159 567
159 607
159 785
159 791
159 971
159 1134
159 1257
159 1502
159 1683
159 1804
159 1921
164 1000
166 1516
181 1662
181 1908
183 326
188 497
203 700
226 700
226 1496
226 1643
227 662
234 700
243 1089
246 249
247 388
249 363
249 482
249 582
249 1516
249 1526
249 1625
249 1628
267 1437
272 1262
274 536
275 1191
294 1943
301 1869
302 696
304 1402
326 497
326 662
326 770
326 832
326 1028
326 1437
326 1496
326 1500
326 1616
326 1749
326 1967
338 536
338 1643
345 1554
345 1869
350 388
351 570
352 662
360 1437
380 388
383 388
383 391
388 621
388 660
388 1251
388 1286
388 1350
388 1412
388 1449
388 1732
388 1896
388 1957
391 536
391 606
391 700
391 827
391 920
391 1000
391 1402
391 1723
391 1852
391 1876
391 1880
391 1891
396 927
401 1943
402 832
407 1880
415 1262
418 1869
423 1869
426 1000
439 1554
447 1000
449 827
451 1643
454 536
454 1089
457 1643
470 662
470 1089
476 1437
479 1089
483 1496
488 536
493 994
497 520
497 798
497 963
497 1214
497 1215
497 1227
497 1641
497 1682
497 1689
497 1703
499 1496
503 1191
507 827
517 994
527 1256
536 865
536 903
536 910
536 1003
536 1090
536 1209
536 1390
536 1397
536 1508
536 1671
536 1749
536 1786
536 1858
540 1516
541 1003
543 1496
554 1724
565 1089
569 829
570 673
570 1171
570 1287
570 1369
570 1501
570 1785
582 1516
582 1662
611 1107
617 1880
620 927
636 1724
638 1786
642 1107
652 1437
652 1880
655 1437
662 900
662 1069
662 1101
662 1234
662 1602
662 1638
668 829
671 1662
672 1554
673 994
680 994
693 696
696 832
696 845
696 1023
696 1157
696 1186
696 1191
696 1338
696 1554
696 1571
696 1662
696 1679
696 1865
696 1908
696 1979
700 1013
700 1122
700 1186
700 1257
700 1491
735 1930
737 829
737 994
738 1919
794 1000
802 1402
806 1107
826 827
827 907
827 1076
827 1605
827 1658
827 1683
829 830
829 831
829 832
829 833
829 834
829 835
832 927
832 994
832 1001
832 1039
832 1099
832 1446
832 1499
832 1655
832 1661
832 1729
832 1853
838 1003
840 1724
861 1919
889 994
889 1402
892 1786
896 1908
908 1437
908 1930
927 1538
927 1635
927 1788
941 1919
944 1880
962 1437
967 1662
979 1496
981 1662
994 1126
994 1139
994 1449
994 1533
994 1539
994 1540
994 1541
1000 1269
1000 1287
1000 1379
1000 1659
1000 1894
1000 1910
1001 1554
1003 1136
1003 1216
1003 1261
1003 1454
1003 1818
1003 1820
1013 1919
1050 1943
1053 1662
1067 1786
1072 1724
1087 1089
1089 1349
1089 1438
1089 1523
1089 1525
1089 1667
1098 1930
1101 1496
1103 1107
1105 1262
1107 1262
1107 1281
1107 1293
1107 1314
1107 1445
1107 1459
1107 1506
1107 1643
1107 1724
1107 1869
1124 1908
1132 1191
1134 1908
1142 1786
1157 1643
1181 1662
1183 1516
1184 1191
1187 1908
1191 1398
1191 1838
1207 1930
1256 1435
1256 1443
1256 1605
1256 1639
1256 1726
1256 1996
1257 1554
1258 1554
1261 1869
1262 1263
1262 1264
1262 1265
1275 1724
1284 1880
1285 1402
1292 1908
1298 1943
1302 1402
1308 1724
1344 1643
1351 1930
1352 1496
1365 1943
1378 1919
1394 1930
1402 1456
1402 1773
1407 1437
1437 1509
1437 1671
1437 1716
1437 1917
1440 1662
1443 1869
1472 1869
1476 1724
1491 1919
1493 1643
1495 1496
1496 1526
1497 1516
1497 1869
1499 1554
1509 1880
1514 1516
1516 1643
1529 1643
1547 1919
1554 1562
1554 1960
1580 1930
1643 1930
1643 1931
1656 1724
1661 1662
1703 1724
1724 1854
1724 1943
1740 1930
1875 1908
1876 1908
1879 1880
1880 1911
1939 1943
