2 385
10 866
14 398
15 34
22 378
30 34
34 992
34 1104
34 1819
34 1928
41 1600
42 1492
43 45
45 296
45 612
45 1104
45 1149
45 1700
45 1953
54 784
54 1004
58 1315
66 1004
78 79
78 80
78 81
78 82
78 83
78 84
78 85
78 86
83 393
83 398
83 535
83 567
83 635
83 658
83 1028
83 1085
83 1127
83 1160
83 1186
83 1486
83 1564
83 1857
83 1882
83 1897
83 1971
84 1315
89 1363
90 427
92 866
93 1004
103 1363
105 803
111 1104
125 129
126 1747
129 226
129 333
129 349
129 687
129 748
129 1012
129 1160
129 1288
129 1624
135 136
135 137
136 296
136 368
136 427
136 706
136 1042
136 1567
137 938
137 979
137 998
137 1227
137 1250
137 1370
137 1459
137 1486
137 1925
142 1004
147 1409
173 1167
173 1268
197 367
210 253
214 1104
232 1268
238 1916
244 1747
252 253
252 254
252 255
252 256
252 257
252 258
252 259
252 260
253 300
253 309
253 385
253 637
253 702
253 782
253 1104
253 1186
253 1574
253 1603
253 1680
255 1600
273 398
279 1574
283 378
286 1315
298 1897
305 1309
306 1906
322 1577
342 352
344 1577
352 365
352 587
352 659
352 660
352 661
352 662
352 663
365 367
366 1490
367 427
367 547
367 1160
367 1185
367 1409
367 1503
367 1600
367 1645
367 1792
367 1832
375 378
376 1309
377 1185
378 1315
378 1721
383 385
385 556
385 889
385 951
385 1048
385 1207
385 1467
385 1613
385 1738
392 398
398 543
398 656
398 951
398 1057
398 1223
398 1296
398 1363
398 1398
398 1588
400 1167
402 659
402 1315
408 1160
408 1747
419 866
421 1315
424 427
425 427
427 472
427 866
427 1004
427 1104
427 1393
427 1443
427 1854
427 1916
430 1296
439 1167
440 1127
445 1103
457 658
462 1577
463 1185
464 1906
465 1600
469 1363
476 1127
488 535
502 1574
511 1104
515 1103
519 1916
521 1492
523 1296
535 717
535 794
535 811
535 835
535 935
535 1184
535 1210
535 1355
535 1356
535 1357
543 1574
557 1897
558 784
562 658
562 1160
575 803
586 1315
631 1185
635 1315
644 659
653 658
658 921
658 1018
658 1691
659 775
659 803
659 893
659 1268
659 1315
659 1484
659 1485
659 1486
659 1487
659 1488
659 1489
659 1490
659 1491
659 1492
684 1004
692 1486
695 1185
703 1268
714 1490
747 784
770 1104
774 1906
778 1492
781 784
784 935
784 1160
784 1203
784 1907
784 1939
787 866
798 1492
801 1363
803 853
803 946
803 1472
803 1900
815 866
817 1577
819 1492
820 1296
825 1486
828 1104
860 1185
864 866
866 1340
866 1642
866 1898
866 1974
869 1409
880 1127
890 1574
911 1577
912 1127
914 1315
915 1600
923 1409
950 1577
972 1309
972 1363
974 1906
983 1747
989 1103
992 1916
1001 1600
1004 1112
1004 1389
1004 1401
1004 1990
1022 1160
1030 1409
1030 1486
1035 1185
1037 1747
1075 1103
1082 1309
1097 1600
1103 1104
1103 1105
1103 1106
1103 1107
1104 1167
1104 1273
1104 1577
1104 1747
1104 1906
1104 1935
1116 1268
1127 1176
1127 1322
1127 1494
1128 1574
1133 1167
1136 1309
1147 1600
1160 1161
1160 1162
1160 1163
1160 1164
1164 1486
1165 1167
1167 1204
1167 1289
1167 1746
1177 1486
1185 1217
1185 1925
1201 1574
1210 1492
1212 1747
1228 1577
1238 1363
1268 1378
1268 1432
1268 1455
1268 1827
1268 1864
1268 1981
1293 1296
1294 1486
1296 1301
1296 1330
1296 1376
1296 1679
1307 1574
1309 1383
1309 1486
1309 1559
1309 1648
1309 1987
1315 1564
1315 1942
1315 1997
1337 1363
1363 1381
1363 1459
1363 1736
1363 1870
1363 1889
1378 1490
1408 1409
1409 1461
1409 1731
1409 1964
1433 1490
1474 1486
1486 1991
1487 1897
1488 1906
1490 1703
1490 1821
1492 1872
1492 1951
1513 1906
1537 1897
1545 1747
1547 1916
1574 1715
1574 1780
1577 1578
1577 1579
1577 1580
1588 1916
1599 1600
1600 1929
1619 1906
1702 1747
1747 1878
1747 1922
1834 1916
1848 1906
1865 1906
1888 1897
1897 1967
1897 1996
