12 1690
20 421
21 501
23 501
26 1488
34 992
36 1509
42 992
43 50
47 496
50 51
50 1032
50 1387
50 1614
50 1624
50 1689
50 1711
50 1715
58 186
58 1315
59 69
64 1929
69 497
69 514
69 640
69 891
69 1276
80 1250
84 1315
92 992
92 1496
93 1010
94 1829
103 421
104 1488
105 803
106 1829
110 498
113 1250
114 1122
118 1929
130 911
135 141
137 1227
137 1250
141 144
141 219
141 332
141 497
141 922
141 951
141 988
141 1172
141 1431
141 1710
154 1246
173 1268
183 1122
186 187
186 188
186 189
186 190
186 191
186 192
186 193
187 1509
188 419
188 425
188 495
188 496
188 497
188 498
188 499
188 500
188 501
188 502
188 503
188 504
188 505
189 911
196 911
209 798
218 1246
220 421
226 1496
229 1929
232 1268
262 1509
275 498
285 992
286 1315
303 358
320 1320
326 497
326 1496
352 659
355 358
358 510
358 665
358 976
358 1074
358 1250
358 1339
358 1725
358 1839
358 1892
370 714
378 1315
381 911
399 496
402 659
402 1315
412 1454
414 415
414 416
414 417
414 418
414 419
414 420
414 421
414 422
414 423
417 496
421 496
421 564
421 668
421 839
421 992
421 1005
421 1122
421 1130
421 1315
421 1513
421 1553
421 1829
431 1509
447 498
450 984
459 984
459 1250
463 1509
469 1513
483 1496
490 1246
495 1192
496 702
496 1066
496 1088
496 1181
496 1376
496 1729
497 520
497 798
497 963
497 1214
497 1215
497 1227
497 1641
497 1682
497 1689
497 1703
498 773
498 860
498 861
498 862
498 863
499 638
499 755
499 836
499 1010
499 1078
499 1320
499 1454
499 1496
499 1654
499 1757
500 1044
500 1066
500 1111
500 1375
500 1380
500 1448
500 1812
501 767
501 769
501 1113
501 1226
501 1480
501 1655
502 1553
516 520
520 529
520 698
520 719
520 763
520 946
520 947
520 948
532 1246
543 1496
548 1689
561 984
561 1227
564 1513
568 1227
575 803
586 714
586 1315
599 1829
605 1689
607 1622
608 1689
615 1509
627 1122
635 1315
644 659
655 984
659 775
659 803
659 893
659 1268
659 1315
659 1484
659 1485
659 1486
659 1487
659 1488
659 1489
659 1490
659 1491
659 1492
664 668
668 829
668 917
668 925
668 1705
668 1743
668 1814
668 1864
668 1868
670 1929
673 992
700 1122
701 1320
703 1268
705 714
706 714
714 762
714 991
714 1143
714 1454
714 1490
714 1527
714 1920
714 1932
734 1627
739 1246
747 984
769 798
775 1627
791 798
796 1690
798 948
798 1014
798 1073
798 1260
798 1394
798 1492
798 1593
803 853
803 946
803 1472
803 1900
805 1010
811 1622
816 1622
837 1690
838 1320
844 1689
875 1454
876 1509
905 1320
911 1187
911 1454
911 1577
911 1727
911 1728
911 1729
911 1730
914 1315
929 1513
939 1553
951 1627
956 1320
965 1192
979 1496
982 984
984 1451
984 1453
984 1454
984 1455
984 1456
988 1488
992 1152
992 1171
992 1258
992 1900
992 1916
1003 1454
1030 1829
1046 1627
1048 1227
1065 1454
1069 1829
1081 1488
1101 1496
1116 1268
1122 1136
1122 1144
1122 1188
1122 1222
1134 1829
1140 1192
1172 1488
1184 1192
1192 1263
1192 1521
1192 1627
1201 1250
1204 1929
1224 1509
1225 1250
1227 1422
1227 1604
1227 1711
1227 1722
1227 1986
1229 1689
1234 1488
1246 1247
1246 1248
1246 1249
1246 1250
1246 1251
1250 1265
1250 1341
1250 1627
1250 1702
1250 1929
1257 1553
1264 1513
1268 1378
1268 1432
1268 1455
1268 1827
1268 1864
1268 1981
1271 1513
1289 1627
1305 1513
1314 1689
1315 1564
1315 1942
1315 1997
1320 1415
1320 1472
1320 1650
1320 1968
1333 1929
1352 1496
1412 1553
1415 1553
1416 1513
1437 1509
1454 1566
1454 1688
1454 1710
1454 1864
1454 1899
1461 1622
1467 1627
1474 1509
1485 1513
1488 1906
1495 1496
1496 1526
1509 1627
1509 1880
1513 1895
1513 1906
1545 1690
1553 1946
1600 1929
1620 1622
1622 1688
1622 1689
1622 1872
1622 1936
1625 1627
1627 1687
1627 1689
1627 1895
1689 1690
1689 1691
1690 1707
1690 1810
1690 1891
1924 1929
1929 1964
