6 1244
22 699
32 37
35 37
37 424
37 960
37 1354
37 1396
37 1582
37 1812
38 619
52 56
54 543
56 104
56 180
56 360
56 481
56 971
56 1290
56 1354
56 1457
56 1593
56 1849
61 307
68 543
80 1861
83 535
84 1354
89 991
93 1000
98 889
100 101
101 313
101 609
101 810
101 1094
101 1109
101 1139
101 1521
101 1625
101 1634
101 1846
115 991
130 1403
136 368
159 1683
163 699
164 1000
189 1447
200 677
206 1350
210 1861
211 794
214 862
220 1447
221 231
223 1350
230 1109
231 567
231 797
231 919
231 931
234 699
245 1642
249 1625
255 672
255 1904
259 952
262 1244
265 952
278 1922
294 1536
299 307
307 308
307 315
307 561
307 679
307 1235
307 1252
309 1904
317 543
317 1625
318 1683
325 652
344 1447
360 1354
360 1727
365 368
368 479
368 543
368 605
368 954
368 1467
368 1484
368 1608
368 1765
368 1837
369 991
381 672
382 810
385 889
386 1244
388 1350
390 1625
391 1000
396 931
398 543
399 794
404 435
407 1447
410 1924
411 1034
426 1000
434 435
435 552
435 889
435 1033
435 1039
435 1244
435 1275
435 1354
435 1474
435 1677
435 1734
435 1748
435 1879
441 1625
447 1000
448 1034
458 543
478 931
488 535
490 889
498 862
528 1447
535 717
535 794
535 811
535 835
535 935
535 1184
535 1210
535 1355
535 1356
535 1357
539 540
539 541
539 542
539 543
540 1570
541 699
543 956
543 1039
543 1354
543 1396
543 1410
543 1496
543 1558
543 1574
543 1683
543 1684
545 1924
548 1034
550 1683
551 862
561 794
561 991
564 889
566 1252
583 652
616 619
619 663
619 741
619 843
619 1021
619 1040
619 1337
619 1483
619 1861
628 991
638 1109
640 931
643 652
645 699
648 1252
652 958
652 1174
652 1238
652 1354
652 1437
652 1880
655 931
656 1350
664 672
667 699
667 1861
672 725
672 795
672 1123
672 1176
672 1196
672 1354
672 1554
672 1644
672 1716
673 991
675 1244
676 677
677 794
677 878
677 942
677 1012
677 1277
677 1426
679 862
688 1861
699 794
699 1048
699 1049
699 1050
699 1051
699 1052
699 1053
701 1350
704 1642
707 1642
710 1570
711 1447
714 991
715 1904
723 1447
728 1350
742 1642
778 1922
791 794
792 1536
794 862
794 991
794 1000
794 1163
794 1197
794 1465
794 1642
794 1901
794 1954
800 1570
808 991
810 914
810 1274
810 1325
810 1729
810 1748
810 1999
824 1403
827 1683
838 952
847 1354
850 1034
851 1254
852 1109
862 1016
862 1022
862 1146
862 1166
862 1220
862 1738
862 1893
866 1642
875 889
881 889
889 994
889 1401
889 1402
894 1350
897 1447
901 1683
908 1570
911 1727
915 1570
931 1126
931 1237
931 1403
931 1570
931 1671
931 1727
931 1762
931 1861
931 1862
935 1109
949 952
950 1275
951 1683
952 1016
952 1032
952 1108
952 1109
952 1110
952 1111
954 1252
960 970
970 1109
970 1112
970 1141
970 1398
970 1536
970 1862
970 1901
970 1991
991 1092
991 1466
991 1576
991 1698
991 1861
991 1961
998 1403
1000 1269
1000 1287
1000 1379
1000 1659
1000 1894
1000 1910
1015 1922
1027 1034
1033 1254
1034 1278
1034 1354
1034 1413
1034 1529
1034 1530
1034 1531
1049 1683
1060 1536
1071 1252
1073 1683
1074 1354
1109 1126
1109 1252
1109 1335
1109 1614
1109 1646
1109 1762
1125 1403
1154 1536
1158 1924
1173 1924
1193 1403
1193 1447
1214 1252
1233 1244
1240 1447
1240 1683
1242 1244
1244 1625
1244 1635
1244 1684
1244 1788
1244 1899
1244 1902
1252 1253
1252 1254
1254 1462
1254 1463
1254 1471
1254 1904
1269 1275
1270 1536
1275 1525
1275 1724
1275 1731
1275 1876
1283 1861
1300 1922
1307 1727
1312 1727
1332 1350
1339 1924
1350 1351
1350 1352
1350 1353
1350 1354
1352 1727
1354 1427
1354 1447
1354 1542
1354 1702
1354 1861
1354 1922
1362 1447
1376 1904
1383 1922
1387 1536
1403 1404
1403 1405
1403 1406
1403 1407
1447 1698
1464 1683
1478 1642
1536 1629
1542 1625
1544 1625
1556 1625
1557 1642
1569 1904
1570 1669
1570 1828
1590 1642
1625 1626
1625 1627
1625 1628
1638 1642
1642 1682
1647 1727
1683 1979
1686 1727
1691 1904
1727 1806
1747 1922
1840 1924
1861 1884
1861 1893
1861 1924
1904 1945
1924 1929
