10 868
18 28
19 998
28 146
28 357
28 418
28 689
28 755
28 868
28 1053
28 1794
28 1979
30 32
32 37
32 44
32 224
32 286
32 474
32 616
32 1152
32 1237
32 1288
32 1422
32 1460
34 992
42 992
43 44
43 45
43 46
43 47
43 48
43 49
43 50
43 51
44 108
44 123
44 159
44 234
44 388
44 532
44 570
44 691
44 696
44 806
44 882
44 951
44 1089
44 1177
44 1256
44 1265
44 1572
44 1724
48 462
51 326
54 1157
62 326
66 108
69 497
75 1524
89 991
90 108
92 992
92 1496
100 108
104 326
108 156
108 312
108 391
108 545
108 609
108 885
108 1149
108 1340
108 1919
112 123
114 565
115 991
116 1524
117 864
123 303
123 913
123 999
123 1062
123 1520
123 1559
123 1560
123 1774
124 868
135 139
137 998
138 159
139 193
139 656
139 696
139 1166
139 1214
139 1262
139 1610
139 1997
141 497
142 1662
149 159
156 737
159 567
159 607
159 785
159 791
159 971
159 1134
159 1257
159 1502
159 1683
159 1804
159 1921
168 565
181 1349
181 1662
181 1908
183 326
188 497
192 1157
199 1412
206 1873
214 997
226 1496
226 1524
227 662
228 737
237 996
240 708
245 462
247 1873
254 462
260 864
267 1437
275 1191
278 998
285 992
302 696
319 993
325 737
326 497
326 662
326 770
326 832
326 1028
326 1437
326 1496
326 1500
326 1616
326 1749
326 1967
328 997
340 737
345 1554
352 662
360 1437
369 991
388 1412
396 927
402 832
408 1349
421 992
430 998
436 462
439 1554
462 627
462 673
462 1177
462 1405
462 1577
462 1663
462 1674
462 1761
470 662
471 997
476 1437
477 1157
483 1496
497 520
497 798
497 963
497 1214
497 1215
497 1227
497 1641
497 1682
497 1689
497 1703
499 1496
503 1191
527 1256
540 1524
543 1496
554 1412
560 565
561 991
565 814
565 817
565 868
565 1089
565 1317
565 1335
570 673
574 673
576 995
582 989
582 1662
605 868
608 673
608 864
611 1107
611 1412
620 927
628 868
628 991
642 1107
648 708
652 1437
655 1437
661 997
662 900
662 1069
662 1101
662 1234
662 1602
662 1638
664 665
664 666
664 667
664 668
664 669
664 670
664 671
664 672
664 673
664 674
664 675
671 1662
672 1554
673 708
673 737
673 806
673 881
673 988
673 989
673 990
673 991
673 992
673 993
673 994
673 995
673 996
673 997
673 998
673 999
693 696
696 832
696 845
696 1023
696 1157
696 1186
696 1191
696 1338
696 1554
696 1571
696 1662
696 1679
696 1865
696 1908
696 1979
697 1349
705 708
708 756
708 1026
708 1053
708 1071
708 1096
708 1630
708 1834
708 1835
714 991
717 998
737 772
737 829
737 857
737 956
737 994
737 1136
737 1408
737 1474
737 1475
776 868
787 1349
794 991
797 998
804 806
806 883
806 1107
806 1181
806 1334
806 1349
806 1408
806 1412
806 1444
806 1524
806 1565
806 1587
806 1820
806 1873
808 991
829 832
830 1349
832 927
832 994
832 1001
832 1039
832 1099
832 1446
832 1499
832 1655
832 1661
832 1729
832 1853
833 1524
864 865
864 866
864 867
864 868
864 869
864 870
864 871
864 872
868 998
868 1304
868 1702
868 1733
871 1157
877 1412
896 1908
908 1437
914 1412
921 1349
927 1538
927 1635
927 1788
940 998
962 1437
965 993
967 1662
979 1496
981 1662
989 1023
989 1103
989 1471
989 1715
989 1920
989 1954
991 1092
991 1466
991 1576
991 1698
991 1861
991 1961
992 1152
992 1171
992 1258
992 1900
992 1916
993 1334
993 1788
993 1808
993 1809
995 1123
995 1313
995 1572
995 1573
996 1201
996 1501
997 1093
997 1125
997 1751
997 1992
998 1403
998 1414
998 1523
998 1640
1001 1554
1013 1524
1036 1412
1039 1412
1051 1349
1053 1662
1061 1157
1089 1349
1101 1496
1103 1107
1107 1262
1107 1281
1107 1293
1107 1314
1107 1445
1107 1459
1107 1506
1107 1643
1107 1724
1107 1869
1119 1349
1124 1908
1132 1191
1134 1908
1155 1157
1157 1221
1157 1643
1157 1810
1181 1662
1184 1191
1187 1908
1191 1398
1191 1838
1214 1524
1256 1435
1256 1443
1256 1605
1256 1639
1256 1726
1256 1996
1257 1554
1258 1349
1258 1554
1292 1908
1318 1349
1349 1597
1349 1667
1349 1804
1352 1496
1367 1524
1407 1437
1408 1412
1412 1553
1412 1780
1412 1804
1413 1873
1437 1509
1437 1671
1437 1716
1437 1917
1440 1662
1466 1873
1495 1496
1496 1526
1499 1554
1524 1525
1554 1562
1554 1960
1656 1873
1661 1662
1729 1873
1777 1873
1873 1885
1875 1908
1876 1908
