12 568
16 1927
21 501
23 501
30 32
32 37
32 44
32 224
32 286
32 474
32 616
32 1152
32 1237
32 1288
32 1422
32 1460
41 963
43 44
43 45
43 46
43 47
43 48
43 49
43 50
43 51
44 108
44 123
44 159
44 234
44 388
44 532
44 570
44 691
44 696
44 806
44 882
44 951
44 1089
44 1177
44 1256
44 1265
44 1572
44 1724
51 326
54 1157
59 62
59 69
62 284
62 326
62 333
62 340
62 479
62 946
62 967
62 990
62 1021
62 1617
62 1783
62 1891
69 497
69 514
69 640
69 891
69 1276
82 1282
85 570
92 1496
97 973
104 326
113 1282
120 570
135 139
138 159
139 193
139 656
139 696
139 1166
139 1214
139 1262
139 1610
139 1997
141 497
149 159
159 567
159 607
159 785
159 791
159 971
159 1134
159 1257
159 1502
159 1683
159 1804
159 1921
166 973
180 978
181 1908
183 326
186 188
188 419
188 425
188 495
188 496
188 497
188 498
188 499
188 500
188 501
188 502
188 503
188 504
188 505
192 1157
209 798
226 1496
227 662
267 1437
275 1191
302 696
326 497
326 662
326 770
326 832
326 1028
326 1437
326 1496
326 1500
326 1616
326 1749
326 1967
345 1554
351 568
351 570
352 662
360 1437
402 832
422 1282
439 1554
449 963
470 662
473 973
476 1437
477 1157
482 1282
483 1496
497 520
497 798
497 963
497 1214
497 1215
497 1227
497 1641
497 1682
497 1689
497 1703
499 1496
501 767
501 769
501 1113
501 1226
501 1480
501 1655
503 1191
527 1256
543 1496
553 1927
568 616
568 651
568 962
568 1184
568 1227
568 1282
568 1638
568 1740
568 1850
568 1967
570 673
570 1171
570 1287
570 1369
570 1501
570 1785
596 973
610 973
629 1282
649 1282
652 1437
655 1437
662 900
662 1069
662 1101
662 1234
662 1602
662 1638
672 1554
693 696
696 832
696 845
696 1023
696 1157
696 1186
696 1191
696 1338
696 1554
696 1571
696 1662
696 1679
696 1865
696 1908
696 1979
701 1927
715 978
715 1927
769 798
791 798
798 948
798 1014
798 1073
798 1260
798 1394
798 1492
798 1593
801 973
813 1927
829 832
832 927
832 994
832 1001
832 1039
832 1099
832 1446
832 1499
832 1655
832 1661
832 1729
832 1853
871 1157
896 1908
908 1437
960 963
962 1437
963 978
963 1005
963 1059
963 1178
963 1282
963 1413
963 1567
963 1927
963 1992
973 1304
973 1462
973 1776
973 1927
973 1985
978 1867
979 1496
1001 1554
1061 1157
1101 1496
1124 1908
1132 1191
1134 1908
1155 1157
1157 1221
1157 1643
1157 1810
1180 1282
1184 1191
1187 1908
1191 1398
1191 1838
1211 1282
1212 1282
1224 1927
1256 1435
1256 1443
1256 1605
1256 1639
1256 1726
1256 1996
1257 1554
1258 1554
1282 1521
1282 1522
1292 1908
1352 1496
1407 1437
1437 1509
1437 1671
1437 1716
1437 1917
1487 1927
1495 1496
1496 1526
1499 1554
1554 1562
1554 1960
1638 1927
1681 1927
1775 1927
1867 1927
1875 1908
1876 1908
