7 1457
18 29
29 1156
29 1330
29 1702
29 1755
29 1945
46 546
50 1624
56 1457
59 68
68 543
68 816
68 888
68 1055
68 1076
68 1780
68 1962
70 71
71 155
71 221
71 227
71 374
71 857
71 958
71 1242
71 1784
71 1848
74 1156
89 1146
97 973
104 857
105 1475
114 166
129 1624
133 166
136 706
156 737
166 295
166 505
166 591
166 706
166 750
166 836
166 894
166 973
166 1175
166 1464
166 1516
166 1913
171 1146
187 897
191 894
198 857
202 815
206 1350
209 894
221 228
223 1350
228 290
228 737
228 1242
228 1427
228 1433
228 1446
228 1471
228 1800
265 892
267 1883
276 546
325 737
327 815
327 816
340 737
359 816
363 857
370 956
376 546
388 1350
453 706
473 973
475 892
482 1624
485 1156
490 956
493 994
495 815
517 591
517 994
528 1156
543 956
546 941
546 1133
546 1146
546 1156
546 1739
546 1754
546 1953
548 815
564 1883
569 829
580 591
591 618
591 821
591 884
591 903
591 905
591 1036
591 1276
591 1609
591 1667
591 1668
591 1669
596 973
607 1622
610 973
622 816
628 815
632 1847
636 1766
656 1350
668 829
673 737
673 994
678 1847
680 994
682 1883
701 1350
705 706
706 714
706 1184
706 1284
706 1853
712 897
728 956
728 1350
737 772
737 829
737 857
737 956
737 994
737 1136
737 1408
737 1474
737 1475
770 1457
801 973
811 1622
815 857
815 866
815 1077
816 851
816 894
816 1094
816 1209
816 1299
816 1368
816 1622
816 1658
816 1810
816 1847
817 1146
829 830
829 831
829 832
829 833
829 834
829 835
832 994
848 857
857 891
857 892
857 893
857 894
857 895
857 896
857 897
857 898
862 1146
870 897
884 1624
889 994
892 1337
892 1595
892 1786
892 1946
894 948
894 1265
894 1300
894 1350
894 1457
894 1624
894 1680
894 1702
894 1746
894 1784
897 957
897 958
897 1032
897 1130
897 1372
897 1447
897 1613
897 1887
918 1156
953 956
956 1012
956 1218
956 1320
956 1476
956 1735
956 1805
965 1475
973 1304
973 1462
973 1776
973 1927
973 1985
988 1847
994 1126
994 1139
994 1449
994 1533
994 1539
994 1540
994 1541
1029 1766
1080 1457
1099 1457
1132 1766
1145 1146
1146 1475
1146 1691
1146 1767
1146 1872
1146 1946
1155 1156
1156 1323
1156 1766
1156 1780
1175 1457
1201 1475
1229 1847
1307 1457
1332 1350
1350 1351
1350 1352
1350 1353
1350 1354
1358 1624
1376 1766
1379 1624
1382 1475
1396 1847
1457 1741
1461 1622
1471 1624
1475 1883
1475 1949
1475 1971
1559 1847
1575 1847
1620 1622
1622 1688
1622 1689
1622 1872
1622 1936
1695 1847
1730 1766
1739 1883
1766 1826
1790 1883
1812 1847
1847 1913
