2 1661
12 1690
32 44
43 44
43 50
44 108
44 123
44 159
44 234
44 388
44 532
44 570
44 691
44 696
44 806
44 882
44 951
44 1089
44 1177
44 1256
44 1265
44 1572
44 1724
48 1961
50 51
50 1032
50 1387
50 1614
50 1624
50 1689
50 1711
50 1715
51 326
59 62
62 284
62 326
62 333
62 340
62 479
62 946
62 967
62 990
62 1021
62 1617
62 1783
62 1891
66 108
69 497
82 1661
90 108
92 1496
100 108
101 1625
104 326
108 156
108 312
108 391
108 545
108 609
108 885
108 1149
108 1340
108 1919
135 139
139 193
139 656
139 696
139 1166
139 1214
139 1262
139 1610
139 1997
140 1661
141 497
176 1961
183 326
186 188
188 419
188 425
188 495
188 496
188 497
188 498
188 499
188 500
188 501
188 502
188 503
188 504
188 505
226 1496
227 662
247 388
249 1625
267 1437
275 1191
302 696
317 1625
326 497
326 662
326 770
326 832
326 1028
326 1437
326 1496
326 1500
326 1616
326 1749
326 1967
345 1554
350 388
352 662
360 1437
380 388
383 388
388 621
388 660
388 1251
388 1286
388 1350
388 1412
388 1449
388 1732
388 1896
388 1957
390 1625
396 927
402 832
439 1554
441 1625
470 662
476 1437
483 1496
493 994
495 1192
497 520
497 798
497 963
497 1214
497 1215
497 1227
497 1641
497 1682
497 1689
497 1703
499 1496
503 1191
517 994
543 1496
548 1689
569 829
605 1689
607 1622
608 1689
620 927
652 1437
655 1437
662 900
662 1069
662 1101
662 1234
662 1602
662 1638
668 829
672 1554
673 806
673 994
680 994
693 696
696 832
696 845
696 1023
696 1157
696 1186
696 1191
696 1338
696 1554
696 1571
696 1662
696 1679
696 1865
696 1908
696 1979
734 1627
737 829
737 994
743 1961
774 1289
775 1627
796 1690
804 806
806 883
806 1107
806 1181
806 1334
806 1349
806 1408
806 1412
806 1444
806 1524
806 1565
806 1587
806 1820
806 1873
811 1622
816 1622
829 830
829 831
829 832
829 833
829 834
829 835
832 927
832 994
832 1001
832 1039
832 1099
832 1446
832 1499
832 1655
832 1661
832 1729
832 1853
837 1690
844 1689
859 1661
886 1289
889 994
908 1437
927 1538
927 1635
927 1788
938 1289
951 1627
962 1437
965 1192
979 1496
991 1961
994 1126
994 1139
994 1449
994 1533
994 1539
994 1540
994 1541
1001 1554
1046 1627
1101 1496
1132 1191
1140 1192
1167 1289
1184 1191
1184 1192
1191 1398
1191 1838
1192 1263
1192 1521
1192 1627
1229 1689
1244 1625
1250 1627
1257 1554
1258 1554
1289 1335
1289 1499
1289 1627
1289 1794
1289 1961
1314 1689
1352 1496
1407 1437
1437 1509
1437 1671
1437 1716
1437 1917
1461 1622
1467 1627
1487 1661
1495 1496
1496 1526
1499 1554
1509 1627
1542 1625
1544 1625
1545 1690
1554 1562
1554 1960
1556 1625
1562 1661
1587 1661
1607 1661
1620 1622
1622 1688
1622 1689
1622 1872
1622 1936
1625 1626
1625 1627
1625 1628
1627 1687
1627 1689
1627 1895
1630 1661
1661 1662
1661 1663
1689 1690
1689 1691
1690 1707
1690 1810
1690 1891
