12 541
13 160
17 722
22 699
25 961
32 1288
57 161
66 153
77 1806
86 1049
89 623
91 313
93 1003
101 313
106 722
112 121
114 565
116 1003
120 833
121 168
121 756
121 1511
121 1917
121 1981
129 1288
132 561
133 161
133 168
145 161
149 153
149 160
153 168
153 412
153 763
153 845
153 975
153 1540
153 1636
160 313
160 416
160 491
160 541
160 623
160 874
160 878
160 885
160 1288
160 1312
160 1332
160 1333
160 1334
161 168
161 247
161 341
161 537
161 581
161 730
161 793
161 1113
161 1203
161 1400
161 1722
161 1787
163 699
168 313
168 405
168 547
168 565
168 632
168 698
168 833
168 919
168 961
168 1285
168 1653
168 1806
197 961
200 677
200 1356
211 623
211 794
214 862
219 1806
234 699
250 313
257 337
274 1640
299 313
305 623
307 561
313 1135
313 1205
313 1522
313 1548
313 1572
313 1729
313 1793
337 561
337 626
337 783
337 928
337 955
337 1014
337 1831
337 1858
353 1312
369 1049
380 833
381 1356
399 794
403 405
405 419
405 577
405 722
405 726
405 765
405 917
405 1067
405 1202
405 1208
405 1594
405 1605
441 1205
454 541
455 722
458 1806
471 623
486 491
491 863
498 862
519 1312
535 794
535 1356
536 1003
538 1640
539 540
539 541
539 542
539 543
541 562
541 669
541 699
541 756
541 965
541 1003
541 1165
541 1307
541 1339
541 1356
541 1640
547 561
551 862
560 561
560 565
561 686
561 794
561 979
561 982
561 984
561 991
561 1060
561 1148
561 1226
561 1227
561 1228
561 1229
561 1230
561 1231
565 814
565 817
565 868
565 1089
565 1317
565 1335
567 833
595 1205
598 1640
606 722
623 624
623 625
623 626
623 627
623 628
623 629
623 630
623 631
623 632
645 699
649 1806
667 699
674 1312
676 677
677 794
677 878
677 942
677 1012
677 1277
677 1426
679 862
699 794
699 1048
699 1049
699 1050
699 1051
699 1052
699 1053
702 1806
718 722
722 801
722 811
722 1057
722 1351
722 1757
722 1903
724 1205
743 833
791 794
794 862
794 991
794 1000
794 1163
794 1197
794 1465
794 1642
794 1901
794 1954
809 1049
829 833
833 887
833 1018
833 1168
833 1524
833 1681
833 1712
838 1003
838 1640
862 1016
862 1022
862 1146
862 1166
862 1220
862 1738
862 1893
884 1806
898 1312
912 1312
938 1288
960 961
961 1445
961 1842
961 1874
998 1640
1003 1136
1003 1216
1003 1261
1003 1454
1003 1818
1003 1820
1049 1471
1049 1629
1049 1683
1049 1946
1163 1806
1202 1640
1205 1357
1205 1615
1205 1823
1205 1928
1274 1312
1288 1298
1288 1489
1288 1518
1288 1593
1288 1599
1312 1398
1312 1710
1312 1727
1312 1832
1356 1435
1356 1517
1356 1803
1460 1806
1640 1776
1727 1806
1806 1888
