3 625
22 443
26 87
51 329
55 587
77 386
83 658
87 88
87 89
87 90
87 91
87 92
87 93
87 94
87 95
87 96
87 97
87 98
87 99
89 443
89 544
89 587
89 599
89 611
89 623
89 950
89 991
89 1111
89 1146
89 1177
89 1291
89 1318
89 1335
89 1363
89 1516
93 315
93 489
93 637
93 724
93 1000
93 1001
93 1002
93 1003
93 1004
93 1005
93 1006
93 1007
93 1008
93 1009
93 1010
93 1011
94 624
109 584
114 259
115 991
156 1769
160 623
166 1516
171 1146
184 433
195 921
196 443
205 386
211 623
236 1051
245 949
249 1516
252 259
259 441
259 471
259 853
259 952
259 1251
259 1523
259 1769
259 1877
263 544
266 950
267 544
275 433
276 544
280 329
286 1453
304 544
305 623
308 544
318 949
322 1577
329 744
329 980
329 1239
329 1436
329 1634
329 1769
329 1857
329 1970
334 745
343 627
344 921
344 1577
347 625
349 949
352 587
369 627
369 991
383 386
386 875
386 950
386 1150
386 1244
386 1258
386 1336
386 1978
400 745
408 433
424 433
425 625
433 617
433 920
433 950
433 1027
433 1151
433 1485
433 1571
433 1664
433 1769
433 1875
434 443
435 1275
440 1769
443 604
443 1200
443 1527
443 1795
443 1985
447 1453
457 658
462 627
462 1577
466 745
471 623
481 624
482 544
484 1769
512 949
531 587
540 1516
544 632
544 1019
544 1259
544 1740
546 1146
561 991
562 658
580 584
580 587
582 1516
583 745
584 774
584 910
584 950
584 1015
584 1016
584 1303
584 1764
587 836
587 837
587 838
587 839
587 840
587 841
623 624
623 625
623 626
623 627
623 628
623 629
623 630
623 631
623 632
624 870
624 1058
624 1083
624 1112
624 1793
625 873
625 874
625 875
625 876
627 731
627 736
627 1120
627 1121
627 1122
627 1123
627 1124
627 1125
628 991
653 658
658 921
658 1018
658 1691
669 921
673 991
699 1051
714 991
741 745
745 950
745 1221
745 1469
750 1769
771 1453
775 950
778 1769
794 991
797 921
808 991
817 950
817 1146
817 1577
828 949
852 921
862 1146
911 1577
921 1349
921 1368
921 1453
921 1502
921 1646
921 1769
949 950
949 951
949 952
950 1275
950 1397
950 1544
950 1560
950 1577
950 1664
984 1453
991 1092
991 1466
991 1576
991 1698
991 1861
991 1961
1051 1066
1051 1248
1051 1266
1051 1280
1051 1349
1051 1568
1051 1769
1051 1834
1071 1453
1099 1453
1104 1577
1111 1544
1145 1146
1146 1475
1146 1691
1146 1767
1146 1872
1146 1946
1183 1516
1212 1544
1228 1577
1269 1275
1275 1525
1275 1724
1275 1731
1275 1876
1351 1544
1417 1453
1453 1601
1453 1937
1497 1516
1514 1516
1516 1643
1543 1544
1544 1617
1544 1625
1544 1644
1544 1963
1544 1985
1562 1769
1577 1578
1577 1579
1577 1580
1592 1769
1769 1975
