1 827
10 1390
13 910
20 391
42 906
42 1876
73 827
74 1390
77 391
81 1390
92 536
93 1000
93 1003
103 1317
108 391
112 118
116 1003
118 205
118 207
118 243
118 308
118 574
118 643
118 700
118 873
118 1584
118 1929
122 700
130 465
150 1942
156 906
156 1942
161 581
164 1000
174 910
176 1317
178 181
181 517
181 555
181 1075
181 1333
181 1349
181 1449
181 1662
181 1800
181 1892
181 1908
190 1110
196 910
203 262
203 700
205 262
226 700
227 906
234 700
256 1876
257 334
261 262
262 377
262 511
262 555
262 1244
262 1504
262 1509
262 1618
267 910
274 536
286 1110
286 1390
304 1402
316 1876
334 532
334 745
334 906
334 990
334 1111
334 1443
334 1546
338 536
357 581
371 1876
383 391
391 536
391 606
391 700
391 827
391 920
391 1000
391 1402
391 1723
391 1852
391 1876
391 1880
391 1891
395 1366
400 465
407 1880
408 1366
412 725
422 465
426 1000
436 465
437 910
447 1000
448 1584
449 827
454 536
455 906
465 551
465 747
465 906
465 1600
465 1903
474 1966
487 1390
488 536
504 1966
507 827
529 1317
536 865
536 903
536 910
536 1003
536 1090
536 1209
536 1390
536 1397
536 1508
536 1671
536 1749
536 1786
536 1858
541 1003
552 555
555 605
555 725
555 773
555 877
555 880
555 906
555 1110
555 1219
555 1366
555 1494
555 1584
555 1648
555 1696
555 1758
555 1911
555 1946
555 1950
555 1966
556 1942
565 1317
576 1366
580 581
581 691
581 740
581 1110
581 1384
581 1757
583 1584
584 910
613 1090
617 1880
638 1786
645 1647
652 1880
672 725
700 1013
700 1122
700 1186
700 1257
700 1491
718 725
725 1007
725 1059
725 1368
725 1463
747 1966
754 1090
755 1966
794 1000
802 1402
826 827
827 907
827 1076
827 1605
827 1658
827 1683
838 1003
889 1402
892 1786
906 948
906 1317
906 1772
906 1945
910 1087
910 1210
910 1225
910 1234
910 1274
910 1297
910 1703
917 1584
929 1090
944 1880
952 1110
957 1090
1000 1269
1000 1287
1000 1379
1000 1659
1000 1894
1000 1910
1003 1136
1003 1216
1003 1261
1003 1454
1003 1818
1003 1820
1067 1786
1070 1647
1087 1090
1090 1425
1090 1479
1090 1565
1090 1657
1100 1317
1110 1159
1110 1226
1110 1647
1110 1711
1110 1942
1133 1647
1142 1786
1190 1647
1209 1390
1216 1317
1275 1876
1284 1880
1285 1402
1290 1966
1302 1402
1315 1942
1317 1318
1317 1319
1318 1366
1325 1584
1328 1366
1361 1876
1365 1876
1366 1508
1366 1699
1383 1966
1402 1456
1402 1773
1451 1942
1509 1880
1520 1584
1560 1584
1567 1584
1584 1860
1647 1695
1647 1727
1647 1852
1876 1892
1876 1908
1879 1880
1880 1911
1966 1970
