0 17
1 654
17 309
17 577
17 722
17 1294
17 1326
17 1784
32 1288
43 51
47 974
50 51
50 1387
51 110
51 322
51 323
51 324
51 325
51 326
51 327
51 328
51 329
59 64
64 99
64 222
64 426
64 547
64 838
64 843
64 1431
64 1540
64 1672
64 1698
64 1819
64 1929
64 1956
65 976
83 535
92 811
106 722
113 818
120 660
129 1288
143 976
145 1308
160 1288
187 1903
189 1132
197 1599
206 1350
210 1456
223 1132
223 1350
224 1903
250 1387
272 654
298 1308
324 1132
327 393
327 767
327 811
327 812
327 813
327 814
327 815
327 816
327 817
327 818
327 819
327 820
338 1114
345 1903
346 1308
352 660
358 976
377 976
388 660
388 1350
404 1351
405 722
411 1599
425 1308
431 818
438 976
450 850
455 722
465 1903
466 1114
488 535
494 1114
535 717
535 794
535 811
535 835
535 935
535 1184
535 1210
535 1355
535 1356
535 1357
547 818
549 818
550 1308
575 801
588 1114
592 1903
596 974
596 976
606 722
607 1622
613 1903
651 1387
653 654
654 818
654 1481
654 1818
656 1350
660 678
660 811
660 834
660 1100
660 1226
660 1425
660 1589
660 1617
660 1621
660 1804
660 1834
660 1867
669 1114
670 1456
690 1672
695 1132
697 1456
701 1350
714 1932
718 722
722 801
722 811
722 1057
722 1351
722 1757
722 1903
728 1350
731 1932
733 1351
735 1930
767 976
773 1903
785 1132
792 1308
797 818
801 842
801 895
801 915
801 973
801 1052
801 1363
801 1397
801 1695
811 850
811 974
811 987
811 1064
811 1069
811 1114
811 1376
811 1622
811 1913
816 1622
818 1117
818 1237
818 1672
818 1678
818 1825
818 1920
818 1932
830 1308
848 850
850 900
850 1034
852 974
894 1350
901 1351
904 1114
907 1132
908 1930
938 1288
943 1114
948 1672
950 1544
968 1456
974 1137
974 1656
974 1906
976 1512
976 1599
977 1308
984 1456
1082 1308
1085 1672
1098 1930
1111 1544
1114 1855
1132 1191
1132 1619
1132 1672
1132 1766
1166 1599
1181 1351
1207 1930
1212 1544
1219 1351
1245 1599
1288 1298
1288 1489
1288 1518
1288 1593
1288 1599
1308 1461
1308 1672
1308 1724
1308 1874
1311 1932
1332 1350
1337 1672
1350 1351
1350 1352
1350 1353
1350 1354
1351 1456
1351 1544
1351 1599
1351 1707
1351 1885
1351 1930
1358 1599
1387 1536
1387 1672
1387 1889
1387 1899
1394 1930
1402 1456
1417 1672
1441 1903
1461 1622
1474 1599
1543 1544
1544 1617
1544 1625
1544 1644
1544 1963
1544 1985
1548 1599
1580 1930
1599 1600
1620 1622
1622 1688
1622 1689
1622 1872
1622 1936
1643 1930
1672 1702
1672 1707
1672 1742
1672 1779
1672 1813
1714 1932
1740 1930
1844 1932
