7 1457
17 722
17 1784
47 974
50 1624
51 325
51 327
56 1457
59 68
68 543
68 816
68 888
68 1055
68 1076
68 1780
68 1962
71 857
71 1784
83 535
89 1516
92 811
101 1094
104 857
106 722
114 166
125 133
129 1624
131 813
133 161
133 162
133 163
133 164
133 165
133 166
133 167
133 168
136 706
156 737
166 295
166 505
166 591
166 706
166 750
166 836
166 894
166 973
166 1175
166 1464
166 1516
166 1913
187 897
187 1903
191 894
198 857
206 1350
209 894
223 1350
224 1903
228 737
240 325
249 1516
265 892
298 813
323 1784
325 652
325 737
325 743
325 1005
325 1030
325 1214
325 1215
325 1216
327 393
327 767
327 811
327 812
327 813
327 814
327 815
327 816
327 817
327 818
327 819
327 820
338 1114
340 737
345 1903
359 816
363 857
388 1350
405 722
450 850
453 706
455 722
465 1903
466 1114
475 892
482 1624
488 535
494 1114
519 1094
535 717
535 794
535 811
535 835
535 935
535 1184
535 1210
535 1355
535 1356
535 1357
540 1516
569 829
575 801
582 1516
588 1114
592 1903
596 974
606 722
613 1903
622 816
632 1847
656 1350
660 811
663 1784
668 829
669 1114
673 737
678 1847
701 1350
705 706
706 714
706 1184
706 1284
706 1853
712 897
718 722
722 801
722 811
722 1057
722 1351
722 1757
722 1903
728 1350
737 772
737 829
737 857
737 956
737 994
737 1136
737 1408
737 1474
737 1475
769 1784
770 1457
773 1903
790 813
801 842
801 895
801 915
801 973
801 1052
801 1363
801 1397
801 1695
811 850
811 974
811 987
811 1064
811 1069
811 1114
811 1376
811 1622
811 1913
813 1479
813 1927
815 857
816 851
816 894
816 1094
816 1209
816 1299
816 1368
816 1622
816 1658
816 1810
816 1847
829 830
829 831
829 832
829 833
829 834
829 835
846 1784
848 850
848 857
850 900
850 1034
852 974
857 891
857 892
857 893
857 894
857 895
857 896
857 897
857 898
870 897
884 1624
892 1337
892 1595
892 1786
892 1946
894 948
894 1265
894 1300
894 1350
894 1457
894 1624
894 1680
894 1702
894 1746
894 1784
897 957
897 958
897 1032
897 1130
897 1372
897 1447
897 1613
897 1887
904 1114
943 1114
974 1137
974 1656
974 1906
988 1847
1020 1094
1080 1457
1092 1094
1094 1208
1094 1515
1099 1457
1114 1855
1175 1457
1183 1516
1229 1847
1307 1457
1332 1350
1350 1351
1350 1352
1350 1353
1350 1354
1358 1624
1379 1624
1396 1847
1441 1903
1457 1741
1471 1624
1497 1516
1514 1516
1516 1643
1559 1847
1575 1847
1695 1847
1725 1784
1744 1784
1784 1910
1784 1981
1812 1847
1847 1913
