7 1432
16 145
17 1784
21 501
22 144
23 501
27 834
57 161
63 537
66 153
71 1784
72 1519
93 1000
99 464
116 270
133 161
141 144
144 145
144 146
144 147
144 148
145 161
145 171
145 291
145 717
145 730
145 903
145 915
145 1303
145 1308
145 1420
145 1432
145 1519
145 1895
149 153
153 168
153 412
153 763
153 845
153 975
153 1540
153 1636
157 171
161 168
161 247
161 341
161 537
161 581
161 730
161 793
161 1113
161 1203
161 1400
161 1722
161 1787
164 1000
165 537
169 171
171 182
171 1079
171 1146
171 1346
171 1361
171 1508
182 457
182 1400
184 1910
188 501
213 1253
222 331
227 457
237 331
251 1668
257 331
268 270
270 312
270 523
270 529
270 572
270 1087
270 1113
270 1506
270 1668
270 1905
272 1357
286 1253
300 537
301 1357
318 1432
323 1784
331 490
331 741
331 1283
331 1400
331 1526
331 1527
331 1528
354 457
360 537
362 731
391 1000
393 1519
395 834
403 412
406 1910
412 725
412 1063
412 1113
412 1184
412 1189
412 1220
412 1340
412 1428
412 1454
412 1610
412 1839
419 1420
426 1000
430 731
432 1078
434 446
436 464
437 834
446 516
446 566
446 705
446 717
446 828
446 891
446 969
446 1400
446 1448
447 1000
451 1519
456 457
457 547
457 569
457 658
457 1149
457 1216
457 1415
457 1643
457 1910
464 934
464 1008
464 1068
464 1400
464 1424
464 1545
464 1551
464 1725
464 1905
464 1906
473 1081
488 537
499 1078
501 767
501 769
501 1113
501 1226
501 1480
501 1655
503 1432
521 537
532 1113
535 1357
537 1204
537 1340
537 1609
537 1964
548 1081
577 1420
586 731
591 1668
593 1432
601 867
602 1400
627 731
646 867
647 1400
648 731
660 834
663 1784
669 1113
702 1357
727 731
731 957
731 969
731 1717
731 1910
731 1932
731 1996
758 1113
769 1784
794 1000
799 1081
829 834
834 948
834 1087
834 1342
834 1397
834 1398
834 1399
834 1400
841 1400
846 1784
851 1668
864 867
867 957
867 1400
867 1665
867 1691
867 1813
884 1432
893 1357
894 1784
903 1113
1000 1269
1000 1287
1000 1379
1000 1659
1000 1894
1000 1910
1013 1910
1018 1113
1020 1078
1023 1113
1023 1253
1041 1910
1052 1668
1055 1668
1074 1253
1078 1079
1078 1080
1078 1081
1078 1082
1078 1083
1081 1128
1081 1488
1081 1910
1113 1137
1113 1253
1113 1357
1113 1604
1113 1641
1113 1855
1205 1357
1252 1253
1253 1466
1253 1470
1253 1792
1253 1996
1266 1519
1268 1432
1372 1910
1400 1620
1400 1910
1400 1939
1420 1421
1432 1433
1432 1434
1432 1435
1432 1436
1514 1519
1519 1528
1519 1552
1519 1820
1605 1668
1641 1668
1668 1964
1682 1910
1725 1784
1744 1784
1784 1910
1784 1981
