0 2
1 243
1 1176
2 197
2 212
2 385
2 1006
2 1073
2 1361
2 1450
2 1661
2 1697
2 1984
3 625
3 800
3 1259
4 1251
4 1526
4 1919
5 789
5 1423
6 1533
6 1602
6 1845
7 238
7 1457
7 1753
7 1928
8 21
8 1431
10 1704
10 1933
11 789
12 541
12 1690
13 160
13 330
13 600
13 1353
13 1619
14 398
15 1385
16 199
16 1578
16 1927
17 722
17 1784
18 21
18 25
18 27
18 28
18 29
19 730
19 1083
20 421
20 1480
21 180
21 312
21 454
21 501
21 1032
21 1147
21 1154
21 1316
21 1322
22 144
22 378
22 443
22 510
22 699
22 1767
23 501
24 125
24 1428
25 99
25 419
25 634
25 655
25 697
25 804
25 939
25 961
25 1129
25 1174
25 1585
25 1976
26 87
26 1753
26 1825
27 221
27 305
27 416
27 834
27 1143
27 1436
27 1820
28 146
28 357
28 418
28 689
28 755
28 868
28 1053
28 1794
28 1979
29 1156
29 1330
29 1702
29 1755
29 1945
30 31
30 32
30 33
30 34
31 999
31 1666
32 37
32 1288
32 1460
33 315
33 530
33 895
33 1035
33 1119
33 1229
33 1396
33 1530
34 992
34 1928
35 37
35 38
37 424
37 960
37 1354
37 1396
37 1582
37 1812
38 384
38 619
38 679
38 865
38 1020
39 138
39 282
41 1262
42 992
42 1492
43 49
43 51
44 108
44 388
44 1089
44 1256
45 612
45 1700
46 546
46 697
47 496
47 580
48 1518
49 157
49 364
49 431
49 470
49 849
49 1059
49 1306
49 1515
49 1530
50 51
50 1387
50 1689
51 110
51 322
51 323
51 324
51 325
51 326
51 327
51 328
51 329
53 229
53 1552
54 784
54 1004
54 1086
55 587
55 697
56 1354
56 1457
57 161
57 678
57 1826
58 186
58 1272
58 1315
58 1525
58 1902
59 61
60 127
61 225
61 307
61 484
61 486
61 642
61 1116
61 1973
62 284
62 326
64 843
64 1431
64 1698
64 1929
65 458
65 1846
65 1921
66 108
66 153
66 1004
66 1428
66 1552
67 268
67 730
67 774
67 1476
69 497
69 1276
70 72
71 374
71 857
71 958
71 1242
71 1784
71 1848
72 347
72 396
72 586
72 600
72 877
72 953
72 1383
72 1519
72 1685
72 1705
72 1911
72 1913
73 1785
74 1156
76 1797
77 127
77 1481
77 1559
77 1790
80 934
80 1250
80 1861
81 678
81 795
81 1154
81 1695
81 1877
82 1552
82 1661
83 398
83 535
83 658
83 1127
83 1160
83 1897
84 934
84 1315
84 1354
84 1367
84 1768
85 1262
86 1049
86 1578
87 88
87 89
87 90
87 91
87 92
87 93
87 94
87 95
87 96
87 97
87 98
87 99
89 443
89 587
89 623
89 991
89 1146
89 1516
90 108
90 427
90 1281
91 313
92 536
92 992
92 1311
92 1496
92 1526
93 1000
93 1003
93 1004
93 1006
93 1011
94 624
94 1829
95 713
96 749
97 685
97 973
97 1129
97 1270
97 1764
97 1946
98 264
98 861
98 889
99 464
99 580
99 1576
100 108
101 313
101 1109
101 1625
101 1634
101 1846
102 571
102 1280
103 421
103 1317
104 326
104 857
105 774
105 1543
105 1613
106 407
106 722
106 795
106 861
106 1829
106 1926
107 450
107 451
108 156
108 312
108 391
108 545
108 609
108 885
108 1149
108 1340
108 1919
109 584
109 954
109 1767
110 1026
111 569
112 115
112 120
113 1250
114 166
114 565
114 1122
115 117
115 298
115 300
115 571
115 675
115 790
115 991
115 1061
115 1377
115 1438
115 1439
116 1003
116 1355
118 243
118 700
118 1929
119 377
119 1355
119 1915
119 1920
120 439
120 470
120 570
120 630
120 660
120 833
120 936
120 1087
120 1235
120 1313
122 700
122 1700
123 999
123 1559
124 1915
125 126
125 127
125 128
125 129
125 130
125 131
125 132
125 133
125 134
126 1804
127 148
127 318
127 479
127 516
127 562
127 750
127 916
127 1225
127 1249
127 1426
127 1427
127 1451
127 1614
127 1652
127 1745
127 1799
128 469
129 1160
129 1288
130 465
131 389
131 813
131 1121
132 843
133 161
133 163
133 166
134 1846
135 138
135 139
135 140
135 141
136 368
136 427
136 706
137 979
137 1227
137 1250
137 1459
137 1925
138 159
138 174
138 1198
138 1449
138 1590
138 1655
139 193
139 656
139 696
139 1166
139 1214
139 1262
139 1610
139 1997
140 222
140 445
140 667
140 746
140 791
140 971
140 1278
140 1460
140 1661
140 1862
141 144
141 219
141 332
141 497
141 922
141 951
141 988
141 1172
141 1431
141 1710
142 902
142 1004
142 1576
143 471
143 1428
143 1695
144 145
144 146
144 147
144 148
145 161
145 171
145 730
146 1615
147 1409
148 241
148 1877
149 152
149 153
149 157
149 160
150 1999
151 264
151 439
152 158
152 893
152 1095
152 1133
152 1258
152 1597
152 1616
152 1775
152 1948
153 168
153 412
153 763
153 845
153 975
153 1540
153 1636
154 1176
154 1533
155 1588
156 737
156 1543
156 1552
157 171
157 479
157 918
157 1030
157 1045
157 1149
157 1162
157 1715
157 1776
158 1826
159 1804
159 1921
160 313
160 416
160 491
160 541
160 623
160 874
160 878
160 885
160 1288
160 1312
160 1332
160 1333
160 1334
161 168
161 247
161 341
161 537
161 581
161 730
161 793
161 1113
161 1203
161 1400
161 1722
161 1787
163 192
163 476
163 575
163 699
163 885
163 924
163 1697
163 1739
163 1849
163 1944
163 1981
164 471
164 1000
165 1993
166 295
166 505
166 591
166 706
166 750
166 836
166 894
166 973
166 1175
166 1464
166 1516
166 1913
168 313
168 565
168 833
169 170
169 171
169 172
169 173
169 174
169 175
169 176
169 177
171 182
171 1079
171 1146
171 1346
171 1361
171 1508
173 736
173 1167
173 1709
173 1745
176 843
176 1317
178 179
178 180
178 181
178 182
178 183
178 184
178 185
179 384
179 556
179 1838
180 407
180 979
180 981
181 1349
181 1449
182 357
182 457
182 954
182 1709
183 326
183 1122
183 1259
184 1910
185 266
185 346
185 363
185 712
185 852
185 1439
185 1531
185 1641
185 1836
186 187
186 188
186 189
186 190
186 191
186 192
186 193
187 897
187 1100
187 1903
187 1937
188 419
188 425
188 495
188 496
188 497
188 498
188 499
188 500
188 501
188 502
188 503
188 504
188 505
189 348
189 1132
190 789
190 843
190 1108
191 842
191 908
191 942
191 1100
191 1102
192 1799
194 199
195 924
196 443
197 367
197 560
198 604
198 857
199 775
199 966
199 1249
199 1412
199 1920
199 1921
200 359
200 1615
200 1621
201 557
202 815
203 262
203 700
203 789
205 262
205 618
206 1189
206 1873
208 247
208 1188
209 288
209 451
209 798
209 824
210 266
210 730
210 1449
210 1456
210 1861
211 288
211 623
211 794
212 1529
213 1253
214 862
215 243
217 1602
218 348
218 1925
218 1959
219 523
219 713
220 421
221 229
221 231
221 232
222 331
223 727
223 1132
224 1903
225 588
225 795
226 700
226 1119
226 1431
226 1496
227 457
227 662
227 1383
227 1533
227 1619
227 1768
228 737
228 1242
229 294
229 410
229 1021
229 1196
229 1639
229 1929
230 1109
231 567
231 797
231 919
231 931
232 752
232 944
232 1065
232 1068
232 1268
233 235
233 238
233 241
233 242
233 243
234 699
234 700
234 701
235 441
235 640
235 748
235 752
235 1071
235 1108
235 1508
235 1552
235 1567
235 1657
235 1680
235 1691
235 1709
237 284
237 331
238 290
238 528
238 715
238 776
238 1045
238 1098
238 1746
238 1826
238 1916
240 1410
241 407
241 472
241 732
241 763
241 877
241 878
241 879
241 880
242 713
242 751
242 777
242 849
242 1220
242 1595
242 1667
243 644
243 1077
243 1089
243 1343
243 1651
244 739
244 1528
244 1768
245 934
245 949
245 1431
245 1642
246 247
246 248
246 249
246 250
246 251
247 274
247 285
247 388
247 399
247 666
247 982
247 1183
247 1222
247 1370
247 1540
247 1611
247 1635
247 1691
247 1737
247 1819
247 1872
247 1873
247 1920
247 1996
248 1359
249 1516
249 1526
249 1625
250 313
250 1387
251 621
251 1518
251 1668
252 253
252 254
252 255
252 256
252 257
252 258
252 259
252 260
254 456
254 462
254 665
254 795
254 817
254 828
254 849
254 1285
254 1298
254 1824
254 1874
255 934
255 954
256 612
256 1791
257 330
257 331
257 337
258 588
258 981
258 1613
259 471
259 1251
259 1877
261 262
261 263
261 264
261 266
262 377
262 511
262 555
262 1244
262 1504
262 1509
262 1618
263 460
263 486
263 544
263 1294
263 1306
263 1793
263 1923
264 489
264 781
264 1238
264 1407
264 1606
265 892
266 315
266 360
266 430
266 515
266 566
266 950
266 1173
266 1448
266 1506
266 1907
267 1119
267 1242
267 1437
267 1850
267 1883
268 269
268 270
268 271
268 272
268 273
268 274
268 275
268 276
269 663
269 1025
269 1142
269 1219
269 1238
269 1251
269 1345
269 1838
269 1959
270 523
270 1668
271 1768
272 413
272 1262
272 1357
273 398
273 975
274 379
274 536
274 1640
275 1669
276 546
276 550
277 282
282 596
282 901
282 1441
282 1596
282 1799
282 1831
283 378
284 285
284 286
284 287
284 288
284 289
284 290
284 291
284 292
285 975
285 992
285 1355
286 1253
286 1315
286 1453
287 1190
287 1576
287 1609
288 395
288 484
288 670
288 776
288 839
288 983
288 1059
288 1159
288 1168
288 1203
288 1260
288 1272
289 979
290 749
290 944
290 1799
291 1383
292 738
292 1102
292 1745
294 413
294 580
295 1741
296 604
296 612
297 697
297 1406
298 813
298 1897
299 313
301 749
301 1357
301 1531
301 1869
301 1874
303 358
303 1280
304 1460
304 1787
304 1791
305 623
305 860
306 1385
307 1252
308 389
309 523
309 1276
310 1480
312 1531
312 1709
313 1135
313 1205
313 1522
313 1548
313 1572
313 1729
313 1793
314 317
314 318
315 1478
315 1529
315 1704
316 377
316 1123
316 1933
317 375
317 453
317 516
317 543
317 883
317 1396
317 1511
317 1625
317 1733
317 1768
318 493
318 678
318 682
318 846
318 949
318 1077
318 1111
318 1432
318 1683
318 1870
319 993
319 1367
319 1597
320 359
320 697
320 1528
321 1116
322 1577
322 1958
323 1784
324 1132
325 737
326 497
326 662
326 770
326 832
326 1028
326 1437
326 1496
326 1500
326 1616
326 1749
326 1967
327 813
327 815
328 1602
328 1753
329 1239
329 1634
330 472
330 632
330 812
330 899
330 1088
330 1234
330 1526
330 1785
330 1854
331 490
331 741
331 1283
331 1400
331 1526
331 1527
331 1528
332 458
332 736
334 745
335 534
336 727
336 1619
336 1848
336 1874
337 561
337 626
337 783
337 928
337 955
337 1014
337 1831
337 1858
338 536
338 1114
338 1129
339 1108
339 1245
340 736
340 737
340 738
340 739
340 740
342 348
342 354
343 928
343 1121
344 374
344 954
344 1378
344 1577
345 1554
345 1869
345 1903
347 510
347 625
348 707
348 1130
348 1161
348 1391
348 1483
348 1495
349 949
350 388
350 776
351 569
352 587
352 662
354 406
354 457
354 472
354 1039
354 1091
354 1099
354 1121
354 1208
354 1352
354 1849
354 1948
355 357
355 358
355 359
356 1770
357 369
357 581
357 603
357 604
357 665
357 1149
357 1163
357 1248
357 1425
357 1716
358 510
358 665
358 976
358 1074
358 1250
358 1339
358 1725
358 1839
358 1892
359 510
359 513
359 816
359 872
359 1537
359 1762
360 469
360 1354
360 1437
360 1727
361 678
362 1597
363 857
363 1116
363 1846
365 367
365 368
365 370
365 374
366 626
366 1423
367 427
367 547
367 1160
367 1185
367 1409
367 1503
367 1600
367 1645
367 1792
367 1832
368 479
368 543
368 605
368 954
368 1467
368 1484
368 1608
368 1765
368 1837
369 991
369 1049
370 714
370 956
370 1725
370 1935
370 1979
371 1615
371 1709
372 618
372 1559
372 1745
374 797
374 1153
374 1181
374 1209
374 1295
374 1455
374 1611
374 1634
374 1765
375 377
375 378
375 379
375 381
376 546
376 1006
377 532
377 976
377 1134
377 1148
377 1161
377 1166
377 1185
377 1728
378 1315
378 1721
379 905
379 1059
379 1394
379 1442
379 1578
380 388
380 833
381 672
381 911
381 1313
381 1356
381 1401
381 1423
381 1638
383 384
383 388
383 389
384 474
384 616
384 808
384 915
384 1017
384 1041
384 1178
384 1183
384 1339
384 1423
384 1700
384 1751
384 1825
384 1920
384 1972
385 556
385 889
385 1613
387 830
388 621
388 660
388 1251
388 1286
388 1350
388 1412
388 1449
388 1732
388 1896
388 1957
389 884
389 898
389 1100
389 1117
389 1776
389 1845
390 1362
390 1625
391 536
391 700
391 1000
391 1880
392 395
392 398
393 1804
394 962
394 1543
394 1999
395 503
395 530
395 617
395 786
395 834
395 1330
395 1365
395 1366
395 1367
395 1368
395 1369
396 927
396 928
396 931
397 1902
398 543
398 656
398 951
398 1057
398 1223
398 1296
398 1363
398 1398
398 1588
399 496
399 794
399 1239
399 1730
400 465
400 745
400 1167
401 459
401 1154
402 832
402 1315
402 1825
403 407
403 412
403 413
404 736
405 722
406 1910
407 733
407 744
407 1414
407 1447
407 1487
407 1648
407 1880
407 1958
408 589
408 776
408 1160
408 1349
408 1366
408 1428
408 1669
410 651
411 1034
412 725
412 1063
412 1113
412 1184
412 1189
412 1220
412 1340
412 1428
412 1454
412 1610
412 1839
413 460
413 723
413 1117
413 1209
413 1407
413 1673
414 415
414 416
414 417
414 418
414 419
414 420
414 421
414 422
414 423
415 1262
416 510
417 496
417 594
418 942
418 1006
418 1276
418 1869
419 559
419 1773
420 540
420 821
420 1135
420 1572
421 496
421 564
421 668
421 839
421 992
421 1005
421 1122
421 1130
421 1315
421 1513
421 1553
421 1829
422 465
423 788
423 1459
423 1745
423 1869
424 427
424 428
425 427
425 625
426 1000
426 1767
427 472
427 866
427 1004
427 1104
427 1393
427 1443
427 1854
427 1916
428 789
428 814
428 819
428 1023
428 1042
428 1172
428 1489
428 1619
428 1679
428 1805
428 1969
429 1449
430 1296
430 1480
430 1481
431 972
432 588
432 1406
432 1588
434 439
434 443
435 889
435 1275
435 1354
436 464
436 465
437 834
437 1902
438 471
439 657
439 812
439 940
439 1167
439 1417
439 1466
439 1525
439 1554
439 1741
439 1774
440 1127
440 1845
441 1625
441 1974
442 469
442 1385
443 604
443 1200
443 1527
443 1795
443 1985
447 1000
447 1453
447 1710
448 458
448 1034
448 1158
449 800
450 583
450 618
450 790
450 850
450 901
450 984
450 1097
451 459
451 679
451 781
451 1519
451 1643
451 1721
452 556
452 940
453 706
453 1827
454 536
454 541
454 936
454 1089
454 1692
455 722
455 902
455 908
456 457
456 458
456 459
456 460
457 547
457 569
457 658
457 1149
457 1216
457 1415
457 1643
457 1910
458 510
458 543
458 1093
458 1477
458 1586
458 1806
458 1807
459 859
459 909
459 984
459 1112
459 1250
459 1394
459 1833
459 1849
460 598
460 613
460 776
460 800
460 1065
460 1105
460 1159
460 1338
460 1383
460 1565
462 1577
462 1663
464 934
464 1008
464 1068
464 1400
464 1424
464 1545
464 1551
464 1725
464 1905
464 1906
465 551
465 747
465 906
465 1600
465 1903
466 745
466 1114
467 469
467 471
468 1385
468 1526
468 1663
469 494
469 576
469 837
469 1260
469 1265
469 1363
469 1411
469 1513
469 1637
469 1673
470 662
470 1089
470 1518
470 1807
471 511
471 623
471 997
471 1024
471 1025
471 1026
472 1559
472 1613
473 569
473 973
473 1081
474 1966
475 892
475 1974
476 1127
476 1437
477 1026
478 931
478 1558
479 557
479 954
479 1089
479 1239
479 1606
479 1785
481 624
483 1428
483 1496
483 1728
484 1741
484 1768
484 1770
485 1156
485 1678
486 487
486 491
487 972
487 1023
487 1039
487 1125
487 1149
487 1390
487 1455
487 1527
487 1598
487 1699
487 1843
488 534
488 535
488 536
489 1675
490 889
490 956
491 863
493 994
493 1619
494 1114
494 1272
494 1525
494 1958
495 815
495 1192
495 1528
496 702
496 1066
496 1088
496 1181
496 1376
496 1729
497 520
497 798
497 963
497 1214
497 1215
497 1227
497 1641
497 1682
497 1689
497 1703
498 860
498 861
498 862
499 1496
500 1044
500 1066
500 1111
500 1375
500 1380
500 1448
500 1812
501 767
501 769
501 1113
501 1226
501 1480
501 1655
502 924
502 1553
503 789
503 1704
504 1189
504 1367
504 1966
505 1558
506 510
507 1999
508 954
509 1478
509 1552
510 557
510 655
510 738
510 771
511 842
511 942
511 1154
511 1669
512 949
512 1102
515 1108
516 520
517 591
517 994
518 618
518 738
519 860
520 529
520 698
520 719
520 763
520 946
520 947
520 948
521 1492
521 1803
522 523
522 527
523 698
523 1008
523 1121
523 1296
523 1462
523 1907
523 1926
525 1770
526 934
527 971
527 1028
527 1195
527 1255
527 1256
527 1257
527 1258
527 1259
527 1260
527 1261
528 1156
528 1385
529 559
529 1317
530 556
530 1615
531 587
531 600
532 860
532 1260
533 1119
533 1460
534 886
534 1501
534 1578
534 1740
534 1864
535 717
535 794
535 811
535 835
535 935
535 1184
535 1210
535 1355
535 1356
535 1357
536 865
536 903
536 910
536 1003
536 1090
536 1209
536 1390
536 1397
536 1508
536 1671
536 1749
536 1786
536 1858
537 1609
538 1161
538 1242
538 1640
539 540
539 541
539 542
539 543
540 958
540 1190
540 1516
541 562
541 669
541 699
541 756
541 965
541 1003
541 1165
541 1307
541 1339
541 1356
541 1640
543 956
543 1354
543 1410
543 1496
543 1558
544 1259
545 1695
546 941
546 1133
546 1146
546 1156
546 1739
546 1754
546 1953
547 569
547 1311
548 815
548 1034
548 1081
548 1689
549 788
550 729
550 738
550 941
550 1037
550 1187
550 1308
550 1683
550 1712
550 1780
550 1977
551 862
551 936
551 1166
551 1613
552 556
552 557
552 559
553 1260
553 1588
553 1741
553 1803
553 1927
555 725
555 1366
555 1966
556 883
556 923
556 1299
556 1369
556 1439
556 1692
556 1741
556 1877
556 1942
557 644
557 646
557 670
557 1396
557 1468
557 1897
558 784
558 830
559 671
559 1061
559 1316
559 1385
559 1458
559 1470
559 1580
559 1911
560 561
560 562
560 563
560 564
560 565
560 566
561 794
561 979
561 991
561 1227
562 658
562 830
562 1160
562 1920
564 626
564 889
564 1102
564 1883
565 814
565 817
565 868
565 1089
565 1317
565 1335
566 1252
567 833
567 1102
568 651
568 962
568 1227
568 1850
569 829
569 884
569 938
569 1112
569 1131
569 1221
569 1394
569 1547
569 1549
570 1287
570 1785
571 572
571 573
571 574
571 575
571 576
571 577
571 578
571 579
572 651
573 651
574 1602
574 1606
575 800
575 801
576 995
576 1366
577 1920
578 1272
579 749
579 795
579 1602
580 581
580 582
580 583
580 584
580 585
580 586
580 587
580 588
580 589
580 590
580 591
580 592
580 593
581 740
582 924
582 989
582 1516
583 745
583 1576
583 1787
584 774
584 910
584 950
584 1015
584 1016
584 1303
584 1764
586 1315
587 836
587 837
587 838
587 839
587 840
587 841
588 935
588 1114
588 1294
588 1426
588 1561
588 1887
588 1974
588 1975
588 1999
589 1085
589 1337
589 1483
590 902
590 1669
591 618
591 821
591 884
591 903
591 905
591 1036
591 1276
591 1609
591 1667
591 1668
591 1669
592 1383
592 1634
592 1903
593 742
593 836
593 1101
593 1152
593 1181
593 1417
593 1424
593 1432
593 1485
593 1601
593 1773
594 595
594 596
594 597
594 598
594 599
594 600
594 601
594 602
594 603
595 1125
595 1773
596 600
596 788
596 972
596 973
596 975
597 1619
597 1874
598 1640
598 1730
599 1154
599 1829
600 634
600 671
600 789
600 1555
600 1749
604 638
604 1176
604 1236
604 1470
604 1853
604 1911
604 1914
604 1920
605 1689
606 722
606 1259
606 1951
607 713
607 1622
608 972
608 1011
608 1689
610 973
610 981
611 789
611 1107
611 1663
612 642
612 886
612 1115
612 1123
612 1505
612 1783
613 1090
613 1710
613 1903
615 1576
616 618
616 621
617 1880
618 1085
618 1116
618 1247
618 1445
618 1703
618 1730
618 1745
618 1746
618 1810
619 741
619 843
619 1861
620 651
620 927
620 1406
621 1042
621 1380
621 1716
621 1717
621 1718
621 1719
622 1281
622 1531
623 624
623 625
623 626
623 627
623 628
623 629
623 630
623 631
623 632
624 870
624 1058
624 1083
624 1112
624 1793
625 873
625 874
625 875
625 876
626 709
626 1562
626 1890
627 736
627 1121
627 1122
627 1123
627 1125
628 815
628 991
629 1634
629 1663
630 1700
631 1247
632 808
632 958
633 1011
633 1588
634 1615
634 1634
634 1974
635 1315
636 958
637 940
637 1733
638 1109
638 1423
640 776
640 931
641 1188
642 944
642 1083
642 1107
643 651
644 1741
645 699
645 999
645 1161
646 1615
648 1252
648 1704
648 1974
650 1449
651 1199
651 1376
651 1387
651 1623
651 1719
651 1790
651 1791
651 1792
652 958
652 1354
652 1437
652 1880
653 658
654 1481
655 774
655 788
655 931
655 1437
658 921
658 1018
658 1691
659 1315
659 1492
660 678
660 834
660 1100
660 1621
660 1804
661 1274
662 900
662 1069
662 1101
662 1234
662 1602
662 1638
663 1784
664 665
664 666
664 667
664 668
664 669
664 670
664 671
664 672
664 673
664 674
664 675
666 1431
666 1692
667 699
667 1861
667 1928
668 829
668 917
668 925
668 1705
668 1743
668 1814
668 1864
668 1868
669 1086
669 1114
670 741
670 1259
670 1456
670 1929
672 725
672 795
672 1123
672 1176
672 1354
672 1554
673 737
673 989
673 991
673 992
673 993
673 994
673 995
673 999
675 1745
675 1921
676 678
677 794
677 942
678 760
678 1063
678 1675
678 1847
679 862
680 994
680 1176
680 1472
680 1634
682 1883
683 936
684 1004
684 1937
686 1478
688 1861
688 1902
689 824
690 1100
690 1281
690 1558
690 1741
692 1848
693 697
694 944
694 1260
695 1132
696 832
696 1554
697 785
697 1349
697 1456
699 794
699 1048
699 1049
699 1050
699 1051
699 1052
699 1053
700 1013
700 1122
700 1186
700 1257
700 1491
701 968
701 985
701 1060
701 1320
701 1350
701 1379
701 1927
702 808
702 1357
704 1086
704 1642
705 706
705 713
706 714
706 1184
706 1284
706 1853
707 1613
707 1642
708 1026
709 789
709 1260
709 1525
709 1529
710 908
710 1480
712 897
712 1190
713 754
713 775
713 1258
713 1416
713 1417
713 1418
713 1419
714 991
714 1920
714 1932
715 1378
715 1588
715 1613
715 1927
718 722
718 723
718 725
719 1287
720 1119
720 1609
721 942
721 1558
721 1559
722 801
722 811
722 1057
722 1351
722 1757
722 1903
723 772
723 790
723 923
723 1447
723 1940
725 1007
725 1059
725 1368
725 1463
726 1539
727 728
727 729
727 730
727 731
727 732
727 733
728 956
728 962
728 1476
728 1477
728 1478
729 1925
730 884
730 917
730 972
730 1443
730 1569
730 1750
730 1758
731 1910
731 1932
732 1597
733 1753
734 1627
734 1678
735 1621
735 1930
735 1933
736 742
736 971
736 1086
736 1133
736 1134
736 1135
736 1136
736 1137
737 772
737 829
737 857
737 956
737 994
737 1136
737 1408
737 1474
737 1475
738 932
738 1018
738 1087
738 1441
738 1919
739 951
739 1246
739 1333
739 1422
739 1423
739 1424
739 1425
740 908
740 1087
740 1388
740 1418
740 1907
741 742
741 743
741 744
741 745
741 746
741 747
741 748
742 1642
742 1799
743 833
744 1877
745 950
745 1221
745 1469
747 784
747 861
747 1966
748 1804
749 750
749 751
749 752
749 753
749 754
749 755
749 756
750 1621
751 1014
751 1249
751 1636
751 1709
751 1710
751 1711
751 1712
752 776
752 1666
752 1730
754 1090
755 1966
756 861
760 1472
762 1431
762 1578
765 1770
767 1449
767 1578
767 1613
768 1280
768 1874
769 798
769 1784
770 1457
770 1808
771 1453
771 1921
772 774
772 776
773 1903
774 785
774 855
774 1023
774 1115
774 1289
774 1425
774 1775
774 1906
774 1938
775 1627
776 868
776 1005
776 1353
776 1379
776 1428
776 1905
776 1937
777 1477
778 1449
778 1492
778 1675
780 1526
780 1700
781 784
784 935
784 1160
784 1203
784 1907
784 1939
785 1132
786 788
787 979
787 1349
787 1367
788 790
788 1005
788 1242
788 1953
789 790
790 813
790 1026
791 794
791 795
791 798
793 1276
794 862
794 991
794 1000
794 1163
794 1197
794 1465
794 1642
794 1901
794 1954
795 905
795 1116
795 1586
795 1789
795 1792
796 824
796 1690
796 1850
798 948
798 1014
798 1073
798 1260
798 1394
798 1492
798 1593
799 1081
800 855
800 1038
800 1077
800 1570
801 842
801 895
801 915
801 973
801 1052
801 1363
801 1397
801 1695
802 944
802 1845
803 1472
804 808
805 1808
806 1107
806 1349
806 1873
808 969
808 991
808 1052
808 1579
808 1813
808 1853
808 1915
808 1928
808 1940
809 1049
809 1280
810 1274
810 1999
811 1114
811 1622
813 1479
813 1927
814 1272
815 857
815 866
815 1077
816 1622
817 1146
817 1383
817 1577
817 1804
818 1678
818 1825
818 1920
818 1932
819 1492
820 1296
821 1848
822 1006
822 1251
822 1274
824 1044
824 1403
824 1449
824 1580
824 1686
824 1687
824 1688
825 1634
828 949
828 972
829 830
829 832
829 833
829 834
829 835
830 982
830 1308
830 1348
830 1349
832 927
832 994
832 1001
832 1039
832 1099
832 1446
832 1499
832 1655
832 1661
832 1729
832 1853
833 887
833 1018
833 1168
833 1524
833 1681
833 1712
834 948
834 1087
834 1342
834 1397
834 1398
834 1399
834 1400
835 948
835 1118
835 1199
835 1517
835 1945
836 972
836 1753
837 1251
837 1431
837 1690
837 1799
838 1003
838 1640
842 843
842 844
842 845
842 846
842 847
843 987
843 1641
843 1817
844 1576
844 1689
845 1260
846 1609
846 1784
847 1354
848 857
850 1034
851 1254
851 1668
852 954
852 1109
853 975
853 1119
853 1797
855 1272
857 891
857 892
857 893
857 894
857 895
857 896
857 897
857 898
858 902
858 1920
859 1661
860 1185
860 1367
860 1722
861 1037
861 1635
861 1685
861 1919
861 1946
862 1016
862 1022
862 1146
862 1166
862 1220
862 1738
862 1893
865 958
865 1011
865 1767
865 1791
866 1642
866 1974
868 1733
869 1409
870 897
870 1825
872 1123
873 1166
875 889
875 1826
875 1925
879 1248
879 1476
880 1127
881 889
884 962
885 1804
885 1958
889 994
889 1401
889 1402
890 1242
890 1767
890 1807
891 1242
892 1337
892 1595
892 1786
892 1946
893 1357
894 1457
894 1784
895 1080
897 957
897 958
897 1032
897 1130
897 1372
897 1447
897 1613
897 1887
898 1245
898 1669
899 1789
902 1174
902 1218
902 1695
903 1959
904 1114
904 1797
906 1317
907 1132
908 1011
908 1433
908 1437
908 1570
908 1703
908 1930
909 1355
909 1431
910 1274
911 1577
911 1727
911 1728
911 1730
912 1121
912 1127
912 1359
914 1315
915 1741
916 1353
916 1543
916 1695
917 981
917 1838
918 1156
918 1745
920 1280
921 1349
921 1453
923 1409
924 1065
924 1095
924 1466
924 1679
925 979
927 1538
927 1635
927 1788
928 1098
928 1325
928 1831
929 1090
929 1362
930 1477
931 1126
931 1237
931 1403
931 1570
931 1671
931 1727
931 1762
931 1861
931 1862
932 934
932 936
932 940
933 972
933 1248
933 1481
934 935
934 1179
934 1450
934 1525
934 1693
935 1109
936 1565
936 1822
936 1900
936 1938
936 1941
938 1260
938 1287
938 1288
939 1526
939 1553
939 1606
940 998
940 1025
940 1726
940 1836
940 1970
941 1919
942 943
942 944
942 945
943 1114
944 1054
944 1274
944 1368
944 1449
944 1451
944 1682
944 1742
944 1880
945 1460
947 1531
947 1634
947 1745
948 1100
948 1675
949 950
949 951
949 952
950 1275
950 1544
950 1577
951 962
951 1627
952 1108
952 1109
953 954
953 956
953 958
954 986
954 1038
954 1249
954 1252
954 1419
954 1425
954 1504
954 1520
954 1558
954 1578
954 1604
954 1691
954 1902
954 1946
956 1012
956 1218
956 1320
956 1476
956 1735
956 1805
957 1090
957 1161
957 1460
958 1086
958 1294
958 1711
958 1776
958 1998
960 962
960 970
961 1874
962 1437
962 1546
962 1815
962 1945
963 1927
965 993
965 1192
965 1928
967 1768
968 1456
968 1827
968 1974
969 1728
969 1951
970 1109
970 1112
970 1141
970 1398
970 1536
970 1862
970 1901
970 1991
972 1309
972 1363
972 1587
972 1821
972 1902
973 1304
973 1462
973 1776
973 1927
973 1985
975 1202
975 1707
975 1811
979 1214
979 1406
979 1413
979 1463
979 1496
981 1189
981 1226
981 1283
981 1466
981 1512
981 1662
983 1615
984 1453
984 1455
984 1456
986 1086
988 1108
989 1023
989 1103
989 1471
989 1715
989 1920
989 1954
990 1086
990 1259
991 1092
991 1466
991 1576
991 1698
991 1861
991 1961
992 1152
992 1171
992 1258
992 1900
992 1916
993 1334
993 1788
993 1808
993 1809
994 1126
994 1139
994 1449
994 1533
994 1539
994 1540
994 1541
995 1123
995 1313
995 1572
995 1573
997 1125
998 1640
999 1242
999 1263
999 1444
999 1606
999 1703
1000 1269
1000 1287
1000 1379
1000 1659
1000 1894
1000 1910
1001 1355
1001 1554
1001 1915
1003 1136
1003 1216
1003 1261
1003 1454
1003 1818
1003 1820
1004 1112
1004 1389
1004 1401
1004 1990
1005 1525
1006 1111
1006 1564
1006 1734
1007 1100
1011 1391
1013 1108
1013 1910
1013 1919
1017 1245
1017 1543
1022 1119
1022 1160
1023 1253
1023 1846
1025 1378
1026 1737
1027 1034
1028 1083
1029 1791
1030 1409
1030 1829
1033 1254
1033 1698
1033 1790
1034 1278
1034 1354
1034 1413
1034 1529
1034 1530
1034 1531
1038 1826
1039 1613
1040 1974
1041 1910
1042 1281
1043 1455
1044 1741
1046 1627
1047 1578
1047 1606
1048 1227
1048 1808
1049 1471
1049 1629
1049 1683
1049 1946
1051 1248
1051 1280
1051 1349
1052 1176
1052 1668
1053 1525
1055 1668
1055 1704
1056 1251
1056 1804
1057 1602
1058 1921
1059 1959
1061 1807
1065 1108
1065 1745
1065 1846
1068 1311
1069 1829
1071 1252
1071 1453
1072 1478
1074 1253
1074 1354
1074 1460
1075 1728
1077 1123
1078 1080
1078 1081
1078 1083
1080 1408
1080 1457
1080 1462
1080 1948
1081 1128
1081 1488
1081 1910
1083 1369
1083 1719
1083 1893
1083 1954
1084 1086
1086 1573
1086 1808
1086 1909
1087 1089
1087 1090
1088 1125
1088 1359
1089 1349
1089 1438
1089 1523
1089 1525
1089 1667
1090 1425
1090 1479
1090 1565
1090 1657
1091 1528
1091 1692
1091 1693
1093 1558
1093 1730
1095 1669
1098 1613
1098 1773
1098 1930
1099 1453
1099 1457
1100 1317
1100 1551
1100 1744
1101 1496
1102 1514
1102 1681
1102 1770
1102 1844
1103 1107
1104 1167
1104 1577
1105 1262
1105 1428
1107 1262
1107 1281
1107 1293
1107 1314
1107 1445
1107 1459
1107 1506
1107 1643
1107 1724
1107 1869
1108 1158
1108 1286
1108 1646
1108 1892
1109 1126
1109 1252
1109 1335
1109 1614
1109 1646
1109 1762
1111 1544
1113 1253
1113 1357
1114 1855
1115 1116
1115 1119
1116 1175
1116 1242
1116 1249
1116 1266
1116 1267
1116 1268
1117 1700
1118 1669
1119 1349
1119 1451
1119 1889
1119 1901
1121 1200
1121 1373
1121 1481
1121 1540
1121 1832
1121 1846
1121 1853
1122 1136
1122 1144
1122 1188
1122 1222
1123 1669
1123 1858
1125 1290
1125 1403
1125 1470
1125 1754
1125 1830
1126 1709
1127 1176
1127 1322
1127 1494
1128 1576
1130 1281
1130 1449
1131 1615
1132 1191
1132 1619
1132 1672
1132 1766
1133 1167
1134 1829
1135 1166
1136 1733
1140 1192
1140 1242
1140 1526
1140 1597
1142 1166
1142 1529
1145 1146
1146 1475
1146 1691
1146 1767
1146 1872
1146 1946
1148 1367
1149 1154
1152 1845
1154 1521
1154 1536
1154 1537
1154 1538
1155 1156
1155 1158
1156 1323
1156 1766
1156 1780
1158 1364
1158 1424
1158 1450
1158 1924
1159 1406
1159 1877
1160 1161
1160 1162
1160 1163
1160 1164
1161 1197
1161 1337
1161 1392
1161 1652
1161 1870
1161 1944
1163 1825
1164 1378
1164 1606
1164 1767
1165 1166
1165 1167
1166 1222
1166 1359
1166 1413
1166 1559
1166 1599
1167 1204
1167 1289
1167 1746
1172 1925
1174 1176
1175 1457
1175 1459
1175 1460
1176 1448
1176 1469
1176 1545
1176 1623
1176 1677
1177 1730
1179 1663
1182 1239
1183 1516
1184 1188
1184 1189
1184 1190
1184 1192
1185 1925
1187 1937
1188 1462
1188 1517
1188 1887
1188 1888
1189 1232
1189 1238
1189 1239
1189 1681
1189 1864
1189 1933
1189 1998
1190 1372
1190 1531
1190 1605
1190 1628
1190 1647
1191 1838
1192 1263
1192 1521
1192 1627
1196 1531
1198 1695
1201 1250
1202 1640
1202 1666
1204 1929
1205 1357
1205 1615
1205 1928
1207 1930
1208 1709
1208 1937
1209 1260
1210 1492
1211 1239
1211 1741
1212 1544
1212 1999
1214 1252
1214 1926
1216 1317
1216 1768
1219 1733
1219 1838
1220 1804
1221 1692
1221 1803
1222 1449
1222 1459
1224 1383
1224 1790
1224 1927
1224 1937
1225 1250
1225 1362
1226 1359
1226 1733
1227 1422
1227 1604
1227 1711
1227 1722
1227 1986
1228 1577
1228 1733
1228 1789
1229 1689
1230 1951
1231 1928
1233 1460
1236 1239
1238 1362
1239 1391
1239 1399
1239 1556
1242 1243
1242 1244
1242 1245
1243 1245
1243 1276
1243 1621
1244 1625
1244 1902
1245 1318
1245 1573
1245 1599
1245 1694
1246 1247
1246 1248
1246 1250
1246 1251
1247 1380
1247 1399
1247 1463
1247 1560
1247 1611
1247 1815
1247 1816
1248 1265
1250 1265
1250 1341
1250 1627
1250 1702
1250 1929
1251 1340
1251 1734
1251 1762
1251 1941
1252 1253
1252 1254
1253 1466
1253 1470
1253 1792
1253 1996
1254 1462
1254 1463
1254 1471
1254 1904
1255 1789
1256 1435
1256 1443
1256 1605
1256 1639
1256 1726
1256 1996
1257 1552
1257 1553
1257 1554
1258 1349
1258 1554
1259 1307
1259 1385
1259 1615
1259 1652
1259 1717
1259 1993
1260 1278
1260 1741
1260 1834
1260 1898
1260 1905
1261 1807
1261 1869
1262 1263
1262 1264
1262 1265
1267 1276
1267 1526
1268 1378
1268 1455
1268 1827
1269 1272
1269 1274
1269 1275
1269 1276
1270 1613
1271 1406
1272 1947
1274 1312
1274 1754
1274 1875
1275 1525
1275 1724
1275 1731
1275 1876
1276 1511
1276 1865
1276 1970
1278 1280
1278 1281
1279 1803
1280 1385
1281 1569
1281 1641
1283 1606
1283 1693
1283 1861
1284 1880
1285 1838
1286 1728
1287 1694
1288 1298
1288 1489
1288 1518
1288 1593
1288 1599
1289 1627
1290 1915
1290 1966
1291 1785
1293 1296
1296 1301
1296 1330
1296 1376
1296 1679
1297 1678
1302 1768
1303 1406
1303 1423
1304 1693
1307 1457
1307 1727
1308 1874
1309 1383
1309 1559
1311 1313
1311 1365
1311 1451
1311 1688
1311 1704
1311 1710
1311 1932
1311 1950
1312 1710
1312 1727
1313 1558
1314 1689
1315 1564
1315 1942
1315 1997
1317 1318
1317 1319
1318 1349
1318 1366
1318 1799
1318 1958
1320 1472
1323 1480
1328 1366
1332 1410
1333 1929
1334 1838
1334 1845
1335 1385
1336 1477
1337 1902
1339 1704
1341 1529
1349 1597
1349 1667
1349 1804
1350 1353
1350 1354
1351 1456
1351 1544
1351 1930
1352 1496
1352 1727
1353 1532
1353 1546
1353 1580
1353 1638
1354 1427
1354 1447
1354 1542
1354 1702
1354 1861
1354 1922
1355 1465
1355 1563
1355 1572
1355 1694
1355 1975
1356 1803
1361 1790
1362 1447
1362 1448
1362 1449
1363 1459
1364 1799
1366 1508
1366 1699
1367 1474
1367 1524
1367 1667
1367 1980
1370 1602
1371 1937
1371 1999
1372 1910
1374 1459
1374 1613
1375 1478
1377 1449
1377 1621
1378 1490
1378 1919
1378 1963
1381 1472
1383 1485
1383 1573
1383 1922
1383 1966
1385 1501
1385 1556
1385 1892
1386 1666
1386 1678
1387 1536
1387 1672
1387 1889
1387 1899
1393 1533
1393 1709
1394 1930
1400 1910
1401 1455
1402 1456
1402 1773
1403 1406
1406 1736
1407 1437
1408 1409
1408 1410
1409 1461
1409 1731
1409 1964
1410 1745
1411 1528
1412 1553
1412 1804
1413 1704
1413 1873
1414 1576
1415 1431
1415 1553
1417 1453
1423 1739
1423 1949
1423 1950
1426 1428
1428 1716
1428 1813
1428 1923
1430 1539
1431 1435
1431 1637
1431 1774
1431 1901
1431 1970
1433 1675
1434 1695
1437 1509
1437 1671
1437 1716
1437 1917
1441 1531
1441 1903
1443 1869
1447 1698
1448 1753
1449 1814
1451 1920
1453 1601
1453 1937
1454 1710
1455 1494
1455 1645
1457 1741
1458 1799
1458 1877
1459 1705
1459 1914
1459 1967
1460 1484
1460 1610
1460 1732
1460 1806
1460 1864
1460 1870
1460 1994
1461 1622
1461 1825
1462 1692
1462 1850
1464 1974
1466 1873
1467 1627
1468 1959
1472 1839
1472 1869
1475 1883
1476 1724
1478 1642
1480 1517
1480 1621
1480 1737
1480 1854
1480 1868
1481 1633
1483 1767
1487 1661
1487 1808
1487 1897
1487 1927
1489 1790
1491 1597
1491 1919
1492 1872
1492 1951
1493 1615
1495 1496
1496 1526
1497 1516
1497 1869
1499 1554
1501 1525
1505 1528
1505 1602
1508 1974
1509 1627
1509 1880
1511 1709
1511 1958
1512 1790
1514 1516
1514 1518
1516 1643
1519 1528
1519 1552
1522 1770
1524 1525
1525 1562
1529 1643
1530 1877
1531 1679
1531 1754
1531 1803
1532 1710
1533 1534
1533 1535
1535 1826
1537 1897
1538 1539
1539 1976
1542 1625
1543 1544
1543 1545
1544 1617
1544 1625
1544 1644
1544 1963
1544 1985
1545 1690
1547 1578
1547 1919
1551 1951
1553 1946
1554 1562
1554 1960
1556 1625
1557 1642
1558 1729
1559 1680
1559 1770
1559 1847
1562 1661
1563 1787
1565 1850
1568 1791
1570 1669
1573 1704
1576 1783
1576 1827
1577 1578
1577 1579
1577 1580
1580 1930
1586 1597
1587 1661
1588 1637
1588 1916
1590 1642
1591 1733
1593 1606
1594 1675
1594 1803
1596 1921
1596 1993
1597 1598
1598 1753
1600 1929
1602 1746
1602 1793
1605 1613
1605 1668
1605 1933
1607 1661
1607 1666
1608 1609
1611 1933
1612 1848
1613 1705
1615 1616
1615 1617
1615 1618
1619 1781
1619 1830
1619 1906
1620 1621
1620 1622
1621 1956
1622 1688
1622 1689
1622 1872
1622 1936
1623 1730
1625 1626
1625 1627
1625 1628
1626 1959
1627 1687
1627 1689
1627 1895
1630 1661
1632 1634
1634 1751
1634 1984
1637 1803
1638 1642
1638 1927
1640 1776
1641 1668
1642 1682
1643 1930
1645 1710
1645 1921
1647 1695
1647 1727
1656 1733
1656 1873
1660 1902
1661 1662
1661 1663
1663 1973
1663 1979
1665 1666
1666 1709
1666 1936
1668 1964
1678 1838
1679 1958
1681 1927
1682 1910
1686 1727
1686 1770
1689 1690
1689 1691
1690 1707
1690 1810
1690 1891
1692 1797
1693 1817
1693 1892
1693 1941
1694 1695
1695 1847
1695 1848
1696 1951
1697 1773
1698 1699
1703 1790
1704 1891
1705 1920
1708 1933
1709 1753
1709 1988
1710 1971
1712 1807
1712 1925
1714 1932
1716 1937
1720 1993
1725 1784
1725 1785
1727 1806
1728 1865
1728 1990
1729 1789
1729 1873
1730 1766
1731 1785
1733 1746
1733 1760
1733 1945
1737 1850
1739 1753
1739 1883
1740 1930
1741 1745
1741 1859
1742 1920
1744 1784
1744 1846
1745 1815
1748 1959
1758 1807
1761 1921
1766 1826
1767 1863
1767 1886
1768 1795
1768 1992
1775 1787
1775 1927
1777 1873
1784 1910
1784 1981
1785 1854
1789 1822
1789 1834
1790 1858
1790 1883
1790 1974
1796 1797
1797 1899
1797 1952
1799 1917
1803 1855
1807 1905
1808 1820
1809 1902
1810 1902
1814 1825
1815 1958
1823 1951
1827 1864
1827 1990
1834 1846
1836 1874
1841 1933
1843 1845
1843 1846
1844 1915
1844 1932
1845 1875
1846 1944
1848 1906
1849 1994
1850 1937
1856 1920
1861 1884
1861 1893
1861 1924
1867 1927
1873 1885
1877 1878
1879 1880
1880 1911
1888 1897
1897 1967
1897 1996
1902 1985
1912 1958
1914 1915
1920 1925
1920 1992
1924 1929
1929 1964
1966 1970
