3 625
6 1244
12 541
13 160
18 26
22 443
22 699
25 961
26 87
26 277
26 1172
26 1488
26 1753
26 1825
32 37
32 1288
35 37
37 424
37 960
37 1354
37 1396
37 1582
37 1812
38 619
54 543
55 587
56 360
56 1354
57 161
65 458
66 153
68 543
80 1861
84 1354
86 1049
87 88
87 89
87 90
87 91
87 92
87 93
87 94
87 95
87 96
87 97
87 98
87 99
89 443
89 544
89 587
89 599
89 611
89 623
89 950
89 991
89 1111
89 1146
89 1177
89 1291
89 1318
89 1335
89 1363
89 1516
91 313
93 1003
94 624
98 889
100 101
101 313
101 609
101 810
101 1094
101 1109
101 1139
101 1521
101 1625
101 1634
101 1846
103 1363
112 120
112 121
114 565
115 991
116 1003
120 439
120 470
120 570
120 630
120 660
120 833
120 936
120 1087
120 1235
120 1313
121 168
121 756
121 1511
121 1917
121 1981
129 1288
130 1403
132 1538
133 161
133 163
133 168
143 471
145 161
149 153
149 160
153 168
153 412
153 763
153 845
153 975
153 1540
153 1636
160 313
160 416
160 491
160 541
160 623
160 874
160 878
160 885
160 1288
160 1312
160 1332
160 1333
160 1334
161 168
161 247
161 341
161 537
161 581
161 730
161 793
161 1113
161 1203
161 1400
161 1722
161 1787
163 192
163 476
163 575
163 699
163 885
163 924
163 1697
163 1739
163 1849
163 1944
163 1981
164 471
166 1516
168 313
168 405
168 547
168 565
168 632
168 698
168 833
168 919
168 961
168 1285
168 1653
168 1806
171 1146
174 1538
189 1447
196 443
197 961
200 1356
206 1350
210 1861
211 623
220 1447
221 231
223 1350
231 567
231 797
231 919
231 931
234 699
236 1051
240 1410
246 250
246 251
249 1516
250 313
250 419
250 507
250 945
250 1093
250 1238
250 1387
250 1388
250 1389
251 321
251 350
251 365
251 406
251 566
251 608
251 621
251 1047
251 1111
251 1471
251 1518
251 1538
251 1668
251 1707
255 672
259 471
262 1244
263 544
266 360
267 544
270 1668
272 1538
274 360
274 1640
276 544
278 1922
299 313
304 544
304 1787
305 623
308 544
313 1135
313 1205
313 1522
313 1548
313 1572
313 1729
313 1793
317 543
318 1111
325 652
332 458
334 1111
337 626
343 627
344 1447
347 625
352 587
353 1312
355 360
360 375
360 456
360 466
360 469
360 537
360 1354
360 1437
360 1727
360 1759
366 626
368 543
369 627
369 991
369 1049
380 833
381 672
381 1356
385 889
386 1244
388 621
388 1350
394 1111
396 931
398 543
398 1363
404 435
407 1447
410 1924
411 1034
425 625
434 435
434 443
435 552
435 889
435 1033
435 1039
435 1244
435 1275
435 1354
435 1474
435 1677
435 1734
435 1748
435 1879
438 471
441 1205
443 604
443 1200
443 1527
443 1795
443 1985
448 458
448 1034
454 541
456 458
458 510
458 543
458 1093
458 1477
458 1586
458 1806
458 1807
462 627
467 471
469 1363
471 511
471 623
471 997
471 1024
471 1025
471 1026
472 1934
478 931
478 1558
481 624
482 544
486 491
490 889
491 863
500 1111
505 1558
515 1033
519 1312
528 1447
531 587
535 1356
536 1003
538 1640
539 541
539 543
540 1516
540 1570
541 562
541 669
541 699
541 756
541 965
541 1003
541 1165
541 1307
541 1339
541 1356
541 1640
543 956
543 1039
543 1354
543 1396
543 1410
543 1496
543 1558
543 1574
543 1683
543 1684
544 632
544 1019
544 1259
544 1740
545 1924
546 1146
548 1034
560 565
561 991
564 626
564 889
565 814
565 817
565 868
565 1089
565 1317
565 1335
567 833
569 829
580 587
582 1516
583 652
583 1787
587 836
587 837
587 838
587 839
587 840
587 841
591 1668
595 1205
598 1640
610 1318
616 619
616 621
619 663
619 741
619 843
619 1021
619 1040
619 1337
619 1483
619 1861
621 1042
621 1380
621 1716
621 1717
621 1718
621 1719
623 624
623 625
623 626
623 627
623 628
623 629
623 630
623 631
623 632
624 870
624 1058
624 1083
624 1112
624 1793
625 873
625 874
625 875
625 876
626 709
626 1562
626 1890
627 731
627 736
627 1120
627 1121
627 1122
627 1123
627 1124
627 1125
628 991
640 931
643 652
645 699
649 1538
652 958
652 1174
652 1238
652 1354
652 1437
652 1880
655 931
656 1350
661 1111
664 672
667 699
667 1861
668 829
672 725
672 795
672 1123
672 1176
672 1196
672 1354
672 1554
672 1644
672 1716
673 991
674 1312
675 1244
688 1861
690 1558
699 794
699 1048
699 1049
699 1050
699 1051
699 1052
699 1053
701 1350
710 1570
711 1447
714 991
721 1558
723 1447
724 1205
728 1350
737 829
743 833
769 1033
778 1922
794 991
800 1570
801 1363
808 991
809 1049
817 1146
824 1403
829 830
829 831
829 832
829 833
829 834
829 835
833 887
833 1018
833 1168
833 1524
833 1681
833 1712
838 1003
838 1640
847 1354
850 1034
851 1668
862 1146
875 889
881 889
889 994
889 1401
889 1402
894 1350
897 1447
898 1312
908 1570
912 1312
915 1570
927 1538
931 1126
931 1237
931 1403
931 1570
931 1671
931 1727
931 1762
931 1861
931 1862
938 1288
950 1275
952 1111
954 1558
960 961
961 1445
961 1842
961 1874
972 1363
991 1092
991 1466
991 1576
991 1698
991 1861
991 1961
998 1403
998 1640
1003 1136
1003 1216
1003 1261
1003 1454
1003 1818
1003 1820
1006 1111
1015 1922
1019 1318
1027 1033
1027 1034
1033 1254
1033 1286
1033 1352
1033 1451
1033 1698
1033 1790
1034 1278
1034 1354
1034 1413
1034 1529
1034 1530
1034 1531
1049 1471
1049 1629
1049 1683
1049 1946
1051 1066
1051 1248
1051 1266
1051 1280
1051 1349
1051 1568
1051 1769
1051 1834
1052 1668
1055 1668
1074 1354
1093 1558
1111 1128
1111 1388
1111 1425
1111 1446
1111 1544
1111 1934
1125 1403
1145 1146
1146 1475
1146 1691
1146 1767
1146 1872
1146 1946
1154 1538
1158 1924
1173 1924
1183 1516
1193 1403
1193 1447
1202 1640
1205 1357
1205 1615
1205 1823
1205 1928
1233 1244
1238 1363
1240 1447
1242 1244
1244 1625
1244 1635
1244 1684
1244 1788
1244 1899
1244 1902
1245 1318
1269 1275
1274 1312
1275 1525
1275 1724
1275 1731
1275 1876
1283 1861
1288 1298
1288 1489
1288 1518
1288 1593
1288 1599
1300 1922
1312 1398
1312 1710
1312 1727
1312 1832
1313 1558
1317 1318
1318 1349
1318 1366
1318 1374
1318 1680
1318 1799
1318 1958
1332 1350
1332 1410
1337 1363
1339 1924
1350 1351
1350 1352
1350 1353
1350 1354
1354 1427
1354 1447
1354 1542
1354 1702
1354 1861
1354 1922
1356 1435
1356 1517
1356 1803
1362 1447
1363 1381
1363 1459
1363 1736
1363 1870
1363 1889
1383 1922
1403 1404
1403 1405
1403 1406
1403 1407
1408 1410
1410 1745
1447 1698
1497 1516
1514 1516
1516 1643
1538 1539
1538 1875
1558 1729
1563 1787
1570 1669
1570 1828
1605 1668
1640 1776
1641 1668
1668 1964
1747 1922
1775 1787
1840 1924
1861 1884
1861 1893
1861 1924
1924 1929
1934 1935
