1 654
4 1251
4 1918
5 1423
7 1457
7 1928
11 1914
12 1690
16 199
16 939
17 722
17 1784
19 730
24 372
25 939
34 1928
35 38
38 384
38 619
38 679
38 865
38 1020
43 51
45 1700
47 974
50 51
50 1624
51 110
51 322
51 323
51 324
51 325
51 326
51 327
51 328
51 329
55 587
56 1457
57 161
59 64
59 68
61 1116
64 99
64 222
64 426
64 547
64 838
64 843
64 1431
64 1540
64 1672
64 1698
64 1819
64 1929
64 1956
65 1914
66 153
67 730
68 543
68 816
68 888
68 1055
68 1076
68 1780
68 1962
71 1242
71 1784
83 535
88 1222
89 587
92 811
101 1094
106 722
107 450
111 939
113 818
119 1920
120 660
122 1700
127 1799
128 469
129 1624
131 813
131 1121
133 161
137 1925
145 161
145 730
146 819
149 153
153 168
153 412
153 763
153 845
153 975
153 1540
153 1636
161 168
161 247
161 341
161 537
161 581
161 730
161 793
161 1113
161 1203
161 1400
161 1722
161 1787
166 591
166 894
178 179
178 181
179 384
179 429
179 556
179 639
179 1184
179 1343
179 1735
179 1838
179 1887
181 517
181 555
181 1075
181 1333
181 1349
181 1449
181 1662
181 1800
181 1892
181 1908
191 819
191 894
192 1799
193 1872
194 199
199 775
199 966
199 1249
199 1412
199 1920
199 1921
200 359
202 815
205 618
206 1350
206 1873
208 247
209 894
210 730
216 819
218 1925
219 1115
220 930
220 939
223 1350
228 1242
246 247
246 248
246 249
246 250
246 251
247 274
247 285
247 388
247 399
247 666
247 982
247 1183
247 1222
247 1370
247 1540
247 1611
247 1635
247 1691
247 1737
247 1819
247 1872
247 1873
247 1920
247 1996
259 1251
267 1242
269 1251
272 654
277 280
280 329
280 380
280 476
280 517
280 576
280 896
280 1506
282 1799
290 1799
295 1222
298 813
304 1983
311 372
320 359
321 819
321 1116
323 1784
327 393
327 767
327 811
327 812
327 813
327 814
327 815
327 816
327 817
327 818
327 819
327 820
338 1114
343 1121
349 1115
352 587
352 660
354 1121
355 359
359 510
359 513
359 816
359 872
359 1537
359 1762
360 469
363 1116
365 372
366 1423
370 714
371 1115
372 396
372 615
372 618
372 1225
372 1283
372 1559
372 1566
372 1718
372 1745
381 1423
383 384
384 474
384 616
384 808
384 915
384 1017
384 1041
384 1178
384 1183
384 1339
384 1423
384 1700
384 1751
384 1825
384 1920
384 1972
388 660
388 1251
388 1350
396 930
399 1730
405 722
416 939
424 428
428 789
428 814
428 819
428 1023
428 1042
428 1172
428 1489
428 1619
428 1679
428 1805
428 1969
431 818
442 469
450 583
450 618
450 790
450 850
450 901
450 984
450 1097
455 722
457 1415
466 1114
467 469
469 494
469 576
469 837
469 1260
469 1265
469 1363
469 1411
469 1513
469 1637
469 1673
482 1624
485 1678
488 517
488 535
493 994
494 1114
495 815
500 1375
516 517
517 591
517 837
517 930
517 939
517 994
517 1212
517 1314
517 1375
517 1413
517 1414
517 1415
518 618
518 837
519 1094
523 1121
531 587
535 717
535 794
535 811
535 835
535 935
535 1184
535 1210
535 1355
535 1356
535 1357
538 1242
547 818
548 815
549 818
562 1920
577 1920
579 930
580 587
580 591
582 989
586 714
587 836
587 837
587 838
587 839
587 840
587 841
588 1114
591 618
591 821
591 884
591 903
591 905
591 1036
591 1276
591 1609
591 1667
591 1668
591 1669
596 974
598 1730
602 1872
604 1914
604 1920
606 722
612 1115
615 1918
616 618
618 1085
618 1116
618 1247
618 1445
618 1703
618 1730
618 1745
618 1746
618 1810
622 816
627 1121
628 815
630 1700
631 1247
632 808
632 1847
638 1423
645 1872
653 654
654 818
654 1481
654 1818
656 1350
660 678
660 811
660 834
660 1100
660 1226
660 1425
660 1589
660 1617
660 1621
660 1804
660 1834
660 1867
663 1784
667 1928
669 1114
673 989
673 994
678 1847
680 994
701 1350
702 808
705 714
706 714
714 762
714 991
714 1143
714 1454
714 1490
714 1527
714 1920
714 1932
718 722
722 801
722 811
722 1057
722 1351
722 1757
722 1903
727 730
728 1350
729 1925
730 884
730 917
730 972
730 1443
730 1569
730 1750
730 1758
734 939
734 1678
737 994
739 1423
742 1799
752 1730
769 1784
770 1457
774 1115
780 1700
788 1242
790 813
795 1116
796 1690
797 818
804 808
806 1873
808 969
808 991
808 1052
808 1579
808 1813
808 1853
808 1915
808 1928
808 1940
811 850
811 974
811 987
811 1064
811 1069
811 1114
811 1376
811 1622
811 1913
813 1479
813 1927
815 857
815 866
815 1077
816 851
816 894
816 1094
816 1209
816 1299
816 1368
816 1622
816 1658
816 1810
816 1847
818 1117
818 1237
818 1672
818 1678
818 1825
818 1920
818 1932
819 1131
819 1319
819 1341
819 1492
819 1649
822 1251
832 994
837 1149
837 1229
837 1251
837 1325
837 1427
837 1431
837 1541
837 1690
837 1799
837 1900
837 1914
837 1983
846 1784
852 974
855 1540
857 894
858 1920
875 1925
884 1624
889 994
890 1242
891 1242
894 948
894 1265
894 1300
894 1350
894 1457
894 1624
894 1680
894 1702
894 1746
894 1784
899 1222
904 1114
909 1375
911 1730
912 1121
916 1415
930 1060
930 1314
930 1477
930 1962
932 939
939 1059
939 1444
939 1526
939 1553
939 1606
943 1114
959 1222
965 1928
974 1137
974 1656
974 1906
988 1847
989 1023
989 1103
989 1471
989 1715
989 1920
989 1954
994 1126
994 1139
994 1449
994 1533
994 1539
994 1540
994 1541
999 1242
1002 1872
1017 1415
1020 1094
1025 1375
1056 1251
1063 1375
1080 1457
1092 1094
1093 1730
1094 1208
1094 1515
1099 1457
1114 1855
1115 1116
1115 1117
1115 1118
1115 1119
1116 1175
1116 1242
1116 1249
1116 1266
1116 1267
1116 1268
1117 1700
1121 1200
1121 1373
1121 1481
1121 1540
1121 1832
1121 1846
1121 1853
1122 1222
1140 1242
1146 1872
1163 1540
1166 1222
1172 1925
1175 1457
1177 1730
1185 1925
1205 1928
1222 1449
1222 1459
1229 1847
1231 1928
1242 1243
1242 1244
1242 1245
1246 1247
1246 1251
1247 1380
1247 1399
1247 1463
1247 1560
1247 1611
1247 1815
1247 1816
1251 1340
1251 1734
1251 1762
1251 1941
1297 1678
1303 1423
1307 1457
1318 1799
1320 1415
1332 1350
1350 1351
1350 1352
1350 1353
1350 1354
1358 1624
1364 1799
1372 1918
1375 1450
1375 1478
1375 1563
1375 1705
1379 1624
1386 1678
1396 1847
1411 1415
1413 1873
1415 1421
1415 1431
1415 1498
1415 1553
1415 1701
1415 1702
1423 1739
1423 1949
1423 1950
1429 1918
1440 1872
1451 1920
1457 1741
1458 1799
1459 1914
1466 1873
1471 1624
1484 1914
1492 1872
1540 1571
1540 1764
1540 1834
1540 1867
1540 1918
1540 1989
1545 1690
1559 1847
1560 1918
1561 1983
1575 1847
1622 1872
1623 1730
1656 1873
1678 1838
1689 1690
1690 1707
1690 1810
1690 1891
1695 1847
1705 1920
1712 1925
1725 1784
1729 1873
1730 1766
1738 1872
1742 1920
1744 1784
1746 1914
1777 1873
1784 1910
1784 1981
1799 1917
1812 1847
1830 1983
1847 1913
1856 1920
1868 1872
1872 1912
1873 1885
1914 1915
1920 1925
1920 1992
