2 1006
3 625
4 1631
4 1918
5 789
5 1423
7 1928
11 789
12 541
13 160
18 26
22 443
22 699
23 721
26 87
26 277
26 1172
26 1488
26 1753
26 1825
32 1288
34 1928
35 38
38 384
38 619
38 679
38 865
38 1020
39 790
45 1700
55 587
64 1698
65 458
77 386
77 1559
86 1049
87 88
87 89
87 90
87 91
87 92
87 93
87 94
87 95
87 96
87 97
87 98
87 99
89 443
89 544
89 587
89 599
89 611
89 623
89 950
89 991
89 1111
89 1146
89 1177
89 1291
89 1318
89 1335
89 1363
89 1516
90 154
93 1003
93 1006
94 624
99 1576
103 1363
107 450
110 1026
112 115
115 117
115 298
115 300
115 571
115 675
115 790
115 991
115 1061
115 1377
115 1438
115 1439
116 1003
116 1631
119 1915
122 1700
123 1559
124 1915
127 1426
129 1288
131 813
133 163
142 1576
146 578
149 154
149 160
154 212
154 733
154 1176
154 1246
154 1429
154 1533
160 313
160 416
160 491
160 541
160 623
160 874
160 878
160 885
160 1288
160 1312
160 1332
160 1333
160 1334
163 192
163 476
163 575
163 699
163 885
163 924
163 1697
163 1739
163 1849
163 1944
163 1981
166 1516
171 1146
178 179
179 384
179 429
179 556
179 639
179 1184
179 1343
179 1735
179 1838
179 1887
188 500
190 789
191 942
196 443
200 1093
200 1356
203 789
205 386
211 623
214 997
234 699
236 1051
241 472
245 578
245 949
246 250
249 1516
250 313
250 419
250 507
250 945
250 1093
250 1238
250 1387
250 1388
250 1389
251 1111
257 334
263 544
266 950
267 544
276 544
287 1576
298 813
304 544
305 623
308 544
315 1631
318 949
318 1111
319 538
322 1577
327 813
328 997
330 472
332 458
334 532
334 745
334 906
334 990
334 1111
334 1443
334 1546
337 626
343 627
343 1426
344 1577
347 625
349 949
352 587
353 1312
353 1429
354 472
366 626
366 1423
369 627
369 991
369 1049
370 714
372 1559
376 1006
381 1356
381 1423
383 384
383 386
384 474
384 616
384 808
384 915
384 1017
384 1041
384 1178
384 1183
384 1339
384 1423
384 1700
384 1751
384 1825
384 1920
384 1972
386 875
386 950
386 1150
386 1244
386 1258
386 1336
386 1978
394 1111
398 1363
413 723
418 942
418 1006
423 788
425 625
427 472
428 789
433 950
434 443
435 1275
443 604
443 1200
443 1527
443 1795
443 1985
448 458
450 583
450 618
450 790
450 850
450 901
450 984
450 1097
454 541
456 458
458 510
458 543
458 1093
458 1477
458 1586
458 1806
458 1807
462 627
462 1577
467 472
469 1363
471 623
471 997
471 1026
472 513
472 823
472 1040
472 1559
472 1567
472 1613
472 1934
477 1026
478 1558
481 624
482 544
486 491
488 538
491 863
500 1044
500 1066
500 1111
500 1375
500 1380
500 1448
500 1812
503 538
503 789
505 1558
508 721
511 942
512 949
519 1312
526 1631
531 587
535 1356
536 1003
538 1161
538 1242
538 1429
538 1585
538 1640
539 540
539 541
539 542
539 543
540 1516
541 562
541 669
541 699
541 756
541 965
541 1003
541 1165
541 1307
541 1339
541 1356
541 1640
543 1558
544 632
544 1019
544 1259
544 1740
546 1146
549 788
561 991
564 626
566 790
571 578
578 721
578 1272
578 1681
580 587
582 1516
583 1576
584 950
586 714
587 836
587 837
587 838
587 839
587 840
587 841
588 1426
596 788
600 789
610 1318
611 789
615 1576
615 1918
623 624
623 625
623 626
623 627
623 628
623 629
623 630
623 631
623 632
624 870
624 1058
624 1083
624 1112
624 1793
625 873
625 874
625 875
625 876
626 709
626 1562
626 1890
627 731
627 736
627 1120
627 1121
627 1122
627 1123
627 1124
627 1125
628 991
630 1700
632 808
638 1423
645 699
655 788
661 997
661 1111
667 699
667 1928
673 991
673 997
674 1312
677 942
677 1426
680 1388
690 1558
699 794
699 1048
699 1049
699 1050
699 1051
699 1052
699 1053
702 808
705 714
706 714
708 1026
709 789
714 762
714 991
714 1143
714 1454
714 1490
714 1527
714 1920
714 1932
718 721
718 723
721 942
721 1261
721 1303
721 1326
721 1429
721 1557
721 1558
721 1559
721 1560
723 772
723 790
723 923
723 1447
723 1940
739 1423
740 1388
744 1631
745 950
775 950
780 1700
786 788
788 790
788 1005
788 1242
788 1953
789 790
790 813
790 1026
790 1236
790 1590
790 1607
790 1739
790 1817
794 991
801 1363
804 808
808 969
808 991
808 1052
808 1579
808 1813
808 1853
808 1915
808 1928
808 1940
809 1049
813 1479
813 1927
817 950
817 1146
817 1577
822 1006
828 949
838 1003
844 1576
847 1388
862 1146
898 1312
911 1577
912 1312
938 1288
942 943
942 944
942 945
949 950
949 951
949 952
950 1275
950 1397
950 1544
950 1560
950 1577
950 1664
952 1111
954 1558
965 1928
972 1363
988 1388
991 1092
991 1466
991 1576
991 1698
991 1861
991 1961
997 1093
997 1125
997 1751
997 1992
1001 1915
1003 1136
1003 1216
1003 1261
1003 1454
1003 1818
1003 1820
1006 1111
1006 1564
1006 1734
1019 1318
1026 1737
1033 1698
1049 1471
1049 1629
1049 1683
1049 1946
1051 1066
1051 1248
1051 1266
1051 1280
1051 1349
1051 1568
1051 1769
1051 1834
1092 1093
1093 1448
1093 1489
1093 1558
1093 1730
1093 1860
1104 1577
1111 1128
1111 1388
1111 1425
1111 1446
1111 1544
1111 1934
1117 1700
1128 1576
1140 1426
1145 1146
1146 1475
1146 1691
1146 1767
1146 1872
1146 1946
1166 1559
1183 1516
1205 1928
1228 1577
1231 1928
1238 1363
1245 1318
1269 1275
1274 1312
1275 1525
1275 1724
1275 1731
1275 1876
1288 1298
1288 1489
1288 1518
1288 1593
1288 1599
1290 1915
1303 1423
1309 1559
1312 1398
1312 1710
1312 1727
1312 1832
1313 1558
1317 1318
1318 1349
1318 1366
1318 1374
1318 1680
1318 1799
1318 1958
1337 1363
1356 1435
1356 1517
1356 1803
1363 1381
1363 1459
1363 1736
1363 1870
1363 1889
1372 1918
1388 1547
1388 1548
1388 1549
1388 1550
1388 1551
1414 1576
1423 1739
1423 1949
1423 1950
1426 1427
1426 1428
1426 1429
1429 1631
1429 1686
1429 1918
1429 1975
1429 1977
1447 1698
1497 1516
1514 1516
1516 1643
1540 1918
1558 1729
1559 1680
1559 1770
1559 1847
1560 1918
1576 1783
1576 1827
1577 1578
1577 1579
1577 1580
1698 1699
1844 1915
1914 1915
1934 1935
