3 625
4 1631
10 1704
12 541
13 160
18 26
22 378
22 443
22 699
25 961
26 87
26 277
26 1172
26 1488
26 1753
26 1825
30 33
31 323
32 1288
33 315
33 530
33 895
33 1035
33 1119
33 1229
33 1396
33 1530
43 49
44 1089
46 1550
49 157
49 364
49 431
49 470
49 849
49 1059
49 1306
49 1515
49 1530
51 323
51 324
54 1004
55 587
57 161
57 1550
61 307
61 642
63 537
66 153
66 1004
74 1347
77 1550
77 1806
86 1049
87 88
87 89
87 90
87 91
87 92
87 93
87 94
87 95
87 96
87 97
87 98
87 99
89 443
89 544
89 587
89 599
89 611
89 623
89 950
89 991
89 1111
89 1146
89 1177
89 1291
89 1318
89 1335
89 1363
89 1516
91 313
93 315
93 489
93 637
93 724
93 1000
93 1001
93 1002
93 1003
93 1004
93 1005
93 1006
93 1007
93 1008
93 1009
93 1010
93 1011
94 624
100 101
101 313
101 609
101 810
101 1094
101 1109
101 1139
101 1521
101 1625
101 1634
101 1846
103 1347
103 1363
110 724
112 120
112 121
115 991
116 1631
120 439
120 470
120 570
120 630
120 660
120 833
120 936
120 1087
120 1235
120 1313
121 168
121 756
121 1511
121 1917
121 1981
127 318
129 1288
133 161
133 163
133 168
142 1002
142 1004
143 471
145 161
149 153
149 160
152 1258
153 168
153 412
153 763
153 845
153 975
153 1540
153 1636
160 313
160 416
160 491
160 541
160 623
160 874
160 878
160 885
160 1288
160 1312
160 1332
160 1333
160 1334
161 168
161 247
161 341
161 537
161 581
161 730
161 793
161 1113
161 1203
161 1400
161 1722
161 1787
163 192
163 476
163 575
163 699
163 885
163 924
163 1697
163 1739
163 1849
163 1944
163 1981
164 471
164 1000
165 537
166 1516
168 313
168 405
168 547
168 565
168 632
168 698
168 833
168 919
168 961
168 1285
168 1653
168 1806
171 1146
182 323
196 443
197 961
200 1356
211 623
212 1529
219 1258
219 1806
227 662
234 699
236 1051
243 1089
244 489
249 1516
250 313
250 1388
251 1111
257 334
259 471
263 544
264 489
266 315
266 950
267 544
274 1640
276 544
277 283
279 1347
283 315
283 324
283 378
283 633
283 634
283 635
283 636
283 637
283 638
283 639
283 640
283 641
283 642
299 307
299 313
300 537
302 642
304 544
305 623
307 308
307 315
307 561
307 679
307 1235
307 1252
308 544
313 1135
313 1205
313 1522
313 1548
313 1572
313 1729
313 1793
314 315
314 318
315 323
315 423
315 470
315 552
315 698
315 705
315 884
315 1214
315 1364
315 1478
315 1529
315 1631
315 1703
315 1704
318 493
318 678
318 682
318 846
318 949
318 1077
318 1111
318 1432
318 1683
318 1870
323 747
323 1226
323 1784
323 1898
324 448
324 705
324 885
324 1132
324 1957
326 662
334 532
334 745
334 906
334 990
334 1111
334 1443
334 1546
337 626
343 627
347 625
350 1002
352 587
352 662
353 1312
357 581
360 537
366 626
369 627
369 991
369 1049
375 378
378 1315
378 1721
381 1356
386 950
386 1258
391 1000
394 1111
398 1363
408 470
425 625
426 1000
427 1004
433 950
434 443
438 471
443 604
443 1200
443 1527
443 1795
443 1985
447 1000
454 541
454 1089
458 1806
458 1807
462 627
464 1008
467 470
467 471
469 1363
470 577
470 628
470 662
470 743
470 757
470 846
470 1074
470 1089
470 1202
470 1258
470 1347
470 1518
470 1591
470 1807
471 511
471 623
471 997
471 1024
471 1025
471 1026
479 1089
481 624
482 544
486 489
486 491
488 537
489 1343
489 1439
489 1581
489 1675
489 1984
491 863
500 1111
503 1704
509 1478
519 1312
521 537
523 1008
526 1631
527 1258
531 587
533 724
535 1356
537 1204
537 1340
537 1609
537 1964
538 1640
539 540
539 541
539 542
539 543
540 1516
541 562
541 669
541 699
541 756
541 965
541 1003
541 1165
541 1307
541 1339
541 1356
541 1640
544 632
544 1019
544 1259
544 1740
546 1146
561 991
564 626
565 1089
580 581
580 587
581 691
581 740
581 1110
581 1384
581 1757
582 1516
584 950
587 836
587 837
587 838
587 839
587 840
587 841
598 1640
608 1011
610 1318
612 642
623 624
623 625
623 626
623 627
623 628
623 629
623 630
623 631
623 632
624 870
624 1058
624 1083
624 1112
624 1793
625 873
625 874
625 875
625 876
626 709
626 1562
626 1890
627 731
627 736
627 1120
627 1121
627 1122
627 1123
627 1124
627 1125
628 991
633 1011
642 689
642 944
642 960
642 1083
642 1107
642 1535
642 1857
645 699
648 1704
649 1806
661 1111
662 900
662 1069
662 1101
662 1234
662 1602
662 1638
667 699
673 991
674 1312
680 1388
684 1004
686 1478
699 794
699 1048
699 1049
699 1050
699 1051
699 1052
699 1053
702 1806
709 1364
709 1529
713 1258
714 991
718 724
724 756
724 1205
724 1206
724 1207
724 1208
728 1478
729 1347
740 1388
744 1631
745 950
761 1550
775 950
794 991
794 1000
801 1363
808 991
809 1049
817 950
817 1146
838 1640
846 1258
847 1388
862 1146
865 1011
884 1806
890 1807
898 1312
908 1011
912 1312
938 1288
949 950
950 1275
950 1397
950 1544
950 1560
950 1577
950 1664
952 1111
957 1550
960 961
961 1445
961 1842
961 1874
972 1363
988 1388
991 1092
991 1466
991 1576
991 1698
991 1861
991 1961
992 1258
998 1640
1000 1269
1000 1287
1000 1379
1000 1659
1000 1894
1000 1910
1002 1255
1002 1265
1002 1685
1002 1872
1004 1112
1004 1389
1004 1401
1004 1990
1006 1111
1008 1465
1008 1497
1008 1635
1008 1856
1008 1887
1008 1967
1011 1391
1019 1318
1031 1550
1034 1529
1049 1471
1049 1629
1049 1683
1049 1946
1051 1066
1051 1248
1051 1266
1051 1280
1051 1349
1051 1568
1051 1769
1051 1834
1055 1704
1061 1807
1065 1347
1072 1478
1087 1089
1089 1349
1089 1438
1089 1523
1089 1525
1089 1667
1111 1128
1111 1388
1111 1425
1111 1446
1111 1544
1111 1934
1142 1529
1145 1146
1146 1475
1146 1691
1146 1767
1146 1872
1146 1946
1158 1364
1163 1806
1183 1516
1202 1640
1221 1258
1238 1363
1238 1364
1245 1318
1258 1349
1258 1554
1258 1589
1261 1807
1274 1312
1288 1298
1288 1489
1288 1518
1288 1593
1288 1599
1311 1704
1312 1398
1312 1710
1312 1727
1312 1832
1317 1318
1318 1349
1318 1366
1318 1374
1318 1680
1318 1799
1318 1958
1326 1550
1337 1363
1339 1704
1341 1529
1346 1347
1347 1755
1347 1756
1356 1435
1356 1517
1356 1803
1363 1381
1363 1459
1363 1736
1363 1870
1363 1889
1364 1799
1375 1478
1388 1547
1388 1548
1388 1549
1388 1550
1388 1551
1413 1704
1429 1631
1460 1806
1478 1642
1497 1516
1504 1550
1514 1516
1516 1643
1529 1643
1550 1611
1550 1956
1573 1704
1640 1776
1704 1891
1712 1807
1727 1806
1758 1807
1806 1888
1807 1905
