1 654
1 827
4 1918
4 1919
7 1457
7 1928
9 665
10 1390
13 437
13 910
16 199
17 722
19 998
20 391
26 1825
30 32
30 33
32 37
32 44
32 224
32 286
32 474
32 616
32 1152
32 1237
32 1288
32 1422
32 1460
33 315
33 530
33 895
33 1035
33 1119
33 1229
33 1396
33 1530
34 992
34 1928
38 619
42 992
42 1492
43 44
43 51
44 108
44 123
44 159
44 234
44 388
44 532
44 570
44 691
44 696
44 806
44 882
44 951
44 1089
44 1177
44 1256
44 1265
44 1572
44 1724
47 974
48 462
50 51
50 1387
50 1624
51 110
51 322
51 323
51 324
51 325
51 326
51 327
51 328
51 329
54 1157
56 1457
58 1902
59 64
59 68
61 307
62 1617
64 99
64 222
64 426
64 547
64 838
64 843
64 1431
64 1540
64 1672
64 1698
64 1819
64 1929
64 1956
66 108
66 153
67 267
68 543
68 816
68 888
68 1055
68 1076
68 1780
68 1962
70 71
71 155
71 221
71 227
71 374
71 857
71 958
71 1242
71 1784
71 1848
73 827
74 1390
75 1524
77 391
80 1861
81 1390
83 535
85 1535
89 544
89 991
89 1516
90 108
92 536
92 811
92 992
93 1000
93 1003
97 973
99 1576
100 108
101 1094
102 571
104 857
106 722
108 156
108 312
108 391
108 545
108 609
108 885
108 1149
108 1340
108 1919
109 584
110 1026
112 115
112 120
112 123
113 818
114 166
115 117
115 298
115 300
115 571
115 675
115 790
115 991
115 1061
115 1377
115 1438
115 1439
116 1003
116 1524
118 700
118 1929
119 1915
120 439
120 470
120 570
120 630
120 660
120 833
120 936
120 1087
120 1235
120 1313
122 437
122 700
123 303
123 913
123 999
123 1062
123 1520
123 1559
123 1560
123 1774
124 1915
125 132
125 133
126 1535
129 1624
130 1403
131 813
131 1121
132 277
132 561
132 643
132 843
132 1196
132 1538
132 1764
132 1783
132 1936
133 161
133 162
133 163
133 164
133 165
133 166
133 167
133 168
135 137
135 139
136 706
137 938
137 979
137 998
137 1227
137 1250
137 1370
137 1459
137 1486
137 1925
138 159
138 174
139 193
139 656
139 696
139 1166
139 1214
139 1262
139 1610
139 1997
142 1576
142 1662
146 819
149 153
149 159
153 168
153 412
153 763
153 845
153 975
153 1540
153 1636
156 278
156 737
159 567
159 607
159 785
159 791
159 971
159 1134
159 1257
159 1502
159 1683
159 1804
159 1921
162 267
164 1000
166 295
166 505
166 591
166 706
166 750
166 836
166 894
166 973
166 1175
166 1464
166 1516
166 1913
169 170
169 171
169 172
169 173
169 174
169 175
169 176
169 177
171 1508
174 632
174 863
174 910
174 965
174 1050
174 1211
174 1538
174 1581
174 1607
174 1935
181 1662
181 1908
185 1439
187 897
187 1100
187 1903
191 819
191 894
191 1100
192 1157
194 199
196 910
197 560
198 857
199 775
199 966
199 1249
199 1412
199 1920
199 1921
200 359
200 1621
201 1535
202 278
203 700
206 1350
206 1873
209 437
209 894
210 1861
214 997
216 819
221 228
223 1350
223 1439
224 1903
226 700
226 1119
226 1524
228 290
228 737
228 1242
228 1427
228 1433
228 1446
228 1471
228 1800
229 1929
233 240
233 244
234 700
235 1508
237 996
240 325
240 708
240 1015
240 1310
240 1410
243 1089
244 436
244 437
244 489
244 739
244 948
244 1001
244 1361
244 1528
244 1747
244 1768
245 462
247 1540
247 1873
249 1516
250 1387
254 462
254 665
257 337
261 267
263 544
265 892
267 544
267 579
267 910
267 1021
267 1119
267 1242
267 1437
267 1750
267 1801
267 1850
267 1883
272 654
274 536
274 1640
275 1191
276 544
277 278
278 847
278 998
278 1149
278 1278
278 1788
278 1879
278 1922
278 1973
285 992
286 1390
287 1576
294 1943
298 813
299 307
302 696
302 1060
304 544
304 1402
307 308
307 315
307 561
307 679
307 1235
307 1252
308 544
314 317
317 375
317 453
317 516
317 543
317 883
317 1396
317 1511
317 1625
317 1733
317 1768
319 437
319 993
320 359
321 819
325 737
326 832
326 1437
327 393
327 767
327 811
327 812
327 813
327 814
327 815
327 816
327 817
327 818
327 819
327 820
328 863
328 997
337 561
337 626
337 783
337 928
337 955
337 1014
337 1831
337 1858
338 536
338 1114
340 737
343 1121
345 1554
345 1903
346 1439
352 660
354 1121
355 359
357 665
358 665
359 510
359 513
359 816
359 872
359 1537
359 1762
360 1437
363 857
369 991
370 956
383 391
384 808
384 1825
388 660
388 1350
388 1412
389 1100
390 1060
391 536
391 606
391 700
391 827
391 920
391 1000
391 1402
391 1723
391 1852
391 1876
391 1880
391 1891
396 927
397 1902
399 1439
401 1943
402 832
402 1825
405 722
407 1880
418 1060
421 668
421 992
421 1553
424 428
426 1000
428 789
428 814
428 819
428 1023
428 1042
428 1172
428 1489
428 1619
428 1679
428 1805
428 1969
430 998
431 818
434 437
435 1275
436 462
437 615
437 834
437 910
437 1065
437 1535
437 1685
437 1902
439 940
439 1554
447 1000
449 827
450 850
450 984
452 940
453 706
454 536
454 1089
455 722
459 984
462 627
462 673
462 1177
462 1405
462 1577
462 1663
462 1674
462 1761
465 1903
466 1114
470 1089
471 997
471 1026
473 973
475 892
476 1437
477 1026
477 1157
479 1089
482 544
482 1624
487 1390
488 535
488 536
489 1439
490 956
491 863
494 1114
498 863
502 1553
503 1191
507 827
515 1439
517 591
518 1508
519 1094
521 1492
523 1121
527 1256
533 1119
535 717
535 794
535 811
535 835
535 935
535 1184
535 1210
535 1355
535 1356
535 1357
536 865
536 903
536 910
536 1003
536 1090
536 1209
536 1390
536 1397
536 1508
536 1671
536 1749
536 1786
536 1858
538 1640
540 1516
540 1524
541 1003
541 1640
543 956
544 632
544 1019
544 1259
544 1740
547 561
547 818
549 818
554 1412
554 1724
556 1439
560 561
560 562
560 563
560 564
560 565
560 566
561 686
561 794
561 979
561 982
561 984
561 991
561 1060
561 1148
561 1226
561 1227
561 1228
561 1229
561 1230
561 1231
564 1883
565 1089
568 1850
570 673
571 572
571 573
571 574
571 575
571 576
571 577
571 578
571 579
574 673
574 863
576 995
580 584
580 591
582 989
582 1516
582 1662
583 1576
584 774
584 910
584 950
584 1015
584 1016
584 1303
584 1764
588 1114
591 618
591 821
591 884
591 903
591 905
591 1036
591 1276
591 1609
591 1667
591 1668
591 1669
592 1903
596 973
596 974
598 1640
606 722
607 1508
608 673
609 863
610 973
611 1412
613 1090
613 1903
615 1576
615 1918
616 619
617 1880
619 663
619 741
619 843
619 1021
619 1040
619 1337
619 1483
619 1861
620 927
622 816
627 1121
628 991
630 1617
631 1297
632 808
632 1847
634 1508
636 1724
637 940
637 1733
641 1228
642 1535
648 708
651 1387
652 1437
652 1880
653 654
654 818
654 1481
654 1818
655 984
655 1437
656 1350
659 1492
660 678
660 811
660 834
660 1100
660 1226
660 1425
660 1589
660 1617
660 1621
660 1804
660 1834
660 1867
661 997
661 1274
664 665
664 666
664 667
664 668
664 669
664 670
664 671
664 672
664 673
664 674
664 675
665 1639
665 1813
665 1941
667 1861
667 1928
668 829
668 917
668 925
668 1705
668 1743
668 1814
668 1864
668 1868
669 1114
670 1929
671 1662
672 1554
673 708
673 737
673 806
673 881
673 988
673 989
673 990
673 991
673 992
673 993
673 994
673 995
673 996
673 997
673 998
673 999
678 1847
682 1883
687 1535
688 1861
688 1902
690 1100
690 1672
693 696
696 832
696 845
696 1023
696 1157
696 1186
696 1191
696 1338
696 1554
696 1571
696 1662
696 1679
696 1865
696 1908
696 1979
697 785
700 1013
700 1122
700 1186
700 1257
700 1491
701 1060
701 1350
702 808
705 706
705 708
706 714
706 1184
706 1284
706 1853
708 756
708 1026
708 1053
708 1071
708 1096
708 1630
708 1834
708 1835
712 897
714 991
714 1932
717 998
718 722
720 1119
722 801
722 811
722 1057
722 1351
722 1757
722 1903
728 956
728 1350
729 1508
731 1932
735 1621
737 772
737 829
737 857
737 956
737 994
737 1136
737 1408
737 1474
737 1475
738 1919
747 863
747 984
747 1228
750 1621
754 1090
770 1457
773 785
773 1903
774 785
778 1492
781 785
785 793
785 1132
785 1218
785 1295
785 1736
785 1737
790 813
790 1026
794 991
794 1000
795 1789
796 1850
797 818
797 998
798 1492
801 973
802 1402
804 806
804 808
806 883
806 1107
806 1181
806 1334
806 1349
806 1408
806 1412
806 1444
806 1524
806 1565
806 1587
806 1820
806 1873
807 1228
808 969
808 991
808 1052
808 1579
808 1813
808 1853
808 1915
808 1928
808 1940
810 1274
811 850
811 974
811 987
811 1064
811 1069
811 1114
811 1376
811 1622
811 1913
813 1479
813 1927
815 857
816 851
816 894
816 1094
816 1209
816 1299
816 1368
816 1622
816 1658
816 1810
816 1847
817 1228
818 1117
818 1237
818 1672
818 1678
818 1825
818 1920
818 1932
819 1131
819 1319
819 1341
819 1492
819 1649
822 1274
824 1403
826 827
827 907
827 1076
827 1605
827 1658
827 1683
829 832
832 927
832 994
832 1001
832 1039
832 1099
832 1446
832 1499
832 1655
832 1661
832 1729
832 1853
833 1524
838 1003
838 1640
840 1724
844 1576
848 850
848 857
850 900
850 1034
852 974
853 1119
855 1540
857 891
857 892
857 893
857 894
857 895
857 896
857 897
857 898
859 1617
861 1919
863 1277
863 1493
863 1494
868 998
868 1733
870 897
870 1060
870 1825
871 1157
877 1412
884 1624
886 1439
887 1297
889 1402
892 1337
892 1595
892 1786
892 1946
894 948
894 1265
894 1300
894 1350
894 1457
894 1624
894 1680
894 1702
894 1746
894 1784
896 1908
897 957
897 958
897 1032
897 1130
897 1372
897 1447
897 1613
897 1887
899 1789
904 1114
908 1437
910 1087
910 1210
910 1225
910 1234
910 1274
910 1297
910 1703
912 1121
914 1412
927 1538
927 1635
927 1788
929 1090
930 1060
931 1403
931 1861
932 940
939 1553
940 998
940 1025
940 1726
940 1836
940 1970
941 1919
943 1114
944 1274
944 1880
948 1100
948 1672
950 1275
953 956
954 1902
956 1012
956 1218
956 1320
956 1476
956 1735
956 1805
957 1090
962 1437
965 993
965 1928
967 1662
972 1902
973 1304
973 1462
973 1776
973 1927
973 1985
974 1137
974 1656
974 1906
981 1662
982 984
984 1451
984 1453
984 1454
984 1455
984 1456
988 1847
989 1023
989 1103
989 1471
989 1715
989 1920
989 1954
991 1092
991 1466
991 1576
991 1698
991 1861
991 1961
992 1152
992 1171
992 1258
992 1900
992 1916
993 1334
993 1788
993 1808
993 1809
994 1540
995 1123
995 1313
995 1572
995 1573
996 1201
996 1501
997 1093
997 1125
997 1751
997 1992
998 1403
998 1414
998 1523
998 1640
1000 1269
1000 1287
1000 1379
1000 1659
1000 1894
1000 1910
1001 1554
1001 1915
1003 1136
1003 1216
1003 1261
1003 1454
1003 1818
1003 1820
1005 1535
1007 1100
1013 1524
1013 1919
1020 1094
1022 1119
1026 1737
1036 1412
1039 1412
1047 1060
1050 1943
1053 1662
1060 1085
1060 1394
1060 1401
1060 1536
1061 1157
1072 1724
1080 1457
1085 1672
1087 1089
1087 1090
1089 1349
1089 1438
1089 1523
1089 1525
1089 1667
1090 1425
1090 1479
1090 1565
1090 1657
1092 1094
1094 1208
1094 1515
1099 1457
1100 1317
1100 1551
1100 1744
1101 1439
1107 1724
1114 1855
1115 1119
1119 1349
1119 1451
1119 1889
1119 1901
1121 1200
1121 1373
1121 1481
1121 1540
1121 1832
1121 1846
1121 1853
1124 1908
1125 1403
1128 1576
1132 1191
1132 1672
1134 1908
1136 1733
1155 1157
1157 1221
1157 1643
1157 1810
1163 1540
1163 1825
1175 1457
1181 1662
1183 1516
1184 1191
1187 1908
1191 1398
1191 1838
1193 1403
1202 1640
1204 1929
1205 1928
1209 1390
1210 1492
1214 1524
1219 1733
1226 1733
1228 1384
1228 1450
1228 1577
1228 1694
1228 1733
1228 1759
1228 1788
1228 1789
1229 1847
1231 1928
1243 1621
1244 1902
1250 1929
1255 1789
1256 1435
1256 1443
1256 1605
1256 1639
1256 1726
1256 1996
1257 1553
1257 1554
1258 1554
1269 1274
1269 1275
1274 1312
1274 1754
1274 1875
1275 1525
1275 1724
1275 1731
1275 1876
1283 1861
1284 1880
1285 1402
1290 1297
1290 1915
1292 1908
1293 1297
1297 1310
1297 1635
1297 1678
1298 1943
1302 1402
1307 1457
1308 1672
1308 1724
1311 1932
1332 1350
1333 1929
1337 1672
1337 1902
1350 1351
1350 1352
1350 1353
1350 1354
1354 1861
1358 1624
1365 1943
1366 1508
1367 1524
1372 1918
1377 1621
1378 1919
1379 1535
1379 1624
1387 1536
1387 1672
1387 1889
1387 1899
1396 1847
1402 1456
1402 1773
1403 1404
1403 1405
1403 1406
1403 1407
1407 1437
1408 1412
1412 1553
1412 1780
1412 1804
1413 1873
1414 1576
1415 1553
1417 1672
1421 1535
1429 1918
1437 1509
1437 1671
1437 1716
1437 1917
1439 1451
1440 1662
1441 1903
1457 1741
1461 1825
1462 1850
1466 1873
1471 1624
1475 1883
1476 1724
1480 1621
1491 1919
1492 1872
1492 1951
1497 1516
1499 1554
1508 1896
1508 1974
1509 1880
1514 1516
1516 1643
1524 1525
1533 1535
1535 1826
1535 1940
1540 1571
1540 1764
1540 1834
1540 1867
1540 1918
1540 1989
1544 1617
1547 1919
1553 1946
1554 1562
1554 1960
1559 1847
1560 1918
1565 1850
1573 1617
1575 1847
1576 1783
1576 1827
1591 1733
1600 1929
1615 1617
1617 1651
1617 1686
1617 1722
1620 1621
1621 1956
1640 1776
1656 1724
1656 1733
1656 1873
1660 1902
1661 1662
1672 1702
1672 1707
1672 1742
1672 1779
1672 1813
1695 1847
1703 1724
1714 1932
1724 1854
1724 1943
1729 1789
1729 1873
1733 1746
1733 1760
1733 1945
1737 1850
1739 1883
1777 1873
1789 1822
1789 1834
1790 1883
1809 1902
1810 1902
1812 1847
1814 1825
1844 1915
1844 1932
1847 1913
1850 1937
1861 1884
1861 1893
1861 1924
1873 1885
1875 1908
1876 1908
1879 1880
1880 1911
1902 1985
1914 1915
1924 1929
1929 1964
1939 1943
