2 1006
2 1661
4 1631
4 1918
5 1423
6 1533
7 1928
10 1704
12 1690
16 199
18 26
19 998
21 501
22 378
22 443
23 501
26 87
26 277
26 1172
26 1488
26 1753
26 1825
30 33
31 323
31 999
33 315
33 530
33 895
33 1035
33 1119
33 1229
33 1396
33 1530
34 1928
35 38
36 1509
38 384
38 619
38 679
38 865
38 1020
39 468
43 47
43 49
43 50
44 388
44 696
44 806
44 1089
45 1700
47 496
47 504
47 580
47 742
47 974
47 1326
47 1327
47 1328
48 462
48 1518
49 157
49 364
49 431
49 470
49 849
49 1059
49 1306
49 1515
49 1530
50 51
50 1032
50 1387
50 1614
50 1624
50 1689
50 1711
50 1715
51 323
51 324
54 1004
54 1157
55 587
58 186
59 69
61 307
61 642
64 1540
64 1698
64 1929
66 153
66 1004
69 497
69 514
69 640
69 891
69 1276
74 1347
75 1524
80 1250
80 1861
82 1661
87 88
87 89
87 90
87 91
87 92
87 93
87 94
87 95
87 96
87 97
87 98
87 99
89 443
89 544
89 587
89 599
89 611
89 623
89 950
89 991
89 1111
89 1146
89 1177
89 1291
89 1318
89 1335
89 1363
89 1516
93 315
93 489
93 637
93 724
93 1000
93 1001
93 1002
93 1003
93 1004
93 1005
93 1006
93 1007
93 1008
93 1009
93 1010
93 1011
96 292
96 749
96 1024
96 1332
96 1643
96 1658
96 1900
96 1938
96 1955
99 1576
101 1625
103 1347
110 498
110 724
112 115
112 120
113 1250
115 117
115 298
115 300
115 571
115 675
115 790
115 991
115 1061
115 1377
115 1438
115 1439
116 1003
116 1524
116 1631
117 175
118 1929
119 461
119 1915
120 439
120 470
120 570
120 630
120 660
120 833
120 936
120 1087
120 1235
120 1313
122 1700
123 999
124 1915
126 1804
128 469
130 1403
131 1121
135 139
135 141
137 998
137 1227
137 1250
139 193
139 656
139 696
139 1166
139 1214
139 1262
139 1610
139 1997
140 1661
141 144
141 219
141 332
141 497
141 922
141 951
141 988
141 1172
141 1431
141 1710
142 1002
142 1004
142 1576
143 471
149 153
152 1258
153 168
153 412
153 763
153 845
153 975
153 1540
153 1636
154 1246
154 1533
156 278
159 1804
164 471
164 1000
166 591
166 1516
169 170
169 171
169 172
169 173
169 174
169 175
169 176
169 177
171 1146
175 234
175 308
175 467
175 516
175 968
175 1079
175 1141
175 1201
175 1345
175 1466
175 1664
175 1923
178 179
178 185
179 384
179 429
179 556
179 639
179 1184
179 1343
179 1735
179 1838
179 1887
181 517
181 1908
182 323
185 266
185 346
185 363
185 712
185 852
185 1439
185 1531
185 1641
185 1836
186 187
186 188
186 189
186 190
186 191
186 192
186 193
187 1509
188 419
188 425
188 495
188 496
188 497
188 498
188 499
188 500
188 501
188 502
188 503
188 504
188 505
189 735
192 1157
194 199
195 467
196 443
199 775
199 966
199 1249
199 1412
199 1920
199 1921
202 278
206 1350
206 1873
209 798
210 266
210 1861
212 1529
212 1955
218 1246
219 1258
220 554
220 930
223 1350
226 1524
227 662
227 1533
229 1929
233 240
237 996
240 325
240 708
240 1015
240 1310
240 1410
242 751
243 1089
244 489
245 462
247 388
247 1540
247 1873
249 1516
249 1625
251 621
251 1518
253 1574
254 462
255 672
259 471
261 266
262 1509
263 544
263 1923
264 489
266 315
266 360
266 430
266 515
266 566
266 950
266 1173
266 1448
266 1506
266 1907
267 544
271 461
274 1640
275 498
275 1191
276 544
277 278
277 280
277 283
278 847
278 998
278 1149
278 1278
278 1788
278 1879
278 1922
278 1973
279 1347
279 1574
280 329
280 380
280 476
280 517
280 576
280 896
280 1506
283 315
283 324
283 378
283 633
283 634
283 635
283 636
283 637
283 638
283 639
283 640
283 641
283 642
287 1576
290 749
299 307
301 749
302 642
302 696
303 358
304 544
307 308
307 315
307 561
307 679
307 1235
307 1252
308 544
314 315
315 323
315 423
315 470
315 552
315 698
315 705
315 884
315 1214
315 1364
315 1478
315 1529
315 1631
315 1703
315 1704
317 1625
319 993
323 747
323 1226
323 1784
323 1898
324 448
324 705
324 885
324 1132
324 1957
326 497
326 662
326 832
340 735
343 1121
346 1664
350 388
350 1002
352 587
352 662
354 1121
355 358
358 510
358 665
358 976
358 1074
358 1250
358 1339
358 1725
358 1839
358 1892
360 469
366 1423
369 991
370 714
375 378
376 1006
378 1315
378 1721
380 388
381 672
381 1423
383 384
383 388
384 474
384 616
384 808
384 915
384 1017
384 1041
384 1178
384 1183
384 1339
384 1423
384 1700
384 1751
384 1825
384 1920
384 1972
386 1258
388 621
388 660
388 1251
388 1286
388 1350
388 1412
388 1449
388 1732
388 1896
388 1957
390 1625
391 1000
393 1804
396 927
396 930
399 496
399 1955
401 459
402 832
408 470
417 496
418 1006
421 496
421 668
421 1553
426 1000
427 1004
430 998
431 1509
433 1664
434 443
436 462
438 471
439 940
441 1625
442 469
443 604
443 1200
443 1527
443 1795
443 1985
445 1955
447 498
447 1000
451 459
452 940
454 1089
456 459
456 461
458 1807
459 859
459 909
459 984
459 1112
459 1250
459 1394
459 1833
459 1849
461 467
461 1261
461 1300
461 1440
461 1441
461 1442
461 1443
461 1444
462 627
462 673
462 1177
462 1405
462 1577
462 1663
462 1674
462 1761
463 1509
464 1008
467 468
467 469
467 470
467 471
467 472
467 473
467 474
467 475
467 476
467 477
467 478
467 479
468 1385
468 1526
468 1663
469 494
469 576
469 837
469 1260
469 1265
469 1363
469 1411
469 1513
469 1637
469 1673
470 577
470 628
470 662
470 743
470 757
470 846
470 1074
470 1089
470 1202
470 1258
470 1347
470 1518
470 1591
470 1807
471 511
471 623
471 997
471 1024
471 1025
471 1026
477 1157
479 1089
482 544
486 489
488 517
489 1343
489 1439
489 1581
489 1675
489 1984
490 1246
493 994
495 1192
496 702
496 1066
496 1088
496 1181
496 1376
496 1729
497 520
497 798
497 963
497 1214
497 1215
497 1227
497 1641
497 1682
497 1689
497 1703
498 773
498 860
498 861
498 862
498 863
499 638
499 755
499 836
499 1010
499 1078
499 1320
499 1454
499 1496
499 1654
499 1757
500 1044
500 1066
500 1111
500 1375
500 1380
500 1448
500 1812
501 767
501 769
501 1113
501 1226
501 1480
501 1655
502 1553
502 1574
503 1191
503 1704
509 1478
516 517
516 520
517 591
517 837
517 930
517 939
517 994
517 1212
517 1314
517 1375
517 1413
517 1414
517 1415
520 529
520 698
520 719
520 763
520 946
520 947
520 948
523 1008
523 1121
526 1631
527 1258
531 587
532 1246
533 724
536 1003
538 1640
540 1516
540 1524
541 1003
541 1640
543 1574
544 632
544 1019
544 1259
544 1740
546 1146
548 1689
552 554
554 959
554 1299
554 1412
554 1556
554 1724
561 991
561 1227
565 1089
568 1227
570 673
574 673
576 995
579 749
579 930
580 587
580 591
582 989
582 1516
583 1576
586 714
587 836
587 837
587 838
587 839
587 840
587 841
591 618
591 821
591 884
591 903
591 905
591 1036
591 1276
591 1609
591 1667
591 1668
591 1669
598 1640
605 1664
605 1689
607 1622
608 673
608 1011
608 1689
610 1318
611 1412
612 642
615 1509
615 1576
615 1918
616 621
619 1861
620 927
621 1042
621 1380
621 1716
621 1717
621 1718
621 1719
627 1121
628 991
630 1700
632 808
633 1011
637 940
638 1423
642 689
642 944
642 960
642 1083
642 1107
642 1535
642 1857
645 999
648 708
648 1704
656 1350
660 1804
662 900
662 1069
662 1101
662 1234
662 1602
662 1638
664 665
664 666
664 667
664 668
664 669
664 670
664 671
664 672
664 673
664 674
664 675
667 1861
667 1928
668 829
668 917
668 925
668 1705
668 1743
668 1814
668 1864
668 1868
670 1929
672 725
672 795
672 1123
672 1176
672 1196
672 1354
672 1554
672 1644
672 1716
673 708
673 737
673 806
673 881
673 988
673 989
673 990
673 991
673 992
673 993
673 994
673 995
673 996
673 997
673 998
673 999
680 994
684 1004
686 1478
688 1861
693 696
696 832
696 845
696 1023
696 1157
696 1186
696 1191
696 1338
696 1554
696 1571
696 1662
696 1679
696 1865
696 1908
696 1979
701 1350
702 808
705 708
705 714
706 714
708 756
708 1026
708 1053
708 1071
708 1096
708 1630
708 1834
708 1835
709 1364
709 1529
713 1258
714 762
714 991
714 1143
714 1454
714 1490
714 1527
714 1920
714 1932
717 998
718 724
724 756
724 1205
724 1206
724 1207
724 1208
728 1350
728 1478
729 1347
731 957
734 1627
735 985
735 1201
735 1404
735 1621
735 1901
735 1911
735 1930
735 1933
737 994
739 1246
739 1423
744 1631
748 1804
749 750
749 751
749 752
749 753
749 754
749 755
749 756
751 1014
751 1249
751 1636
751 1709
751 1710
751 1711
751 1712
769 798
774 1289
775 1627
780 1700
791 798
794 991
794 1000
796 1690
797 998
798 948
798 1014
798 1073
798 1260
798 1394
798 1492
798 1593
804 806
804 808
806 883
806 1107
806 1181
806 1334
806 1349
806 1408
806 1412
806 1444
806 1524
806 1565
806 1587
806 1820
806 1873
808 969
808 991
808 1052
808 1579
808 1813
808 1853
808 1915
808 1928
808 1940
811 1622
816 1622
817 1146
817 1804
822 1006
824 1403
829 832
832 927
832 994
832 1001
832 1039
832 1099
832 1446
832 1499
832 1655
832 1661
832 1729
832 1853
833 1524
837 1690
838 1003
838 1640
844 1576
844 1689
846 1258
855 1540
859 1661
862 1146
865 1011
867 957
868 998
871 1157
876 1509
876 1923
877 1412
885 1804
886 1289
889 994
890 1574
890 1807
894 1350
896 1908
897 957
908 1011
912 1121
914 1412
923 1955
925 957
927 1538
927 1635
927 1788
930 1060
930 1314
930 1477
930 1962
931 1403
931 1861
932 940
938 1289
939 1553
940 998
940 1025
940 1726
940 1836
940 1970
950 1664
951 1627
953 957
957 1090
957 1161
957 1201
957 1215
957 1460
957 1550
957 1637
957 1731
957 1732
965 993
965 1192
965 1928
989 1023
989 1103
989 1471
989 1715
989 1920
989 1954
991 1092
991 1466
991 1576
991 1698
991 1861
991 1961
992 1258
993 1334
993 1788
993 1808
993 1809
994 1126
994 1139
994 1449
994 1533
994 1539
994 1540
994 1541
995 1123
995 1313
995 1572
995 1573
996 1201
996 1501
998 1403
998 1414
998 1523
998 1640
999 1242
999 1263
999 1444
999 1606
999 1703
1000 1269
1000 1287
1000 1379
1000 1659
1000 1894
1000 1910
1001 1915
1002 1255
1002 1265
1002 1685
1002 1872
1003 1136
1003 1216
1003 1261
1003 1454
1003 1818
1003 1820
1004 1112
1004 1389
1004 1401
1004 1990
1006 1111
1006 1564
1006 1734
1008 1465
1008 1497
1008 1635
1008 1856
1008 1887
1008 1967
1009 1923
1011 1391
1012 1440
1013 1524
1015 1923
1019 1318
1031 1664
1033 1698
1034 1529
1036 1412
1038 1664
1039 1412
1046 1627
1048 1227
1055 1704
1056 1804
1061 1157
1061 1807
1065 1347
1072 1478
1085 1201
1087 1089
1089 1349
1089 1438
1089 1523
1089 1525
1089 1667
1117 1700
1121 1200
1121 1373
1121 1481
1121 1540
1121 1832
1121 1846
1121 1853
1124 1908
1125 1403
1128 1574
1128 1576
1132 1191
1134 1908
1140 1192
1142 1529
1145 1146
1146 1475
1146 1691
1146 1767
1146 1872
1146 1946
1155 1157
1157 1221
1157 1643
1157 1810
1158 1364
1163 1540
1167 1289
1183 1516
1184 1191
1184 1192
1187 1908
1191 1398
1191 1838
1192 1263
1192 1521
1192 1627
1193 1403
1197 1201
1201 1214
1201 1250
1201 1269
1201 1475
1201 1574
1201 1604
1202 1640
1204 1929
1205 1928
1214 1524
1220 1804
1221 1258
1224 1509
1225 1250
1227 1422
1227 1604
1227 1711
1227 1722
1227 1986
1229 1689
1231 1928
1238 1364
1244 1625
1245 1318
1246 1247
1246 1248
1246 1249
1246 1250
1246 1251
1250 1265
1250 1341
1250 1627
1250 1702
1250 1929
1257 1553
1258 1349
1258 1554
1258 1589
1261 1807
1283 1861
1288 1518
1289 1335
1289 1499
1289 1627
1289 1794
1289 1961
1290 1915
1292 1908
1303 1423
1305 1440
1307 1574
1311 1704
1314 1689
1317 1318
1318 1349
1318 1366
1318 1374
1318 1680
1318 1799
1318 1958
1332 1350
1333 1929
1339 1704
1341 1529
1346 1347
1347 1755
1347 1756
1349 1804
1350 1351
1350 1352
1350 1353
1350 1354
1354 1861
1364 1799
1367 1524
1372 1918
1375 1478
1393 1533
1393 1664
1403 1404
1403 1405
1403 1406
1403 1407
1408 1412
1412 1553
1412 1780
1412 1804
1413 1704
1413 1873
1414 1576
1415 1553
1423 1739
1423 1949
1423 1950
1428 1923
1429 1631
1429 1918
1437 1509
1440 1662
1440 1872
1440 1891
1440 1946
1440 1971
1447 1698
1461 1622
1466 1873
1467 1627
1474 1509
1478 1642
1487 1661
1497 1516
1509 1627
1509 1880
1514 1516
1514 1518
1516 1643
1524 1525
1529 1643
1533 1534
1533 1535
1540 1571
1540 1764
1540 1834
1540 1867
1540 1918
1540 1989
1542 1625
1544 1625
1545 1690
1553 1946
1556 1625
1560 1918
1562 1661
1573 1704
1574 1715
1574 1780
1576 1783
1576 1827
1587 1661
1600 1929
1607 1661
1620 1622
1622 1688
1622 1689
1622 1872
1622 1936
1625 1626
1625 1627
1625 1628
1627 1687
1627 1689
1627 1895
1630 1661
1640 1776
1644 1923
1656 1873
1661 1662
1661 1663
1689 1690
1689 1691
1690 1707
1690 1810
1690 1891
1698 1699
1704 1891
1712 1807
1729 1873
1758 1807
1777 1873
1807 1905
1844 1915
1861 1884
1861 1893
1861 1924
1873 1885
1875 1908
1876 1908
1905 1923
1912 1923
1914 1915
1924 1929
1929 1964
1955 1995
