1 827
4 1918
6 1533
8 1431
12 568
16 199
20 391
30 32
31 999
32 37
32 44
32 224
32 286
32 474
32 616
32 1152
32 1237
32 1288
32 1422
32 1460
33 530
34 992
36 335
37 1354
38 619
39 138
42 992
43 44
43 45
43 46
43 47
43 48
43 49
43 50
43 51
44 108
44 123
44 159
44 234
44 388
44 532
44 570
44 691
44 696
44 806
44 882
44 951
44 1089
44 1177
44 1256
44 1265
44 1572
44 1724
51 329
52 56
54 1157
55 587
56 104
56 180
56 360
56 481
56 971
56 1290
56 1354
56 1457
56 1593
56 1849
58 1843
59 60
59 61
59 62
59 63
59 64
59 65
59 66
59 67
59 68
59 69
61 307
61 642
63 1611
64 99
64 222
64 426
64 547
64 838
64 843
64 1431
64 1540
64 1672
64 1698
64 1819
64 1929
64 1956
66 108
66 153
70 71
71 155
71 221
71 227
71 374
71 857
71 958
71 1242
71 1784
71 1848
72 953
72 1383
73 827
73 1785
74 245
75 1524
77 391
77 1559
80 934
80 1861
84 934
84 1354
89 544
89 587
89 991
90 108
90 1281
92 992
93 1000
93 1003
95 953
100 101
100 108
101 313
101 609
101 810
101 1094
101 1109
101 1139
101 1521
101 1625
101 1634
101 1846
102 1637
108 156
108 312
108 391
108 545
108 609
108 885
108 1149
108 1340
108 1919
110 1026
112 115
113 1547
115 117
115 298
115 300
115 571
115 675
115 790
115 991
115 1061
115 1377
115 1438
115 1439
116 1003
116 1524
117 175
118 700
118 1929
119 1915
121 1917
122 700
123 999
123 1559
124 1915
125 132
128 469
130 1403
131 1121
132 277
132 561
132 643
132 843
132 1196
132 1538
132 1764
132 1783
132 1936
135 138
135 139
135 141
137 979
137 1459
138 159
138 174
138 1198
138 1449
138 1590
138 1655
139 193
139 656
139 696
139 1166
139 1214
139 1262
139 1610
139 1997
141 144
141 219
141 332
141 497
141 922
141 951
141 988
141 1172
141 1431
141 1710
142 1662
145 1308
146 578
147 1409
149 153
149 159
150 1512
153 168
153 412
153 763
153 845
153 975
153 1540
153 1636
154 1533
155 1588
159 567
159 607
159 785
159 791
159 971
159 1134
159 1257
159 1502
159 1683
159 1804
159 1921
164 1000
166 591
169 170
169 171
169 172
169 173
169 174
169 175
169 176
169 177
175 234
175 308
175 467
175 516
175 968
175 1079
175 1141
175 1201
175 1345
175 1466
175 1664
175 1923
177 1512
180 979
181 517
181 1662
181 1908
187 897
191 1102
192 1157
194 199
195 838
199 775
199 966
199 1249
199 1412
199 1920
199 1921
203 700
206 1350
206 1873
210 1861
214 997
220 554
221 231
222 335
223 1350
226 700
226 1431
226 1524
227 1383
227 1533
229 1929
231 567
231 797
231 919
231 931
233 240
233 245
234 700
237 996
240 325
240 708
240 1015
240 1310
240 1410
243 1089
245 291
245 462
245 578
245 934
245 949
245 1140
245 1279
245 1303
245 1391
245 1431
245 1642
247 1540
247 1611
247 1873
253 1574
255 934
257 335
257 337
259 952
263 544
263 1923
265 952
267 544
274 1640
275 1191
276 544
279 1574
280 329
280 517
283 642
284 287
285 992
287 486
287 585
287 640
287 838
287 1001
287 1190
287 1221
287 1576
287 1609
287 1828
289 979
291 1383
292 1102
298 1308
299 307
301 1869
302 642
302 696
302 1060
304 544
304 1402
305 1309
307 308
307 315
307 561
307 679
307 1235
307 1252
308 544
309 1731
312 1512
314 317
317 375
317 453
317 516
317 543
317 883
317 1396
317 1511
317 1625
317 1733
317 1768
318 1870
319 993
320 1320
322 1577
328 997
329 744
329 980
329 1239
329 1436
329 1634
329 1769
329 1857
329 1970
330 1785
335 534
335 592
335 838
335 878
335 1300
335 1310
335 1438
335 1464
337 561
337 626
337 783
337 928
337 955
337 1014
337 1831
337 1858
343 1121
344 374
344 1577
345 1554
345 1869
346 1308
346 1664
351 568
352 587
354 1121
356 1770
360 469
360 1354
360 1727
365 374
367 1409
369 991
372 1559
374 797
374 1153
374 1181
374 1209
374 1295
374 1455
374 1611
374 1634
374 1765
376 1309
383 391
388 1350
388 1412
390 1060
391 536
391 606
391 700
391 827
391 920
391 1000
391 1402
391 1723
391 1852
391 1876
391 1880
391 1891
395 530
396 931
398 1588
405 765
407 1880
409 1844
410 838
411 1034
417 1899
418 1060
418 1869
421 668
421 992
421 1553
423 1459
423 1869
425 1308
426 1000
431 807
432 1588
433 1664
435 1275
435 1354
439 1554
442 469
447 1000
448 1034
449 827
454 1089
460 1383
462 673
462 1577
464 934
467 469
469 494
469 576
469 837
469 1260
469 1265
469 1363
469 1411
469 1513
469 1637
469 1673
470 1089
471 997
471 1026
472 1559
477 1026
477 1157
478 838
478 931
479 1089
479 1785
482 544
484 1770
487 1455
487 1843
488 517
488 530
493 994
499 1320
500 1375
502 1553
502 1574
503 1191
507 827
512 1102
516 517
517 591
517 837
517 930
517 939
517 994
517 1212
517 1314
517 1375
517 1413
517 1414
517 1415
521 1803
523 1121
525 1770
526 934
527 1256
530 531
530 556
530 576
530 1522
530 1615
530 1740
531 587
534 1740
536 1003
536 1090
538 1640
540 1524
540 1570
541 1003
541 1640
543 1354
543 1574
544 632
544 1019
544 1259
544 1740
547 561
548 1034
550 1308
552 554
553 1588
553 1803
554 959
554 1299
554 1412
554 1556
554 1724
560 561
560 563
561 686
561 794
561 979
561 982
561 984
561 991
561 1060
561 1148
561 1226
561 1227
561 1228
561 1229
561 1230
561 1231
562 592
563 1332
563 1530
563 1656
563 1740
563 1977
564 1102
565 1089
567 1102
568 616
568 651
568 962
568 1184
568 1227
568 1282
568 1638
568 1740
568 1850
568 1967
569 1547
570 673
570 1785
571 578
574 673
576 995
577 765
578 721
578 1272
578 1681
580 587
580 591
580 592
582 989
582 1662
587 836
587 837
587 838
587 839
587 840
587 841
591 618
591 821
591 884
591 903
591 905
591 1036
591 1276
591 1609
591 1667
591 1668
591 1669
592 783
592 1039
592 1326
592 1383
592 1512
592 1616
592 1634
592 1893
592 1903
598 1640
601 867
605 1664
608 673
610 1917
611 1107
611 1412
612 642
613 1090
613 1870
615 1918
616 619
617 1880
619 663
619 741
619 843
619 1021
619 1040
619 1337
619 1483
619 1861
622 1281
627 1121
628 991
629 1634
630 1731
632 1844
633 1588
634 1634
637 1733
640 931
641 1228
642 689
642 944
642 960
642 1083
642 1107
642 1535
642 1857
645 999
646 867
648 708
650 1731
652 1354
652 1880
655 931
656 1350
661 997
664 665
664 666
664 667
664 668
664 669
664 670
664 671
664 672
664 673
664 674
664 675
665 1941
666 1431
667 1861
668 829
668 917
668 925
668 1705
668 1743
668 1814
668 1864
668 1868
670 1929
671 1662
672 1354
672 1554
673 708
673 737
673 806
673 881
673 988
673 989
673 990
673 991
673 992
673 993
673 994
673 995
673 996
673 997
673 998
673 999
680 994
680 1634
688 1861
690 1281
690 1672
693 696
696 832
696 845
696 1023
696 1157
696 1186
696 1191
696 1338
696 1554
696 1571
696 1662
696 1679
696 1865
696 1908
696 1979
697 785
700 1013
700 1122
700 1186
700 1257
700 1491
701 1060
701 1320
701 1350
705 708
708 756
708 1026
708 1053
708 1071
708 1096
708 1630
708 1834
708 1835
710 1570
712 897
714 991
714 1932
715 1588
715 1637
721 1559
726 1539
728 1350
731 957
731 1932
735 1201
735 1930
737 994
747 1228
754 1090
762 1431
764 765
765 775
765 797
765 1348
765 1561
765 1770
765 1941
773 785
774 785
781 785
785 793
785 1132
785 1218
785 1295
785 1736
785 1737
787 979
790 1026
792 1308
794 991
794 1000
795 1789
796 953
800 1570
802 1402
804 806
804 807
806 883
806 1107
806 1181
806 1334
806 1349
806 1408
806 1412
806 1444
806 1524
806 1565
806 1587
806 1820
806 1873
807 904
807 1069
807 1228
807 1452
807 1502
807 1750
808 991
808 1915
812 1637
817 838
817 1228
817 1383
817 1577
818 1672
818 1932
823 953
824 1403
825 1634
826 827
827 907
827 1076
827 1605
827 1658
827 1683
830 1308
832 994
833 1524
837 1431
838 952
838 1003
838 1187
838 1270
838 1307
838 1320
838 1503
838 1547
838 1640
838 1856
838 1870
838 1899
840 1870
845 1547
847 1354
850 1034
853 953
855 1540
857 897
864 867
867 957
867 1400
867 1665
867 1691
867 1813
868 1733
869 1409
870 897
870 1060
871 1157
876 1923
877 1412
889 994
889 1402
890 1574
894 1350
896 1908
897 957
897 958
897 1032
897 1130
897 1372
897 1447
897 1613
897 1887
899 1789
905 1320
908 1570
908 1930
909 1375
909 1431
911 1577
911 1727
912 1121
914 1412
915 1570
923 1409
925 957
925 979
929 1090
930 1060
931 1126
931 1237
931 1403
931 1570
931 1671
931 1727
931 1762
931 1861
931 1862
932 934
934 935
934 1179
934 1450
934 1525
934 1693
936 1941
939 1553
944 1880
945 1547
947 1634
948 1672
949 952
950 1275
950 1577
950 1664
952 1016
952 1032
952 1108
952 1109
952 1110
952 1111
953 954
953 955
953 956
953 957
953 958
953 959
956 1320
957 1090
957 1161
957 1201
957 1215
957 1460
957 1550
957 1637
957 1731
957 1732
965 993
967 1662
972 1309
976 1512
977 1308
979 1214
979 1406
979 1413
979 1463
979 1496
980 1740
981 1512
981 1662
984 1455
986 1547
989 1023
989 1103
989 1471
989 1715
989 1920
989 1954
991 1092
991 1466
991 1576
991 1698
991 1861
991 1961
992 1152
992 1171
992 1258
992 1900
992 1916
993 1334
993 1788
993 1808
993 1809
994 1126
994 1139
994 1449
994 1533
994 1539
994 1540
994 1541
995 1123
995 1313
995 1572
995 1573
996 1201
996 1501
997 1093
997 1125
997 1751
997 1992
998 1403
998 1640
999 1242
999 1263
999 1444
999 1606
999 1703
1000 1269
1000 1287
1000 1379
1000 1659
1000 1894
1000 1910
1001 1554
1001 1915
1003 1136
1003 1216
1003 1261
1003 1454
1003 1818
1003 1820
1009 1923
1013 1524
1015 1923
1025 1375
1026 1737
1027 1034
1030 1409
1031 1664
1034 1278
1034 1354
1034 1413
1034 1529
1034 1530
1034 1531
1036 1412
1038 1664
1039 1412
1042 1281
1043 1455
1047 1060
1053 1662
1055 1512
1056 1611
1057 1637
1057 1740
1060 1085
1060 1394
1060 1401
1060 1536
1061 1157
1063 1375
1067 1844
1074 1354
1082 1308
1082 1309
1085 1201
1085 1672
1087 1089
1087 1090
1089 1349
1089 1438
1089 1523
1089 1525
1089 1667
1090 1425
1090 1479
1090 1565
1090 1657
1096 1843
1098 1930
1102 1514
1102 1681
1102 1770
1102 1844
1103 1107
1104 1577
1107 1262
1107 1281
1107 1293
1107 1314
1107 1445
1107 1459
1107 1506
1107 1643
1107 1724
1107 1869
1121 1200
1121 1373
1121 1481
1121 1540
1121 1832
1121 1846
1121 1853
1124 1908
1125 1403
1128 1574
1130 1281
1132 1191
1132 1672
1134 1908
1134 1941
1136 1309
1136 1733
1155 1157
1157 1221
1157 1643
1157 1810
1159 1611
1161 1870
1163 1540
1166 1559
1175 1459
1181 1662
1184 1191
1187 1908
1191 1398
1191 1838
1193 1403
1197 1201
1201 1214
1201 1250
1201 1269
1201 1475
1201 1574
1201 1604
1202 1512
1202 1640
1204 1929
1206 1844
1207 1930
1211 1740
1214 1524
1219 1733
1221 1803
1222 1459
1224 1383
1226 1733
1228 1384
1228 1450
1228 1577
1228 1694
1228 1733
1228 1759
1228 1788
1228 1789
1244 1899
1247 1611
1250 1929
1251 1941
1255 1789
1256 1435
1256 1443
1256 1605
1256 1639
1256 1726
1256 1996
1257 1553
1257 1554
1258 1554
1261 1869
1268 1455
1269 1275
1275 1525
1275 1724
1275 1731
1275 1876
1278 1281
1279 1803
1281 1569
1281 1641
1283 1861
1284 1880
1285 1402
1290 1915
1291 1785
1292 1908
1302 1402
1307 1574
1307 1727
1308 1461
1308 1672
1308 1724
1308 1874
1309 1383
1309 1486
1309 1559
1309 1648
1309 1987
1311 1932
1312 1727
1320 1415
1320 1472
1320 1650
1320 1968
1332 1350
1333 1929
1337 1672
1343 1637
1350 1351
1350 1352
1350 1353
1350 1354
1351 1930
1352 1727
1354 1427
1354 1447
1354 1542
1354 1702
1354 1861
1354 1922
1356 1803
1363 1459
1363 1870
1367 1524
1372 1918
1374 1459
1375 1450
1375 1478
1375 1563
1375 1705
1383 1485
1383 1573
1383 1922
1383 1966
1387 1672
1387 1899
1388 1547
1393 1533
1393 1664
1394 1930
1401 1455
1401 1611
1402 1456
1402 1773
1403 1404
1403 1405
1403 1406
1403 1407
1408 1409
1408 1412
1409 1461
1409 1731
1409 1964
1412 1553
1412 1780
1412 1804
1413 1873
1415 1431
1415 1553
1417 1672
1428 1923
1429 1918
1430 1539
1431 1435
1431 1637
1431 1774
1431 1901
1431 1970
1437 1917
1440 1662
1443 1869
1451 1740
1454 1899
1455 1494
1455 1645
1459 1705
1459 1914
1459 1967
1460 1870
1466 1873
1472 1869
1497 1869
1499 1554
1504 1731
1509 1880
1510 1512
1512 1620
1512 1790
1522 1770
1523 1941
1524 1525
1531 1803
1533 1534
1533 1535
1538 1539
1539 1976
1540 1571
1540 1764
1540 1834
1540 1867
1540 1918
1540 1989
1547 1578
1547 1818
1547 1916
1547 1919
1550 1611
1553 1946
1554 1562
1554 1960
1559 1680
1559 1770
1559 1847
1560 1918
1570 1669
1570 1828
1574 1715
1574 1780
1577 1578
1577 1579
1577 1580
1580 1930
1588 1637
1588 1916
1591 1731
1591 1733
1594 1803
1600 1929
1603 1844
1604 1740
1608 1611
1611 1792
1611 1933
1611 1939
1632 1634
1634 1751
1634 1984
1635 1637
1637 1740
1637 1803
1637 1912
1637 1913
1640 1776
1643 1930
1644 1923
1647 1727
1656 1733
1656 1873
1661 1662
1672 1702
1672 1707
1672 1742
1672 1779
1672 1813
1686 1727
1686 1770
1693 1941
1707 1740
1714 1932
1725 1785
1727 1806
1729 1789
1729 1873
1731 1775
1731 1785
1731 1820
1731 1886
1733 1746
1733 1760
1733 1945
1740 1930
1748 1899
1777 1873
1785 1854
1789 1822
1789 1834
1797 1899
1799 1917
1803 1855
1843 1844
1843 1845
1843 1846
1844 1915
1844 1917
1844 1932
1861 1884
1861 1893
1861 1924
1865 1941
1873 1885
1875 1908
1876 1908
1879 1880
1880 1911
1905 1923
1912 1923
1914 1915
1924 1929
1929 1964
