1 654
2 1661
3 800
4 1918
5 1423
6 1533
7 238
7 1457
7 1753
7 1928
12 1690
13 1353
16 199
17 722
17 1784
20 421
21 501
22 378
23 501
24 372
24 1428
25 697
26 1753
27 834
34 992
34 1928
35 38
38 384
38 619
38 679
38 865
38 1020
42 992
42 1492
42 1876
43 44
43 45
43 46
43 47
43 48
43 49
43 50
43 51
44 388
45 1700
46 70
46 312
46 546
46 597
46 697
46 844
46 1070
46 1193
46 1321
46 1489
46 1550
46 1835
46 1913
46 1936
46 1938
46 1963
46 1995
47 496
47 580
47 742
47 974
50 1387
50 1689
51 326
51 327
53 1552
54 1086
55 697
56 1457
57 161
57 1550
58 1272
58 1315
58 1525
59 69
62 284
62 326
64 1540
64 1672
64 1929
65 1846
66 153
66 1428
66 1552
69 497
69 514
69 640
69 891
69 1276
71 1784
72 1383
74 1324
77 1550
80 1250
81 795
82 1552
82 1661
83 535
84 1315
84 1367
85 1193
88 1222
92 811
92 992
92 1496
94 1321
99 580
101 1625
101 1846
103 421
104 326
106 722
106 795
110 498
112 120
113 818
113 1250
116 1134
118 1929
119 1915
119 1920
120 439
120 470
120 570
120 630
120 660
120 833
120 936
120 1087
120 1235
120 1313
121 1511
122 1700
122 1892
124 1915
127 1426
127 1745
128 469
128 1744
131 813
132 1936
133 161
134 1846
135 143
137 1227
137 1250
137 1925
140 1661
141 332
141 497
143 471
143 976
143 1306
143 1428
143 1695
145 161
145 1308
149 153
151 439
153 168
153 412
153 763
153 845
153 975
153 1540
153 1636
154 1246
154 1533
156 1552
159 1134
161 168
161 247
161 341
161 537
161 581
161 730
161 793
161 1113
161 1203
161 1400
161 1722
161 1787
166 591
169 170
169 171
169 172
169 173
169 174
169 175
169 176
169 177
173 525
173 597
173 736
173 1167
173 1268
173 1321
173 1371
173 1377
173 1679
173 1709
173 1743
173 1744
173 1745
173 1746
175 1923
179 384
179 556
181 1892
182 742
182 1709
183 326
186 188
186 189
186 190
187 190
187 1100
187 1937
188 419
188 425
188 495
188 496
188 497
188 498
188 499
188 500
188 501
188 502
188 503
188 504
188 505
189 348
189 363
189 735
189 911
189 1132
189 1321
189 1447
190 447
190 521
190 558
190 789
190 802
190 843
190 1108
190 1110
190 1360
190 1425
190 1779
191 1100
194 199
198 604
199 775
199 966
199 1249
199 1412
199 1920
199 1921
202 815
206 1873
208 247
209 288
209 798
211 288
218 1246
218 1925
220 421
225 795
226 1134
226 1496
227 662
227 1383
227 1533
229 1929
232 1268
233 235
233 238
235 441
235 640
235 748
235 752
235 1071
235 1108
235 1508
235 1552
235 1567
235 1657
235 1680
235 1691
235 1709
237 284
238 290
238 528
238 715
238 776
238 1045
238 1098
238 1746
238 1826
238 1916
240 1410
242 751
246 247
246 248
246 249
246 250
246 251
247 274
247 285
247 388
247 399
247 666
247 982
247 1183
247 1222
247 1370
247 1540
247 1611
247 1635
247 1691
247 1737
247 1819
247 1872
247 1873
247 1920
247 1996
249 1625
250 1387
251 621
254 795
256 1876
257 332
259 952
263 460
263 1923
265 952
267 1437
272 413
272 654
274 379
274 1321
275 498
276 546
283 378
284 285
284 286
284 287
284 288
284 289
284 290
284 291
284 292
285 992
286 1315
287 1609
288 395
288 484
288 670
288 776
288 839
288 983
288 1059
288 1159
288 1168
288 1203
288 1260
288 1272
291 1383
292 1745
294 413
294 580
295 1222
295 1741
296 604
297 697
298 813
298 1308
303 787
311 372
312 1709
316 1876
317 1511
317 1625
319 1367
320 697
320 1320
323 1784
326 497
326 662
326 770
326 832
326 1028
326 1437
326 1496
326 1500
326 1616
326 1749
326 1967
327 393
327 767
327 811
327 812
327 813
327 814
327 815
327 816
327 817
327 818
327 819
327 820
328 1753
329 744
332 393
332 458
332 647
332 736
332 986
332 1618
332 1780
338 1324
339 1108
340 736
343 627
343 1426
345 1554
346 1308
350 388
350 776
352 662
357 604
358 1250
358 1892
360 469
360 1437
363 1846
365 372
366 1423
369 627
370 714
371 1709
371 1876
372 396
372 615
372 618
372 1225
372 1283
372 1559
372 1566
372 1718
372 1745
375 378
375 379
376 546
377 1134
378 1315
378 1721
379 905
379 1059
379 1394
379 1442
379 1578
380 388
381 1423
383 384
383 388
384 474
384 616
384 808
384 915
384 1017
384 1041
384 1178
384 1183
384 1339
384 1423
384 1700
384 1751
384 1825
384 1920
384 1972
385 556
388 621
388 660
388 1251
388 1286
388 1350
388 1412
388 1449
388 1732
388 1896
388 1957
389 1100
390 1625
391 1876
392 395
395 503
395 530
395 617
395 786
395 834
395 1330
395 1365
395 1366
395 1367
395 1368
395 1369
396 927
397 1744
399 496
401 459
402 832
402 1315
403 413
404 736
405 722
407 744
408 776
408 905
408 1366
408 1428
412 1428
413 460
413 723
413 1117
413 1209
413 1407
413 1673
414 415
414 416
414 417
414 418
414 419
414 420
414 421
414 422
414 423
417 496
421 496
421 564
421 668
421 839
421 992
421 1005
421 1122
421 1130
421 1315
421 1513
421 1553
421 1829
423 1745
425 1308
431 818
434 439
437 834
439 657
439 812
439 940
439 1167
439 1417
439 1466
439 1525
439 1554
439 1741
439 1774
441 1625
442 469
443 604
447 498
448 1158
449 800
451 459
452 556
452 940
455 722
455 905
456 459
456 460
459 859
459 909
459 984
459 1112
459 1250
459 1394
459 1833
459 1849
460 598
460 613
460 776
460 800
460 1065
460 1105
460 1159
460 1338
460 1383
460 1565
462 627
467 469
469 494
469 576
469 837
469 1260
469 1265
469 1363
469 1411
469 1513
469 1637
469 1673
470 662
476 1437
483 1428
483 1496
484 1741
488 535
490 1246
493 994
494 1272
494 1525
495 815
495 1321
496 702
496 1066
496 1088
496 1181
496 1376
496 1729
497 520
497 798
497 963
497 1214
497 1215
497 1227
497 1641
497 1682
497 1689
497 1703
498 773
498 860
498 861
498 862
498 863
499 1320
499 1496
500 1044
500 1066
500 1111
500 1375
500 1380
500 1448
500 1812
501 767
501 769
501 1113
501 1226
501 1480
501 1655
502 1553
504 1367
509 1552
515 1108
516 520
517 591
517 994
520 529
520 698
520 719
520 763
520 946
520 947
520 948
521 1492
522 527
525 787
527 971
527 1028
527 1195
527 1255
527 1256
527 1257
527 1258
527 1259
527 1260
527 1261
530 556
532 1246
532 1260
535 717
535 794
535 811
535 835
535 935
535 1184
535 1210
535 1355
535 1356
535 1357
537 1609
543 1410
543 1496
546 941
546 1133
546 1146
546 1156
546 1739
546 1754
546 1953
547 818
548 815
548 1689
549 818
549 905
550 1308
552 556
553 1260
553 1741
555 1366
556 883
556 923
556 1299
556 1369
556 1439
556 1692
556 1741
556 1877
556 1942
561 1227
562 1920
568 1227
575 800
576 1366
577 1920
578 1272
579 795
580 581
580 582
580 583
580 584
580 585
580 586
580 587
580 588
580 589
580 590
580 591
580 592
580 593
582 989
585 787
586 714
586 1315
588 1426
591 618
591 821
591 884
591 903
591 905
591 1036
591 1276
591 1609
591 1667
591 1668
591 1669
592 1383
593 742
595 1511
596 974
604 638
604 1176
604 1236
604 1470
604 1853
604 1911
604 1914
604 1920
605 1689
606 722
608 1689
615 1918
616 621
618 1745
620 927
621 1042
621 1380
621 1716
621 1717
621 1718
621 1719
623 627
627 731
627 736
627 1120
627 1121
627 1122
627 1123
627 1124
627 1125
628 815
630 1700
632 808
635 1315
637 940
638 1423
640 776
644 1741
648 1321
651 1387
652 1437
653 654
654 818
654 1481
654 1818
655 1437
659 1268
659 1315
659 1492
660 811
660 834
660 1100
662 900
662 1069
662 1101
662 1234
662 1602
662 1638
663 1784
664 668
667 1928
667 1936
668 829
668 917
668 925
668 1705
668 1743
668 1814
668 1864
668 1868
669 1086
670 1929
672 795
672 1554
673 989
673 992
673 994
675 1745
677 1426
680 994
684 1937
685 905
690 1100
690 1672
690 1741
691 1744
693 697
694 1260
696 832
696 1554
697 785
697 1349
697 1456
701 1320
702 808
703 1268
704 1086
705 714
706 714
709 1260
709 1525
714 762
714 991
714 1143
714 1454
714 1490
714 1527
714 1920
714 1932
718 722
720 1321
720 1609
722 801
722 811
722 1057
722 1351
722 1757
722 1903
726 1539
729 1925
733 1753
734 1627
736 742
736 971
736 1086
736 1133
736 1134
736 1135
736 1136
736 1137
737 994
739 1246
739 1423
741 742
741 744
742 825
742 884
742 1120
742 1322
742 1642
742 1799
742 1851
744 799
744 916
744 1005
744 1324
744 1384
744 1631
744 1685
744 1849
744 1877
749 751
751 1014
751 1249
751 1636
751 1709
751 1710
751 1711
751 1712
752 776
761 1550
769 798
769 1134
769 1784
770 1457
772 776
773 905
775 1627
776 868
776 1005
776 1353
776 1379
776 1428
776 1905
776 1937
778 1492
780 1700
786 787
787 866
787 979
787 1316
787 1349
787 1367
787 1854
790 813
791 795
791 798
792 1308
792 1324
795 905
795 1116
795 1586
795 1789
795 1792
796 1690
797 818
798 948
798 1014
798 1073
798 1260
798 1394
798 1492
798 1593
800 855
800 1038
800 1077
800 1570
804 808
806 1873
808 969
808 991
808 1052
808 1579
808 1813
808 1853
808 1915
808 1928
808 1940
811 850
811 974
811 987
811 1064
811 1069
811 1114
811 1376
811 1622
811 1913
813 1479
813 1927
814 1272
815 857
815 866
815 1077
817 1383
818 1117
818 1237
818 1672
818 1678
818 1825
818 1920
818 1932
819 1492
829 832
829 834
830 1308
832 927
832 994
832 1001
832 1039
832 1099
832 1446
832 1499
832 1655
832 1661
832 1729
832 1853
834 948
834 1087
834 1342
834 1397
834 1398
834 1399
834 1400
836 1753
837 1690
838 952
838 1320
844 1689
845 1260
845 1324
846 1609
846 1784
851 1134
852 974
855 1272
855 1540
858 1920
859 1661
860 1367
865 1744
875 1925
876 1744
876 1923
889 994
894 1457
894 1784
899 1222
905 1238
905 1240
905 1320
905 1321
905 1322
905 1323
905 1324
905 1325
908 1437
914 1315
915 1741
916 1353
918 1745
927 1538
927 1635
927 1788
932 940
934 1525
938 1260
939 1553
940 998
940 1025
940 1726
940 1836
940 1970
945 1134
947 1745
948 1100
948 1672
949 952
951 1627
952 1016
952 1032
952 1108
952 1109
952 1110
952 1111
956 1320
957 1550
958 1086
959 1222
962 1437
964 1511
965 1928
974 1137
974 1656
974 1906
977 1308
979 1496
986 1086
988 1108
989 1023
989 1103
989 1471
989 1715
989 1920
989 1954
990 1086
992 1152
992 1171
992 1258
992 1900
992 1916
994 1126
994 1139
994 1449
994 1533
994 1539
994 1540
994 1541
1001 1554
1001 1915
1005 1525
1007 1100
1009 1923
1013 1108
1015 1923
1021 1193
1023 1846
1031 1550
1044 1741
1046 1324
1046 1627
1048 1227
1053 1525
1055 1744
1065 1108
1065 1745
1065 1846
1080 1457
1082 1308
1084 1086
1085 1672
1086 1573
1086 1808
1086 1909
1089 1525
1099 1321
1099 1457
1100 1317
1100 1551
1100 1744
1101 1496
1105 1428
1108 1158
1108 1286
1108 1646
1108 1892
1116 1268
1117 1700
1121 1540
1121 1846
1122 1222
1126 1709
1132 1672
1134 1783
1134 1829
1134 1908
1134 1941
1140 1426
1148 1367
1155 1158
1158 1364
1158 1424
1158 1450
1158 1924
1163 1540
1166 1222
1172 1925
1175 1457
1178 1892
1179 1193
1179 1321
1185 1925
1187 1937
1192 1627
1193 1403
1193 1447
1193 1465
1193 1673
1193 1708
1200 1963
1201 1250
1204 1929
1205 1928
1208 1709
1208 1937
1209 1260
1210 1492
1211 1741
1212 1963
1222 1449
1222 1459
1224 1383
1224 1937
1225 1250
1227 1422
1227 1604
1227 1711
1227 1722
1227 1986
1229 1689
1231 1928
1244 1625
1246 1247
1246 1248
1246 1249
1246 1250
1246 1251
1250 1265
1250 1341
1250 1627
1250 1702
1250 1929
1257 1552
1257 1553
1257 1554
1258 1554
1260 1278
1260 1741
1260 1834
1260 1898
1260 1905
1268 1378
1268 1432
1268 1455
1268 1827
1268 1864
1268 1981
1269 1272
1272 1947
1275 1525
1275 1876
1276 1511
1279 1321
1289 1627
1290 1915
1303 1423
1305 1936
1307 1457
1308 1461
1308 1672
1308 1724
1308 1874
1309 1383
1314 1689
1315 1564
1315 1942
1315 1997
1318 1366
1320 1415
1320 1472
1320 1650
1320 1968
1321 1370
1324 1652
1324 1813
1324 1950
1324 1965
1326 1550
1327 1892
1328 1366
1332 1410
1333 1929
1336 1963
1337 1672
1350 1353
1352 1496
1353 1532
1353 1546
1353 1580
1353 1638
1361 1876
1365 1876
1365 1936
1366 1508
1366 1699
1367 1474
1367 1524
1367 1667
1367 1980
1370 1936
1371 1937
1372 1918
1378 1963
1383 1485
1383 1573
1383 1922
1383 1966
1385 1892
1387 1536
1387 1672
1387 1889
1387 1899
1388 1550
1393 1533
1393 1709
1407 1437
1408 1410
1410 1745
1412 1553
1413 1873
1415 1553
1417 1672
1423 1739
1423 1949
1423 1950
1426 1427
1426 1428
1426 1429
1428 1716
1428 1813
1428 1923
1429 1918
1430 1539
1437 1509
1437 1671
1437 1716
1437 1917
1448 1753
1451 1920
1452 1511
1453 1937
1457 1741
1466 1873
1467 1627
1485 1892
1487 1661
1492 1872
1492 1951
1495 1496
1496 1526
1499 1554
1501 1525
1501 1892
1504 1550
1509 1627
1510 1511
1511 1579
1511 1681
1511 1709
1511 1958
1519 1552
1524 1525
1525 1562
1533 1534
1533 1535
1538 1539
1539 1976
1540 1571
1540 1764
1540 1834
1540 1867
1540 1918
1540 1989
1542 1625
1544 1625
1544 1963
1545 1690
1550 1611
1550 1956
1553 1946
1554 1562
1554 1960
1556 1625
1560 1918
1562 1661
1587 1661
1598 1753
1600 1929
1607 1661
1608 1609
1616 1744
1622 1689
1622 1936
1625 1626
1625 1627
1625 1628
1627 1687
1627 1689
1627 1895
1630 1661
1644 1923
1649 1744
1656 1873
1661 1662
1661 1663
1666 1709
1666 1936
1672 1702
1672 1707
1672 1742
1672 1779
1672 1813
1689 1690
1689 1691
1690 1707
1690 1810
1690 1891
1693 1892
1705 1920
1709 1753
1709 1988
1712 1925
1716 1937
1725 1784
1729 1873
1739 1753
1741 1745
1741 1859
1742 1920
1744 1784
1744 1846
1744 1881
1744 1952
1745 1815
1752 1892
1777 1873
1784 1910
1784 1981
1800 1963
1834 1846
1843 1846
1844 1915
1846 1944
1850 1937
1856 1920
1873 1885
1876 1892
1876 1908
1891 1892
1905 1923
1912 1923
1914 1915
1920 1925
1920 1992
1924 1929
1929 1964
