17 1784
21 501
23 501
42 1492
44 696
51 326
59 62
62 284
62 326
62 333
62 340
62 479
62 946
62 967
62 990
62 1021
62 1617
62 1783
62 1891
69 497
71 1784
104 326
116 1134
139 696
141 497
159 1134
183 326
188 497
188 501
196 769
202 769
209 798
226 1134
227 662
267 1437
271 769
302 696
323 1784
326 497
326 662
326 770
326 832
326 1028
326 1437
326 1496
326 1500
326 1616
326 1749
326 1967
352 662
360 1437
377 1134
402 832
435 1033
470 662
476 1437
497 520
497 798
497 963
497 1214
497 1215
497 1227
497 1641
497 1682
497 1689
497 1703
501 767
501 769
501 1113
501 1226
501 1480
501 1655
515 1033
521 1492
603 769
652 1437
655 1437
659 1492
662 900
662 1069
662 1101
662 1234
662 1602
662 1638
663 1784
693 696
696 832
696 845
696 1023
696 1157
696 1186
696 1191
696 1338
696 1554
696 1571
696 1662
696 1679
696 1865
696 1908
696 1979
736 1134
764 769
769 798
769 1033
769 1099
769 1134
769 1314
769 1594
769 1784
778 1492
791 798
798 948
798 1014
798 1073
798 1260
798 1394
798 1492
798 1593
819 1492
829 832
832 927
832 994
832 1001
832 1039
832 1099
832 1446
832 1499
832 1655
832 1661
832 1729
832 1853
846 1784
851 1134
894 1784
908 1437
945 1134
962 1437
1027 1033
1033 1254
1033 1286
1033 1352
1033 1451
1033 1698
1033 1790
1134 1783
1134 1829
1134 1908
1134 1941
1210 1492
1407 1437
1437 1509
1437 1671
1437 1716
1437 1917
1492 1872
1492 1951
1725 1784
1744 1784
1784 1910
1784 1981
