4 1526
18 19
18 20
18 21
18 22
18 23
18 24
18 25
18 26
18 27
18 28
18 29
21 180
24 110
24 125
24 180
24 314
24 372
24 426
24 780
24 881
24 1074
24 1200
24 1408
24 1427
24 1428
24 1968
24 1979
39 180
45 1700
51 110
56 180
66 1428
91 110
92 1526
100 110
110 498
110 686
110 724
110 1026
110 1137
110 1139
110 1635
110 1885
122 1700
125 126
125 127
125 128
125 129
125 130
125 131
125 132
125 133
125 134
143 1428
178 180
180 308
180 394
180 407
180 476
180 705
180 977
180 978
180 979
180 980
180 981
249 1526
258 981
311 372
330 1526
331 1526
365 372
372 396
372 615
372 618
372 1225
372 1283
372 1559
372 1566
372 1718
372 1745
384 1700
404 1968
408 1428
412 1428
425 780
468 1526
471 1026
477 1026
483 1428
508 780
610 981
630 1700
708 1026
715 978
743 780
761 780
772 780
776 1428
780 839
780 960
780 1172
780 1374
780 1526
780 1700
790 1026
917 981
939 1526
963 978
978 1867
981 1189
981 1226
981 1283
981 1466
981 1512
981 1662
1026 1737
1105 1428
1117 1700
1140 1526
1267 1526
1284 1968
1320 1968
1426 1428
1428 1716
1428 1813
1428 1923
1496 1526
1660 1968
1681 1968
1887 1968
