8 1431
59 64
64 99
64 222
64 426
64 547
64 838
64 843
64 1431
64 1540
64 1672
64 1698
64 1819
64 1929
64 1956
74 245
102 1637
109 128
125 128
128 148
128 192
128 208
128 294
128 376
128 469
128 1605
128 1717
128 1744
135 141
141 144
141 219
141 332
141 497
141 922
141 951
141 988
141 1172
141 1431
141 1710
155 1588
209 494
226 1431
233 245
245 291
245 462
245 578
245 934
245 949
245 1140
245 1279
245 1303
245 1391
245 1431
245 1642
309 494
360 469
398 1588
432 1588
442 469
457 1415
467 469
469 494
469 576
469 837
469 1260
469 1265
469 1363
469 1411
469 1513
469 1637
469 1673
481 494
486 494
494 1114
494 1120
494 1272
494 1525
494 1527
494 1958
517 1415
521 1803
530 1740
534 1740
544 1740
553 1588
553 1803
560 563
563 1332
563 1530
563 1656
563 1740
563 1977
568 1740
633 1588
666 1431
715 1588
715 1637
731 957
762 1431
812 1637
837 1431
867 957
897 957
909 1431
916 1415
925 957
953 957
957 1090
957 1161
957 1201
957 1215
957 1460
957 1550
957 1637
957 1731
957 1732
980 1740
1017 1415
1057 1637
1057 1740
1211 1740
1221 1803
1279 1803
1320 1415
1343 1637
1356 1803
1411 1415
1415 1421
1415 1431
1415 1498
1415 1553
1415 1701
1415 1702
1431 1435
1431 1637
1431 1774
1431 1901
1431 1970
1451 1740
1531 1803
1588 1637
1588 1916
1594 1803
1604 1740
1635 1637
1637 1740
1637 1803
1637 1912
1637 1913
1707 1740
1740 1930
1803 1855
