22 443
48 1518
87 89
89 443
89 544
89 587
89 599
89 611
89 623
89 950
89 991
89 1111
89 1146
89 1177
89 1291
89 1318
89 1335
89 1363
89 1516
132 1538
174 1538
188 500
196 443
228 1471
246 247
246 248
246 249
246 250
246 251
250 1388
251 321
251 350
251 365
251 406
251 566
251 608
251 621
251 1047
251 1111
251 1471
251 1518
251 1538
251 1668
251 1707
259 952
265 952
270 1668
272 1538
318 1111
334 1111
346 1471
388 621
394 1111
434 443
443 604
443 1200
443 1527
443 1795
443 1985
470 1518
500 1044
500 1066
500 1111
500 1375
500 1380
500 1448
500 1812
591 1668
610 1471
616 621
621 1042
621 1380
621 1716
621 1717
621 1718
621 1719
649 1538
661 1111
680 1388
740 1388
760 1471
802 1471
838 952
841 1471
847 1388
851 1668
927 1538
949 952
950 1544
952 1016
952 1032
952 1108
952 1109
952 1110
952 1111
988 1388
989 1471
1006 1111
1049 1471
1052 1668
1055 1668
1111 1128
1111 1388
1111 1425
1111 1446
1111 1544
1111 1934
1154 1538
1212 1544
1254 1471
1288 1518
1351 1544
1388 1547
1388 1548
1388 1549
1388 1550
1388 1551
1471 1624
1471 1965
1514 1518
1538 1539
1538 1875
1543 1544
1544 1617
1544 1625
1544 1644
1544 1963
1544 1985
1605 1668
1641 1668
1668 1964
