7 1432
16 145
19 730
22 144
58 1902
67 730
72 1519
89 1363
103 1363
141 144
144 145
144 146
144 147
144 148
145 161
145 171
145 291
145 717
145 730
145 903
145 915
145 1303
145 1308
145 1420
145 1432
145 1519
145 1895
157 171
161 730
169 171
171 182
171 1079
171 1146
171 1346
171 1361
171 1508
210 730
223 727
298 1308
305 1309
316 933
318 1432
336 727
346 1308
376 1309
393 1519
397 1902
398 1363
419 1420
425 1308
431 972
437 1902
451 1519
469 1363
487 972
503 1432
550 1308
577 1420
593 1432
596 972
608 972
688 1902
704 933
727 728
727 729
727 730
727 731
727 732
727 733
730 884
730 917
730 972
730 1443
730 1569
730 1750
730 1758
792 1308
801 1363
828 972
830 1308
836 972
884 1432
900 933
932 933
933 972
933 1248
933 1481
933 1945
954 1902
972 1309
972 1363
972 1587
972 1821
972 1902
977 1308
1082 1308
1082 1309
1136 1309
1238 1363
1244 1902
1266 1519
1268 1432
1308 1461
1308 1672
1308 1724
1308 1874
1309 1383
1309 1486
1309 1559
1309 1648
1309 1987
1337 1363
1337 1902
1363 1381
1363 1459
1363 1736
1363 1870
1363 1889
1420 1421
1432 1433
1432 1434
1432 1435
1432 1436
1514 1519
1519 1528
1519 1552
1519 1820
1660 1902
1809 1902
1810 1902
1902 1985
