0 2
1 243
1 654
1 827
1 1176
2 197
2 212
2 385
2 1006
2 1073
2 1361
2 1450
2 1661
2 1697
2 1984
3 625
4 1251
4 1918
4 1919
5 789
6 1545
7 1457
8 1431
9 665
10 1390
11 789
11 1914
12 541
12 1690
13 160
13 437
13 910
13 1619
16 1578
17 1784
18 28
19 730
20 391
20 1931
22 443
22 699
24 125
24 1428
26 1825
28 146
28 357
28 418
28 689
28 755
28 868
28 1053
28 1794
28 1979
30 32
30 33
32 37
32 44
32 224
32 286
32 474
32 616
32 1152
32 1237
32 1288
32 1422
32 1460
33 315
33 530
33 895
33 1035
33 1119
33 1229
33 1396
33 1530
41 1262
42 1492
42 1876
43 44
43 45
43 46
43 47
43 48
43 49
43 50
43 51
44 108
44 123
44 159
44 234
44 388
44 532
44 570
44 691
44 696
44 806
44 882
44 951
44 1089
44 1177
44 1256
44 1265
44 1572
44 1724
48 462
48 1518
49 470
50 1387
51 327
53 126
54 1157
56 1457
57 576
57 1826
58 1843
58 1902
59 64
59 68
60 1931
62 284
62 1617
64 99
64 222
64 426
64 547
64 838
64 843
64 1431
64 1540
64 1672
64 1698
64 1819
64 1929
64 1956
65 1846
65 1914
65 1921
66 108
66 153
66 1428
67 267
67 730
68 543
68 816
68 888
68 1055
68 1076
68 1780
68 1962
71 1242
71 1784
71 1848
72 953
72 1383
72 1705
73 827
74 245
74 1347
74 1390
75 1524
77 391
81 1390
81 1695
82 1661
83 1127
85 570
85 1262
85 1535
86 1049
86 1578
88 1222
89 443
89 544
89 623
89 1516
90 108
90 154
90 1281
91 313
92 536
93 1000
93 1003
94 624
95 953
96 1643
99 464
100 108
101 313
101 1094
101 1846
102 1637
103 1347
105 1543
107 451
108 156
108 312
108 391
108 545
108 609
108 885
108 1149
108 1340
108 1919
109 584
109 954
112 123
113 818
114 565
116 1003
116 1134
116 1524
118 243
118 700
118 1929
119 1920
120 439
120 470
120 570
120 660
121 1917
122 437
122 700
123 303
123 913
123 999
123 1062
123 1520
123 1559
123 1560
123 1774
125 126
125 127
125 128
125 129
125 130
125 131
125 132
125 133
125 134
126 151
126 215
126 663
126 1029
126 1273
126 1484
126 1535
126 1747
126 1804
126 1997
127 1745
128 469
130 911
130 1403
131 813
131 1121
132 843
132 1538
133 163
134 1846
135 136
135 140
135 141
136 296
136 368
136 427
136 706
136 1042
136 1567
137 1925
138 159
138 174
138 1449
139 1262
140 222
140 445
140 667
140 746
140 791
140 971
140 1278
140 1460
140 1661
140 1862
141 144
141 219
141 332
141 497
141 922
141 951
141 988
141 1172
141 1431
141 1710
142 902
143 471
143 1428
143 1695
145 730
145 1308
146 578
146 819
149 153
149 154
149 159
149 160
151 439
152 1258
153 168
153 412
153 763
153 845
153 975
153 1540
153 1636
154 212
154 733
154 1176
154 1246
154 1429
154 1533
155 1588
156 1543
158 1826
159 567
159 607
159 785
159 791
159 971
159 1134
159 1257
159 1502
159 1683
159 1804
159 1921
160 313
160 416
160 491
160 541
160 623
160 874
160 878
160 885
160 1288
160 1312
160 1332
160 1333
160 1334
161 581
161 730
162 267
163 192
163 476
163 575
163 699
163 885
163 924
163 1697
163 1739
163 1849
163 1944
163 1981
164 471
164 1000
166 1516
168 313
168 565
169 170
169 171
169 172
169 173
169 174
169 175
169 176
169 177
171 1508
173 1745
174 632
174 863
174 910
174 965
174 1050
174 1211
174 1538
174 1581
174 1607
174 1935
176 843
178 181
179 556
180 977
181 517
181 555
181 1075
181 1333
181 1349
181 1449
181 1662
181 1800
181 1892
181 1908
182 357
182 954
184 596
184 1910
187 1100
189 911
190 789
190 843
191 819
191 1100
192 1157
192 1575
195 924
196 443
196 910
196 911
198 604
199 1920
199 1921
200 359
200 1621
201 1535
202 815
203 700
203 789
206 1350
206 1873
209 288
209 437
209 451
209 824
210 730
210 1449
211 288
211 623
212 1529
215 243
216 819
218 1925
219 523
219 1258
223 727
223 1350
226 700
226 1119
226 1134
226 1431
226 1524
226 1643
227 1383
227 1619
228 1242
229 1929
233 243
233 244
233 245
234 699
234 700
235 1508
237 284
238 776
238 1826
240 1410
243 644
243 1077
243 1089
243 1343
243 1651
244 436
244 437
244 489
244 739
244 948
244 1001
244 1361
244 1528
244 1747
244 1768
245 291
245 462
245 578
245 934
245 949
245 1140
245 1279
245 1303
245 1391
245 1431
245 1642
247 388
247 1222
247 1540
247 1873
247 1920
249 1516
250 313
250 1387
251 621
251 1518
251 1538
254 462
254 665
254 1874
255 672
255 954
256 1876
259 471
259 1251
261 267
263 460
263 544
267 544
267 579
267 910
267 1021
267 1119
267 1242
267 1437
267 1750
267 1801
267 1850
267 1883
268 269
269 663
269 1025
269 1142
269 1219
269 1238
269 1251
269 1345
269 1838
269 1959
270 523
272 654
272 1262
272 1538
274 379
274 536
274 1640
276 544
276 550
277 280
279 1347
280 329
280 380
280 476
280 517
280 576
280 896
280 1506
282 596
284 285
284 286
284 287
284 288
284 289
284 290
284 291
284 292
286 1390
288 395
288 484
288 670
288 776
288 839
288 983
288 1059
288 1159
288 1168
288 1203
288 1260
288 1272
291 1383
292 1745
295 1222
295 1741
296 604
298 813
298 1308
299 313
301 1869
301 1874
304 544
304 1402
305 623
307 1252
308 544
309 523
313 1135
313 1205
313 1522
313 1548
313 1572
313 1729
313 1793
315 470
315 1529
316 1082
316 1876
318 949
319 437
320 359
320 1320
321 819
323 1784
326 832
326 1437
327 393
327 767
327 811
327 812
327 813
327 814
327 815
327 816
327 817
327 818
327 819
327 820
328 863
336 727
336 1619
336 1848
336 1874
337 626
338 536
338 1643
342 352
342 354
343 1121
344 954
345 1869
346 1308
347 625
349 949
350 388
350 776
351 570
352 365
352 587
352 659
352 660
352 661
352 662
352 663
354 406
354 457
354 472
354 1039
354 1091
354 1099
354 1121
354 1208
354 1352
354 1849
354 1948
355 357
355 359
357 369
357 581
357 603
357 604
357 665
357 1149
357 1163
357 1248
357 1425
357 1716
358 665
359 510
359 513
359 816
359 872
359 1537
359 1762
360 469
360 1437
363 1846
365 368
366 626
368 479
368 543
368 605
368 954
368 1467
368 1484
368 1608
368 1765
368 1837
369 1049
371 1876
372 1745
375 379
377 1134
379 905
379 1059
379 1394
379 1442
379 1578
380 388
381 672
381 911
383 388
383 391
384 1825
384 1920
385 556
386 1258
388 621
388 660
388 1251
388 1286
388 1350
388 1412
388 1449
388 1732
388 1896
388 1957
389 1100
390 1362
391 536
391 606
391 700
391 827
391 920
391 1000
391 1402
391 1723
391 1852
391 1876
391 1880
391 1891
392 395
394 962
394 1543
395 503
395 530
395 617
395 786
395 834
395 1330
395 1365
395 1366
395 1367
395 1368
395 1369
397 1902
398 1588
402 832
402 1825
404 1705
406 1910
407 1880
408 470
408 776
408 1428
412 1428
412 1454
413 460
415 1262
416 1545
418 1869
421 1553
423 1745
423 1869
424 428
425 625
425 1308
426 1000
428 789
428 814
428 819
428 1023
428 1042
428 1172
428 1489
428 1619
428 1679
428 1805
428 1969
429 1449
431 818
431 972
431 1931
432 1588
434 437
434 439
434 443
436 462
436 464
437 615
437 834
437 910
437 1065
437 1535
437 1685
437 1902
438 471
439 657
439 812
439 940
439 1167
439 1417
439 1466
439 1525
439 1554
439 1741
439 1774
440 1127
441 1205
442 469
443 604
443 1200
443 1527
443 1795
443 1985
445 1103
447 1000
449 827
450 984
451 459
451 679
451 781
451 1519
451 1643
451 1721
452 556
454 536
454 541
454 1089
455 902
456 460
457 1415
457 1643
457 1910
458 1807
459 984
460 598
460 613
460 776
460 800
460 1065
460 1105
460 1159
460 1338
460 1383
460 1565
462 627
462 673
462 1177
462 1405
462 1577
462 1663
462 1674
462 1761
464 934
464 1008
464 1068
464 1400
464 1424
464 1545
464 1551
464 1725
464 1905
464 1906
467 469
467 470
467 471
469 494
469 576
469 837
469 1260
469 1265
469 1363
469 1411
469 1513
469 1637
469 1673
470 577
470 628
470 662
470 743
470 757
470 846
470 1074
470 1089
470 1202
470 1258
470 1347
470 1518
470 1591
470 1807
471 511
471 623
471 997
471 1024
471 1025
471 1026
473 1081
476 1127
476 1437
477 1157
478 1558
479 954
479 1089
481 624
482 544
483 1428
484 1741
487 972
487 1390
487 1843
488 536
491 863
493 994
493 1619
493 1701
495 815
498 863
499 1320
499 1454
502 924
502 1553
503 789
505 1558
507 827
508 954
512 949
515 1103
517 994
517 1415
518 1508
519 1094
521 1492
521 1803
522 523
523 698
523 1008
523 1121
523 1296
523 1462
523 1907
523 1926
527 1256
527 1258
527 1260
530 556
530 576
532 1260
533 1119
534 1578
536 865
536 903
536 910
536 1003
536 1090
536 1209
536 1390
536 1397
536 1508
536 1671
536 1749
536 1786
536 1858
538 1242
538 1640
539 540
539 541
539 542
539 543
540 1516
540 1524
541 562
541 669
541 699
541 756
541 965
541 1003
541 1165
541 1307
541 1339
541 1356
541 1640
543 1410
543 1558
544 632
544 1019
544 1259
544 1740
545 1695
547 818
548 815
548 1081
549 576
549 818
550 729
550 738
550 941
550 1037
550 1187
550 1308
550 1683
550 1712
550 1780
550 1977
552 556
553 1260
553 1588
553 1741
553 1803
556 883
556 923
556 1299
556 1369
556 1439
556 1692
556 1741
556 1877
556 1942
560 565
561 984
562 1920
564 626
564 1883
565 814
565 817
565 868
565 1089
565 1317
565 1335
566 1252
568 962
568 1850
569 829
570 673
570 1171
570 1287
570 1369
570 1501
570 1785
571 576
571 578
574 863
575 801
576 995
576 1015
576 1366
576 1450
576 1451
576 1452
577 1920
578 721
578 1272
578 1681
580 581
580 584
581 691
581 740
581 1110
581 1384
581 1757
582 924
582 1516
584 774
584 910
584 950
584 1015
584 1016
584 1303
584 1764
590 902
592 1383
594 596
595 1205
596 600
596 636
596 788
596 972
596 973
596 974
596 975
596 976
597 1619
597 1874
598 1640
600 789
604 638
604 1176
604 1236
604 1470
604 1853
604 1911
604 1914
604 1920
607 1508
607 1622
608 972
609 863
610 1917
611 789
611 1107
613 1090
615 1918
616 621
617 1880
618 1745
619 843
621 1042
621 1380
621 1716
621 1717
621 1718
621 1719
622 816
622 1281
623 624
623 625
623 626
623 627
623 628
623 629
623 630
623 631
623 632
624 870
624 1058
624 1083
624 1112
624 1793
625 873
625 874
625 875
625 876
626 709
626 1562
626 1890
627 1121
628 815
630 1617
631 1297
632 1847
633 1588
634 1508
638 1786
640 776
642 1107
642 1535
644 1741
645 699
648 1252
649 1538
650 1449
651 1387
651 1623
652 1437
652 1880
653 654
654 818
654 1481
654 1818
655 984
655 1437
656 1350
659 1492
660 678
660 811
660 834
660 1100
660 1226
660 1425
660 1589
660 1617
660 1621
660 1804
660 1834
660 1867
661 1274
663 1784
664 665
664 672
665 1639
665 1813
665 1941
666 1431
667 699
668 829
668 1705
670 1929
672 725
672 795
672 1123
672 1176
672 1196
672 1354
672 1554
672 1644
672 1716
673 806
673 994
673 995
675 1745
675 1921
678 1847
680 994
680 1176
682 1883
686 1545
687 1535
688 1902
689 824
690 1100
690 1281
690 1558
690 1672
690 1741
692 1848
694 1260
696 832
696 1157
697 785
699 794
699 1048
699 1049
699 1050
699 1051
699 1052
699 1053
700 1013
700 1122
700 1186
700 1257
700 1491
701 1320
701 1350
704 1642
707 1642
709 789
709 1260
709 1529
709 1805
713 1258
714 1454
714 1920
714 1932
715 1588
715 1637
720 1119
721 1558
722 801
724 1205
727 728
727 729
727 730
727 731
727 732
727 733
728 962
728 1350
729 1347
729 1508
729 1925
730 884
730 917
730 972
730 1443
730 1569
730 1750
730 1758
731 1910
731 1932
735 1621
735 1930
736 1134
737 829
737 994
738 1919
742 1642
747 863
747 984
750 1621
752 776
753 1575
754 1090
762 1431
762 1578
767 1449
767 1578
768 1874
769 1134
769 1784
770 1457
771 1921
772 776
773 785
774 785
776 868
776 1005
776 1353
776 1379
776 1428
776 1905
776 1937
778 1449
778 1492
781 785
785 793
785 1132
785 1218
785 1295
785 1736
785 1737
788 1242
789 790
790 813
792 1308
794 1000
794 1642
796 824
796 953
796 1690
796 1850
797 818
798 1260
798 1492
799 1081
801 842
801 895
801 915
801 973
801 1052
801 1363
801 1397
801 1695
802 1402
804 806
806 883
806 1107
806 1181
806 1334
806 1349
806 1408
806 1412
806 1444
806 1524
806 1565
806 1587
806 1820
806 1873
809 1049
810 1274
811 1622
812 1637
813 1479
813 1927
815 857
815 866
815 1077
816 851
816 894
816 1094
816 1209
816 1299
816 1368
816 1622
816 1658
816 1810
816 1847
817 1383
818 1117
818 1237
818 1672
818 1678
818 1825
818 1920
818 1932
819 1131
819 1319
819 1341
819 1492
819 1649
821 1848
822 1251
822 1274
823 953
824 1044
824 1403
824 1449
824 1580
824 1686
824 1687
824 1688
826 827
827 907
827 1076
827 1605
827 1658
827 1683
828 949
828 972
829 830
829 831
829 832
829 833
829 834
829 835
830 1308
832 927
832 994
832 1001
832 1039
832 1099
832 1446
832 1499
832 1655
832 1661
832 1729
832 1853
833 1524
836 972
837 1251
837 1431
837 1690
837 1914
838 1003
838 1320
838 1640
842 843
843 987
843 1641
843 1817
845 1260
846 1258
846 1784
851 1134
852 954
853 953
853 1119
855 1540
858 902
858 1920
859 1617
859 1661
861 1919
863 1277
863 1493
863 1494
866 1642
870 1825
871 1157
875 1454
875 1701
875 1826
875 1925
879 1248
880 1127
884 962
887 1297
889 994
889 1402
890 1242
890 1807
891 1242
892 1786
894 1350
894 1457
894 1784
899 1222
902 1174
902 1218
902 1695
905 1320
908 1437
908 1930
909 1431
910 1087
910 1210
910 1225
910 1234
910 1274
910 1297
910 1703
911 1187
911 1454
911 1577
911 1727
911 1728
911 1729
911 1730
912 1121
912 1127
912 1705
915 1741
916 1415
916 1543
916 1695
918 1745
924 1065
924 1095
924 1466
924 1679
927 1538
929 1090
929 1362
931 1403
933 972
933 1248
938 1260
939 1553
941 1919
944 1274
944 1449
944 1880
945 1134
947 1745
948 1100
948 1672
949 950
949 951
949 952
951 962
953 954
953 955
953 956
953 957
953 958
953 959
954 986
954 1038
954 1249
954 1252
954 1419
954 1425
954 1504
954 1520
954 1558
954 1578
954 1604
954 1691
954 1902
954 1946
956 1320
956 1805
957 1090
957 1637
959 1222
960 962
961 1874
962 1437
962 1546
962 1815
962 1945
972 1309
972 1363
972 1587
972 1821
972 1902
977 1308
977 1468
977 1842
977 1882
982 984
984 1451
984 1453
984 1454
984 1455
984 1456
988 1847
989 1103
989 1920
991 1698
992 1258
994 1126
994 1139
994 1449
994 1533
994 1539
994 1540
994 1541
995 1123
995 1313
995 1572
995 1573
998 1403
998 1640
999 1242
1000 1269
1000 1287
1000 1379
1000 1659
1000 1894
1000 1910
1003 1136
1003 1216
1003 1261
1003 1454
1003 1818
1003 1820
1005 1535
1007 1100
1013 1524
1013 1910
1013 1919
1017 1415
1017 1543
1020 1094
1022 1119
1023 1846
1033 1698
1034 1529
1038 1826
1041 1910
1042 1281
1044 1741
1047 1578
1049 1471
1049 1629
1049 1683
1049 1946
1051 1248
1052 1176
1056 1251
1057 1637
1058 1921
1061 1157
1061 1807
1065 1347
1065 1454
1065 1745
1065 1846
1067 1786
1071 1252
1075 1103
1078 1081
1078 1082
1080 1457
1081 1128
1081 1488
1081 1910
1082 1305
1082 1306
1082 1307
1082 1308
1082 1309
1082 1310
1085 1672
1087 1089
1087 1090
1089 1349
1089 1438
1089 1523
1089 1525
1089 1667
1090 1425
1090 1479
1090 1565
1090 1657
1092 1094
1093 1558
1094 1208
1094 1515
1096 1843
1098 1805
1098 1930
1099 1457
1100 1317
1100 1551
1100 1744
1103 1104
1103 1105
1103 1106
1103 1107
1105 1262
1105 1428
1107 1262
1107 1281
1107 1293
1107 1314
1107 1445
1107 1459
1107 1506
1107 1643
1107 1724
1107 1869
1109 1252
1115 1119
1116 1242
1119 1349
1119 1451
1119 1889
1119 1901
1121 1200
1121 1373
1121 1481
1121 1540
1121 1832
1121 1846
1121 1853
1122 1222
1125 1403
1127 1176
1127 1322
1127 1494
1128 1575
1130 1281
1130 1449
1132 1619
1132 1672
1134 1783
1134 1829
1134 1908
1134 1941
1140 1242
1142 1529
1142 1786
1147 1545
1154 1538
1155 1157
1157 1221
1157 1643
1157 1810
1159 1805
1163 1540
1163 1701
1163 1825
1166 1222
1172 1925
1174 1176
1175 1457
1176 1448
1176 1469
1176 1545
1176 1623
1176 1677
1183 1516
1185 1925
1193 1403
1198 1695
1202 1640
1204 1929
1205 1357
1205 1615
1205 1823
1205 1928
1207 1930
1209 1260
1209 1390
1210 1492
1211 1741
1212 1931
1214 1252
1214 1524
1215 1623
1221 1258
1221 1803
1222 1449
1222 1459
1224 1383
1225 1362
1229 1847
1231 1931
1238 1362
1242 1243
1242 1244
1242 1245
1243 1621
1244 1902
1246 1248
1246 1251
1248 1265
1250 1929
1251 1340
1251 1734
1251 1762
1251 1941
1252 1253
1252 1254
1256 1435
1256 1443
1256 1605
1256 1639
1256 1726
1256 1996
1257 1553
1258 1349
1258 1554
1258 1589
1260 1278
1260 1741
1260 1834
1260 1898
1260 1905
1261 1807
1261 1869
1262 1263
1262 1264
1262 1265
1269 1274
1274 1312
1274 1754
1274 1875
1275 1876
1278 1281
1279 1803
1281 1569
1281 1641
1284 1880
1285 1402
1288 1518
1290 1297
1293 1297
1297 1310
1297 1635
1297 1678
1302 1402
1307 1457
1308 1461
1308 1672
1308 1724
1308 1874
1309 1383
1311 1932
1313 1558
1320 1415
1320 1472
1320 1650
1320 1968
1332 1350
1332 1410
1333 1929
1337 1672
1337 1902
1341 1529
1343 1637
1344 1643
1346 1347
1347 1755
1347 1756
1350 1351
1350 1352
1350 1353
1350 1354
1351 1930
1356 1803
1361 1876
1362 1447
1362 1448
1362 1449
1365 1876
1366 1508
1367 1524
1370 1805
1371 1931
1372 1910
1372 1918
1375 1705
1377 1449
1377 1621
1378 1919
1379 1535
1380 1575
1383 1485
1383 1573
1383 1922
1383 1966
1387 1536
1387 1672
1387 1889
1387 1899
1394 1930
1396 1847
1400 1910
1402 1456
1402 1773
1403 1404
1403 1405
1403 1406
1403 1407
1407 1437
1408 1410
1410 1745
1411 1415
1412 1553
1413 1873
1415 1421
1415 1431
1415 1498
1415 1553
1415 1701
1415 1702
1417 1672
1421 1535
1425 1545
1426 1428
1428 1716
1428 1813
1428 1923
1429 1918
1431 1435
1431 1637
1431 1774
1431 1901
1431 1970
1434 1695
1437 1509
1437 1671
1437 1716
1437 1917
1443 1869
1447 1698
1449 1814
1451 1920
1454 1566
1454 1688
1454 1710
1454 1864
1454 1899
1457 1741
1459 1705
1459 1914
1461 1622
1461 1825
1462 1850
1466 1873
1472 1869
1475 1883
1478 1642
1480 1621
1484 1914
1484 1931
1487 1661
1491 1919
1492 1872
1492 1951
1493 1643
1497 1516
1497 1869
1508 1896
1508 1974
1509 1880
1514 1516
1514 1518
1516 1643
1524 1525
1529 1643
1531 1803
1533 1535
1535 1826
1535 1940
1538 1539
1538 1875
1540 1571
1540 1764
1540 1834
1540 1867
1540 1918
1540 1989
1543 1544
1543 1545
1544 1617
1545 1658
1545 1671
1545 1690
1545 1747
1545 1949
1547 1578
1547 1919
1548 1931
1553 1946
1557 1642
1558 1729
1559 1847
1560 1918
1562 1661
1565 1850
1573 1617
1575 1847
1575 1855
1575 1973
1577 1578
1580 1930
1587 1661
1588 1637
1588 1916
1590 1642
1594 1803
1596 1921
1600 1929
1607 1661
1608 1609
1608 1610
1608 1611
1612 1705
1612 1848
1613 1705
1615 1617
1617 1651
1617 1686
1617 1722
1619 1781
1619 1830
1619 1906
1620 1621
1620 1622
1620 1623
1621 1956
1622 1688
1622 1689
1622 1872
1622 1936
1623 1716
1623 1730
1623 1762
1630 1661
1635 1637
1637 1740
1637 1803
1637 1912
1637 1913
1638 1642
1640 1776
1642 1682
1643 1930
1643 1931
1645 1921
1647 1695
1656 1873
1660 1902
1661 1662
1661 1663
1672 1702
1672 1707
1672 1742
1672 1779
1672 1813
1682 1910
1687 1701
1689 1690
1690 1707
1690 1810
1690 1891
1694 1695
1695 1847
1695 1848
1698 1699
1705 1920
1712 1807
1712 1925
1714 1932
1725 1784
1729 1873
1737 1850
1739 1883
1740 1930
1741 1745
1741 1859
1742 1920
1744 1784
1744 1846
1745 1815
1746 1914
1758 1807
1761 1921
1766 1826
1777 1873
1784 1910
1784 1981
1790 1883
1799 1917
1803 1855
1807 1905
1809 1902
1810 1902
1812 1847
1814 1825
1834 1846
1836 1874
1843 1844
1843 1845
1843 1846
1844 1917
1844 1932
1846 1944
1847 1913
1848 1906
1850 1937
1856 1920
1873 1885
1876 1892
1876 1908
1879 1880
1880 1911
1902 1985
1914 1915
1920 1925
1920 1992
1924 1929
1929 1964
