1 654
1 827
4 1251
4 1526
4 1919
6 1244
6 1533
7 238
7 1432
7 1457
8 1431
11 1914
12 1690
13 437
13 910
16 199
16 939
16 1578
18 19
18 20
18 21
18 22
18 23
18 24
18 25
18 26
18 27
18 28
18 29
19 730
20 391
20 1931
21 501
23 501
24 372
24 1428
25 99
25 419
25 634
25 655
25 697
25 804
25 939
25 961
25 1129
25 1174
25 1585
25 1976
26 1825
30 33
33 315
33 530
33 895
33 1035
33 1119
33 1229
33 1396
33 1530
39 138
42 1492
42 1876
44 108
44 806
44 1256
44 1724
46 697
48 462
50 1387
50 1624
51 325
51 326
54 1157
55 587
55 697
56 1457
57 161
57 678
57 1826
58 1902
59 60
59 61
59 62
59 63
59 64
59 65
59 66
59 67
59 68
59 69
60 1931
61 1116
62 284
62 326
63 537
63 1611
64 99
64 222
64 426
64 547
64 838
64 843
64 1431
64 1540
64 1672
64 1698
64 1819
64 1929
64 1956
65 1914
66 108
66 153
66 1428
67 267
67 268
67 730
68 816
69 1276
70 71
71 155
71 221
71 227
71 374
71 857
71 958
71 1242
71 1784
71 1848
73 827
74 245
74 1324
75 1524
77 386
77 391
78 79
79 256
79 338
79 339
79 340
79 341
81 678
81 795
81 1695
83 658
86 1578
88 1222
89 544
89 587
89 1516
90 108
92 536
92 1526
93 1000
93 1003
96 1643
97 1129
98 889
100 108
101 1094
101 1625
104 326
104 857
105 1613
106 795
107 450
107 451
108 156
108 312
108 391
108 545
108 609
108 885
108 1149
108 1340
108 1919
109 584
109 954
111 939
111 1722
112 122
113 818
114 259
116 270
116 1003
116 1524
118 1929
119 461
119 1920
122 437
122 564
122 700
122 1238
122 1484
122 1546
122 1565
122 1700
122 1859
122 1892
125 133
127 1426
127 1799
128 469
129 1624
132 843
132 1538
133 161
133 162
133 163
133 164
133 165
133 166
133 167
133 168
135 136
135 138
135 141
136 296
136 368
136 427
136 706
136 1042
136 1567
137 1925
138 159
138 174
138 1198
138 1449
138 1590
138 1655
141 144
141 219
141 332
141 497
141 922
141 951
141 988
141 1172
141 1431
141 1710
142 902
143 1428
143 1695
145 161
145 730
145 1308
145 1432
146 578
149 153
153 168
153 412
153 763
153 845
153 975
153 1540
153 1636
154 1246
154 1533
156 737
158 1826
161 168
161 247
161 341
161 537
161 581
161 730
161 793
161 1113
161 1203
161 1400
161 1722
161 1787
162 267
162 1435
164 1000
165 537
166 591
166 894
166 1516
168 961
169 170
169 171
169 172
169 173
169 174
169 175
169 176
169 177
171 1508
174 632
174 863
174 910
174 965
174 1050
174 1211
174 1538
174 1581
174 1607
174 1935
175 467
175 1923
176 843
178 181
180 977
180 981
181 517
181 555
181 1075
181 1333
181 1349
181 1449
181 1662
181 1800
181 1892
181 1908
182 457
182 954
182 1400
183 326
184 596
187 897
188 501
189 1132
190 843
191 894
191 908
191 1098
192 1157
192 1575
192 1799
194 199
195 467
196 910
197 961
198 857
199 775
199 966
199 1249
199 1412
199 1920
199 1921
200 359
200 1356
202 815
203 262
205 262
205 386
205 618
206 1189
206 1350
206 1873
208 247
209 288
209 437
209 451
209 798
209 894
210 730
211 288
212 1529
213 1253
218 1246
218 1925
219 523
220 554
220 930
220 939
221 228
223 727
223 1132
223 1350
225 795
226 1119
226 1431
226 1524
226 1643
227 457
227 662
227 1533
228 290
228 737
228 1242
228 1427
228 1433
228 1446
228 1471
228 1800
229 1929
233 238
233 240
233 244
233 245
235 1508
237 284
238 290
238 528
238 715
238 776
238 1045
238 1098
238 1746
238 1826
238 1916
240 325
240 708
240 1015
240 1310
240 1410
244 436
244 437
244 489
244 739
244 948
244 1001
244 1361
244 1528
244 1747
244 1768
245 291
245 462
245 578
245 934
245 949
245 1140
245 1279
245 1303
245 1391
245 1431
245 1642
246 247
246 248
246 249
246 250
246 251
247 274
247 285
247 388
247 399
247 666
247 982
247 1183
247 1222
247 1370
247 1540
247 1611
247 1635
247 1691
247 1737
247 1819
247 1872
247 1873
247 1920
247 1996
249 1516
249 1526
249 1625
250 1387
251 1538
252 259
254 462
254 795
255 954
256 1876
258 981
258 1613
259 441
259 471
259 853
259 952
259 1251
259 1523
259 1769
259 1877
261 262
261 267
262 377
262 511
262 555
262 1244
262 1504
262 1509
262 1618
263 544
263 1923
264 1606
265 892
267 544
267 579
267 910
267 1021
267 1119
267 1242
267 1437
267 1750
267 1801
267 1850
267 1883
268 269
268 270
268 271
268 272
268 273
268 274
268 275
268 276
269 1251
270 312
270 523
270 529
270 572
270 1087
270 1113
270 1506
270 1668
270 1905
271 461
272 654
272 1357
272 1538
274 379
274 536
275 1669
276 544
276 550
277 280
278 1788
280 329
280 380
280 476
280 517
280 576
280 896
280 1506
282 596
282 1799
284 285
284 286
284 287
284 288
284 289
284 290
284 291
284 292
286 1253
288 395
288 484
288 670
288 776
288 839
288 983
288 1059
288 1159
288 1168
288 1203
288 1260
288 1272
290 1799
294 1943
295 1222
297 697
298 1308
300 537
301 1357
304 544
304 1787
304 1983
305 1309
308 544
309 523
309 1276
311 372
312 1718
314 317
315 1529
316 1876
317 375
317 453
317 516
317 543
317 883
317 1396
317 1511
317 1625
317 1733
317 1768
318 678
318 949
318 1432
319 437
320 359
320 697
321 1116
324 1132
325 652
325 737
325 743
325 1005
325 1030
325 1214
325 1215
325 1216
326 497
326 662
326 770
326 832
326 1028
326 1437
326 1496
326 1500
326 1616
326 1749
326 1967
327 815
327 816
327 818
328 863
329 744
329 1239
330 1526
331 1400
331 1526
336 727
337 928
338 536
338 869
338 870
338 945
338 1114
338 1129
338 1324
338 1379
338 1485
338 1590
338 1616
338 1632
338 1643
338 1820
338 1842
340 737
341 1722
342 354
343 928
343 1426
344 954
346 1308
349 949
352 587
352 662
354 406
354 457
354 472
354 1039
354 1091
354 1099
354 1121
354 1208
354 1352
354 1849
354 1948
355 359
357 581
358 1725
359 510
359 513
359 816
359 872
359 1537
359 1762
360 469
360 537
360 1437
361 678
363 857
363 1116
365 368
365 372
368 479
368 543
368 605
368 954
368 1467
368 1484
368 1608
368 1765
368 1837
369 1098
370 714
370 956
370 1725
371 1876
372 396
372 615
372 618
372 1225
372 1283
372 1559
372 1566
372 1718
372 1745
374 1611
375 379
376 1309
379 905
379 1059
379 1394
379 1442
379 1578
381 1356
383 386
383 391
384 1825
384 1920
385 889
385 1613
386 875
386 950
386 1150
386 1244
386 1258
386 1336
386 1978
388 1251
388 1350
390 1625
391 536
391 606
391 700
391 827
391 920
391 1000
391 1402
391 1723
391 1852
391 1876
391 1880
391 1891
392 395
394 962
395 503
395 530
395 617
395 786
395 834
395 1330
395 1365
395 1366
395 1367
395 1368
395 1369
396 928
396 930
397 1902
399 1239
399 1730
401 1943
402 1435
402 1825
403 412
407 744
407 1880
408 1428
408 1669
412 725
412 1063
412 1113
412 1184
412 1189
412 1220
412 1340
412 1428
412 1454
412 1610
412 1839
416 939
418 1276
419 1773
421 1553
425 1308
426 1000
427 1916
431 818
431 972
431 1931
434 437
434 446
435 889
435 1244
436 462
437 615
437 834
437 910
437 1065
437 1535
437 1685
437 1902
438 1098
441 1625
442 469
443 1985
446 516
446 566
446 705
446 717
446 828
446 891
446 969
446 1400
446 1448
447 1000
448 1586
449 827
450 583
450 618
450 790
450 850
450 901
450 984
450 1097
451 459
451 679
451 781
451 1519
451 1643
451 1721
454 536
455 902
455 908
456 457
456 461
457 547
457 569
457 658
457 1149
457 1216
457 1415
457 1643
457 1910
458 1586
461 467
461 1261
461 1300
461 1440
461 1441
461 1442
461 1443
461 1444
462 627
462 673
462 1177
462 1405
462 1577
462 1663
462 1674
462 1761
464 1400
464 1725
466 1114
467 468
467 469
467 470
467 471
467 472
467 473
467 474
467 475
467 476
467 477
467 478
467 479
468 1526
469 494
469 576
469 837
469 1260
469 1265
469 1363
469 1411
469 1513
469 1637
469 1673
470 662
472 1613
475 892
476 1437
477 1157
478 1558
479 954
479 1239
479 1606
482 544
482 1624
483 1428
485 1678
486 487
487 972
487 1023
487 1039
487 1125
487 1149
487 1390
487 1455
487 1527
487 1598
487 1699
487 1843
488 517
488 536
488 537
490 889
490 956
490 1246
491 863
493 994
494 1114
495 815
495 1192
497 798
498 863
500 1375
501 767
501 769
501 1113
501 1226
501 1480
501 1655
502 1553
503 1432
504 1189
505 1558
507 827
508 954
511 1669
512 949
516 517
517 591
517 837
517 930
517 939
517 994
517 1212
517 1314
517 1375
517 1413
517 1414
517 1415
518 618
518 837
518 1508
519 1094
519 1916
521 537
521 1492
522 523
523 698
523 1008
523 1121
523 1296
523 1462
523 1907
523 1926
525 1586
527 1256
527 1260
531 587
532 1113
532 1246
532 1260
533 1119
533 1435
533 1586
534 1578
535 1356
535 1357
536 865
536 903
536 910
536 1003
536 1090
536 1209
536 1390
536 1397
536 1508
536 1671
536 1749
536 1786
536 1858
537 1204
537 1340
537 1609
537 1964
540 1516
540 1524
541 1003
541 1356
543 956
543 1558
544 632
544 1019
544 1259
544 1740
545 1695
547 818
548 815
549 818
550 729
550 738
550 941
550 1037
550 1187
550 1308
550 1683
550 1712
550 1780
550 1977
551 1613
552 554
553 1260
554 959
554 1299
554 1412
554 1556
554 1724
555 725
562 658
562 1920
564 889
564 1883
564 1976
568 962
568 1850
569 829
570 1287
571 578
574 863
574 1606
575 801
577 1920
578 721
578 1272
578 1681
579 795
579 930
580 581
580 584
580 587
580 591
581 691
581 740
581 1110
581 1384
581 1757
582 989
582 1516
583 1787
584 774
584 910
584 950
584 1015
584 1016
584 1303
584 1764
586 714
587 836
587 837
587 838
587 839
587 840
587 841
588 1114
588 1426
590 902
590 1669
591 618
591 821
591 884
591 903
591 905
591 1036
591 1276
591 1609
591 1667
591 1668
591 1669
593 1432
593 1773
594 596
595 1125
595 1773
596 600
596 636
596 788
596 972
596 973
596 974
596 975
596 976
598 1730
601 867
602 1400
604 1914
604 1920
607 1508
607 1622
608 972
609 863
610 981
613 1090
615 1598
616 618
617 1880
618 1085
618 1116
618 1247
618 1445
618 1703
618 1730
618 1745
618 1746
618 1810
619 843
621 1718
622 816
622 1098
627 1125
628 815
632 1847
634 1508
636 1724
646 867
647 1400
649 1538
651 1387
652 1437
652 1880
653 654
653 658
654 818
654 1481
654 1818
655 1437
656 1350
658 921
658 1018
658 1691
659 1492
660 678
661 1274
662 900
662 1069
662 1101
662 1234
662 1602
662 1638
665 1941
666 1431
668 829
669 1113
669 1114
670 1929
672 725
672 795
673 737
673 806
673 989
673 994
675 1244
676 678
677 1426
678 760
678 1063
678 1675
678 1847
680 994
682 1883
687 1788
688 1902
690 1558
690 1672
693 697
694 1260
695 1132
696 1157
697 785
697 1349
697 1456
701 1350
702 1357
704 1598
704 1642
705 714
706 714
707 1613
707 1642
709 1260
709 1529
710 908
712 897
714 762
714 991
714 1143
714 1454
714 1490
714 1527
714 1920
714 1932
715 1613
718 725
719 1287
720 1119
721 1558
722 801
725 1007
725 1059
725 1368
725 1463
727 728
727 729
727 730
727 731
727 732
727 733
728 956
728 962
728 1350
729 1508
729 1925
730 884
730 917
730 972
730 1443
730 1569
730 1750
730 1758
734 758
734 939
734 1627
734 1678
737 772
737 829
737 857
737 956
737 994
737 1136
737 1408
737 1474
737 1475
738 932
738 1919
739 1246
740 908
741 744
742 1642
742 1799
744 799
744 916
744 1005
744 1324
744 1384
744 1631
744 1685
744 1849
744 1877
747 863
752 1730
753 1575
754 1090
757 758
758 825
758 893
758 1113
758 1717
758 1976
762 1431
762 1578
763 1788
765 1941
767 1578
767 1613
769 798
770 1457
773 1586
774 1289
775 1627
776 1428
778 1492
780 1526
785 1132
791 795
791 798
792 1308
792 1324
793 1276
794 1000
794 1642
795 905
795 1116
795 1586
795 1789
795 1792
796 1690
796 1850
797 818
798 948
798 1014
798 1073
798 1260
798 1394
798 1492
798 1593
801 842
801 895
801 915
801 973
801 1052
801 1363
801 1397
801 1695
804 806
806 883
806 1107
806 1181
806 1334
806 1349
806 1408
806 1412
806 1444
806 1524
806 1565
806 1587
806 1820
806 1873
810 1274
811 1114
811 1622
815 857
815 866
815 1077
816 851
816 894
816 1094
816 1209
816 1299
816 1368
816 1622
816 1658
816 1810
816 1847
818 1117
818 1237
818 1672
818 1678
818 1825
818 1920
818 1932
819 1492
822 1251
822 1274
826 827
827 907
827 1076
827 1605
827 1658
827 1683
828 949
828 972
829 830
829 831
829 832
829 833
829 834
829 835
830 1308
832 994
833 1524
834 1400
836 972
837 1149
837 1229
837 1251
837 1325
837 1427
837 1431
837 1541
837 1690
837 1799
837 1900
837 1914
837 1983
838 1003
839 1788
840 1724
841 1400
842 843
843 987
843 1641
843 1817
845 1098
845 1260
845 1324
848 857
852 954
853 1119
857 891
857 892
857 893
857 894
857 895
857 896
857 897
857 898
858 902
858 1920
860 1722
861 1919
863 1277
863 1493
863 1494
864 867
866 1642
867 957
867 1400
867 1665
867 1691
867 1813
870 897
870 1825
871 1157
875 889
875 1826
875 1925
876 1923
881 889
884 962
884 1432
884 1624
886 1289
889 994
889 1401
889 1402
892 1337
892 1595
892 1786
892 1946
893 1357
894 948
894 1265
894 1300
894 1350
894 1457
894 1624
894 1680
894 1702
894 1746
894 1784
897 957
897 958
897 1032
897 1130
897 1372
897 1447
897 1613
897 1887
898 1669
899 1222
899 1789
900 1788
902 1174
902 1218
902 1695
903 1113
904 1114
905 1324
907 1132
908 1011
908 1433
908 1437
908 1570
908 1703
908 1930
909 1375
909 1431
910 1087
910 1210
910 1225
910 1234
910 1274
910 1297
910 1703
911 1730
916 1695
917 981
927 1538
927 1788
928 1098
928 1325
928 1831
929 1090
930 1060
930 1314
930 1477
930 1962
932 933
932 934
932 935
932 936
932 937
932 938
932 939
932 940
932 941
933 972
936 1941
938 1260
938 1287
938 1289
939 1059
939 1444
939 1526
939 1553
939 1606
941 1919
943 1114
944 1274
944 1880
948 1672
949 950
949 951
949 952
951 962
951 1627
953 954
953 956
954 986
954 1038
954 1249
954 1252
954 1419
954 1425
954 1504
954 1520
954 1558
954 1578
954 1604
954 1691
954 1902
954 1946
956 1012
956 1218
956 1320
956 1476
956 1735
956 1805
957 1090
959 1222
960 961
960 962
961 1445
961 1842
961 1874
962 1437
962 1546
962 1815
962 1945
965 1192
972 1309
972 1363
972 1587
972 1821
972 1902
973 1985
977 1308
977 1468
977 1842
977 1882
981 1189
981 1226
981 1283
981 1466
981 1512
981 1662
988 1847
989 1023
989 1103
989 1471
989 1715
989 1920
989 1954
991 1698
992 1916
993 1788
994 1126
994 1139
994 1449
994 1533
994 1539
994 1540
994 1541
997 1125
999 1606
1000 1269
1000 1287
1000 1379
1000 1659
1000 1894
1000 1910
1003 1136
1003 1216
1003 1261
1003 1454
1003 1818
1003 1820
1009 1923
1012 1440
1013 1524
1013 1919
1015 1923
1018 1113
1020 1094
1022 1119
1023 1113
1023 1253
1023 1598
1025 1375
1033 1698
1034 1529
1038 1826
1039 1613
1046 1324
1046 1627
1047 1578
1047 1606
1050 1943
1056 1251
1056 1611
1061 1157
1063 1375
1072 1718
1072 1724
1074 1253
1080 1457
1082 1308
1082 1309
1085 1672
1087 1090
1088 1125
1090 1425
1090 1479
1090 1565
1090 1657
1092 1094
1093 1558
1093 1730
1094 1208
1094 1515
1095 1669
1098 1155
1098 1613
1098 1711
1098 1725
1098 1773
1098 1792
1098 1805
1098 1930
1099 1457
1105 1428
1107 1643
1107 1724
1113 1137
1113 1253
1113 1357
1113 1604
1113 1641
1113 1855
1114 1855
1115 1116
1115 1119
1116 1175
1116 1242
1116 1249
1116 1266
1116 1267
1116 1268
1118 1669
1119 1349
1119 1451
1119 1889
1119 1901
1122 1222
1123 1669
1125 1290
1125 1403
1125 1470
1125 1754
1125 1830
1128 1575
1132 1191
1132 1619
1132 1672
1132 1766
1133 1435
1134 1941
1136 1309
1140 1192
1140 1426
1140 1526
1142 1529
1154 1538
1155 1157
1157 1221
1157 1643
1157 1810
1159 1611
1163 1825
1164 1606
1166 1222
1167 1289
1171 1435
1172 1925
1175 1457
1177 1730
1182 1239
1183 1516
1184 1189
1184 1192
1185 1925
1189 1232
1189 1238
1189 1239
1189 1681
1189 1864
1189 1933
1189 1998
1192 1263
1192 1521
1192 1627
1198 1695
1204 1929
1205 1357
1209 1260
1210 1492
1211 1239
1212 1931
1213 1598
1214 1524
1215 1722
1222 1449
1222 1459
1227 1722
1228 1788
1228 1789
1229 1847
1231 1931
1233 1244
1236 1239
1239 1391
1239 1399
1239 1556
1242 1244
1243 1276
1243 1725
1244 1625
1244 1635
1244 1684
1244 1788
1244 1899
1244 1902
1246 1247
1246 1248
1246 1249
1246 1250
1246 1251
1247 1611
1250 1627
1250 1929
1251 1340
1251 1734
1251 1762
1251 1941
1252 1253
1253 1466
1253 1470
1253 1792
1253 1996
1255 1789
1256 1435
1256 1443
1256 1605
1256 1639
1256 1726
1256 1996
1257 1553
1260 1278
1260 1741
1260 1834
1260 1898
1260 1905
1267 1276
1267 1526
1268 1432
1269 1274
1269 1276
1270 1613
1274 1312
1274 1754
1274 1875
1275 1724
1275 1876
1276 1511
1276 1865
1276 1970
1283 1606
1284 1880
1287 1694
1289 1335
1289 1499
1289 1627
1289 1794
1289 1961
1297 1678
1298 1943
1305 1440
1307 1457
1308 1461
1308 1672
1308 1724
1308 1874
1309 1383
1309 1486
1309 1559
1309 1648
1309 1987
1313 1558
1318 1799
1324 1652
1324 1813
1324 1950
1324 1965
1332 1350
1333 1929
1337 1672
1337 1902
1341 1529
1344 1643
1350 1351
1350 1352
1350 1353
1350 1354
1356 1435
1356 1517
1356 1803
1358 1624
1360 1985
1361 1876
1364 1799
1365 1876
1365 1943
1366 1508
1367 1524
1371 1931
1374 1613
1375 1450
1375 1478
1375 1563
1375 1705
1377 1725
1378 1919
1379 1624
1380 1575
1386 1678
1387 1536
1387 1672
1387 1889
1387 1899
1393 1533
1396 1847
1400 1620
1400 1910
1400 1939
1401 1611
1402 1773
1407 1437
1412 1553
1413 1873
1415 1431
1415 1553
1417 1672
1426 1427
1426 1428
1426 1429
1428 1716
1428 1813
1428 1923
1431 1435
1431 1637
1431 1774
1431 1901
1431 1970
1432 1433
1432 1434
1432 1435
1432 1436
1434 1695
1435 1655
1435 1729
1435 1762
1437 1509
1437 1671
1437 1716
1437 1917
1440 1662
1440 1872
1440 1891
1440 1946
1440 1971
1447 1698
1451 1920
1457 1741
1458 1799
1459 1914
1461 1622
1461 1825
1462 1850
1466 1873
1467 1627
1471 1624
1475 1883
1476 1724
1478 1642
1484 1914
1484 1931
1491 1919
1492 1872
1492 1951
1493 1643
1496 1526
1497 1516
1508 1896
1508 1974
1509 1627
1509 1880
1514 1516
1516 1643
1523 1941
1524 1525
1529 1643
1533 1534
1533 1535
1535 1826
1538 1539
1538 1875
1539 1976
1542 1625
1544 1625
1544 1985
1545 1690
1547 1578
1547 1916
1547 1919
1548 1931
1550 1611
1553 1946
1555 1722
1556 1625
1557 1642
1558 1729
1559 1847
1561 1983
1563 1787
1565 1850
1570 1669
1575 1847
1575 1855
1575 1973
1577 1578
1586 1597
1586 1878
1588 1916
1590 1642
1593 1606
1597 1598
1598 1753
1600 1929
1605 1613
1608 1611
1611 1792
1611 1933
1611 1939
1613 1705
1617 1722
1620 1622
1622 1688
1622 1689
1622 1872
1622 1936
1623 1730
1625 1626
1625 1627
1625 1628
1627 1687
1627 1689
1627 1895
1638 1642
1642 1682
1643 1930
1643 1931
1644 1923
1646 1725
1647 1695
1656 1724
1656 1873
1660 1902
1660 1985
1672 1702
1672 1707
1672 1742
1672 1779
1672 1813
1678 1838
1689 1690
1690 1707
1690 1810
1690 1891
1693 1941
1694 1695
1695 1847
1695 1848
1697 1773
1698 1699
1703 1724
1705 1920
1712 1925
1718 1982
1724 1854
1724 1943
1725 1782
1725 1783
1725 1784
1725 1785
1729 1789
1729 1873
1730 1766
1737 1850
1739 1883
1742 1920
1746 1914
1766 1826
1775 1787
1777 1873
1788 1814
1789 1822
1789 1834
1790 1883
1799 1917
1809 1902
1810 1902
1812 1847
1814 1825
1830 1983
1834 1916
1847 1913
1850 1937
1856 1920
1865 1941
1873 1885
1876 1892
1876 1908
1879 1880
1880 1911
1902 1985
1905 1923
1912 1923
1914 1915
1920 1925
1920 1992
1924 1929
1929 1964
1939 1943
