0 17
2 1661
2 1697
3 625
5 789
5 1423
6 1244
6 1533
7 1432
8 1431
11 789
12 541
12 568
12 586
12 1690
13 160
13 437
13 910
15 34
16 145
16 199
17 309
17 577
17 722
17 1294
17 1326
17 1784
21 501
22 144
22 378
22 443
22 699
23 501
23 590
24 125
25 961
26 1488
26 1825
30 34
32 37
32 1288
32 1460
33 530
34 992
34 1104
34 1819
34 1928
35 37
35 38
37 424
37 960
37 1354
37 1396
37 1582
37 1812
38 384
38 619
38 679
38 865
38 1020
39 138
39 790
41 1600
42 1492
45 1104
45 1700
46 1550
47 974
52 56
53 126
54 784
54 1004
55 587
56 104
56 180
56 360
56 481
56 971
56 1290
56 1354
56 1457
56 1593
56 1849
57 161
57 1550
58 1315
58 1902
59 60
59 61
59 62
59 63
59 64
59 65
59 66
59 67
59 68
59 69
63 537
63 1611
64 99
64 222
64 426
64 547
64 838
64 843
64 1431
64 1540
64 1672
64 1698
64 1819
64 1929
64 1956
65 458
66 153
66 1004
72 586
72 953
72 1519
72 1705
75 1524
77 386
77 1550
77 1559
77 1806
78 79
78 80
78 81
78 82
78 83
78 84
78 85
78 86
80 1861
81 590
82 1661
83 393
83 398
83 535
83 567
83 635
83 658
83 1028
83 1085
83 1127
83 1160
83 1186
83 1486
83 1564
83 1857
83 1882
83 1897
83 1971
84 1315
84 1354
85 1535
86 1049
88 1222
89 443
89 544
89 587
89 623
89 991
89 1146
90 427
91 313
92 811
92 859
93 489
93 1000
93 1003
93 1004
94 624
95 953
98 889
99 1576
100 101
101 313
101 609
101 810
101 1094
101 1109
101 1139
101 1521
101 1625
101 1634
101 1846
102 571
102 1637
104 1488
105 803
106 407
106 722
107 450
109 584
110 498
111 1104
111 1722
112 115
112 120
112 121
114 565
115 117
115 298
115 300
115 571
115 675
115 790
115 991
115 1061
115 1377
115 1438
115 1439
116 270
116 1003
116 1134
116 1524
119 377
119 1915
119 1920
120 439
120 470
120 570
120 630
120 660
120 833
120 936
120 1087
120 1235
120 1313
121 168
121 756
121 1511
121 1917
121 1981
122 437
122 1700
123 1559
124 590
124 1915
125 126
125 127
125 128
125 129
125 130
125 131
125 132
125 133
125 134
126 151
126 215
126 663
126 1029
126 1273
126 1484
126 1535
126 1747
126 1804
126 1997
127 1799
129 1160
129 1288
130 925
130 1403
131 813
132 843
132 1538
133 161
133 163
133 168
135 136
135 138
135 139
135 140
136 296
136 368
136 427
136 706
136 1042
136 1567
137 979
137 1486
137 1925
138 159
138 174
138 1198
138 1449
138 1590
138 1655
139 193
139 656
139 696
139 1166
139 1214
139 1262
139 1610
139 1997
140 222
140 445
140 667
140 746
140 791
140 971
140 1278
140 1460
140 1661
140 1862
141 144
141 1431
142 590
142 1004
142 1576
143 471
144 145
144 146
144 147
144 148
145 161
145 171
145 291
145 717
145 730
145 903
145 915
145 1303
145 1308
145 1420
145 1432
145 1519
145 1895
147 1409
148 241
149 153
149 160
150 1942
153 168
153 412
153 763
153 845
153 975
153 1540
153 1636
154 1533
155 1588
156 1942
159 1134
159 1804
160 313
160 416
160 491
160 541
160 623
160 874
160 878
160 885
160 1288
160 1312
160 1332
160 1333
160 1334
161 168
161 247
161 341
161 537
161 581
161 730
161 793
161 1113
161 1203
161 1400
161 1722
161 1787
163 192
163 476
163 575
163 699
163 885
163 924
163 1697
163 1739
163 1849
163 1944
163 1981
164 471
164 1000
165 537
168 313
168 405
168 547
168 565
168 632
168 698
168 833
168 919
168 961
168 1285
168 1653
168 1806
169 170
169 171
169 172
169 173
169 174
169 175
169 176
169 177
171 1146
173 1167
174 632
174 863
174 910
174 965
174 1050
174 1211
174 1538
174 1581
174 1607
174 1935
176 843
178 179
178 185
179 384
179 429
179 556
179 639
179 1184
179 1343
179 1735
179 1838
179 1887
180 407
180 977
180 979
182 457
185 266
185 346
185 363
185 712
185 852
185 1439
185 1531
185 1641
185 1836
187 1903
188 498
188 501
189 1447
190 789
190 843
192 1799
194 199
195 924
195 925
196 443
196 910
197 367
197 961
198 604
199 775
199 966
199 1249
199 1412
199 1920
199 1921
200 677
201 1535
203 789
205 386
206 1350
209 437
210 253
210 1861
211 623
211 794
213 1253
214 862
214 1104
218 1925
219 523
219 1806
220 1447
221 231
223 1350
223 1439
224 1903
226 1134
226 1431
226 1524
227 457
227 1533
231 567
231 797
231 919
231 931
233 241
234 699
236 1051
241 407
241 472
241 732
241 763
241 877
241 878
241 879
241 880
244 437
244 489
244 739
245 1431
245 1642
246 250
247 1222
247 1611
247 1920
248 1359
250 313
250 419
250 507
250 945
250 1093
250 1238
250 1387
250 1388
250 1389
251 1538
251 1668
252 253
252 254
252 255
252 256
252 257
252 258
252 259
252 260
253 300
253 309
253 385
253 637
253 702
253 782
253 1104
253 1186
253 1574
253 1603
253 1680
255 672
255 1600
259 471
262 377
262 1244
263 544
264 489
267 544
267 910
268 269
268 270
269 663
269 1025
269 1142
269 1219
269 1238
269 1251
269 1345
269 1838
269 1959
270 312
270 523
270 529
270 572
270 1087
270 1113
270 1506
270 1668
270 1905
272 1538
274 1640
275 498
276 544
276 550
278 1788
278 1922
279 1574
282 1799
283 378
286 1253
286 1315
287 1576
289 979
290 1799
295 1222
296 604
298 813
298 1308
298 1897
299 313
300 537
304 544
304 1460
304 1787
304 1983
305 623
308 544
309 523
313 1135
313 1205
313 1522
313 1548
313 1572
313 1729
313 1793
316 377
316 933
316 1082
318 1432
318 1870
319 437
319 586
320 1320
322 1577
322 1958
325 652
327 811
327 813
329 744
332 458
333 859
335 534
337 626
338 1114
340 739
341 1722
342 354
343 627
344 1447
344 1577
345 1903
346 1308
346 1439
347 625
351 568
352 587
352 659
353 1312
354 406
354 457
354 472
354 1039
354 1091
354 1099
354 1121
354 1208
354 1352
354 1849
354 1948
357 581
357 604
360 537
360 1354
365 367
366 626
366 1423
366 1490
367 427
367 547
367 1160
367 1185
367 1409
367 1503
367 1600
367 1645
367 1792
367 1832
369 627
369 991
369 1049
369 1697
372 1559
374 1611
375 377
375 378
377 532
377 976
377 1134
377 1148
377 1161
377 1166
377 1185
377 1728
378 1315
378 1721
380 833
381 672
381 1423
383 384
383 386
384 474
384 616
384 808
384 915
384 1017
384 1041
384 1178
384 1183
384 1339
384 1423
384 1700
384 1751
384 1825
384 1920
384 1972
385 889
386 875
386 950
386 1150
386 1244
386 1258
386 1336
386 1978
388 1350
390 1362
391 1000
393 1519
393 1804
394 1142
395 530
396 931
397 1902
398 1588
399 794
399 1439
400 1167
402 659
402 1315
402 1825
403 407
404 435
404 1705
405 722
407 733
407 744
407 1414
407 1447
407 1487
407 1648
407 1880
407 1958
408 1160
410 1924
411 1034
412 1113
412 1454
419 1420
421 1315
421 1553
423 788
424 427
425 427
425 625
425 1308
426 1000
427 472
427 866
427 1004
427 1104
427 1393
427 1443
427 1854
427 1916
428 789
431 972
432 1588
434 435
434 437
434 443
435 552
435 889
435 1033
435 1039
435 1244
435 1275
435 1354
435 1474
435 1677
435 1734
435 1748
435 1879
437 615
437 834
437 910
437 1065
437 1535
437 1685
437 1902
438 471
439 1167
440 1127
441 1205
443 604
443 1200
443 1527
443 1795
443 1985
447 498
447 1000
448 458
448 1034
450 583
450 618
450 790
450 850
450 901
450 984
450 1097
451 1519
454 541
455 722
456 457
456 458
457 547
457 569
457 658
457 1149
457 1216
457 1415
457 1643
457 1910
458 510
458 543
458 1093
458 1477
458 1586
458 1806
458 1807
459 859
462 627
462 1577
462 1663
465 1600
465 1903
466 1114
467 471
468 1663
469 837
469 1637
471 511
471 623
471 997
471 1024
471 1025
471 1026
472 1559
476 1127
478 931
481 624
482 544
486 487
486 489
486 491
487 972
487 1023
487 1039
487 1125
487 1149
487 1390
487 1455
487 1527
487 1598
487 1699
487 1843
488 530
488 534
488 535
488 537
489 1343
489 1439
489 1581
489 1675
489 1984
490 889
491 863
493 1701
494 1114
494 1958
498 773
498 860
498 861
498 862
498 863
499 1320
499 1454
501 767
501 769
501 1113
501 1226
501 1480
501 1655
502 924
502 1553
502 1574
503 789
503 1432
511 1104
515 1033
515 1439
517 837
517 1415
518 837
519 1312
521 537
521 1492
521 1803
522 523
523 698
523 1008
523 1121
523 1296
523 1462
523 1907
523 1926
528 1447
530 531
530 556
530 576
530 1522
530 1615
530 1740
531 587
532 1113
533 1460
534 886
534 1501
534 1578
534 1740
534 1864
535 717
535 794
535 811
535 835
535 935
535 1184
535 1210
535 1355
535 1356
535 1357
536 910
536 1003
536 1090
536 1786
537 1204
537 1340
537 1609
537 1964
538 1640
539 540
539 541
539 542
539 543
540 1524
540 1570
541 562
541 669
541 699
541 756
541 965
541 1003
541 1165
541 1307
541 1339
541 1356
541 1640
543 1354
543 1574
544 632
544 1019
544 1259
544 1740
545 1924
546 1146
548 1034
549 788
550 729
550 738
550 941
550 1037
550 1187
550 1308
550 1683
550 1712
550 1780
550 1977
551 862
551 1166
553 1588
553 1803
556 1439
556 1942
557 1897
558 784
560 563
560 565
561 794
561 979
561 991
562 1160
562 1920
563 1332
563 1530
563 1656
563 1740
563 1977
564 626
564 889
565 814
565 817
565 868
565 1089
565 1317
565 1335
566 790
567 833
568 616
568 651
568 962
568 1184
568 1227
568 1282
568 1638
568 1740
568 1850
568 1967
569 829
571 572
571 573
571 574
571 575
571 576
571 577
571 578
571 579
575 801
575 803
577 1420
577 1920
580 581
580 584
580 586
580 587
580 590
581 691
581 740
581 1110
581 1384
581 1757
582 924
582 989
583 652
583 1576
583 1787
584 774
584 910
584 950
584 1015
584 1016
584 1303
584 1764
586 616
586 661
586 714
586 731
586 1046
586 1186
586 1313
586 1314
586 1315
586 1316
587 836
587 837
587 838
587 839
587 840
587 841
588 1114
590 902
590 925
590 1101
590 1669
591 1668
592 1903
593 1432
595 1205
596 788
596 972
596 974
598 1640
600 789
601 867
604 638
604 1176
604 1236
604 1470
604 1853
604 1911
604 1914
604 1920
606 722
607 1622
608 972
611 789
611 1663
613 1090
613 1870
613 1903
615 1576
619 843
619 1861
623 624
623 625
623 626
623 627
623 628
623 629
623 630
623 631
623 632
624 870
624 1058
624 1083
624 1112
624 1793
625 873
625 874
625 875
625 876
626 709
626 1562
626 1890
627 731
627 736
627 1120
627 1121
627 1122
627 1123
627 1124
627 1125
628 991
629 1663
630 1700
631 1297
632 808
633 1588
634 1697
635 1315
638 1423
638 1786
640 931
642 1535
643 652
644 659
645 699
646 867
649 1142
649 1538
649 1806
652 958
652 1174
652 1238
652 1354
652 1437
652 1880
655 788
655 931
656 1350
659 775
659 803
659 893
659 1268
659 1315
659 1484
659 1485
659 1486
659 1487
659 1488
659 1489
659 1490
659 1491
659 1492
660 811
660 1804
664 672
666 1431
667 699
667 1861
668 829
668 925
668 1705
669 1113
669 1114
672 725
672 795
672 1123
672 1176
672 1196
672 1354
672 1554
672 1644
672 1716
673 989
673 991
674 1312
675 1244
676 677
677 794
677 878
677 942
677 1012
677 1277
677 1426
679 862
684 1004
687 1535
687 1788
688 1861
688 1902
692 1486
699 794
699 1048
699 1049
699 1050
699 1051
699 1052
699 1053
701 1320
701 1350
702 808
702 1806
704 933
704 1642
707 1642
709 789
710 1570
711 1447
714 991
714 1454
714 1490
714 1920
715 1588
715 1637
718 722
721 1559
722 801
722 811
722 1057
722 1351
722 1757
722 1903
723 790
723 1447
724 1205
728 1350
729 1925
730 972
731 957
735 1930
736 1134
737 829
739 951
739 1246
739 1333
739 1422
739 1423
739 1424
739 1425
741 744
742 1642
742 1799
743 833
744 799
744 916
744 1005
744 1324
744 1384
744 1631
744 1685
744 1849
744 1877
746 925
747 784
748 1804
754 1090
758 1113
761 1550
762 1431
763 1788
769 1033
769 1134
770 1104
773 1903
778 1492
778 1922
780 1700
781 784
784 935
784 1160
784 1203
784 1907
784 1939
786 788
787 979
788 790
788 1005
788 1242
788 1953
789 790
790 813
790 1026
790 1236
790 1590
790 1607
790 1739
790 1817
791 794
792 1308
794 862
794 991
794 1000
794 1163
794 1197
794 1465
794 1642
794 1901
794 1954
796 953
796 1690
798 1492
800 1570
801 842
801 895
801 915
801 973
801 1052
801 1363
801 1397
801 1695
803 853
803 946
803 1472
803 1900
804 808
806 1524
808 969
808 991
808 1052
808 1579
808 1813
808 1853
808 1915
808 1928
808 1940
809 1049
811 850
811 974
811 987
811 1064
811 1069
811 1114
811 1376
811 1622
811 1913
812 1637
813 1479
813 1927
816 1622
817 1146
817 1577
817 1804
818 1825
818 1920
819 1492
823 953
824 1403
825 1486
828 972
828 1104
829 830
829 831
829 832
829 833
829 834
829 835
830 1308
832 1661
833 887
833 1018
833 1168
833 1524
833 1681
833 1712
836 972
837 1149
837 1229
837 1251
837 1325
837 1427
837 1431
837 1541
837 1690
837 1799
837 1900
837 1914
837 1983
838 1003
838 1320
838 1640
838 1870
839 1788
840 1870
842 843
843 987
843 1641
843 1817
844 1576
847 1354
848 859
850 1034
851 1134
851 1668
852 974
853 953
858 1920
859 915
859 1617
859 1661
860 1722
862 1016
862 1022
862 1146
862 1166
862 1220
862 1738
862 1893
864 867
866 1642
867 957
867 1400
867 1665
867 1691
867 1813
869 1409
870 1825
873 1166
875 889
875 1454
875 1701
875 1925
880 1127
881 889
884 1432
884 1806
885 1804
885 1958
886 1439
887 1297
889 994
889 1401
889 1402
890 1574
892 1786
894 1350
897 957
897 1447
898 1312
899 1222
900 933
900 1788
903 1113
904 1114
905 1320
908 1570
908 1930
909 1431
910 1087
910 1210
910 1225
910 1234
910 1274
910 1297
910 1703
911 1454
911 1577
912 1127
912 1312
912 1359
912 1705
914 1315
915 1570
915 1600
916 1415
923 1409
924 1065
924 1095
924 1466
924 1679
925 957
925 979
925 1527
925 1581
925 1716
925 1944
927 1538
927 1788
929 1090
929 1362
931 1126
931 1237
931 1403
931 1570
931 1671
931 1727
931 1762
931 1861
931 1862
932 933
933 972
933 1248
933 1481
933 1945
938 1288
939 1553
943 1114
945 1134
945 1460
947 1142
950 1275
950 1577
953 954
953 955
953 956
953 957
953 958
953 959
954 1902
956 1320
957 1090
957 1161
957 1201
957 1215
957 1460
957 1550
957 1637
957 1731
957 1732
959 1222
960 961
961 1445
961 1842
961 1874
972 1309
972 1363
972 1587
972 1821
972 1902
974 1137
974 1656
974 1906
977 1308
977 1468
977 1842
977 1882
979 1214
979 1406
979 1413
979 1463
979 1496
980 1740
984 1454
988 1488
989 1023
989 1103
989 1471
989 1715
989 1920
989 1954
991 1092
991 1466
991 1576
991 1698
991 1861
991 1961
993 1788
994 1533
998 1403
998 1640
1000 1269
1000 1287
1000 1379
1000 1659
1000 1894
1000 1910
1001 1600
1001 1915
1003 1136
1003 1216
1003 1261
1003 1454
1003 1818
1003 1820
1004 1112
1004 1389
1004 1401
1004 1990
1005 1535
1013 1524
1015 1922
1017 1415
1018 1113
1022 1160
1023 1113
1023 1253
1027 1033
1027 1034
1030 1409
1030 1486
1031 1550
1033 1254
1033 1286
1033 1352
1033 1451
1033 1698
1033 1790
1034 1278
1034 1354
1034 1413
1034 1529
1034 1530
1034 1531
1049 1471
1049 1629
1049 1683
1049 1946
1051 1066
1051 1248
1051 1266
1051 1280
1051 1349
1051 1568
1051 1769
1051 1834
1052 1668
1055 1668
1056 1611
1056 1804
1057 1637
1057 1740
1065 1454
1067 1786
1074 1253
1074 1354
1074 1460
1078 1082
1081 1488
1082 1305
1082 1306
1082 1307
1082 1308
1082 1309
1082 1310
1087 1090
1088 1359
1090 1425
1090 1479
1090 1565
1090 1657
1097 1600
1098 1930
1101 1439
1103 1104
1104 1167
1104 1273
1104 1577
1104 1747
1104 1906
1104 1935
1110 1942
1113 1137
1113 1253
1113 1357
1113 1604
1113 1641
1113 1855
1114 1855
1117 1700
1122 1222
1125 1403
1127 1176
1127 1322
1127 1494
1128 1574
1128 1576
1133 1167
1134 1783
1134 1829
1134 1908
1134 1941
1135 1166
1138 1142
1142 1166
1142 1529
1142 1735
1142 1786
1142 1960
1145 1146
1146 1475
1146 1691
1146 1767
1146 1872
1146 1946
1147 1600
1154 1538
1158 1924
1159 1611
1160 1161
1160 1162
1160 1163
1160 1164
1161 1870
1163 1701
1163 1806
1163 1825
1164 1486
1165 1166
1165 1167
1166 1222
1166 1359
1166 1413
1166 1559
1166 1599
1167 1204
1167 1289
1167 1746
1172 1488
1172 1925
1173 1924
1175 1460
1177 1486
1179 1663
1185 1925
1193 1403
1193 1447
1201 1574
1202 1640
1205 1357
1205 1615
1205 1823
1205 1928
1207 1930
1210 1492
1211 1740
1214 1524
1215 1722
1220 1804
1221 1803
1222 1449
1222 1459
1225 1362
1226 1359
1227 1722
1228 1577
1228 1788
1233 1244
1233 1460
1234 1488
1238 1362
1240 1447
1242 1244
1244 1625
1244 1635
1244 1684
1244 1788
1244 1899
1244 1902
1247 1611
1252 1253
1253 1466
1253 1470
1253 1792
1253 1996
1257 1553
1266 1519
1268 1432
1269 1275
1274 1312
1275 1525
1275 1724
1275 1731
1275 1876
1279 1803
1283 1861
1288 1298
1288 1489
1288 1518
1288 1593
1288 1599
1290 1297
1290 1915
1293 1297
1294 1486
1297 1310
1297 1635
1297 1678
1300 1922
1303 1423
1307 1574
1308 1461
1308 1672
1308 1724
1308 1874
1309 1486
1309 1559
1312 1398
1312 1710
1312 1727
1312 1832
1315 1564
1315 1942
1315 1997
1318 1799
1318 1958
1320 1415
1320 1472
1320 1650
1320 1968
1326 1550
1332 1350
1337 1902
1339 1924
1343 1637
1349 1804
1350 1351
1350 1352
1350 1353
1350 1354
1351 1930
1354 1427
1354 1447
1354 1542
1354 1702
1354 1861
1354 1922
1356 1803
1362 1447
1362 1448
1362 1449
1363 1870
1364 1799
1367 1524
1375 1705
1378 1490
1379 1535
1383 1922
1388 1550
1393 1533
1394 1930
1401 1611
1403 1404
1403 1405
1403 1406
1403 1407
1408 1409
1409 1461
1409 1731
1409 1964
1411 1415
1412 1553
1412 1804
1414 1576
1415 1421
1415 1431
1415 1498
1415 1553
1415 1701
1415 1702
1420 1421
1421 1535
1423 1739
1423 1949
1423 1950
1431 1435
1431 1637
1431 1774
1431 1901
1431 1970
1432 1433
1432 1434
1432 1435
1432 1436
1433 1490
1439 1451
1441 1903
1447 1698
1451 1740
1451 1920
1451 1942
1454 1566
1454 1688
1454 1710
1454 1864
1454 1899
1458 1799
1459 1705
1460 1484
1460 1610
1460 1732
1460 1806
1460 1864
1460 1870
1460 1994
1461 1622
1461 1825
1474 1486
1478 1642
1486 1991
1487 1661
1487 1897
1488 1906
1490 1703
1490 1821
1492 1872
1492 1951
1504 1550
1511 1958
1514 1519
1519 1528
1519 1552
1519 1820
1524 1525
1531 1803
1533 1534
1533 1535
1535 1826
1535 1940
1537 1897
1538 1539
1538 1875
1545 1690
1550 1611
1550 1956
1553 1946
1555 1722
1557 1642
1559 1680
1559 1770
1559 1847
1561 1983
1562 1661
1563 1787
1570 1669
1570 1828
1574 1715
1574 1780
1576 1783
1576 1827
1577 1578
1577 1579
1577 1580
1580 1930
1587 1661
1588 1637
1588 1916
1590 1642
1594 1803
1599 1600
1600 1929
1604 1740
1605 1668
1607 1661
1608 1611
1611 1792
1611 1933
1611 1939
1612 1705
1613 1705
1617 1722
1620 1622
1622 1688
1622 1689
1622 1872
1622 1936
1630 1661
1635 1637
1637 1740
1637 1803
1637 1912
1637 1913
1638 1642
1640 1776
1641 1668
1642 1682
1643 1930
1649 1697
1660 1902
1661 1662
1661 1663
1663 1973
1663 1979
1668 1964
1679 1958
1687 1701
1689 1690
1690 1707
1690 1810
1690 1891
1694 1697
1697 1773
1697 1949
1705 1920
1707 1740
1712 1925
1727 1806
1740 1930
1742 1920
1747 1922
1775 1787
1788 1814
1799 1917
1803 1855
1806 1888
1809 1902
1810 1902
1814 1825
1815 1958
1830 1983
1840 1924
1844 1915
1849 1994
1856 1920
1861 1884
1861 1893
1861 1924
1888 1897
1897 1967
1897 1996
1902 1985
1912 1958
1914 1915
1920 1925
1920 1992
1924 1929
