1 243
1 827
2 385
2 1006
2 1697
3 625
4 1631
4 1919
5 789
5 1423
6 1244
7 238
7 1432
7 1457
9 665
10 1704
11 789
12 541
13 160
16 145
16 199
18 26
18 27
20 391
21 501
22 144
22 378
22 443
22 699
23 501
24 1428
25 961
26 87
26 277
26 1172
26 1488
26 1753
26 1825
27 221
27 305
27 416
27 834
27 1143
27 1436
27 1820
30 33
31 323
32 44
32 1288
32 1460
33 315
33 530
33 895
33 1035
33 1119
33 1229
33 1396
33 1530
38 384
38 619
39 138
39 790
43 44
43 49
44 108
44 123
44 159
44 234
44 388
44 532
44 570
44 691
44 696
44 806
44 882
44 951
44 1089
44 1177
44 1256
44 1265
44 1572
44 1724
45 1700
49 157
49 364
49 431
49 470
49 849
49 1059
49 1306
49 1515
49 1530
50 1624
51 323
51 324
51 325
54 1157
55 587
55 707
56 360
56 1457
56 1849
57 161
57 678
57 1826
58 1902
59 68
61 307
61 642
64 1698
66 108
66 153
66 1428
68 543
68 816
68 888
68 1055
68 1076
68 1780
68 1962
70 71
71 155
71 221
71 227
71 374
71 857
71 958
71 1242
71 1784
71 1848
72 1519
73 827
74 1347
77 391
77 1806
80 1861
81 678
81 1695
86 1049
87 88
87 89
87 90
87 91
87 92
87 93
87 94
87 95
87 96
87 97
87 98
87 99
89 443
89 544
89 587
89 599
89 611
89 623
89 950
89 991
89 1111
89 1146
89 1177
89 1291
89 1318
89 1335
89 1363
89 1516
90 108
91 313
93 315
93 1000
93 1003
93 1006
94 624
99 464
99 1576
100 101
100 108
101 313
101 609
101 810
101 1094
101 1109
101 1139
101 1521
101 1625
101 1634
101 1846
102 571
103 1347
103 1363
104 857
105 1613
107 450
108 156
108 312
108 391
108 545
108 609
108 885
108 1149
108 1340
108 1919
109 584
109 954
111 1722
112 115
112 118
112 121
112 123
114 565
115 117
115 298
115 300
115 571
115 675
115 790
115 991
115 1061
115 1377
115 1438
115 1439
116 1003
116 1631
118 205
118 207
118 243
118 308
118 574
118 643
118 700
118 873
118 1584
118 1929
119 1915
120 470
120 833
121 168
121 756
121 1511
121 1917
121 1981
122 700
122 1700
123 303
123 913
123 999
123 1062
123 1520
123 1559
123 1560
123 1774
124 1915
129 1288
129 1624
130 1403
131 813
132 1538
133 161
133 163
133 168
135 136
135 138
135 139
135 140
136 296
136 368
136 427
136 706
136 1042
136 1567
137 1459
138 159
138 174
138 1198
138 1449
138 1590
138 1655
139 193
139 656
139 696
139 1166
139 1214
139 1262
139 1610
139 1997
140 222
140 445
140 667
140 746
140 791
140 971
140 1278
140 1460
140 1661
140 1862
141 144
142 902
142 1576
142 1662
143 471
143 1428
143 1695
144 145
144 146
144 147
144 148
145 161
145 171
145 291
145 717
145 730
145 903
145 915
145 1303
145 1308
145 1420
145 1432
145 1519
145 1895
149 153
149 159
149 160
152 1258
153 168
153 412
153 763
153 845
153 975
153 1540
153 1636
156 737
158 1826
159 567
159 607
159 785
159 791
159 971
159 1134
159 1257
159 1502
159 1683
159 1804
159 1921
160 313
160 416
160 491
160 541
160 623
160 874
160 878
160 885
160 1288
160 1312
160 1332
160 1333
160 1334
161 168
161 247
161 341
161 537
161 581
161 730
161 793
161 1113
161 1203
161 1400
161 1722
161 1787
163 192
163 476
163 575
163 699
163 885
163 924
163 1697
163 1739
163 1849
163 1944
163 1981
164 471
164 1000
166 894
166 1516
168 313
168 405
168 547
168 565
168 632
168 698
168 833
168 919
168 961
168 1285
168 1653
168 1806
171 1146
174 1538
175 1664
178 179
178 185
179 384
179 429
179 556
179 639
179 1184
179 1343
179 1735
179 1838
179 1887
181 1662
181 1908
182 323
182 954
182 1400
185 266
185 346
185 363
185 712
185 852
185 1439
185 1531
185 1641
185 1836
187 897
187 1937
188 500
188 501
189 348
190 789
191 894
191 1098
192 1157
192 1575
194 199
195 924
196 443
197 961
198 857
199 775
199 966
199 1249
199 1412
199 1920
199 1921
200 359
200 1356
201 707
202 815
203 700
203 789
206 1350
206 1873
209 288
209 798
209 894
210 266
210 1861
211 288
211 623
212 1529
213 1253
215 243
218 348
219 1258
219 1806
221 228
221 231
222 331
223 1350
226 700
227 662
228 290
228 737
228 1242
228 1427
228 1433
228 1446
228 1471
228 1800
231 567
231 797
231 919
231 931
233 238
233 243
234 699
234 700
236 1051
237 331
237 996
238 290
238 528
238 715
238 776
238 1045
238 1098
238 1746
238 1826
238 1916
240 325
240 708
241 472
243 644
243 1077
243 1089
243 1343
243 1651
244 739
246 250
246 251
247 1873
249 1516
250 313
250 419
250 507
250 945
250 1093
250 1238
250 1387
250 1388
250 1389
251 321
251 350
251 365
251 406
251 566
251 608
251 621
251 1047
251 1111
251 1471
251 1518
251 1538
251 1668
251 1707
252 258
253 385
254 665
255 672
255 954
257 331
258 588
258 631
258 929
258 981
258 1444
258 1613
259 471
259 952
261 266
262 1244
263 460
263 544
265 892
265 952
266 315
266 360
266 430
266 515
266 566
266 950
266 1173
266 1448
266 1506
266 1907
267 544
270 1113
270 1668
272 1538
274 360
274 1640
275 1191
276 544
277 283
279 1347
283 315
283 324
283 378
283 633
283 634
283 635
283 636
283 637
283 638
283 639
283 640
283 641
283 642
284 288
286 1253
287 1576
288 395
288 484
288 670
288 776
288 839
288 983
288 1059
288 1159
288 1168
288 1203
288 1260
288 1272
294 1943
298 813
299 307
299 313
302 642
302 696
304 544
304 1402
304 1460
304 1787
305 623
305 1309
307 308
307 315
307 561
307 679
307 1235
307 1252
308 544
313 1135
313 1205
313 1522
313 1548
313 1572
313 1729
313 1793
314 315
315 323
315 423
315 470
315 552
315 698
315 705
315 884
315 1214
315 1364
315 1478
315 1529
315 1631
315 1703
315 1704
316 933
318 678
318 1111
318 1432
319 993
320 359
322 1577
323 747
323 1226
323 1784
323 1898
324 448
324 705
324 885
324 1132
324 1957
325 652
325 737
325 743
325 1005
325 1030
325 1214
325 1215
325 1216
326 662
326 832
327 813
327 815
327 816
330 472
331 490
331 741
331 1283
331 1400
331 1526
331 1527
331 1528
334 745
334 1111
337 626
337 928
340 737
340 739
341 1722
342 348
343 627
343 928
344 954
344 1577
345 707
346 1664
347 625
348 707
348 1130
348 1161
348 1391
348 1483
348 1495
350 776
352 587
352 662
353 1312
354 472
354 1849
355 359
355 360
357 581
357 665
358 665
359 510
359 513
359 816
359 872
359 1537
359 1762
360 375
360 456
360 466
360 469
360 537
360 1354
360 1437
360 1727
360 1759
361 678
363 857
365 368
366 626
366 1423
368 479
368 543
368 605
368 954
368 1467
368 1484
368 1608
368 1765
368 1837
369 627
369 991
369 1049
369 1098
369 1697
370 714
370 956
375 378
376 1006
376 1309
378 1315
378 1721
380 833
381 672
381 1356
381 1423
383 384
383 385
383 391
384 474
384 616
384 808
384 915
384 1017
384 1041
384 1178
384 1183
384 1339
384 1423
384 1700
384 1751
384 1825
384 1920
384 1972
385 556
385 889
385 951
385 1048
385 1207
385 1467
385 1613
385 1738
386 950
386 1244
386 1258
388 621
388 1350
388 1412
391 536
391 606
391 700
391 827
391 920
391 1000
391 1402
391 1723
391 1852
391 1876
391 1880
391 1891
393 1519
394 1111
395 834
396 928
396 931
397 1902
398 1363
400 745
400 1849
401 1943
402 832
404 435
407 1880
408 470
408 776
408 1428
410 1924
412 1113
412 1428
413 460
413 723
417 1899
418 1006
419 1420
421 668
421 1553
423 788
423 1459
425 625
426 1000
427 472
427 1916
428 789
431 972
433 950
433 1664
434 435
434 443
434 446
435 552
435 889
435 1033
435 1039
435 1244
435 1275
435 1354
435 1474
435 1677
435 1734
435 1748
435 1879
436 464
437 834
437 1902
438 471
438 1098
441 1205
443 604
443 1200
443 1527
443 1795
443 1985
446 516
446 566
446 705
446 717
446 828
446 891
446 969
446 1400
446 1448
447 1000
448 1584
449 827
450 583
450 618
450 790
450 850
450 901
450 984
450 1097
451 1519
454 541
455 902
456 460
458 1806
458 1807
459 1849
460 598
460 613
460 776
460 800
460 1065
460 1105
460 1159
460 1338
460 1383
460 1565
462 627
462 673
462 1577
464 934
464 1008
464 1068
464 1400
464 1424
464 1545
464 1551
464 1725
464 1905
464 1906
466 745
467 470
467 471
467 472
469 1260
469 1363
470 577
470 628
470 662
470 743
470 757
470 846
470 1074
470 1089
470 1202
470 1258
470 1347
470 1518
470 1591
470 1807
471 511
471 623
471 997
471 1024
471 1025
471 1026
472 513
472 823
472 1040
472 1559
472 1567
472 1613
472 1934
475 892
477 1157
478 931
478 1558
479 954
481 624
482 544
482 1624
483 1428
486 487
486 491
487 972
487 1023
487 1039
487 1125
487 1149
487 1390
487 1455
487 1527
487 1598
487 1699
487 1843
490 956
491 863
495 815
497 798
500 1044
500 1066
500 1111
500 1375
500 1380
500 1448
500 1812
501 767
501 769
501 1113
501 1226
501 1480
501 1655
502 924
502 1553
503 789
503 1191
503 1432
503 1704
505 1558
507 827
508 954
509 1478
519 1312
519 1916
526 1631
527 1256
527 1258
527 1260
531 587
532 1113
532 1260
533 1460
535 1356
536 1003
538 1640
539 540
539 541
539 542
539 543
540 1516
540 1570
541 562
541 669
541 699
541 756
541 965
541 1003
541 1165
541 1307
541 1339
541 1356
541 1640
543 956
543 1558
544 632
544 1019
544 1259
544 1740
545 1695
545 1924
546 1146
548 815
549 788
551 1613
553 1260
554 1412
554 1724
555 1584
560 565
561 991
564 626
565 814
565 817
565 868
565 1089
565 1317
565 1335
566 790
567 833
570 673
571 572
571 573
571 574
571 575
571 576
571 577
571 578
571 579
574 673
576 995
577 1420
580 581
580 584
580 587
580 593
581 691
581 740
581 1110
581 1384
581 1757
582 924
582 989
582 1516
582 1662
583 745
583 1576
583 1584
583 1787
584 774
584 910
584 950
584 1015
584 1016
584 1303
584 1764
586 714
587 836
587 837
587 838
587 839
587 840
587 841
590 902
591 1668
593 742
593 836
593 1101
593 1152
593 1181
593 1417
593 1424
593 1432
593 1485
593 1601
593 1773
595 1205
596 788
596 972
598 1640
600 789
601 867
602 1400
605 1664
607 1622
608 673
608 972
610 1318
611 789
611 1412
612 642
615 1576
616 619
616 621
617 1880
619 663
619 741
619 843
619 1021
619 1040
619 1337
619 1483
619 1861
621 1042
621 1380
621 1716
621 1717
621 1718
621 1719
622 816
622 1098
623 624
623 625
623 626
623 627
623 628
623 629
623 630
623 631
623 632
624 870
624 1058
624 1083
624 1112
624 1793
625 873
625 874
625 875
625 876
626 709
626 1562
626 1890
627 731
627 736
627 1120
627 1121
627 1122
627 1123
627 1124
627 1125
628 815
628 991
630 1700
632 808
632 1847
634 1697
636 1724
638 1423
640 776
640 931
642 689
642 944
642 960
642 1083
642 1107
642 1535
642 1857
645 699
646 867
647 1400
648 708
648 1704
649 1538
649 1806
652 1880
655 788
655 931
656 1350
660 678
660 834
661 1111
662 900
662 1069
662 1101
662 1234
662 1602
662 1638
664 665
664 666
664 667
664 668
664 669
664 670
664 671
664 672
664 673
664 674
664 675
665 1639
665 1813
665 1941
667 699
667 1861
668 829
668 917
668 925
668 1705
668 1743
668 1814
668 1864
668 1868
669 1113
671 1662
672 725
672 795
672 1123
672 1176
672 1196
672 1354
672 1554
672 1644
672 1716
673 708
673 737
673 806
673 881
673 988
673 989
673 990
673 991
673 992
673 993
673 994
673 995
673 996
673 997
673 998
673 999
674 1312
675 1244
676 678
678 760
678 1063
678 1675
678 1847
684 1937
686 1478
688 1861
688 1902
690 1558
693 696
694 1260
696 832
696 845
696 1023
696 1157
696 1186
696 1191
696 1338
696 1554
696 1571
696 1662
696 1679
696 1865
696 1908
696 1979
697 785
699 794
699 1048
699 1049
699 1050
699 1051
699 1052
699 1053
700 1013
700 1122
700 1186
700 1257
700 1491
701 1350
702 808
702 1806
704 933
705 707
705 708
705 714
706 714
707 1057
707 1076
707 1170
707 1427
707 1563
707 1613
707 1642
707 1687
707 1853
708 756
708 1026
708 1053
708 1071
708 1096
708 1630
708 1834
708 1835
709 789
709 1260
709 1364
709 1529
710 1570
712 897
713 1258
714 762
714 991
714 1143
714 1454
714 1490
714 1527
714 1920
714 1932
715 1613
718 723
721 1558
723 772
723 790
723 923
723 1447
723 1940
724 1205
728 956
728 1350
728 1478
729 1347
730 972
735 1930
737 772
737 829
737 857
737 956
737 994
737 1136
737 1408
737 1474
737 1475
738 1919
739 951
739 1246
739 1333
739 1422
739 1423
739 1424
739 1425
741 745
743 833
744 1631
744 1849
745 950
745 1221
745 1469
752 776
753 1575
758 1113
767 1613
769 798
770 1457
772 776
773 785
774 785
775 950
776 868
776 1005
776 1353
776 1379
776 1428
776 1905
776 1937
780 1700
781 785
785 793
785 1132
785 1218
785 1295
785 1736
785 1737
786 788
788 790
788 1005
788 1242
788 1953
789 790
790 813
790 1026
790 1236
790 1590
790 1607
790 1739
790 1817
791 798
794 991
794 1000
798 948
798 1014
798 1073
798 1260
798 1394
798 1492
798 1593
800 1570
801 1363
801 1695
802 1402
804 806
804 808
806 883
806 1107
806 1181
806 1334
806 1349
806 1408
806 1412
806 1444
806 1524
806 1565
806 1587
806 1820
806 1873
808 969
808 991
808 1052
808 1579
808 1813
808 1853
808 1915
808 1928
808 1940
809 1049
811 1622
813 1479
813 1927
815 857
815 866
815 1077
816 851
816 894
816 1094
816 1209
816 1299
816 1368
816 1622
816 1658
816 1810
816 1847
817 950
817 1146
817 1577
822 1006
824 1403
826 827
827 907
827 1076
827 1605
827 1658
827 1683
828 972
829 832
829 833
829 834
832 927
832 994
832 1001
832 1039
832 1099
832 1446
832 1499
832 1655
832 1661
832 1729
832 1853
833 887
833 1018
833 1168
833 1524
833 1681
833 1712
834 948
834 1087
834 1342
834 1397
834 1398
834 1399
834 1400
836 972
838 952
838 1003
838 1640
838 1899
840 1724
841 1400
844 1576
845 1098
845 1260
846 1258
848 857
851 1668
852 954
857 891
857 892
857 893
857 894
857 895
857 896
857 897
857 898
858 902
860 1722
861 1919
862 1146
864 867
867 957
867 1400
867 1665
867 1691
867 1813
870 897
871 1157
875 1826
877 1412
884 1432
884 1624
884 1806
889 1402
890 1807
892 1337
892 1595
892 1786
892 1946
894 948
894 1265
894 1300
894 1350
894 1457
894 1624
894 1680
894 1702
894 1746
894 1784
896 1908
897 957
897 958
897 1032
897 1130
897 1372
897 1447
897 1613
897 1887
898 1312
900 933
902 1174
902 1218
902 1695
903 1113
908 1570
908 1930
911 1577
912 1312
914 1412
915 1570
916 1695
917 1584
924 1065
924 1095
924 1466
924 1679
927 1538
928 1098
928 1325
928 1831
931 1126
931 1237
931 1403
931 1570
931 1671
931 1727
931 1762
931 1861
931 1862
932 933
933 972
933 1248
933 1481
933 1945
938 1260
938 1288
939 1553
941 1919
944 1880
945 1460
949 950
949 952
950 1275
950 1397
950 1544
950 1560
950 1577
950 1664
952 1016
952 1032
952 1108
952 1109
952 1110
952 1111
953 954
953 956
954 986
954 1038
954 1249
954 1252
954 1419
954 1425
954 1504
954 1520
954 1558
954 1578
954 1604
954 1691
954 1902
954 1946
956 1012
956 1218
956 1320
956 1476
956 1735
956 1805
957 1460
960 961
961 1445
961 1842
961 1874
965 993
967 1662
972 1309
972 1363
972 1587
972 1821
972 1902
981 1662
988 1847
989 1023
989 1103
989 1471
989 1715
989 1920
989 1954
991 1092
991 1466
991 1576
991 1698
991 1861
991 1961
992 1258
992 1916
993 1334
993 1788
993 1808
993 1809
995 1123
995 1313
995 1572
995 1573
996 1201
996 1501
998 1403
998 1640
1000 1269
1000 1287
1000 1379
1000 1659
1000 1894
1000 1910
1001 1915
1003 1136
1003 1216
1003 1261
1003 1454
1003 1818
1003 1820
1006 1111
1006 1564
1006 1734
1013 1919
1018 1113
1019 1318
1023 1113
1023 1253
1031 1664
1033 1698
1034 1529
1036 1412
1038 1664
1038 1826
1039 1412
1039 1613
1049 1471
1049 1629
1049 1683
1049 1946
1050 1943
1051 1066
1051 1248
1051 1266
1051 1280
1051 1349
1051 1568
1051 1769
1051 1834
1052 1668
1053 1662
1055 1668
1055 1704
1061 1157
1061 1807
1065 1347
1072 1478
1072 1724
1074 1253
1074 1460
1080 1457
1082 1309
1093 1558
1098 1155
1098 1613
1098 1711
1098 1725
1098 1773
1098 1792
1098 1805
1098 1930
1099 1457
1104 1577
1105 1428
1107 1459
1107 1724
1111 1128
1111 1388
1111 1425
1111 1446
1111 1544
1111 1934
1113 1137
1113 1253
1113 1357
1113 1604
1113 1641
1113 1855
1117 1700
1124 1908
1125 1403
1128 1575
1128 1576
1132 1191
1134 1908
1136 1309
1142 1529
1145 1146
1146 1475
1146 1691
1146 1767
1146 1872
1146 1946
1154 1538
1155 1157
1157 1221
1157 1643
1157 1810
1158 1364
1158 1924
1163 1806
1173 1924
1175 1457
1175 1459
1175 1460
1181 1662
1183 1516
1184 1191
1187 1908
1187 1937
1191 1398
1191 1838
1193 1403
1198 1695
1202 1640
1205 1357
1205 1615
1205 1823
1205 1928
1207 1930
1208 1937
1209 1260
1215 1722
1221 1258
1222 1459
1224 1937
1227 1722
1228 1577
1229 1847
1233 1244
1233 1460
1238 1363
1238 1364
1242 1244
1244 1625
1244 1635
1244 1684
1244 1788
1244 1899
1244 1902
1245 1318
1252 1253
1253 1466
1253 1470
1253 1792
1253 1996
1256 1435
1256 1443
1256 1605
1256 1639
1256 1726
1256 1996
1257 1553
1258 1349
1258 1554
1258 1589
1260 1278
1260 1741
1260 1834
1260 1898
1260 1905
1261 1807
1266 1519
1268 1432
1270 1613
1274 1312
1275 1724
1283 1861
1284 1880
1285 1402
1288 1298
1288 1489
1288 1518
1288 1593
1288 1599
1290 1915
1292 1908
1298 1943
1302 1402
1303 1423
1307 1457
1308 1724
1309 1383
1309 1486
1309 1559
1309 1648
1309 1987
1311 1704
1312 1398
1312 1710
1312 1727
1312 1832
1313 1558
1317 1318
1318 1349
1318 1366
1318 1374
1318 1680
1318 1799
1318 1958
1325 1584
1332 1350
1337 1363
1337 1902
1339 1704
1339 1924
1341 1529
1346 1347
1347 1755
1347 1756
1350 1351
1350 1352
1350 1353
1350 1354
1351 1930
1354 1861
1356 1435
1356 1517
1356 1803
1358 1624
1363 1381
1363 1459
1363 1736
1363 1870
1363 1889
1364 1799
1365 1943
1371 1937
1374 1459
1374 1613
1375 1478
1378 1919
1379 1624
1380 1575
1387 1899
1393 1664
1394 1930
1396 1847
1400 1620
1400 1910
1400 1939
1402 1456
1402 1773
1403 1404
1403 1405
1403 1406
1403 1407
1408 1412
1412 1553
1412 1780
1412 1804
1413 1704
1413 1873
1414 1576
1415 1553
1420 1421
1423 1739
1423 1949
1423 1950
1426 1428
1428 1716
1428 1813
1428 1923
1429 1631
1432 1433
1432 1434
1432 1435
1432 1436
1434 1695
1440 1662
1447 1698
1453 1937
1454 1899
1457 1741
1459 1705
1459 1914
1459 1967
1460 1484
1460 1610
1460 1732
1460 1806
1460 1864
1460 1870
1460 1994
1461 1622
1466 1873
1471 1624
1476 1724
1478 1642
1491 1919
1497 1516
1509 1880
1514 1516
1514 1519
1516 1643
1519 1528
1519 1552
1519 1820
1520 1584
1529 1643
1534 1849
1535 1826
1538 1539
1538 1875
1547 1916
1547 1919
1553 1946
1555 1722
1558 1729
1559 1847
1560 1584
1563 1787
1565 1849
1567 1584
1570 1669
1570 1828
1573 1704
1575 1847
1575 1855
1575 1973
1576 1783
1576 1827
1577 1578
1577 1579
1577 1580
1580 1930
1584 1860
1588 1916
1605 1613
1605 1668
1608 1609
1608 1610
1608 1611
1613 1705
1617 1722
1620 1622
1622 1688
1622 1689
1622 1872
1622 1936
1640 1776
1641 1668
1643 1930
1647 1695
1649 1697
1656 1724
1656 1873
1660 1902
1661 1662
1668 1964
1694 1695
1694 1697
1695 1847
1695 1848
1697 1773
1697 1949
1698 1699
1703 1724
1704 1891
1712 1807
1716 1937
1724 1854
1724 1943
1727 1806
1729 1873
1740 1930
1748 1899
1758 1807
1766 1826
1775 1787
1777 1873
1797 1899
1806 1888
1807 1905
1809 1902
1810 1902
1812 1847
1834 1916
1840 1924
1844 1915
1847 1913
1849 1994
1850 1937
1861 1884
1861 1893
1861 1924
1873 1885
1875 1908
1876 1908
1879 1880
1880 1911
1902 1985
1914 1915
1924 1929
1934 1935
1939 1943
