0 17
1 654
3 1259
4 1251
5 1423
6 1244
6 1533
7 1457
7 1753
8 1431
11 1914
12 1690
13 1619
15 1385
16 199
16 939
17 309
17 577
17 722
17 1294
17 1326
17 1784
18 19
18 20
18 21
18 22
18 23
18 24
18 25
18 26
18 27
18 28
18 29
19 730
20 421
21 180
21 501
22 378
23 501
24 110
24 125
24 180
24 314
24 372
24 426
24 780
24 881
24 1074
24 1200
24 1408
24 1427
24 1428
24 1968
24 1979
25 697
25 939
26 1753
30 32
32 37
32 44
32 224
32 286
32 474
32 616
32 1152
32 1237
32 1288
32 1422
32 1460
33 530
34 992
35 38
38 384
38 619
38 679
38 865
38 1020
39 138
39 180
39 468
42 992
43 44
43 45
43 46
43 47
43 48
43 49
43 50
43 51
44 696
44 1724
46 70
46 312
46 546
46 597
46 697
46 844
46 1070
46 1193
46 1321
46 1489
46 1550
46 1835
46 1913
46 1936
46 1938
46 1963
46 1995
47 496
47 742
47 974
48 462
50 1387
51 326
51 327
53 1552
54 1086
54 1157
55 286
55 587
55 697
56 180
56 1457
57 161
57 1550
58 1315
58 1902
59 64
59 68
59 69
60 127
61 642
62 284
62 326
62 1617
63 537
64 99
64 222
64 426
64 547
64 838
64 843
64 1431
64 1540
64 1672
64 1698
64 1819
64 1929
64 1956
65 1914
66 1552
67 730
67 1476
68 543
68 816
68 888
68 1055
68 1076
68 1780
68 1962
69 497
69 514
69 640
69 891
69 1276
71 1242
72 953
74 245
74 1324
75 1610
77 127
77 386
77 1550
77 1610
81 795
82 1552
83 535
84 1315
85 1193
88 1717
89 544
89 587
92 811
92 992
92 1496
94 1321
95 953
98 889
99 464
101 1094
102 1280
102 1637
103 421
104 326
106 722
106 795
109 128
109 954
110 498
111 939
112 122
113 818
114 1122
116 1134
118 1929
119 1920
121 1511
122 437
122 564
122 700
122 1238
122 1484
122 1546
122 1565
122 1700
122 1859
122 1892
125 127
125 128
125 133
127 148
127 318
127 479
127 516
127 562
127 750
127 916
127 1225
127 1249
127 1426
127 1427
127 1451
127 1614
127 1652
127 1745
127 1799
128 148
128 192
128 208
128 294
128 376
128 469
128 1605
128 1717
128 1744
131 813
132 1936
133 161
133 162
133 163
133 164
133 165
133 166
133 167
133 168
135 136
135 138
135 139
136 296
136 368
136 427
136 706
136 1042
136 1567
137 1227
137 1925
138 159
138 174
138 1198
138 1449
138 1590
138 1655
139 193
139 656
139 696
139 1166
139 1214
139 1262
139 1610
139 1997
141 332
141 497
141 1431
142 1662
145 161
145 730
145 1308
146 578
146 819
146 1615
150 1942
154 1533
155 1588
156 1552
156 1942
159 1134
161 168
161 247
161 341
161 537
161 581
161 730
161 793
161 1113
161 1203
161 1400
161 1722
161 1787
165 537
165 1993
166 591
169 170
169 171
169 172
169 173
169 174
169 175
169 176
169 177
171 1508
173 525
173 597
173 736
173 1167
173 1268
173 1321
173 1371
173 1377
173 1679
173 1709
173 1743
173 1744
173 1745
173 1746
178 179
178 180
179 384
179 429
179 556
179 639
179 1184
179 1343
179 1735
179 1838
179 1887
180 308
180 394
180 407
180 476
180 705
180 977
180 978
180 979
180 980
180 981
181 517
181 1449
181 1662
181 1892
182 742
182 954
182 1400
182 1709
183 326
183 1122
183 1259
186 188
186 189
186 190
187 190
187 1903
188 419
188 425
188 495
188 496
188 497
188 498
188 499
188 500
188 501
188 502
188 503
188 504
188 505
189 348
189 363
189 735
189 911
189 1132
189 1321
189 1447
190 447
190 521
190 558
190 789
190 802
190 843
190 1108
190 1110
190 1360
190 1425
190 1779
191 819
191 942
192 1157
192 1575
193 1872
194 199
199 775
199 966
199 1249
199 1412
199 1920
199 1921
200 359
200 1615
202 815
205 386
206 1350
206 1873
208 247
209 798
209 824
210 730
210 1449
216 819
218 1925
220 421
220 554
220 930
220 939
222 331
223 1350
224 1903
225 795
226 1134
226 1431
226 1496
227 662
227 1533
227 1619
228 1242
229 1929
232 944
232 1268
233 235
233 245
235 441
235 640
235 748
235 752
235 1071
235 1108
235 1508
235 1552
235 1567
235 1657
235 1680
235 1691
235 1709
237 284
237 331
240 1410
242 751
244 739
245 291
245 462
245 578
245 934
245 949
245 1140
245 1279
245 1303
245 1391
245 1431
245 1642
246 247
246 248
246 249
246 250
246 251
247 274
247 285
247 388
247 399
247 666
247 982
247 1183
247 1222
247 1370
247 1540
247 1611
247 1635
247 1691
247 1737
247 1819
247 1872
247 1873
247 1920
247 1996
250 1387
251 621
251 1668
254 462
254 795
254 1874
255 954
257 331
257 332
259 952
259 1251
262 1244
263 544
264 1606
265 952
267 544
267 1242
267 1437
269 1251
270 1668
272 654
274 379
274 1321
275 498
275 1191
275 1669
276 544
276 546
276 550
277 280
280 329
280 380
280 476
280 517
280 576
280 896
280 1506
283 378
283 642
284 285
284 286
284 287
284 288
284 289
284 290
284 291
284 292
285 992
286 684
286 915
286 919
286 1095
286 1110
286 1253
286 1315
286 1390
286 1453
286 1776
290 944
292 1745
294 1943
295 1741
297 697
298 813
298 1308
300 537
301 1874
302 642
302 696
303 358
303 1280
304 544
304 1787
304 1983
305 1309
306 1385
307 1252
308 544
311 372
312 1709
313 1205
314 318
317 1511
318 493
318 678
318 682
318 846
318 949
318 1077
318 1111
318 1432
318 1683
318 1870
320 359
320 697
320 1320
321 819
326 497
326 662
326 770
326 832
326 1028
326 1437
326 1496
326 1500
326 1616
326 1749
326 1967
327 393
327 767
327 811
327 812
327 813
327 814
327 815
327 816
327 817
327 818
327 819
327 820
328 1753
329 744
331 490
331 741
331 1283
331 1400
331 1526
331 1527
331 1528
332 393
332 458
332 647
332 736
332 986
332 1618
332 1780
336 1619
336 1874
338 1324
339 1108
339 1458
340 736
340 739
343 466
343 1426
344 954
345 1554
345 1903
346 1308
352 587
352 662
355 358
355 359
357 581
358 510
358 665
358 976
358 1074
358 1250
358 1339
358 1725
358 1839
358 1892
359 510
359 513
359 816
359 872
359 1537
359 1762
360 466
360 537
360 1437
362 731
365 368
365 372
366 1423
368 479
368 543
368 605
368 954
368 1467
368 1484
368 1608
368 1765
368 1837
370 714
371 1615
371 1709
372 396
372 615
372 618
372 1225
372 1283
372 1559
372 1566
372 1718
372 1745
375 378
375 379
375 381
376 546
376 1309
377 1134
378 1315
378 1721
379 905
379 1059
379 1394
379 1442
379 1578
381 672
381 911
381 1313
381 1356
381 1401
381 1423
381 1638
383 384
383 386
384 474
384 616
384 808
384 915
384 1017
384 1041
384 1178
384 1183
384 1339
384 1423
384 1700
384 1751
384 1825
384 1920
384 1972
385 889
386 875
386 950
386 1150
386 1244
386 1258
386 1336
386 1978
388 621
388 1251
388 1350
388 1449
390 1362
391 1880
395 530
396 927
396 930
397 1902
398 1588
399 496
400 1167
401 1943
402 832
402 1315
404 736
404 1351
405 722
407 744
407 1880
408 905
408 1669
408 1717
412 1610
414 415
414 416
414 417
414 418
414 419
414 420
414 421
414 422
414 423
416 939
417 496
418 942
419 559
421 496
421 564
421 668
421 839
421 992
421 1005
421 1122
421 1130
421 1315
421 1513
421 1553
421 1829
423 1745
424 428
425 466
425 780
425 1308
428 789
428 814
428 819
428 1023
428 1042
428 1172
428 1489
428 1619
428 1679
428 1805
428 1969
429 1449
430 731
431 818
431 972
432 1588
434 446
435 889
435 1244
435 1275
436 462
436 464
436 466
437 1902
439 1167
439 1554
439 1741
441 1205
442 1385
443 1985
446 516
446 566
446 705
446 717
446 828
446 891
446 969
446 1400
446 1448
447 498
447 1453
447 1717
448 1158
450 850
452 1610
455 722
455 905
462 627
462 673
462 1177
462 1405
462 1577
462 1663
462 1674
462 1761
464 934
464 1008
464 1068
464 1400
464 1424
464 1545
464 1551
464 1725
464 1905
464 1906
465 1903
466 745
466 840
466 1053
466 1114
466 1517
466 1653
466 1665
466 1717
467 468
468 1385
468 1526
468 1663
469 837
469 1513
469 1637
470 662
476 1437
477 1157
478 1558
479 954
479 1606
482 544
483 1496
484 1741
485 1678
486 487
487 972
487 1023
487 1039
487 1125
487 1149
487 1390
487 1455
487 1527
487 1598
487 1699
487 1843
488 517
488 530
488 535
488 537
490 889
493 994
493 1619
495 815
495 1321
496 702
496 1066
496 1088
496 1181
496 1376
496 1729
497 520
497 798
497 963
497 1214
497 1215
497 1227
497 1641
497 1682
497 1689
497 1703
498 773
498 860
498 861
498 862
498 863
499 1320
499 1496
500 1375
501 767
501 769
501 1113
501 1226
501 1480
501 1655
503 1191
505 1558
508 780
508 954
509 1552
511 942
511 1669
515 1108
516 517
516 520
517 591
517 837
517 930
517 939
517 994
517 1212
517 1314
517 1375
517 1413
517 1414
517 1415
518 837
518 1508
519 1094
520 529
520 698
520 719
520 763
520 946
520 947
520 948
521 537
521 1803
522 527
527 971
527 1028
527 1195
527 1255
527 1256
527 1257
527 1258
527 1259
527 1260
527 1261
528 1385
529 559
530 531
530 556
530 576
530 1522
530 1615
530 1740
531 587
535 717
535 794
535 811
535 835
535 935
535 1184
535 1210
535 1355
535 1356
535 1357
536 1508
537 1204
537 1340
537 1609
537 1964
538 1242
543 1410
543 1496
543 1558
544 632
544 1019
544 1259
544 1740
546 941
546 1133
546 1146
546 1156
546 1739
546 1754
546 1953
547 818
548 815
549 818
549 905
550 729
550 738
550 941
550 1037
550 1187
550 1308
550 1683
550 1712
550 1780
550 1977
552 554
552 559
553 1588
553 1741
553 1803
554 959
554 1299
554 1412
554 1556
554 1724
556 1741
556 1942
559 671
559 1061
559 1316
559 1385
559 1458
559 1470
559 1580
559 1911
561 1227
562 1920
564 889
564 1513
566 1252
568 1227
569 829
571 578
574 1606
575 801
577 1920
578 721
578 1272
578 1681
579 795
579 930
579 1458
580 581
580 587
580 591
581 691
581 740
581 1110
581 1384
581 1757
582 989
582 1662
583 1787
586 714
586 731
586 1315
587 836
587 837
587 838
587 839
587 840
587 841
588 1426
590 1669
591 618
591 821
591 884
591 903
591 905
591 1036
591 1276
591 1609
591 1667
591 1668
591 1669
592 1903
593 742
595 1205
595 1511
596 972
596 974
597 1619
597 1874
601 867
602 1400
602 1872
604 1914
604 1920
606 722
606 1259
607 1508
608 972
612 642
613 1903
616 621
617 1880
618 1745
620 927
621 1042
621 1380
621 1716
621 1717
621 1718
621 1719
622 816
627 731
627 736
627 1122
628 815
630 1617
632 808
632 1847
633 1588
634 1508
634 1615
635 1315
636 1724
638 1423
642 689
642 944
642 960
642 1083
642 1107
642 1535
642 1857
644 1741
645 1872
646 867
646 1615
647 1400
648 731
648 1252
648 1321
650 1449
651 1387
652 1437
652 1880
653 654
654 818
654 1481
654 1818
655 1437
656 1350
659 1268
659 1315
660 811
660 1617
661 1274
662 900
662 1069
662 1101
662 1234
662 1602
662 1638
666 1431
667 1936
668 829
669 1086
670 1259
670 1929
671 1662
672 795
672 1554
673 989
673 992
673 994
675 1244
675 1745
677 942
677 1426
678 1847
680 994
685 905
688 1902
689 824
690 1558
690 1672
690 1741
693 696
693 697
694 944
696 832
696 845
696 1023
696 1157
696 1186
696 1191
696 1338
696 1554
696 1571
696 1662
696 1679
696 1865
696 1908
696 1979
697 785
697 1349
697 1456
700 1122
701 1320
701 1350
702 808
703 1268
704 1086
705 714
706 714
709 1805
714 762
714 991
714 1143
714 1454
714 1490
714 1527
714 1920
714 1932
715 978
715 1588
715 1637
718 722
720 1321
721 942
721 1558
722 801
722 811
722 1057
722 1351
722 1757
722 1903
724 1205
726 1539
727 730
727 731
728 1350
728 1476
729 1508
729 1925
730 884
730 917
730 972
730 1443
730 1569
730 1750
730 1758
731 957
731 969
731 1717
731 1910
731 1932
731 1996
733 1351
733 1753
734 939
734 1678
735 1930
736 742
736 971
736 1086
736 1133
736 1134
736 1135
736 1136
736 1137
737 829
737 994
738 932
739 951
739 1246
739 1333
739 1422
739 1423
739 1424
739 1425
741 742
741 744
742 825
742 884
742 1120
742 1322
742 1642
742 1799
742 1851
743 780
744 799
744 916
744 1005
744 1324
744 1384
744 1631
744 1685
744 1849
744 1877
749 751
751 1014
751 1249
751 1636
751 1709
751 1710
751 1711
751 1712
753 1575
758 1717
761 780
761 1550
762 1431
767 1449
768 1280
768 1874
769 798
769 1134
770 1457
771 1453
772 780
773 905
773 1903
778 1449
780 839
780 960
780 1172
780 1374
780 1526
780 1700
788 1242
790 813
791 795
791 798
792 1308
792 1324
795 905
795 1116
795 1586
795 1789
795 1792
796 824
796 953
796 1690
797 818
798 948
798 1014
798 1073
798 1260
798 1394
798 1492
798 1593
801 842
801 895
801 915
801 973
801 1052
801 1363
801 1397
801 1695
802 944
804 808
806 1873
808 969
808 991
808 1052
808 1579
808 1813
808 1853
808 1915
808 1928
808 1940
809 1280
810 1274
811 850
811 974
811 987
811 1064
811 1069
811 1114
811 1376
811 1622
811 1913
812 1637
813 1479
813 1927
815 857
815 866
815 1077
816 851
816 894
816 1094
816 1209
816 1299
816 1368
816 1622
816 1658
816 1810
816 1847
818 1117
818 1237
818 1672
818 1678
818 1825
818 1920
818 1932
819 1131
819 1319
819 1341
819 1492
819 1649
822 1251
822 1274
823 953
824 1044
824 1403
824 1449
824 1580
824 1686
824 1687
824 1688
828 972
829 830
829 831
829 832
829 833
829 834
829 835
830 1308
832 927
832 994
832 1001
832 1039
832 1099
832 1446
832 1499
832 1655
832 1661
832 1729
832 1853
834 1400
836 972
836 1753
837 1149
837 1229
837 1251
837 1325
837 1427
837 1431
837 1541
837 1690
837 1799
837 1900
837 1914
837 1983
838 952
838 1320
840 1724
841 1400
845 1324
848 850
850 900
850 1034
851 1134
851 1668
852 954
852 974
853 953
858 1920
859 1617
864 867
867 957
867 1400
867 1665
867 1691
867 1813
871 1157
875 889
875 1925
879 1476
881 889
889 994
889 1401
889 1402
890 1242
891 1242
893 1717
894 1350
894 1457
898 1669
901 1351
905 1238
905 1240
905 1320
905 1321
905 1322
905 1323
905 1324
905 1325
908 1437
908 1930
909 1375
909 1431
910 1274
914 1315
915 1741
918 1745
920 1280
921 1453
927 1538
927 1635
927 1788
929 1362
929 1513
930 1060
930 1314
930 1477
930 1962
932 933
932 934
932 935
932 936
932 937
932 938
932 939
932 940
932 941
933 972
934 1693
939 1059
939 1444
939 1526
939 1553
939 1606
942 943
942 944
942 945
944 1054
944 1274
944 1368
944 1449
944 1451
944 1682
944 1742
944 1880
945 1134
947 1745
948 1672
949 952
950 1275
951 1610
952 1016
952 1032
952 1108
952 1109
952 1110
952 1111
953 954
953 955
953 956
953 957
953 958
953 959
954 986
954 1038
954 1249
954 1252
954 1419
954 1425
954 1504
954 1520
954 1558
954 1578
954 1604
954 1691
954 1902
954 1946
956 1320
956 1476
956 1805
957 1550
957 1637
958 1086
961 1874
962 1437
963 978
964 1511
967 1662
972 1309
972 1363
972 1587
972 1821
972 1902
973 1985
974 1137
974 1656
974 1906
977 1308
978 1867
979 1496
981 1662
983 1615
984 1453
986 1086
988 1108
988 1847
989 1023
989 1103
989 1471
989 1715
989 1920
989 1954
990 1086
990 1259
991 1698
992 1152
992 1171
992 1258
992 1900
992 1916
994 1126
994 1139
994 1449
994 1533
994 1539
994 1540
994 1541
999 1242
999 1606
1001 1554
1002 1872
1013 1108
1020 1094
1021 1193
1025 1375
1031 1550
1033 1698
1036 1610
1044 1741
1046 1324
1047 1606
1048 1227
1050 1943
1051 1280
1052 1668
1053 1662
1055 1668
1056 1251
1057 1637
1061 1157
1063 1375
1065 1108
1065 1745
1071 1252
1071 1453
1072 1724
1080 1457
1082 1308
1082 1309
1084 1086
1085 1672
1086 1573
1086 1808
1086 1909
1091 1693
1092 1094
1093 1558
1094 1208
1094 1515
1095 1669
1096 1610
1098 1805
1098 1930
1099 1321
1099 1453
1099 1457
1101 1496
1104 1167
1107 1724
1108 1158
1108 1286
1108 1646
1108 1892
1109 1252
1110 1942
1116 1242
1116 1268
1118 1669
1122 1136
1122 1144
1122 1188
1122 1222
1123 1669
1126 1709
1128 1575
1130 1449
1131 1615
1132 1191
1132 1619
1132 1672
1133 1167
1134 1783
1134 1829
1134 1908
1134 1941
1136 1309
1140 1242
1140 1426
1146 1872
1155 1157
1155 1158
1157 1221
1157 1643
1157 1810
1158 1364
1158 1424
1158 1450
1158 1924
1159 1805
1164 1606
1165 1167
1167 1204
1167 1289
1167 1746
1172 1925
1175 1457
1175 1458
1178 1892
1179 1193
1179 1321
1181 1351
1181 1662
1184 1191
1185 1925
1191 1398
1191 1838
1193 1403
1193 1447
1193 1465
1193 1673
1193 1708
1200 1963
1204 1929
1205 1357
1205 1615
1205 1823
1205 1928
1207 1930
1208 1709
1211 1741
1212 1963
1214 1252
1219 1351
1221 1803
1222 1449
1225 1362
1227 1422
1227 1604
1227 1711
1227 1722
1227 1986
1229 1847
1233 1244
1238 1362
1242 1243
1242 1244
1242 1245
1244 1625
1244 1635
1244 1684
1244 1788
1244 1899
1244 1902
1246 1251
1250 1929
1251 1340
1251 1734
1251 1762
1251 1941
1252 1253
1252 1254
1257 1552
1257 1554
1258 1554
1259 1307
1259 1385
1259 1615
1259 1652
1259 1717
1259 1993
1260 1741
1264 1513
1268 1378
1268 1432
1268 1455
1268 1827
1268 1864
1268 1981
1269 1274
1269 1275
1271 1513
1274 1312
1274 1754
1274 1875
1275 1525
1275 1724
1275 1731
1275 1876
1276 1511
1278 1280
1279 1321
1279 1803
1280 1385
1283 1606
1283 1693
1284 1880
1297 1678
1298 1943
1303 1423
1304 1693
1305 1513
1305 1936
1307 1457
1308 1461
1308 1672
1308 1724
1308 1874
1309 1383
1309 1486
1309 1559
1309 1648
1309 1987
1313 1558
1315 1564
1315 1942
1315 1997
1320 1415
1320 1472
1320 1650
1320 1968
1321 1370
1324 1652
1324 1813
1324 1950
1324 1965
1326 1550
1326 1717
1327 1892
1332 1350
1332 1410
1333 1929
1335 1385
1336 1963
1337 1672
1337 1902
1343 1637
1350 1351
1350 1352
1350 1353
1350 1354
1351 1456
1351 1544
1351 1599
1351 1707
1351 1885
1351 1930
1352 1496
1356 1803
1360 1985
1362 1447
1362 1448
1362 1449
1365 1936
1365 1943
1366 1508
1370 1805
1370 1936
1375 1450
1375 1478
1375 1563
1375 1705
1377 1449
1378 1963
1380 1575
1385 1501
1385 1556
1385 1892
1386 1678
1387 1536
1387 1672
1387 1889
1387 1899
1388 1550
1393 1533
1393 1709
1394 1930
1396 1847
1400 1620
1400 1910
1400 1939
1407 1437
1408 1410
1410 1745
1413 1873
1415 1431
1416 1513
1417 1453
1417 1672
1423 1739
1423 1949
1423 1950
1426 1427
1426 1428
1426 1429
1430 1539
1431 1435
1431 1637
1431 1774
1431 1901
1431 1970
1437 1509
1437 1671
1437 1716
1437 1917
1440 1662
1440 1872
1441 1903
1447 1698
1448 1753
1449 1814
1451 1920
1451 1942
1452 1511
1453 1601
1453 1937
1457 1741
1458 1799
1458 1877
1459 1914
1460 1610
1466 1873
1476 1724
1484 1914
1485 1513
1485 1892
1492 1872
1493 1615
1495 1496
1496 1526
1499 1554
1501 1892
1504 1550
1508 1896
1508 1974
1509 1880
1510 1511
1511 1579
1511 1681
1511 1709
1511 1958
1513 1895
1513 1906
1519 1552
1531 1803
1533 1534
1533 1535
1538 1539
1539 1976
1544 1617
1544 1963
1544 1985
1545 1690
1550 1611
1550 1956
1554 1562
1554 1960
1558 1729
1559 1847
1561 1983
1563 1787
1570 1669
1573 1617
1575 1847
1575 1855
1575 1973
1580 1930
1588 1637
1588 1916
1593 1606
1594 1803
1596 1993
1598 1753
1600 1929
1605 1668
1608 1609
1608 1610
1608 1611
1615 1616
1615 1617
1615 1618
1617 1651
1617 1686
1617 1722
1619 1781
1619 1830
1619 1906
1622 1872
1622 1936
1635 1637
1637 1740
1637 1803
1637 1912
1637 1913
1641 1668
1643 1930
1656 1724
1656 1873
1660 1902
1660 1985
1661 1662
1666 1709
1666 1936
1668 1964
1672 1702
1672 1707
1672 1742
1672 1779
1672 1813
1678 1838
1689 1690
1690 1707
1690 1810
1690 1891
1693 1817
1693 1892
1693 1941
1695 1847
1698 1699
1703 1724
1705 1920
1709 1753
1709 1988
1712 1925
1717 1996
1720 1993
1724 1854
1724 1943
1729 1873
1738 1872
1739 1753
1740 1930
1741 1745
1741 1859
1742 1920
1745 1815
1746 1914
1752 1892
1775 1787
1777 1873
1800 1963
1803 1855
1809 1902
1810 1902
1812 1847
1830 1983
1836 1874
1847 1913
1856 1920
1868 1872
1872 1912
1873 1885
1876 1892
1879 1880
1880 1911
1891 1892
1902 1985
1914 1915
1920 1925
1920 1992
1924 1929
1929 1964
1939 1943
