1 243
1 827
2 1006
4 1251
4 1918
4 1919
6 1533
7 1457
7 1753
10 1704
13 910
16 1927
17 1784
22 378
22 510
23 333
24 110
24 372
26 87
26 1753
30 32
30 33
31 1666
32 37
32 44
32 224
32 286
32 474
32 616
32 1152
32 1237
32 1288
32 1422
32 1460
33 315
33 530
33 895
33 1035
33 1119
33 1229
33 1396
33 1530
35 36
36 104
36 335
36 478
36 506
36 609
36 890
36 965
36 1509
39 138
42 1492
43 44
43 45
43 46
43 47
43 48
43 49
43 50
43 51
44 108
44 123
44 159
44 234
44 388
44 532
44 570
44 691
44 696
44 806
44 882
44 951
44 1089
44 1177
44 1256
44 1265
44 1572
44 1724
46 1321
46 1550
48 1792
51 110
51 326
53 1552
54 1004
54 1157
55 587
56 1457
56 1849
57 1550
59 62
59 64
59 69
61 307
61 642
62 284
62 326
62 333
62 340
62 479
62 946
62 967
62 990
62 1021
62 1617
62 1783
62 1891
64 99
64 222
64 426
64 547
64 838
64 843
64 1431
64 1540
64 1672
64 1698
64 1819
64 1929
64 1956
65 458
65 732
65 1921
66 153
66 1004
66 1552
67 267
67 1476
69 497
69 514
69 640
69 891
69 1276
71 1242
71 1784
72 953
73 827
74 514
74 1324
75 1524
77 870
77 1481
77 1550
79 256
81 795
82 1552
83 535
83 658
85 570
86 1049
87 88
87 89
87 90
87 91
87 92
87 93
87 94
87 95
87 96
87 97
87 98
87 99
88 452
89 544
89 587
89 1516
91 110
92 811
92 1311
92 1496
93 315
93 489
93 637
93 724
93 1000
93 1001
93 1002
93 1003
93 1004
93 1005
93 1006
93 1007
93 1008
93 1009
93 1010
93 1011
94 333
94 1321
94 1829
95 953
96 1955
97 973
98 889
100 110
102 1637
104 326
106 795
106 1829
107 452
108 1919
109 128
109 584
110 498
110 686
110 724
110 1026
110 1137
110 1139
110 1635
110 1885
111 923
112 122
112 123
114 166
114 565
116 1003
116 1134
116 1355
116 1524
117 1546
118 243
118 1929
119 1355
120 570
120 1313
121 1511
121 1917
122 437
122 564
122 700
122 1238
122 1484
122 1546
122 1565
122 1700
122 1859
122 1892
123 303
123 913
123 999
123 1062
123 1520
123 1559
123 1560
123 1774
125 128
125 129
125 133
126 1804
127 318
127 1745
128 148
128 192
128 208
128 294
128 376
128 469
128 1605
128 1717
128 1744
129 226
129 333
129 349
129 687
129 748
129 1012
129 1160
129 1288
129 1624
130 925
131 813
131 1121
132 843
133 161
133 162
133 163
133 164
133 165
133 166
133 167
133 168
134 452
135 138
135 139
135 140
136 706
138 159
138 174
138 1198
138 1449
138 1590
138 1655
139 193
139 656
139 696
139 1166
139 1214
139 1262
139 1610
139 1997
140 222
140 445
140 667
140 746
140 791
140 971
140 1278
140 1460
140 1661
140 1862
142 1002
142 1004
142 1068
142 1662
147 415
147 1409
148 241
149 153
149 159
150 256
150 1942
152 1597
153 168
153 412
153 763
153 845
153 975
153 1540
153 1636
154 1246
154 1533
155 1588
156 1552
156 1942
159 567
159 607
159 785
159 791
159 971
159 1134
159 1257
159 1502
159 1683
159 1804
159 1921
162 267
163 1849
164 1000
166 295
166 505
166 591
166 706
166 750
166 836
166 894
166 973
166 1175
166 1464
166 1516
166 1913
168 565
169 170
169 171
169 172
169 173
169 174
169 175
169 176
169 177
171 1508
173 525
173 597
173 736
173 1167
173 1268
173 1321
173 1371
173 1377
173 1679
173 1709
173 1743
173 1744
173 1745
173 1746
174 910
176 843
178 179
178 185
179 384
179 429
179 556
179 639
179 1184
179 1343
179 1735
179 1838
179 1887
181 517
181 1662
182 457
182 1709
183 326
184 596
185 266
185 346
185 363
185 712
185 852
185 1439
185 1531
185 1641
185 1836
187 897
187 1100
188 498
189 348
189 1132
189 1321
190 843
191 1100
192 1157
193 1068
195 838
195 923
195 925
196 910
196 912
199 1921
200 359
200 677
200 1356
206 1350
206 1873
209 798
210 266
211 794
212 1529
212 1955
215 243
218 348
218 1246
220 554
220 930
223 727
223 1132
223 1350
225 795
226 1134
226 1496
226 1524
227 457
227 662
227 1533
228 1242
229 1929
232 1068
232 1268
233 235
233 241
233 243
235 441
235 640
235 748
235 752
235 1071
235 1108
235 1508
235 1552
235 1567
235 1657
235 1680
235 1691
235 1709
237 284
240 1410
241 407
241 472
241 732
241 763
241 877
241 878
241 879
241 880
242 751
243 644
243 1077
243 1089
243 1343
243 1651
244 489
245 1642
247 388
247 1540
247 1873
249 1516
251 621
251 1668
252 256
254 795
256 306
256 514
256 612
256 1791
256 1876
257 333
257 334
259 952
259 1251
261 266
261 267
263 544
264 489
265 952
266 315
266 360
266 430
266 515
266 566
266 950
266 1173
266 1448
266 1506
266 1907
267 544
267 579
267 910
267 1021
267 1119
267 1242
267 1437
267 1750
267 1801
267 1850
267 1883
268 269
269 663
269 1025
269 1142
269 1219
269 1238
269 1251
269 1345
269 1838
269 1959
270 1668
274 379
274 1321
274 1640
275 498
275 1313
275 1669
276 544
276 550
277 280
277 283
280 329
280 380
280 476
280 517
280 576
280 896
280 1506
282 596
283 315
283 324
283 378
283 633
283 634
283 635
283 636
283 637
283 638
283 639
283 640
283 641
283 642
284 285
284 286
284 287
284 288
284 289
284 290
284 291
284 292
285 1355
287 838
287 1609
288 1260
292 738
292 1745
294 1943
295 1741
297 514
298 813
299 307
302 642
302 696
304 544
304 1313
304 1460
307 308
307 315
307 561
307 679
307 1235
307 1252
308 544
311 372
312 1709
313 1205
314 315
314 318
315 323
315 423
315 470
315 552
315 698
315 705
315 884
315 1214
315 1364
315 1478
315 1529
315 1631
315 1703
315 1704
316 452
317 1511
318 493
318 678
318 682
318 846
318 949
318 1077
318 1111
318 1432
318 1683
318 1870
319 1597
320 359
323 1784
324 1132
325 652
326 497
326 662
326 770
326 832
326 1028
326 1437
326 1496
326 1500
326 1616
326 1749
326 1967
327 811
327 813
328 1753
329 744
332 458
333 630
333 703
333 859
333 1286
333 1546
333 1896
334 532
334 745
334 906
334 990
334 1111
334 1443
334 1546
335 838
336 727
338 870
338 1114
338 1324
340 738
342 348
343 627
343 1121
345 1554
346 732
347 510
348 707
348 1130
348 1161
348 1391
348 1483
348 1495
349 1068
350 388
350 1002
351 570
352 587
352 662
354 457
354 1121
354 1849
355 359
358 510
359 510
359 513
359 816
359 872
359 1537
359 1762
360 1437
362 1597
365 372
367 1185
367 1409
367 1792
369 627
369 1049
371 1709
372 396
372 615
372 618
372 1225
372 1283
372 1559
372 1566
372 1718
372 1745
375 378
375 379
376 1006
377 1134
377 1161
377 1185
378 1315
378 1721
379 905
379 1059
379 1394
379 1442
379 1578
380 388
381 1313
381 1356
383 388
385 556
385 889
388 621
388 660
388 1251
388 1286
388 1350
388 1412
388 1449
388 1732
388 1896
388 1957
389 1100
390 1792
391 827
391 1000
393 1804
396 927
396 930
397 1744
398 1588
399 794
399 1955
400 1167
400 1849
401 1943
402 832
407 744
408 905
408 1669
409 826
410 838
413 723
414 415
415 548
415 923
415 1262
415 1684
416 510
417 1899
418 1006
421 1553
421 1829
423 1745
426 1000
427 1004
430 1481
432 1588
435 889
435 1275
437 910
439 1167
439 1554
439 1741
441 1205
443 1985
445 1955
447 498
447 1000
448 458
449 827
450 850
452 556
452 926
452 940
452 1263
452 1381
452 1610
453 706
454 1089
454 1692
455 905
456 457
456 458
457 547
457 569
457 658
457 1149
457 1216
457 1415
457 1643
457 1910
458 510
458 543
458 1093
458 1477
458 1586
458 1806
458 1807
459 1849
462 627
463 1185
464 1008
464 1068
466 1114
469 1260
469 1637
470 662
470 1089
471 1026
473 973
476 1437
477 1026
477 1157
478 838
479 1089
482 544
483 1496
484 1741
486 489
488 517
488 535
489 1343
489 1439
489 1581
489 1675
489 1984
490 889
490 1246
493 994
493 1701
494 1114
495 1321
497 798
498 773
498 860
498 861
498 862
498 863
499 1496
500 1375
502 1553
503 1704
506 507
506 508
506 509
506 510
506 511
506 512
506 513
506 514
506 515
507 827
509 1552
510 557
510 655
510 738
510 771
511 1669
514 695
514 1174
514 1207
514 1229
514 1561
514 1630
514 1682
516 517
517 591
517 837
517 930
517 939
517 994
517 1212
517 1314
517 1375
517 1413
517 1414
517 1415
518 738
518 1508
521 1492
523 1008
523 1121
527 1256
527 1260
530 556
531 587
532 1246
532 1260
533 724
533 1460
535 717
535 794
535 811
535 835
535 935
535 1184
535 1210
535 1355
535 1356
535 1357
536 910
536 1003
536 1090
536 1508
537 1609
538 1161
538 1242
538 1640
540 1516
540 1524
541 1003
541 1356
541 1640
543 1410
543 1496
543 1683
544 632
544 1019
544 1259
544 1740
547 1311
549 905
550 729
550 738
550 941
550 1037
550 1187
550 1308
550 1683
550 1712
550 1780
550 1977
552 554
552 556
553 1260
553 1588
553 1741
553 1927
554 959
554 1299
554 1412
554 1556
554 1724
556 883
556 923
556 1299
556 1369
556 1439
556 1692
556 1741
556 1877
556 1942
560 565
561 794
562 658
564 889
564 1883
565 814
565 817
565 868
565 1089
565 1317
565 1335
568 1850
569 829
570 673
570 1171
570 1287
570 1369
570 1501
570 1785
575 801
579 795
579 870
579 930
580 584
580 587
580 591
582 1516
582 1662
583 652
584 774
584 910
584 950
584 1015
584 1016
584 1303
584 1764
586 1313
587 836
587 837
587 838
587 839
587 840
587 841
588 1114
590 925
590 1669
591 618
591 821
591 884
591 903
591 905
591 1036
591 1276
591 1609
591 1667
591 1668
591 1669
594 596
595 1205
595 1511
596 600
596 636
596 788
596 972
596 973
596 974
596 975
596 976
598 1640
599 1829
601 695
601 867
607 1508
607 1622
608 1011
610 826
610 973
610 1917
612 642
613 1090
614 826
615 1918
616 621
617 826
618 1745
619 843
620 927
621 1042
621 1380
621 1716
621 1717
621 1718
621 1719
623 627
624 870
627 731
627 736
627 1120
627 1121
627 1122
627 1123
627 1124
627 1125
629 695
630 1617
631 1185
631 1297
633 1011
633 1588
634 1508
636 1724
642 689
642 944
642 960
642 1083
642 1107
642 1535
642 1857
643 652
644 1741
645 1161
646 867
648 732
648 1321
648 1704
651 1792
652 958
652 1174
652 1238
652 1354
652 1437
652 1880
653 658
654 1481
655 1437
656 1350
658 921
658 1018
658 1691
659 1268
659 1492
660 811
660 1100
660 1617
660 1804
661 1274
662 900
662 1069
662 1101
662 1234
662 1602
662 1638
663 732
663 1784
666 1692
668 829
668 925
669 1114
670 1929
671 1662
672 795
672 1554
673 806
673 994
675 1745
675 1921
676 677
677 794
677 878
677 942
677 1012
677 1277
677 1426
680 994
682 732
682 1883
684 1004
685 905
690 1100
690 1741
690 1792
691 1744
693 695
693 696
694 1260
695 1132
695 1182
695 1183
695 1184
695 1185
696 832
696 845
696 1023
696 1157
696 1186
696 1191
696 1338
696 1554
696 1571
696 1662
696 1679
696 1865
696 1908
696 1979
699 794
699 1049
701 1350
701 1927
703 1268
704 1642
705 706
706 714
706 1184
706 1284
706 1853
707 1642
708 1026
709 1260
709 1364
709 1529
712 897
714 1932
715 1546
715 1588
715 1637
715 1927
718 723
718 724
720 1321
720 1609
722 801
722 811
723 772
723 790
723 923
723 1447
723 1940
724 756
724 1205
724 1206
724 1207
724 1208
726 1539
727 728
727 729
727 730
727 731
727 732
727 733
728 1350
728 1476
729 1508
731 957
731 1932
732 851
732 923
732 1173
732 1444
732 1582
732 1587
732 1597
732 1677
732 1987
733 1753
736 1134
737 829
737 994
738 932
738 1018
738 1087
738 1441
738 1919
739 1246
741 744
742 1642
744 799
744 916
744 1005
744 1324
744 1384
744 1631
744 1685
744 1849
744 1877
746 925
748 1804
749 751
751 1014
751 1249
751 1636
751 1709
751 1710
751 1711
751 1712
752 1666
754 1090
761 1550
769 798
769 1134
769 1784
770 1457
771 1921
773 905
777 923
778 1492
785 1132
788 1242
790 813
790 1026
791 794
791 795
791 798
792 1324
794 862
794 991
794 1000
794 1163
794 1197
794 1465
794 1642
794 1901
794 1954
795 905
795 1116
795 1586
795 1789
795 1792
796 953
796 1850
798 948
798 1014
798 1073
798 1260
798 1394
798 1492
798 1593
801 842
801 895
801 915
801 973
801 1052
801 1363
801 1397
801 1695
804 806
806 883
806 1107
806 1181
806 1334
806 1349
806 1408
806 1412
806 1444
806 1524
806 1565
806 1587
806 1820
806 1873
809 1049
810 1274
811 850
811 974
811 987
811 1064
811 1069
811 1114
811 1376
811 1622
811 1913
812 1637
813 1479
813 1927
816 1622
817 838
817 1804
818 1932
819 1492
822 1006
822 1251
822 1274
823 953
826 827
826 828
827 907
827 1076
827 1605
827 1658
827 1683
829 830
829 831
829 832
829 833
829 834
829 835
832 927
832 994
832 1001
832 1039
832 1099
832 1446
832 1499
832 1655
832 1661
832 1729
832 1853
833 1524
836 1753
837 1251
838 952
838 1003
838 1187
838 1270
838 1307
838 1320
838 1503
838 1547
838 1640
838 1856
838 1870
838 1899
840 1724
842 843
843 987
843 1641
843 1817
845 1260
845 1324
846 1609
846 1784
848 850
850 900
850 1034
851 1134
851 1668
853 953
855 1540
857 897
859 1617
860 1185
861 1919
864 867
864 870
865 1011
865 1744
866 1642
867 957
867 1400
867 1665
867 1691
867 1813
869 1409
870 897
870 1060
870 1293
870 1399
870 1794
870 1814
870 1825
871 1157
875 889
875 1701
876 1744
877 923
879 1476
881 889
885 1804
887 1297
889 994
889 1401
889 1402
890 1242
891 1242
894 1350
894 1457
894 1784
897 957
897 958
897 1032
897 1130
897 1372
897 1447
897 1613
897 1887
898 1669
901 1683
904 1114
905 1238
905 1240
905 1320
905 1321
905 1322
905 1323
905 1324
905 1325
907 1132
908 1011
908 1437
909 1355
909 1375
910 1087
910 1210
910 1225
910 1234
910 1274
910 1297
910 1703
912 1070
912 1121
912 1127
912 1312
912 1359
912 1520
912 1705
915 1741
916 1415
918 1745
923 935
923 1397
923 1409
923 1563
923 1667
923 1955
925 957
925 979
925 1527
925 1581
925 1716
925 1944
927 1538
927 1635
927 1788
929 1090
930 1060
930 1314
930 1477
930 1962
932 933
932 934
932 935
932 936
932 937
932 938
932 939
932 940
932 941
933 1481
938 1068
938 1260
939 1553
941 1919
943 1114
944 1274
945 1134
945 1460
947 1745
948 1100
949 952
950 1275
951 1683
952 1016
952 1032
952 1108
952 1109
952 1110
952 1111
953 954
953 955
953 956
953 957
953 958
953 959
956 1476
957 1090
957 1161
957 1201
957 1215
957 1460
957 1550
957 1637
957 1731
957 1732
962 1437
962 1546
963 1927
964 1511
967 1662
973 1304
973 1462
973 1776
973 1927
973 1985
979 1496
981 1662
991 1698
994 1126
994 1139
994 1449
994 1533
994 1539
994 1540
994 1541
995 1313
998 1640
999 1242
1000 1269
1000 1287
1000 1379
1000 1659
1000 1894
1000 1910
1001 1355
1001 1554
1002 1255
1002 1265
1002 1685
1002 1872
1003 1136
1003 1216
1003 1261
1003 1454
1003 1818
1003 1820
1004 1112
1004 1389
1004 1401
1004 1990
1006 1111
1006 1564
1006 1734
1007 1100
1008 1465
1008 1497
1008 1635
1008 1856
1008 1887
1008 1967
1011 1391
1013 1524
1013 1919
1014 1068
1017 1415
1022 1313
1025 1375
1026 1737
1030 1409
1030 1829
1031 1550
1033 1698
1034 1529
1035 1185
1044 1741
1046 1324
1049 1471
1049 1629
1049 1683
1049 1946
1050 1943
1052 1668
1053 1662
1055 1668
1055 1704
1055 1744
1056 1251
1056 1804
1057 1637
1058 1921
1061 1157
1062 1068
1063 1375
1065 1745
1068 1311
1068 1393
1068 1750
1069 1829
1072 1724
1073 1683
1074 1460
1080 1457
1087 1089
1087 1090
1089 1349
1089 1438
1089 1523
1089 1525
1089 1667
1090 1425
1090 1479
1090 1565
1090 1657
1091 1692
1095 1669
1098 1792
1099 1321
1099 1457
1100 1317
1100 1551
1100 1744
1101 1496
1104 1167
1107 1724
1110 1942
1114 1855
1116 1242
1116 1268
1118 1669
1121 1200
1121 1373
1121 1481
1121 1540
1121 1832
1121 1846
1121 1853
1123 1669
1126 1709
1132 1191
1132 1619
1132 1672
1132 1766
1133 1167
1134 1783
1134 1829
1134 1908
1134 1941
1140 1242
1140 1597
1142 1529
1155 1157
1157 1221
1157 1643
1157 1810
1158 1364
1160 1161
1161 1197
1161 1337
1161 1392
1161 1652
1161 1870
1161 1944
1163 1540
1163 1701
1165 1167
1167 1204
1167 1289
1167 1746
1175 1457
1175 1460
1179 1321
1181 1662
1183 1516
1185 1217
1185 1925
1202 1640
1202 1666
1204 1929
1205 1357
1205 1615
1205 1823
1205 1928
1208 1709
1209 1260
1210 1492
1211 1741
1214 1524
1220 1804
1221 1692
1224 1927
1233 1460
1238 1364
1240 1683
1242 1243
1242 1244
1242 1245
1244 1899
1246 1247
1246 1248
1246 1249
1246 1250
1246 1251
1250 1929
1251 1340
1251 1734
1251 1762
1251 1941
1253 1792
1256 1435
1256 1443
1256 1605
1256 1639
1256 1726
1256 1996
1257 1552
1257 1553
1257 1554
1258 1554
1260 1278
1260 1741
1260 1834
1260 1898
1260 1905
1268 1378
1268 1432
1268 1455
1268 1827
1268 1864
1268 1981
1269 1274
1269 1275
1274 1312
1274 1754
1274 1875
1275 1525
1275 1724
1275 1731
1275 1876
1276 1511
1279 1321
1290 1297
1293 1297
1295 1546
1297 1310
1297 1635
1297 1678
1298 1943
1307 1457
1308 1724
1311 1313
1311 1365
1311 1451
1311 1688
1311 1704
1311 1710
1311 1932
1311 1950
1313 1558
1313 1594
1315 1942
1320 1415
1321 1370
1324 1652
1324 1813
1324 1950
1324 1965
1326 1550
1332 1350
1332 1410
1333 1929
1339 1704
1341 1529
1343 1637
1349 1597
1349 1804
1350 1351
1350 1352
1350 1353
1350 1354
1352 1496
1353 1546
1355 1465
1355 1563
1355 1572
1355 1694
1355 1975
1356 1435
1356 1517
1356 1803
1360 1985
1364 1799
1365 1943
1366 1508
1367 1524
1372 1918
1375 1450
1375 1478
1375 1563
1375 1705
1378 1919
1386 1666
1387 1899
1388 1550
1393 1533
1393 1709
1407 1437
1408 1409
1408 1410
1409 1461
1409 1731
1409 1964
1410 1745
1411 1415
1412 1553
1412 1804
1413 1704
1413 1873
1415 1421
1415 1431
1415 1498
1415 1553
1415 1701
1415 1702
1429 1918
1430 1539
1431 1637
1437 1509
1437 1671
1437 1716
1437 1917
1440 1662
1447 1698
1448 1753
1451 1546
1451 1942
1452 1511
1454 1899
1457 1741
1460 1484
1460 1610
1460 1732
1460 1806
1460 1864
1460 1870
1460 1994
1461 1622
1462 1692
1462 1850
1464 1683
1466 1873
1475 1883
1476 1724
1478 1642
1481 1633
1487 1927
1491 1597
1491 1919
1492 1872
1492 1951
1495 1496
1496 1526
1497 1516
1499 1554
1504 1550
1508 1896
1508 1974
1510 1511
1511 1579
1511 1681
1511 1709
1511 1958
1514 1516
1516 1643
1519 1552
1524 1525
1527 1546
1529 1643
1533 1534
1533 1535
1534 1849
1538 1539
1539 1976
1540 1571
1540 1764
1540 1834
1540 1867
1540 1918
1540 1989
1544 1617
1544 1985
1546 1719
1546 1841
1547 1919
1550 1611
1550 1956
1553 1946
1554 1562
1554 1960
1557 1642
1560 1918
1565 1849
1565 1850
1570 1669
1573 1617
1573 1704
1585 1792
1586 1597
1588 1637
1588 1916
1590 1642
1596 1921
1597 1598
1598 1753
1600 1929
1605 1668
1607 1666
1608 1609
1611 1792
1615 1617
1616 1744
1617 1651
1617 1686
1617 1722
1620 1622
1622 1688
1622 1689
1622 1872
1622 1936
1635 1637
1637 1740
1637 1803
1637 1912
1637 1913
1638 1642
1638 1927
1640 1776
1641 1668
1642 1682
1645 1921
1649 1744
1656 1724
1656 1873
1660 1985
1661 1662
1665 1666
1666 1709
1666 1936
1668 1964
1681 1927
1683 1979
1687 1701
1692 1797
1698 1699
1703 1724
1704 1891
1709 1753
1709 1988
1714 1932
1724 1854
1724 1943
1725 1784
1729 1873
1737 1850
1739 1753
1739 1883
1741 1745
1741 1859
1744 1784
1744 1846
1744 1881
1744 1952
1745 1815
1748 1899
1761 1921
1775 1927
1777 1873
1784 1910
1784 1981
1790 1883
1797 1899
1799 1917
1844 1917
1844 1932
1849 1994
1850 1937
1867 1927
1873 1885
1902 1985
1924 1929
1929 1964
1939 1943
1955 1995
