0 17
2 1006
2 1661
4 1251
4 1631
4 1918
5 789
5 1423
6 1244
6 1533
7 1928
10 1704
11 789
12 541
13 160
13 437
13 910
13 1619
16 199
16 939
16 1578
17 309
17 577
17 722
17 1294
17 1326
17 1784
18 25
18 26
19 730
21 501
22 378
22 443
22 699
23 501
24 110
24 372
25 99
25 419
25 634
25 655
25 697
25 804
25 939
25 961
25 1129
25 1174
25 1585
25 1976
26 87
26 277
26 1172
26 1488
26 1753
26 1825
30 32
30 33
31 323
32 37
32 44
32 224
32 286
32 474
32 616
32 1152
32 1237
32 1288
32 1422
32 1460
33 315
33 530
33 895
33 1035
33 1119
33 1229
33 1396
33 1530
34 1928
35 38
38 384
38 619
38 679
38 865
38 1020
39 468
42 1492
43 49
44 388
44 1089
44 1724
45 1700
46 697
47 974
48 1518
49 157
49 364
49 431
49 470
49 849
49 1059
49 1306
49 1515
49 1530
50 1387
51 110
51 323
51 324
51 325
51 327
54 871
54 1086
55 587
55 697
57 161
57 678
58 1902
59 60
59 61
59 62
59 63
59 64
59 65
59 66
59 67
59 68
59 69
61 307
61 642
61 1116
63 537
63 1611
64 99
64 222
64 426
64 547
64 838
64 843
64 1431
64 1540
64 1672
64 1698
64 1819
64 1929
64 1956
66 153
67 268
67 730
69 1276
70 71
71 155
71 221
71 227
71 374
71 857
71 958
71 1242
71 1784
71 1848
72 1705
74 1324
74 1347
77 870
78 79
79 256
79 338
79 339
79 340
79 341
80 1861
81 678
81 795
82 1661
83 535
86 1049
86 1578
87 88
87 89
87 90
87 91
87 92
87 93
87 94
87 95
87 96
87 97
87 98
87 99
88 1222
89 443
89 544
89 587
89 599
89 611
89 623
89 950
89 991
89 1111
89 1146
89 1177
89 1291
89 1318
89 1335
89 1363
89 1516
90 349
91 110
91 313
92 811
92 1311
93 315
93 489
93 637
93 724
93 1000
93 1001
93 1002
93 1003
93 1004
93 1005
93 1006
93 1007
93 1008
93 1009
93 1010
93 1011
97 685
97 973
97 1129
97 1270
97 1764
97 1946
98 889
99 464
100 101
100 110
101 313
101 609
101 810
101 1094
101 1109
101 1139
101 1521
101 1625
101 1634
101 1846
102 571
103 1347
106 722
106 795
109 584
109 954
110 498
110 686
110 724
110 1026
110 1137
110 1139
110 1635
110 1885
111 939
111 1722
112 113
112 114
112 115
112 116
112 117
112 118
112 119
112 120
112 121
112 122
112 123
112 124
115 117
115 298
115 300
115 571
115 675
115 790
115 991
115 1061
115 1377
115 1438
115 1439
116 270
116 1003
116 1631
117 175
117 864
119 461
119 1915
119 1920
120 470
120 660
120 1313
122 437
122 1700
124 1915
125 133
126 1804
128 469
129 349
130 925
130 1403
131 813
131 1121
132 843
133 161
133 162
133 163
133 164
133 165
133 166
133 167
133 168
135 136
135 140
135 142
136 296
136 368
136 427
136 706
136 1042
136 1567
137 1925
140 222
140 445
140 667
140 746
140 791
140 971
140 1278
140 1460
140 1661
140 1862
141 1710
142 590
142 799
142 836
142 902
142 1002
142 1004
142 1068
142 1370
142 1576
142 1662
143 471
145 161
145 730
145 1308
146 819
149 153
149 160
152 1258
153 168
153 412
153 763
153 845
153 975
153 1540
153 1636
154 1533
156 737
159 1804
160 313
160 416
160 491
160 541
160 623
160 874
160 878
160 885
160 1288
160 1312
160 1332
160 1333
160 1334
161 168
161 247
161 341
161 537
161 581
161 730
161 793
161 1113
161 1203
161 1400
161 1722
161 1787
163 699
164 471
164 1000
165 537
166 591
166 1516
168 313
168 961
169 170
169 171
169 172
169 173
169 174
169 175
169 176
169 177
171 1146
174 910
175 234
175 308
175 467
175 516
175 968
175 1079
175 1141
175 1201
175 1345
175 1466
175 1664
175 1923
176 843
178 179
178 181
178 185
179 384
179 429
179 556
179 639
179 1184
179 1343
179 1735
179 1838
179 1887
180 977
181 517
181 555
181 1075
181 1333
181 1349
181 1449
181 1662
181 1800
181 1892
181 1908
182 323
182 457
182 954
185 266
185 346
185 363
185 712
185 852
185 1439
185 1531
185 1641
185 1836
187 897
187 1100
187 1903
188 498
188 501
189 1447
190 789
190 843
191 819
191 1100
193 1068
194 199
195 467
195 925
196 443
196 910
197 961
199 775
199 966
199 1249
199 1412
199 1920
199 1921
200 1621
202 815
203 789
203 1793
205 618
206 1350
206 1873
208 247
209 437
210 266
210 730
210 1861
212 1529
213 1253
216 819
218 1925
219 871
219 1258
220 554
220 930
220 939
220 1447
221 228
221 231
221 232
223 727
223 1350
224 1903
225 795
227 457
227 662
227 1533
227 1619
228 290
228 737
228 1242
228 1427
228 1433
228 1446
228 1471
228 1800
231 567
231 797
231 919
231 931
232 752
232 944
232 1065
232 1068
232 1268
234 699
236 871
236 1051
240 325
243 1089
244 437
244 489
244 739
246 247
246 248
246 249
246 250
246 251
247 274
247 285
247 388
247 399
247 666
247 982
247 1183
247 1222
247 1370
247 1540
247 1611
247 1635
247 1691
247 1737
247 1819
247 1872
247 1873
247 1920
247 1996
249 1516
250 313
250 1387
251 621
251 1518
254 795
255 954
259 471
259 1251
260 864
261 266
262 1244
263 544
263 1793
263 1923
264 489
264 1606
266 315
266 360
266 430
266 515
266 566
266 950
266 1173
266 1448
266 1506
266 1907
267 544
267 910
268 269
268 270
268 271
268 272
268 273
268 274
268 275
268 276
269 1251
270 312
270 523
270 529
270 572
270 1087
270 1113
270 1506
270 1668
270 1905
271 461
274 1640
275 498
275 1313
276 544
276 550
277 280
277 283
279 1347
280 329
280 380
280 476
280 517
280 576
280 896
280 1506
283 315
283 324
283 378
283 633
283 634
283 635
283 636
283 637
283 638
283 639
283 640
283 641
283 642
286 1253
294 1943
295 1222
297 697
298 813
298 1308
299 307
299 313
300 537
302 642
304 544
304 1313
304 1460
304 1787
305 1309
307 308
307 315
307 561
307 679
307 1235
307 1252
308 544
309 1276
311 372
313 1135
313 1205
313 1522
313 1548
313 1572
313 1729
313 1793
314 315
315 323
315 423
315 470
315 552
315 698
315 705
315 884
315 1214
315 1364
315 1478
315 1529
315 1631
315 1703
315 1704
318 678
318 1870
319 437
320 697
321 819
321 1116
323 747
323 1226
323 1784
323 1898
324 448
324 705
324 885
324 1132
324 1957
325 652
325 737
325 743
325 1005
325 1030
325 1214
325 1215
325 1216
326 662
327 393
327 767
327 811
327 812
327 813
327 814
327 815
327 816
327 817
327 818
327 819
327 820
336 727
336 1619
338 536
338 869
338 870
338 945
338 1114
338 1129
338 1324
338 1379
338 1485
338 1590
338 1616
338 1632
338 1643
338 1820
338 1842
340 737
340 739
341 1722
342 349
343 1121
344 954
344 1447
345 1903
346 1308
346 1664
349 644
349 883
349 949
349 1068
349 1115
349 1182
350 388
352 587
352 660
352 662
354 457
354 1121
357 581
360 469
360 537
360 1727
361 678
363 1116
365 368
365 372
366 1423
368 479
368 543
368 605
368 954
368 1467
368 1484
368 1608
368 1765
368 1837
369 991
369 1049
370 956
372 396
372 615
372 618
372 1225
372 1283
372 1559
372 1566
372 1718
372 1745
373 1793
374 1611
375 378
376 1006
376 1309
378 1315
378 1721
379 1578
380 388
381 1313
381 1423
383 384
383 388
384 474
384 616
384 808
384 915
384 1017
384 1041
384 1178
384 1183
384 1339
384 1423
384 1700
384 1751
384 1825
384 1920
384 1972
385 889
386 1244
386 1258
388 621
388 660
388 1251
388 1286
388 1350
388 1412
388 1449
388 1732
388 1896
388 1957
389 1100
391 1000
393 1804
396 930
396 931
397 1902
399 1730
401 1943
404 1705
405 722
407 1447
408 470
410 1924
412 1113
416 939
418 1006
418 1276
424 428
425 1308
426 1000
428 789
428 814
428 819
428 1023
428 1042
428 1172
428 1489
428 1619
428 1679
428 1805
428 1969
431 972
433 1664
434 437
434 443
435 889
435 1244
435 1275
436 464
437 615
437 834
437 910
437 1065
437 1535
437 1685
437 1902
438 471
442 469
443 604
443 1200
443 1527
443 1795
443 1985
447 498
447 1000
447 1710
450 618
450 850
454 541
454 1089
455 722
456 457
456 461
457 547
457 569
457 658
457 1149
457 1216
457 1415
457 1643
457 1910
458 1807
461 467
461 1261
461 1300
461 1440
461 1441
461 1442
461 1443
461 1444
464 934
464 1008
464 1068
464 1400
464 1424
464 1545
464 1551
464 1725
464 1905
464 1906
465 1903
466 1114
467 468
467 469
467 470
467 471
467 472
467 473
467 474
467 475
467 476
467 477
467 478
467 479
468 1385
468 1526
468 1663
469 494
469 576
469 837
469 1260
469 1265
469 1363
469 1411
469 1513
469 1637
469 1673
470 577
470 628
470 662
470 743
470 757
470 846
470 1074
470 1089
470 1202
470 1258
470 1347
470 1518
470 1591
470 1807
471 511
471 623
471 997
471 1024
471 1025
471 1026
478 931
479 954
479 1089
479 1606
482 544
484 1532
486 487
486 489
486 491
487 972
487 1023
487 1039
487 1125
487 1149
487 1390
487 1455
487 1527
487 1598
487 1699
487 1843
488 517
488 535
488 537
489 1343
489 1439
489 1581
489 1675
489 1984
490 889
490 956
491 863
493 994
493 1619
493 1701
494 1114
495 815
498 773
498 860
498 861
498 862
498 863
501 767
501 769
501 1113
501 1226
501 1480
501 1655
503 789
503 1704
508 954
509 1478
516 517
517 591
517 837
517 930
517 939
517 994
517 1212
517 1314
517 1375
517 1413
517 1414
517 1415
518 618
521 537
521 1492
523 1121
526 1631
527 1258
528 1447
531 587
532 1113
533 724
533 1460
534 1578
535 717
535 794
535 811
535 835
535 935
535 1184
535 1210
535 1355
535 1356
535 1357
536 910
536 1003
536 1090
537 1204
537 1340
537 1609
537 1964
538 1640
539 540
539 541
539 542
539 543
540 958
540 1516
540 1570
541 562
541 669
541 699
541 756
541 965
541 1003
541 1165
541 1307
541 1339
541 1356
541 1640
543 956
544 632
544 1019
544 1259
544 1740
545 1924
546 1146
547 1311
548 815
550 729
550 738
550 941
550 1037
550 1187
550 1308
550 1683
550 1712
550 1780
550 1977
552 554
554 959
554 1299
554 1412
554 1556
554 1724
561 991
562 1920
564 889
564 1976
565 1089
569 829
571 572
571 573
571 574
571 575
571 576
571 577
571 578
571 579
574 1606
575 801
577 1920
579 795
579 870
579 930
580 581
580 584
580 587
580 591
581 691
581 740
581 1110
581 1384
581 1757
582 989
582 1516
583 1787
584 774
584 910
584 950
584 1015
584 1016
584 1303
584 1764
586 1313
587 836
587 837
587 838
587 839
587 840
587 841
588 1114
590 925
591 618
591 821
591 884
591 903
591 905
591 1036
591 1276
591 1609
591 1667
591 1668
591 1669
592 1903
596 972
596 974
597 1619
598 1640
598 1730
600 789
601 1532
604 1920
605 1664
606 722
607 1622
608 864
608 972
608 1011
610 1318
611 789
612 642
613 1090
613 1710
613 1870
613 1903
615 1918
616 618
616 621
618 1085
618 1116
618 1247
618 1445
618 1703
618 1730
618 1745
618 1746
618 1810
619 843
619 1861
621 1042
621 1380
621 1716
621 1717
621 1718
621 1719
624 870
624 1793
627 1121
628 815
628 991
630 1700
631 1297
632 808
632 958
633 1011
636 958
636 1724
638 1423
640 931
642 689
642 944
642 960
642 1083
642 1107
642 1535
642 1857
645 699
648 1704
651 1387
652 958
655 931
656 1350
659 1492
660 678
660 811
660 834
660 1100
660 1226
660 1425
660 1589
660 1617
660 1621
660 1804
660 1834
660 1867
661 1274
662 900
662 1069
662 1101
662 1234
662 1602
662 1638
667 699
667 1861
667 1928
668 829
668 925
668 1705
669 1086
669 1113
669 1114
672 795
673 737
673 989
673 991
673 994
675 1244
676 678
678 760
678 1063
678 1675
678 1847
680 994
686 1478
688 1861
688 1902
690 1100
690 1672
693 697
697 785
697 1349
697 1456
699 794
699 1048
699 1049
699 1050
699 1051
699 1052
699 1053
701 1350
702 808
704 1086
709 789
709 1364
709 1529
710 1570
711 1447
712 897
713 1258
714 991
714 1920
714 1932
718 722
718 724
722 801
722 811
722 1057
722 1351
722 1757
722 1903
723 1447
724 756
724 1205
724 1206
724 1207
724 1208
727 728
727 729
727 730
727 731
727 732
727 733
728 956
728 1350
728 1478
729 1347
729 1925
730 884
730 917
730 972
730 1443
730 1569
730 1750
730 1758
731 957
731 1932
734 758
734 939
735 1621
736 1086
737 772
737 829
737 857
737 956
737 994
737 1136
737 1408
737 1474
737 1475
738 932
739 951
739 1246
739 1333
739 1422
739 1423
739 1424
739 1425
744 1324
744 1631
746 925
748 1804
750 1621
751 1710
752 1730
754 1090
757 758
758 825
758 893
758 1113
758 1717
758 1976
762 1578
767 1578
773 1903
778 1492
780 1700
789 790
790 813
791 795
792 1308
792 1324
793 1276
794 991
794 1000
795 905
795 1116
795 1586
795 1789
795 1792
798 1492
800 1570
801 842
801 895
801 915
801 973
801 1052
801 1363
801 1397
801 1695
804 808
806 1873
808 969
808 991
808 1052
808 1579
808 1813
808 1853
808 1915
808 1928
808 1940
809 1049
810 1274
811 850
811 974
811 987
811 1064
811 1069
811 1114
811 1376
811 1622
811 1913
813 1479
813 1927
815 857
815 866
815 1077
816 1622
817 1146
817 1804
818 1672
818 1920
818 1932
819 1131
819 1319
819 1341
819 1492
819 1649
822 1006
822 1251
822 1274
824 1403
828 972
829 830
829 831
829 832
829 833
829 834
829 835
830 1308
832 994
832 1661
836 972
837 1251
838 1003
838 1640
838 1870
840 1724
840 1870
842 843
843 987
843 1641
843 1817
845 1324
846 1258
848 850
850 900
850 1034
852 954
852 974
855 1540
857 897
858 1920
859 1661
860 1722
862 1146
864 865
864 866
864 867
864 868
864 869
864 870
864 871
864 872
865 958
865 1011
867 957
870 897
870 1060
870 1293
870 1399
870 1794
870 1814
870 1825
871 883
871 1157
871 1203
871 1596
875 889
875 1701
875 1925
876 1923
881 889
885 1804
887 1297
889 994
889 1401
889 1402
890 1807
894 1350
897 957
897 958
897 1032
897 1130
897 1372
897 1447
897 1613
897 1887
899 1222
903 1113
904 1114
905 1324
908 1011
908 1570
910 1087
910 1210
910 1225
910 1234
910 1274
910 1297
910 1703
911 1727
911 1730
912 1121
912 1705
915 1570
916 1415
925 957
925 979
925 1527
925 1581
925 1716
925 1944
929 1090
930 1060
930 1314
930 1477
930 1962
931 1126
931 1237
931 1403
931 1570
931 1671
931 1727
931 1762
931 1861
931 1862
932 933
932 934
932 935
932 936
932 937
932 938
932 939
932 940
932 941
933 972
938 1068
939 1059
939 1444
939 1526
939 1553
939 1606
943 1114
944 1274
945 1460
948 1100
948 1672
950 1275
950 1664
953 954
953 956
953 957
953 958
954 986
954 1038
954 1249
954 1252
954 1419
954 1425
954 1504
954 1520
954 1558
954 1578
954 1604
954 1691
954 1902
954 1946
956 1012
956 1218
956 1320
956 1476
956 1735
956 1805
957 1090
957 1161
957 1201
957 1215
957 1460
957 1550
957 1637
957 1731
957 1732
958 1086
958 1294
958 1711
958 1776
958 1998
959 1222
960 961
961 1445
961 1842
961 1874
965 1928
972 1309
972 1363
972 1587
972 1821
972 1902
974 1137
974 1656
974 1906
977 1308
977 1468
977 1842
977 1882
986 1086
989 1023
989 1103
989 1471
989 1715
989 1920
989 1954
990 1086
991 1092
991 1466
991 1576
991 1698
991 1861
991 1961
992 1258
994 1126
994 1139
994 1449
994 1533
994 1539
994 1540
994 1541
995 1313
998 1403
998 1640
999 1606
1000 1269
1000 1287
1000 1379
1000 1659
1000 1894
1000 1910
1001 1915
1003 1136
1003 1216
1003 1261
1003 1454
1003 1818
1003 1820
1006 1111
1006 1564
1006 1734
1007 1100
1009 1923
1011 1391
1012 1440
1014 1068
1015 1923
1017 1415
1018 1113
1019 1318
1022 1313
1023 1113
1023 1253
1031 1664
1034 1529
1038 1664
1046 1324
1047 1578
1047 1606
1049 1471
1049 1629
1049 1683
1049 1946
1050 1943
1051 1066
1051 1248
1051 1266
1051 1280
1051 1349
1051 1568
1051 1769
1051 1834
1055 1704
1056 1251
1056 1611
1056 1804
1061 1807
1062 1068
1065 1347
1068 1311
1068 1393
1068 1750
1072 1478
1072 1724
1074 1253
1074 1460
1077 1793
1082 1308
1082 1309
1084 1086
1085 1672
1086 1573
1086 1808
1086 1909
1087 1089
1087 1090
1089 1349
1089 1438
1089 1523
1089 1525
1089 1667
1090 1425
1090 1479
1090 1565
1090 1657
1093 1730
1100 1317
1100 1551
1100 1744
1107 1724
1113 1137
1113 1253
1113 1357
1113 1604
1113 1641
1113 1855
1114 1855
1115 1116
1116 1175
1116 1242
1116 1249
1116 1266
1116 1267
1116 1268
1117 1700
1121 1200
1121 1373
1121 1481
1121 1540
1121 1832
1121 1846
1121 1853
1122 1222
1125 1403
1132 1619
1132 1672
1136 1309
1142 1529
1145 1146
1146 1475
1146 1691
1146 1767
1146 1872
1146 1946
1158 1364
1158 1924
1159 1611
1161 1870
1163 1540
1163 1701
1164 1606
1166 1222
1172 1925
1173 1924
1175 1460
1177 1730
1183 1516
1185 1925
1193 1403
1193 1447
1202 1640
1205 1928
1210 1492
1215 1722
1220 1804
1221 1258
1222 1449
1222 1459
1227 1722
1231 1928
1233 1244
1233 1460
1238 1364
1240 1447
1242 1244
1243 1276
1243 1621
1244 1625
1244 1635
1244 1684
1244 1788
1244 1899
1244 1902
1245 1318
1246 1251
1247 1611
1251 1340
1251 1734
1251 1762
1251 1941
1252 1253
1253 1466
1253 1470
1253 1792
1253 1996
1258 1349
1258 1554
1258 1589
1261 1807
1267 1276
1269 1274
1269 1275
1269 1276
1274 1312
1274 1754
1274 1875
1275 1525
1275 1724
1275 1731
1275 1876
1276 1511
1276 1865
1276 1970
1283 1606
1283 1861
1288 1518
1290 1297
1290 1915
1293 1297
1297 1310
1297 1635
1297 1678
1298 1943
1303 1423
1305 1440
1307 1727
1308 1461
1308 1672
1308 1724
1308 1874
1309 1383
1309 1486
1309 1559
1309 1648
1309 1987
1311 1313
1311 1365
1311 1451
1311 1688
1311 1704
1311 1710
1311 1932
1311 1950
1312 1710
1312 1727
1313 1558
1313 1594
1317 1318
1318 1349
1318 1366
1318 1374
1318 1680
1318 1799
1318 1958
1320 1415
1324 1652
1324 1813
1324 1950
1324 1965
1332 1350
1337 1672
1337 1902
1339 1704
1339 1924
1341 1529
1346 1347
1347 1755
1347 1756
1349 1804
1350 1351
1350 1352
1350 1353
1350 1354
1352 1727
1353 1532
1354 1447
1354 1861
1362 1447
1363 1870
1364 1799
1365 1943
1372 1918
1375 1478
1375 1705
1377 1621
1387 1536
1387 1672
1387 1889
1387 1899
1393 1533
1393 1664
1401 1611
1403 1404
1403 1405
1403 1406
1403 1407
1411 1415
1412 1804
1413 1704
1413 1873
1415 1421
1415 1431
1415 1498
1415 1553
1415 1701
1415 1702
1417 1672
1423 1739
1423 1949
1423 1950
1428 1923
1429 1631
1429 1918
1440 1662
1440 1872
1440 1891
1440 1946
1440 1971
1441 1903
1447 1698
1451 1920
1454 1710
1459 1705
1460 1484
1460 1610
1460 1732
1460 1806
1460 1864
1460 1870
1460 1994
1461 1622
1466 1873
1476 1724
1478 1642
1480 1621
1487 1661
1492 1872
1492 1951
1497 1516
1514 1516
1514 1518
1516 1643
1529 1643
1532 1710
1532 1721
1533 1534
1533 1535
1539 1976
1540 1571
1540 1764
1540 1834
1540 1867
1540 1918
1540 1989
1547 1578
1550 1611
1555 1722
1560 1918
1562 1661
1563 1787
1570 1669
1570 1828
1573 1704
1577 1578
1587 1661
1593 1606
1602 1793
1607 1661
1608 1611
1611 1792
1611 1933
1611 1939
1612 1705
1613 1705
1617 1722
1619 1781
1619 1830
1619 1906
1620 1621
1620 1622
1621 1956
1622 1688
1622 1689
1622 1872
1622 1936
1623 1730
1630 1661
1640 1776
1644 1923
1645 1710
1647 1727
1656 1724
1656 1873
1660 1902
1661 1662
1661 1663
1672 1702
1672 1707
1672 1742
1672 1779
1672 1813
1686 1727
1687 1701
1703 1724
1704 1891
1705 1920
1710 1971
1712 1807
1712 1925
1714 1932
1724 1854
1724 1943
1727 1806
1729 1873
1730 1766
1742 1920
1758 1807
1775 1787
1777 1873
1807 1905
1809 1902
1810 1902
1840 1924
1844 1915
1844 1932
1849 1994
1856 1920
1861 1884
1861 1893
1861 1924
1873 1885
1902 1985
1905 1923
1912 1923
1914 1915
1920 1925
1920 1992
1924 1929
1939 1943
