3 625
4 1251
4 1918
4 1919
5 789
7 1457
10 1390
11 789
12 541
12 586
12 1690
13 160
13 437
13 600
13 910
14 398
16 199
16 1927
18 19
18 20
18 21
18 22
18 23
18 24
18 25
18 26
18 27
18 28
18 29
20 391
20 421
21 180
21 501
22 378
22 699
23 333
23 501
24 110
24 125
24 180
24 314
24 372
24 426
24 780
24 881
24 1074
24 1200
24 1408
24 1427
24 1428
24 1968
24 1979
25 697
26 1488
30 32
32 37
32 44
32 224
32 286
32 474
32 616
32 1152
32 1237
32 1288
32 1422
32 1460
34 992
39 138
39 180
39 282
42 992
42 1876
43 44
43 45
43 46
43 47
43 48
43 49
43 50
43 51
44 108
44 123
44 159
44 234
44 388
44 532
44 570
44 691
44 696
44 806
44 882
44 951
44 1089
44 1177
44 1256
44 1265
44 1572
44 1724
45 1700
46 697
46 1321
47 496
50 1689
51 326
54 784
54 871
55 697
56 180
56 360
56 1457
57 1826
58 186
58 1315
58 1902
59 62
59 64
59 69
60 127
61 642
62 284
62 326
62 333
62 340
62 479
62 946
62 967
62 990
62 1021
62 1617
62 1783
62 1891
64 99
64 222
64 426
64 547
64 838
64 843
64 1431
64 1540
64 1672
64 1698
64 1819
64 1929
64 1956
65 458
65 1846
65 1921
66 108
66 153
67 1476
69 497
69 514
69 640
69 891
69 1276
70 72
72 347
72 396
72 586
72 600
72 877
72 953
72 1383
72 1519
72 1685
72 1705
72 1911
72 1913
74 1324
74 1390
75 1524
77 127
77 391
77 1481
77 1806
78 79
78 80
78 81
78 82
78 83
78 84
78 85
78 86
80 1250
81 795
81 1390
83 393
83 398
83 535
83 567
83 635
83 658
83 1028
83 1085
83 1127
83 1160
83 1186
83 1486
83 1564
83 1857
83 1882
83 1897
83 1971
84 1315
85 570
85 1535
88 452
89 623
89 1363
89 1516
90 108
91 313
92 536
92 992
92 1496
93 1000
93 1003
94 333
94 624
94 1321
95 953
97 973
100 108
101 313
101 1625
101 1846
103 421
103 1363
104 326
104 1488
105 803
106 795
107 450
107 452
108 156
108 312
108 391
108 545
108 609
108 885
108 1149
108 1340
108 1919
109 584
110 498
112 118
112 123
113 1250
114 166
114 565
116 1003
116 1134
116 1355
116 1524
117 1546
118 205
118 207
118 243
118 308
118 574
118 643
118 700
118 873
118 1584
118 1929
119 1355
120 570
120 1313
121 1917
122 437
122 700
122 1546
122 1700
123 303
123 913
123 999
123 1062
123 1520
123 1559
123 1560
123 1774
125 127
125 133
126 1535
126 1804
127 148
127 318
127 479
127 516
127 562
127 750
127 916
127 1225
127 1249
127 1426
127 1427
127 1451
127 1614
127 1652
127 1745
127 1799
129 333
129 1160
130 911
131 813
131 1121
132 843
133 161
133 162
133 163
133 164
133 165
133 166
133 167
133 168
134 452
134 1846
135 138
135 139
135 140
135 141
135 142
136 706
137 1227
137 1250
137 1486
138 159
138 174
138 1198
138 1449
138 1590
138 1655
139 193
139 656
139 696
139 1166
139 1214
139 1262
139 1610
139 1997
140 222
140 445
140 667
140 746
140 791
140 971
140 1278
140 1460
140 1661
140 1862
141 144
141 219
141 332
141 497
141 922
141 951
141 988
141 1172
141 1431
141 1710
142 590
142 799
142 836
142 902
142 1002
142 1004
142 1068
142 1370
142 1576
142 1662
143 471
145 1308
145 1519
148 1596
149 153
149 159
149 160
150 1942
153 168
153 412
153 763
153 845
153 975
153 1540
153 1636
155 1588
156 1942
158 1826
159 567
159 607
159 785
159 791
159 971
159 1134
159 1257
159 1502
159 1683
159 1804
159 1921
160 313
160 416
160 491
160 541
160 623
160 874
160 878
160 885
160 1288
160 1312
160 1332
160 1333
160 1334
163 699
164 471
164 1000
165 1993
166 295
166 505
166 591
166 706
166 750
166 836
166 894
166 973
166 1175
166 1464
166 1516
166 1913
168 313
168 565
168 1806
171 1508
173 1268
173 1321
173 1745
174 910
176 843
178 179
178 180
178 181
178 182
178 183
178 184
178 185
180 308
180 394
180 407
180 476
180 705
180 977
180 978
180 979
180 980
180 981
181 517
181 1662
183 326
186 187
186 188
186 189
186 190
186 191
186 192
186 193
188 419
188 425
188 495
188 496
188 497
188 498
188 499
188 500
188 501
188 502
188 503
188 504
188 505
189 348
189 911
189 1321
190 789
190 843
191 908
194 199
196 910
196 911
199 775
199 966
199 1249
199 1412
199 1920
199 1921
201 1535
203 700
203 789
206 1350
206 1873
209 437
209 798
211 623
218 348
219 871
219 1806
220 421
220 554
220 930
223 1350
225 795
226 700
226 1134
226 1496
226 1524
227 662
232 1268
233 244
234 699
234 700
235 1508
236 871
236 1051
237 284
238 1826
240 1410
243 1089
244 436
244 437
244 489
244 739
244 948
244 1001
244 1361
244 1528
244 1747
244 1768
246 250
247 388
247 1540
247 1873
249 1516
249 1625
250 313
250 419
250 507
250 945
250 1093
250 1238
250 1387
250 1388
250 1389
251 621
251 1668
254 795
254 1874
256 1876
257 333
257 334
259 471
259 1251
266 360
267 910
267 1437
268 269
269 663
269 1025
269 1142
269 1219
269 1238
269 1251
269 1345
269 1838
269 1959
270 1668
273 398
274 360
274 379
274 536
274 1321
274 1640
275 498
275 1191
275 1313
275 1381
275 1669
277 280
277 282
280 329
280 380
280 476
280 517
280 576
280 896
280 1506
282 596
282 901
282 1441
282 1596
282 1799
282 1831
283 378
283 642
284 285
284 286
284 287
284 288
284 289
284 290
284 291
284 292
285 992
285 1355
286 1315
286 1390
287 1609
288 1260
291 1381
292 1745
294 1943
295 1741
297 697
298 813
298 1308
298 1897
299 313
301 1874
302 642
302 696
303 358
304 1313
304 1402
304 1460
305 623
305 1309
311 372
313 1135
313 1205
313 1522
313 1548
313 1572
313 1729
313 1793
314 317
316 452
316 1876
317 375
317 453
317 516
317 543
317 883
317 1396
317 1511
317 1625
317 1733
317 1768
318 1683
319 437
319 586
320 697
320 1320
326 497
326 662
326 770
326 832
326 1028
326 1437
326 1496
326 1500
326 1616
326 1749
326 1967
327 813
329 744
332 458
333 630
333 703
333 859
333 1286
333 1546
333 1896
334 532
334 745
334 906
334 990
334 1111
334 1443
334 1546
336 1874
337 626
338 536
338 1324
341 1645
342 348
342 354
343 1121
343 1426
345 1554
346 583
346 1308
347 625
348 707
348 1130
348 1161
348 1391
348 1483
348 1495
350 388
351 570
352 659
352 662
354 406
354 457
354 472
354 1039
354 1091
354 1099
354 1121
354 1208
354 1352
354 1849
354 1948
355 358
355 360
358 510
358 665
358 976
358 1074
358 1250
358 1339
358 1725
358 1839
358 1892
360 375
360 456
360 466
360 469
360 537
360 1354
360 1437
360 1727
360 1759
362 731
363 1596
363 1846
365 372
366 626
366 1490
367 1160
367 1645
371 1876
372 396
372 615
372 618
372 1225
372 1283
372 1559
372 1566
372 1718
372 1745
375 378
375 379
376 1309
377 1134
377 1161
378 1315
378 1721
379 905
379 1059
379 1394
379 1442
379 1578
380 388
381 911
381 1313
383 388
383 391
384 1700
388 621
388 660
388 1251
388 1286
388 1350
388 1412
388 1449
388 1732
388 1896
388 1957
390 1625
391 536
391 606
391 700
391 827
391 920
391 1000
391 1402
391 1723
391 1852
391 1876
391 1880
391 1891
392 398
393 1519
393 1804
396 927
396 930
397 1902
398 543
398 656
398 951
398 1057
398 1223
398 1296
398 1363
398 1398
398 1588
399 496
401 459
401 1943
402 659
402 832
402 1315
404 1705
407 744
407 1880
408 905
408 1160
408 1669
412 1454
414 415
414 416
414 417
414 418
414 419
414 420
414 421
414 422
414 423
417 496
417 594
417 1899
421 496
421 564
421 668
421 839
421 992
421 1005
421 1122
421 1130
421 1315
421 1513
421 1553
421 1829
423 1745
425 625
425 780
425 1308
426 1000
428 789
430 731
430 1296
430 1481
432 1588
434 437
437 615
437 834
437 910
437 1065
437 1535
437 1685
437 1902
438 471
439 1554
439 1741
440 1127
441 1205
441 1625
447 498
447 1000
448 458
448 1584
450 583
450 618
450 790
450 850
450 901
450 984
450 1097
451 459
451 1519
452 556
452 926
452 940
452 1263
452 1381
452 1610
453 706
454 536
454 541
454 1089
455 905
455 908
456 458
456 459
457 658
458 510
458 543
458 1093
458 1477
458 1586
458 1806
458 1807
459 859
459 909
459 984
459 1112
459 1250
459 1394
459 1833
459 1849
461 1440
467 471
469 1260
469 1363
469 1513
470 662
470 1089
471 511
471 623
471 997
471 1024
471 1025
471 1026
473 973
476 1127
476 1437
479 1089
481 624
483 1496
484 1741
486 491
487 1390
488 517
488 535
488 536
491 863
493 994
495 1192
495 1321
496 702
496 1066
496 1088
496 1181
496 1376
496 1729
497 520
497 798
497 963
497 1214
497 1215
497 1227
497 1641
497 1682
497 1689
497 1703
498 773
498 860
498 861
498 862
498 863
499 1320
499 1454
499 1496
500 1044
500 1066
500 1111
500 1375
500 1380
500 1448
500 1812
501 767
501 769
501 1113
501 1226
501 1480
501 1655
502 1553
503 789
503 1191
507 583
508 780
511 1669
516 517
516 520
517 591
517 837
517 930
517 939
517 994
517 1212
517 1314
517 1375
517 1413
517 1414
517 1415
518 1508
520 529
520 698
520 719
520 763
520 946
520 947
520 948
523 1121
523 1296
527 1256
527 1260
531 600
532 1260
533 1460
535 717
535 794
535 811
535 835
535 935
535 1184
535 1210
535 1355
535 1356
535 1357
536 865
536 903
536 910
536 1003
536 1090
536 1209
536 1390
536 1397
536 1508
536 1671
536 1749
536 1786
536 1858
537 1609
538 1161
538 1640
539 540
539 541
539 542
539 543
540 1516
540 1524
541 562
541 669
541 699
541 756
541 965
541 1003
541 1165
541 1307
541 1339
541 1356
541 1640
543 1410
543 1496
543 1683
548 1381
548 1689
549 905
550 1308
550 1683
552 554
553 1260
553 1588
553 1741
553 1927
554 959
554 1299
554 1412
554 1556
554 1724
555 1584
556 1741
556 1942
557 1897
558 784
560 565
561 1227
562 658
562 1160
564 626
564 1513
565 814
565 817
565 868
565 1089
565 1317
565 1335
568 1227
569 829
570 673
570 1171
570 1287
570 1369
570 1501
570 1785
575 803
579 795
579 930
580 583
580 584
580 586
580 591
582 1516
582 1662
583 615
583 652
583 694
583 745
583 763
583 875
583 1029
583 1175
583 1446
583 1483
583 1576
583 1584
583 1641
583 1787
584 774
584 910
584 950
584 1015
584 1016
584 1303
584 1764
586 616
586 661
586 714
586 731
586 1046
586 1186
586 1313
586 1314
586 1315
586 1316
588 1426
590 1669
591 618
591 821
591 884
591 903
591 905
591 1036
591 1276
591 1609
591 1667
591 1668
591 1669
594 595
594 596
594 597
594 598
594 599
594 600
594 601
594 602
594 603
595 1205
596 600
596 973
597 1874
598 1640
600 634
600 671
600 789
600 1555
600 1749
605 1689
607 1508
607 1622
608 1689
610 973
610 1917
611 789
612 642
613 1090
615 1918
616 621
617 1880
618 1745
619 843
620 927
621 1042
621 1380
621 1716
621 1717
621 1718
621 1719
623 624
623 625
623 626
623 627
623 628
623 629
623 630
623 631
623 632
624 870
624 1058
624 1083
624 1112
624 1793
625 873
625 874
625 875
625 876
626 709
626 1562
626 1890
627 731
627 1121
630 1617
630 1700
631 1297
633 1588
634 1508
635 1315
636 1724
638 1596
638 1786
642 689
642 944
642 960
642 1083
642 1107
642 1535
642 1857
644 659
644 1741
645 699
645 1161
648 731
648 1321
649 1806
652 1437
652 1880
653 658
654 1481
655 1437
656 1350
658 921
658 1018
658 1691
659 775
659 803
659 893
659 1268
659 1315
659 1484
659 1485
659 1486
659 1487
659 1488
659 1489
659 1490
659 1491
659 1492
660 1617
660 1804
661 1274
662 900
662 1069
662 1101
662 1234
662 1602
662 1638
667 699
668 829
668 1705
671 1662
672 795
672 1554
673 806
673 992
673 994
675 1745
675 1921
677 1426
680 994
685 905
687 1535
688 1902
690 1741
692 1486
693 696
693 697
694 1260
696 832
696 845
696 1023
696 1157
696 1186
696 1191
696 1338
696 1554
696 1571
696 1662
696 1679
696 1865
696 1908
696 1979
697 785
697 1349
697 1456
699 794
699 1048
699 1049
699 1050
699 1051
699 1052
699 1053
700 1013
700 1122
700 1186
700 1257
700 1491
701 1320
701 1350
701 1927
702 1806
703 1268
705 706
706 714
706 1184
706 1284
706 1853
709 789
709 1260
710 908
714 1454
714 1490
715 978
715 1546
715 1588
715 1927
720 1321
720 1609
724 1205
726 1539
727 731
728 1350
728 1476
729 1508
731 957
731 969
731 1717
731 1910
731 1932
731 1996
734 1627
736 1134
737 829
737 994
738 1919
740 908
741 744
743 780
744 799
744 916
744 1005
744 1324
744 1384
744 1631
744 1685
744 1849
744 1877
747 784
748 1804
754 1090
761 780
768 1874
769 798
769 1134
770 1457
771 1921
772 780
773 785
773 905
774 785
774 1289
775 1627
777 1381
780 839
780 960
780 1172
780 1374
780 1526
780 1700
781 784
781 785
784 935
784 1160
784 1203
784 1907
784 1939
785 793
785 1132
785 1218
785 1295
785 1736
785 1737
789 790
790 813
791 795
791 798
792 1308
792 1324
794 1000
795 905
795 1116
795 1586
795 1789
795 1792
796 953
796 1690
798 948
798 1014
798 1073
798 1260
798 1394
798 1492
798 1593
801 973
801 1363
802 1402
803 853
803 946
803 1472
803 1900
804 806
806 883
806 1107
806 1181
806 1334
806 1349
806 1408
806 1412
806 1444
806 1524
806 1565
806 1587
806 1820
806 1873
810 1274
811 1622
813 1479
813 1927
816 1622
817 1804
820 1296
822 1251
822 1274
823 953
825 1486
827 1683
829 830
829 831
829 832
829 833
829 834
829 835
830 1308
832 927
832 994
832 1001
832 1039
832 1099
832 1446
832 1499
832 1655
832 1661
832 1729
832 1853
833 1524
837 1251
837 1690
838 1003
838 1320
838 1640
838 1899
840 1724
842 843
843 987
843 1641
843 1817
844 1689
845 1260
845 1324
846 1609
851 1134
851 1668
853 953
855 1540
859 1617
861 1919
864 871
871 883
871 1157
871 1203
871 1596
875 1454
875 1826
879 1476
880 1127
884 1806
885 1804
886 1289
887 1297
889 994
889 1402
892 1786
894 1350
894 1457
898 1669
899 1789
901 1683
903 1596
905 1238
905 1240
905 1320
905 1321
905 1322
905 1323
905 1324
905 1325
908 1011
908 1433
908 1437
908 1570
908 1703
908 1930
909 1355
910 1087
910 1210
910 1225
910 1234
910 1274
910 1297
910 1703
911 1187
911 1454
911 1577
911 1727
911 1728
911 1729
911 1730
912 1121
912 1127
912 1705
914 1315
915 1741
917 1584
918 1745
927 1538
927 1635
927 1788
929 1090
929 1513
930 1060
930 1314
930 1477
930 1962
933 1481
938 1260
938 1289
939 1553
941 1919
944 1274
944 1880
945 1134
945 1460
947 1745
951 1627
951 1683
953 954
953 955
953 956
953 957
953 958
953 959
954 1902
956 1320
956 1476
957 1090
957 1161
957 1460
961 1874
962 1437
962 1546
963 978
963 1927
965 1192
967 1662
972 1309
972 1363
972 1902
973 1304
973 1462
973 1776
973 1927
973 1985
977 1308
978 1867
979 1496
981 1662
984 1454
988 1488
991 1698
992 1152
992 1171
992 1258
992 1900
992 1916
994 1126
994 1139
994 1449
994 1533
994 1539
994 1540
994 1541
995 1313
998 1640
1000 1269
1000 1287
1000 1379
1000 1659
1000 1894
1000 1910
1001 1355
1001 1554
1003 1136
1003 1216
1003 1261
1003 1454
1003 1818
1003 1820
1005 1535
1012 1440
1013 1524
1013 1919
1022 1160
1022 1313
1023 1846
1030 1486
1033 1698
1038 1826
1044 1741
1046 1324
1046 1627
1048 1227
1049 1683
1050 1943
1051 1066
1051 1248
1051 1266
1051 1280
1051 1349
1051 1568
1051 1769
1051 1834
1052 1668
1053 1662
1055 1668
1056 1251
1056 1804
1058 1921
1065 1454
1065 1745
1065 1846
1067 1786
1072 1724
1073 1683
1074 1460
1080 1457
1081 1488
1082 1308
1082 1309
1087 1089
1087 1090
1089 1349
1089 1438
1089 1523
1089 1525
1089 1667
1090 1425
1090 1479
1090 1565
1090 1657
1095 1669
1099 1321
1099 1457
1101 1496
1107 1724
1110 1942
1116 1268
1117 1700
1118 1669
1121 1200
1121 1373
1121 1481
1121 1540
1121 1832
1121 1846
1121 1853
1123 1669
1127 1176
1127 1322
1127 1494
1132 1191
1134 1783
1134 1829
1134 1908
1134 1941
1136 1309
1140 1192
1140 1426
1142 1786
1160 1161
1160 1162
1160 1163
1160 1164
1161 1197
1161 1337
1161 1392
1161 1652
1161 1870
1161 1944
1163 1540
1163 1806
1164 1486
1167 1289
1172 1488
1175 1457
1175 1460
1177 1486
1179 1321
1181 1662
1182 1596
1183 1516
1184 1191
1184 1192
1191 1398
1191 1838
1192 1263
1192 1521
1192 1627
1201 1250
1202 1640
1205 1357
1205 1615
1205 1823
1205 1928
1209 1260
1209 1390
1211 1741
1214 1524
1220 1804
1224 1927
1225 1250
1227 1422
1227 1604
1227 1711
1227 1722
1227 1986
1228 1789
1229 1689
1233 1460
1234 1488
1238 1363
1240 1683
1244 1625
1244 1899
1244 1902
1246 1250
1246 1251
1250 1265
1250 1341
1250 1627
1250 1702
1250 1929
1251 1340
1251 1734
1251 1762
1251 1941
1255 1789
1256 1435
1256 1443
1256 1605
1256 1639
1256 1726
1256 1996
1257 1553
1257 1554
1258 1554
1259 1993
1260 1278
1260 1741
1260 1834
1260 1898
1260 1905
1264 1513
1266 1519
1268 1378
1268 1432
1268 1455
1268 1827
1268 1864
1268 1981
1269 1274
1271 1513
1274 1312
1274 1754
1274 1875
1275 1724
1275 1876
1279 1321
1284 1880
1285 1402
1289 1335
1289 1499
1289 1627
1289 1794
1289 1961
1290 1297
1293 1296
1293 1297
1294 1486
1295 1546
1296 1301
1296 1330
1296 1376
1296 1679
1297 1310
1297 1635
1297 1678
1298 1943
1302 1402
1305 1440
1305 1513
1307 1457
1308 1461
1308 1672
1308 1724
1308 1874
1309 1383
1309 1486
1309 1559
1309 1648
1309 1987
1311 1313
1313 1558
1313 1594
1314 1689
1315 1564
1315 1942
1315 1997
1320 1415
1320 1472
1320 1650
1320 1968
1321 1370
1324 1652
1324 1813
1324 1950
1324 1965
1325 1584
1332 1350
1332 1410
1333 1596
1337 1363
1337 1902
1344 1645
1349 1804
1350 1351
1350 1352
1350 1353
1350 1354
1352 1496
1353 1546
1355 1465
1355 1563
1355 1572
1355 1694
1355 1975
1361 1876
1363 1381
1363 1459
1363 1736
1363 1870
1363 1889
1365 1876
1365 1943
1366 1508
1367 1524
1372 1918
1375 1705
1378 1490
1378 1919
1379 1535
1381 1472
1381 1658
1381 1764
1381 1949
1387 1899
1402 1456
1402 1773
1407 1437
1408 1410
1410 1745
1412 1553
1412 1804
1413 1873
1415 1553
1416 1513
1421 1535
1426 1427
1426 1428
1426 1429
1429 1918
1430 1539
1433 1490
1437 1509
1437 1671
1437 1716
1437 1917
1440 1662
1440 1872
1440 1891
1440 1946
1440 1971
1447 1698
1451 1546
1451 1942
1454 1566
1454 1688
1454 1710
1454 1864
1454 1899
1455 1645
1457 1741
1459 1705
1460 1484
1460 1610
1460 1732
1460 1806
1460 1864
1460 1870
1460 1994
1461 1622
1464 1683
1466 1873
1467 1627
1474 1486
1476 1724
1481 1633
1485 1513
1486 1991
1487 1897
1487 1927
1488 1906
1490 1703
1490 1821
1491 1919
1495 1496
1496 1526
1497 1516
1499 1554
1508 1896
1508 1974
1509 1627
1509 1880
1513 1895
1513 1906
1514 1516
1514 1519
1516 1643
1519 1528
1519 1552
1519 1820
1520 1584
1524 1525
1527 1546
1533 1535
1535 1826
1535 1940
1537 1897
1538 1539
1539 1976
1540 1571
1540 1764
1540 1834
1540 1867
1540 1918
1540 1989
1542 1625
1544 1617
1544 1625
1545 1690
1546 1719
1546 1841
1547 1919
1553 1946
1554 1562
1554 1960
1556 1625
1560 1584
1560 1918
1567 1584
1570 1669
1573 1617
1584 1860
1588 1637
1588 1916
1595 1596
1596 1921
1596 1993
1605 1668
1608 1609
1612 1705
1613 1705
1615 1617
1617 1651
1617 1686
1617 1722
1618 1645
1620 1622
1622 1688
1622 1689
1622 1872
1622 1936
1625 1626
1625 1627
1625 1628
1627 1687
1627 1689
1627 1895
1638 1927
1640 1776
1641 1668
1645 1710
1645 1921
1656 1724
1656 1873
1660 1902
1661 1662
1668 1964
1681 1927
1683 1979
1689 1690
1689 1691
1690 1707
1690 1810
1690 1891
1698 1699
1703 1724
1705 1920
1720 1993
1724 1854
1724 1943
1727 1806
1729 1789
1729 1873
1741 1745
1741 1859
1744 1846
1745 1815
1748 1899
1761 1921
1766 1826
1775 1927
1777 1873
1789 1822
1789 1834
1797 1899
1799 1917
1806 1888
1809 1902
1810 1902
1834 1846
1836 1874
1843 1846
1844 1917
1846 1944
1849 1994
1867 1927
1873 1885
1876 1892
1876 1908
1879 1880
1880 1911
1888 1897
1897 1967
1897 1996
1902 1985
1939 1943
