1 654
1 827
2 1006
3 625
4 1526
4 1631
4 1919
5 789
5 1423
6 1533
7 238
7 1457
10 1390
10 1704
10 1933
11 789
12 541
13 160
13 330
16 145
16 199
16 1578
17 1784
18 24
18 26
19 730
20 391
21 501
22 144
22 378
22 443
22 699
23 501
24 110
24 125
24 180
24 314
24 372
24 426
24 780
24 881
24 1074
24 1200
24 1408
24 1427
24 1428
24 1968
24 1979
26 87
26 277
26 1172
26 1488
26 1753
26 1825
30 32
30 33
32 37
32 44
32 224
32 286
32 474
32 616
32 1152
32 1237
32 1288
32 1422
32 1460
33 315
33 530
33 895
33 1035
33 1119
33 1229
33 1396
33 1530
35 38
38 384
38 619
38 679
38 865
38 1020
39 138
42 1492
43 44
43 45
43 46
43 47
43 48
43 49
43 50
43 51
44 108
44 123
44 159
44 234
44 388
44 532
44 570
44 691
44 696
44 806
44 882
44 951
44 1089
44 1177
44 1256
44 1265
44 1572
44 1724
45 1700
48 1518
50 1387
51 110
51 325
51 327
54 1086
54 1157
55 587
56 1457
58 1272
59 64
59 68
61 307
61 642
62 284
63 537
64 99
64 222
64 426
64 547
64 838
64 843
64 1431
64 1540
64 1672
64 1698
64 1819
64 1929
64 1956
66 108
66 153
66 1428
67 730
68 543
68 816
68 888
68 1055
68 1076
68 1780
68 1962
71 857
71 958
71 1784
71 1848
72 1383
72 1519
72 1705
73 827
74 1390
75 1524
77 386
77 391
77 1559
80 1861
81 1390
81 1695
83 658
85 570
86 1578
87 88
87 89
87 90
87 91
87 92
87 93
87 94
87 95
87 96
87 97
87 98
87 99
89 443
89 544
89 587
89 599
89 611
89 623
89 950
89 991
89 1111
89 1146
89 1177
89 1291
89 1318
89 1335
89 1363
89 1516
90 108
91 110
91 313
92 536
92 1526
93 315
93 1000
93 1003
93 1006
94 624
98 889
99 1576
100 101
100 108
100 110
101 313
101 609
101 810
101 1094
101 1109
101 1139
101 1521
101 1625
101 1634
101 1846
102 571
103 1363
104 857
108 156
108 312
108 391
108 545
108 609
108 885
108 1149
108 1340
108 1919
109 584
110 498
110 686
110 724
110 1026
110 1137
110 1139
110 1635
110 1885
112 113
112 114
112 115
112 116
112 117
112 118
112 119
112 120
112 121
112 122
112 123
112 124
113 818
114 565
115 117
115 298
115 300
115 571
115 675
115 790
115 991
115 1061
115 1377
115 1438
115 1439
116 1003
116 1134
116 1524
116 1631
118 700
118 1929
119 1915
119 1920
120 570
122 700
122 1700
123 1559
124 1915
125 133
126 1804
127 318
127 1426
130 911
130 1403
131 813
132 843
132 1538
133 161
133 162
133 163
133 164
133 165
133 166
133 167
133 168
135 138
135 139
137 1925
138 159
138 174
138 1198
138 1449
138 1590
138 1655
139 193
139 656
139 696
139 1166
139 1214
139 1262
139 1610
139 1997
141 144
142 902
142 1576
143 471
143 1428
143 1695
144 145
144 146
144 147
144 148
145 161
145 171
145 291
145 717
145 730
145 903
145 915
145 1303
145 1308
145 1420
145 1432
145 1519
145 1895
146 819
149 153
149 159
149 160
151 165
153 168
153 412
153 763
153 845
153 975
153 1540
153 1636
154 1533
156 737
159 567
159 607
159 785
159 791
159 971
159 1134
159 1257
159 1502
159 1683
159 1804
159 1921
160 313
160 416
160 491
160 541
160 623
160 874
160 878
160 885
160 1288
160 1312
160 1332
160 1333
160 1334
161 537
161 730
161 1113
163 699
164 471
164 1000
165 291
165 440
165 537
165 698
165 922
165 1028
165 1047
165 1145
165 1153
165 1180
165 1214
165 1249
165 1461
165 1905
165 1971
165 1993
166 894
166 1516
168 313
168 565
171 1146
171 1508
174 1538
175 1664
175 1923
176 843
178 179
178 181
178 185
179 384
179 429
179 556
179 639
179 1184
179 1343
179 1735
179 1838
179 1887
180 977
180 981
181 517
181 555
181 1075
181 1333
181 1349
181 1449
181 1662
181 1800
181 1892
181 1908
182 457
185 266
185 346
185 363
185 712
185 852
185 1439
185 1531
185 1641
185 1836
187 897
187 1937
188 498
188 499
188 500
188 501
189 911
189 1132
189 1447
190 789
190 843
191 819
191 894
191 1098
192 1157
192 1575
194 199
196 443
196 911
198 857
199 775
199 966
199 1249
199 1412
199 1920
199 1921
200 359
200 1356
203 700
203 789
205 386
206 1189
206 1350
206 1873
209 288
209 894
210 266
210 730
210 1861
211 288
211 623
212 1529
213 1253
216 819
218 1925
220 1447
221 231
222 1047
223 727
223 1132
223 1350
226 700
226 1134
226 1524
227 457
227 1383
227 1533
228 737
228 1471
229 1929
231 567
231 797
231 919
231 931
233 238
234 699
234 700
235 1508
236 1051
237 284
238 290
238 528
238 715
238 776
238 1045
238 1098
238 1746
238 1826
238 1916
240 325
241 472
243 1089
244 739
246 247
246 248
246 249
246 250
246 251
247 1873
247 1920
249 1516
249 1526
250 313
250 1387
250 1388
251 321
251 350
251 365
251 406
251 566
251 608
251 621
251 1047
251 1111
251 1471
251 1518
251 1538
251 1668
251 1707
254 1874
257 330
257 334
258 981
259 471
259 952
260 1047
261 266
263 460
263 544
263 1923
264 1606
265 892
265 952
266 315
266 360
266 430
266 515
266 566
266 950
266 1173
266 1448
266 1506
266 1907
267 544
270 1113
270 1668
272 654
272 1538
274 536
274 1640
275 498
275 1381
276 544
276 550
277 280
277 283
280 329
280 380
280 476
280 517
280 576
280 896
280 1506
283 315
283 324
283 378
283 633
283 634
283 635
283 636
283 637
283 638
283 639
283 640
283 641
283 642
284 285
284 286
284 287
284 288
284 289
284 290
284 291
284 292
286 1253
286 1390
287 1576
288 395
288 484
288 670
288 776
288 839
288 983
288 1059
288 1159
288 1168
288 1203
288 1260
288 1272
291 1381
291 1383
298 813
298 1308
299 307
299 313
300 537
301 1874
302 642
302 696
302 1060
304 544
305 623
307 308
307 315
307 561
307 679
307 1235
307 1252
308 544
313 1135
313 1205
313 1522
313 1548
313 1572
313 1729
313 1793
314 315
314 318
315 323
315 423
315 470
315 552
315 698
315 705
315 884
315 1214
315 1364
315 1478
315 1529
315 1631
315 1703
315 1704
316 1082
316 1933
318 493
318 678
318 682
318 846
318 949
318 1077
318 1111
318 1432
318 1683
318 1870
320 359
321 819
323 1784
324 1132
325 652
325 737
325 743
325 1005
325 1030
325 1214
325 1215
325 1216
327 393
327 767
327 811
327 812
327 813
327 814
327 815
327 816
327 817
327 818
327 819
327 820
329 1239
330 472
330 632
330 812
330 899
330 1088
330 1234
330 1526
330 1785
330 1854
331 1526
334 532
334 745
334 906
334 990
334 1111
334 1443
334 1546
336 727
336 1848
336 1874
337 626
338 536
340 737
340 739
340 740
343 627
343 1426
344 1447
345 1554
346 1308
346 1471
346 1664
347 625
350 776
351 570
352 587
353 1312
354 457
354 472
355 359
359 510
359 513
359 816
359 872
359 1537
359 1762
360 537
361 1047
363 857
366 626
366 1423
369 627
369 991
369 1098
370 956
372 1559
375 378
376 1006
377 1134
378 1315
378 1721
379 1578
381 911
381 1356
381 1423
383 384
383 386
383 391
384 474
384 616
384 808
384 915
384 1017
384 1041
384 1178
384 1183
384 1339
384 1423
384 1700
384 1751
384 1825
384 1920
384 1972
385 889
386 875
386 950
386 1150
386 1244
386 1258
386 1336
386 1978
388 621
388 1350
390 1060
390 1362
391 536
391 606
391 700
391 827
391 920
391 1000
391 1402
391 1723
391 1852
391 1876
391 1880
391 1891
392 395
393 1519
393 1804
394 1111
395 503
395 530
395 617
395 786
395 834
395 1330
395 1365
395 1366
395 1367
395 1368
395 1369
396 931
398 1363
399 1239
403 412
404 1705
404 1968
407 1447
407 1880
408 776
408 1428
412 725
412 1063
412 1113
412 1184
412 1189
412 1220
412 1340
412 1428
412 1454
412 1610
412 1839
413 460
413 723
418 1006
418 1060
419 1420
421 1553
424 428
425 625
425 1308
426 1000
427 472
427 1916
428 789
428 814
428 819
428 1023
428 1042
428 1172
428 1489
428 1619
428 1679
428 1805
428 1969
431 818
433 950
433 1664
434 443
435 889
435 1275
438 471
438 1098
439 1554
441 1205
443 604
443 1200
443 1527
443 1795
443 1985
447 498
447 1000
449 827
450 984
451 1519
452 1381
454 536
454 541
454 1089
455 902
456 457
456 460
457 547
457 569
457 658
457 1149
457 1216
457 1415
457 1643
457 1910
459 984
460 598
460 613
460 776
460 800
460 1065
460 1105
460 1159
460 1338
460 1383
460 1565
462 627
467 471
467 472
468 1526
469 1260
469 1363
470 1089
470 1518
471 511
471 623
471 997
471 1024
471 1025
471 1026
472 513
472 823
472 1040
472 1559
472 1567
472 1613
472 1934
475 892
477 1157
478 931
479 1089
479 1239
479 1606
481 624
482 544
483 1428
485 1678
486 491
487 1390
488 517
488 536
488 537
490 889
490 956
491 863
493 994
493 1701
494 1272
498 773
498 860
498 861
498 862
498 863
499 638
499 755
499 836
499 1010
499 1078
499 1320
499 1454
499 1496
499 1654
499 1757
500 1044
500 1066
500 1111
500 1375
500 1380
500 1448
500 1812
501 767
501 769
501 1113
501 1226
501 1480
501 1655
502 1553
503 789
503 1704
504 1189
507 827
509 1478
516 517
517 591
517 837
517 930
517 939
517 994
517 1212
517 1314
517 1375
517 1413
517 1414
517 1415
518 1508
519 1312
519 1916
521 537
521 1492
526 1631
527 1256
527 1260
528 1447
531 587
532 1113
532 1260
534 1578
535 1356
536 865
536 903
536 910
536 1003
536 1090
536 1209
536 1390
536 1397
536 1508
536 1671
536 1749
536 1786
536 1858
537 1204
537 1340
537 1609
537 1964
538 1640
539 540
539 541
539 542
539 543
540 958
540 1516
540 1524
540 1570
541 562
541 669
541 699
541 756
541 965
541 1003
541 1165
541 1307
541 1339
541 1356
541 1640
543 956
544 632
544 1019
544 1259
544 1740
545 1695
546 1146
547 818
548 1381
549 818
550 729
550 738
550 941
550 1037
550 1187
550 1308
550 1683
550 1712
550 1780
550 1977
553 1260
555 725
560 565
561 984
561 991
561 1060
562 658
562 1920
564 626
564 889
565 814
565 817
565 868
565 1089
565 1317
565 1335
569 829
570 673
570 1171
570 1287
570 1369
570 1501
570 1785
571 572
571 573
571 574
571 575
571 576
571 577
571 578
571 579
574 1606
577 1420
577 1920
578 1272
580 584
580 587
581 740
582 1516
583 1576
584 774
584 910
584 950
584 1015
584 1016
584 1303
584 1764
587 836
587 837
587 838
587 839
587 840
587 841
588 1426
590 902
591 1668
592 1383
595 1205
597 1874
598 1640
600 789
604 1920
605 1664
607 1508
607 1622
610 981
610 1318
610 1471
611 789
612 642
613 1047
613 1090
615 1576
616 621
617 1880
619 843
619 1861
621 1042
621 1380
621 1716
621 1717
621 1718
621 1719
622 816
622 1098
623 624
623 625
623 626
623 627
623 628
623 629
623 630
623 631
623 632
624 870
624 1058
624 1083
624 1112
624 1793
625 873
625 874
625 875
625 876
626 709
626 1562
626 1890
627 731
627 736
627 1120
627 1121
627 1122
627 1123
627 1124
627 1125
628 991
630 1700
632 808
632 958
632 1847
634 1508
636 958
638 1423
640 776
640 931
642 689
642 944
642 960
642 1083
642 1107
642 1535
642 1857
645 699
648 1704
649 1538
651 1387
652 958
652 1880
653 654
653 658
654 818
654 1481
654 1818
655 931
655 984
656 1350
658 921
658 1018
658 1691
659 1492
660 1804
661 1111
663 1784
667 699
667 1861
668 829
668 1705
669 1086
669 1113
670 1929
672 725
672 1554
673 737
673 806
673 991
673 994
674 1312
677 1426
678 1847
680 994
680 1388
684 1937
686 1478
688 1861
690 1672
692 1848
693 696
694 1260
695 1132
696 832
696 845
696 1023
696 1157
696 1186
696 1191
696 1338
696 1554
696 1571
696 1662
696 1679
696 1865
696 1908
696 1979
699 794
699 1048
699 1049
699 1050
699 1051
699 1052
699 1053
700 1013
700 1122
700 1186
700 1257
700 1491
701 1060
701 1350
702 808
704 1086
709 789
709 1260
709 1364
709 1529
710 1570
711 1447
712 897
714 991
714 1454
714 1920
714 1932
718 723
718 725
721 1559
723 772
723 790
723 923
723 1447
723 1940
724 1205
725 1007
725 1059
725 1368
725 1463
727 728
727 729
727 730
727 731
727 732
727 733
728 956
728 1350
728 1478
729 1508
729 1925
730 884
730 917
730 972
730 1443
730 1569
730 1750
730 1758
731 1932
734 1678
735 1933
736 1086
736 1134
737 772
737 829
737 857
737 956
737 994
737 1136
737 1408
737 1474
737 1475
738 1919
739 951
739 1246
739 1333
739 1422
739 1423
739 1424
739 1425
740 908
740 1087
740 1388
740 1418
740 1907
744 1631
745 950
747 984
748 1804
752 776
753 1575
754 1090
758 1113
760 1471
762 1578
767 1578
768 1874
769 1134
769 1784
770 1457
772 776
775 950
776 868
776 1005
776 1353
776 1379
776 1428
776 1905
776 1937
777 1381
778 1492
780 1526
780 1700
785 1132
789 790
790 813
792 1308
794 991
794 1000
797 818
798 1260
798 1492
800 1570
801 1363
801 1695
802 1471
804 806
804 808
806 883
806 1107
806 1181
806 1334
806 1349
806 1408
806 1412
806 1444
806 1524
806 1565
806 1587
806 1820
806 1873
808 969
808 991
808 1052
808 1579
808 1813
808 1853
808 1915
808 1928
808 1940
811 1622
813 1479
813 1927
814 1272
815 857
816 851
816 894
816 1094
816 1209
816 1299
816 1368
816 1622
816 1658
816 1810
816 1847
817 950
817 1146
817 1383
817 1804
818 1117
818 1237
818 1672
818 1678
818 1825
818 1920
818 1932
819 1131
819 1319
819 1341
819 1492
819 1649
821 1848
822 1006
824 1403
826 827
827 907
827 1076
827 1605
827 1658
827 1683
829 830
829 831
829 832
829 833
829 834
829 835
830 1308
832 994
833 1524
838 952
838 1003
838 1640
841 1471
842 843
843 987
843 1641
843 1817
844 1576
845 1098
845 1260
846 1784
847 1388
848 857
851 1134
851 1254
851 1668
855 1272
857 891
857 892
857 893
857 894
857 895
857 896
857 897
857 898
858 902
858 1920
861 1919
862 1146
865 958
870 897
870 1060
871 1157
875 889
875 1454
875 1701
875 1925
876 1923
881 889
885 1804
889 994
889 1401
889 1402
892 1337
892 1595
892 1786
892 1946
894 948
894 1265
894 1300
894 1350
894 1457
894 1624
894 1680
894 1702
894 1746
894 1784
897 957
897 958
897 1032
897 1130
897 1372
897 1447
897 1613
897 1887
898 1312
902 1174
902 1218
902 1695
903 1113
907 1132
908 1570
911 1187
911 1454
911 1577
911 1727
911 1728
911 1729
911 1730
912 1312
912 1705
915 1570
916 1415
916 1695
917 981
927 1538
928 1098
929 1090
929 1362
930 1060
931 1126
931 1237
931 1403
931 1570
931 1671
931 1727
931 1762
931 1861
931 1862
938 1260
939 1526
939 1553
939 1606
941 1919
944 1880
945 1134
948 1672
949 950
949 952
950 1275
950 1397
950 1544
950 1560
950 1577
950 1664
952 1016
952 1032
952 1108
952 1109
952 1110
952 1111
953 956
953 958
954 1578
956 1012
956 1218
956 1320
956 1476
956 1735
956 1805
957 1090
958 1086
958 1294
958 1711
958 1776
958 1998
961 1874
972 1363
977 1308
977 1468
977 1842
977 1882
981 1189
981 1226
981 1283
981 1466
981 1512
981 1662
982 984
984 1451
984 1453
984 1454
984 1455
984 1456
986 1086
988 1388
988 1847
989 1471
989 1920
990 1086
991 1092
991 1466
991 1576
991 1698
991 1861
991 1961
992 1916
994 1126
994 1139
994 1449
994 1533
994 1539
994 1540
994 1541
998 1403
998 1640
999 1606
1000 1269
1000 1287
1000 1379
1000 1659
1000 1894
1000 1910
1001 1554
1001 1915
1003 1136
1003 1216
1003 1261
1003 1454
1003 1818
1003 1820
1006 1111
1006 1564
1006 1734
1009 1923
1013 1524
1013 1919
1015 1923
1017 1415
1018 1113
1019 1318
1023 1113
1023 1253
1031 1664
1033 1254
1034 1529
1038 1664
1047 1060
1047 1209
1047 1463
1047 1494
1047 1578
1047 1593
1047 1606
1047 1865
1049 1471
1051 1066
1051 1248
1051 1266
1051 1280
1051 1349
1051 1568
1051 1769
1051 1834
1052 1668
1055 1668
1055 1704
1056 1804
1060 1085
1060 1394
1060 1401
1060 1536
1061 1157
1065 1454
1072 1478
1074 1253
1078 1082
1080 1457
1082 1305
1082 1306
1082 1307
1082 1308
1082 1309
1082 1310
1084 1086
1085 1672
1086 1573
1086 1808
1086 1909
1087 1089
1087 1090
1089 1349
1089 1438
1089 1523
1089 1525
1089 1667
1090 1425
1090 1479
1090 1565
1090 1657
1098 1155
1098 1613
1098 1711
1098 1725
1098 1773
1098 1792
1098 1805
1098 1930
1099 1457
1105 1428
1111 1128
1111 1388
1111 1425
1111 1446
1111 1544
1111 1934
1113 1137
1113 1253
1113 1357
1113 1604
1113 1641
1113 1855
1117 1700
1125 1403
1128 1575
1128 1576
1132 1191
1132 1619
1132 1672
1132 1766
1134 1783
1134 1829
1134 1908
1134 1941
1140 1426
1140 1526
1142 1529
1145 1146
1146 1475
1146 1691
1146 1767
1146 1872
1146 1946
1154 1538
1155 1157
1157 1221
1157 1643
1157 1810
1158 1364
1163 1701
1164 1606
1166 1559
1172 1925
1175 1457
1182 1239
1183 1516
1184 1189
1185 1925
1187 1937
1189 1232
1189 1238
1189 1239
1189 1681
1189 1864
1189 1933
1189 1998
1193 1403
1193 1447
1198 1695
1202 1640
1204 1929
1205 1357
1205 1615
1205 1823
1205 1928
1208 1937
1209 1260
1209 1390
1210 1492
1211 1239
1214 1524
1220 1804
1224 1383
1224 1937
1225 1362
1229 1847
1236 1239
1238 1362
1238 1363
1238 1364
1239 1391
1239 1399
1239 1556
1240 1447
1245 1318
1250 1929
1252 1253
1252 1254
1253 1466
1253 1470
1253 1792
1253 1996
1254 1462
1254 1463
1254 1471
1254 1904
1256 1435
1256 1443
1256 1605
1256 1639
1256 1726
1256 1996
1257 1553
1257 1554
1258 1554
1259 1993
1260 1278
1260 1741
1260 1834
1260 1898
1260 1905
1266 1519
1267 1526
1269 1272
1269 1275
1272 1947
1274 1312
1275 1525
1275 1724
1275 1731
1275 1876
1283 1606
1283 1861
1284 1880
1284 1968
1288 1518
1290 1915
1297 1678
1303 1423
1307 1457
1308 1461
1308 1672
1308 1724
1308 1874
1309 1383
1309 1559
1311 1704
1311 1932
1312 1398
1312 1710
1312 1727
1312 1832
1317 1318
1318 1349
1318 1366
1318 1374
1318 1680
1318 1799
1318 1958
1320 1415
1320 1968
1332 1350
1333 1929
1337 1363
1337 1672
1339 1704
1341 1529
1349 1804
1350 1351
1350 1352
1350 1353
1350 1354
1354 1447
1354 1861
1356 1435
1356 1517
1356 1803
1362 1447
1362 1448
1362 1449
1363 1381
1363 1459
1363 1736
1363 1870
1363 1889
1364 1799
1366 1508
1367 1524
1371 1937
1375 1478
1375 1705
1378 1919
1380 1575
1381 1472
1381 1658
1381 1764
1381 1949
1383 1485
1383 1573
1383 1922
1383 1966
1386 1678
1387 1536
1387 1672
1387 1889
1387 1899
1388 1547
1388 1548
1388 1549
1388 1550
1388 1551
1393 1533
1393 1664
1396 1847
1403 1404
1403 1405
1403 1406
1403 1407
1411 1415
1412 1553
1412 1804
1413 1704
1413 1873
1414 1576
1415 1421
1415 1431
1415 1498
1415 1553
1415 1701
1415 1702
1417 1672
1420 1421
1423 1739
1423 1949
1423 1950
1426 1427
1426 1428
1426 1429
1428 1716
1428 1813
1428 1923
1429 1631
1434 1695
1447 1698
1451 1920
1453 1937
1454 1566
1454 1688
1454 1710
1454 1864
1454 1899
1457 1741
1459 1705
1461 1622
1466 1873
1471 1624
1471 1965
1478 1642
1491 1919
1492 1872
1492 1951
1496 1526
1497 1516
1499 1554
1508 1896
1508 1974
1509 1880
1514 1516
1514 1518
1514 1519
1516 1643
1519 1528
1519 1552
1519 1820
1524 1525
1529 1643
1533 1534
1533 1535
1538 1539
1538 1875
1547 1578
1547 1916
1547 1919
1553 1946
1554 1562
1554 1960
1559 1680
1559 1770
1559 1847
1570 1669
1570 1828
1573 1704
1575 1847
1575 1855
1575 1973
1576 1783
1576 1827
1577 1578
1588 1916
1593 1606
1596 1993
1600 1929
1605 1668
1605 1933
1611 1933
1612 1705
1612 1848
1613 1705
1620 1622
1622 1688
1622 1689
1622 1872
1622 1936
1640 1776
1641 1668
1644 1923
1647 1695
1656 1873
1660 1968
1668 1964
1672 1702
1672 1707
1672 1742
1672 1779
1672 1813
1678 1838
1681 1968
1687 1701
1694 1695
1695 1847
1695 1848
1704 1891
1705 1920
1708 1933
1712 1925
1714 1932
1716 1937
1720 1993
1725 1784
1729 1873
1742 1920
1744 1784
1777 1873
1784 1910
1784 1981
1812 1847
1834 1916
1836 1874
1841 1933
1844 1915
1844 1932
1847 1913
1848 1906
1850 1937
1856 1920
1861 1884
1861 1893
1861 1924
1873 1885
1879 1880
1880 1911
1887 1968
1905 1923
1912 1923
1914 1915
1920 1925
1920 1992
1924 1929
1929 1964
1934 1935
