0 6
1 365
1 393
2 486
3 365
3 393
3 513
4 848
4 853
6 8
6 17
6 22
6 41
6 90
6 100
6 143
6 177
6 178
6 181
6 183
6 184
6 186
6 211
6 319
6 357
6 361
6 365
6 367
6 369
6 399
6 491
6 503
6 505
6 507
6 508
6 509
6 518
6 575
6 586
6 590
6 603
6 623
6 649
6 659
6 663
6 697
6 714
6 741
6 774
6 782
6 815
6 835
6 838
6 908
6 973
6 1023
6 1037
6 1055
6 1056
6 1057
6 1058
6 1059
6 1060
6 1061
6 1062
6 1063
6 1064
6 1065
6 1066
6 1067
6 1068
6 1069
6 1070
6 1071
6 1072
6 1073
6 1074
6 1075
6 1076
6 1077
6 1078
6 1079
6 1080
6 1081
6 1082
6 1083
6 1084
6 1085
6 1086
6 1087
6 1088
6 1089
6 1090
7 1108
8 305
8 910
10 513
10 910
12 1579
15 822
19 1579
22 162
31 796
46 642
66 796
70 305
90 131
91 642
92 796
104 513
105 1840
108 365
115 365
131 226
131 318
131 513
131 1652
131 1955
141 162
143 1118
143 1477
150 1352
153 513
159 1319
162 451
162 513
162 944
162 986
162 1295
162 1483
162 1831
170 365
173 365
177 230
178 230
178 365
179 822
180 910
181 305
181 365
181 910
187 365
191 365
196 305
203 1352
209 305
209 365
213 1108
223 1377
230 915
230 1235
230 1250
230 1352
230 1401
230 1488
230 1851
232 365
237 486
241 796
244 910
245 1477
277 1840
295 305
296 722
300 513
301 1319
303 365
304 365
305 365
305 380
305 532
305 607
305 611
305 825
305 837
305 923
305 934
305 1145
305 1171
305 1189
305 1598
305 1651
305 1652
305 1653
305 1654
305 1655
305 1656
308 910
310 853
311 365
317 642
321 910
323 722
324 1111
327 1477
365 366
365 370
365 393
365 445
365 447
365 520
365 521
365 540
365 555
365 559
365 608
365 650
365 704
365 722
365 787
365 796
365 822
365 882
365 910
365 999
365 1012
365 1016
365 1025
365 1045
365 1096
365 1107
365 1108
365 1109
365 1110
365 1111
365 1112
365 1113
365 1114
365 1115
365 1116
365 1117
365 1118
365 1119
365 1120
365 1121
365 1122
365 1123
365 1124
365 1125
365 1126
365 1127
365 1128
365 1129
365 1130
365 1131
365 1132
365 1133
365 1134
366 853
368 1111
368 1377
370 393
370 513
373 486
375 513
379 910
380 1759
383 822
393 721
393 835
393 1026
393 1155
393 1189
393 1239
393 1640
393 1706
393 1765
393 1881
398 910
411 1108
449 1759
453 1319
486 559
486 1352
490 1108
506 1108
506 1319
512 1118
513 642
513 707
513 758
513 827
513 881
513 1302
513 1352
513 1372
513 1377
513 1390
513 1400
513 1678
514 1352
518 722
520 848
562 1111
568 1352
570 910
590 1352
611 910
611 1108
613 1319
619 1118
632 910
633 853
635 853
642 696
642 950
642 1058
664 1108
668 1108
687 1841
708 1377
722 792
722 1103
722 1965
732 1377
746 910
749 1118
796 886
796 1017
796 1061
796 1576
796 1707
819 1841
822 1305
829 1352
835 1108
848 857
848 952
848 1010
848 1086
848 1256
848 1352
848 1403
853 1840
856 1840
866 910
910 953
910 1115
910 1180
910 1313
910 1352
910 1353
910 1354
910 1355
910 1356
910 1357
910 1358
910 1359
910 1360
910 1361
910 1362
910 1363
910 1364
910 1365
937 1759
973 1579
986 1111
994 1118
1028 1759
1047 1841
1088 1579
1108 1131
1108 1141
1108 1597
1108 1636
1108 1731
1108 1732
1108 1733
1110 1352
1111 1172
1111 1307
1111 1469
1118 1556
1118 1850
1118 1989
1139 1477
1156 1579
1195 1579
1212 1319
1213 1377
1225 1579
1319 1352
1319 1682
1352 1431
1352 1477
1352 1557
1352 1579
1352 1705
1352 1759
1352 1840
1352 1841
1377 1453
1418 1579
1420 1841
1475 1841
1541 1579
1579 1605
1579 1782
1579 1957
1579 1981
1711 1840
1759 1895
1759 1978
1766 1840
