1 229
1 295
1 306
1 382
2 489
3 93
3 295
3 508
4 850
4 857
5 295
6 143
6 357
6 508
7 306
8 353
9 295
10 1261
11 143
11 295
42 295
60 295
60 382
61 308
63 295
73 188
90 93
90 139
91 308
92 295
92 382
93 97
93 139
93 177
93 202
93 255
93 295
93 299
93 304
93 376
93 382
93 488
93 489
93 508
93 639
93 696
93 724
93 752
93 766
93 820
93 825
93 857
93 911
93 913
93 1015
93 1043
93 1095
93 1255
93 1256
93 1257
93 1258
93 1259
93 1260
93 1261
93 1262
93 1263
93 1264
93 1265
93 1266
96 913
105 913
106 143
109 308
110 308
111 295
115 295
129 1958
137 295
139 152
139 914
139 1210
141 143
142 382
143 181
143 284
143 295
143 368
143 369
143 370
143 378
143 380
143 445
143 449
143 463
143 466
143 564
143 615
143 618
143 621
143 705
143 720
143 817
143 1023
143 1077
143 1091
143 1118
143 1164
143 1212
143 1322
143 1434
143 1473
143 1474
143 1475
143 1476
143 1477
143 1478
143 1479
143 1480
143 1481
143 1482
143 1483
145 306
164 306
165 1261
177 188
177 229
178 295
178 347
179 295
180 295
180 913
181 508
183 188
183 508
185 295
187 188
187 295
188 191
188 273
188 295
188 297
188 337
188 445
188 665
188 724
188 846
188 1247
188 1287
188 1441
188 1507
188 1508
188 1509
192 1261
196 295
200 295
211 308
213 353
221 306
222 1256
227 308
229 295
229 547
229 554
229 578
229 943
229 966
229 1136
229 1460
229 1603
229 1744
229 1798
238 295
259 857
263 1261
295 296
295 297
295 298
295 299
295 300
295 301
295 302
295 303
295 304
295 305
295 306
295 307
295 308
295 309
295 310
295 311
295 312
295 313
295 314
295 315
295 316
295 317
295 318
295 319
295 320
295 321
295 322
295 323
295 324
295 325
295 326
295 327
295 328
295 329
295 330
295 331
295 332
295 333
295 334
295 335
295 336
295 337
295 338
295 339
295 340
295 341
295 342
295 343
295 344
295 345
295 346
295 347
295 348
295 349
295 350
295 351
295 352
295 353
295 354
295 355
295 356
295 357
295 358
295 359
295 360
295 361
295 362
295 363
300 347
300 913
306 320
306 532
306 612
306 797
306 1223
306 1651
306 1702
306 1703
306 1704
307 1262
308 370
308 380
308 383
308 385
308 502
308 506
308 538
308 660
308 671
308 715
308 762
308 789
308 806
308 829
308 878
308 910
308 915
308 972
308 1056
308 1093
308 1138
308 1173
308 1192
308 1236
308 1388
308 1456
308 1564
308 1614
308 1712
308 1790
308 1791
308 1792
308 1793
308 1794
308 1795
310 913
314 1257
327 850
330 1266
347 479
347 1436
347 1926
348 406
348 522
348 533
348 665
348 1630
348 1876
348 1917
353 436
353 504
353 744
353 1956
357 410
357 501
357 534
357 1839
367 1254
372 1257
378 850
378 1256
379 850
382 546
382 611
382 773
382 840
382 968
382 1237
382 1285
382 1358
382 1662
382 1853
387 508
450 857
460 1256
473 508
482 1261
489 655
489 1244
489 1247
507 913
508 538
508 606
508 828
508 845
508 850
508 890
508 1039
508 1218
508 1358
508 1542
508 1543
508 1544
508 1545
511 1261
524 913
545 1958
547 1261
613 1254
617 1257
680 1254
771 1257
801 1261
819 1257
834 857
838 1256
844 913
848 857
848 1256
850 1254
850 1909
850 1958
850 1991
858 1958
897 913
913 1016
913 1210
913 1277
913 1346
913 1452
913 1647
913 1662
913 1750
913 1777
913 1786
913 1833
915 1262
951 1266
954 1262
966 1254
988 1254
1132 1256
1178 1257
1220 1261
1244 1257
1254 1997
1256 1768
1256 1890
1257 1770
1261 1333
1261 1476
1261 1812
1261 1929
1261 1943
1262 1369
1262 1600
1262 1790
1262 1818
1266 1353
1266 1525
1849 1958
1852 1958
