0 5
0 14
0 36
0 51
0 61
0 86
1 14
1 36
2 86
2 179
2 496
3 521
5 13
5 14
5 34
5 51
5 86
5 90
5 91
5 102
5 114
5 144
5 161
5 179
5 181
5 255
5 262
5 295
5 299
5 307
5 312
5 355
5 364
5 366
5 368
5 395
5 401
5 431
5 451
5 496
5 504
5 509
5 521
5 526
5 595
5 626
5 656
5 699
5 702
5 705
5 710
5 746
5 748
5 769
5 788
5 815
5 817
5 875
5 881
5 882
5 883
5 884
5 885
5 886
5 887
5 888
5 889
5 890
5 891
5 892
5 893
5 894
5 895
5 896
5 897
5 898
5 899
5 900
5 901
5 902
5 903
5 904
5 905
5 906
5 907
5 908
5 909
7 883
10 179
10 1435
14 244
14 301
14 313
14 504
14 706
14 757
14 1017
14 1022
14 1093
14 1139
14 1453
14 1612
14 1613
14 1614
15 179
15 899
16 1248
18 179
22 1435
24 179
25 746
34 86
35 882
36 145
36 177
36 571
36 855
36 882
36 1037
36 1345
36 1907
37 521
41 746
51 53
51 335
51 620
51 632
51 709
51 1334
51 1972
58 705
61 296
61 308
61 653
61 882
61 1665
61 1684
61 1692
76 1518
86 302
91 179
93 255
103 903
117 179
120 746
125 899
130 746
143 705
144 699
148 1726
166 882
171 179
177 179
177 255
178 746
179 181
179 185
179 200
179 227
179 228
179 231
179 272
179 274
179 276
179 295
179 296
179 299
179 301
179 314
179 318
179 325
179 422
179 448
179 455
179 507
179 512
179 516
179 518
179 522
179 536
179 583
179 654
179 694
179 696
179 739
179 744
179 788
179 813
179 814
179 815
179 816
179 817
179 818
179 819
179 820
179 821
179 822
179 823
179 824
179 825
179 826
179 827
179 828
179 829
179 830
179 831
179 832
179 833
179 834
189 903
192 255
193 699
198 882
204 883
209 890
215 882
224 705
225 705
255 594
255 1521
255 1596
268 699
269 898
295 355
296 521
296 699
296 705
298 746
298 883
300 746
302 1518
312 1356
329 1356
330 883
337 521
355 606
355 1020
355 1346
355 1758
364 521
364 897
365 521
365 882
367 1248
370 496
404 705
445 882
451 705
451 746
451 883
452 890
458 705
461 705
474 1435
479 699
496 1498
496 1748
496 1760
505 699
508 890
514 746
514 899
521 522
521 644
521 809
521 945
521 1143
521 1223
521 1347
521 1464
521 1606
521 1693
521 1791
521 1873
522 885
533 882
535 705
544 897
562 705
565 746
569 705
574 705
590 899
611 882
620 890
629 885
636 746
663 898
697 897
697 898
699 1289
699 1417
705 1075
705 1130
705 1192
705 1284
705 1389
705 1413
705 1562
705 1610
705 1658
705 1730
705 1848
705 1898
711 882
711 1248
725 885
731 890
743 746
746 909
746 910
746 1092
746 1107
746 1267
746 1459
746 1460
746 1461
746 1462
746 1463
746 1464
746 1465
746 1466
746 1467
777 883
803 883
836 1356
839 1726
861 883
867 897
868 883
882 988
882 1069
882 1248
882 1356
882 1406
882 1435
882 1518
882 1657
882 1726
882 1891
883 1078
883 1104
883 1115
883 1139
883 1238
883 1296
883 1347
883 1369
883 1402
883 1500
883 1582
883 1694
883 1769
883 1813
883 1903
883 1904
883 1905
885 906
885 912
885 930
885 1020
885 1255
885 1269
885 1685
885 1783
889 899
890 1212
890 1444
890 1567
890 1812
890 1829
890 1918
897 913
897 1803
898 1513
898 1664
898 1715
898 1764
898 1850
899 1570
899 1813
903 1423
903 1891
910 1356
987 1248
1171 1726
1225 1726
1322 1435
1423 1726
1518 1748
1518 1790
1726 1973
