0 9
0 36
1 36
1 424
2 460
3 460
4 791
9 17
9 29
9 142
9 145
9 295
9 296
9 298
9 351
9 537
9 611
9 976
9 1059
9 1278
9 1327
9 1330
9 1386
9 1411
9 1412
9 1413
9 1414
9 1415
9 1416
10 145
12 781
18 1525
23 145
28 1531
36 145
36 177
36 571
36 855
36 882
36 1037
36 1345
36 1907
44 145
46 460
49 1522
70 622
91 189
91 612
91 622
91 650
92 791
94 1396
96 1396
96 1523
103 1396
104 612
114 1094
118 1531
125 612
135 145
141 145
145 189
145 231
145 271
145 296
145 306
145 362
145 373
145 394
145 424
145 428
145 461
145 504
145 510
145 523
145 528
145 549
145 557
145 612
145 618
145 639
145 647
145 650
145 682
145 791
145 813
145 821
145 843
145 963
145 986
145 987
145 1074
145 1094
145 1113
145 1117
145 1174
145 1192
145 1202
145 1221
145 1226
145 1229
145 1264
145 1277
145 1291
145 1294
145 1300
145 1332
145 1376
145 1396
145 1455
145 1489
145 1501
145 1520
145 1521
145 1522
145 1523
145 1524
145 1525
145 1526
145 1527
145 1528
145 1529
145 1530
145 1531
145 1532
145 1533
145 1534
145 1535
147 612
153 189
167 424
177 189
178 781
179 821
180 947
180 963
181 189
181 963
181 1013
189 218
189 237
189 256
189 266
189 426
189 557
189 573
189 588
189 648
189 696
189 706
189 774
189 903
189 965
189 978
189 1001
189 1195
189 1279
189 1302
189 1311
189 1368
189 1370
189 1386
189 1474
189 1546
189 1547
189 1548
189 1549
189 1550
189 1551
198 947
201 612
210 1396
245 460
268 1523
282 612
295 362
298 460
298 622
299 1229
301 1396
306 612
316 1094
322 1013
334 1522
340 460
362 416
362 448
362 788
364 612
364 1094
365 650
365 1133
366 1013
368 781
368 1376
370 1229
370 1523
377 1522
379 612
387 1376
397 1013
399 947
404 1525
408 424
411 1525
419 622
424 748
424 1059
424 1928
448 612
449 622
450 1229
451 1522
460 612
460 706
460 947
460 1064
460 1113
460 1256
460 1450
460 1900
464 1525
504 1094
511 612
511 1632
517 821
517 1522
543 1013
546 791
548 1522
569 1522
596 963
596 1094
601 1396
611 612
612 622
612 781
612 985
612 1013
612 1112
612 1133
612 1159
612 1173
612 1189
612 1471
612 1632
612 1645
613 1632
617 1522
622 911
622 1283
622 1304
622 1459
622 1572
622 1864
650 710
650 962
650 1744
650 1820
694 1523
712 1632
781 1179
784 1396
787 1133
787 1376
791 1124
791 1193
791 1323
791 1455
808 1522
815 1531
821 922
821 1598
821 1616
821 1914
821 1970
821 1998
823 1523
869 1094
879 1525
947 1274
963 1461
973 1229
1007 1522
1013 1113
1013 1121
1013 1249
1013 1318
1013 1612
1013 1884
1013 1906
1013 1971
1078 1094
1082 1094
1094 1102
1094 1324
1094 1423
1094 1554
1094 1926
1094 1952
1120 1133
1127 1525
1133 1453
1174 1525
1217 1523
1227 1523
1266 1525
1283 1376
1303 1533
1311 1534
1322 1523
1325 1534
1333 1396
1376 1453
1376 1710
1376 1930
1379 1531
1394 1522
1396 1773
1396 1879
1396 1880
1411 1525
1522 1946
1523 1604
1523 1665
1525 1653
1525 1848
1525 1918
1533 1695
1533 1812
1533 1922
1534 1558
1534 1710
1632 1764
1632 1843
