0 1
0 11
0 14
0 25
0 31
0 32
0 36
0 42
0 43
0 46
0 47
0 48
0 60
0 61
0 63
0 70
0 79
0 80
0 82
1 2
1 3
1 7
1 8
1 14
1 36
1 90
1 91
1 94
1 96
1 134
1 141
1 177
1 178
1 181
1 182
1 186
1 190
1 196
1 204
1 207
1 213
1 221
1 229
1 232
1 242
1 246
1 277
1 295
1 296
1 303
1 306
1 364
1 365
1 366
1 367
1 368
1 369
1 370
1 371
1 372
1 373
1 374
1 375
1 376
1 377
1 378
1 379
1 380
1 381
1 382
1 383
1 384
1 385
1 386
1 387
1 388
1 389
1 390
1 391
1 392
1 393
1 394
1 395
1 396
1 397
1 398
1 399
1 400
1 401
1 402
1 403
1 404
1 405
1 406
1 407
1 408
1 409
1 410
1 411
1 412
1 413
1 414
1 415
1 416
1 417
1 418
1 419
1 420
1 421
1 422
1 423
1 424
1 425
1 426
1 427
1 428
1 429
1 430
1 431
1 432
1 433
1 434
1 435
1 436
1 437
1 438
1 439
1 440
1 441
1 442
1 443
1 444
2 31
2 319
2 342
2 345
2 369
2 371
2 373
2 385
2 417
2 419
2 447
2 455
2 458
2 460
2 463
2 468
2 469
2 474
2 476
2 489
3 43
3 94
3 163
3 190
3 248
3 295
3 298
3 317
3 350
3 376
3 393
3 421
3 460
3 514
3 519
3 526
3 527
3 531
3 536
3 540
3 544
3 552
3 562
3 565
3 568
3 576
3 580
3 585
3 590
3 594
3 597
3 599
3 610
4 94
4 119
4 187
4 298
4 415
4 418
4 736
4 785
4 848
4 856
4 860
4 861
4 876
5 14
5 295
5 307
5 312
5 355
5 395
5 401
5 431
5 526
5 656
5 746
5 883
5 887
5 896
5 897
5 906
5 909
6 319
6 361
6 367
6 369
6 590
6 623
6 1059
6 1061
6 1063
6 1078
6 1080
6 1085
6 1088
7 32
7 312
7 334
7 346
7 356
7 378
7 390
7 395
7 409
7 447
7 469
7 616
7 883
7 982
7 1141
7 1142
7 1149
7 1155
7 1156
7 1160
7 1164
8 185
8 336
8 349
8 353
8 367
8 441
8 474
8 616
8 999
8 1007
8 1200
8 1203
8 1212
9 295
9 298
9 351
9 1059
10 328
10 392
10 623
10 1238
10 1431
11 41
11 143
11 181
11 295
11 368
11 459
11 747
11 748
11 1218
11 1343
11 1498
12 123
12 318
12 352
12 385
12 463
12 531
12 792
12 1335
12 1579
12 1582
12 1584
14 244
14 301
14 313
14 504
14 706
14 757
14 1017
14 1022
14 1093
14 1139
14 1453
14 1612
14 1613
14 1614
15 232
15 644
15 803
15 1203
15 1310
15 1317
15 1402
15 1665
15 1666
16 111
16 374
16 1248
17 328
17 363
17 519
17 707
17 929
17 1006
18 250
18 335
18 386
18 999
18 1008
18 1155
18 1160
18 1317
18 1344
18 1630
18 1694
18 1697
19 317
19 1579
20 974
20 1553
21 94
21 358
21 1665
21 1680
22 427
22 816
22 1475
23 290
23 1885
24 264
24 616
24 707
24 1061
24 1663
25 82
25 151
25 205
25 282
25 304
25 530
25 664
25 746
25 772
25 807
25 924
25 945
25 987
25 1004
25 1123
25 1142
25 1231
25 1367
25 1665
25 1725
25 1822
25 1888
25 1890
26 1440
28 404
28 408
28 615
28 1727
29 1000
29 1149
30 373
30 1238
30 1828
31 47
31 59
31 261
31 378
31 530
31 698
31 796
31 1067
31 1482
31 1608
31 1946
31 1947
32 219
32 226
32 300
32 376
32 794
32 1323
32 1948
33 1475
34 979
36 145
36 177
36 571
36 855
36 882
36 1037
36 1345
36 1907
37 414
37 439
37 1431
37 1464
37 1465
37 1574
38 314
38 1860
39 1603
40 1953
41 381
41 746
41 1473
42 141
42 251
42 295
42 429
42 581
42 817
42 912
42 1457
42 1619
42 1744
42 1876
42 1942
43 152
43 171
43 298
43 452
43 779
43 1185
43 1373
43 1506
43 1774
43 1980
44 1059
45 982
46 180
46 460
46 642
46 911
46 1409
46 1472
46 1493
46 1620
46 1924
47 207
47 448
47 563
47 1757
47 1770
48 185
48 196
48 279
48 302
48 584
48 734
48 977
48 1047
48 1050
48 1170
48 1178
48 1287
48 1697
49 1702
51 335
51 620
51 709
52 580
52 1651
53 437
53 1659
55 1028
56 425
56 1953
57 281
59 246
59 1595
60 140
60 177
60 295
60 382
60 572
60 584
60 1219
60 1816
60 1996
61 296
61 308
61 653
61 882
61 1665
61 1684
61 1692
62 1742
63 239
63 295
63 478
63 770
63 1374
63 1453
63 1624
63 1762
63 1795
65 1002
66 764
66 1117
67 111
70 305
70 378
70 622
70 1123
71 115
72 580
74 1272
76 519
76 1308
77 339
77 768
77 829
77 1452
78 469
78 992
79 253
79 675
79 697
79 969
80 296
80 298
80 1150
80 1750
80 1967
82 181
82 1154
82 1587
82 1824
82 1889
83 615
83 629
84 684
85 536
87 620
87 964
88 289
88 1186
90 94
90 111
90 112
90 115
90 119
90 120
90 121
90 123
90 134
90 137
90 139
91 298
91 474
91 540
91 565
91 615
91 616
91 620
91 623
91 629
91 634
91 638
91 643
91 644
91 648
91 656
91 661
91 664
91 667
91 681
91 682
91 683
91 684
91 689
92 295
92 314
92 417
92 634
92 792
92 803
93 139
93 295
93 376
93 489
93 752
93 820
93 1262
93 1263
94 186
94 283
94 297
94 473
94 534
94 689
94 916
94 931
94 1057
94 1139
94 1326
94 1366
94 1396
94 1449
94 1450
95 337
95 756
95 1017
95 1028
95 1615
96 246
96 372
96 1107
96 1396
96 1523
96 1574
97 281
97 374
97 917
97 1467
98 323
98 325
99 174
99 1717
100 375
100 396
101 367
101 536
102 408
102 409
102 1031
103 1396
103 1465
103 1713
104 123
104 341
104 394
104 1006
105 638
106 407
106 568
106 917
106 1582
106 1646
106 1946
108 120
109 969
109 1063
111 234
111 258
111 295
111 517
111 814
111 1113
111 1775
111 1839
111 1905
111 1944
112 298
112 300
112 537
112 655
112 921
112 1026
112 1202
112 1242
112 1896
112 1978
113 369
113 380
113 1665
113 1839
115 295
115 365
115 838
115 891
115 1148
115 1618
116 409
116 734
116 1300
117 756
118 389
118 860
119 180
119 323
119 1193
120 504
120 746
120 1185
120 1842
120 1880
121 519
121 863
121 886
121 892
121 973
121 1147
121 1351
121 1936
123 544
123 798
124 1539
125 1521
126 474
129 998
130 597
130 746
131 318
133 1501
134 222
134 1322
134 1752
135 1713
137 233
137 295
137 942
137 1724
137 1729
138 974
138 1250
139 152
139 914
139 1210
141 155
141 156
141 158
141 163
141 174
142 768
142 777
142 1178
142 1184
143 295
143 369
143 378
143 380
143 463
143 615
143 1164
143 1212
143 1473
143 1475
144 298
144 431
144 816
144 1431
145 231
145 362
145 373
145 394
145 682
145 1117
145 1300
145 1396
145 1501
145 1521
145 1523
146 187
146 386
146 991
146 1286
147 458
147 995
147 1107
147 1462
148 998
148 1725
148 1727
149 218
149 402
149 1630
150 367
150 371
150 1352
151 240
151 334
151 395
151 400
151 421
151 992
151 1446
151 1689
151 1798
152 405
152 643
152 876
152 992
152 1047
152 1339
152 1856
153 317
153 1689
154 860
154 1431
154 1540
155 298
155 377
155 454
155 702
155 1216
155 1328
155 1585
155 1916
155 1925
156 178
156 209
156 284
156 378
156 481
156 1114
156 1196
156 1596
157 1927
158 181
158 511
158 616
158 704
158 1567
159 861
161 856
162 1831
163 380
163 511
163 688
163 1494
163 1520
163 1635
163 1719
163 1919
163 1925
165 1947
166 644
170 989
171 1927
174 367
174 641
174 1193
174 1937
177 185
177 187
177 190
177 218
177 221
177 231
177 232
177 238
177 240
177 242
177 243
177 246
177 248
177 250
177 252
177 261
177 264
177 277
177 281
177 282
177 289
177 290
177 293
178 185
178 295
178 347
178 629
178 664
178 746
178 752
178 756
178 764
178 768
178 772
178 777
178 785
179 185
179 231
179 295
179 314
179 318
179 325
179 422
179 455
179 536
179 816
179 818
179 820
179 829
180 295
180 317
180 345
180 363
180 375
180 376
180 381
180 421
180 519
180 615
180 914
180 917
180 919
180 929
180 940
180 941
180 946
180 947
180 964
181 248
181 375
181 390
181 396
181 438
181 544
181 585
181 683
181 929
181 991
181 1017
181 1021
181 1022
181 1028
181 1031
181 1033
181 1038
181 1041
181 1047
181 1054
182 373
182 519
182 527
182 856
182 998
182 1022
182 1308
182 1310
183 320
183 1344
183 1347
184 319
184 378
184 995
184 1426
185 218
185 290
185 295
185 623
185 629
185 712
185 756
185 836
185 881
185 921
185 964
185 1143
185 1302
185 1455
185 1456
185 1457
185 1458
186 187
186 190
186 1038
186 1496
187 188
187 295
187 303
187 365
187 440
187 455
187 619
187 658
187 979
187 982
187 1009
187 1057
187 1114
187 1186
187 1245
187 1251
187 1304
187 1369
187 1420
187 1499
187 1500
187 1501
187 1502
187 1503
187 1504
187 1505
187 1506
188 295
188 337
188 1247
189 218
189 426
189 648
189 1001
190 216
190 289
190 297
190 377
190 723
190 763
190 793
190 794
190 799
190 813
190 814
190 871
190 881
190 1135
190 1194
190 1335
190 1480
190 1573
190 1574
190 1575
190 1576
191 333
191 372
191 818
192 307
192 342
192 527
192 1107
192 1463
192 1537
192 1592
192 1595
193 339
193 403
193 740
193 816
193 1164
194 371
194 422
194 1317
194 1659
195 374
195 447
195 615
195 717
195 1677
196 295
196 1267
196 1651
197 1281
198 298
198 352
198 544
198 947
198 1250
199 1697
200 295
200 418
202 1769
203 369
203 381
203 526
203 1005
203 1352
204 444
204 447
204 883
204 919
204 1437
204 1614
204 1680
205 336
205 896
205 914
205 1096
205 1458
205 1462
205 1742
205 1813
206 1463
206 1464
207 298
207 1828
209 324
209 667
209 1475
210 282
210 1396
210 1681
211 261
211 1542
212 336
212 1463
213 353
213 1888
214 374
214 394
215 1022
216 397
216 1653
216 1927
217 969
217 1725
218 510
218 685
218 1127
218 1447
218 1781
218 1880
219 707
220 367
220 403
220 620
220 1542
221 306
221 450
221 696
221 1690
222 403
222 410
222 1402
222 1745
222 1856
223 380
223 527
224 349
225 709
226 327
226 412
226 989
226 1310
226 1408
226 1426
226 1646
227 338
229 295
229 1603
229 1798
230 1250
230 1352
231 1235
231 1644
231 1665
231 1737
231 1868
232 365
232 445
232 728
232 805
232 1269
232 1320
232 1538
232 1683
232 1746
234 314
235 317
235 390
237 1502
238 295
238 747
238 872
238 1069
238 1398
238 1730
240 299
240 328
240 631
241 328
241 341
242 694
242 858
242 970
242 1196
242 1258
242 1625
242 1810
243 703
243 878
243 972
243 1107
243 1236
244 707
244 1041
244 1813
244 1826
245 460
245 476
245 514
246 300
246 545
246 770
246 1580
246 1818
246 1948
246 1973
248 266
248 514
248 555
248 576
248 599
248 770
248 776
248 1128
248 1372
248 1496
248 1752
249 319
249 1446
250 265
250 369
250 477
250 493
250 649
250 1844
250 1984
250 1997
252 323
252 510
252 559
252 851
252 1969
254 1702
255 594
255 1521
257 1860
260 1828
261 1195
261 1326
263 1681
264 389
264 555
264 726
264 1422
264 1872
264 1999
265 323
266 411
268 1523
273 1771
276 1505
277 291
277 840
277 1210
277 1610
277 1669
277 1840
279 514
279 946
280 321
280 375
281 616
281 1512
282 612
282 1676
283 1582
288 397
288 531
289 313
289 625
289 1723
290 1572
290 1785
292 989
293 615
293 1072
293 1346
293 1995
295 296
295 297
295 298
295 299
295 300
295 301
295 302
295 303
295 304
295 305
295 306
295 307
295 308
295 309
295 310
295 311
295 312
295 313
295 314
295 315
295 316
295 317
295 318
295 319
295 320
295 321
295 322
295 323
295 324
295 325
295 326
295 327
295 328
295 329
295 330
295 331
295 332
295 333
295 334
295 335
295 336
295 337
295 338
295 339
295 340
295 341
295 342
295 343
295 344
295 345
295 346
295 347
295 348
295 349
295 350
295 351
295 352
295 353
295 354
295 355
295 356
295 357
295 358
295 359
295 360
295 361
295 362
295 363
296 298
296 349
296 367
296 371
296 372
296 378
296 397
296 434
296 514
296 576
296 707
296 709
296 717
296 723
296 730
296 734
296 736
296 740
296 743
297 356
297 400
297 401
297 420
297 629
297 917
297 964
297 969
297 974
297 979
297 982
298 302
298 370
298 433
298 460
298 504
298 544
298 622
298 746
298 752
298 816
298 820
298 883
298 912
298 918
298 949
298 986
298 987
298 988
298 989
298 990
298 991
298 992
298 993
298 994
298 995
298 996
298 997
298 998
298 999
298 1000
298 1001
298 1002
298 1003
298 1004
298 1005
298 1006
298 1007
298 1008
298 1009
299 418
299 447
299 896
299 1107
299 1231
300 347
300 406
300 746
300 772
300 994
300 1387
301 1396
301 1402
301 1407
301 1408
302 350
302 358
303 322
303 325
303 374
303 610
303 860
303 999
303 1553
304 620
304 1001
304 1641
305 380
305 1189
305 1651
305 1653
306 320
306 1651
306 1702
306 1704
307 315
307 456
307 615
307 729
307 785
307 813
307 921
307 1025
307 1055
307 1070
307 1193
307 1212
307 1262
307 1500
307 1511
307 1552
307 1621
307 1679
307 1680
307 1702
307 1717
307 1718
308 380
308 385
308 829
308 1456
308 1614
309 335
309 392
309 544
309 648
309 1836
310 356
310 413
310 989
310 1238
310 1252
311 369
311 476
311 1080
312 329
312 619
312 942
312 1010
312 1356
312 1425
312 1912
313 405
313 458
313 616
313 638
313 816
313 1727
314 466
314 826
314 856
314 916
314 972
314 1206
314 1257
314 1322
314 1557
315 320
315 993
315 1502
316 368
316 462
316 512
316 624
316 836
316 1094
316 1104
316 1754
316 1939
317 642
317 902
317 1733
317 1770
317 1941
318 1136
318 1510
318 1520
318 1797
318 1895
318 1944
318 1945
319 502
319 984
319 1054
319 1126
319 1134
319 1171
319 1301
319 1308
319 1310
319 1354
319 1521
319 1526
319 1727
319 1735
319 1836
320 532
320 563
320 852
320 1198
320 1711
320 1760
320 1891
321 543
321 761
321 837
321 910
321 988
321 1031
321 1033
321 1460
321 1671
321 1677
321 1686
321 1903
321 1957
322 366
322 398
322 520
322 530
322 657
322 855
322 949
322 1013
322 1096
322 1589
322 1624
322 1963
323 360
323 387
323 388
323 483
323 644
323 682
323 722
323 763
323 1272
323 1354
323 1592
323 1618
323 1798
324 383
324 658
324 1095
324 1111
324 1302
324 1913
325 331
325 635
325 793
325 1293
325 1331
325 1589
326 512
326 523
326 754
326 788
326 1083
326 1931
327 449
327 452
327 666
327 850
327 912
327 1101
327 1477
327 1633
327 1715
328 463
328 611
328 667
328 717
328 919
328 951
328 1098
328 1666
328 1742
329 404
329 648
330 883
330 1126
331 380
331 1107
331 1901
332 437
332 519
333 448
333 449
333 819
333 1034
333 1400
333 1744
333 1825
333 1930
333 1977
334 1453
334 1522
334 1524
334 1992
335 922
336 1413
336 1667
336 1773
337 428
337 521
337 668
337 811
337 935
337 1489
337 1596
337 1900
337 1928
338 473
338 515
338 1260
338 1909
338 1964
339 450
339 849
339 1167
339 1434
340 460
340 1437
341 614
341 676
341 1291
341 1348
342 837
342 886
343 942
343 973
343 987
343 1249
343 1801
344 366
344 503
344 534
344 1091
345 830
345 1220
345 1743
345 1794
346 625
346 945
346 1109
346 1740
347 479
347 1436
347 1926
348 406
348 1630
348 1876
349 1199
349 1419
350 1295
350 1421
350 1591
351 384
351 1058
351 1327
352 721
352 747
352 1803
352 1955
353 436
353 504
353 744
353 1956
354 565
355 606
355 1020
355 1346
355 1758
356 451
356 1168
356 1234
357 410
357 1839
358 1520
358 1753
359 893
359 984
359 1065
359 1949
361 504
361 924
361 1880
362 416
362 448
362 788
363 1011
363 1573
364 367
364 568
364 616
364 897
364 998
364 1096
364 1102
365 393
365 447
365 540
365 999
365 1096
365 1107
365 1115
365 1116
365 1117
365 1126
366 1021
366 1178
366 1184
366 1186
366 1189
367 430
367 451
367 527
367 536
367 594
367 611
367 614
367 616
367 694
367 729
367 764
367 789
367 835
367 869
367 912
367 946
367 974
367 1010
367 1011
367 1025
367 1061
367 1220
367 1247
367 1248
367 1249
367 1250
367 1251
367 1252
367 1253
367 1254
368 381
368 565
369 504
369 526
369 597
369 680
369 681
369 709
369 896
369 1038
369 1285
369 1317
369 1318
369 1488
369 1499
369 1536
369 1537
369 1538
369 1539
369 1540
369 1541
370 393
370 590
370 1523
370 1608
371 507
371 607
371 1010
371 1232
371 1447
371 1610
371 1611
372 435
372 506
372 1119
372 1257
372 1618
372 1763
372 1764
373 384
373 486
373 504
373 754
373 872
373 925
373 1325
373 1389
373 1673
373 1773
373 1774
374 653
374 843
374 912
374 1393
374 1809
374 1810
375 513
375 532
375 884
375 1055
375 1629
375 1700
375 1815
375 1816
376 391
376 469
376 632
376 634
376 683
376 788
376 818
376 1116
376 1300
376 1375
376 1437
376 1553
376 1584
376 1599
376 1615
376 1641
376 1646
376 1817
376 1818
376 1819
378 474
378 598
378 661
378 730
378 850
378 886
378 929
378 941
378 1200
378 1206
378 1249
378 1256
378 1276
378 1436
378 1446
378 1473
378 1603
378 1724
378 1766
378 1831
378 1832
379 411
379 1426
380 458
380 506
380 540
380 555
380 636
380 1087
380 1101
380 1344
380 1558
380 1621
380 1759
380 1842
381 771
381 837
381 1372
381 1418
381 1524
381 1575
381 1686
381 1746
381 1787
383 386
383 1002
383 1742
384 643
384 919
384 1184
384 1387
384 1464
384 1735
384 1769
384 1888
385 534
385 823
385 927
385 1194
385 1736
385 1772
385 1922
386 1057
386 1609
386 1784
386 1938
387 756
387 1402
388 439
388 1178
389 516
389 617
389 836
389 876
389 914
389 1436
389 1651
389 1681
389 1701
389 1721
389 1758
390 511
390 693
390 819
390 1170
390 1342
390 1413
390 1577
390 1765
390 1885
391 1665
392 504
392 838
392 1370
393 721
393 835
393 1026
393 1155
393 1189
393 1239
393 1640
393 1706
393 1765
393 1881
394 399
394 711
394 713
394 922
394 1138
394 1708
395 760
395 893
395 1205
395 1411
396 550
396 881
396 1367
396 1415
396 1536
397 651
397 1013
397 1112
397 1359
397 1733
399 455
399 947
400 640
400 843
400 1027
401 466
401 712
401 1384
401 1422
401 1549
401 1550
402 1192
402 1422
402 1513
402 1558
403 507
403 660
403 1147
403 1780
404 592
404 705
404 1079
404 1525
404 1962
405 477
405 808
405 1114
405 1152
405 1527
405 1699
405 1728
405 1756
405 1948
406 754
406 1342
406 1819
406 1880
406 1954
407 506
407 517
407 1673
407 1815
408 424
408 428
408 450
408 605
408 1342
408 1452
408 1550
408 1764
408 1969
408 1983
408 1995
409 1301
409 1330
409 1546
410 702
410 713
410 1122
410 1271
410 1322
410 1357
410 1526
410 1528
410 1567
410 1705
410 1890
410 1895
411 676
411 1108
411 1251
411 1328
411 1525
411 1764
411 1790
412 449
412 451
412 776
412 813
412 1232
413 1287
413 1478
413 1513
413 1528
413 1796
413 1805
413 1880
413 1904
413 1981
414 506
414 975
414 1397
414 1498
414 1503
414 1913
415 446
415 595
415 1140
415 1171
416 1420
416 1697
417 446
417 1095
417 1736
418 718
418 1939
419 452
419 581
419 622
419 911
419 1414
419 1821
419 1904
419 1999
420 453
420 706
420 1135
420 1594
421 1375
421 1568
421 1791
421 1895
422 836
422 1394
422 1809
423 504
423 525
423 639
423 1029
424 1059
425 925
425 1175
425 1581
426 637
426 824
426 970
426 1350
427 548
427 611
427 1369
429 1031
431 990
431 1092
431 1858
432 655
432 807
432 1095
432 1928
434 478
434 804
434 925
435 974
435 1641
436 743
437 475
437 1504
437 1943
438 492
438 749
438 790
439 1119
439 1136
441 640
441 841
441 1064
442 666
442 918
442 948
442 1232
443 446
443 793
443 1306
443 1758
444 708
444 1077
444 1127
445 768
447 514
447 706
447 841
447 1195
447 1199
447 1207
447 1700
447 1701
448 1742
448 1745
449 623
449 638
449 887
449 1038
449 1571
449 1646
450 643
450 1787
451 746
451 883
451 906
451 997
451 1047
451 1613
451 1657
452 468
452 1078
452 1505
452 1859
453 1335
454 1755
455 1055
455 1085
455 1197
455 1228
455 1373
455 1398
455 1460
455 1510
455 1784
455 1867
456 997
457 527
457 1116
457 1798
458 705
458 1076
458 1672
458 1792
458 1922
458 1940
460 612
460 706
460 947
460 1064
460 1113
460 1256
460 1450
460 1900
462 1501
463 523
463 1357
463 1862
467 1576
467 1665
468 616
468 983
468 987
468 1135
468 1187
468 1590
468 1661
468 1848
468 1942
469 838
469 1158
469 1366
469 1956
470 544
470 616
471 576
472 1885
473 1117
474 819
474 1435
475 562
476 1107
476 1487
478 1310
479 1007
480 1033
480 1603
481 1680
483 1592
486 1352
487 1718
488 792
488 1250
489 655
489 1244
489 1247
493 1078
497 1826
500 1927
501 1300
502 1252
503 552
503 914
503 1061
503 1238
503 1245
504 914
504 940
504 1267
504 1272
504 1276
504 1281
505 887
505 1200
505 1286
505 1296
505 1297
505 1300
506 752
506 1281
506 1317
506 1318
507 1063
507 1420
508 1542
509 993
510 730
510 1247
510 1584
511 597
511 634
511 683
511 996
511 1059
511 1247
511 1630
512 1657
513 707
513 1352
514 613
514 620
514 746
514 768
514 792
514 860
514 887
514 899
514 1297
514 1352
514 1475
514 1511
514 1542
514 1689
514 1710
514 1711
515 1063
515 1267
515 1286
515 1440
516 1141
517 540
517 792
517 1838
518 531
518 974
519 1247
519 1358
519 1624
519 1653
519 1657
519 1858
519 1859
519 1860
520 848
520 1203
520 1681
521 644
521 1347
521 1464
521 1606
522 1876
523 661
525 527
526 679
526 840
526 990
526 1559
527 869
527 917
527 940
527 952
527 1063
527 1140
527 1141
527 1796
527 1817
527 1901
527 1902
529 552
530 1080
530 1407
531 816
531 901
531 1557
531 1734
531 1932
533 1881
534 929
535 1317
535 1473
536 736
536 830
536 1056
536 1191
536 1668
536 1751
536 1809
536 1923
538 1387
538 1704
539 615
539 1200
539 1766
540 1692
540 1932
541 1061
543 992
543 1553
544 552
544 897
544 969
544 1203
544 1755
544 1824
544 1832
544 1950
545 917
545 1542
545 1717
545 1769
547 1231
548 1155
550 1861
550 1885
551 969
551 1888
552 749
552 795
552 1625
553 940
553 1456
554 1771
556 1080
559 1666
559 1901
560 1033
562 635
562 705
562 1111
562 1247
562 1807
562 1979
563 629
565 589
565 746
565 1164
565 1233
565 1515
565 1734
565 1830
565 1978
566 914
566 1657
568 879
568 1230
568 1326
568 1352
569 1117
569 1408
569 1831
573 1505
574 1038
574 1539
576 1612
576 1775
577 648
577 896
580 616
580 1221
580 1423
581 1308
582 777
585 763
585 919
585 1050
585 1926
586 1782
587 887
588 1826
590 899
590 1352
594 1283
594 1512
594 1825
595 1431
596 1713
597 766
598 996
599 798
599 1177
599 1416
599 1498
601 1396
603 1888
604 1318
605 969
607 667
610 1253
610 1906
610 1953
611 717
611 752
611 982
611 1149
611 1184
611 1335
611 1339
612 1189
613 620
613 1254
613 1318
613 1344
613 1689
614 1755
615 951
615 1255
615 1339
615 1407
615 1770
615 1771
616 790
616 807
616 918
616 1059
616 1160
616 1263
616 1286
616 1387
616 1426
616 1606
616 1659
616 1704
616 1713
616 1826
616 1827
616 1828
616 1829
616 1830
617 909
619 1117
620 632
620 660
620 684
620 837
620 890
620 1357
620 1449
620 1644
620 1686
620 1770
620 1910
621 1142
621 1694
623 928
623 1018
623 1610
623 1934
623 1935
625 1473
625 1630
626 1771
626 1950
628 1615
629 696
629 797
629 885
629 1227
629 1761
630 1537
632 974
632 997
634 872
634 1366
635 1614
636 746
636 785
636 1437
638 675
638 1680
639 689
639 772
639 785
639 1501
643 969
643 1500
643 1624
643 1976
644 668
644 814
644 1706
644 1908
645 991
645 1782
645 1839
646 1156
646 1653
648 919
652 969
652 1420
652 1725
652 1839
656 1095
656 1354
656 1665
657 1540
657 1860
661 1066
661 1150
662 1946
664 1108
664 1322
664 1812
666 914
666 1141
666 1947
667 959
667 1302
667 1879
667 1960
670 1963
675 969
675 1836
677 1755
680 1254
680 1630
681 1068
681 1093
681 1275
682 1520
682 1880
683 1546
684 851
684 1226
684 1340
684 1618
685 1297
687 1160
689 1246
689 1504
693 768
694 1523
696 1437
696 1440
697 897
698 1452
700 1115
701 917
703 1250
703 1387
703 1665
704 818
704 1885
706 1927
707 919
707 1073
707 1385
707 1508
707 1785
707 1903
709 817
709 1153
709 1174
709 1418
709 1783
710 993
710 1713
711 1248
713 1582
713 1664
714 1054
715 756
717 1171
717 1359
717 1652
719 1608
722 792
723 744
723 1236
723 1575
723 1712
723 1906
725 743
730 751
730 1776
730 1790
732 1827
734 780
734 1139
734 1489
734 1814
734 1887
736 1273
736 1941
737 946
740 1174
740 1324
740 1665
743 746
743 1328
746 909
746 910
746 1092
746 1107
746 1267
746 1459
746 1460
746 1461
746 1462
746 1463
746 1464
746 1465
746 1466
746 1467
747 818
747 1571
748 914
748 994
748 1203
748 1431
749 1160
749 1718
750 941
750 946
750 1466
752 1208
753 1008
753 1782
754 1608
755 792
755 1272
755 1755
756 961
756 1324
756 1761
757 1659
759 1021
760 1574
761 818
762 946
764 1092
764 1290
764 1329
764 1388
765 1347
766 1663
767 1464
768 1391
768 1792
769 1641
771 1664
772 1050
772 1471
772 1949
776 896
777 883
777 1081
777 1233
778 1000
780 1402
784 1396
787 1646
788 803
788 820
788 1200
789 996
790 1126
790 1502
792 804
792 1069
792 1102
792 1195
792 1436
792 1508
792 1561
792 1729
792 1838
793 1347
794 1859
795 1286
796 1017
796 1061
796 1576
797 929
798 969
799 1141
799 1606
802 1881
803 883
803 1710
803 1906
807 1829
814 996
814 1456
814 1603
815 995
815 1613
816 902
816 1021
816 1028
816 1098
816 1253
816 1271
816 1449
816 1561
816 1762
816 1815
816 1896
816 1920
817 964
817 969
817 1156
817 1725
818 1087
818 1179
818 1419
820 1370
823 1523
824 1466
826 1727
829 1240
829 1312
829 1329
829 1352
829 1832
834 1614
835 1452
836 941
836 992
836 1247
837 1263
837 1521
837 1766
838 919
838 989
838 994
838 1008
838 1839
840 1126
843 1697
844 1286
845 1028
845 1861
848 857
848 952
848 1010
848 1086
848 1256
848 1352
848 1403
850 1254
856 1322
856 1794
856 1840
856 1923
856 1993
858 1431
861 883
861 1374
861 1449
867 897
868 883
868 1462
871 992
873 1297
875 1677
876 1227
876 1913
877 1308
882 1248
882 1657
883 1078
883 1104
883 1115
883 1139
883 1238
883 1296
883 1347
883 1369
883 1402
883 1500
883 1582
883 1694
883 1769
883 1813
883 1903
883 1904
883 1905
884 1296
885 906
886 1186
887 1014
887 1295
887 1486
887 1980
888 1584
890 1212
890 1829
894 1827
896 1527
897 913
897 1803
898 1664
899 1813
901 1085
901 1318
906 970
906 1665
906 1910
907 964
909 976
909 1113
910 1115
910 1352
911 979
911 1250
911 1540
911 1615
911 1680
911 1681
912 1296
912 1735
913 1452
914 1034
914 1065
914 1117
914 1196
914 1281
914 1487
914 1745
914 1809
914 1856
915 991
915 1141
915 1262
915 1595
917 938
917 1589
917 1732
918 1142
919 1149
919 1546
919 1587
919 1708
919 1767
919 1861
919 1960
921 1501
921 1537
922 1245
922 1766
922 1787
922 1888
924 1318
924 1838
929 1147
929 1378
929 1408
929 1672
929 1760
929 1763
929 1941
930 1102
931 1247
931 1920
932 1574
932 1694
934 1861
937 1592
939 998
940 968
940 1365
940 1591
940 1605
940 1967
941 1541
941 1724
941 1891
942 1614
946 1906
946 1952
947 1274
952 1017
954 1262
955 1156
956 1646
957 999
957 1318
964 1612
966 1254
969 1058
969 1184
969 1368
969 1571
969 1595
969 1669
969 1934
973 1579
973 1813
974 1020
974 1448
974 1985
977 1630
979 1113
980 1646
980 1689
985 1615
986 995
986 1407
987 1248
987 1713
988 1041
988 1059
988 1254
989 1087
989 1093
989 1207
989 1391
990 1005
991 1368
991 1637
992 1884
993 1460
993 1565
994 1118
994 1122
994 1163
994 1954
995 1916
996 1158
996 1551
996 1622
996 1770
996 1863
997 1018
998 1737
999 1687
1000 1419
1000 1461
1000 1489
1000 1561
1001 1086
1001 1640
1001 1779
1002 1776
1002 1783
1003 1139
1003 1157
1003 1510
1003 1785
1005 1304
1005 1590
1005 1866
1006 1791
1006 1915
1007 1522
1007 1566
1008 1148
1009 1826
1010 1296
1010 1344
1010 1446
1012 1901
1013 1318
1014 1539
1014 1665
1014 1666
1015 1272
1015 1387
1016 1452
1016 1689
1017 1067
1017 1914
1018 1186
1021 1397
1022 1711
1022 1906
1023 1769
1028 1101
1028 1759
1029 1475
1031 1211
1031 1439
1031 1517
1031 1546
1031 1776
1031 1845
1031 1995
1033 1439
1038 1130
1041 1247
1041 1379
1041 1703
1042 1592
1047 1585
1047 1841
1051 1664
1053 1088
1054 1190
1054 1460
1055 1713
1056 1078
1057 1861
1058 1576
1058 1680
1059 1552
1059 1558
1059 1705
1060 1308
1061 1433
1061 1444
1061 1678
1063 1454
1068 1831
1069 1505
1070 1247
1076 1689
1078 1094
1080 1680
1083 1539
1084 1310
1085 1241
1085 1328
1085 1908
1088 1091
1088 1136
1088 1270
1088 1579
1088 1969
1090 1839
1093 1272
1093 1725
1094 1102
1095 1141
1095 1521
1096 1389
1096 1459
1096 1855
1096 1896
1097 1745
1097 1950
1098 1465
1098 1592
1099 1950
1100 1742
1102 1447
1102 1964
1106 1603
1107 1125
1107 1135
1107 1193
1107 1663
1107 1664
1108 1141
1109 1317
1109 1665
1109 1953
1110 1297
1110 1352
1112 1231
1113 1613
1115 1129
1115 1498
1115 1536
1115 1822
1115 1976
1115 1994
1116 1673
1116 1764
1117 1123
1117 1566
1117 1635
1117 1864
1117 1992
1119 1263
1122 1473
1125 1263
1125 1595
1126 1563
1126 1690
1126 1714
1126 1794
1127 1456
1128 1766
1134 1466
1135 1252
1136 1245
1136 1308
1137 1458
1138 1247
1140 1142
1141 1145
1141 1933
1142 1255
1142 1274
1142 1684
1143 1718
1147 1702
1149 1618
1149 1654
1154 1829
1155 1626
1155 1627
1156 1563
1156 1579
1156 1811
1160 1369
1160 1480
1164 1599
1164 1953
1168 1297
1171 1881
1172 1681
1172 1827
1173 1267
1173 1745
1173 1787
1173 1881
1175 1615
1175 1798
1176 1308
1178 1257
1182 1502
1184 1667
1184 1722
1186 1585
1186 1902
1187 1666
1188 1296
1189 1797
1190 1859
1191 1947
1195 1579
1195 1659
1196 1539
1197 1276
1198 1408
1199 1856
1201 1702
1202 1281
1203 1808
1212 1319
1216 1681
1217 1523
1225 1579
1225 1646
1227 1523
1228 1576
1228 1827
1231 1459
1236 1571
1237 1267
1237 1836
1238 1970
1239 1440
1239 1950
1240 1387
1241 1584
1242 1920
1245 1586
1247 1285
1247 1459
1247 1581
1247 1671
1250 1721
1250 1767
1250 1802
1252 1268
1252 1316
1252 1524
1254 1997
1255 1665
1262 1369
1262 1600
1262 1790
1262 1818
1267 1488
1267 1599
1267 1720
1272 1362
1272 1482
1272 1556
1272 1889
1274 1680
1276 1436
1276 1602
1278 1387
1286 1323
1286 1551
1287 1829
1289 1521
1291 1826
1291 1831
1293 1742
1295 1947
1296 1600
1296 1814
1297 1461
1297 1640
1298 1308
1300 1325
1306 1665
1310 1314
1310 1747
1312 1742
1316 1680
1317 1701
1317 1906
1318 1610
1318 1658
1319 1352
1322 1523
1322 1603
1322 1606
1333 1396
1333 1831
1335 1820
1336 1426
1336 1574
1339 1492
1339 1515
1342 1437
1344 1978
1352 1431
1352 1477
1352 1557
1352 1579
1352 1705
1352 1759
1352 1840
1352 1841
1358 1467
1366 1431
1366 1458
1370 1876
1371 1856
1375 1771
1380 1603
1382 1677
1387 1439
1387 1629
1389 1876
1389 1920
1390 1836
1396 1773
1396 1879
1396 1880
1397 1946
1398 1827
1399 1717
1400 1881
1402 1772
1402 1797
1402 1912
1402 1923
1402 1924
1405 1680
1407 1736
1418 1579
1420 1841
1421 1718
1422 1766
1424 1826
1426 1478
1426 1600
1426 1807
1427 1502
1427 1735
1430 1501
1431 1871
1436 1467
1440 1665
1446 1484
1446 1968
1449 1927
1452 1545
1452 1633
1453 1861
1455 1462
1456 1690
1456 1875
1458 1906
1460 1826
1462 1552
1463 1844
1465 1538
1466 1508
1466 1811
1467 1648
1470 1502
1470 1571
1470 1717
1473 1591
1473 1974
1475 1841
1475 1934
1475 1977
1485 1881
1493 1521
1496 1558
1496 1612
1496 1796
1500 1859
1501 1588
1501 1994
1502 1601
1502 1852
1502 1855
1506 1582
1513 1963
1516 1827
1521 1679
1522 1946
1523 1604
1523 1665
1524 1608
1525 1653
1537 1797
1537 1858
1540 1729
1541 1579
1547 1745
1552 1782
1553 1618
1557 1742
1569 1582
1579 1605
1579 1782
1579 1957
1579 1981
1589 1666
1589 1735
1592 1747
1603 1937
1603 1975
1606 1734
1608 1935
1611 1920
1611 1963
1613 1867
1615 1778
1615 1959
1618 1861
1622 1813
1623 1641
1629 1694
1630 1665
1630 1940
1635 1838
1644 1828
1646 1983
1651 1931
1655 1766
1663 1768
1663 1959
1664 1751
1665 1927
1675 1713
1676 1885
1677 1703
1679 1766
1680 1753
1680 1897
1687 1876
1694 1989
1697 1801
1697 1939
1697 1961
1701 1735
1704 1893
1704 1916
1713 1924
1713 1931
1716 1927
1718 1763
1724 1901
1725 1834
1728 1901
1737 1742
1742 1806
1745 1989
1745 1999
1749 1828
1761 1885
1766 1840
1766 1981
1771 1910
1779 1787
1794 1963
1799 1953
1800 1831
1803 1881
1804 1885
1825 1838
1843 1901
1860 1872
1862 1947
1881 1972
1946 1948
