0 5
0 13
0 14
0 17
0 34
0 35
0 36
0 42
0 46
0 51
0 61
0 65
0 67
0 69
0 71
0 83
0 84
1 14
1 36
1 182
1 364
1 373
1 374
1 388
1 395
1 399
1 401
1 402
1 404
1 407
1 416
1 417
1 418
1 422
1 423
1 428
1 429
1 431
1 438
2 99
2 342
2 373
2 417
2 446
2 447
2 454
2 457
2 458
2 460
2 461
2 463
2 467
2 468
2 470
2 471
2 476
2 477
2 483
2 486
2 491
2 495
2 496
2 499
3 98
3 199
3 388
3 446
3 457
3 460
3 503
3 509
3 516
3 517
3 519
3 520
3 524
3 525
3 526
3 533
3 540
3 542
3 546
3 552
3 557
3 562
3 569
3 573
3 574
3 579
3 583
3 595
3 605
4 102
4 119
4 299
4 418
4 509
4 785
4 836
4 848
4 861
4 868
4 869
4 872
4 875
5 13
5 14
5 34
5 51
5 86
5 90
5 91
5 102
5 114
5 144
5 161
5 179
5 181
5 255
5 262
5 295
5 299
5 307
5 312
5 355
5 364
5 366
5 368
5 395
5 401
5 431
5 451
5 496
5 504
5 509
5 521
5 526
5 595
5 626
5 656
5 699
5 702
5 705
5 710
5 746
5 748
5 769
5 788
5 815
5 817
5 875
5 881
5 882
5 883
5 884
5 885
5 886
5 887
5 888
5 889
5 890
5 891
5 892
5 893
5 894
5 895
5 896
5 897
5 898
5 899
5 900
5 901
5 902
5 903
5 904
5 905
5 906
5 907
5 908
5 909
6 17
6 143
6 399
6 491
6 503
6 509
6 815
6 908
6 1056
6 1058
6 1059
6 1061
6 1063
6 1064
6 1065
6 1068
6 1069
6 1070
6 1077
6 1081
6 1089
7 182
7 312
7 395
7 447
7 520
7 525
7 605
7 616
7 720
7 881
7 883
7 904
7 1058
7 1110
7 1142
7 1146
7 1149
7 1150
7 1152
7 1153
7 1159
7 1160
7 1164
7 1168
8 364
8 616
8 626
8 630
8 1058
8 1192
8 1198
8 1203
8 1207
8 1209
9 17
9 1059
9 1327
9 1413
10 1068
10 1119
10 1153
10 1434
10 1435
11 143
11 1218
12 65
12 299
12 364
12 463
12 509
12 781
12 1582
13 90
13 184
13 368
13 450
13 814
13 1353
13 1414
13 1585
13 1586
13 1587
13 1588
14 244
14 301
14 313
14 504
14 706
14 757
14 1017
14 1022
14 1093
14 1139
14 1453
14 1612
14 1613
14 1614
15 224
15 467
15 644
15 803
15 1198
15 1203
15 1310
15 1402
15 1668
15 1669
16 374
16 524
16 1248
17 33
17 297
17 328
17 363
17 491
17 519
17 520
17 707
17 747
17 929
17 1006
17 1012
17 1153
17 1560
17 1691
17 1692
17 1693
18 99
18 299
18 886
18 1008
18 1081
18 1160
18 1643
18 1694
18 1696
19 286
19 891
20 652
20 1438
20 1553
20 1618
21 284
22 936
22 1435
22 1475
23 98
23 1218
23 1438
24 616
24 707
24 901
24 1061
24 1663
25 282
25 807
25 1142
25 1231
26 1181
27 618
27 1479
28 404
28 1068
28 1531
28 1773
29 1149
29 1230
29 1476
30 373
30 888
30 904
30 1828
31 1482
32 1948
33 1475
34 86
34 214
34 303
34 511
34 979
34 1125
34 1183
34 1363
34 1399
34 1438
34 1526
34 1700
34 1864
35 141
35 300
35 882
35 1055
35 1423
36 145
36 177
36 571
36 855
36 882
36 1037
36 1345
36 1907
37 1961
38 1860
39 457
39 1081
39 1216
41 1473
42 141
42 251
42 295
42 429
42 581
42 817
42 912
42 1457
42 1619
42 1744
42 1876
42 1942
43 1373
43 1774
44 1059
44 1110
44 1474
45 225
45 1302
46 180
46 460
46 642
46 911
46 1409
46 1472
46 1493
46 1620
46 1924
48 1178
49 1702
51 53
51 335
51 620
51 632
51 709
51 1334
51 1972
52 986
52 1304
53 1659
54 1105
56 1119
56 1971
57 281
57 626
58 705
58 892
59 1595
61 296
61 308
61 653
61 882
61 1665
61 1684
61 1692
62 477
62 574
62 1738
65 504
65 1002
65 1097
65 1098
65 1986
67 111
67 249
67 303
67 790
67 1706
69 450
69 626
69 895
69 1195
69 1634
69 1781
71 91
71 115
71 124
71 516
71 960
71 1723
72 1842
73 894
76 519
76 1308
76 1518
78 992
79 675
79 969
80 1150
83 91
83 615
83 629
83 912
84 446
84 684
84 696
84 977
87 557
88 1186
90 98
90 99
90 102
90 109
90 113
90 114
90 119
90 125
90 127
90 139
91 127
91 157
91 332
91 364
91 454
91 457
91 503
91 516
91 525
91 540
91 612
91 616
91 618
91 626
91 630
91 633
91 643
91 644
91 651
91 652
91 656
91 662
91 666
91 675
91 676
91 678
91 682
91 693
92 199
92 417
92 446
92 790
92 798
92 802
92 803
92 807
93 139
93 255
93 299
93 1262
93 1265
94 1326
94 1450
95 1017
96 542
96 693
96 900
96 1107
96 1246
96 1618
96 1619
97 281
97 374
97 1618
97 1793
98 199
98 203
98 299
98 323
98 325
98 1037
98 1219
98 1449
98 1511
98 1645
98 1648
98 1654
98 1870
98 1871
98 1872
99 174
99 299
99 548
99 639
99 837
99 1068
99 1104
99 1265
99 1406
99 1598
99 1717
100 1565
100 1773
102 141
102 408
102 409
102 1031
102 1092
102 1196
102 1741
103 903
103 1103
103 1218
103 1713
104 161
104 612
104 1006
105 491
105 902
106 143
106 407
106 1582
107 1223
109 257
109 308
109 370
109 504
109 551
109 579
109 869
109 969
109 1063
109 1268
109 1524
109 1719
109 1966
110 236
110 626
110 1224
110 1251
111 517
111 1905
112 921
112 1242
113 279
113 369
113 380
113 487
113 563
113 1397
113 1425
113 1665
113 1839
113 1928
114 303
114 555
114 1094
114 1772
115 891
115 1618
116 1146
116 1209
117 1730
118 364
118 509
118 1531
119 180
119 323
119 1193
120 1842
121 519
121 886
121 892
123 798
124 826
124 1232
125 181
125 612
125 899
125 1507
125 1521
125 1544
125 1997
127 149
127 520
127 1086
127 1196
128 1150
128 1911
129 1312
131 1955
132 1227
132 1618
135 1713
138 491
139 152
139 914
139 1210
141 143
141 150
141 157
141 158
141 161
141 174
141 175
142 1105
142 1152
142 1178
142 1184
142 1358
142 1468
143 181
143 284
143 295
143 368
143 369
143 370
143 378
143 380
143 445
143 449
143 463
143 466
143 564
143 615
143 618
143 621
143 705
143 720
143 817
143 1023
143 1077
143 1091
143 1118
143 1164
143 1212
143 1322
143 1434
143 1473
143 1474
143 1475
143 1476
143 1477
143 1478
143 1479
143 1480
143 1481
143 1482
143 1483
144 431
144 699
145 373
145 428
145 461
145 557
145 612
145 618
145 682
145 821
145 986
145 1192
145 1221
145 1226
145 1229
145 1332
145 1524
145 1526
145 1527
145 1531
145 1533
146 467
146 905
146 921
146 1025
146 1286
146 1303
146 1560
146 1565
147 458
147 612
147 1107
148 524
148 1482
149 402
149 815
149 888
149 1728
150 178
150 191
150 257
150 367
150 371
150 635
150 753
150 1193
150 1352
150 1373
150 1507
150 1552
150 1779
150 1780
151 240
151 299
151 395
151 517
151 992
151 1304
151 1429
152 388
152 495
152 503
152 643
152 935
152 992
152 1065
152 1856
154 1224
155 454
155 1216
156 284
157 753
157 1067
157 1451
157 1555
157 1806
157 1927
158 181
158 511
158 616
158 704
158 1567
159 517
159 861
160 524
160 868
160 908
160 1056
161 171
161 725
161 856
161 1010
161 1695
161 1765
162 986
162 1483
164 1607
165 1497
166 175
166 644
166 882
168 1805
169 1223
169 1239
173 533
174 367
174 641
174 1193
174 1937
175 299
175 459
175 838
177 182
177 199
177 217
177 224
177 225
177 236
177 240
177 247
177 252
177 255
177 262
177 265
177 281
177 282
177 284
177 286
178 225
178 364
178 751
178 753
178 759
178 769
178 781
178 785
179 299
179 325
179 422
179 516
179 583
179 815
179 821
179 826
180 217
180 262
180 363
180 503
180 519
180 892
180 912
180 914
180 918
180 921
180 929
180 933
180 935
180 936
180 941
180 943
181 364
181 438
181 753
181 790
181 836
181 929
181 986
181 1012
181 1013
181 1017
181 1025
181 1034
182 195
182 364
182 373
182 499
182 503
182 519
182 527
182 712
182 718
182 839
182 851
182 856
182 998
182 1022
182 1119
182 1302
182 1303
182 1304
182 1305
182 1306
182 1307
182 1308
182 1309
182 1310
182 1311
182 1312
182 1313
182 1314
182 1315
182 1316
183 1192
183 1347
183 1349
184 364
184 807
184 1181
184 1397
184 1426
184 1429
185 836
185 881
185 921
185 1302
185 1457
186 907
186 912
186 1302
186 1497
187 979
187 1186
187 1245
187 1251
187 1304
187 1502
187 1504
189 557
189 573
189 903
189 1302
189 1311
189 1368
189 1474
189 1547
190 881
191 454
192 255
192 307
192 342
192 751
192 1107
192 1192
192 1240
192 1313
192 1595
193 516
193 525
193 699
193 1164
193 1207
193 1397
193 1457
193 1483
194 422
194 542
194 1658
194 1659
195 374
195 447
195 583
195 1089
196 1434
197 265
197 626
197 1281
197 1306
198 882
198 918
198 1730
199 201
199 296
199 302
199 1171
199 1697
199 1750
200 418
201 612
201 836
202 1769
203 364
203 526
203 1005
203 1056
203 1326
204 447
204 516
204 883
204 1614
204 1627
205 633
205 737
205 751
205 881
205 914
205 971
205 1096
205 1349
205 1813
206 1224
207 1146
207 1774
207 1828
209 574
209 890
209 905
209 1475
210 282
210 1064
210 1173
211 1239
211 1864
212 1566
212 1786
212 1887
213 1198
214 374
215 286
215 618
215 882
216 1064
216 1653
217 220
217 236
217 299
217 788
217 851
217 943
217 969
217 1323
217 1504
217 1559
217 1562
217 1568
217 1679
217 1725
218 1127
219 707
220 652
220 1249
220 1450
220 1786
222 1327
222 1402
222 1856
223 678
223 1216
224 297
224 349
224 705
224 1343
225 370
225 532
225 705
225 709
225 1720
225 1941
226 579
226 894
226 1121
226 1310
226 1426
226 1658
228 483
228 918
229 943
231 1737
233 516
233 1951
236 548
236 967
237 486
237 1457
237 1502
237 1730
237 1774
238 872
238 1069
238 1730
240 299
240 328
240 631
243 703
243 1107
244 707
244 1803
244 1813
244 1826
245 460
245 476
245 1477
246 1948
247 886
247 1014
247 1366
247 1398
249 1216
249 1560
250 265
250 477
251 918
252 323
252 510
252 559
252 851
252 1969
253 986
253 1168
253 1497
254 1702
255 594
255 1521
255 1596
257 918
257 1860
260 912
260 1130
260 1828
261 1326
262 628
262 1515
262 1604
265 323
265 710
265 1884
266 1619
268 699
269 898
270 573
270 881
273 1363
273 1771
276 889
276 1358
277 1610
277 1669
281 616
281 1512
282 612
282 1676
283 1217
283 1582
284 1353
284 1716
285 1209
286 370
286 388
291 1237
294 826
295 299
295 307
295 312
295 316
295 323
295 325
295 332
295 340
295 342
295 344
295 355
295 363
296 299
296 446
296 470
296 503
296 699
296 703
296 705
296 707
296 719
296 720
296 729
296 737
296 745
297 401
297 470
297 579
297 618
297 894
297 969
297 971
297 979
297 981
297 985
298 460
298 883
298 912
298 918
298 986
298 992
298 1005
298 1006
298 1008
299 301
299 330
299 418
299 447
299 477
299 495
299 524
299 546
299 641
299 676
299 710
299 719
299 748
299 759
299 895
299 896
299 971
299 986
299 1010
299 1107
299 1152
299 1216
299 1217
299 1218
299 1219
299 1220
299 1221
299 1222
299 1223
299 1224
299 1225
299 1226
299 1227
299 1228
299 1229
299 1230
299 1231
299 1232
299 1233
299 1234
300 935
300 1012
300 1230
300 1305
300 1391
300 1392
301 826
301 1397
301 1399
301 1402
301 1407
302 1476
302 1518
303 325
303 374
303 894
303 1012
303 1332
303 1553
304 1643
305 1189
305 1653
306 612
306 1223
306 1702
306 1704
307 315
307 456
307 615
307 729
307 785
307 813
307 921
307 1025
307 1055
307 1070
307 1193
307 1212
307 1262
307 1500
307 1511
307 1552
307 1621
307 1679
307 1680
307 1702
307 1717
307 1718
308 1056
308 1173
308 1192
308 1614
308 1793
310 651
311 476
312 329
312 619
312 942
312 1010
312 1356
312 1425
312 1912
313 458
313 616
313 675
313 759
314 826
315 626
315 1468
315 1502
316 368
316 462
316 512
316 624
316 836
316 1094
316 1104
316 1754
316 1939
317 902
319 1126
319 1308
319 1310
319 1526
319 1735
320 1198
322 520
322 1013
322 1096
323 360
323 387
323 388
323 483
323 644
323 682
323 722
323 763
323 1272
323 1354
323 1592
323 1618
323 1798
324 1302
324 1913
325 331
325 635
325 793
325 1293
325 1331
325 1589
327 666
327 912
327 1101
327 1477
328 463
328 1098
329 404
329 1221
330 883
330 1126
330 1439
331 1107
331 1413
331 1623
332 437
332 519
332 1172
332 1268
332 1633
333 1034
334 1524
336 1413
336 1773
337 428
337 935
337 1900
339 1434
340 450
340 460
340 714
340 1437
341 676
342 837
342 886
343 1249
344 366
344 503
344 534
344 1091
345 1220
348 533
348 1876
351 1058
351 1327
352 1803
352 1955
355 606
355 1020
355 1346
355 1758
356 1168
356 1234
359 1065
360 1218
360 1429
362 416
363 1011
363 1573
364 366
364 367
364 446
364 457
364 504
364 521
364 525
364 555
364 568
364 611
364 612
364 616
364 678
364 701
364 745
364 826
364 897
364 936
364 998
364 1010
364 1014
364 1056
364 1091
364 1092
364 1093
364 1094
364 1095
364 1096
364 1097
364 1098
364 1099
364 1100
364 1101
364 1102
364 1103
364 1104
364 1105
364 1106
365 447
365 520
365 540
365 882
365 1012
365 1025
365 1096
365 1107
365 1110
365 1115
365 1116
365 1118
365 1119
365 1121
365 1126
365 1127
365 1130
365 1133
366 471
366 912
366 986
366 1013
366 1099
366 1173
366 1178
366 1181
366 1183
366 1184
366 1186
366 1189
367 616
367 729
367 869
367 912
367 1025
367 1061
367 1220
367 1248
367 1249
367 1251
368 520
368 703
368 781
368 790
368 905
368 936
368 1110
368 1309
368 1327
368 1368
368 1373
369 526
370 496
370 798
370 868
370 1229
370 1241
370 1497
370 1607
371 1232
371 1610
372 1119
372 1618
373 384
373 486
373 504
373 754
373 872
373 925
373 1325
373 1389
373 1673
373 1773
373 1774
374 653
374 843
374 912
374 1393
374 1809
374 1810
375 884
376 1116
376 1553
377 737
377 891
377 1065
377 1570
378 886
378 929
378 941
378 1249
378 1473
379 612
379 889
379 905
379 1426
379 1730
380 458
380 540
380 1101
380 1842
381 1524
381 1787
382 546
382 1237
382 1358
383 753
383 1217
383 1234
384 643
384 1064
384 1184
384 1570
384 1735
384 1769
384 1780
387 454
387 1217
387 1402
388 439
388 611
388 668
388 737
388 968
388 1178
388 1327
388 1397
388 1778
389 516
389 836
389 914
390 693
390 1413
391 1434
393 1189
393 1239
394 399
395 760
395 893
395 1205
395 1411
396 881
397 651
397 1013
399 455
399 516
399 947
399 1197
399 1672
399 1688
399 1761
401 466
401 712
401 1384
401 1422
401 1549
401 1550
402 1192
402 1422
402 1513
402 1558
403 1780
404 592
404 705
404 1079
404 1525
404 1962
405 477
405 1152
405 1527
405 1728
405 1948
407 506
407 517
407 1673
407 1815
408 428
408 605
410 1526
411 676
411 1251
412 1232
413 1805
413 1904
414 1397
414 1913
415 446
415 595
416 645
416 799
416 1004
416 1303
416 1417
416 1420
416 1697
417 446
417 1095
417 1736
418 718
418 1939
419 1904
422 836
422 1394
422 1809
423 504
423 525
423 639
423 1029
424 1059
428 1192
429 611
429 1031
429 1328
429 1845
431 990
431 1092
431 1858
432 807
436 579
436 1217
436 1246
436 1863
437 1504
438 492
438 749
438 790
439 1119
441 1064
442 666
442 918
442 1232
443 446
443 1306
444 1077
444 1127
445 882
445 1316
445 1429
446 484
446 532
446 577
446 619
446 621
446 624
446 651
446 711
446 754
446 1081
446 1095
446 1322
446 1566
446 1567
446 1568
446 1569
446 1570
447 514
447 706
447 841
447 1195
447 1199
447 1207
447 1700
447 1701
448 612
448 678
449 579
449 887
449 1222
449 1571
450 573
450 643
450 1229
450 1786
450 1787
451 491
451 705
451 719
451 883
451 906
451 1099
451 1311
451 1618
451 1739
452 468
452 890
452 894
452 1233
452 1623
452 1658
452 1859
453 1627
453 1730
454 503
454 507
454 776
454 1628
454 1755
455 1228
455 1373
456 1623
457 462
457 527
457 693
457 968
457 1110
457 1116
457 1150
457 1392
457 1643
457 1654
457 1798
458 705
458 1076
458 1672
458 1792
458 1922
458 1940
460 612
460 706
460 947
460 1064
460 1113
460 1256
460 1450
460 1900
461 504
461 582
461 705
461 835
461 1908
462 471
462 524
463 523
463 1357
463 1862
464 872
465 886
465 1226
465 1309
466 542
466 1198
467 520
467 871
467 1576
467 1590
467 1665
467 1873
468 616
468 983
468 987
468 1135
468 1187
468 1590
468 1661
468 1848
468 1942
470 544
470 616
470 1532
470 1700
470 1743
470 1984
471 517
471 576
471 1091
471 1846
474 1435
475 562
476 1107
476 1487
477 582
477 1459
477 1569
478 1310
479 699
479 1249
480 1299
483 545
483 1175
483 1578
483 1592
484 1241
486 559
486 1352
487 1012
487 1618
487 1718
491 1957
495 688
495 1605
495 1858
496 1498
496 1748
496 1760
497 1826
498 1668
499 582
499 1045
499 1398
501 1070
503 517
503 552
503 703
503 836
503 914
503 1060
503 1061
503 1181
503 1196
503 1235
503 1236
503 1237
503 1238
503 1239
503 1240
503 1241
503 1242
503 1243
503 1244
503 1245
503 1246
504 517
504 703
504 745
504 881
504 914
504 1153
504 1222
504 1281
504 1284
505 699
505 751
505 887
505 904
505 1220
505 1265
505 1284
505 1286
505 1299
506 888
506 1281
507 900
507 1063
508 890
508 1218
508 1358
509 669
509 993
509 1135
509 1510
509 1598
510 1560
511 612
511 1059
511 1069
511 1504
511 1632
512 1118
512 1627
513 707
513 881
513 1302
514 887
514 1475
515 1063
515 1286
516 539
516 751
516 782
516 886
516 1139
516 1141
516 1168
516 1432
517 540
517 611
517 792
517 821
517 1125
517 1332
517 1337
517 1391
517 1522
517 1768
517 1802
517 1837
517 1838
518 1368
519 1247
519 1358
519 1624
519 1653
519 1657
519 1858
519 1859
519 1860
520 541
520 633
520 848
520 1092
520 1137
520 1146
520 1203
520 1251
520 1342
520 1349
520 1590
520 1600
520 1681
520 1852
520 1867
521 644
521 1223
521 1347
521 1606
522 703
522 1876
524 913
524 1049
524 1361
524 1580
524 1775
524 1889
525 527
525 529
525 539
525 802
525 1129
525 1205
525 1214
525 1506
526 679
526 840
526 990
526 1559
527 869
527 1063
529 552
529 1239
529 1560
530 573
530 1058
530 1065
530 1399
530 1407
531 901
533 613
533 837
533 882
533 1139
533 1605
533 1881
534 719
534 929
534 1070
535 705
535 1473
536 1056
536 1668
538 546
538 1704
540 1692
540 1932
541 798
541 1061
542 698
542 836
542 932
542 1066
542 1588
542 1809
543 992
543 1013
543 1242
543 1553
544 552
544 969
544 1203
545 630
545 815
545 1368
545 1504
545 1769
546 786
546 791
546 1962
547 1077
547 1231
547 1913
548 912
548 971
549 678
550 633
550 892
550 1306
550 1392
550 1861
551 969
552 749
552 795
552 1625
553 1368
553 1391
554 1771
557 558
557 753
557 838
557 1543
557 1752
560 1241
562 635
562 705
562 1111
562 1247
562 1807
562 1979
563 1842
564 759
565 1164
565 1233
565 1830
566 914
566 1242
568 1230
568 1326
569 705
569 1032
569 1117
569 1255
569 1408
569 1522
569 1825
569 1831
569 1857
570 769
571 633
571 1871
573 836
573 1294
573 1505
573 1762
574 705
574 763
574 1038
574 1539
575 719
575 1618
575 1647
577 1240
578 1098
579 1733
580 616
580 1221
581 1308
583 748
583 836
586 1782
587 802
587 887
588 1302
588 1826
595 1431
595 1478
595 1845
596 1713
599 798
605 854
605 969
605 1009
611 612
611 651
611 769
611 882
611 1119
611 1149
611 1184
611 1303
611 1315
611 1326
611 1327
611 1329
611 1332
611 1337
612 622
612 781
612 985
612 1013
612 1112
612 1133
612 1159
612 1173
612 1189
612 1471
612 1632
612 1645
613 1363
613 1632
614 1237
614 1246
615 1407
615 1771
616 790
616 807
616 918
616 1059
616 1160
616 1263
616 1286
616 1387
616 1426
616 1606
616 1659
616 1704
616 1713
616 1826
616 1827
616 1828
616 1829
616 1830
617 909
618 697
618 1691
619 1118
620 890
621 1142
621 1694
622 1304
622 1864
623 1610
624 986
624 1728
625 1473
625 1626
626 942
626 1295
626 1299
626 1329
626 1429
626 1471
626 1695
626 1728
626 1768
626 1771
626 1807
626 1913
626 1950
626 1951
629 1227
630 1324
630 1334
630 1537
630 1618
630 1811
630 1822
631 1150
631 1773
633 853
633 1323
633 1513
633 1825
634 872
635 1614
636 785
636 933
636 1230
638 675
639 745
639 785
639 985
639 1728
640 888
641 881
641 1349
641 1911
642 1058
643 969
643 1500
643 1624
643 1976
644 668
644 814
644 1706
644 1908
645 719
645 1782
646 1481
646 1653
651 1944
652 677
652 735
652 953
652 969
652 1420
652 1725
652 1839
655 891
655 1069
656 1095
656 1354
656 1665
657 836
657 1860
657 1905
659 888
661 1150
662 911
662 1192
662 1403
662 1946
663 898
666 800
666 914
666 1141
666 1947
667 1302
668 1669
669 1481
672 921
675 969
675 1516
675 1836
676 1520
679 798
679 1951
681 1068
682 1520
682 1880
684 1226
684 1618
687 986
687 1160
689 1246
689 1504
693 768
696 889
696 1438
696 1439
697 790
697 898
698 1246
699 1289
699 1417
700 912
700 1115
700 1307
700 1524
701 985
701 1223
702 1221
702 1905
703 804
703 1250
703 1387
703 1665
703 1882
705 1075
705 1130
705 1192
705 1284
705 1389
705 1413
705 1562
705 1610
705 1658
705 1730
705 1848
705 1898
707 919
707 1073
707 1385
707 1508
707 1785
707 1903
709 1153
710 1316
710 1713
711 882
711 1248
712 1632
713 933
713 1582
714 1237
715 1363
715 1904
718 1648
719 1608
719 1870
720 1060
720 1147
720 1543
720 1964
722 1103
722 1965
725 1065
729 1177
729 1825
730 751
731 759
731 890
734 1887
737 946
741 1230
745 1790
746 909
746 1107
747 1571
748 914
748 1203
748 1233
748 1313
748 1337
749 908
749 1118
749 1160
749 1718
750 941
750 1913
751 927
751 937
751 1179
751 1698
753 911
753 1008
753 1144
753 1275
753 1303
753 1331
753 1451
753 1468
753 1782
754 1618
755 1146
755 1349
757 1659
757 1948
759 911
759 1021
759 1398
759 1932
759 1974
760 1607
762 1222
764 1329
765 790
765 1347
765 1955
766 981
766 1663
768 1391
769 837
769 1545
769 1641
775 1696
777 883
777 1081
777 1233
780 1402
781 1179
782 1329
787 1077
787 1121
787 1133
787 1240
787 1284
787 1476
787 1647
787 1648
788 803
788 936
788 1058
788 1225
789 1056
790 981
790 1089
790 1126
790 1502
790 1510
790 1549
790 1720
790 1863
790 1877
790 1908
792 1069
792 1102
792 1838
793 1347
793 1696
794 1265
794 1337
794 1859
795 1286
796 886
796 1017
796 1061
797 891
797 929
797 1105
797 1307
798 969
798 988
798 1758
798 1779
798 1988
799 1606
802 1010
802 1490
802 1832
802 1881
803 883
803 1710
803 1906
806 1223
807 1514
807 1829
807 1973
810 1227
813 836
813 1237
814 1068
814 1392
815 995
815 1010
815 1235
815 1270
815 1326
815 1531
815 1604
815 1613
815 1750
815 1887
815 1911
816 902
816 1098
817 884
817 969
817 1058
817 1399
819 888
819 1217
821 922
821 1598
821 1616
821 1914
821 1970
821 1998
822 1305
824 1221
826 1075
826 1727
826 1982
826 1992
828 1626
829 1240
829 1312
829 1329
830 1227
834 1614
835 1121
836 941
836 992
836 1092
836 1247
836 1334
836 1356
836 1497
836 1623
836 1624
836 1625
836 1626
836 1627
836 1628
838 900
838 1008
838 1303
838 1730
839 1101
840 1126
840 1226
841 1209
844 1286
845 1861
845 1900
848 857
848 952
848 1010
848 1086
848 1256
848 1352
848 1403
851 1805
851 1951
852 1220
854 889
854 1227
858 1089
861 883
861 1374
861 1449
868 883
868 1462
869 1094
871 992
873 1284
875 1644
875 1677
875 1734
875 1758
876 1227
876 1913
877 886
877 1308
881 1597
882 988
882 1069
882 1248
882 1356
882 1406
882 1435
882 1518
882 1657
882 1726
882 1891
883 1078
883 1104
883 1115
883 1139
883 1238
883 1296
883 1347
883 1369
883 1402
883 1500
883 1582
883 1694
883 1769
883 1813
883 1903
883 1904
883 1905
884 911
884 1097
884 1100
884 1171
884 1296
884 1380
884 1508
885 906
885 912
886 912
886 1186
886 1621
886 1647
886 1804
886 1862
886 1965
886 1968
887 1014
887 1295
887 1486
887 1980
888 1584
888 1984
889 899
889 925
889 1079
889 1172
890 1212
890 1444
890 1567
890 1812
890 1829
890 1918
891 1516
891 1601
891 1722
892 1301
893 1774
894 1568
894 1827
896 1527
897 1803
898 1513
898 1664
898 1715
898 1764
898 1850
899 1570
899 1813
900 1236
900 1800
901 1085
901 1318
901 1832
901 1999
902 1079
903 1423
903 1891
904 1741
906 970
906 1665
906 1910
907 964
907 1004
907 1244
908 1743
909 976
909 1113
910 1115
910 1313
910 1358
910 1363
911 979
912 1296
912 1414
912 1547
912 1597
912 1607
912 1696
912 1716
912 1735
912 1736
912 1737
912 1738
912 1739
913 1647
913 1786
914 1034
914 1065
914 1117
914 1196
914 1281
914 1487
914 1745
914 1809
914 1856
915 1262
915 1312
915 1595
918 1045
918 1142
918 1487
918 1779
918 1790
918 1955
919 1149
919 1861
921 1501
921 1507
921 1529
921 1537
922 1245
922 1787
924 1838
925 1643
929 1147
929 1378
929 1408
929 1672
929 1760
929 1763
929 1941
930 1099
930 1102
931 1780
931 1898
932 1694
932 1737
933 1037
933 1192
933 1763
934 1240
934 1610
934 1861
935 1303
935 1814
941 1541
941 1724
941 1891
942 1614
943 1322
943 1734
948 1610
952 1017
954 1262
960 1483
968 1900
969 1058
969 1184
969 1368
969 1571
969 1595
969 1669
969 1934
971 1018
971 1091
973 1229
973 1249
973 1813
979 1113
981 1018
981 1821
985 1615
986 995
986 1111
986 1407
986 1825
987 1248
987 1326
987 1713
988 1059
989 1207
989 1391
990 1005
990 1305
990 1329
991 1368
992 1884
993 1565
994 1118
996 1863
998 1737
1005 1304
1005 1590
1005 1866
1006 1791
1006 1915
1007 1566
1008 1148
1009 1826
1011 1474
1012 1409
1012 1817
1012 1835
1012 1901
1013 1113
1013 1121
1013 1249
1013 1318
1013 1612
1013 1884
1013 1906
1013 1971
1014 1439
1014 1911
1016 1793
1017 1067
1017 1914
1018 1186
1020 1304
1021 1397
1023 1183
1023 1769
1027 1306
1028 1101
1029 1475
1031 1439
1033 1439
1034 1270
1034 1389
1034 1988
1035 1226
1035 1971
1038 1130
1040 1306
1049 1056
1053 1780
1055 1173
1055 1234
1055 1299
1055 1713
1056 1078
1056 1175
1056 1236
1056 1367
1057 1861
1058 1565
1058 1576
1058 1680
1058 1793
1059 1552
1059 1558
1059 1705
1060 1105
1060 1181
1060 1308
1060 1399
1061 1433
1061 1444
1061 1678
1063 1454
1064 1320
1064 1834
1064 1886
1064 1922
1065 1292
1065 1401
1065 1470
1065 1743
1065 1979
1067 1313
1068 1811
1068 1831
1069 1505
1069 1899
1070 1247
1070 1417
1071 1302
1077 1488
1081 1513
1083 1358
1084 1310
1085 1241
1086 1474
1089 1144
1089 1351
1093 1738
1094 1102
1096 1389
1096 1459
1096 1855
1096 1896
1097 1397
1098 1198
1098 1439
1098 1465
1098 1527
1098 1592
1098 1716
1098 1786
1098 1968
1099 1354
1099 1950
1100 1871
1102 1447
1102 1964
1103 1243
1103 1487
1106 1223
1107 1125
1107 1135
1107 1193
1107 1663
1107 1664
1110 1297
1110 1352
1110 1499
1110 1512
1110 1956
1111 1307
1112 1231
1115 1129
1115 1498
1115 1536
1115 1822
1115 1976
1115 1994
1116 1673
1116 1764
1117 1566
1117 1864
1118 1556
1118 1850
1118 1989
1119 1190
1119 1263
1119 1364
1120 1133
1120 1159
1120 1307
1120 1397
1121 1957
1122 1473
1123 1647
1123 1730
1125 1595
1126 1563
1126 1690
1126 1714
1126 1794
1127 1213
1127 1304
1127 1367
1127 1456
1127 1525
1130 1765
1133 1453
1135 1778
1136 1224
1136 1245
1136 1308
1136 1864
1136 1898
1136 1900
1137 1566
1139 1468
1139 1477
1140 1142
1140 1337
1142 1255
1142 1274
1142 1684
1143 1718
1144 1228
1144 1911
1146 1320
1146 1341
1146 1370
1146 1459
1146 1966
1147 1702
1149 1618
1149 1654
1150 1389
1150 1487
1152 1624
1155 1626
1155 1627
1159 1403
1159 1837
1159 1862
1160 1369
1160 1480
1164 1599
1164 1953
1168 1297
1171 1239
1171 1315
1171 1696
1172 1397
1173 1267
1173 1269
1173 1745
1173 1787
1173 1820
1173 1867
1173 1881
1173 1896
1174 1434
1175 1965
1176 1308
1176 1547
1177 1239
1177 1304
1177 1315
1177 1863
1178 1257
1181 1835
1182 1482
1182 1502
1183 1346
1183 1514
1184 1667
1184 1722
1185 1773
1186 1585
1186 1902
1189 1797
1190 1299
1190 1859
1192 1802
1192 1803
1192 1804
1192 1805
1193 1305
1194 1668
1194 1728
1195 1659
1195 1793
1198 1408
1199 1739
1199 1856
1201 1702
1202 1281
1203 1808
1207 1631
1209 1333
1209 1618
1214 1566
1215 1265
1216 1681
1217 1523
1219 1904
1220 1261
1220 1731
1221 1580
1221 1914
1222 1744
1223 1555
1223 1938
1223 1956
1225 1579
1225 1646
1225 1726
1227 1523
1227 1734
1227 1890
1228 1576
1228 1712
1228 1827
1228 1982
1231 1459
1232 1634
1234 1960
1236 1571
1237 1267
1237 1548
1237 1779
1237 1836
1239 1440
1239 1926
1239 1950
1239 1967
1240 1387
1241 1325
1241 1460
1241 1480
1241 1584
1242 1585
1242 1920
1243 1524
1244 1738
1244 1830
1245 1586
1252 1316
1252 1524
1259 1619
1260 1304
1260 1965
1261 1476
1262 1369
1262 1600
1262 1790
1262 1818
1265 1322
1269 1450
1272 1482
1273 1307
1275 1307
1278 1864
1280 1504
1286 1323
1286 1551
1287 1315
1291 1669
1291 1826
1292 1304
1298 1308
1299 1758
1303 1351
1303 1371
1303 1500
1303 1533
1303 1661
1303 1877
1303 1961
1303 1967
1304 1314
1304 1512
1304 1872
1305 1763
1306 1459
1306 1665
1307 1381
1309 1488
1309 1903
1310 1314
1310 1747
1311 1459
1311 1534
1311 1634
1311 1654
1311 1719
1312 1742
1316 1680
1318 1610
1318 1658
1322 1435
1322 1606
1323 1570
1323 1830
1324 1479
1325 1778
1326 1640
1326 1954
1326 1964
1327 1983
1329 1558
1332 1820
1332 1932
1332 1936
1333 1481
1336 1426
1342 1898
1343 1524
1345 1730
1349 1801
1352 1477
1353 1439
1358 1467
1367 1623
1367 1780
1370 1876
1371 1856
1373 1779
1375 1771
1378 1643
1379 1531
1380 1439
1382 1951
1383 1450
1387 1439
1389 1876
1392 1580
1394 1565
1395 1623
1396 1773
1397 1591
1397 1602
1397 1842
1397 1946
1397 1948
1398 1566
1399 1587
1399 1628
1399 1717
1399 1810
1401 1607
1402 1772
1402 1797
1402 1912
1402 1923
1402 1924
1407 1736
1411 1778
1411 1805
1411 1863
1413 1652
1415 1547
1421 1718
1424 1826
1426 1478
1426 1600
1426 1807
1427 1502
1427 1610
1427 1735
1428 1623
1429 1894
1431 1871
1432 1965
1434 1970
1438 1598
1453 1861
1457 1590
1457 1642
1459 1648
1460 1826
1467 1648
1468 1509
1468 1925
1468 1949
1470 1502
1470 1571
1472 1805
1473 1591
1473 1974
1474 1602
1475 1841
1475 1934
1475 1977
1478 1971
1479 1688
1479 1764
1481 1617
1483 1762
1489 1607
1489 1971
1490 1623
1492 1504
1493 1566
1500 1859
1502 1601
1502 1852
1502 1855
1504 1708
1504 1799
1506 1582
1509 1626
1518 1748
1518 1790
1524 1608
1524 1649
1524 1980
1525 1653
1526 1721
1527 1790
1529 1887
1533 1695
1533 1812
1533 1922
1547 1693
1547 1745
1548 1904
1552 1782
1553 1618
1566 1933
1569 1582
1579 1782
1589 1735
1598 1607
1606 1734
1607 1960
1609 1626
1610 1886
1615 1778
1617 1647
1618 1668
1618 1758
1618 1861
1619 1770
1619 1964
1622 1813
1623 1641
1623 1956
1624 1905
1629 1694
1632 1764
1632 1843
1635 1838
1644 1828
1648 1731
1648 1966
1658 1750
1663 1768
1663 1959
1668 1817
1670 1730
1675 1713
1687 1876
1693 1948
1694 1989
1696 1844
1696 1850
1697 1961
1701 1735
1701 1739
1704 1893
1704 1916
1707 1887
1712 1738
1713 1924
1713 1931
1718 1763
1728 1901
1737 1742
1737 1991
1739 1804
1749 1828
1771 1910
1773 1919
1779 1787
1779 1898
1793 1835
1797 1955
1797 1961
1803 1881
1805 1850
1825 1838
1830 1925
1852 1961
1860 1872
1871 1873
1913 1987
1943 1948
1946 1948
1948 1970
1951 1990
