0 13
0 20
0 28
0 37
0 40
0 50
0 51
0 62
0 65
0 67
0 71
0 75
1 90
1 91
1 134
1 204
1 371
1 373
1 375
1 385
1 392
1 403
1 404
1 407
1 420
1 422
1 423
1 433
1 439
1 440
1 444
2 90
2 91
2 99
2 122
2 266
2 371
2 373
2 385
2 454
2 456
2 457
2 461
2 468
2 470
2 471
2 473
2 474
2 478
2 483
2 485
2 486
2 488
2 502
3 91
3 98
3 197
3 199
3 457
3 504
3 505
3 514
3 532
3 533
3 538
3 540
3 542
3 546
3 551
3 555
3 557
3 561
3 565
3 568
3 570
3 580
3 585
3 587
3 588
3 591
3 593
3 596
3 601
4 62
4 91
4 102
4 103
4 119
4 193
4 601
4 613
4 631
4 715
4 747
4 785
4 840
4 847
4 854
4 859
4 869
4 873
4 878
5 13
5 51
5 90
5 91
5 102
5 262
5 312
5 504
5 656
5 895
5 904
5 906
6 90
6 100
6 211
6 361
6 505
6 623
6 649
6 659
6 663
6 774
6 1037
6 1056
6 1059
6 1073
6 1080
7 20
7 103
7 312
7 334
7 616
7 617
7 904
7 1091
7 1110
7 1138
7 1146
7 1149
7 1153
7 1162
7 1169
8 100
8 353
8 456
8 474
8 505
8 613
8 616
8 617
8 630
8 706
8 1200
8 1207
8 1209
8 1211
8 1215
9 1059
9 1278
9 1386
9 1414
10 392
10 485
10 617
10 623
10 1153
10 1348
10 1433
11 747
11 1218
12 65
12 123
12 352
12 385
12 440
12 551
12 792
12 1581
12 1582
13 90
13 184
13 368
13 450
13 814
13 1353
13 1414
13 1585
13 1586
13 1587
13 1588
14 504
14 706
14 757
14 1612
14 1613
15 561
15 635
15 644
15 1317
15 1669
16 111
16 505
16 628
16 1215
16 1686
17 747
17 1153
18 28
18 99
18 658
18 701
18 948
18 1317
18 1344
18 1421
18 1449
18 1643
20 151
20 297
20 354
20 505
20 652
20 697
20 974
20 1255
20 1438
20 1553
20 1618
20 1686
20 1772
21 117
21 239
22 1475
23 98
23 197
23 1218
23 1438
24 75
24 616
24 631
25 664
25 1004
25 1123
26 1295
26 1872
26 1893
27 193
27 618
28 195
28 404
28 408
28 615
28 639
28 814
28 1045
28 1048
28 1068
28 1084
28 1255
28 1324
28 1423
28 1433
28 1531
28 1602
28 1727
28 1773
28 1893
28 1916
29 591
29 1149
30 373
30 904
30 958
30 1828
31 261
33 1475
34 979
34 1438
36 1037
37 91
37 302
37 414
37 439
37 521
37 958
37 1169
37 1341
37 1431
37 1464
37 1465
37 1574
37 1577
37 1834
37 1961
39 40
39 457
40 133
40 152
40 504
40 911
40 1631
40 1710
40 1953
40 1962
40 1972
42 251
42 1457
42 1876
43 779
43 1774
44 1059
44 1110
44 1474
46 642
48 734
49 1522
49 1823
50 52
50 193
50 297
50 548
50 1095
51 53
51 335
51 620
51 632
51 709
51 1334
51 1972
52 580
55 688
58 663
59 1270
60 1219
61 308
61 653
62 477
62 574
62 1291
62 1554
62 1738
62 1742
63 239
63 478
63 1795
64 1019
64 1271
65 504
65 1002
65 1097
65 1098
65 1986
66 587
66 1117
67 111
67 249
67 303
67 790
67 1706
68 1561
69 895
70 622
70 1123
71 91
71 115
71 124
71 516
71 960
71 1723
72 580
72 1211
74 647
74 1272
75 701
75 937
75 1631
75 1655
77 339
77 829
79 675
81 948
81 978
83 91
83 615
83 629
84 684
87 557
88 1186
89 619
89 1823
89 1943
90 91
90 92
90 93
90 94
90 95
90 96
90 97
90 98
90 99
90 100
90 101
90 102
90 103
90 104
90 105
90 106
90 107
90 108
90 109
90 110
90 111
90 112
90 113
90 114
90 115
90 116
90 117
90 118
90 119
90 120
90 121
90 122
90 123
90 124
90 125
90 126
90 127
90 128
90 129
90 130
90 131
90 132
90 133
90 134
90 135
90 136
90 137
90 138
90 139
90 140
91 127
91 129
91 130
91 132
91 136
91 148
91 157
91 177
91 178
91 179
91 189
91 193
91 194
91 197
91 204
91 287
91 296
91 297
91 298
91 308
91 332
91 364
91 454
91 457
91 474
91 478
91 485
91 503
91 504
91 505
91 507
91 515
91 516
91 525
91 540
91 543
91 551
91 555
91 565
91 570
91 601
91 611
91 612
91 613
91 614
91 615
91 616
91 617
91 618
91 619
91 620
91 621
91 622
91 623
91 624
91 625
91 626
91 627
91 628
91 629
91 630
91 631
91 632
91 633
91 634
91 635
91 636
91 637
91 638
91 639
91 640
91 641
91 642
91 643
91 644
91 645
91 646
91 647
91 648
91 649
91 650
91 651
91 652
91 653
91 654
91 655
91 656
91 657
91 658
91 659
91 660
91 661
91 662
91 663
91 664
91 665
91 666
91 667
91 668
91 669
91 670
91 671
91 672
91 673
91 674
91 675
91 676
91 677
91 678
91 679
91 680
91 681
91 682
91 683
91 684
91 685
91 686
91 687
91 688
91 689
91 690
91 691
91 692
91 693
91 694
91 695
92 101
92 199
92 634
92 701
92 747
92 792
92 808
92 812
93 97
93 139
93 488
93 1257
93 1263
94 473
94 689
94 1449
95 504
96 542
96 687
96 758
96 878
96 1574
97 141
97 172
97 281
97 296
97 374
97 398
97 704
97 917
97 1360
97 1371
97 1467
97 1618
97 1793
98 199
98 203
98 299
98 323
98 325
98 1037
98 1219
98 1449
98 1511
98 1645
98 1648
98 1654
98 1870
98 1871
98 1872
99 174
99 299
99 548
99 639
99 837
99 1068
99 1104
99 1265
99 1406
99 1598
99 1717
100 222
100 375
100 396
100 452
100 800
100 835
100 1030
100 1314
100 1331
100 1346
100 1565
100 1693
100 1773
100 1877
100 1878
101 367
101 452
101 536
101 838
101 960
101 1620
101 1811
101 1815
101 1894
102 141
102 408
102 409
102 1031
102 1092
102 1196
102 1741
103 107
103 258
103 903
103 1103
103 1151
103 1172
103 1218
103 1390
103 1396
103 1465
103 1713
104 123
104 614
104 1030
104 1561
104 1585
105 177
105 491
105 638
105 902
105 913
105 915
105 1092
105 1519
105 1550
105 1840
106 143
106 159
106 184
106 198
106 407
106 568
106 847
106 851
106 917
106 944
106 1175
106 1289
106 1404
106 1536
106 1559
106 1581
106 1582
106 1646
106 1823
106 1946
107 504
107 1223
108 120
108 313
108 365
108 749
108 841
108 1360
109 257
109 308
109 504
109 551
109 869
110 308
110 1585
111 234
111 258
111 295
111 517
111 814
111 1113
111 1775
111 1839
111 1905
111 1944
112 655
113 279
113 369
113 380
113 487
113 563
113 1397
113 1425
113 1665
113 1839
113 1928
114 555
114 1094
116 409
116 511
116 734
116 779
116 814
116 1010
116 1146
116 1161
116 1209
116 1300
116 1559
116 1631
116 1753
116 1847
116 1854
117 179
117 756
117 1730
118 301
118 364
118 389
118 509
118 860
118 1531
118 1645
119 180
119 323
119 1193
120 504
121 519
121 863
121 886
121 892
121 973
121 1147
121 1351
121 1936
122 384
122 518
122 1722
122 1734
122 1756
122 1974
123 544
123 798
124 627
124 1232
125 181
125 612
125 899
125 1507
125 1521
125 1544
125 1997
126 474
126 701
126 1763
128 180
128 518
128 1150
128 1196
128 1661
128 1911
129 1128
131 226
131 318
131 513
131 1652
131 1955
133 1091
134 222
134 1322
134 1752
135 145
135 153
135 1174
135 1713
136 1388
137 233
137 295
137 942
137 1724
137 1729
138 491
138 606
138 787
138 974
138 1250
139 152
139 914
139 1210
140 701
140 1561
141 157
141 158
141 160
141 164
141 172
143 615
143 618
143 621
143 1091
143 1118
143 1474
143 1475
143 1483
144 538
144 636
144 854
144 1485
145 189
145 231
145 373
145 461
145 504
145 557
145 618
145 647
145 650
145 682
145 1094
145 1113
145 1117
145 1291
145 1294
145 1522
145 1535
146 653
146 1270
146 1282
146 1561
146 1564
146 1565
147 193
147 200
147 1549
148 613
148 1727
149 193
149 591
149 1091
149 1545
149 1728
150 257
150 371
150 635
151 240
151 334
151 505
151 686
151 873
151 939
151 970
151 1424
151 1535
151 1586
151 1798
152 631
152 643
152 654
152 715
152 1032
152 1339
153 189
154 1288
154 1767
155 454
155 1585
155 1916
157 753
157 1067
157 1451
157 1555
157 1806
157 1927
158 181
158 511
158 616
158 704
158 1567
159 1319
160 524
160 868
160 908
160 1056
160 1147
160 1401
162 944
162 1295
162 1483
162 1831
163 688
164 212
164 306
164 739
164 1235
164 1607
164 1625
164 1732
164 1882
164 1918
165 690
165 1639
166 644
166 1503
167 1269
169 1223
169 1239
172 173
172 748
172 1172
172 1809
173 533
174 641
174 1937
177 189
177 193
177 194
177 197
177 199
177 200
177 204
177 211
177 228
177 230
177 231
177 238
177 239
177 240
177 245
177 251
177 256
177 257
177 261
177 262
177 265
177 266
177 267
177 270
177 287
178 230
178 478
178 614
178 621
178 629
178 664
178 670
178 747
178 751
178 757
178 758
178 765
178 774
178 779
178 785
179 200
179 228
179 231
179 422
179 654
179 694
179 818
179 829
179 833
179 834
180 262
180 375
180 615
180 670
180 686
180 847
180 918
180 919
180 939
180 940
180 944
180 948
180 955
180 957
180 958
180 966
181 189
181 194
181 375
181 585
181 593
181 683
181 833
181 1019
181 1024
181 1030
181 1032
181 1037
181 1049
181 1051
182 373
182 1306
182 1311
182 1314
183 197
183 505
183 619
183 757
183 1344
183 1346
183 1348
184 1421
184 1424
184 1426
185 623
185 629
185 1456
185 1457
186 256
186 978
186 1285
186 1495
187 440
187 619
187 658
187 979
187 1186
187 1503
188 665
189 218
189 237
189 256
189 266
189 426
189 557
189 573
189 588
189 648
189 696
189 706
189 774
189 903
189 965
189 978
189 1001
189 1195
189 1279
189 1302
189 1311
189 1368
189 1370
189 1386
189 1474
189 1546
189 1547
189 1548
189 1549
189 1550
189 1551
190 1574
191 454
191 818
191 1290
192 614
192 628
192 677
192 716
192 751
192 833
192 1138
192 1386
193 296
193 339
193 403
193 449
193 507
193 516
193 525
193 543
193 699
193 740
193 816
193 833
193 849
193 951
193 1024
193 1164
193 1207
193 1215
193 1293
193 1369
193 1397
193 1457
193 1483
193 1513
193 1644
194 206
194 371
194 422
194 542
194 611
194 669
194 673
194 831
194 1167
194 1317
194 1469
194 1598
194 1639
194 1658
194 1659
195 504
195 615
196 1267
197 265
197 303
197 626
197 749
197 975
197 1182
197 1281
197 1306
197 1719
197 1720
198 352
198 918
198 1421
199 201
199 296
199 302
199 1171
199 1697
199 1750
200 295
200 418
200 464
200 747
202 840
202 1767
203 646
203 1056
204 302
204 444
204 447
204 516
204 657
204 883
204 919
204 1195
204 1355
204 1437
204 1614
204 1627
204 1680
205 633
205 751
205 971
205 1740
206 245
206 747
206 1024
206 1464
207 1146
207 1270
207 1414
207 1774
207 1828
209 667
209 1292
209 1475
209 1708
210 251
211 261
211 297
211 308
211 591
211 625
211 765
211 787
211 927
211 1032
211 1239
211 1421
211 1542
211 1612
211 1695
211 1864
212 1314
212 1566
213 353
214 646
214 779
215 618
216 659
218 685
218 1447
219 1954
220 403
220 1288
220 1404
220 1551
222 403
223 478
223 663
223 678
225 532
226 686
226 1426
226 1646
226 1658
227 308
227 338
227 1073
227 1390
227 1751
228 310
228 377
228 483
228 669
228 918
228 948
228 1004
228 1495
228 1740
228 1746
229 966
229 1798
230 915
230 1235
230 1250
230 1352
230 1401
230 1488
230 1851
231 1235
231 1644
231 1665
231 1737
231 1868
232 1269
232 1746
234 1794
237 486
237 677
237 1457
237 1774
238 295
238 747
238 872
238 1069
238 1398
238 1730
239 819
239 835
239 987
239 1291
239 1597
239 1617
240 299
240 328
240 631
241 706
241 1535
242 694
242 970
243 703
243 878
245 368
245 460
245 476
245 514
245 1036
245 1477
248 266
248 514
248 555
248 1128
249 1808
250 265
250 649
251 918
251 1011
256 708
256 1171
257 310
257 918
257 1124
257 1860
258 1291
259 624
259 701
259 1564
260 692
260 812
260 1828
261 1195
261 1326
262 628
262 1515
262 1604
263 1937
264 555
264 1872
265 323
265 710
265 1884
266 411
266 1619
266 1932
267 366
267 631
267 1202
267 1353
267 1889
269 613
269 1548
270 473
270 573
270 881
270 1199
271 948
271 1503
273 1771
276 680
277 840
277 1669
279 514
280 375
280 847
281 616
283 1582
285 1209
285 1751
287 315
287 1642
287 1671
287 1684
288 1285
293 615
293 1346
295 308
295 311
295 312
295 330
295 332
295 334
295 338
295 339
295 344
295 352
295 353
295 361
296 371
296 470
296 505
296 514
296 588
296 701
296 703
296 706
296 715
296 716
296 722
296 734
296 740
296 742
296 745
297 420
297 470
297 561
297 613
297 618
297 629
297 970
297 971
297 978
297 979
297 985
298 433
298 504
298 622
298 918
298 990
298 1001
298 1004
299 330
299 546
299 641
299 676
299 895
299 971
299 1218
299 1219
299 1220
299 1222
299 1223
299 1232
299 1233
300 502
300 504
300 624
300 1169
300 1291
300 1386
300 1388
300 1389
300 1390
300 1392
301 440
301 621
301 1271
301 1319
301 1404
301 1406
301 1407
302 1404
303 631
303 636
303 647
303 1282
303 1553
304 1001
304 1274
304 1639
304 1643
305 532
305 1656
306 532
306 1223
307 456
307 615
307 785
307 1717
308 370
308 380
308 383
308 385
308 502
308 506
308 538
308 660
308 671
308 715
308 762
308 789
308 806
308 829
308 878
308 910
308 915
308 972
308 1056
308 1093
308 1138
308 1173
308 1192
308 1236
308 1388
308 1456
308 1564
308 1614
308 1712
308 1790
308 1791
308 1792
308 1793
308 1794
308 1795
309 392
309 505
309 628
309 663
309 847
309 944
310 651
311 365
311 369
311 476
311 505
311 708
311 755
311 854
311 1040
311 1080
311 1366
311 1604
311 1605
311 1874
312 329
312 619
312 942
312 1010
312 1356
312 1425
312 1912
313 616
313 675
313 1727
314 1257
315 619
315 970
316 624
316 1094
316 1104
317 642
319 502
319 1301
319 1727
320 532
321 1686
323 483
323 644
323 682
323 722
323 1272
323 1798
324 658
325 635
327 666
327 1715
328 667
328 919
329 404
330 366
330 632
330 883
330 1015
330 1126
330 1266
330 1439
330 1583
331 1421
331 1536
332 437
332 519
332 1172
332 1268
332 1633
334 1453
334 1522
334 1524
334 1992
338 473
338 515
338 1260
338 1909
338 1964
339 450
339 849
339 1167
339 1434
341 614
341 676
341 1291
341 1348
344 366
344 503
344 534
344 1091
345 1220
345 1794
346 1740
348 533
348 665
348 1876
350 1295
350 1421
352 721
352 747
352 1803
352 1955
353 436
353 504
353 744
353 1956
354 565
354 646
355 1346
360 1218
361 504
361 924
361 1880
364 457
364 504
364 555
364 568
364 616
364 678
364 701
364 745
364 1056
364 1091
364 1094
364 1104
365 540
365 555
365 650
365 722
365 1110
365 1113
365 1116
365 1117
365 1118
365 1123
365 1128
366 471
366 614
366 624
366 627
366 632
366 765
366 1182
366 1186
367 614
367 616
367 694
367 869
367 1220
368 565
368 637
368 641
368 703
368 944
368 1110
368 1269
368 1288
368 1368
368 1371
369 504
369 680
369 681
369 1285
369 1317
369 1536
370 674
370 895
370 1346
370 1371
370 1485
371 507
371 607
371 1010
371 1232
371 1447
371 1610
371 1611
372 1257
372 1763
373 384
373 486
373 504
373 754
373 872
373 925
373 1325
373 1389
373 1673
373 1773
373 1774
374 653
375 513
375 532
375 884
375 1055
375 1629
375 1700
375 1815
375 1816
376 632
376 634
376 683
376 818
376 1116
376 1553
376 1646
377 627
377 1182
377 1522
378 474
378 661
378 1200
378 1276
378 1831
379 808
379 1426
380 540
380 555
380 636
380 1344
381 1686
381 1746
382 546
382 840
382 1285
382 1662
383 742
384 433
384 643
384 758
384 919
384 1091
384 1274
384 1464
385 534
385 823
385 927
385 1194
385 1736
385 1772
385 1922
387 454
387 1893
388 439
389 617
391 621
392 504
392 838
392 1370
393 1239
394 1138
394 1708
396 1536
397 651
397 1359
398 978
400 640
401 1549
403 507
403 660
403 1147
403 1780
404 592
404 705
404 1079
404 1525
404 1962
405 808
405 1728
406 1954
407 506
407 517
407 1673
407 1815
409 1301
410 1271
411 676
412 1232
414 1503
416 1004
419 622
419 1414
420 453
420 706
420 1135
420 1594
422 836
422 1394
422 1809
423 504
423 525
423 639
423 1029
424 1059
425 1581
426 637
426 970
430 1404
431 990
432 655
433 613
433 1322
434 478
437 1943
439 1119
439 1136
440 854
441 640
442 666
442 918
442 948
442 1232
443 1306
444 708
444 1077
444 1127
446 532
446 619
446 621
446 624
446 651
446 1566
447 514
447 706
447 1207
448 485
448 640
448 654
448 678
448 1586
448 1740
448 1746
449 622
449 623
449 1222
449 1571
449 1612
449 1646
450 456
450 643
450 958
450 970
450 1404
451 635
451 906
451 978
451 1288
451 1311
451 1522
451 1564
451 1586
451 1613
451 1847
452 468
452 1233
452 1586
452 1658
452 1715
453 504
453 649
453 1319
453 1627
454 503
454 507
454 776
454 1628
454 1755
456 505
456 997
456 1395
456 1623
457 462
457 527
457 693
457 968
457 1110
457 1116
457 1150
457 1392
457 1643
457 1654
457 1798
458 1792
460 706
460 1113
461 504
461 582
461 705
461 835
461 1908
462 471
465 1823
466 542
468 616
468 983
468 987
468 1135
468 1187
468 1590
468 1661
468 1848
468 1942
470 544
470 616
470 1532
470 1700
470 1743
470 1984
471 517
471 576
471 1091
471 1846
473 482
473 508
473 534
473 1117
473 1162
473 1325
473 1750
473 1802
474 819
474 1435
478 515
478 1310
480 1299
481 1629
482 1870
483 545
483 1175
483 1578
483 1592
485 625
485 1379
485 1385
485 1707
486 559
486 1352
488 792
488 1250
488 1976
489 655
493 649
495 688
497 646
502 1252
503 703
503 1235
503 1239
504 506
504 511
504 517
504 696
504 701
504 703
504 716
504 745
504 757
504 787
504 806
504 840
504 881
504 914
504 940
504 957
504 1055
504 1073
504 1091
504 1094
504 1153
504 1222
504 1267
504 1268
504 1269
504 1270
504 1271
504 1272
504 1273
504 1274
504 1275
504 1276
504 1277
504 1278
504 1279
504 1280
504 1281
504 1282
504 1283
504 1284
505 511
505 561
505 587
505 699
505 714
505 742
505 751
505 812
505 837
505 849
505 887
505 904
505 990
505 1055
505 1200
505 1211
505 1220
505 1265
505 1284
505 1285
505 1286
505 1287
505 1288
505 1289
505 1290
505 1291
505 1292
505 1293
505 1294
505 1295
505 1296
505 1297
505 1298
505 1299
505 1300
505 1301
506 1317
506 1319
507 1138
507 1386
508 538
508 1218
508 1545
510 1294
511 634
511 647
511 683
511 692
511 1059
511 1629
511 1632
512 1118
512 1627
512 1656
513 642
513 758
513 1390
514 613
514 620
514 746
514 768
514 792
514 860
514 887
514 899
514 1297
514 1352
514 1475
514 1511
514 1542
514 1689
514 1710
514 1711
515 617
515 627
515 1267
516 751
517 540
517 792
517 1522
517 1838
518 591
518 627
518 722
518 1368
518 1424
520 633
520 1146
521 644
521 1223
521 1464
521 1606
522 593
522 640
522 703
522 1049
522 1448
522 1876
523 661
523 1211
523 1639
523 1740
524 1049
526 679
526 840
526 990
527 869
527 940
529 1239
529 1271
529 1388
530 1080
530 1407
532 1417
533 613
533 837
533 882
533 1139
533 1605
533 1881
534 538
534 670
534 1878
535 1317
535 1629
536 1056
536 1751
538 546
538 771
538 1210
538 1387
538 1616
538 1704
538 1942
538 1943
539 615
539 1200
539 1777
540 1692
540 1932
542 698
542 836
542 932
542 1066
542 1588
542 1809
543 695
543 847
543 1553
545 630
545 1368
545 1717
546 786
546 791
546 1962
548 971
548 1522
549 678
549 701
550 633
550 716
550 1306
550 1392
550 1861
551 969
551 1132
551 1385
551 1487
551 1888
551 1921
553 940
553 1368
553 1456
554 637
554 1771
555 895
555 1019
555 1027
555 1448
555 1719
556 1080
557 558
557 753
557 838
557 1543
557 1752
558 701
558 1091
561 1734
562 635
563 629
563 695
564 1952
565 589
565 746
565 1164
565 1233
565 1515
565 1734
565 1830
565 1978
568 879
568 1230
568 1326
568 1352
569 1032
569 1117
569 1522
569 1831
570 748
570 769
570 910
570 1010
570 1979
571 633
571 1346
571 1871
572 765
572 1138
573 1294
576 1612
580 616
580 1221
580 1423
584 1404
585 763
585 919
585 1050
585 1926
586 948
587 802
587 887
588 1302
588 1826
589 1792
592 966
593 631
593 841
593 1747
596 668
596 865
596 963
596 1094
596 1713
600 1503
601 1396
601 1508
604 1740
605 854
607 667
608 686
611 646
611 651
611 957
611 1149
611 1338
611 1339
612 622
612 985
612 1632
613 620
613 911
613 950
613 1051
613 1254
613 1318
613 1319
613 1344
613 1363
613 1516
613 1632
613 1688
613 1689
613 1690
614 834
614 925
614 1172
614 1237
614 1246
614 1442
614 1469
614 1503
614 1535
614 1709
614 1751
614 1752
614 1753
614 1754
614 1755
615 951
615 1255
615 1339
615 1407
615 1770
615 1771
616 790
616 807
616 918
616 1059
616 1160
616 1263
616 1286
616 1387
616 1426
616 1606
616 1659
616 1704
616 1713
616 1826
616 1827
616 1828
616 1829
616 1830
617 909
617 1257
617 1359
617 1522
617 1604
617 1834
618 697
618 1691
619 788
619 980
619 1117
619 1118
619 1140
619 1147
619 1424
619 1752
620 632
620 684
620 1449
620 1686
621 1142
621 1694
621 1781
622 911
622 1283
622 1304
622 1459
622 1572
622 1864
623 928
623 1018
623 1610
623 1934
623 1935
624 819
624 986
624 1385
624 1470
624 1611
624 1662
624 1728
624 1912
626 1295
626 1299
626 1728
626 1771
627 1494
628 817
628 1066
628 1273
628 1597
628 1615
628 1715
628 1808
629 696
629 797
629 885
629 1227
629 1761
630 1324
630 1334
630 1537
630 1618
630 1811
630 1822
631 927
631 942
631 1150
631 1277
631 1545
631 1773
631 1846
631 1976
632 801
632 910
632 974
632 997
632 1151
632 1454
632 1910
633 853
633 1323
633 1513
633 1825
634 872
634 1366
635 853
635 1614
636 746
636 785
636 933
636 939
636 1230
636 1437
636 1601
636 1656
636 1865
637 708
637 750
637 1154
637 1649
638 675
639 689
639 745
639 785
639 985
639 1728
640 787
640 888
641 881
641 1151
641 1349
641 1369
641 1469
641 1911
642 696
642 950
642 1058
643 969
643 1500
643 1624
643 1976
644 668
644 814
644 1706
644 1908
645 655
645 1030
646 801
646 1156
646 1342
646 1481
646 1653
647 1236
647 1791
648 919
649 988
649 1268
650 710
650 962
650 1744
650 1820
651 1944
652 677
653 788
654 1196
654 1208
655 891
655 955
655 1069
655 1338
655 1935
655 1973
656 1095
656 1354
656 1665
657 1662
657 1905
658 750
658 1405
659 888
659 959
659 1398
661 1066
661 1150
662 911
662 1192
662 1403
662 1946
663 898
664 1108
664 1322
664 1812
665 1014
665 1323
666 800
666 914
666 1141
666 1947
667 959
667 1302
667 1879
667 1960
668 1169
668 1669
670 1395
670 1590
670 1709
670 1963
671 1292
671 1564
672 823
672 921
672 1082
672 1236
672 1403
673 1371
674 972
674 1036
674 1367
674 1714
675 969
675 1516
675 1836
676 1520
677 1010
677 1755
677 1929
679 798
679 1120
679 1140
679 1951
680 1254
680 1323
680 1630
681 1068
681 1093
681 1275
682 1520
682 1880
683 1546
684 851
684 1226
684 1340
684 1618
685 988
685 1297
685 1695
686 1758
687 920
687 986
687 1160
687 1841
688 851
689 1246
689 1504
690 714
690 1722
690 1882
691 1325
691 1781
691 1800
691 1972
692 1010
692 1331
694 1523
695 1287
695 1857
696 1438
697 1662
698 1421
698 1823
700 1893
701 917
701 985
701 1128
701 1223
702 1905
703 804
703 1250
703 1387
703 1665
703 1882
704 818
704 1656
704 1878
705 1389
705 1658
706 732
706 758
706 873
706 975
706 1520
706 1543
706 1710
706 1806
706 1877
706 1927
707 919
707 1073
709 1153
710 859
710 1019
710 1270
711 1051
712 1632
713 1582
715 756
715 1273
715 1363
715 1833
715 1904
716 1770
717 1359
718 1648
719 1870
722 792
722 1103
722 1965
724 1872
727 990
727 1421
730 751
731 1162
731 1916
732 1827
734 780
734 1139
734 1489
734 1814
734 1887
740 1174
740 1324
740 1665
742 787
742 835
745 1790
746 1267
746 1464
747 757
747 818
747 928
747 966
747 1010
747 1415
747 1571
747 1572
748 1233
748 1585
749 1118
749 1808
751 927
751 937
751 1179
751 1698
754 774
755 792
755 1146
755 1272
757 1016
757 1499
757 1659
757 1709
757 1775
757 1948
758 1427
760 1574
761 818
761 1585
762 1222
762 1751
762 1795
764 1290
764 1388
765 790
765 1347
765 1401
765 1955
767 1464
768 1792
769 1545
771 1257
771 1893
774 1201
775 1113
777 1233
778 779
779 1393
780 1874
786 1751
787 1646
787 1648
788 1200
788 1235
788 1708
789 1056
790 1549
792 804
792 1069
792 1102
792 1195
792 1436
792 1508
792 1561
792 1729
792 1838
793 1388
795 1162
799 1606
804 1235
806 1223
807 1829
808 1353
808 1522
809 1219
812 1512
812 1869
813 1433
813 1616
814 1392
814 1456
815 1235
815 1270
815 1613
816 1271
816 1449
816 1561
816 1920
817 1424
818 1087
818 1179
818 1419
819 1257
821 1616
823 1874
825 1656
826 1727
827 1123
827 1795
827 1878
829 1240
829 1312
829 1329
829 1352
829 1832
831 1138
833 925
834 857
834 1614
834 1634
835 1454
836 1627
837 1263
837 1639
838 919
838 1290
838 1777
840 911
840 1126
840 1226
840 1323
840 1865
840 1866
841 1209
845 1861
847 937
847 1944
847 1968
852 1220
854 889
854 911
854 1227
854 1403
854 1519
854 1660
855 1746
856 1794
858 1424
859 1291
859 1488
859 1846
859 1940
859 1989
861 1449
869 1094
873 1284
873 1297
873 1489
878 1322
879 1823
880 1639
882 1406
883 1104
883 1296
883 1582
883 1905
884 1296
885 906
885 1269
886 1186
887 1295
890 1829
892 1301
893 1219
893 1301
893 1774
894 1827
895 1660
895 1996
898 1715
904 1741
906 970
906 1665
906 1910
907 1004
909 1113
910 1359
911 979
911 1219
912 1296
912 1414
912 1547
913 1346
913 1662
913 1777
914 1117
915 1581
918 1045
918 1142
918 1487
918 1779
918 1790
918 1955
919 1149
919 1546
919 1587
919 1708
919 1767
919 1861
919 1960
924 1280
924 1838
925 1643
929 1763
931 1920
932 1574
933 1037
933 1763
934 1348
934 1861
939 998
939 1143
939 1324
940 968
940 1365
940 1591
940 1605
940 1967
944 1925
946 1952
947 1274
948 1092
948 1610
948 1993
949 1269
951 955
953 1767
955 1156
955 1236
955 1480
956 1646
957 999
957 1318
958 1154
958 1685
960 1483
961 1449
962 1298
964 1612
965 1795
966 1254
969 1368
969 1571
969 1669
970 1060
970 1291
970 1348
970 1485
970 1763
970 1954
971 1018
971 1091
974 1448
979 1113
980 1298
980 1646
985 1615
986 1407
988 1059
989 1207
990 1005
990 1060
990 1093
990 1305
990 1329
991 1368
993 1565
994 1118
994 1954
995 1916
996 1551
1000 1561
1001 1086
1001 1640
1001 1779
1004 1949
1007 1522
1007 1566
1010 1296
1010 1344
1010 1433
1010 1447
1010 1448
1011 1474
1013 1113
1013 1612
1014 1388
1014 1561
1014 1612
1015 1219
1015 1272
1018 1186
1019 1325
1019 1379
1019 1546
1019 1883
1024 1177
1024 1844
1024 1995
1026 1878
1027 1306
1029 1475
1030 1055
1030 1972
1031 1211
1032 1055
1034 1270
1034 1389
1040 1306
1047 1585
1048 1282
1049 1056
1049 1199
1051 1664
1051 1879
1055 1290
1055 1299
1055 1447
1055 1715
1056 1078
1056 1175
1056 1236
1056 1367
1057 1861
1058 1565
1059 1552
1059 1558
1059 1705
1060 1292
1061 1433
1062 1792
1063 1454
1065 1292
1068 1831
1071 1874
1073 1194
1073 1204
1078 1094
1080 1680
1082 1094
1083 1348
1084 1292
1086 1474
1088 1091
1088 1270
1090 1282
1091 1235
1091 1712
1091 1777
1091 1854
1091 1855
1092 1495
1093 1272
1093 1406
1094 1102
1094 1324
1094 1423
1094 1554
1094 1926
1094 1952
1096 1389
1096 1855
1100 1871
1102 1447
1104 1293
1104 1910
1106 1223
1109 1317
1109 1629
1110 1297
1110 1352
1110 1499
1110 1512
1110 1956
1113 1613
1113 1691
1113 1789
1115 1536
1116 1673
1116 1764
1117 1123
1117 1566
1117 1635
1117 1864
1117 1992
1118 1556
1118 1850
1118 1989
1119 1263
1120 1271
1122 1280
1123 1258
1123 1647
1123 1730
1123 1964
1125 1263
1126 1794
1127 1456
1128 1766
1128 1930
1128 1966
1135 1290
1135 1777
1136 1235
1136 1847
1137 1566
1138 1247
1138 1279
1138 1816
1139 1751
1142 1274
1144 1390
1144 1740
1146 1320
1146 1341
1146 1370
1146 1459
1146 1966
1147 1874
1149 1618
1149 1654
1150 1389
1154 1829
1155 1627
1161 1639
1162 1906
1165 1746
1169 1969
1171 1239
1171 1406
1171 1808
1172 1827
1172 1855
1173 1267
1173 1269
1175 1798
1176 1547
1176 1937
1177 1239
1177 1870
1178 1257
1182 1482
1182 1502
1182 1682
1182 1789
1183 1346
1186 1585
1186 1902
1188 1296
1188 1348
1188 1503
1190 1299
1194 1581
1194 1728
1197 1276
1199 1454
1201 1874
1203 1808
1204 1503
1205 1285
1205 1292
1207 1631
1208 1282
1209 1333
1209 1618
1212 1319
1214 1566
1215 1265
1215 1772
1219 1393
1219 1904
1219 1906
1220 1261
1220 1731
1222 1744
1223 1555
1223 1938
1223 1956
1225 1646
1228 1827
1232 1634
1235 1741
1235 1936
1235 1937
1236 1338
1236 1549
1236 1571
1237 1267
1237 1548
1239 1440
1239 1926
1239 1950
1239 1967
1242 1585
1242 1920
1243 1585
1244 1257
1245 1586
1247 1285
1247 1581
1250 1767
1255 1551
1257 1770
1261 1943
1267 1488
1267 1599
1267 1720
1269 1450
1270 1986
1271 1754
1271 1959
1272 1362
1272 1482
1272 1556
1272 1889
1274 1680
1276 1436
1276 1602
1278 1387
1278 1587
1278 1864
1280 1504
1280 1684
1282 1441
1285 1676
1286 1551
1287 1829
1287 1952
1290 1748
1291 1442
1291 1644
1291 1669
1291 1826
1291 1831
1292 1304
1292 1857
1292 1922
1294 1490
1295 1947
1296 1600
1296 1814
1298 1308
1298 1567
1298 1802
1299 1758
1303 1371
1303 1961
1304 1314
1304 1872
1305 1763
1306 1459
1306 1665
1310 1314
1311 1459
1311 1534
1311 1634
1311 1654
1311 1719
1317 1701
1317 1906
1318 1658
1319 1352
1319 1682
1322 1389
1322 1606
1325 1894
1326 1954
1328 1894
1333 1831
1336 1426
1336 1574
1338 1400
1338 1688
1339 1492
1339 1515
1344 1978
1346 1601
1346 1921
1346 1975
1354 1855
1355 1612
1359 1379
1359 1417
1364 1561
1369 1767
1370 1616
1370 1876
1371 1538
1371 1856
1371 1906
1375 1771
1378 1643
1382 1404
1387 1629
1388 1587
1388 1866
1389 1572
1389 1660
1389 1688
1389 1876
1389 1920
1389 1984
1390 1684
1390 1836
1392 1580
1394 1522
1394 1565
1398 1566
1398 1763
1398 1827
1398 1847
1399 1717
1406 1875
1407 1736
1409 1943
1412 1548
1415 1547
1415 1894
1421 1718
1424 1826
1424 1833
1426 1478
1426 1600
1426 1807
1429 1894
1431 1871
1438 1598
1442 1503
1448 1552
1448 1997
1449 1927
1452 1545
1453 1861
1454 1671
1456 1690
1456 1875
1457 1590
1457 1642
1459 1648
1459 1763
1461 1792
1467 1648
1470 1571
1470 1717
1474 1602
1475 1841
1475 1934
1475 1977
1483 1762
1485 1587
1485 1881
1486 1943
1488 1495
1488 1823
1493 1566
1495 1637
1495 1869
1496 1612
1502 1855
1503 1712
1504 1708
1506 1582
1507 1536
1509 1616
1509 1795
1513 1639
1516 1585
1516 1827
1522 1946
1535 1857
1544 1916
1547 1693
1547 1745
1548 1904
1553 1618
1554 1581
1561 1959
1564 1711
1566 1933
1569 1582
1577 1612
1581 1845
1586 1834
1603 1937
1606 1734
1611 1920
1613 1867
1616 1882
1618 1861
1622 1847
1624 1905
1629 1694
1629 1729
1632 1764
1632 1843
1635 1838
1638 1847
1644 1828
1646 1983
1648 1731
1648 1966
1658 1750
1664 1751
1679 1952
1687 1876
1688 1792
1697 1961
1704 1893
1704 1916
1718 1763
1728 1901
1740 1974
1746 1854
1749 1828
1763 1992
1770 1870
1771 1910
1792 1994
1794 1963
1797 1961
1800 1831
1825 1838
1847 1880
1852 1961
1860 1872
1871 1873
1943 1948
1952 1991
