0 1
0 6
0 16
0 17
0 20
0 25
0 27
0 41
0 50
0 54
0 56
0 58
0 59
0 60
0 67
0 68
0 70
0 85
1 2
1 3
1 7
1 8
1 14
1 36
1 90
1 91
1 94
1 96
1 134
1 141
1 177
1 178
1 181
1 182
1 186
1 190
1 196
1 204
1 207
1 213
1 221
1 229
1 232
1 242
1 246
1 277
1 295
1 296
1 303
1 306
1 364
1 365
1 366
1 367
1 368
1 369
1 370
1 371
1 372
1 373
1 374
1 375
1 376
1 377
1 378
1 379
1 380
1 381
1 382
1 383
1 384
1 385
1 386
1 387
1 388
1 389
1 390
1 391
1 392
1 393
1 394
1 395
1 396
1 397
1 398
1 399
1 400
1 401
1 402
1 403
1 404
1 405
1 406
1 407
1 408
1 409
1 410
1 411
1 412
1 413
1 414
1 415
1 416
1 417
1 418
1 419
1 420
1 421
1 422
1 423
1 424
1 425
1 426
1 427
1 428
1 429
1 430
1 431
1 432
1 433
1 434
1 435
1 436
1 437
1 438
1 439
1 440
1 441
1 442
1 443
1 444
2 16
2 177
2 179
2 208
2 216
2 319
2 373
2 417
2 419
2 456
2 465
2 467
2 472
2 474
2 502
3 177
3 195
3 248
3 393
3 421
3 503
3 505
3 509
3 512
3 526
3 536
3 541
3 543
3 552
3 561
3 574
3 575
3 579
3 586
3 587
3 590
3 598
3 599
3 603
3 605
3 610
4 146
4 193
4 303
4 415
4 418
4 509
4 512
4 702
4 785
4 797
4 813
4 846
4 856
4 860
4 866
5 114
5 179
5 255
5 262
5 395
5 401
5 431
5 509
5 526
5 656
5 702
5 817
5 890
5 896
5 904
5 908
6 8
6 17
6 22
6 41
6 90
6 100
6 143
6 177
6 178
6 181
6 183
6 184
6 186
6 211
6 319
6 357
6 361
6 365
6 367
6 369
6 399
6 491
6 503
6 505
6 507
6 508
6 509
6 518
6 575
6 586
6 590
6 603
6 623
6 649
6 659
6 663
6 697
6 714
6 741
6 774
6 782
6 815
6 835
6 838
6 908
6 973
6 1023
6 1037
6 1055
6 1056
6 1057
6 1058
6 1059
6 1060
6 1061
6 1062
6 1063
6 1064
6 1065
6 1066
6 1067
6 1068
6 1069
6 1070
6 1071
6 1072
6 1073
6 1074
6 1075
6 1076
6 1077
6 1078
6 1079
6 1080
6 1081
6 1082
6 1083
6 1084
6 1085
6 1086
6 1087
6 1088
6 1089
6 1090
7 20
7 177
7 208
7 260
7 306
7 378
7 390
7 395
7 409
7 605
7 741
7 904
7 1074
7 1142
7 1143
7 1153
7 1155
7 1156
7 1163
7 1164
7 1165
8 124
8 441
8 456
8 474
8 505
8 825
8 999
8 1071
8 1207
8 1211
9 17
9 142
9 1059
9 1413
10 179
10 392
10 623
10 1068
10 1153
10 1238
10 1433
11 41
12 318
12 440
12 509
12 1580
14 244
15 179
15 219
15 224
15 294
15 467
15 561
15 822
15 827
15 1317
16 111
16 184
16 374
16 505
16 523
16 524
16 628
16 749
16 814
16 842
16 1136
16 1143
16 1215
16 1248
16 1679
16 1686
16 1687
17 33
17 297
17 328
17 363
17 491
17 519
17 520
17 707
17 747
17 929
17 1006
17 1012
17 1153
17 1560
17 1691
17 1692
17 1693
18 179
18 472
18 832
18 999
18 1062
18 1081
18 1143
18 1155
18 1163
18 1317
18 1355
19 205
19 237
19 286
20 151
20 297
20 354
20 505
20 652
20 697
20 974
20 1255
20 1438
20 1553
20 1618
20 1686
20 1772
21 117
21 239
21 284
22 427
22 1475
23 209
23 214
23 290
23 1057
23 1438
24 179
24 203
24 264
24 1886
25 82
25 151
25 205
25 282
25 304
25 530
25 664
25 746
25 772
25 807
25 924
25 945
25 987
25 1004
25 1123
25 1142
25 1231
25 1367
25 1665
25 1725
25 1822
25 1888
25 1890
26 195
26 575
26 1181
26 1295
27 193
27 296
27 368
27 618
27 1179
27 1287
27 1479
28 195
28 404
28 408
28 1048
28 1068
28 1084
28 1433
28 1727
29 210
29 216
30 214
30 373
30 904
30 1238
31 59
31 261
31 378
31 796
31 1067
32 219
32 226
33 233
33 1475
34 214
34 303
34 1399
34 1438
34 1700
36 177
36 1037
37 414
37 439
37 1341
37 1577
38 314
38 813
39 223
39 465
39 1081
39 1216
39 1603
41 381
41 746
41 1473
42 429
42 817
43 171
43 779
44 1059
45 225
46 1924
48 279
48 1178
50 52
50 193
50 297
50 548
50 1095
52 1076
52 1651
53 219
53 437
53 1659
54 141
54 177
54 302
54 1105
54 1140
54 1851
56 177
56 425
56 987
56 1119
56 1259
56 1854
56 1953
56 1971
56 1993
57 281
57 1555
58 180
58 303
58 639
58 663
58 705
58 892
58 1660
58 1993
58 1996
59 146
59 246
59 1050
59 1204
59 1270
59 1362
59 1563
59 1595
60 140
60 177
60 295
60 382
60 572
60 584
60 1219
60 1816
60 1996
61 653
61 1692
62 574
62 1554
62 1742
63 239
63 770
64 1271
66 587
66 796
66 1289
67 111
67 249
67 303
67 790
67 1706
68 303
68 1323
68 1520
68 1561
70 305
70 378
70 622
70 1123
71 124
72 702
72 1211
73 188
73 233
74 512
74 647
75 937
77 339
77 768
77 829
77 1452
78 992
82 1824
85 448
85 536
85 1444
85 1835
87 964
88 289
90 101
90 105
90 110
90 114
90 117
90 121
90 124
90 134
91 177
91 179
91 193
91 194
91 287
91 474
91 503
91 505
91 543
91 623
91 633
91 636
91 647
91 649
91 652
91 653
91 654
91 656
91 664
91 665
91 667
91 673
91 678
91 686
91 694
92 101
92 177
92 203
92 314
92 417
92 762
92 796
92 797
93 177
93 202
93 255
93 724
93 820
93 825
93 1256
93 1264
93 1265
94 283
94 916
94 1057
94 1396
95 214
95 337
96 177
96 372
96 1246
96 1396
97 281
97 398
97 704
98 203
98 1037
99 1068
99 1265
100 396
100 1314
100 1565
100 1693
101 367
101 452
101 536
101 838
101 960
101 1620
101 1811
101 1815
101 1894
102 408
102 409
103 258
103 1396
104 341
104 1006
105 177
105 491
105 638
105 902
105 913
105 915
105 1092
105 1519
105 1550
105 1840
106 407
106 1289
106 1646
109 257
109 579
109 1063
110 223
110 236
110 308
110 377
110 626
110 1224
110 1251
110 1585
110 1624
110 1865
110 1882
111 258
111 1775
111 1905
112 921
112 1026
113 279
114 303
114 555
114 1094
114 1772
116 409
116 779
116 1300
117 179
117 756
117 1730
118 509
118 860
121 519
121 863
121 886
121 892
121 973
121 1147
121 1351
121 1936
124 177
124 383
124 627
124 826
124 1232
124 1539
124 1714
126 474
127 1086
131 226
131 318
134 222
134 1322
134 1752
137 233
137 1729
141 142
141 146
141 158
141 171
142 177
142 178
142 222
142 296
142 382
142 436
142 453
142 768
142 777
142 795
142 831
142 977
142 1105
142 1152
142 1178
142 1184
142 1358
142 1366
142 1428
142 1468
142 1469
142 1470
142 1471
142 1472
143 284
143 378
143 817
143 1023
143 1164
143 1475
143 1483
144 431
144 636
144 1023
144 1264
145 271
145 306
145 373
145 647
145 813
145 821
145 1074
145 1229
145 1264
145 1294
145 1300
145 1332
145 1376
145 1396
146 177
146 187
146 368
146 386
146 467
146 553
146 653
146 748
146 767
146 905
146 921
146 991
146 1025
146 1060
146 1163
146 1270
146 1282
146 1286
146 1303
146 1355
146 1366
146 1411
146 1513
146 1546
146 1557
146 1558
146 1559
146 1560
146 1561
146 1562
146 1563
146 1564
146 1565
147 193
147 543
147 739
147 1075
147 1462
148 1727
149 177
149 193
149 218
149 303
149 402
149 1729
150 257
150 1779
151 219
151 240
151 395
151 400
151 421
151 505
151 686
151 992
151 1446
151 1799
152 405
152 503
152 654
152 673
152 992
152 1062
152 1065
152 1921
154 860
154 1288
154 1767
155 702
155 1216
156 209
156 284
156 378
157 1067
157 1555
158 181
158 511
158 616
158 704
158 1567
160 908
161 171
161 856
162 1295
162 1483
163 1635
164 212
164 306
164 739
165 1639
167 1269
170 586
171 179
171 1927
172 1809
177 178
177 179
177 180
177 181
177 182
177 183
177 184
177 185
177 186
177 187
177 188
177 189
177 190
177 191
177 192
177 193
177 194
177 195
177 196
177 197
177 198
177 199
177 200
177 201
177 202
177 203
177 204
177 205
177 206
177 207
177 208
177 209
177 210
177 211
177 212
177 213
177 214
177 215
177 216
177 217
177 218
177 219
177 220
177 221
177 222
177 223
177 224
177 225
177 226
177 227
177 228
177 229
177 230
177 231
177 232
177 233
177 234
177 235
177 236
177 237
177 238
177 239
177 240
177 241
177 242
177 243
177 244
177 245
177 246
177 247
177 248
177 249
177 250
177 251
177 252
177 253
177 254
177 255
177 256
177 257
177 258
177 259
177 260
177 261
177 262
177 263
177 264
177 265
177 266
177 267
177 268
177 269
177 270
177 271
177 272
177 273
177 274
177 275
177 276
177 277
177 278
177 279
177 280
177 281
177 282
177 283
177 284
177 285
177 286
177 287
177 288
177 289
177 290
177 291
177 292
177 293
177 294
178 225
178 230
178 664
178 762
178 768
178 770
178 774
178 779
178 782
178 785
179 181
179 185
179 200
179 227
179 228
179 231
179 272
179 274
179 276
179 295
179 296
179 299
179 301
179 314
179 318
179 325
179 422
179 448
179 455
179 507
179 512
179 516
179 518
179 522
179 536
179 583
179 654
179 694
179 696
179 739
179 744
179 788
179 813
179 814
179 815
179 816
179 817
179 818
179 819
179 820
179 821
179 822
179 823
179 824
179 825
179 826
179 827
179 828
179 829
179 830
179 831
179 832
179 833
179 834
180 205
180 210
180 217
180 233
180 262
180 363
180 387
180 421
180 503
180 686
180 813
180 846
180 916
180 920
180 921
180 937
180 941
180 943
180 945
180 964
181 194
181 223
181 248
181 294
181 390
181 396
181 398
181 438
181 702
181 817
181 827
181 916
181 991
181 1020
181 1023
181 1024
181 1025
181 1026
181 1037
181 1041
181 1048
181 1054
182 195
182 373
182 503
182 856
182 1314
183 188
183 320
183 505
183 1349
184 319
184 378
184 1181
184 1426
184 1428
185 218
185 290
185 623
185 921
185 964
185 1143
185 1458
186 256
186 702
186 1026
186 1074
186 1176
186 1428
186 1496
187 188
187 303
187 440
187 1057
187 1245
188 191
188 273
188 295
188 297
188 337
188 445
188 665
188 724
188 846
188 1247
188 1287
188 1441
188 1507
188 1508
188 1509
189 218
189 237
189 256
189 426
189 774
189 1279
190 216
190 289
190 813
191 208
191 372
191 1290
191 1577
192 255
192 260
192 825
192 1463
193 296
193 339
193 403
193 449
193 507
193 516
193 525
193 543
193 699
193 740
193 816
193 833
193 849
193 951
193 1024
193 1164
193 1207
193 1215
193 1293
193 1369
193 1397
193 1457
193 1483
193 1513
193 1644
194 206
194 371
194 422
194 542
194 611
194 669
194 673
194 831
194 1167
194 1317
194 1469
194 1598
194 1639
194 1658
194 1659
195 296
195 310
195 374
195 447
195 504
195 553
195 583
195 615
195 717
195 1089
195 1131
195 1140
195 1552
195 1628
195 1674
195 1677
196 1267
196 1651
197 265
197 303
198 208
198 541
199 201
200 418
201 612
201 787
201 836
201 1383
201 1765
202 206
202 304
202 368
202 696
202 704
202 840
202 1171
202 1489
202 1683
202 1767
202 1768
202 1769
203 315
203 364
203 369
203 381
203 511
203 526
203 646
203 762
203 1005
203 1048
203 1056
203 1326
203 1352
203 1580
203 1712
203 1775
203 1776
204 444
204 1355
204 1437
205 275
205 336
205 510
205 529
205 548
205 633
205 737
205 751
205 881
205 896
205 914
205 971
205 1096
205 1349
205 1458
205 1462
205 1472
205 1740
205 1742
205 1811
205 1812
205 1813
205 1814
206 245
206 1024
206 1463
208 566
208 923
208 1197
208 1342
209 305
209 324
209 365
209 370
209 465
209 574
209 667
209 890
209 905
209 911
209 1020
209 1292
209 1341
209 1475
209 1491
209 1636
209 1708
209 1799
209 1820
209 1833
209 1857
210 251
210 282
210 370
210 384
210 450
210 788
210 893
210 937
210 1064
210 1173
210 1396
210 1489
210 1490
210 1510
210 1681
210 1812
210 1862
211 261
212 253
212 309
212 336
212 472
212 507
212 611
212 1258
212 1275
212 1314
212 1322
212 1432
212 1463
212 1566
212 1786
212 1887
214 374
214 394
214 646
214 779
214 1165
214 1171
214 1176
214 1374
214 1436
214 1721
214 1804
214 1815
214 1907
215 286
216 397
216 522
216 659
216 1064
216 1172
216 1321
216 1441
216 1491
216 1653
216 1873
216 1899
216 1927
217 220
217 236
217 299
217 788
217 851
217 943
217 969
217 1323
217 1504
217 1559
217 1562
217 1568
217 1679
217 1725
218 510
218 685
218 1127
218 1447
218 1781
218 1880
219 278
219 707
219 748
219 1784
219 1852
219 1954
220 652
220 1067
220 1288
220 1786
221 306
222 269
222 410
222 1256
223 235
223 380
223 478
223 527
223 663
223 678
223 727
223 750
223 1216
223 1377
223 1538
223 1921
224 297
224 349
224 705
224 1343
225 370
225 532
225 705
225 709
225 1720
225 1941
226 273
226 327
226 412
226 567
226 579
226 686
226 866
226 894
226 915
226 925
226 951
226 988
226 989
226 1055
226 1121
226 1264
226 1279
226 1310
226 1321
226 1340
226 1408
226 1426
226 1646
226 1658
226 1811
226 1824
226 1912
227 1073
228 1740
229 943
229 1603
230 915
230 1235
230 1250
230 1352
230 1401
230 1488
230 1851
232 1269
232 1538
232 1683
233 450
233 516
233 1883
233 1951
233 1981
234 314
234 920
235 390
235 1082
237 377
237 486
237 677
237 1457
237 1502
237 1730
237 1760
237 1774
238 295
238 747
238 872
238 1069
238 1398
238 1730
239 819
239 835
239 987
239 1291
239 1597
239 1617
240 299
240 328
240 631
241 278
241 301
241 328
241 341
241 494
241 706
241 796
241 1535
241 1593
241 1700
241 1944
241 1994
242 694
243 703
243 878
243 972
243 1107
243 1236
244 300
244 707
244 910
244 977
244 1041
244 1364
244 1674
244 1785
244 1803
244 1813
244 1826
245 368
245 460
245 476
245 514
245 1036
245 1477
246 770
246 1580
247 886
247 1014
247 1366
247 1398
248 266
248 514
248 555
248 576
248 599
248 770
248 776
248 1128
248 1372
248 1496
248 1752
249 319
249 817
249 1216
249 1446
249 1471
249 1577
250 265
250 649
252 323
252 510
252 559
252 851
252 1969
254 475
254 922
254 1055
254 1573
254 1702
255 594
255 1521
255 1596
256 708
256 1171
257 310
257 918
257 1124
257 1860
258 435
258 800
258 1129
258 1291
258 1360
259 624
259 701
259 712
259 857
259 1550
259 1564
259 1721
260 692
260 812
260 855
260 912
260 1130
260 1828
261 1195
261 1326
262 628
262 1515
262 1604
263 296
263 980
263 1095
263 1261
263 1681
263 1937
264 389
264 555
264 726
264 1422
264 1872
264 1999
265 323
265 710
265 1884
266 411
267 366
267 631
267 1202
267 1353
267 1889
268 699
268 1287
268 1516
268 1523
268 1934
269 613
269 898
269 1498
269 1548
270 473
270 573
270 881
270 1199
271 379
271 948
271 1503
274 770
276 1358
277 291
279 514
279 946
279 1985
280 321
280 375
280 379
280 847
280 1980
281 616
281 1512
283 1217
283 1582
283 1896
284 1353
284 1716
285 718
285 1209
285 1350
285 1751
286 370
286 388
287 315
287 1642
287 1671
287 1684
288 397
288 531
288 863
288 1285
289 313
289 625
289 1723
290 1572
290 1785
291 1151
291 1237
291 1985
292 313
292 611
292 989
292 1772
293 615
293 1072
293 1346
293 1995
294 826
294 1369
295 303
295 306
295 314
295 316
295 318
295 319
295 320
295 324
295 326
295 327
295 337
295 339
295 341
295 343
295 344
295 361
295 363
296 372
296 378
296 434
296 503
296 505
296 512
296 702
296 704
296 713
296 717
296 721
296 724
296 727
296 730
296 737
296 739
296 740
296 741
296 742
296 744
297 387
297 400
297 401
297 420
297 561
297 579
297 770
297 964
297 971
297 973
297 984
298 433
298 820
298 991
298 992
298 999
298 1005
298 1006
299 418
299 896
299 971
299 1216
299 1220
299 1222
299 1229
299 1231
300 406
300 502
300 512
300 713
300 846
301 440
301 1271
301 1396
301 1399
301 1405
301 1408
303 322
303 325
303 365
303 374
303 510
303 530
303 610
303 631
303 636
303 647
303 700
303 860
303 894
303 999
303 1012
303 1172
303 1236
303 1273
303 1282
303 1322
303 1332
303 1552
303 1553
303 1554
303 1555
303 1556
304 1639
305 825
305 1189
305 1651
305 1653
306 320
306 532
306 612
306 797
306 1223
306 1651
306 1702
306 1703
306 1704
307 456
307 785
307 813
307 921
307 1025
307 1070
308 502
308 762
308 829
308 1173
308 1712
309 392
309 505
309 1836
310 391
310 413
310 1238
311 505
311 1080
312 1912
313 405
313 1692
313 1727
314 466
314 826
314 856
314 916
314 972
314 1206
314 1257
314 1322
314 1557
315 320
315 1468
315 1788
316 368
316 462
316 512
316 624
316 836
316 1094
316 1104
316 1754
316 1939
318 1136
318 1510
318 1520
318 1797
318 1895
318 1944
318 1945
319 502
319 984
319 1054
319 1126
319 1134
319 1171
319 1301
319 1308
319 1310
319 1354
319 1521
319 1526
319 1727
319 1735
319 1836
320 532
320 563
320 852
320 1198
320 1711
320 1760
320 1891
321 543
321 1677
322 398
322 1096
323 387
323 1354
324 383
324 658
324 1095
324 1111
324 1302
324 1913
326 512
326 523
326 754
326 788
326 1083
326 1931
327 449
327 452
327 666
327 850
327 912
327 1101
327 1477
327 1633
327 1715
328 667
328 717
328 1742
329 404
330 1126
331 1413
332 437
336 1413
337 428
337 521
337 668
337 811
337 935
337 1489
337 1596
337 1900
337 1928
339 450
339 849
339 1167
339 1434
340 1437
341 614
341 676
341 1291
341 1348
343 942
343 973
343 987
343 1249
343 1801
344 366
344 503
344 534
344 1091
345 1220
346 945
346 1740
348 406
348 665
350 1295
352 721
352 1803
353 744
354 391
355 1020
357 410
359 984
359 1065
361 504
361 924
361 1880
362 416
363 1011
363 1573
364 678
364 1096
365 393
365 704
365 796
365 822
365 999
365 1025
365 1096
365 1121
365 1126
365 1134
366 430
366 1173
366 1176
366 1178
366 1181
366 1184
366 1189
366 1191
367 430
367 536
367 694
367 1025
367 1220
367 1248
368 846
368 1269
368 1288
368 1372
368 1376
368 1377
369 526
369 896
369 1317
369 1538
370 393
370 590
370 1229
372 435
372 506
372 1119
372 1257
372 1618
372 1763
372 1764
373 384
373 486
373 504
373 754
373 872
373 925
373 1325
373 1389
373 1673
373 1773
373 1774
374 653
374 1809
375 1700
376 391
376 1300
376 1437
376 1646
376 1817
377 737
377 1065
377 1822
378 474
378 598
378 661
378 730
378 850
378 886
378 929
378 941
378 1200
378 1206
378 1249
378 1256
378 1276
378 1436
378 1446
378 1473
378 1603
378 1724
378 1766
378 1831
378 1832
379 411
379 1426
380 636
380 1087
381 1372
382 1358
383 742
383 822
383 1742
384 433
384 1184
384 1735
385 823
386 1057
387 454
387 508
387 567
387 756
387 1217
387 1376
387 1402
387 1776
387 1779
387 1893
387 1908
388 439
388 737
388 1178
389 1651
390 511
390 693
390 819
390 1170
390 1342
390 1413
390 1577
390 1765
390 1885
391 550
391 621
391 1432
391 1434
391 1455
391 1652
391 1665
392 504
392 838
392 1370
393 721
393 835
393 1026
393 1155
393 1189
393 1239
393 1640
393 1706
393 1765
393 1881
394 713
394 1708
395 760
395 893
395 1205
395 1411
396 550
396 881
396 1367
396 1415
396 1536
398 910
398 978
400 640
400 843
400 1027
401 466
401 712
401 1384
401 1422
401 1549
401 1550
402 1192
402 1422
402 1513
402 1558
404 592
404 705
404 1079
404 1525
404 1962
405 477
405 808
405 1114
405 1152
405 1527
405 1699
405 1728
405 1756
405 1948
406 754
406 1342
406 1819
406 1880
406 1954
407 506
407 517
407 1673
407 1815
408 424
408 428
408 450
408 605
408 1342
408 1452
408 1550
408 1764
408 1969
408 1983
408 1995
409 1301
409 1330
409 1546
410 702
410 713
410 1122
410 1271
410 1322
410 1357
410 1526
410 1528
410 1567
410 1705
410 1890
410 1895
411 676
411 1108
411 1251
411 1328
411 1525
411 1764
411 1790
412 813
413 1287
413 1478
413 1513
413 1528
413 1796
413 1805
413 1880
413 1904
413 1981
414 506
414 975
414 1397
414 1498
414 1503
414 1913
415 446
415 595
415 1140
415 1171
416 645
416 799
416 1004
416 1303
416 1417
416 1420
416 1697
417 446
417 1095
417 1736
418 718
418 1939
419 452
419 581
419 622
419 911
419 1414
419 1821
419 1904
419 1999
420 453
420 706
420 1135
420 1594
421 1375
421 1568
421 1791
421 1895
422 1809
423 504
423 525
423 639
423 1029
424 1059
426 637
426 824
426 970
426 1350
427 548
427 611
427 1369
429 611
429 1031
429 1328
429 1845
430 1114
430 1170
430 1404
431 990
431 1092
431 1858
432 655
432 807
432 1095
432 1928
433 613
433 1322
434 478
434 804
434 925
436 579
436 1246
437 475
437 1504
437 1943
438 492
438 749
438 790
439 1119
439 1136
440 854
441 640
441 841
441 1064
442 666
442 918
442 948
442 1232
443 446
443 793
443 1306
443 1758
444 708
444 1077
444 1127
445 768
446 1081
446 1566
447 1207
447 1700
448 654
448 678
448 1057
448 1740
448 1742
449 579
449 623
449 727
449 1222
449 1646
450 456
450 920
450 1229
450 1786
450 1788
451 1288
451 1354
451 1657
452 890
452 973
452 1078
453 649
454 503
455 1085
456 505
456 997
456 1395
456 1623
458 1076
459 1428
460 1256
463 1862
464 512
464 1636
465 498
465 842
465 886
465 1226
465 1309
465 1412
465 1823
467 520
467 871
467 1576
467 1590
467 1665
467 1873
470 1700
472 714
472 983
472 1175
472 1819
472 1885
474 819
474 1435
480 1299
480 1354
480 1603
482 866
482 1165
484 1062
489 1244
492 1775
493 649
493 1078
494 823
494 1176
497 1826
501 1070
501 1300
502 1252
503 517
503 552
503 703
503 836
503 914
503 1060
503 1061
503 1181
503 1196
503 1235
503 1236
503 1237
503 1238
503 1239
503 1240
503 1241
503 1242
503 1243
503 1244
503 1245
503 1246
504 1073
504 1153
504 1222
504 1267
504 1269
504 1271
504 1273
504 1275
504 1276
504 1279
504 1284
505 511
505 561
505 587
505 699
505 714
505 742
505 751
505 812
505 837
505 849
505 887
505 904
505 990
505 1055
505 1200
505 1211
505 1220
505 1265
505 1284
505 1285
505 1286
505 1287
505 1288
505 1289
505 1290
505 1291
505 1292
505 1293
505 1294
505 1295
505 1296
505 1297
505 1298
505 1299
505 1300
505 1301
506 1062
506 1163
506 1317
507 541
507 1063
508 828
508 890
508 1358
509 669
509 993
509 1135
509 1510
509 1598
510 543
510 730
510 1264
510 1294
511 647
511 1059
511 1635
511 1636
512 728
512 1118
512 1627
512 1656
512 1657
513 827
513 1372
513 1377
514 768
514 860
514 1297
514 1475
515 866
515 1063
515 1267
515 1683
516 782
517 821
517 1332
517 1837
519 1358
519 1653
519 1657
520 541
520 633
520 1349
521 945
521 1143
521 1693
523 1211
523 1639
523 1740
524 1580
524 1775
526 679
526 840
526 990
526 1559
527 1063
527 1817
529 552
529 1271
530 1065
530 1080
530 1399
534 1070
535 1317
536 736
536 830
536 1056
536 1191
536 1668
536 1751
536 1809
536 1923
538 1704
539 1766
539 1924
540 1692
541 798
541 973
541 1055
541 1061
541 1892
542 1066
542 1809
543 695
543 847
543 992
543 1013
543 1242
543 1553
543 1734
544 552
544 1824
545 1176
547 1231
548 971
548 1155
548 1857
549 678
549 1824
550 633
550 1833
551 1921
552 749
552 795
552 1625
554 1364
556 1080
558 832
560 797
561 1734
564 828
565 1164
566 1657
567 823
569 1408
569 1857
571 633
573 1294
574 705
574 763
574 1038
574 1539
575 719
575 1042
575 1618
575 1645
575 1647
575 1849
576 1775
577 896
579 1733
581 823
582 1340
586 837
586 915
586 948
586 1782
587 802
587 887
588 1826
590 899
590 1352
598 996
598 1369
598 1784
599 798
599 1177
599 1416
599 1498
601 1396
602 739
603 983
603 1148
603 1888
604 1740
605 854
605 969
605 1009
607 667
608 686
610 1253
610 1906
610 1953
611 717
611 1165
611 1184
611 1332
611 1340
611 1341
612 1173
612 1189
612 1471
614 834
614 1246
616 1059
616 1426
616 1659
616 1704
616 1826
620 890
621 1142
623 928
623 1018
623 1610
623 1934
623 1935
624 1912
625 1554
626 1295
626 1299
626 1471
628 817
628 1066
628 1273
629 797
630 1822
633 853
633 1323
633 1513
633 1825
636 746
636 785
636 933
636 939
636 1230
636 1437
636 1601
636 1656
636 1865
639 785
641 1349
645 991
646 1156
646 1653
647 1236
647 1791
649 988
649 1268
652 677
652 735
652 953
652 969
652 1420
652 1725
652 1839
653 788
654 1196
654 1208
656 1095
656 1354
656 1665
657 1905
658 1405
661 1066
664 1108
664 1322
664 1812
665 1014
665 1323
667 959
667 1302
667 1879
667 1960
672 823
672 921
672 1082
673 932
673 1371
675 1836
681 1068
681 1275
684 1340
685 1297
686 1758
687 920
689 1246
693 768
694 1523
695 1857
696 1066
696 1437
696 1438
697 1066
698 1176
698 1246
698 1452
698 1824
699 1289
700 920
702 1221
702 1417
702 1768
702 1770
702 1788
702 1905
702 1924
704 818
704 838
704 1072
704 1635
704 1656
704 1844
704 1878
704 1885
705 1075
705 1284
705 1413
707 1073
708 1289
708 1372
708 1377
709 817
709 1153
710 945
711 1248
712 817
713 788
713 924
713 933
713 1582
713 1664
713 1960
713 1989
714 1054
715 1273
715 1833
717 1171
717 1359
717 1652
718 762
721 1120
721 1139
721 1459
721 1484
721 1942
723 744
723 1712
724 1109
724 1175
724 1872
725 1065
726 1067
727 990
727 1421
728 1692
730 751
730 1776
730 1790
731 890
732 1377
734 1887
736 1273
737 946
739 1179
740 1174
740 1324
740 1665
741 1083
741 1230
742 787
742 835
744 1818
746 1267
746 1462
746 1463
748 1275
749 908
750 941
751 937
753 1275
753 1468
754 774
755 762
755 1349
757 1659
757 1775
762 946
762 1222
762 1655
762 1685
762 1729
762 1751
762 1795
762 1817
762 1837
764 1290
767 1023
768 1391
768 1792
771 1275
772 1471
774 1201
775 1921
776 896
777 1081
778 779
778 1837
779 1393
780 1090
782 980
782 1329
783 1244
784 797
784 1396
784 1837
787 1121
787 1284
787 1376
787 1635
787 1646
788 820
788 916
788 1708
790 1126
792 1729
794 1265
796 886
796 1017
796 1061
796 1576
796 1707
797 891
797 929
797 1105
797 1307
797 1587
797 1875
798 1779
811 1921
813 836
813 1237
813 1398
813 1433
813 1563
813 1602
813 1616
814 1068
814 1603
815 1887
816 1271
817 884
817 920
817 964
817 969
817 1058
817 1156
817 1399
817 1424
817 1673
817 1725
817 1886
817 1907
818 1087
820 1370
821 922
821 1598
821 1616
821 1914
821 1970
821 1998
822 1305
823 1268
823 1336
823 1523
823 1874
825 949
825 1206
825 1656
826 1075
826 1727
827 1046
827 1123
827 1795
827 1878
828 1055
828 1323
828 1626
829 1240
829 1312
829 1329
829 1352
829 1832
832 1644
832 1917
834 857
834 1614
834 1634
835 1121
835 1452
836 941
836 992
837 1639
837 1766
838 1256
838 1290
839 1817
840 1126
844 1862
846 934
846 1122
846 1350
846 1853
846 1867
847 937
848 1086
848 1256
852 1220
856 1322
856 1794
856 1840
856 1923
856 1993
862 1779
866 910
867 1273
868 1462
871 992
873 1284
873 1297
875 1677
877 1837
880 1577
880 1639
882 1248
882 1657
883 1078
883 1238
883 1296
883 1905
884 1296
885 1020
885 1269
885 1685
886 1804
886 1862
887 1295
890 1212
890 1444
890 1567
890 1812
890 1829
890 1918
896 1527
897 1803
901 1085
904 1741
907 964
907 1244
908 1743
910 1354
910 1355
910 1358
910 1364
911 920
911 1683
911 1685
912 1296
912 1735
913 1452
913 1786
913 1833
914 1065
914 1809
915 991
915 1191
916 1699
918 1142
918 1779
919 1708
919 1767
921 1501
921 1507
921 1529
921 1537
922 1067
922 1245
922 1766
929 1408
933 1037
937 1166
937 1489
937 1592
937 1759
937 1765
939 1143
941 1541
941 1724
941 1891
943 1322
943 1734
949 1269
953 1767
955 1156
956 1646
957 999
958 1685
960 1483
962 1298
964 1612
969 1184
971 1018
971 1091
973 1060
973 1229
973 1249
973 1405
973 1579
973 1734
973 1813
974 1020
980 1298
980 1646
984 1010
984 1328
984 1398
984 1416
984 1593
987 1248
988 1041
988 1059
988 1685
989 1087
989 1207
990 1005
991 1368
991 1637
992 1884
993 1565
994 1163
999 1687
1001 1086
1001 1779
1005 1304
1005 1590
1005 1866
1006 1791
1006 1915
1007 1566
1009 1826
1010 1296
1010 1433
1010 1446
1012 1817
1013 1121
1016 1244
1016 1452
1017 1067
1020 1304
1020 1992
1023 1131
1023 1183
1023 1492
1023 1573
1023 1769
1024 1177
1024 1844
1024 1995
1026 1487
1026 1491
1026 1848
1026 1878
1029 1289
1029 1475
1031 1211
1035 1779
1041 1247
1041 1379
1041 1703
1048 1136
1048 1282
1053 1088
1054 1190
1054 1460
1055 1173
1055 1290
1055 1299
1055 1712
1056 1078
1057 1423
1057 1861
1057 1919
1058 1565
1059 1552
1059 1558
1059 1705
1060 1062
1060 1181
1060 1399
1061 1433
1062 1792
1062 1968
1063 1454
1064 1886
1065 1292
1065 1401
1065 1470
1065 1743
1065 1979
1066 1445
1067 1174
1067 1260
1067 1313
1067 1488
1067 1866
1068 1811
1068 1831
1070 1247
1070 1417
1071 1180
1071 1196
1071 1302
1071 1640
1071 1853
1071 1874
1071 1979
1073 1194
1073 1204
1074 1171
1074 1357
1074 1441
1074 1634
1074 1962
1075 1436
1076 1260
1076 1416
1076 1689
1076 1985
1078 1094
1079 1354
1080 1680
1081 1513
1082 1094
1082 1807
1083 1358
1084 1136
1084 1292
1084 1310
1085 1241
1085 1328
1085 1908
1086 1474
1087 1120
1087 1699
1088 1091
1088 1136
1088 1270
1088 1579
1088 1969
1090 1282
1090 1591
1090 1839
1091 1712
1093 1809
1094 1554
1095 1556
1096 1389
1096 1459
1096 1855
1096 1896
1098 1786
1099 1354
1100 1742
1103 1243
1106 1603
1108 1636
1109 1317
1109 1788
1110 1297
1112 1231
1115 1822
1117 1566
1117 1635
1118 1556
1119 1364
1120 1271
1121 1957
1126 1563
1126 1690
1126 1714
1126 1794
1128 1766
1132 1256
1134 1369
1134 1374
1134 1466
1135 1290
1136 1245
1136 1354
1137 1458
1137 1566
1138 1279
1139 1468
1140 1142
1142 1255
1142 1274
1142 1684
1143 1718
1143 1741
1144 1740
1146 1341
1155 1626
1155 1627
1156 1563
1156 1579
1156 1811
1158 1700
1158 1822
1159 1837
1159 1862
1161 1639
1163 1749
1164 1599
1164 1953
1165 1746
1167 1176
1168 1297
1171 1279
1171 1636
1173 1267
1173 1269
1173 1745
1173 1787
1173 1820
1173 1867
1173 1881
1173 1896
1176 1308
1176 1547
1176 1633
1176 1937
1176 1988
1178 1257
1181 1835
1184 1667
1184 1722
1188 1296
1189 1797
1190 1299
1191 1598
1191 1947
1192 1803
1192 1804
1193 1712
1195 1659
1195 1683
1197 1276
1198 1408
1206 1538
1207 1631
1213 1377
1214 1566
1215 1265
1216 1681
1220 1261
1220 1731
1221 1580
1222 1744
1223 1555
1225 1646
1228 1712
1231 1459
1237 1267
1237 1779
1237 1836
1238 1970
1243 1524
1243 1585
1243 1781
1243 1820
1244 1257
1244 1369
1244 1738
1244 1770
1244 1830
1245 1586
1250 1767
1256 1768
1256 1890
1258 1799
1265 1322
1267 1488
1267 1599
1267 1720
1269 1450
1271 1754
1271 1959
1272 1556
1273 1307
1275 1307
1275 1899
1275 1988
1276 1436
1276 1602
1283 1376
1289 1521
1290 1748
1291 1826
1292 1857
1293 1742
1294 1490
1295 1947
1296 1600
1296 1814
1297 1461
1297 1640
1298 1308
1298 1567
1298 1802
1299 1758
1300 1325
1304 1314
1310 1314
1312 1742
1317 1701
1317 1906
1322 1603
1332 1820
1332 1932
1332 1936
1333 1396
1333 1857
1336 1426
1340 1701
1341 1543
1342 1437
1346 1921
1349 1801
1354 1695
1354 1855
1354 1983
1354 1993
1355 1612
1358 1467
1364 1561
1366 1458
1369 1767
1371 1538
1373 1779
1376 1453
1376 1710
1376 1930
1377 1453
1380 1603
1382 1677
1390 1836
1392 1580
1394 1565
1396 1773
1396 1879
1396 1880
1398 1566
1399 1587
1399 1628
1399 1717
1399 1810
1402 1912
1402 1924
1405 1511
1405 1532
1405 1680
1413 1652
1422 1766
1424 1826
1424 1833
1426 1478
1426 1600
1426 1807
1427 1735
1428 1623
1438 1598
1446 1484
1446 1968
1452 1545
1452 1633
1455 1462
1458 1906
1460 1826
1462 1552
1463 1844
1465 1538
1468 1509
1468 1925
1468 1949
1471 1764
1475 1841
1475 1934
1475 1977
1483 1762
1487 1862
1493 1566
1496 1558
1496 1612
1496 1796
1503 1712
1504 1708
1504 1799
1508 1580
1513 1639
1525 1653
1528 1555
1529 1887
1535 1857
1538 1936
1540 1729
1547 1693
1554 1581
1554 1897
1556 1903
1557 1742
1566 1933
1577 1578
1577 1612
1580 1796
1589 1735
1598 1729
1603 1937
1603 1975
1610 1886
1624 1905
1629 1729
1635 1838
1646 1983
1651 1931
1655 1766
1668 1817
1677 1703
1678 1862
1679 1766
1691 1912
1693 1948
1701 1735
1704 1893
1704 1916
1707 1887
1712 1738
1712 1906
1713 1924
1737 1742
1739 1804
1740 1974
1742 1806
1766 1840
1766 1981
1779 1787
1779 1898
1784 1788
1799 1844
1799 1953
1803 1881
1804 1820
1804 1885
1810 1837
1825 1837
1832 1886
1833 1892
1862 1947
