0 6
0 22
0 41
1 90
1 365
1 369
1 370
1 399
2 22
2 90
2 319
2 369
2 491
3 365
3 503
3 505
3 507
3 508
3 509
3 518
3 575
3 586
3 603
4 509
5 90
5 509
5 815
5 882
5 908
6 8
6 17
6 22
6 41
6 90
6 100
6 143
6 177
6 178
6 181
6 183
6 184
6 186
6 211
6 319
6 357
6 361
6 365
6 367
6 369
6 399
6 491
6 503
6 505
6 507
6 508
6 509
6 518
6 575
6 586
6 590
6 603
6 623
6 649
6 659
6 663
6 697
6 714
6 741
6 774
6 782
6 815
6 835
6 838
6 908
6 973
6 1023
6 1037
6 1055
6 1056
6 1057
6 1058
6 1059
6 1060
6 1061
6 1062
6 1063
6 1064
6 1065
6 1066
6 1067
6 1068
6 1069
6 1070
6 1071
6 1072
6 1073
6 1074
6 1075
6 1076
6 1077
6 1078
6 1079
6 1080
6 1081
6 1082
6 1083
6 1084
6 1085
6 1086
6 1087
6 1088
6 1089
6 1090
7 741
7 1058
7 1074
7 1108
8 215
8 505
8 1058
8 1071
9 1059
10 623
10 1068
11 41
12 509
13 90
16 505
16 1248
17 491
18 1062
18 1081
20 505
22 95
22 162
22 180
22 427
22 816
22 838
22 936
22 1435
22 1475
22 1598
23 1057
26 575
28 1045
28 1068
28 1084
31 1067
34 1125
35 882
36 882
36 1037
39 1081
41 381
41 746
41 1473
44 1059
52 1076
61 882
90 91
90 92
90 93
90 94
90 95
90 96
90 97
90 98
90 99
90 100
90 101
90 102
90 103
90 104
90 105
90 106
90 107
90 108
90 109
90 110
90 111
90 112
90 113
90 114
90 115
90 116
90 117
90 118
90 119
90 120
90 121
90 122
90 123
90 124
90 125
90 126
90 127
90 128
90 129
90 130
90 131
90 132
90 133
90 134
90 135
90 136
90 137
90 138
90 139
90 140
91 503
91 505
91 507
91 623
91 649
91 659
93 508
94 1057
95 507
98 1037
99 1068
105 491
108 365
109 370
111 1113
113 369
115 365
118 509
121 973
122 518
128 518
138 491
143 369
143 370
143 1077
145 1074
145 1113
147 1075
149 215
149 815
151 505
152 503
152 1062
157 1067
160 908
160 1056
166 882
170 365
170 586
173 365
177 211
177 215
178 365
178 370
178 518
178 774
178 782
179 507
179 518
179 815
180 503
181 365
181 508
181 518
181 1037
181 1045
182 503
183 505
183 508
184 319
185 623
186 1074
187 365
187 1057
189 774
191 365
193 507
195 1089
198 882
203 369
203 1056
205 1096
209 365
209 370
210 370
210 1064
211 261
211 297
211 308
211 591
211 625
211 765
211 787
211 927
211 1032
211 1239
211 1421
211 1542
211 1612
211 1695
211 1864
212 507
213 1108
215 286
215 618
215 882
215 1022
215 1825
215 1867
215 1869
216 659
216 1064
220 1067
225 370
227 1073
232 365
235 1082
249 319
250 369
250 649
286 370
293 1072
295 319
295 357
295 361
296 503
296 505
296 741
297 973
298 370
303 365
304 365
305 365
307 1070
308 370
308 1056
309 505
311 365
311 369
311 505
311 1080
319 502
319 984
319 1054
319 1126
319 1134
319 1171
319 1301
319 1308
319 1310
319 1354
319 1521
319 1526
319 1727
319 1735
319 1836
322 1096
329 370
343 973
344 503
351 1058
357 410
357 501
357 534
357 1839
361 504
361 924
361 1880
364 1056
364 1096
365 366
365 370
365 393
365 445
365 447
365 520
365 521
365 540
365 555
365 559
365 608
365 650
365 704
365 722
365 787
365 796
365 822
365 882
365 910
365 999
365 1012
365 1016
365 1025
365 1045
365 1096
365 1107
365 1108
365 1109
365 1110
365 1111
365 1112
365 1113
365 1114
365 1115
365 1116
365 1117
365 1118
365 1119
365 1120
365 1121
365 1122
365 1123
365 1124
365 1125
365 1126
365 1127
365 1128
365 1129
365 1130
365 1131
365 1132
365 1133
365 1134
367 1248
368 507
369 504
369 526
369 597
369 680
369 681
369 709
369 896
369 1038
369 1285
369 1317
369 1318
369 1488
369 1499
369 1536
369 1537
369 1538
369 1539
369 1540
369 1541
370 393
370 496
370 513
370 528
370 590
370 674
370 798
370 852
370 868
370 895
370 1093
370 1120
370 1177
370 1229
370 1241
370 1346
370 1371
370 1485
370 1497
370 1523
370 1607
370 1608
370 1609
371 507
380 1087
384 1064
386 1057
387 508
394 399
399 455
399 516
399 947
399 1197
399 1672
399 1688
399 1761
403 507
404 1079
411 1108
424 1059
441 1064
444 1077
445 882
446 1081
448 1057
449 623
450 1072
451 491
452 973
453 649
454 503
454 507
455 1085
456 505
458 1076
459 1125
460 1064
460 1113
473 508
484 1062
490 1108
491 1957
493 649
499 1045
501 1070
503 517
503 552
503 703
503 836
503 914
503 1060
503 1061
503 1181
503 1196
503 1235
503 1236
503 1237
503 1238
503 1239
503 1240
503 1241
503 1242
503 1243
503 1244
503 1245
503 1246
504 1073
505 511
505 561
505 587
505 699
505 714
505 742
505 751
505 812
505 837
505 849
505 887
505 904
505 990
505 1055
505 1200
505 1211
505 1220
505 1265
505 1284
505 1285
505 1286
505 1287
505 1288
505 1289
505 1290
505 1291
505 1292
505 1293
505 1294
505 1295
505 1296
505 1297
505 1298
505 1299
505 1300
505 1301
506 1062
506 1108
507 534
507 541
507 550
507 900
507 913
507 1063
507 1138
507 1323
507 1353
507 1386
507 1417
507 1418
507 1419
507 1420
508 538
508 606
508 828
508 845
508 850
508 890
508 1039
508 1218
508 1358
508 1542
508 1543
508 1544
508 1545
509 669
509 993
509 1135
509 1510
509 1598
511 1059
516 782
517 1125
518 531
518 591
518 627
518 708
518 722
518 763
518 974
518 1174
518 1253
518 1268
518 1343
518 1353
518 1368
518 1394
518 1424
518 1673
518 1818
518 1849
518 1852
530 1058
530 1080
533 882
534 1070
536 1056
541 973
542 1066
545 815
547 1077
556 1080
575 719
575 1042
575 1618
575 1645
575 1647
575 1849
586 837
586 915
586 948
586 1782
603 983
603 1148
603 1888
611 882
611 1108
612 1133
616 1059
623 928
623 1018
623 1610
623 1934
623 1935
628 1066
642 1058
649 988
649 1268
659 888
659 959
659 1398
661 1066
664 1108
668 1108
672 1082
681 1068
696 1066
697 1066
700 1115
704 1072
705 1075
707 1073
711 882
711 1248
726 1067
741 1083
741 1230
749 908
754 774
774 1201
775 1113
777 1081
780 1090
782 980
782 1329
787 1077
787 1133
788 1058
789 1056
790 1089
814 1068
815 995
815 1010
815 1235
815 1270
815 1326
815 1531
815 1604
815 1613
815 1750
815 1887
815 1911
817 1058
818 1087
826 1075
835 1108
858 1089
882 988
882 1069
882 1248
882 1356
882 1406
882 1435
882 1518
882 1657
882 1726
882 1891
883 1115
889 1079
901 1085
902 1079
908 1743
909 1113
910 1115
918 1045
922 1067
933 1037
967 1079
969 1058
973 1060
973 1229
973 1249
973 1405
973 1579
973 1734
973 1813
979 1113
987 1248
988 1059
989 1087
1013 1113
1017 1067
1045 1398
1049 1056
1053 1088
1056 1078
1056 1175
1056 1236
1056 1367
1057 1423
1057 1861
1057 1919
1058 1565
1058 1576
1058 1680
1058 1793
1059 1552
1059 1558
1059 1705
1060 1062
1062 1792
1062 1968
1064 1320
1064 1834
1064 1886
1064 1922
1066 1445
1067 1174
1067 1260
1067 1313
1067 1488
1067 1866
1068 1811
1068 1831
1070 1247
1070 1417
1071 1180
1071 1196
1071 1302
1071 1640
1071 1853
1071 1874
1071 1979
1072 1330
1072 1453
1072 1671
1073 1194
1073 1204
1074 1171
1074 1357
1074 1441
1074 1634
1074 1962
1075 1436
1076 1260
1076 1416
1076 1689
1076 1985
1077 1488
1079 1354
1080 1680
1081 1513
1082 1094
1082 1807
1084 1136
1084 1292
1084 1310
1085 1241
1085 1328
1085 1908
1087 1120
1087 1699
1088 1091
1088 1136
1088 1270
1088 1579
1088 1969
1089 1144
1089 1351
1090 1282
1090 1591
1090 1839
1096 1389
1096 1459
1096 1855
1096 1896
1107 1125
1108 1131
1108 1141
1108 1597
1108 1636
1108 1731
1108 1732
1108 1733
1113 1613
1113 1691
1113 1789
1115 1129
1115 1498
1115 1536
1115 1822
1115 1976
1115 1994
1120 1133
1125 1263
1125 1595
1125 1698
1133 1453
