0 4
0 43
0 62
0 80
1 196
1 207
1 213
1 415
1 418
2 4
2 448
2 460
2 482
3 4
3 43
3 298
3 460
3 509
3 512
3 549
3 564
4 8
4 15
4 62
4 91
4 94
4 95
4 102
4 103
4 119
4 146
4 147
4 168
4 180
4 183
4 187
4 191
4 192
4 193
4 196
4 213
4 296
4 298
4 299
4 303
4 304
4 313
4 383
4 415
4 418
4 448
4 482
4 509
4 511
4 512
4 549
4 564
4 572
4 601
4 613
4 631
4 698
4 702
4 715
4 736
4 747
4 750
4 785
4 791
4 795
4 797
4 813
4 835
4 836
4 837
4 838
4 839
4 840
4 841
4 842
4 843
4 844
4 845
4 846
4 847
4 848
4 849
4 850
4 851
4 852
4 853
4 854
4 855
4 856
4 857
4 858
4 859
4 860
4 861
4 862
4 863
4 864
4 865
4 866
4 867
4 868
4 869
4 870
4 871
4 872
4 873
4 874
4 875
4 876
4 877
4 878
4 879
4 880
5 102
5 509
5 875
5 883
6 183
6 509
6 835
7 103
7 863
7 883
8 213
8 613
8 835
9 298
10 843
10 879
12 302
12 509
15 302
18 183
18 191
18 1008
19 448
22 95
22 816
25 304
29 183
29 1000
37 302
38 813
39 183
42 912
43 152
43 171
43 298
43 452
43 779
43 1185
43 1373
43 1506
43 1774
43 1980
46 460
47 207
47 448
48 196
48 302
49 865
54 302
62 477
62 574
62 1291
62 1554
62 1738
62 1742
65 1002
74 512
78 992
80 296
80 298
80 1150
80 1750
80 1967
83 912
85 448
86 302
90 95
90 102
90 103
90 112
91 298
91 613
92 750
92 795
93 304
93 752
95 214
95 337
95 368
95 459
95 504
95 507
95 756
95 1017
95 1028
95 1136
95 1148
95 1615
96 852
99 837
100 835
102 141
102 408
102 409
102 1031
102 1092
102 1196
102 1741
103 107
103 258
103 903
103 1103
103 1151
103 1172
103 1218
103 1390
103 1396
103 1465
103 1713
109 869
112 298
112 300
112 537
112 655
112 921
112 1026
112 1202
112 1242
112 1896
112 1978
118 509
118 860
120 1185
121 863
129 998
141 155
141 171
142 795
143 564
144 298
144 816
144 843
145 549
145 813
145 843
147 865
148 613
148 998
150 191
151 992
152 715
152 992
154 860
155 298
155 377
155 454
155 702
155 1216
155 1328
155 1585
155 1916
155 1925
161 171
161 856
165 207
167 448
168 304
171 179
171 1927
177 183
177 191
177 196
177 207
177 213
178 750
178 752
179 448
179 512
179 813
179 816
180 302
180 750
180 813
180 846
180 852
180 912
180 949
181 837
182 856
182 998
183 188
183 197
183 320
183 505
183 508
183 611
183 619
183 735
183 757
183 824
183 862
183 1192
183 1342
183 1343
183 1344
183 1345
183 1346
183 1347
183 1348
183 1349
183 1350
183 1351
184 835
186 302
186 304
186 912
187 1506
188 191
188 846
190 813
191 208
191 296
191 333
191 365
191 372
191 454
191 818
191 954
191 1290
191 1577
191 1578
193 816
196 295
196 305
196 1267
196 1434
196 1651
198 298
199 302
200 418
202 304
202 840
203 1005
204 302
204 883
207 298
207 450
207 451
207 452
207 987
207 1146
207 1270
207 1414
207 1514
207 1774
207 1828
207 1844
207 1851
213 353
213 492
213 671
213 1108
213 1198
213 1208
213 1888
223 750
238 872
239 835
242 858
245 460
260 912
269 613
277 840
288 863
295 298
295 302
295 304
296 298
296 302
296 448
296 512
296 715
297 613
297 750
297 865
298 302
298 370
298 433
298 460
298 504
298 544
298 622
298 746
298 752
298 816
298 820
298 883
298 912
298 918
298 949
298 986
298 987
298 988
298 989
298 990
298 991
298 992
298 993
298 994
298 995
298 996
298 997
298 998
298 999
298 1000
298 1001
298 1002
298 1003
298 1004
298 1005
298 1006
298 1007
298 1008
298 1009
299 418
300 512
300 846
302 350
302 358
302 559
302 645
302 793
302 924
302 1325
302 1404
302 1476
302 1510
302 1511
302 1512
302 1513
302 1514
302 1515
302 1516
302 1517
302 1518
302 1519
303 860
304 365
304 475
304 620
304 697
304 760
304 838
304 911
304 1001
304 1177
304 1274
304 1460
304 1639
304 1640
304 1641
304 1642
304 1643
305 837
307 813
308 715
310 837
313 816
313 1506
314 856
316 512
320 852
321 837
322 949
326 512
327 850
327 912
330 883
333 448
340 460
342 837
362 448
364 998
366 564
366 845
366 912
366 1185
367 835
367 869
367 912
368 846
370 852
373 872
374 843
374 912
378 850
379 850
381 837
382 840
383 1002
393 835
400 843
412 813
415 446
415 595
415 1140
415 1171
418 718
418 1939
433 613
435 795
448 485
448 612
448 640
448 654
448 678
448 754
448 841
448 930
448 967
448 1057
448 1206
448 1258
448 1430
448 1470
448 1486
448 1499
448 1562
448 1586
448 1588
448 1593
448 1722
448 1740
448 1741
448 1742
448 1743
448 1744
448 1745
448 1746
448 1747
448 1748
448 1749
451 867
451 883
451 997
456 997
460 612
460 706
460 947
460 1064
460 1113
460 1256
460 1450
460 1900
461 835
464 512
464 872
473 482
475 835
475 864
482 773
482 866
482 1055
482 1132
482 1165
482 1261
482 1870
504 840
505 837
506 752
508 845
508 850
509 669
509 993
509 1135
509 1510
509 1598
510 837
510 874
512 728
512 1118
512 1627
512 1656
512 1657
514 613
514 860
520 848
525 1506
526 840
527 869
531 816
533 613
533 837
539 549
543 992
548 912
549 678
549 701
549 1824
549 1973
552 795
564 759
564 828
564 1952
568 879
586 837
596 865
611 752
613 620
613 911
613 950
613 1051
613 1254
613 1318
613 1319
613 1344
613 1363
613 1516
613 1632
613 1688
613 1689
613 1690
620 837
625 845
632 997
634 872
637 750
658 750
671 863
700 912
710 859
711 867
715 756
715 1273
715 1363
715 1833
715 1904
742 835
750 941
750 946
750 1466
750 1913
752 1208
753 1008
760 1185
769 837
777 883
778 1000
788 845
795 1162
795 1286
795 1835
800 843
803 883
813 836
813 1237
813 1398
813 1433
813 1563
813 1602
813 1616
816 902
816 1021
816 1028
816 1098
816 1253
816 1271
816 1449
816 1561
816 1762
816 1815
816 1896
816 1920
825 949
835 1108
835 1121
835 1451
835 1452
835 1453
835 1454
836 992
837 1193
837 1263
837 1374
837 1521
837 1639
837 1766
838 1008
840 911
840 1126
840 1226
840 1323
840 1865
840 1866
843 1393
843 1599
843 1697
843 1918
845 1028
845 1821
845 1861
845 1900
845 1907
846 934
846 1122
846 1350
846 1853
846 1867
848 857
848 952
848 1010
848 1086
848 1256
848 1352
848 1403
849 874
850 1254
850 1909
850 1958
850 1991
852 1220
856 1322
856 1794
856 1840
856 1923
856 1993
858 1089
858 1179
858 1424
858 1431
858 1517
858 1529
858 1958
859 1291
859 1488
859 1846
859 1940
859 1989
861 883
863 1120
863 1166
864 1044
864 1151
864 1417
864 1634
864 1987
865 1455
867 897
867 1273
868 883
869 1094
871 992
874 1490
874 1816
875 1644
875 1677
875 1734
875 1758
879 1525
879 1823
880 1055
880 1577
880 1639
880 1734
883 1078
883 1104
883 1115
883 1139
883 1238
883 1296
883 1347
883 1369
883 1402
883 1500
883 1582
883 1694
883 1769
883 1813
883 1903
883 1904
883 1905
885 912
886 912
912 1296
912 1414
912 1547
912 1597
912 1607
912 1696
912 1716
912 1735
912 1736
912 1737
912 1738
912 1739
939 998
949 1269
990 1005
992 1884
997 1018
998 1737
1000 1419
1000 1461
1000 1489
1000 1561
1002 1776
1002 1783
1003 1139
1003 1157
1003 1510
1003 1785
1005 1304
1005 1590
1005 1866
1008 1148
1185 1723
1185 1773
1506 1582
