1 376
1 418
2 99
2 447
2 477
2 488
2 489
2 495
3 93
3 98
3 376
3 515
3 524
3 546
3 570
4 299
4 304
4 418
4 848
5 255
5 299
5 312
5 710
5 895
5 896
7 312
7 447
7 617
7 1152
8 301
8 617
8 825
10 617
11 1218
12 299
12 515
14 301
16 524
18 99
18 299
20 1255
23 98
23 1218
24 1043
25 304
25 1231
28 1255
29 1230
30 1259
32 376
37 1834
39 1216
50 1095
52 986
56 1259
62 477
69 895
90 93
90 98
90 99
91 515
91 570
91 617
91 641
91 676
91 677
93 97
93 139
93 177
93 202
93 255
93 295
93 299
93 304
93 376
93 382
93 488
93 489
93 508
93 639
93 696
93 724
93 752
93 766
93 820
93 825
93 857
93 911
93 913
93 1015
93 1043
93 1095
93 1255
93 1256
93 1257
93 1258
93 1259
93 1260
93 1261
93 1262
93 1263
93 1264
93 1265
93 1266
96 1107
98 199
98 203
98 299
98 323
98 325
98 1037
98 1219
98 1449
98 1511
98 1645
98 1648
98 1654
98 1870
98 1871
98 1872
99 174
99 299
99 548
99 639
99 837
99 1068
99 1104
99 1265
99 1406
99 1598
99 1717
103 1218
107 1223
110 1224
116 1010
118 301
124 1232
132 1227
136 1043
141 175
142 1152
144 1258
144 1264
145 986
145 1221
145 1226
145 1229
145 1264
147 1107
148 524
151 240
151 299
151 1446
152 495
153 710
154 1224
155 1216
160 524
161 1010
162 986
166 175
168 304
169 1223
174 641
175 299
175 459
175 838
177 217
177 240
177 255
178 752
178 759
178 766
179 299
179 301
179 820
179 825
180 217
180 376
181 986
181 1010
181 1043
186 304
188 724
192 255
192 677
192 825
192 1107
195 447
200 418
202 304
204 447
205 896
205 971
206 1224
212 1258
217 220
217 236
217 299
217 788
217 851
217 943
217 969
217 1323
217 1504
217 1559
217 1562
217 1568
217 1679
217 1725
218 1447
223 1216
226 1264
235 301
237 677
240 299
240 328
240 631
241 301
242 1258
243 1107
249 1216
249 1446
250 477
253 986
255 594
255 1521
255 1596
263 1095
265 710
283 1217
295 299
295 301
295 304
295 312
295 330
296 299
296 710
296 719
296 724
297 971
298 752
298 820
298 986
299 301
299 330
299 418
299 447
299 477
299 495
299 524
299 546
299 641
299 676
299 710
299 719
299 748
299 759
299 895
299 896
299 971
299 986
299 1010
299 1107
299 1152
299 1216
299 1217
299 1218
299 1219
299 1220
299 1221
299 1222
299 1223
299 1224
299 1225
299 1226
299 1227
299 1228
299 1229
299 1230
299 1231
299 1232
299 1233
299 1234
300 766
300 1010
300 1230
301 440
301 534
301 611
301 621
301 733
301 787
301 826
301 1194
301 1271
301 1319
301 1330
301 1396
301 1397
301 1398
301 1399
301 1400
301 1401
301 1402
301 1403
301 1404
301 1405
301 1406
301 1407
301 1408
301 1409
301 1410
304 365
304 475
304 620
304 697
304 760
304 838
304 911
304 1001
304 1177
304 1274
304 1460
304 1639
304 1640
304 1641
304 1642
304 1643
305 825
306 1223
307 1262
312 329
312 619
312 942
312 1010
312 1356
312 1425
312 1912
313 759
315 1259
324 1095
329 1221
330 366
330 632
330 883
330 1015
330 1126
330 1266
330 1439
330 1583
331 1107
338 515
338 1260
341 676
345 1220
356 1234
360 1218
364 1010
364 1095
365 447
365 1107
366 986
367 1010
367 1220
368 641
369 896
370 895
370 1229
371 1010
371 1232
371 1447
376 391
376 469
376 632
376 634
376 683
376 788
376 818
376 1116
376 1300
376 1375
376 1437
376 1553
376 1584
376 1599
376 1615
376 1641
376 1646
376 1817
376 1818
376 1819
377 1258
378 1446
382 546
383 1217
383 1234
384 1010
387 1217
389 617
405 477
405 1152
411 676
412 1232
417 1095
418 718
418 1939
432 1095
436 1217
442 1232
446 1095
447 514
447 706
447 841
447 1195
447 1199
447 1207
447 1700
447 1701
448 1258
449 1222
450 1229
451 719
452 1233
455 1228
462 524
465 1226
476 1107
477 582
477 1459
477 1569
478 515
484 1255
488 792
488 1250
488 1976
489 655
489 1244
489 1247
495 688
495 1605
495 1858
501 1255
504 1222
505 1220
506 752
506 766
508 1218
510 1264
515 611
515 617
515 627
515 866
515 1010
515 1063
515 1267
515 1286
515 1343
515 1440
515 1683
515 1734
520 848
521 1223
524 913
524 1049
524 1361
524 1580
524 1775
524 1889
534 719
538 546
546 786
546 791
546 1962
547 1231
548 971
555 895
564 759
565 1233
568 1230
569 1255
570 748
570 769
570 910
570 1010
570 1979
575 719
577 896
580 1221
597 766
608 1258
611 752
611 766
611 1255
611 1260
615 1255
616 1263
617 909
617 1257
617 1359
617 1522
617 1604
617 1834
624 986
625 1043
629 1227
636 1230
641 881
641 1151
641 1349
641 1369
641 1469
641 1911
645 719
650 710
652 677
656 1095
676 1520
677 1010
677 1755
677 1929
684 1226
687 986
692 1010
696 1259
701 1223
702 1221
710 778
710 859
710 945
710 993
710 1019
710 1055
710 1270
710 1316
710 1661
710 1713
710 1938
719 1608
719 1870
724 1109
724 1175
724 1872
731 759
741 1230
746 1107
747 1010
748 1233
748 1260
752 1208
759 911
759 1021
759 1398
759 1932
759 1974
762 1222
766 981
766 1663
766 1687
776 896
777 1233
788 820
788 1225
802 1010
806 1223
810 1227
815 1010
819 1217
820 1370
824 1221
824 1260
825 949
825 1206
825 1656
830 1227
837 1263
840 1226
848 857
848 952
848 1010
848 1086
848 1256
848 1352
848 1403
852 1220
854 1227
876 1227
885 1255
895 1660
895 1996
896 1527
915 1262
923 1010
930 1255
932 1010
954 1262
968 1095
971 1018
971 1091
973 1229
984 1010
986 995
986 1111
986 1407
986 1825
1010 1296
1010 1344
1010 1433
1010 1445
1010 1446
1010 1447
1010 1448
1035 1095
1035 1226
1040 1259
1043 1140
1055 1234
1055 1447
1064 1834
1067 1260
1076 1260
1095 1141
1095 1144
1095 1521
1095 1556
1095 1567
1097 1255
1102 1447
1106 1223
1107 1125
1107 1135
1107 1193
1107 1663
1107 1664
1112 1231
1119 1263
1123 1258
1125 1263
1136 1224
1142 1255
1144 1228
1152 1624
1216 1681
1217 1523
1220 1261
1220 1731
1221 1580
1221 1914
1222 1744
1223 1555
1223 1938
1223 1956
1225 1579
1225 1646
1225 1726
1227 1523
1227 1734
1227 1890
1228 1576
1228 1712
1228 1827
1228 1982
1231 1459
1232 1634
1234 1960
1255 1551
1255 1665
1255 1667
1255 1925
1255 1926
1258 1362
1258 1417
1258 1478
1258 1799
1258 1982
1259 1488
1259 1619
1259 1986
1260 1304
1260 1965
1260 1975
1262 1369
1262 1600
1262 1790
1262 1818
1446 1484
1446 1968
1586 1834
1725 1834
