0 11
0 42
0 50
0 60
0 63
1 178
1 190
1 196
1 295
2 178
2 179
2 216
2 319
2 342
2 345
3 190
3 295
3 297
3 298
3 300
3 317
3 329
3 350
4 187
4 196
4 298
4 304
5 179
5 295
5 355
6 178
6 319
6 357
6 361
7 310
7 334
7 346
7 794
8 300
8 336
8 349
8 353
9 295
9 298
9 351
10 179
10 297
10 328
11 41
11 143
11 181
11 295
11 368
11 459
11 747
11 748
11 1218
11 1343
11 1498
12 352
15 179
16 111
17 297
17 328
17 363
18 179
18 335
19 178
19 297
19 317
20 297
20 354
21 178
21 358
24 179
25 304
26 297
29 216
32 300
32 794
35 300
42 141
42 251
42 295
42 429
42 581
42 817
42 912
42 1457
42 1619
42 1744
42 1876
42 1942
43 298
48 196
50 52
50 193
50 297
50 548
50 1095
51 335
60 140
60 177
60 295
60 382
60 572
60 584
60 1219
60 1816
60 1996
61 308
63 239
63 295
63 478
63 770
63 1374
63 1453
63 1624
63 1762
63 1795
67 111
71 115
76 354
77 339
80 298
88 289
90 111
90 115
91 178
91 179
91 297
91 298
91 308
91 332
92 295
92 300
92 794
93 295
93 304
94 297
95 337
96 297
104 341
109 308
110 308
111 234
111 258
111 295
111 517
111 814
111 1113
111 1775
111 1839
111 1905
111 1944
112 298
112 300
115 295
115 365
115 838
115 891
115 1148
115 1618
117 179
137 295
142 178
143 295
144 178
144 298
145 362
146 187
150 178
151 334
153 317
155 298
156 178
157 1927
168 304
171 179
171 1927
177 178
177 179
177 187
177 190
177 196
177 216
177 238
177 289
178 184
178 185
178 186
178 225
178 230
178 295
178 347
178 364
178 365
178 368
178 370
178 478
178 506
178 518
178 528
178 611
178 614
178 621
178 629
178 664
178 670
178 746
178 747
178 748
178 749
178 750
178 751
178 752
178 753
178 754
178 755
178 756
178 757
178 758
178 759
178 760
178 761
178 762
178 763
178 764
178 765
178 766
178 767
178 768
178 769
178 770
178 771
178 772
178 773
178 774
178 775
178 776
178 777
178 778
178 779
178 780
178 781
178 782
178 783
178 784
178 785
178 786
179 181
179 185
179 200
179 227
179 228
179 231
179 272
179 274
179 276
179 295
179 296
179 299
179 301
179 314
179 318
179 325
179 422
179 448
179 455
179 507
179 512
179 516
179 518
179 522
179 536
179 583
179 654
179 694
179 696
179 739
179 744
179 788
179 813
179 814
179 815
179 816
179 817
179 818
179 819
179 820
179 821
179 822
179 823
179 824
179 825
179 826
179 827
179 828
179 829
179 830
179 831
179 832
179 833
179 834
180 295
180 297
180 317
180 345
180 363
183 320
184 297
184 319
185 295
186 187
186 190
186 304
186 794
187 188
187 295
187 303
187 365
187 440
187 455
187 619
187 658
187 979
187 982
187 1009
187 1057
187 1114
187 1186
187 1245
187 1251
187 1304
187 1369
187 1420
187 1499
187 1500
187 1501
187 1502
187 1503
187 1504
187 1505
187 1506
188 295
188 297
188 337
190 216
190 289
190 297
190 377
190 723
190 763
190 793
190 794
190 799
190 813
190 814
190 871
190 881
190 1135
190 1194
190 1335
190 1480
190 1573
190 1574
190 1575
190 1576
191 333
192 342
193 339
195 310
196 295
196 305
196 1267
196 1434
196 1651
198 298
198 352
200 295
202 304
205 336
207 298
209 324
211 297
211 308
212 336
213 353
216 397
216 522
216 659
216 1064
216 1172
216 1321
216 1441
216 1491
216 1653
216 1873
216 1899
216 1927
224 297
224 349
226 327
227 308
227 338
228 310
229 295
235 317
238 295
238 747
238 872
238 1069
238 1398
238 1730
240 328
241 328
241 341
244 300
246 300
249 319
253 300
257 310
280 321
289 313
289 625
289 1723
295 296
295 297
295 298
295 299
295 300
295 301
295 302
295 303
295 304
295 305
295 306
295 307
295 308
295 309
295 310
295 311
295 312
295 313
295 314
295 315
295 316
295 317
295 318
295 319
295 320
295 321
295 322
295 323
295 324
295 325
295 326
295 327
295 328
295 329
295 330
295 331
295 332
295 333
295 334
295 335
295 336
295 337
295 338
295 339
295 340
295 341
295 342
295 343
295 344
295 345
295 346
295 347
295 348
295 349
295 350
295 351
295 352
295 353
295 354
295 355
295 356
295 357
295 358
295 359
295 360
295 361
295 362
295 363
296 297
296 298
296 349
297 356
297 387
297 400
297 401
297 420
297 450
297 470
297 547
297 561
297 579
297 613
297 618
297 629
297 697
297 749
297 750
297 770
297 775
297 805
297 865
297 894
297 917
297 922
297 953
297 964
297 967
297 968
297 969
297 970
297 971
297 972
297 973
297 974
297 975
297 976
297 977
297 978
297 979
297 980
297 981
297 982
297 983
297 984
297 985
298 302
298 370
298 433
298 460
298 504
298 544
298 622
298 746
298 752
298 816
298 820
298 883
298 912
298 918
298 949
298 986
298 987
298 988
298 989
298 990
298 991
298 992
298 993
298 994
298 995
298 996
298 997
298 998
298 999
298 1000
298 1001
298 1002
298 1003
298 1004
298 1005
298 1006
298 1007
298 1008
298 1009
299 330
300 347
300 406
300 502
300 504
300 510
300 512
300 513
300 624
300 713
300 746
300 766
300 772
300 789
300 824
300 846
300 911
300 913
300 915
300 935
300 994
300 1010
300 1012
300 1046
300 1097
300 1129
300 1169
300 1230
300 1291
300 1305
300 1384
300 1386
300 1387
300 1388
300 1389
300 1390
300 1391
300 1392
300 1393
300 1394
300 1395
302 350
302 358
303 322
304 365
304 475
304 620
304 697
304 760
304 838
304 911
304 1001
304 1177
304 1274
304 1460
304 1639
304 1640
304 1641
304 1642
304 1643
306 320
308 370
308 380
308 383
308 385
308 502
308 506
308 538
308 660
308 671
308 715
308 762
308 789
308 806
308 829
308 878
308 910
308 915
308 972
308 1056
308 1093
308 1138
308 1173
308 1192
308 1236
308 1388
308 1456
308 1564
308 1614
308 1712
308 1790
308 1791
308 1792
308 1793
308 1794
308 1795
309 335
310 356
310 391
310 413
310 651
310 711
310 733
310 837
310 853
310 913
310 938
310 989
310 1011
310 1238
310 1252
310 1403
310 1418
310 1484
310 1557
310 1650
310 1667
310 1682
310 1699
310 1844
310 1845
311 365
311 369
311 476
311 505
311 708
311 755
311 854
311 1040
311 1080
311 1366
311 1604
311 1605
311 1874
312 329
315 320
316 368
316 462
316 512
316 624
316 836
316 1094
316 1104
316 1754
316 1939
317 642
317 902
317 1733
317 1770
317 1941
319 502
319 984
319 1054
319 1126
319 1134
319 1171
319 1301
319 1308
319 1310
319 1354
319 1521
319 1526
319 1727
319 1735
319 1836
320 532
320 563
320 852
320 1198
320 1711
320 1760
320 1891
321 543
321 761
321 837
321 910
321 988
321 1031
321 1033
321 1460
321 1671
321 1677
321 1686
321 1903
321 1957
322 366
322 398
322 520
322 530
322 657
322 855
322 949
322 1013
322 1096
322 1589
322 1624
322 1963
323 360
324 383
324 658
324 1095
324 1111
324 1302
324 1913
325 331
326 512
326 523
326 754
326 788
326 1083
326 1931
327 449
327 452
327 666
327 850
327 912
327 1101
327 1477
327 1633
327 1715
328 463
328 611
328 667
328 717
328 919
328 951
328 1098
328 1666
328 1742
329 370
329 404
329 648
329 1194
329 1221
329 1356
330 366
330 632
330 883
330 1015
330 1126
330 1266
330 1439
330 1583
331 380
331 1107
331 1413
331 1421
331 1536
331 1623
331 1901
332 437
332 519
332 1172
332 1268
332 1633
333 448
333 449
333 819
333 1034
333 1400
333 1744
333 1825
333 1930
333 1977
334 1453
334 1522
334 1524
334 1992
335 922
336 1413
336 1667
336 1773
337 428
337 521
337 668
337 811
337 935
337 1489
337 1596
337 1900
337 1928
338 473
338 515
338 1260
338 1909
338 1964
339 450
339 849
339 1167
339 1434
340 450
340 460
340 714
340 1437
341 614
341 676
341 1291
341 1348
342 837
342 886
344 366
344 503
344 534
344 1091
345 830
345 1220
345 1743
345 1794
346 625
346 945
346 1109
346 1740
348 406
348 522
348 533
348 665
348 1630
348 1876
348 1917
349 1199
349 1419
350 1295
350 1421
350 1591
351 384
351 1058
351 1327
352 721
352 747
352 1803
352 1955
353 436
353 504
353 744
353 1956
354 391
354 565
354 646
354 1923
355 606
355 1020
355 1346
355 1758
357 410
357 501
357 534
357 1839
358 1520
358 1753
360 450
360 1199
360 1218
360 1429
360 1909
361 504
361 924
361 1880
362 416
362 448
362 788
363 1011
363 1573
500 1927
706 1927
794 926
794 1009
794 1265
794 1337
794 1859
1449 1927
1665 1927
1716 1927
