0 10
0 13
0 17
0 19
0 26
0 50
1 190
1 207
1 221
1 387
1 400
1 401
1 420
2 450
2 470
3 26
3 190
3 297
3 533
3 547
3 561
3 573
3 579
4 750
4 865
5 13
5 401
5 894
6 17
6 211
6 697
6 973
6 1072
7 356
7 697
7 982
8 975
9 17
9 976
10 44
10 145
10 179
10 297
10 328
10 366
10 392
10 485
10 513
10 571
10 617
10 623
10 645
10 708
10 843
10 879
10 910
10 1029
10 1068
10 1119
10 1153
10 1238
10 1261
10 1348
10 1431
10 1432
10 1433
10 1434
10 1435
12 976
13 90
13 184
13 368
13 450
13 814
13 1353
13 1414
13 1585
13 1586
13 1587
13 1588
15 224
15 561
17 33
17 297
17 328
17 363
17 491
17 519
17 520
17 707
17 747
17 929
17 1006
17 1012
17 1153
17 1560
17 1691
17 1692
17 1693
18 988
19 178
19 205
19 237
19 286
19 297
19 317
19 366
19 448
19 522
19 891
19 1136
19 1367
19 1519
19 1579
19 1754
19 1756
20 297
20 697
20 974
26 195
26 222
26 297
26 368
26 575
26 1039
26 1181
26 1204
26 1295
26 1382
26 1440
26 1514
26 1872
26 1893
26 1895
29 210
30 958
34 979
37 958
45 982
47 207
48 977
49 865
49 988
50 52
50 193
50 297
50 548
50 1095
63 770
69 450
73 188
73 894
79 697
81 978
83 629
84 977
87 964
91 297
91 629
91 643
92 450
92 750
92 805
94 297
94 1396
96 297
96 968
96 1396
97 917
103 1396
106 917
106 1404
109 579
121 973
130 1578
138 974
141 176
142 977
145 1396
145 1489
147 865
151 400
152 547
152 643
165 207
173 533
176 272
176 450
176 451
176 987
177 188
177 190
177 207
177 210
177 211
177 221
177 224
178 629
178 750
178 770
178 775
180 210
180 297
180 387
180 750
180 805
180 917
180 920
180 953
180 958
180 964
183 188
184 297
185 629
185 964
186 190
186 967
186 978
186 1489
186 1491
187 188
187 979
187 982
188 191
188 273
188 295
188 297
188 337
188 445
188 665
188 724
188 846
188 1247
188 1287
188 1441
188 1507
188 1508
188 1509
189 573
189 978
190 216
190 289
190 297
190 377
190 723
190 763
190 793
190 794
190 799
190 813
190 814
190 871
190 881
190 1135
190 1194
190 1335
190 1480
190 1573
190 1574
190 1575
190 1576
191 1578
197 975
198 450
202 1489
205 971
207 298
207 450
207 451
207 452
207 987
207 1146
207 1270
207 1414
207 1514
207 1774
207 1828
207 1844
207 1851
209 1491
210 251
210 282
210 370
210 384
210 450
210 788
210 893
210 937
210 1064
210 1173
210 1396
210 1489
210 1490
210 1510
210 1681
210 1812
210 1862
211 261
211 297
211 308
211 591
211 625
211 765
211 787
211 927
211 1032
211 1239
211 1421
211 1542
211 1612
211 1695
211 1864
212 1786
216 1491
220 1404
220 1786
221 306
221 450
221 696
221 1690
223 750
224 297
224 349
224 705
224 1343
226 579
226 894
226 988
229 547
232 805
233 450
234 920
236 967
243 972
244 977
244 1803
246 770
248 770
263 980
270 573
274 770
293 1072
295 297
295 340
295 356
295 360
296 297
296 470
296 697
297 356
297 387
297 400
297 401
297 420
297 450
297 470
297 547
297 561
297 579
297 613
297 618
297 629
297 697
297 749
297 750
297 770
297 775
297 805
297 865
297 894
297 917
297 922
297 953
297 964
297 967
297 968
297 969
297 970
297 971
297 972
297 973
297 974
297 975
297 976
297 977
297 978
297 979
297 980
297 981
297 982
297 983
297 984
297 985
298 988
299 971
301 1396
301 1404
302 1404
303 894
304 697
308 972
308 1173
310 356
313 972
314 972
315 1788
319 984
321 988
323 360
323 387
337 1489
339 450
340 450
340 460
340 714
340 1437
343 973
348 533
352 1803
356 451
356 1168
356 1234
359 984
360 450
360 1199
360 1218
360 1429
360 1909
366 1173
367 974
382 968
384 643
387 454
387 508
387 567
387 756
387 1217
387 1376
387 1402
387 1776
387 1779
387 1893
387 1908
388 968
393 1881
398 978
400 640
400 843
400 1027
401 466
401 712
401 1384
401 1422
401 1549
401 1550
408 450
414 975
420 453
420 706
420 1135
420 1594
430 1404
435 974
436 579
448 967
449 579
450 456
450 573
450 643
450 749
450 857
450 920
450 958
450 970
450 988
450 1072
450 1145
450 1214
450 1229
450 1287
450 1404
450 1455
450 1491
450 1578
450 1783
450 1784
450 1785
450 1786
450 1787
450 1788
450 1789
451 547
451 805
451 978
452 894
452 973
457 968
468 983
470 544
470 616
470 1532
470 1700
470 1743
470 1984
472 983
483 1578
505 561
518 974
527 917
530 573
530 967
533 613
533 837
533 882
533 1139
533 1605
533 1881
537 968
541 973
545 917
547 1077
547 1231
547 1261
547 1557
547 1913
548 971
561 1734
563 629
573 836
573 1294
573 1505
573 1762
579 1733
584 1404
589 988
596 865
601 1396
603 983
611 967
611 982
612 985
612 1173
618 697
619 980
625 697
629 696
629 797
629 885
629 1227
629 1761
632 974
637 750
639 985
643 969
643 1500
643 1624
643 1976
649 988
652 953
658 750
674 972
685 988
687 920
697 790
697 897
697 898
697 938
697 1066
697 1175
697 1498
697 1552
697 1660
697 1661
697 1662
698 967
700 920
701 917
701 985
702 1788
704 1072
706 975
734 1489
750 941
750 946
750 1466
750 1913
755 983
766 981
775 851
775 1113
775 1696
775 1921
782 980
784 1396
790 981
798 988
800 975
802 1881
817 920
817 964
865 1455
873 1489
882 988
894 1568
894 1827
897 1803
907 964
909 976
910 953
911 920
911 979
913 1786
915 968
917 938
917 1589
917 1732
922 968
928 976
937 1489
940 968
953 1767
958 1154
958 1685
964 1612
967 1079
967 1425
967 1906
967 1918
968 1095
968 1611
968 1900
971 1018
971 1091
972 1513
972 1671
973 1060
973 1229
973 1249
973 1405
973 1579
973 1734
973 1813
974 1020
974 1448
974 1985
975 1136
976 1092
977 1630
977 1897
979 1113
980 1298
980 1646
980 1689
981 1018
981 1821
983 1513
983 1843
983 1980
983 1982
984 1010
984 1328
984 1398
984 1416
984 1593
985 1615
988 1041
988 1059
988 1254
988 1685
988 1928
988 1941
1000 1489
1026 1491
1055 1173
1072 1330
1072 1453
1072 1671
1098 1786
1109 1788
1113 1789
1161 1489
1171 1881
1173 1267
1173 1269
1173 1745
1173 1787
1173 1820
1173 1867
1173 1881
1173 1896
1182 1789
1192 1803
1333 1396
1382 1404
1396 1773
1396 1879
1396 1880
1400 1881
1485 1881
1489 1572
1489 1607
1489 1971
1577 1578
1784 1788
1785 1789
1789 1981
1803 1881
1881 1972
