0 5
0 30
0 51
1 141
1 366
1 417
2 141
2 179
2 417
2 450
2 502
3 92
3 199
3 300
3 521
3 567
3 571
3 595
4 750
4 791
4 795
4 797
4 844
4 875
5 13
5 14
5 34
5 51
5 86
5 90
5 91
5 102
5 114
5 144
5 161
5 179
5 181
5 255
5 262
5 295
5 299
5 307
5 312
5 355
5 364
5 366
5 368
5 395
5 401
5 431
5 451
5 496
5 504
5 509
5 521
5 526
5 595
5 626
5 656
5 699
5 702
5 705
5 710
5 746
5 748
5 769
5 788
5 815
5 817
5 875
5 881
5 882
5 883
5 884
5 885
5 886
5 887
5 888
5 889
5 890
5 891
5 892
5 893
5 894
5 895
5 896
5 897
5 898
5 899
5 900
5 901
5 902
5 903
5 904
5 905
5 906
5 907
5 908
5 909
6 908
7 312
7 794
8 300
8 626
9 1386
10 179
10 366
10 571
13 450
14 244
15 179
15 803
15 810
17 1012
18 30
18 179
18 701
19 366
24 179
24 901
29 1230
30 92
30 214
30 373
30 888
30 904
30 958
30 1238
30 1259
30 1328
30 1819
30 1828
32 300
32 794
35 141
35 300
36 571
37 521
42 141
51 53
51 335
51 620
51 632
51 709
51 1334
51 1972
54 141
57 626
58 705
58 892
62 1291
69 450
69 626
75 701
90 92
90 107
90 112
91 179
91 626
91 634
91 656
92 101
92 107
92 141
92 152
92 177
92 192
92 199
92 203
92 227
92 295
92 300
92 314
92 366
92 382
92 417
92 446
92 450
92 567
92 634
92 701
92 747
92 750
92 762
92 778
92 787
92 788
92 789
92 790
92 791
92 792
92 793
92 794
92 795
92 796
92 797
92 798
92 799
92 800
92 801
92 802
92 803
92 804
92 805
92 806
92 807
92 808
92 809
92 810
92 811
92 812
93 255
93 766
93 913
96 913
97 141
98 199
100 1346
102 141
103 107
103 1390
105 913
107 504
107 539
107 938
107 1223
110 626
112 298
112 300
112 537
112 655
112 921
112 1026
112 1202
112 1242
112 1896
112 1978
117 179
121 892
126 571
126 701
129 567
140 701
141 142
141 143
141 144
141 145
141 146
141 147
141 148
141 149
141 150
141 151
141 152
141 153
141 154
141 155
141 156
141 157
141 158
141 159
141 160
141 161
141 162
141 163
141 164
141 165
141 166
141 167
141 168
141 169
141 170
141 171
141 172
141 173
141 174
141 175
141 176
142 795
143 705
144 699
145 791
145 1291
152 844
152 935
153 710
159 811
160 908
171 179
176 450
177 179
177 199
177 244
177 255
177 262
178 347
178 750
178 766
179 181
179 185
179 200
179 227
179 228
179 231
179 272
179 274
179 276
179 295
179 296
179 299
179 301
179 314
179 318
179 325
179 422
179 448
179 455
179 507
179 512
179 516
179 518
179 522
179 536
179 583
179 654
179 694
179 696
179 739
179 744
179 788
179 813
179 814
179 815
179 816
179 817
179 818
179 819
179 820
179 821
179 822
179 823
179 824
179 825
179 826
179 827
179 828
179 829
179 830
179 831
179 832
179 833
179 834
180 262
180 571
180 750
180 805
180 892
180 913
180 935
181 1012
181 1046
183 1346
186 794
189 1386
190 793
190 794
190 799
192 255
192 307
192 1386
193 699
197 626
198 450
199 201
199 296
199 302
199 1171
199 1697
199 1750
207 450
209 890
210 450
210 893
221 450
223 750
224 705
225 705
226 567
227 1390
232 805
233 450
239 1291
244 300
244 707
244 910
244 977
244 1041
244 1364
244 1674
244 1785
244 1803
244 1813
244 1826
246 300
253 300
255 594
255 1521
255 1596
258 1291
259 701
262 628
262 1515
262 1604
265 710
267 366
268 699
269 898
293 1346
295 300
295 307
295 312
295 347
296 521
296 699
296 701
296 705
296 710
296 713
297 450
297 750
297 805
299 710
299 1230
300 347
300 406
300 502
300 504
300 510
300 512
300 513
300 624
300 713
300 746
300 766
300 772
300 789
300 824
300 846
300 911
300 913
300 915
300 935
300 994
300 1010
300 1012
300 1046
300 1097
300 1129
300 1169
300 1230
300 1291
300 1305
300 1384
300 1386
300 1387
300 1388
300 1389
300 1390
300 1391
300 1392
300 1393
300 1394
300 1395
302 793
303 1012
306 797
307 315
307 456
307 615
307 729
307 785
307 813
307 921
307 1025
307 1055
307 1070
307 1193
307 1212
307 1262
307 1500
307 1511
307 1552
307 1621
307 1679
307 1680
307 1702
307 1717
307 1718
308 502
308 806
310 913
312 329
312 619
312 942
312 1010
312 1356
312 1425
312 1912
315 366
315 626
315 799
315 1046
319 502
322 366
325 793
330 366
337 521
337 811
337 935
339 450
340 450
341 1291
344 366
347 479
347 1436
347 1926
355 1346
359 893
360 450
364 366
364 521
364 701
365 366
365 521
365 1012
366 430
366 471
366 528
366 529
366 564
366 614
366 624
366 627
366 632
366 726
366 765
366 845
366 853
366 912
366 932
366 954
366 986
366 1013
366 1021
366 1053
366 1055
366 1092
366 1099
366 1106
366 1112
366 1171
366 1172
366 1173
366 1174
366 1175
366 1176
366 1177
366 1178
366 1179
366 1180
366 1181
366 1182
366 1183
366 1184
366 1185
366 1186
366 1187
366 1188
366 1189
366 1190
366 1191
370 1346
376 634
387 567
394 713
395 893
404 705
408 450
410 713
415 595
416 799
417 446
417 1095
417 1736
435 795
443 793
449 887
450 456
450 573
450 643
450 749
450 857
450 920
450 958
450 970
450 988
450 1072
450 1145
450 1214
450 1229
450 1287
450 1404
450 1455
450 1491
450 1578
450 1783
450 1784
450 1785
450 1786
450 1787
450 1788
450 1789
451 705
451 805
451 844
451 906
452 890
456 1395
458 705
461 705
479 699
487 1012
502 1252
504 701
504 806
505 699
505 887
505 1291
506 766
507 913
507 1386
508 890
510 1046
511 634
513 1390
514 887
521 522
521 644
521 809
521 945
521 1143
521 1223
521 1347
521 1464
521 1606
521 1693
521 1791
521 1873
524 913
525 802
531 901
535 705
546 791
549 701
550 892
552 795
558 701
560 797
562 705
567 760
567 823
567 1443
567 1593
567 1892
568 1230
569 705
571 633
571 1346
571 1871
574 705
587 802
587 887
595 1431
595 1478
595 1845
597 766
600 793
611 766
617 909
620 890
626 942
626 1295
626 1299
626 1329
626 1429
626 1471
626 1695
626 1728
626 1768
626 1771
626 1807
626 1913
626 1950
626 1951
629 797
632 801
634 872
634 1366
636 1230
637 750
646 801
650 710
656 1095
656 1354
656 1665
658 750
663 898
670 1395
697 898
699 1289
699 1417
701 917
701 985
701 1128
701 1223
705 1075
705 1130
705 1192
705 1284
705 1389
705 1413
705 1562
705 1610
705 1658
705 1730
705 1848
705 1898
710 778
710 859
710 945
710 993
710 1019
710 1055
710 1270
710 1316
710 1661
710 1713
710 1938
713 788
713 924
713 933
713 1582
713 1664
713 1960
713 1989
726 1395
731 890
741 1230
746 909
749 908
750 941
750 946
750 1466
750 1913
766 981
766 1663
766 1687
784 797
784 1395
788 803
791 1124
791 1193
791 1323
791 1455
793 1347
793 1353
793 1388
793 1512
793 1696
793 1770
793 1960
794 926
794 1009
794 1265
794 1337
794 1859
795 1162
795 1286
795 1835
797 891
797 929
797 1105
797 1307
797 1587
797 1875
799 814
799 1036
799 1141
799 1606
801 1261
801 1469
802 1010
802 1490
802 1832
802 1881
803 883
803 1710
803 1906
806 1223
806 1978
810 814
810 1227
810 1709
810 1835
811 1520
811 1921
827 1046
844 913
844 1286
844 1862
859 1291
875 1644
875 1677
875 1734
875 1758
885 906
887 1014
887 1295
887 1486
887 1980
890 1212
890 1444
890 1567
890 1812
890 1829
890 1918
892 1301
893 1219
893 1301
893 1360
893 1366
893 1774
893 1869
897 913
898 1513
898 1664
898 1715
898 1764
898 1850
901 1085
901 1318
901 1832
901 1999
906 970
906 1665
906 1910
908 1743
909 976
909 1113
913 1016
913 1210
913 1277
913 1346
913 1452
913 1647
913 1662
913 1750
913 1777
913 1786
913 1833
935 1303
935 1814
970 1291
1012 1409
1012 1817
1012 1835
1012 1901
1144 1390
1183 1346
1291 1442
1291 1644
1291 1669
1291 1826
1291 1831
1346 1601
1346 1921
1346 1975
1390 1684
1390 1836
1395 1623
