0 4
0 7
0 21
0 58
1 7
1 375
1 376
1 381
1 383
1 421
2 4
2 180
2 345
2 383
2 464
2 479
3 4
3 180
3 317
3 376
3 421
3 503
3 510
3 519
3 578
4 8
4 15
4 62
4 91
4 94
4 95
4 102
4 103
4 119
4 146
4 147
4 168
4 180
4 183
4 187
4 191
4 192
4 193
4 196
4 213
4 296
4 298
4 299
4 303
4 304
4 313
4 383
4 415
4 418
4 448
4 482
4 509
4 511
4 512
4 549
4 564
4 572
4 601
4 613
4 631
4 698
4 702
4 715
4 736
4 747
4 750
4 785
4 791
4 795
4 797
4 813
4 835
4 836
4 837
4 838
4 839
4 840
4 841
4 842
4 843
4 844
4 845
4 846
4 847
4 848
4 849
4 850
4 851
4 852
4 853
4 854
4 855
4 856
4 857
4 858
4 859
4 860
4 861
4 862
4 863
4 864
4 865
4 866
4 867
4 868
4 869
4 870
4 871
4 872
4 873
4 874
4 875
4 876
4 877
4 878
4 879
4 880
5 262
6 503
7 20
7 32
7 78
7 96
7 103
7 177
7 180
7 182
7 208
7 260
7 296
7 306
7 310
7 312
7 334
7 346
7 356
7 378
7 390
7 395
7 409
7 445
7 447
7 469
7 520
7 525
7 529
7 605
7 616
7 617
7 697
7 720
7 733
7 741
7 794
7 839
7 849
7 855
7 863
7 881
7 883
7 904
7 982
7 1058
7 1060
7 1074
7 1091
7 1108
7 1110
7 1131
7 1135
7 1136
7 1137
7 1138
7 1139
7 1140
7 1141
7 1142
7 1143
7 1144
7 1145
7 1146
7 1147
7 1148
7 1149
7 1150
7 1151
7 1152
7 1153
7 1154
7 1155
7 1156
7 1157
7 1158
7 1159
7 1160
7 1161
7 1162
7 1163
7 1164
7 1165
7 1166
7 1167
7 1168
7 1169
7 1170
8 910
10 645
10 910
12 180
12 926
15 822
15 928
17 363
17 519
17 929
18 948
18 1698
19 317
21 78
21 94
21 117
21 178
21 180
21 239
21 284
21 358
21 368
21 660
21 1665
21 1680
22 180
22 936
25 945
28 615
29 210
32 376
41 381
45 510
46 180
53 464
58 180
58 303
58 639
58 663
58 705
58 892
58 1660
58 1993
58 1996
76 519
81 948
83 615
87 964
88 578
90 128
91 503
91 615
91 645
91 670
91 686
93 376
93 913
94 931
96 479
96 913
100 375
105 913
105 915
106 944
107 938
119 180
121 519
124 383
127 149
128 180
128 518
128 1150
128 1196
128 1661
128 1911
141 149
141 154
143 615
144 928
145 510
145 963
148 1698
149 177
149 180
149 193
149 215
149 218
149 303
149 402
149 591
149 625
149 815
149 888
149 1091
149 1400
149 1545
149 1630
149 1728
149 1729
151 421
151 686
151 939
152 503
152 930
152 935
153 317
154 368
154 383
154 479
154 738
154 860
154 1180
154 1195
154 1224
154 1288
154 1381
154 1431
154 1540
154 1558
154 1682
154 1698
154 1767
154 1902
154 1956
162 944
177 180
177 210
177 217
177 262
177 274
178 670
179 274
179 822
180 192
180 205
180 210
180 217
180 233
180 262
180 274
180 295
180 297
180 302
180 317
180 345
180 363
180 368
180 375
180 376
180 381
180 387
180 421
180 449
180 464
180 503
180 506
180 510
180 511
180 519
180 571
180 578
180 615
180 645
180 670
180 686
180 750
180 780
180 788
180 805
180 813
180 846
180 847
180 852
180 892
180 910
180 911
180 912
180 913
180 914
180 915
180 916
180 917
180 918
180 919
180 920
180 921
180 922
180 923
180 924
180 925
180 926
180 927
180 928
180 929
180 930
180 931
180 932
180 933
180 934
180 935
180 936
180 937
180 938
180 939
180 940
180 941
180 942
180 943
180 944
180 945
180 946
180 947
180 948
180 949
180 950
180 951
180 952
180 953
180 954
180 955
180 956
180 957
180 958
180 959
180 960
180 961
180 962
180 963
180 964
180 965
180 966
181 375
181 910
181 915
181 929
181 962
181 963
182 503
182 519
185 964
186 962
189 965
195 615
198 918
198 947
200 464
203 381
204 919
205 510
209 324
210 251
210 282
210 370
210 384
210 450
210 788
210 893
210 937
210 1064
210 1173
210 1396
210 1489
210 1490
210 1510
210 1681
210 1812
210 1862
211 927
217 220
217 236
217 299
217 788
217 851
217 943
217 969
217 1323
217 1504
217 1559
217 1562
217 1568
217 1679
217 1725
218 510
226 686
226 915
226 925
228 918
228 948
229 578
229 966
230 915
234 920
235 317
244 910
251 918
252 510
253 930
257 918
262 628
262 1515
262 1604
271 948
274 770
274 1175
274 1714
278 510
280 375
283 1217
293 615
295 317
295 324
295 345
295 363
296 383
296 503
297 964
298 918
299 1217
300 510
300 913
300 915
300 935
302 645
303 510
307 615
308 383
308 910
308 915
309 944
310 913
310 938
310 1682
317 642
317 902
317 1733
317 1770
317 1941
321 910
324 383
324 658
324 1095
324 1111
324 1302
324 1913
328 919
332 519
337 935
344 503
345 830
345 1220
345 1743
345 1794
346 945
347 479
363 1011
363 1573
364 936
365 822
365 910
368 381
368 931
368 936
368 944
373 925
375 513
375 532
375 884
375 1055
375 1629
375 1700
375 1815
375 1816
376 391
376 469
376 632
376 634
376 683
376 788
376 818
376 1116
376 1300
376 1375
376 1437
376 1553
376 1584
376 1599
376 1615
376 1641
376 1646
376 1817
376 1818
376 1819
378 929
379 910
381 771
381 837
381 1372
381 1418
381 1524
381 1575
381 1686
381 1746
381 1787
383 386
383 492
383 545
383 577
383 742
383 753
383 822
383 924
383 942
383 1002
383 1179
383 1217
383 1234
383 1671
383 1742
384 919
385 927
387 1217
398 910
399 947
416 645
421 1375
421 1568
421 1791
421 1895
425 925
434 925
436 1217
442 918
442 948
448 930
449 952
450 920
454 503
459 915
459 931
460 947
464 512
464 748
464 872
464 1525
464 1636
464 1880
464 1949
464 1977
479 699
479 956
479 1007
479 1249
479 1674
479 1819
503 517
503 552
503 703
503 836
503 914
503 1060
503 1061
503 1181
503 1196
503 1235
503 1236
503 1237
503 1238
503 1239
503 1240
503 1241
503 1242
503 1243
503 1244
503 1245
503 1246
504 940
504 957
507 913
510 543
510 730
510 783
510 800
510 837
510 874
510 1046
510 1247
510 1264
510 1294
510 1470
510 1494
510 1529
510 1560
510 1584
510 1599
510 1600
510 1601
519 1247
519 1358
519 1624
519 1653
519 1657
519 1858
519 1859
519 1860
521 945
524 913
527 940
527 952
530 926
534 670
534 929
539 615
553 940
554 965
570 910
578 1098
578 1325
585 919
586 915
586 948
592 966
596 963
608 686
611 910
611 957
614 925
615 951
615 1255
615 1339
615 1407
615 1770
615 1771
616 918
623 928
631 927
632 910
636 933
636 939
645 655
645 719
645 991
645 1030
645 1210
645 1544
645 1782
645 1839
648 919
650 962
655 955
659 959
667 959
670 1395
670 1590
670 1709
670 1963
686 1758
687 920
697 938
700 920
707 919
710 945
711 961
713 933
735 1682
746 910
747 928
747 966
751 927
751 1698
756 961
788 936
794 926
797 929
817 920
817 964
819 1217
822 1305
833 925
838 919
844 913
848 952
866 910
885 930
889 925
897 913
907 964
910 953
910 1115
910 1180
910 1313
910 1352
910 1353
910 1354
910 1355
910 1356
910 1357
910 1358
910 1359
910 1360
910 1361
910 1362
910 1363
910 1364
910 1365
911 920
911 1682
913 1016
913 1210
913 1277
913 1346
913 1452
913 1647
913 1662
913 1750
913 1777
913 1786
913 1833
915 968
915 991
915 1055
915 1141
915 1191
915 1262
915 1312
915 1478
915 1509
915 1581
915 1595
915 1743
915 1923
917 938
918 1045
918 1142
918 1487
918 1779
918 1790
918 1955
919 1149
919 1546
919 1587
919 1708
919 1767
919 1861
919 1960
925 1055
925 1345
925 1583
925 1643
925 1891
926 1366
926 1509
927 1753
928 976
929 1147
929 1378
929 1408
929 1672
929 1760
929 1763
929 1941
930 1099
930 1102
930 1255
930 1530
930 1917
930 1990
931 1247
931 1780
931 1898
931 1920
933 1037
933 1192
933 1763
935 1303
935 1814
939 998
939 1143
939 1324
940 968
940 1365
940 1591
940 1605
940 1967
944 1925
947 1274
948 1092
948 1610
948 1993
951 955
952 1017
952 1583
955 1156
955 1236
955 1480
957 999
957 1318
959 1417
959 1999
961 1449
961 1492
962 1298
963 1461
964 1612
965 1795
965 1968
966 1254
1093 1682
1125 1698
1182 1682
1217 1523
1319 1682
1682 1976
1698 1902
