0 10
0 14
0 24
0 44
0 47
0 85
1 14
1 392
1 416
1 422
1 440
2 179
2 448
2 455
3 24
3 227
3 507
3 512
3 516
3 518
3 522
3 571
3 583
4 95
4 448
4 512
4 813
4 841
4 843
4 845
4 864
4 879
5 14
5 179
5 699
5 788
5 815
5 817
6 211
6 507
6 518
6 815
6 1057
7 733
7 1135
7 1137
7 1153
7 1157
8 185
8 301
8 787
8 825
8 1199
8 1200
9 1330
10 44
10 145
10 179
10 297
10 328
10 366
10 392
10 485
10 513
10 571
10 617
10 623
10 645
10 708
10 843
10 879
10 910
10 1029
10 1068
10 1119
10 1153
10 1238
10 1261
10 1348
10 1431
10 1432
10 1433
10 1434
10 1435
12 318
12 440
12 814
13 814
13 1586
13 1588
14 244
14 301
14 313
14 504
14 706
14 757
14 1017
14 1022
14 1093
14 1139
14 1453
14 1612
14 1613
14 1614
15 179
15 272
15 803
15 814
15 822
15 827
15 1402
16 814
17 1153
18 179
18 832
18 1409
19 448
19 522
21 117
22 95
22 816
22 936
22 1435
23 1057
24 75
24 179
24 203
24 264
24 616
24 631
24 707
24 901
24 1043
24 1061
24 1422
24 1663
24 1886
28 814
29 1157
29 1476
30 1238
31 47
36 571
37 1431
38 314
38 813
42 817
42 1744
43 171
44 145
44 1059
44 1110
44 1474
44 1967
46 1409
46 1620
47 207
47 448
47 563
47 1757
47 1770
48 185
61 653
62 1742
67 1706
71 516
74 512
77 829
81 1430
84 696
85 448
85 536
85 1444
85 1835
89 619
90 95
90 117
90 118
90 138
91 179
91 507
91 516
91 612
91 619
91 621
91 653
91 678
91 694
92 227
92 314
92 787
92 788
92 803
93 696
93 825
94 1057
94 1396
95 214
95 337
95 368
95 459
95 504
95 507
95 756
95 1017
95 1028
95 1136
95 1148
95 1615
96 1396
96 1515
96 1620
98 325
98 1648
99 1406
101 1620
102 1741
103 1396
104 612
106 1404
108 841
111 814
113 1397
116 814
117 179
117 756
117 1730
118 301
118 364
118 389
118 509
118 860
118 1531
118 1645
122 518
122 1722
125 612
126 571
128 518
131 318
135 153
138 491
138 606
138 787
138 974
138 1250
141 153
141 171
142 831
142 1470
143 621
143 817
143 1434
143 1476
144 699
144 816
144 843
144 1431
144 1486
145 231
145 612
145 813
145 821
145 843
145 1376
145 1396
146 653
146 1562
147 200
147 612
147 739
147 1722
149 815
149 1400
151 733
151 841
151 1137
151 1586
152 814
152 930
153 189
153 317
153 513
153 534
153 710
153 787
153 1543
153 1689
153 1785
153 1854
154 1431
159 1319
161 171
163 1635
164 739
167 448
167 522
171 179
171 1927
176 272
177 179
177 185
177 200
177 211
177 227
177 228
177 231
177 235
177 272
177 274
177 276
178 185
178 518
178 621
178 754
179 181
179 185
179 200
179 227
179 228
179 231
179 272
179 274
179 276
179 295
179 296
179 299
179 301
179 314
179 318
179 325
179 422
179 448
179 455
179 507
179 512
179 516
179 518
179 522
179 536
179 583
179 654
179 694
179 696
179 739
179 744
179 788
179 813
179 814
179 815
179 816
179 817
179 818
179 819
179 820
179 821
179 822
179 823
179 824
179 825
179 826
179 827
179 828
179 829
179 830
179 831
179 832
179 833
179 834
180 274
180 571
180 788
180 813
180 930
180 936
180 959
181 518
181 522
181 817
181 827
181 833
183 619
183 824
183 1348
184 1397
184 1430
185 218
185 290
185 295
185 623
185 629
185 712
185 756
185 836
185 881
185 921
185 964
185 1143
185 1302
185 1455
185 1456
185 1457
185 1458
186 967
187 440
187 455
187 619
187 1057
187 1499
189 696
190 813
190 814
190 1135
191 818
192 825
192 833
192 1593
193 507
193 516
193 699
193 816
193 833
193 1397
194 422
194 831
195 583
196 1434
200 295
200 418
200 464
200 747
201 612
201 787
202 696
204 516
205 1742
209 1708
210 788
210 1396
211 261
211 297
211 308
211 591
211 625
211 765
211 787
211 927
211 1032
211 1239
211 1421
211 1542
211 1612
211 1695
211 1864
212 507
216 522
216 1321
217 788
217 1562
220 696
220 1404
221 696
222 1402
222 1745
223 235
223 678
226 1121
226 1321
226 1408
227 308
227 338
227 1073
227 1112
227 1390
227 1751
228 310
228 377
228 483
228 669
228 918
228 948
228 1004
228 1495
228 1740
228 1746
229 1744
231 1235
231 1644
231 1665
231 1737
231 1868
233 516
234 314
235 301
235 317
235 390
235 1082
236 967
239 819
241 301
241 1593
242 694
249 817
249 1199
249 1649
253 930
262 1515
264 726
268 699
270 1199
272 711
272 839
274 770
274 1175
274 1714
276 379
276 680
276 889
276 1358
276 1505
282 612
295 301
295 314
295 318
295 325
296 448
296 512
296 696
296 699
296 713
296 726
296 733
296 739
296 744
297 967
298 816
299 301
299 1225
300 512
300 713
300 824
301 440
301 534
301 611
301 621
301 733
301 787
301 826
301 1194
301 1271
301 1319
301 1330
301 1396
301 1397
301 1398
301 1399
301 1400
301 1401
301 1402
301 1403
301 1404
301 1405
301 1406
301 1407
301 1408
301 1409
301 1410
302 1404
302 1476
302 1515
303 325
305 825
306 612
307 813
308 829
309 392
310 733
310 1238
310 1403
312 619
313 816
314 466
314 826
314 856
314 916
314 972
314 1206
314 1257
314 1322
314 1557
315 619
316 512
318 1136
318 1510
318 1520
318 1797
318 1895
318 1944
318 1945
325 331
325 635
325 793
325 1293
325 1331
325 1589
326 512
326 754
326 788
328 1742
333 448
333 819
333 1400
333 1744
339 1434
341 1348
345 830
345 1743
348 522
349 1199
353 744
360 1199
362 416
362 448
362 788
364 612
364 678
364 936
365 787
365 822
365 1121
366 726
366 845
367 694
368 507
368 696
368 841
368 936
368 1376
369 1499
371 507
373 754
374 653
374 843
376 788
376 818
378 1200
379 612
383 822
383 1742
385 823
386 1057
387 1376
387 1402
388 1397
389 516
390 819
391 621
391 1434
392 504
392 838
392 1370
393 1706
394 713
394 1708
397 1359
399 455
399 516
400 843
403 507
406 754
409 1330
410 713
410 1705
412 813
414 1397
416 645
416 799
416 1004
416 1303
416 1417
416 1420
416 1697
420 1135
422 836
422 1394
422 1809
426 824
430 1404
440 854
441 841
446 619
446 621
446 754
447 841
447 1199
448 485
448 612
448 640
448 654
448 678
448 754
448 841
448 930
448 967
448 1057
448 1206
448 1258
448 1430
448 1470
448 1486
448 1499
448 1562
448 1586
448 1588
448 1593
448 1722
448 1740
448 1741
448 1742
448 1743
448 1744
448 1745
448 1746
448 1747
448 1748
448 1749
450 1404
451 1586
452 1586
453 1319
454 507
455 1055
455 1085
455 1197
455 1228
455 1373
455 1398
455 1460
455 1510
455 1784
455 1867
460 612
464 512
466 814
468 1135
470 1743
474 819
474 1435
475 864
479 699
480 841
485 1707
490 1400
492 831
494 823
496 1748
500 814
503 1238
504 696
504 787
504 1153
504 1284
505 699
505 1200
505 1284
506 1319
506 1321
507 534
507 541
507 550
507 900
507 913
507 1063
507 1138
507 1323
507 1353
507 1386
507 1417
507 1418
507 1419
507 1420
508 828
508 845
509 1135
510 1470
511 612
511 1635
512 728
512 1118
512 1627
512 1656
512 1657
513 827
513 1400
516 539
516 751
516 782
516 886
516 1139
516 1141
516 1168
516 1432
517 821
518 531
518 591
518 627
518 708
518 722
518 763
518 974
518 1174
518 1253
518 1268
518 1343
518 1353
518 1368
518 1394
518 1424
518 1673
518 1818
518 1849
518 1852
520 1137
521 522
522 593
522 640
522 703
522 885
522 1049
522 1148
522 1268
522 1448
522 1875
522 1876
529 819
530 967
530 1157
530 1407
531 816
532 1417
536 830
539 1200
542 1588
545 815
549 678
550 1409
554 1705
556 1588
558 832
560 1137
564 828
565 1515
567 823
567 1593
568 879
569 1408
571 633
571 1346
571 1871
575 1647
581 823
583 748
583 836
584 1404
593 841
593 1747
595 1431
601 1396
602 739
611 612
611 788
611 967
611 1330
612 622
612 781
612 985
612 1013
612 1112
612 1133
612 1159
612 1173
612 1189
612 1471
612 1632
612 1645
613 1319
614 834
614 1709
615 1407
617 1359
619 788
619 980
619 1117
619 1118
619 1140
619 1147
619 1424
619 1752
621 1142
621 1694
621 1781
624 819
624 1470
625 845
628 817
629 696
637 1649
640 787
642 696
644 814
644 1706
650 1744
653 788
658 1405
659 959
662 1403
667 959
670 1709
672 823
672 1403
690 1722
694 1523
696 839
696 889
696 1066
696 1194
696 1195
696 1259
696 1322
696 1436
696 1437
696 1438
696 1439
696 1440
696 1441
696 1442
696 1443
696 1444
698 967
699 1289
699 1417
702 1417
704 818
704 1635
705 1284
705 1562
709 817
709 1153
712 817
713 788
713 924
713 933
713 1582
713 1664
713 1960
713 1989
717 1359
718 814
718 1648
723 744
726 788
726 1067
726 1395
731 1747
738 1403
739 1179
742 787
744 1818
747 818
748 1431
749 1137
754 774
754 1608
754 1618
754 1844
757 1499
757 1709
761 818
780 1402
784 1396
787 870
787 1077
787 1121
787 1133
787 1135
787 1137
787 1157
787 1158
787 1240
787 1284
787 1321
787 1376
787 1476
787 1635
787 1646
787 1647
787 1648
787 1649
787 1650
788 803
788 820
788 845
788 916
788 936
788 1058
788 1120
788 1199
788 1200
788 1225
788 1235
788 1515
788 1705
788 1706
788 1707
788 1708
788 1709
796 1707
799 814
800 843
803 883
803 1710
803 1906
810 814
810 1709
813 836
813 1237
813 1398
813 1433
813 1563
813 1602
813 1616
814 996
814 1068
814 1174
814 1392
814 1456
814 1530
814 1603
814 1672
814 1673
814 1674
814 1675
814 1676
815 995
815 1010
815 1235
815 1270
815 1326
815 1531
815 1604
815 1613
815 1750
815 1887
815 1911
816 902
816 1021
816 1028
816 1098
816 1253
816 1271
816 1449
816 1561
816 1762
816 1815
816 1896
816 1920
817 884
817 920
817 964
817 969
817 1058
817 1156
817 1399
817 1424
817 1673
817 1725
817 1886
817 1907
818 1087
818 1179
818 1419
819 888
819 1217
819 1257
819 1451
819 1781
819 1841
821 922
821 1598
821 1616
821 1914
821 1970
821 1998
822 1305
823 1268
823 1336
823 1523
823 1874
824 1029
824 1221
824 1260
824 1410
824 1466
825 949
825 1206
825 1656
827 1046
827 1123
827 1795
827 1878
828 1055
828 1323
828 1626
829 1240
829 1312
829 1329
829 1352
829 1832
830 1227
830 1587
831 1138
831 1598
832 1644
832 1917
833 925
834 857
834 1614
834 1634
835 1121
841 1209
841 1365
841 1602
843 1393
843 1599
843 1697
843 1918
845 1028
845 1821
845 1861
845 1900
845 1907
848 1403
854 1403
858 1431
864 1044
864 1151
864 1417
864 1634
864 1987
870 1749
873 1284
879 1525
879 1823
882 1406
882 1435
883 1238
883 1402
885 930
886 1647
887 1486
891 1722
904 1741
908 1743
910 1359
913 1647
914 1745
915 1743
919 1708
924 1157
929 1408
930 1099
930 1102
930 1255
930 1530
930 1917
930 1990
934 1348
959 1417
959 1999
960 1499
967 1079
967 1425
967 1906
967 1918
970 1348
973 1405
984 1593
986 1407
1003 1157
1012 1409
1013 1121
1021 1397
1049 1199
1057 1423
1057 1861
1057 1919
1059 1705
1065 1470
1065 1743
1070 1417
1072 1330
1083 1348
1093 1406
1097 1397
1097 1745
1100 1742
1107 1135
1110 1499
1117 1635
1120 1397
1121 1957
1123 1647
1135 1252
1135 1290
1135 1461
1135 1507
1135 1777
1135 1778
1137 1458
1137 1566
1137 1638
1143 1741
1159 1403
1163 1749
1171 1406
1172 1397
1173 1745
1174 1434
1184 1722
1188 1348
1198 1408
1199 1454
1199 1671
1199 1739
1199 1856
1199 1985
1199 1996
1212 1319
1222 1744
1225 1579
1225 1646
1225 1726
1235 1741
1238 1970
1245 1586
1258 1417
1261 1476
1283 1376
1290 1748
1293 1742
1310 1747
1312 1742
1319 1352
1319 1682
1321 1514
1322 1435
1325 1743
1325 1748
1328 1562
1328 1748
1330 1381
1330 1974
1333 1396
1338 1400
1339 1515
1342 1706
1352 1431
1352 1705
1359 1379
1359 1417
1366 1431
1376 1453
1376 1710
1376 1930
1382 1404
1396 1773
1396 1879
1396 1880
1397 1591
1397 1602
1397 1842
1397 1946
1397 1948
1400 1401
1400 1512
1400 1881
1400 1892
1400 1919
1402 1772
1402 1797
1402 1912
1402 1923
1402 1924
1403 1671
1405 1511
1405 1532
1405 1680
1406 1875
1407 1736
1409 1943
1409 1990
1416 1705
1417 1620
1417 1986
1430 1501
1430 1980
1431 1871
1434 1970
1441 1620
1459 1648
1467 1648
1470 1502
1470 1571
1470 1717
1470 1995
1486 1907
1486 1943
1501 1588
1504 1708
1518 1748
1524 1649
1546 1707
1546 1749
1547 1745
1557 1742
1562 1969
1586 1834
1589 1741
1592 1747
1617 1647
1635 1838
1648 1731
1648 1966
1649 1865
1688 1743
1707 1758
1707 1887
1737 1742
1741 1858
1742 1806
1745 1989
1745 1999
1748 1933
1749 1828
