0 7
0 9
0 21
0 60
0 63
1 7
1 196
1 295
1 375
1 376
1 381
1 387
1 395
1 421
2 180
2 192
2 319
2 447
2 464
3 180
3 295
3 329
3 350
3 376
3 421
3 506
3 510
3 511
3 519
3 520
3 525
3 571
3 578
4 119
4 180
4 187
4 192
4 196
4 313
4 511
4 813
4 852
4 863
5 262
5 295
5 355
5 395
5 892
6 143
6 319
6 357
6 697
6 741
6 1060
7 20
7 32
7 78
7 96
7 103
7 177
7 180
7 182
7 208
7 260
7 296
7 306
7 310
7 312
7 334
7 346
7 356
7 378
7 390
7 395
7 409
7 445
7 447
7 469
7 520
7 525
7 529
7 605
7 616
7 617
7 697
7 720
7 733
7 741
7 794
7 839
7 849
7 855
7 863
7 881
7 883
7 904
7 982
7 1058
7 1060
7 1074
7 1091
7 1108
7 1110
7 1131
7 1135
7 1136
7 1137
7 1138
7 1139
7 1140
7 1141
7 1142
7 1143
7 1144
7 1145
7 1146
7 1147
7 1148
7 1149
7 1150
7 1151
7 1152
7 1153
7 1154
7 1155
7 1156
7 1157
7 1158
7 1159
7 1160
7 1161
7 1162
7 1163
7 1164
7 1165
7 1166
7 1167
7 1168
7 1169
7 1170
8 301
8 336
8 349
8 353
8 617
8 910
9 17
9 29
9 142
9 145
9 295
9 296
9 298
9 351
9 537
9 611
9 976
9 1059
9 1278
9 1327
9 1330
9 1386
9 1411
9 1412
9 1413
9 1414
9 1415
9 1416
10 571
10 617
10 645
10 910
11 143
11 295
12 180
12 318
12 352
12 926
12 950
14 301
14 313
15 928
16 111
17 519
17 520
17 929
18 948
18 1155
20 354
20 697
21 78
21 94
21 117
21 178
21 180
21 239
21 284
21 358
21 368
21 660
21 1665
21 1680
22 180
22 936
25 924
25 945
30 958
32 376
33 233
34 511
36 571
37 958
38 813
39 1060
40 911
41 381
42 295
42 912
44 1110
45 510
46 180
46 911
48 196
48 1170
49 511
53 464
57 1060
58 180
58 892
60 140
60 177
60 295
60 382
60 572
60 584
60 1219
60 1816
60 1996
63 239
63 295
63 478
63 770
63 1374
63 1453
63 1624
63 1762
63 1795
67 111
71 115
71 960
72 313
73 233
73 934
75 937
76 354
76 519
77 339
79 697
81 948
83 912
87 964
88 578
90 111
90 115
90 119
90 128
91 525
91 617
91 645
91 670
91 686
92 192
92 295
92 805
93 295
93 376
93 911
93 913
94 916
94 931
96 852
96 913
97 917
100 375
101 960
103 1151
104 341
105 913
105 915
106 143
106 917
106 944
108 313
111 234
111 258
111 295
111 517
111 814
111 1113
111 1775
111 1839
111 1905
111 1944
112 921
115 295
115 365
115 838
115 891
115 1148
115 1618
116 511
118 301
119 180
119 323
119 1193
121 519
121 863
121 892
126 571
127 149
127 520
128 180
128 518
128 1150
128 1196
128 1661
128 1911
131 318
132 313
137 233
137 295
137 942
139 914
141 143
141 149
142 1152
143 181
143 284
143 295
143 368
143 369
143 370
143 378
143 380
143 445
143 449
143 463
143 466
143 564
143 615
143 618
143 621
143 705
143 720
143 817
143 1023
143 1077
143 1091
143 1118
143 1164
143 1212
143 1322
143 1434
143 1473
143 1474
143 1475
143 1476
143 1477
143 1478
143 1479
143 1480
143 1481
143 1482
143 1483
144 928
145 362
145 510
145 813
145 963
146 187
146 921
146 1060
149 177
149 180
149 193
149 215
149 218
149 303
149 402
149 591
149 625
149 815
149 888
149 1091
149 1400
149 1545
149 1630
149 1728
149 1729
151 395
151 421
151 511
151 686
151 939
152 930
152 935
158 511
162 944
163 511
169 192
177 180
177 187
177 192
177 196
177 233
177 238
177 262
177 274
178 295
178 347
178 506
178 670
178 780
179 274
179 295
179 301
179 318
179 813
180 192
180 205
180 210
180 217
180 233
180 262
180 274
180 295
180 297
180 302
180 317
180 345
180 363
180 368
180 375
180 376
180 381
180 387
180 421
180 449
180 464
180 503
180 506
180 510
180 511
180 519
180 571
180 578
180 615
180 645
180 670
180 686
180 750
180 780
180 788
180 805
180 813
180 846
180 847
180 852
180 892
180 910
180 911
180 912
180 913
180 914
180 915
180 916
180 917
180 918
180 919
180 920
180 921
180 922
180 923
180 924
180 925
180 926
180 927
180 928
180 929
180 930
180 931
180 932
180 933
180 934
180 935
180 936
180 937
180 938
180 939
180 940
180 941
180 942
180 943
180 944
180 945
180 946
180 947
180 948
180 949
180 950
180 951
180 952
180 953
180 954
180 955
180 956
180 957
180 958
180 959
180 960
180 961
180 962
180 963
180 964
180 965
180 966
181 375
181 910
181 915
181 916
181 929
181 962
181 963
182 519
184 319
185 295
185 921
185 964
186 187
186 912
186 962
187 188
187 295
187 303
187 365
187 440
187 455
187 619
187 658
187 979
187 982
187 1009
187 1057
187 1114
187 1186
187 1245
187 1251
187 1304
187 1369
187 1420
187 1499
187 1500
187 1501
187 1502
187 1503
187 1504
187 1505
187 1506
188 295
189 965
190 813
191 333
191 954
192 255
192 260
192 275
192 307
192 309
192 342
192 527
192 614
192 628
192 677
192 716
192 751
192 825
192 833
192 842
192 932
192 1107
192 1138
192 1148
192 1192
192 1240
192 1261
192 1313
192 1353
192 1386
192 1463
192 1537
192 1569
192 1589
192 1590
192 1591
192 1592
192 1593
192 1594
192 1595
192 1596
193 339
193 525
193 951
195 447
195 1131
196 295
196 305
196 1267
196 1434
196 1651
198 352
198 506
198 918
198 947
200 295
200 464
203 315
203 381
203 511
204 447
204 919
205 336
205 510
205 914
208 923
209 324
209 911
210 937
211 927
212 336
213 353
217 943
218 510
222 934
224 349
226 686
226 915
226 925
226 951
227 338
228 918
228 948
229 295
229 578
229 943
229 966
230 915
232 805
233 450
233 516
233 1883
233 1951
233 1981
235 301
238 295
238 747
238 872
238 1069
238 1398
238 1730
241 301
241 341
244 910
249 319
251 918
252 510
253 930
253 1168
254 922
257 918
260 912
262 628
262 1515
262 1604
271 948
274 770
274 1175
274 1714
278 510
279 946
280 375
287 315
288 863
289 313
291 1151
292 313
295 296
295 297
295 298
295 299
295 300
295 301
295 302
295 303
295 304
295 305
295 306
295 307
295 308
295 309
295 310
295 311
295 312
295 313
295 314
295 315
295 316
295 317
295 318
295 319
295 320
295 321
295 322
295 323
295 324
295 325
295 326
295 327
295 328
295 329
295 330
295 331
295 332
295 333
295 334
295 335
295 336
295 337
295 338
295 339
295 340
295 341
295 342
295 343
295 344
295 345
295 346
295 347
295 348
295 349
295 350
295 351
295 352
295 353
295 354
295 355
295 356
295 357
295 358
295 359
295 360
295 361
295 362
295 363
296 349
296 506
296 697
296 741
297 387
297 697
297 805
297 917
297 922
297 964
298 912
298 918
298 949
299 301
299 330
299 447
299 1152
300 347
300 510
300 911
300 913
300 915
300 935
301 440
301 534
301 611
301 621
301 733
301 787
301 826
301 1194
301 1271
301 1319
301 1330
301 1396
301 1397
301 1398
301 1399
301 1400
301 1401
301 1402
301 1403
301 1404
301 1405
301 1406
301 1407
301 1408
301 1409
301 1410
302 350
302 645
302 924
303 510
304 697
304 911
305 923
305 934
307 315
307 813
307 921
308 506
308 910
308 915
309 506
309 944
310 913
311 365
311 369
311 476
311 505
311 708
311 755
311 854
311 1040
311 1080
311 1366
311 1604
311 1605
311 1874
312 329
312 942
313 405
313 458
313 616
313 638
313 675
313 759
313 816
313 972
313 1036
313 1053
313 1144
313 1506
313 1692
313 1727
313 1736
313 1880
314 916
315 320
315 366
315 600
315 619
315 626
315 799
315 970
315 993
315 1046
315 1259
315 1343
315 1468
315 1502
315 1532
315 1569
315 1609
315 1764
315 1788
316 368
316 462
316 512
316 624
316 836
316 1094
316 1104
316 1754
316 1939
318 1136
318 1510
318 1520
318 1797
318 1895
318 1944
318 1945
319 502
319 984
319 1054
319 1126
319 1134
319 1171
319 1301
319 1308
319 1310
319 1354
319 1521
319 1526
319 1727
319 1735
319 1836
320 852
321 910
322 520
322 949
323 360
323 387
324 383
324 658
324 1095
324 1111
324 1302
324 1913
325 331
326 512
326 523
326 754
326 788
326 1083
326 1931
327 912
328 919
328 951
329 370
329 404
329 648
329 1194
329 1221
329 1356
330 366
330 632
330 883
330 1015
330 1126
330 1266
330 1439
330 1583
331 380
331 1107
331 1413
331 1421
331 1536
331 1623
331 1901
332 519
333 448
333 449
333 819
333 1034
333 1400
333 1744
333 1825
333 1930
333 1977
335 922
336 1413
336 1667
336 1773
337 935
338 473
338 515
338 1260
338 1909
338 1964
339 450
339 849
339 1167
339 1434
340 450
340 460
340 714
340 1437
341 614
341 676
341 1291
341 1348
343 942
344 366
344 503
344 534
344 1091
346 945
347 479
347 1436
347 1926
348 406
348 522
348 533
348 665
348 1630
348 1876
348 1917
349 1199
349 1419
350 1295
350 1421
350 1591
352 721
352 747
352 1803
352 1955
353 436
353 504
353 744
353 1956
354 391
354 565
354 646
354 1923
355 606
355 1020
355 1346
355 1758
356 1168
357 410
357 501
357 534
357 1839
359 893
359 984
359 1065
359 1949
360 450
360 1199
360 1218
360 1429
360 1909
361 924
362 416
362 448
362 788
364 525
364 936
365 447
365 520
365 910
365 1110
365 1131
366 912
366 954
367 912
367 946
368 381
368 520
368 931
368 936
368 944
368 1110
370 852
372 506
373 925
374 912
375 513
375 532
375 884
375 1055
375 1629
375 1700
375 1815
375 1816
376 391
376 469
376 632
376 634
376 683
376 788
376 818
376 1116
376 1300
376 1375
376 1437
376 1553
376 1584
376 1599
376 1615
376 1641
376 1646
376 1817
376 1818
376 1819
378 929
378 941
379 910
380 506
381 771
381 837
381 1372
381 1418
381 1524
381 1575
381 1686
381 1746
381 1787
383 924
383 942
384 919
385 927
387 454
387 508
387 567
387 756
387 1217
387 1376
387 1402
387 1776
387 1779
387 1893
387 1908
389 617
389 914
390 511
390 1170
393 1155
394 922
395 760
395 893
395 1205
395 1411
398 910
399 947
405 1152
407 506
412 813
414 506
416 645
419 911
421 1375
421 1568
421 1791
421 1895
423 525
425 925
430 1170
434 925
442 918
442 948
447 514
447 706
447 841
447 1195
447 1199
447 1207
447 1700
447 1701
448 930
449 952
450 958
451 805
452 911
457 1110
459 915
459 923
459 931
460 947
464 512
464 748
464 872
464 1525
464 1636
464 1880
464 1949
464 1977
467 520
469 1158
479 956
503 914
503 1060
504 506
504 511
504 914
504 940
504 957
505 511
506 611
506 752
506 766
506 839
506 888
506 1062
506 1108
506 1163
506 1281
506 1317
506 1318
506 1319
506 1320
506 1321
507 913
510 543
510 730
510 783
510 800
510 837
510 874
510 1046
510 1247
510 1264
510 1294
510 1470
510 1494
510 1529
510 1560
510 1584
510 1599
510 1600
510 1601
511 597
511 602
511 612
511 634
511 647
511 683
511 692
511 700
511 996
511 1027
511 1059
511 1069
511 1247
511 1261
511 1293
511 1382
511 1504
511 1629
511 1630
511 1631
511 1632
511 1633
511 1634
511 1635
511 1636
511 1637
511 1638
515 617
516 1168
519 1247
519 1358
519 1624
519 1653
519 1657
519 1858
519 1859
519 1860
520 541
520 633
520 848
520 1092
520 1137
520 1146
520 1203
520 1251
520 1342
520 1349
520 1590
520 1600
520 1681
520 1852
520 1867
521 945
524 913
525 527
525 529
525 539
525 802
525 1129
525 1205
525 1214
525 1506
527 917
527 940
527 952
530 926
534 670
534 929
545 917
548 912
548 1155
550 892
553 940
554 922
554 965
559 923
566 914
570 910
571 633
571 1346
571 1871
578 1098
578 1325
585 919
586 915
586 948
592 966
596 963
608 686
611 910
611 922
611 957
613 911
613 950
614 925
615 951
616 918
617 909
617 1257
617 1359
617 1522
617 1604
617 1834
618 697
622 911
623 928
625 697
626 942
631 927
631 942
632 910
632 1151
636 933
636 939
641 1151
642 950
645 655
645 719
645 991
645 1030
645 1210
645 1544
645 1782
645 1839
646 1156
648 919
650 962
659 959
662 911
666 914
667 959
669 924
670 1395
670 1590
670 1709
670 1963
671 863
672 921
686 1758
697 790
697 897
697 898
697 938
697 1066
697 1175
697 1498
697 1552
697 1660
697 1661
697 1662
700 912
701 917
707 919
710 945
711 961
713 924
713 933
714 911
720 1060
731 911
734 780
737 946
741 1083
741 1230
746 910
747 928
747 966
748 914
750 941
750 946
751 927
751 937
753 911
756 961
759 911
762 946
780 1090
780 1402
780 1874
780 1975
783 934
787 1158
788 916
788 936
794 926
797 929
813 836
813 1237
813 1398
813 1433
813 1563
813 1602
813 1616
817 964
817 1156
821 922
825 949
833 925
836 941
838 919
840 911
844 913
846 934
847 937
848 952
851 911
852 1220
854 911
863 1120
863 1166
864 1151
866 910
884 911
885 912
885 930
886 912
889 925
892 1301
897 913
907 964
910 953
910 1115
910 1180
910 1313
910 1352
910 1353
910 1354
910 1355
910 1356
910 1357
910 1358
910 1359
910 1360
910 1361
910 1362
910 1363
910 1364
910 1365
911 920
911 979
911 1201
911 1219
911 1250
911 1322
911 1540
911 1611
911 1615
911 1628
911 1676
911 1679
911 1680
911 1681
911 1682
911 1683
911 1684
911 1685
912 1296
912 1414
912 1547
912 1597
912 1607
912 1696
912 1716
912 1735
912 1736
912 1737
912 1738
912 1739
913 1016
913 1210
913 1277
913 1346
913 1452
913 1647
913 1662
913 1750
913 1777
913 1786
913 1833
914 1034
914 1065
914 1117
914 1196
914 1281
914 1487
914 1745
914 1809
914 1856
915 968
915 991
915 1055
915 1141
915 1191
915 1262
915 1312
915 1478
915 1509
915 1581
915 1595
915 1743
915 1923
916 1699
917 938
917 1589
917 1732
918 1045
918 1142
918 1487
918 1779
918 1790
918 1955
919 1149
919 1546
919 1587
919 1708
919 1767
919 1861
919 1960
921 1501
921 1507
921 1529
921 1537
922 968
922 1067
922 1245
922 1617
922 1766
922 1784
922 1787
922 1888
923 1010
924 1157
924 1280
924 1318
924 1369
924 1838
924 1902
925 1055
925 1345
925 1583
925 1643
925 1891
926 1366
926 1509
927 1753
928 976
929 1147
929 1378
929 1408
929 1672
929 1760
929 1763
929 1941
930 1099
930 1102
930 1255
930 1530
930 1917
930 1990
931 1247
931 1780
931 1898
931 1920
933 1037
933 1192
933 1763
934 1240
934 1348
934 1610
934 1733
934 1861
935 1303
935 1814
937 1166
937 1489
937 1592
937 1759
937 1765
939 998
939 1143
939 1324
940 968
940 1365
940 1591
940 1605
940 1967
941 1541
941 1724
941 1891
942 1614
943 1322
943 1734
944 1925
946 1906
946 1952
947 1274
948 1092
948 1610
948 1993
949 1269
950 1331
950 1930
951 955
951 1266
951 1949
952 1017
952 1583
954 1262
954 1914
955 1156
956 1541
956 1552
956 1646
956 1877
957 999
957 1318
958 1154
958 1685
959 1417
959 1999
960 1055
960 1483
960 1499
961 1449
961 1492
962 1298
963 1461
964 1612
965 1795
965 1968
966 1254
970 1060
973 1060
990 1060
996 1158
1023 1131
1060 1062
1060 1105
1060 1181
1060 1292
1060 1308
1060 1323
1060 1399
1060 1444
1060 1512
1092 1170
1108 1131
1110 1297
1110 1352
1110 1499
1110 1512
1110 1956
1151 1671
1151 1814
1151 1986
1152 1624
1155 1626
1155 1627
1156 1563
1156 1579
1156 1811
1158 1700
1158 1822
1168 1297
