0 2
0 11
0 36
0 54
0 56
0 60
0 82
1 2
1 36
1 177
1 181
1 196
1 207
1 213
1 221
1 229
1 232
1 242
1 246
1 395
1 396
1 398
2 3
2 4
2 15
2 16
2 22
2 31
2 86
2 90
2 91
2 99
2 122
2 141
2 177
2 178
2 179
2 180
2 192
2 208
2 216
2 222
2 266
2 296
2 319
2 342
2 345
2 369
2 371
2 373
2 377
2 379
2 383
2 385
2 417
2 419
2 445
2 446
2 447
2 448
2 449
2 450
2 451
2 452
2 453
2 454
2 455
2 456
2 457
2 458
2 459
2 460
2 461
2 462
2 463
2 464
2 465
2 466
2 467
2 468
2 469
2 470
2 471
2 472
2 473
2 474
2 475
2 476
2 477
2 478
2 479
2 480
2 481
2 482
2 483
2 484
2 485
2 486
2 487
2 488
2 489
2 490
2 491
2 492
2 493
2 494
2 495
2 496
2 497
2 498
2 499
2 500
2 501
2 502
3 92
3 177
3 195
3 197
3 508
3 518
3 585
3 593
4 146
4 196
4 213
4 702
4 837
5 181
5 255
5 262
5 395
5 702
6 177
6 181
6 184
6 211
6 508
6 518
7 177
7 260
7 395
8 124
8 213
9 142
9 1411
11 41
11 143
11 181
11 295
11 368
11 459
11 747
11 748
11 1218
11 1343
11 1498
12 198
12 1044
13 184
14 244
14 1017
14 1022
15 219
15 224
15 232
15 272
16 184
17 1012
18 250
18 1035
18 1355
18 1411
18 1525
19 205
19 237
19 286
21 239
21 284
23 197
23 209
23 214
23 290
24 264
24 1043
25 82
25 205
25 282
26 195
28 195
28 1045
28 1048
30 92
30 214
32 219
32 226
33 181
33 233
34 214
36 145
36 177
36 571
36 855
36 882
36 1037
36 1345
36 1907
42 251
45 225
45 1044
47 207
48 196
48 279
48 1047
53 219
54 141
54 177
54 302
54 1105
54 1140
54 1851
55 1028
56 177
56 425
56 987
56 1119
56 1259
56 1854
56 1953
56 1971
56 1993
57 281
59 146
59 246
60 140
60 177
60 295
60 382
60 572
60 584
60 1219
60 1816
60 1996
63 239
64 1019
67 249
71 124
72 702
73 188
73 233
79 253
82 181
82 1154
82 1587
82 1824
82 1889
88 289
88 1018
90 92
90 105
90 124
90 125
91 148
91 177
91 197
91 287
91 683
92 101
92 107
92 141
92 152
92 177
92 192
92 199
92 203
92 227
92 295
92 300
92 314
92 366
92 382
92 417
92 446
92 450
92 567
92 634
92 701
92 747
92 750
92 762
92 778
92 787
92 788
92 789
92 790
92 791
92 792
92 793
92 794
92 795
92 796
92 797
92 798
92 799
92 800
92 801
92 802
92 803
92 804
92 805
92 806
92 807
92 808
92 809
92 810
92 811
92 812
93 177
93 255
93 508
93 1015
93 1043
94 283
94 916
95 214
95 1017
95 1028
96 177
96 246
96 1052
97 281
97 398
99 837
100 396
102 1031
103 258
105 177
105 491
105 638
105 902
105 913
105 915
105 1092
105 1519
105 1550
105 1840
106 184
106 198
109 257
110 236
111 234
111 258
112 1026
113 279
116 1010
122 518
124 177
124 383
124 627
124 826
124 1232
124 1539
124 1714
125 181
125 612
125 899
125 1507
125 1521
125 1544
125 1997
127 149
128 518
131 226
136 1043
137 233
141 142
141 146
141 148
141 149
141 158
142 177
142 178
142 222
142 296
142 382
142 436
142 453
142 768
142 777
142 795
142 831
142 977
142 1105
142 1152
142 1178
142 1184
142 1358
142 1366
142 1428
142 1468
142 1469
142 1470
142 1471
142 1472
143 181
143 284
145 231
145 271
145 963
145 1525
146 177
146 187
146 368
146 386
146 467
146 553
146 653
146 748
146 767
146 905
146 921
146 991
146 1025
146 1060
146 1163
146 1270
146 1282
146 1286
146 1303
146 1355
146 1366
146 1411
146 1513
146 1546
146 1557
146 1558
146 1559
146 1560
146 1561
146 1562
146 1563
146 1564
146 1565
147 200
148 181
148 296
148 524
148 613
148 998
148 1410
148 1482
148 1698
148 1703
148 1725
148 1726
148 1727
149 177
149 180
149 193
149 215
149 218
149 303
149 402
149 591
149 625
149 815
149 888
149 1091
149 1400
149 1545
149 1630
149 1728
149 1729
150 257
150 753
151 219
151 240
151 395
151 1040
152 181
152 1047
155 702
156 209
156 284
157 753
158 181
158 511
158 616
158 704
158 1567
161 1010
165 207
166 184
176 272
177 178
177 179
177 180
177 181
177 182
177 183
177 184
177 185
177 186
177 187
177 188
177 189
177 190
177 191
177 192
177 193
177 194
177 195
177 196
177 197
177 198
177 199
177 200
177 201
177 202
177 203
177 204
177 205
177 206
177 207
177 208
177 209
177 210
177 211
177 212
177 213
177 214
177 215
177 216
177 217
177 218
177 219
177 220
177 221
177 222
177 223
177 224
177 225
177 226
177 227
177 228
177 229
177 230
177 231
177 232
177 233
177 234
177 235
177 236
177 237
177 238
177 239
177 240
177 241
177 242
177 243
177 244
177 245
177 246
177 247
177 248
177 249
177 250
177 251
177 252
177 253
177 254
177 255
177 256
177 257
177 258
177 259
177 260
177 261
177 262
177 263
177 264
177 265
177 266
177 267
177 268
177 269
177 270
177 271
177 272
177 273
177 274
177 275
177 276
177 277
177 278
177 279
177 280
177 281
177 282
177 283
177 284
177 285
177 286
177 287
177 288
177 289
177 290
177 291
177 292
177 293
177 294
178 184
178 225
178 230
178 518
178 753
179 181
179 200
179 228
179 231
179 272
179 274
179 276
179 518
180 205
180 233
180 262
180 274
180 916
180 962
180 963
181 189
181 194
181 223
181 248
181 294
181 296
181 305
181 364
181 365
181 375
181 390
181 396
181 398
181 438
181 508
181 518
181 522
181 544
181 545
181 585
181 593
181 683
181 702
181 753
181 790
181 817
181 827
181 833
181 836
181 837
181 910
181 915
181 916
181 929
181 962
181 963
181 986
181 991
181 1010
181 1011
181 1012
181 1013
181 1014
181 1015
181 1016
181 1017
181 1018
181 1019
181 1020
181 1021
181 1022
181 1023
181 1024
181 1025
181 1026
181 1027
181 1028
181 1029
181 1030
181 1031
181 1032
181 1033
181 1034
181 1035
181 1036
181 1037
181 1038
181 1039
181 1040
181 1041
181 1042
181 1043
181 1044
181 1045
181 1046
181 1047
181 1048
181 1049
181 1050
181 1051
181 1052
181 1053
181 1054
182 195
182 1022
183 188
183 197
183 508
184 297
184 319
184 364
184 378
184 807
184 835
184 995
184 1136
184 1181
184 1397
184 1421
184 1422
184 1423
184 1424
184 1425
184 1426
184 1427
184 1428
184 1429
184 1430
185 290
186 256
186 702
186 962
186 1026
186 1038
187 188
188 191
188 273
188 295
188 297
188 337
188 445
188 665
188 724
188 846
188 1247
188 1287
188 1441
188 1507
188 1508
188 1509
189 237
189 256
190 289
192 255
192 260
194 206
195 296
195 310
195 374
195 447
195 504
195 553
195 583
195 615
195 717
195 1089
195 1131
195 1140
195 1552
195 1628
195 1674
195 1677
196 295
196 305
196 1267
196 1434
196 1651
197 265
197 303
197 626
197 749
197 975
197 1182
197 1281
197 1306
197 1719
197 1720
198 208
198 296
198 298
198 309
198 352
198 450
198 506
198 541
198 544
198 558
198 566
198 882
198 918
198 947
198 1042
198 1250
198 1421
198 1730
199 201
200 295
200 418
200 464
200 747
201 612
201 787
201 836
201 1383
201 1765
202 206
203 1048
204 1355
205 275
205 336
205 510
205 529
205 548
205 633
205 737
205 751
205 881
205 896
205 914
205 971
205 1096
205 1349
205 1458
205 1462
205 1472
205 1740
205 1742
205 1811
205 1812
205 1813
205 1814
206 245
206 368
206 747
206 1024
206 1167
206 1224
206 1459
206 1463
206 1464
207 298
207 450
207 451
207 452
207 987
207 1146
207 1270
207 1414
207 1514
207 1774
207 1828
207 1844
207 1851
209 305
209 324
209 365
209 370
209 465
209 574
209 667
209 890
209 905
209 911
209 1020
209 1292
209 1341
209 1475
209 1491
209 1636
209 1708
209 1799
209 1820
209 1833
209 1857
210 251
210 282
211 261
211 297
211 308
211 591
211 625
211 765
211 787
211 927
211 1032
211 1239
211 1421
211 1542
211 1612
211 1695
211 1864
212 253
213 353
213 492
213 671
213 1108
213 1198
213 1208
213 1888
214 374
214 394
214 646
214 779
214 1165
214 1171
214 1176
214 1374
214 1436
214 1721
214 1804
214 1815
214 1907
215 286
215 1022
217 220
217 236
219 278
219 707
219 748
219 1784
219 1852
219 1954
220 367
220 403
220 620
220 652
220 696
220 1067
220 1249
220 1288
220 1404
220 1450
220 1542
220 1551
220 1786
220 1846
221 306
221 450
221 696
221 1690
222 269
223 235
224 297
224 349
224 705
224 1343
225 370
225 532
225 705
225 709
225 1720
225 1941
226 273
226 327
226 412
226 567
226 579
226 686
226 866
226 894
226 915
226 925
226 951
226 988
226 989
226 1055
226 1121
226 1264
226 1279
226 1310
226 1321
226 1340
226 1408
226 1426
226 1646
226 1658
226 1811
226 1824
226 1912
228 310
228 377
228 483
228 669
228 918
228 948
228 1004
228 1495
228 1740
228 1746
229 295
229 547
229 554
229 578
229 943
229 966
229 1136
229 1460
229 1603
229 1744
229 1798
230 915
230 1235
230 1250
230 1352
230 1401
230 1488
230 1851
231 1235
231 1644
231 1665
231 1737
231 1868
232 365
232 445
232 728
232 805
232 1269
232 1320
232 1538
232 1683
232 1746
233 450
233 516
233 1883
233 1951
233 1981
234 314
234 451
234 920
234 1794
234 1896
235 301
235 317
235 390
235 1082
236 548
236 967
237 377
237 486
237 677
237 1457
237 1502
237 1730
237 1760
237 1774
238 295
238 747
238 872
238 1069
238 1398
238 1730
239 819
239 835
239 987
239 1291
239 1597
239 1617
240 299
240 328
240 631
241 278
241 301
241 328
241 341
241 494
241 706
241 796
241 1535
241 1593
241 1700
241 1944
241 1994
242 694
242 858
242 970
242 1196
242 1258
242 1625
242 1810
243 703
243 878
243 972
243 1107
243 1236
244 300
244 707
244 910
244 977
244 1041
244 1364
244 1674
244 1785
244 1803
244 1813
244 1826
245 1036
246 300
246 545
246 770
246 1580
246 1818
246 1948
246 1973
247 886
247 1014
247 1366
247 1398
249 319
249 817
249 1199
249 1216
249 1446
249 1461
249 1471
249 1560
249 1577
249 1649
249 1808
249 1988
250 265
250 369
250 477
250 493
250 649
250 1844
250 1984
250 1997
251 918
251 1011
252 323
252 510
252 559
252 851
252 1969
253 300
253 930
253 986
253 1168
253 1497
254 475
254 922
254 1055
254 1573
254 1702
255 594
255 1521
255 1596
256 708
256 1171
257 310
257 918
257 1124
257 1860
258 435
258 800
258 1129
258 1291
258 1360
259 624
259 701
259 712
259 857
259 1550
259 1564
259 1721
260 692
260 812
260 855
260 912
260 1130
260 1828
262 628
262 1515
262 1604
263 296
263 980
263 1095
263 1261
263 1681
263 1937
264 389
264 555
264 726
264 1422
264 1872
264 1999
267 366
267 631
267 1202
267 1353
267 1889
268 699
268 1287
268 1516
268 1523
268 1934
269 613
269 898
269 1498
269 1548
270 473
270 573
270 881
270 1199
271 379
271 948
271 1503
272 711
272 839
274 770
274 1175
274 1714
276 379
276 680
276 889
276 1358
276 1505
277 291
279 514
279 946
279 1985
280 321
280 375
280 379
280 847
280 1980
281 616
281 1512
282 612
282 1676
283 1217
283 1582
283 1896
284 1353
284 1716
285 718
285 1209
285 1350
285 1751
286 370
286 388
287 315
287 1642
287 1671
287 1684
288 397
288 531
288 863
288 1285
289 313
289 625
289 1723
290 1572
290 1785
291 1151
291 1237
291 1985
292 313
292 611
292 989
292 1772
293 615
293 1072
293 1346
293 1995
296 702
299 1010
300 1010
300 1012
300 1046
303 1012
305 837
310 837
311 1040
312 1010
313 1036
313 1053
314 916
315 1046
319 1054
321 837
321 1031
321 1033
322 398
330 1015
333 1034
342 837
364 1010
365 1012
365 1045
366 1053
367 1010
368 1036
369 1038
371 1010
376 683
381 837
383 753
384 1010
387 508
393 1026
395 760
395 893
395 1205
395 1411
396 550
396 881
396 1367
396 1415
396 1536
398 910
398 978
400 1027
404 1525
410 702
411 1525
429 1031
449 1038
451 1047
451 1411
453 1044
464 1525
473 508
480 1033
487 1012
499 1045
505 837
508 538
508 606
508 828
508 845
508 850
508 890
508 1039
508 1218
508 1358
508 1542
508 1543
508 1544
508 1545
510 837
510 1046
511 683
511 1027
515 1010
518 531
518 591
518 627
518 708
518 722
518 763
518 974
518 1174
518 1253
518 1268
518 1343
518 1353
518 1368
518 1394
518 1424
518 1673
518 1818
518 1849
518 1852
522 593
522 1049
524 1049
528 1018
533 837
550 1052
555 1019
555 1027
557 753
560 1033
570 1010
574 1038
585 763
585 919
585 1050
585 1926
586 837
589 1411
593 631
593 841
593 1747
596 963
613 1051
620 837
623 1018
625 1043
650 962
674 1036
677 1010
683 1546
692 1010
702 1221
702 1417
702 1768
702 1770
702 1788
702 1905
702 1924
710 1019
711 1051
714 1054
728 1411
747 1010
748 1411
749 1015
753 911
753 1008
753 1144
753 1275
753 1303
753 1331
753 1451
753 1468
753 1782
761 1411
769 837
788 916
796 1017
799 1036
802 1010
815 1010
816 1028
827 1046
837 1193
837 1263
837 1374
837 1521
837 1639
837 1766
845 1028
848 1010
864 1044
879 1525
910 1355
914 1034
916 1699
918 1045
923 1010
932 1010
952 1017
962 1298
963 1461
971 1018
981 1018
984 1010
997 1018
1010 1296
1010 1344
1010 1433
1010 1445
1010 1446
1010 1447
1010 1448
1012 1409
1012 1817
1012 1835
1012 1901
1015 1219
1015 1272
1015 1378
1015 1387
1017 1067
1017 1914
1018 1112
1018 1186
1019 1325
1019 1379
1019 1546
1019 1883
1022 1711
1022 1906
1026 1487
1026 1491
1026 1848
1026 1878
1027 1306
1027 1756
1027 1977
1028 1101
1028 1759
1031 1211
1031 1439
1031 1517
1031 1546
1031 1776
1031 1845
1031 1995
1033 1439
1034 1270
1034 1389
1034 1988
1035 1095
1035 1226
1035 1507
1035 1637
1035 1645
1035 1779
1035 1971
1038 1130
1040 1259
1040 1306
1043 1140
1045 1398
1047 1585
1047 1841
1048 1136
1048 1282
1049 1056
1049 1199
1051 1664
1051 1879
1052 1109
1052 1520
1053 1088
1053 1780
1054 1190
1054 1460
1114 1411
1127 1525
1174 1525
1266 1525
1355 1612
1411 1525
1411 1589
1411 1778
1411 1805
1411 1844
1411 1863
1525 1653
1525 1848
1525 1918
