0 2
0 15
0 54
1 2
1 91
1 364
1 373
1 377
1 379
1 385
1 417
2 3
2 4
2 15
2 16
2 22
2 31
2 86
2 90
2 91
2 99
2 122
2 141
2 177
2 178
2 179
2 180
2 192
2 208
2 216
2 222
2 266
2 296
2 319
2 342
2 345
2 369
2 371
2 373
2 377
2 379
2 383
2 385
2 417
2 419
2 445
2 446
2 447
2 448
2 449
2 450
2 451
2 452
2 453
2 454
2 455
2 456
2 457
2 458
2 459
2 460
2 461
2 462
2 463
2 464
2 465
2 466
2 467
2 468
2 469
2 470
2 471
2 472
2 473
2 474
2 475
2 476
2 477
2 478
2 479
2 480
2 481
2 482
2 483
2 484
2 485
2 486
2 487
2 488
2 489
2 490
2 491
2 492
2 493
2 494
2 495
2 496
2 497
2 498
2 499
2 500
2 501
2 502
3 91
3 377
3 379
3 460
3 505
3 507
3 515
3 516
3 540
3 543
3 551
3 565
3 570
3 601
4 15
4 91
4 192
4 601
4 613
4 631
5 91
5 364
5 451
5 626
5 656
6 505
6 507
6 649
6 659
6 663
7 208
7 445
7 469
8 130
8 364
8 505
8 613
8 626
8 630
11 459
12 302
12 364
12 385
12 463
12 515
12 551
15 179
15 219
15 224
15 232
15 272
15 294
15 302
15 467
15 561
15 635
15 644
15 803
15 810
15 814
15 822
15 827
15 899
15 928
15 1014
15 1198
15 1203
15 1236
15 1310
15 1317
15 1323
15 1402
15 1492
15 1557
15 1665
15 1666
15 1667
15 1668
15 1669
15 1670
16 505
18 472
18 490
18 625
18 658
18 1317
20 505
20 652
21 660
24 631
25 664
26 222
27 618
28 615
30 373
37 91
37 302
46 460
46 642
48 302
51 632
53 464
54 141
54 177
54 302
54 1105
54 1140
54 1851
57 459
57 626
58 663
61 653
62 477
69 626
70 622
71 91
71 516
78 469
79 675
83 91
83 615
83 629
84 684
86 302
89 619
90 91
90 122
90 127
90 129
90 130
90 132
91 127
91 129
91 130
91 132
91 136
91 148
91 157
91 177
91 178
91 179
91 189
91 193
91 194
91 197
91 204
91 287
91 296
91 297
91 298
91 308
91 332
91 364
91 454
91 457
91 474
91 478
91 485
91 503
91 504
91 505
91 507
91 515
91 516
91 525
91 540
91 543
91 551
91 555
91 565
91 570
91 601
91 611
91 612
91 613
91 614
91 615
91 616
91 617
91 618
91 619
91 620
91 621
91 622
91 623
91 624
91 625
91 626
91 627
91 628
91 629
91 630
91 631
91 632
91 633
91 634
91 635
91 636
91 637
91 638
91 639
91 640
91 641
91 642
91 643
91 644
91 645
91 646
91 647
91 648
91 649
91 650
91 651
91 652
91 653
91 654
91 655
91 656
91 657
91 658
91 659
91 660
91 661
91 662
91 663
91 664
91 665
91 666
91 667
91 668
91 669
91 670
91 671
91 672
91 673
91 674
91 675
91 676
91 677
91 678
91 679
91 680
91 681
91 682
91 683
91 684
91 685
91 686
91 687
91 688
91 689
91 690
91 691
91 692
91 693
91 694
91 695
92 192
92 417
92 634
92 793
93 488
94 473
94 689
95 459
95 507
96 129
96 479
96 687
96 693
98 325
100 222
109 551
110 377
110 626
112 655
113 487
118 364
122 384
122 518
122 1722
122 1734
122 1756
122 1974
127 149
127 520
127 1086
127 1196
129 567
129 998
129 1128
129 1312
129 1569
129 1958
130 597
130 746
130 1144
130 1578
132 313
132 1227
132 1618
134 222
136 1388
141 157
142 222
143 445
143 463
143 615
143 618
143 621
144 636
144 928
145 373
145 461
145 618
145 650
145 682
146 653
147 458
147 543
148 613
149 625
151 505
151 686
152 495
152 631
152 643
152 654
152 673
154 479
155 377
156 481
157 753
157 1067
157 1451
157 1555
157 1806
157 1927
162 451
165 690
169 192
174 641
175 459
176 451
177 192
177 208
177 222
177 266
177 287
177 294
178 364
178 621
178 629
178 664
178 670
179 325
179 455
179 507
179 516
179 654
179 694
180 192
180 302
180 345
180 464
180 615
180 670
180 686
180 928
181 294
181 364
181 683
182 364
182 373
182 499
182 1310
183 505
183 619
184 364
185 629
186 302
187 455
187 619
187 658
188 445
188 665
189 266
189 648
190 377
190 793
191 208
192 255
192 260
192 275
192 307
192 309
192 342
192 527
192 614
192 628
192 677
192 716
192 751
192 825
192 833
192 842
192 932
192 1107
192 1138
192 1148
192 1192
192 1240
192 1261
192 1313
192 1353
192 1386
192 1463
192 1537
192 1569
192 1589
192 1590
192 1591
192 1592
192 1593
192 1594
192 1595
192 1596
193 507
193 516
193 543
194 669
194 673
194 1317
195 615
197 626
198 208
199 302
200 464
203 364
204 302
204 516
204 657
205 633
207 451
208 566
208 923
208 1197
208 1342
209 667
211 625
212 472
212 507
213 492
213 671
215 618
216 659
218 685
220 652
222 269
222 403
222 410
222 556
222 855
222 934
222 1256
222 1327
222 1401
222 1402
222 1732
222 1745
222 1856
222 1891
223 663
226 686
226 1310
228 377
228 483
228 669
232 445
233 516
234 451
237 377
240 631
241 494
242 694
243 1236
245 460
248 266
250 477
250 649
254 475
259 624
260 692
266 411
266 1619
266 1932
267 631
269 613
270 473
271 379
276 379
276 680
280 379
287 315
287 1642
287 1671
287 1684
289 625
293 615
294 826
294 1369
295 302
295 325
295 332
295 345
296 302
296 470
296 505
297 470
297 613
297 618
297 629
298 302
298 460
298 622
299 477
299 495
299 641
299 676
300 502
300 624
300 1388
301 621
302 350
302 358
302 559
302 645
302 793
302 924
302 1325
302 1404
302 1476
302 1510
302 1511
302 1512
302 1513
302 1514
302 1515
302 1516
302 1517
302 1518
302 1519
303 325
303 631
303 636
303 1236
304 475
307 615
308 385
308 502
308 660
308 671
308 1236
308 1388
309 505
309 648
309 663
310 651
311 505
312 619
313 458
313 675
315 619
315 626
316 462
316 624
317 642
319 502
319 1310
321 543
322 657
323 483
323 682
324 658
325 331
325 635
325 793
325 1293
325 1331
325 1589
327 666
328 463
328 667
329 648
330 632
332 437
332 519
332 1172
332 1268
332 1633
337 668
338 473
338 515
340 460
341 676
345 830
345 1220
345 1743
345 1794
346 625
347 479
348 665
354 565
356 451
357 501
364 366
364 367
364 446
364 457
364 504
364 521
364 525
364 555
364 568
364 611
364 612
364 616
364 678
364 701
364 745
364 826
364 897
364 936
364 998
364 1010
364 1014
364 1056
364 1091
364 1092
364 1093
364 1094
364 1095
364 1096
364 1097
364 1098
364 1099
364 1100
364 1101
364 1102
364 1103
364 1104
364 1105
364 1106
365 445
365 540
365 650
366 624
366 632
367 451
367 694
368 507
368 565
368 637
368 641
369 680
369 681
369 1317
370 674
371 507
373 384
373 486
373 504
373 754
373 872
373 925
373 1325
373 1389
373 1673
373 1773
373 1774
374 653
376 469
376 632
376 634
376 683
377 611
377 627
377 737
377 773
377 891
377 1065
377 1182
377 1258
377 1366
377 1522
377 1570
377 1695
377 1758
377 1820
377 1821
377 1822
378 661
379 411
379 612
379 808
379 809
379 842
379 850
379 889
379 905
379 910
379 1011
379 1426
379 1622
379 1730
380 458
380 540
380 636
383 492
384 462
384 643
385 534
385 823
385 927
385 1194
385 1736
385 1772
385 1922
388 668
389 516
390 693
391 621
397 651
399 455
399 516
400 640
403 507
403 660
405 477
411 676
412 451
417 446
417 1095
417 1736
419 622
426 637
432 655
433 613
437 475
438 492
441 640
442 666
443 793
445 537
445 768
445 882
445 1316
445 1429
446 484
446 619
446 621
446 624
446 651
448 640
448 654
449 622
450 643
451 452
451 453
451 491
451 547
451 635
451 698
451 705
451 719
451 746
451 805
451 844
451 867
451 870
451 883
451 906
451 978
451 997
451 1047
451 1099
451 1288
451 1311
451 1323
451 1325
451 1354
451 1411
451 1510
451 1522
451 1541
451 1564
451 1573
451 1575
451 1586
451 1613
451 1618
451 1657
451 1739
451 1760
451 1820
451 1846
451 1847
451 1848
451 1849
451 1850
452 468
453 649
454 507
455 1055
455 1085
455 1197
455 1228
455 1373
455 1398
455 1460
455 1510
455 1784
455 1867
456 505
457 462
457 693
458 705
458 1076
458 1672
458 1792
458 1922
458 1940
459 915
459 923
459 931
459 1093
459 1125
459 1428
459 1611
459 1781
460 612
460 706
460 947
460 1064
460 1113
460 1256
460 1450
460 1900
461 504
461 582
461 705
461 835
461 1908
462 471
462 524
462 1501
463 523
463 1357
463 1862
464 512
464 748
464 872
464 1525
464 1636
464 1880
464 1949
464 1977
465 498
468 616
468 983
468 987
468 1135
468 1187
468 1590
468 1661
468 1848
468 1942
469 838
469 1158
469 1366
469 1956
470 544
470 616
470 1532
470 1700
470 1743
470 1984
472 714
472 983
472 1175
472 1819
472 1885
473 482
473 508
473 534
473 1117
473 1162
473 1325
473 1750
473 1802
475 562
475 835
475 864
475 1139
475 1213
477 582
477 1459
477 1569
478 515
478 1310
479 699
479 956
479 1007
479 1249
479 1674
479 1819
480 545
480 841
480 1033
480 1299
480 1354
480 1603
481 1509
481 1629
481 1680
483 545
483 1175
483 1578
483 1592
484 870
484 1062
484 1241
484 1255
485 625
487 1012
487 1618
487 1718
488 792
488 1250
488 1976
489 655
490 1108
490 1400
490 1591
492 831
492 1775
493 649
494 823
494 1176
494 1415
495 688
495 1605
495 1858
497 646
497 1415
497 1734
497 1826
498 589
498 1398
498 1668
499 582
499 1045
499 1398
500 814
500 1323
500 1927
500 1970
501 1070
501 1255
501 1300
502 1252
503 1236
505 511
505 561
505 587
505 699
505 714
505 742
505 751
505 812
505 837
505 849
505 887
505 904
505 990
505 1055
505 1200
505 1211
505 1220
505 1265
505 1284
505 1285
505 1286
505 1287
505 1288
505 1289
505 1290
505 1291
505 1292
505 1293
505 1294
505 1295
505 1296
505 1297
505 1298
505 1299
505 1300
505 1301
506 1317
507 534
507 541
507 550
507 900
507 913
507 1063
507 1138
507 1323
507 1353
507 1386
507 1417
507 1418
507 1419
507 1420
509 669
510 543
511 634
511 683
511 692
513 642
514 613
515 611
515 617
515 627
515 866
515 1010
515 1063
515 1267
515 1286
515 1343
515 1440
515 1683
515 1734
516 539
516 751
516 782
516 886
516 1139
516 1141
516 1168
516 1432
517 540
520 633
522 640
523 661
526 679
529 1388
533 613
534 670
535 1317
539 615
540 1692
540 1932
543 695
543 847
543 992
543 1013
543 1242
543 1553
543 1734
545 630
550 633
551 969
551 1132
551 1385
551 1487
551 1888
551 1921
554 637
563 629
565 589
565 746
565 1164
565 1233
565 1515
565 1734
565 1830
565 1978
570 748
570 769
570 910
570 1010
570 1979
571 633
577 648
582 625
593 631
596 668
600 793
601 1396
601 1508
607 667
608 686
611 651
612 622
613 620
613 911
613 950
613 1051
613 1254
613 1318
613 1319
613 1344
613 1363
613 1516
613 1632
613 1688
613 1689
613 1690
615 951
615 1255
615 1339
615 1407
615 1770
615 1771
618 697
618 1691
619 788
619 980
619 1117
619 1118
619 1140
619 1147
619 1424
619 1752
620 632
620 660
620 684
621 1142
621 1694
621 1781
622 911
622 1283
622 1304
622 1459
622 1572
622 1864
623 928
624 819
624 986
624 1385
624 1470
624 1611
624 1662
624 1728
624 1912
625 697
625 708
625 845
625 1043
625 1473
625 1554
625 1626
625 1630
625 1791
625 1820
625 1852
625 1949
626 942
626 1295
626 1299
626 1329
626 1429
626 1471
626 1695
626 1728
626 1768
626 1771
626 1807
626 1913
626 1950
626 1951
629 696
629 797
629 885
629 1227
629 1761
630 1324
630 1334
630 1537
630 1618
630 1811
630 1822
631 927
631 942
631 1150
631 1277
631 1545
631 1773
631 1846
631 1976
632 801
632 910
632 974
632 997
632 1151
632 1454
632 1910
633 853
633 1323
633 1513
633 1825
634 872
634 1366
636 746
636 785
636 933
636 939
636 1230
636 1437
636 1601
636 1656
636 1865
637 708
637 750
637 1154
637 1649
638 675
639 689
640 787
640 888
641 881
641 1151
641 1349
641 1369
641 1469
641 1911
642 696
642 950
642 1058
643 969
643 1500
643 1624
643 1976
644 668
645 655
647 1236
648 919
649 988
649 1268
650 710
650 962
650 1744
650 1820
651 1944
652 677
652 735
652 953
652 969
652 1420
652 1725
652 1839
653 788
654 1196
654 1208
655 891
655 955
655 1069
655 1338
655 1935
655 1973
656 1095
656 1354
656 1665
657 836
657 839
657 1492
657 1540
657 1662
657 1860
657 1905
658 750
658 1405
659 888
659 959
659 1398
661 1066
661 1150
662 911
662 1192
662 1403
662 1946
663 898
664 1108
664 1322
664 1812
665 1014
665 1323
666 800
666 914
666 1141
666 1947
667 959
667 1302
667 1879
667 1960
668 1108
668 1169
668 1350
668 1669
669 924
669 1481
670 1395
670 1590
670 1709
670 1963
671 863
671 1292
671 1425
671 1564
671 1941
672 1236
673 932
673 1371
674 972
674 1036
674 1367
674 1714
675 969
675 1516
675 1836
676 1520
679 798
679 1120
679 1140
679 1951
680 1254
680 1323
680 1630
681 1068
681 1093
681 1275
682 1520
682 1880
683 1546
684 851
684 1226
684 1340
684 1618
685 988
685 1297
685 1695
686 1758
687 920
687 986
687 1160
687 1841
689 1246
689 1504
690 714
690 1722
690 1882
691 1325
691 1781
691 1800
691 1972
692 1010
692 1331
693 768
694 1523
723 1236
725 1236
747 928
764 1388
793 1347
793 1353
793 1388
793 1512
793 1696
793 1770
793 1960
900 1236
928 976
955 1236
1014 1388
1056 1236
1084 1310
1109 1317
1236 1338
1236 1549
1236 1571
1236 1929
1236 1942
1310 1314
1310 1747
1317 1701
1317 1906
1388 1587
1388 1866
