0 11
0 12
0 42
0 48
0 60
0 61
0 63
1 94
1 186
1 204
1 229
1 295
1 306
1 376
2 319
2 342
2 345
2 463
2 488
2 489
3 93
3 94
3 227
3 295
3 317
3 329
3 376
3 509
3 515
3 538
3 559
4 94
4 313
4 509
4 702
4 715
4 857
4 878
5 255
5 295
5 355
5 509
5 702
5 907
6 186
6 211
6 319
6 357
6 361
6 509
6 1056
6 1074
7 306
7 334
7 346
7 356
7 1074
7 1138
8 305
8 336
8 349
8 353
8 1192
9 295
9 351
10 645
10 1261
11 41
11 143
11 181
11 295
11 368
11 459
11 747
11 748
11 1218
11 1343
11 1498
12 65
12 123
12 180
12 198
12 299
12 302
12 318
12 352
12 364
12 385
12 440
12 463
12 509
12 515
12 531
12 551
12 781
12 792
12 814
12 926
12 950
12 976
12 1044
12 1335
12 1544
12 1579
12 1580
12 1581
12 1582
12 1583
12 1584
14 313
14 1093
15 302
15 1492
16 111
17 363
19 317
20 354
20 1255
21 94
21 660
21 1680
24 1043
28 639
28 1255
32 376
37 302
38 314
42 141
42 251
42 295
42 429
42 581
42 817
42 912
42 1457
42 1619
42 1744
42 1876
42 1942
46 1493
48 185
48 196
48 279
48 302
48 584
48 734
48 977
48 1047
48 1050
48 1170
48 1178
48 1287
48 1697
54 302
58 639
60 140
60 177
60 295
60 382
60 572
60 584
60 1219
60 1816
60 1996
61 296
61 308
61 653
61 882
61 1665
61 1684
61 1692
63 239
63 295
63 478
63 770
63 1374
63 1453
63 1624
63 1762
63 1795
67 111
70 305
71 115
72 313
72 702
73 188
76 354
77 339
77 829
81 978
84 696
86 302
90 93
90 94
90 109
90 110
90 111
90 115
90 137
90 139
91 204
91 308
91 332
91 515
91 639
91 645
91 660
91 671
92 227
92 295
92 314
92 762
92 793
92 806
93 97
93 139
93 177
93 202
93 255
93 295
93 299
93 304
93 376
93 382
93 488
93 489
93 508
93 639
93 696
93 724
93 752
93 766
93 820
93 825
93 857
93 911
93 913
93 1015
93 1043
93 1095
93 1255
93 1256
93 1257
93 1258
93 1259
93 1260
93 1261
93 1262
93 1263
93 1264
93 1265
93 1266
94 186
94 283
94 297
94 473
94 534
94 689
94 916
94 931
94 1057
94 1139
94 1326
94 1366
94 1396
94 1449
94 1450
96 878
96 913
96 1515
97 1793
99 639
99 1265
104 341
105 913
105 915
106 1404
108 313
109 257
109 308
109 370
109 504
109 551
109 579
109 869
109 969
109 1063
109 1268
109 1524
109 1719
109 1966
110 223
110 236
110 308
110 377
110 626
110 1224
110 1251
110 1585
110 1624
110 1865
110 1882
111 234
111 258
111 295
111 517
111 814
111 1113
111 1775
111 1839
111 1905
111 1944
115 295
115 365
115 838
115 891
115 1148
115 1618
118 509
132 313
136 1043
137 233
137 295
137 942
137 1724
137 1729
139 152
139 914
139 1210
142 1428
143 295
143 463
144 538
144 1258
144 1264
145 306
145 362
145 639
145 1074
145 1192
145 1264
145 1489
147 200
151 334
152 715
153 317
155 702
160 1056
163 1494
164 306
165 1261
165 1497
177 186
177 188
177 200
177 204
177 211
177 227
177 229
177 238
177 255
177 256
178 186
178 295
178 347
178 752
178 762
178 766
178 781
179 200
179 227
179 295
179 314
179 696
179 820
179 829
180 295
180 302
180 317
180 345
180 363
180 376
180 645
180 913
180 915
180 962
181 305
181 702
181 915
181 962
181 1038
181 1043
183 188
183 1192
184 319
184 1428
185 295
185 1456
186 187
186 190
186 256
186 302
186 304
186 702
186 755
186 794
186 907
186 912
186 962
186 967
186 978
186 1026
186 1038
186 1074
186 1100
186 1176
186 1285
186 1302
186 1428
186 1487
186 1488
186 1489
186 1490
186 1491
186 1492
186 1493
186 1494
186 1495
186 1496
186 1497
187 188
187 295
188 191
188 273
188 295
188 297
188 337
188 445
188 665
188 724
188 846
188 1247
188 1287
188 1441
188 1507
188 1508
188 1509
189 256
189 696
189 978
190 793
191 333
192 255
192 309
192 342
192 1138
192 1192
192 1261
193 339
196 295
196 305
198 309
199 302
200 295
200 418
200 464
200 747
202 696
202 1489
203 315
203 762
203 1056
203 1580
203 1712
204 302
204 444
204 447
204 516
204 657
204 883
204 919
204 1195
204 1355
204 1437
204 1614
204 1627
204 1680
205 336
209 305
209 324
209 1491
210 1173
210 1489
210 1490
211 261
211 297
211 308
211 591
211 625
211 765
211 787
211 927
211 1032
211 1239
211 1421
211 1542
211 1612
211 1695
211 1864
212 309
212 336
212 1258
213 353
213 671
214 1176
216 1491
220 696
220 1404
221 306
221 696
222 1256
224 349
226 327
226 915
226 1264
227 308
227 338
227 1073
227 1112
227 1390
227 1751
228 1495
229 295
229 547
229 554
229 578
229 943
229 966
229 1136
229 1460
229 1603
229 1744
229 1798
230 915
234 314
235 317
236 967
238 295
238 747
238 872
238 1069
238 1398
238 1730
241 341
242 1258
243 878
246 1580
248 1496
249 319
252 559
253 1497
255 594
255 1521
255 1596
256 708
256 1171
259 857
262 1515
263 1261
268 1516
280 321
287 315
288 1285
289 313
292 313
295 296
295 297
295 298
295 299
295 300
295 301
295 302
295 303
295 304
295 305
295 306
295 307
295 308
295 309
295 310
295 311
295 312
295 313
295 314
295 315
295 316
295 317
295 318
295 319
295 320
295 321
295 322
295 323
295 324
295 325
295 326
295 327
295 328
295 329
295 330
295 331
295 332
295 333
295 334
295 335
295 336
295 337
295 338
295 339
295 340
295 341
295 342
295 343
295 344
295 345
295 346
295 347
295 348
295 349
295 350
295 351
295 352
295 353
295 354
295 355
295 356
295 357
295 358
295 359
295 360
295 361
295 362
295 363
296 302
296 349
296 696
296 702
296 715
297 356
297 967
297 978
298 302
298 752
298 820
299 330
300 347
300 766
300 913
300 915
301 1404
301 1405
302 350
302 358
302 559
302 645
302 793
302 924
302 1325
302 1404
302 1476
302 1510
302 1511
302 1512
302 1513
302 1514
302 1515
302 1516
302 1517
302 1518
302 1519
303 322
305 365
305 380
305 532
305 607
305 611
305 825
305 837
305 923
305 934
305 1145
305 1171
305 1189
305 1598
305 1651
305 1652
305 1653
305 1654
305 1655
305 1656
306 320
306 532
306 612
306 797
306 1223
306 1651
306 1702
306 1703
306 1704
307 315
307 1680
308 370
308 380
308 383
308 385
308 502
308 506
308 538
308 660
308 671
308 715
308 762
308 789
308 806
308 829
308 878
308 910
308 915
308 972
308 1056
308 1093
308 1138
308 1173
308 1192
308 1236
308 1388
308 1456
308 1564
308 1614
308 1712
308 1790
308 1791
308 1792
308 1793
308 1794
308 1795
309 335
309 392
309 505
309 506
309 544
309 628
309 648
309 663
309 847
309 944
309 1328
309 1459
309 1719
309 1835
309 1836
310 356
310 913
311 365
311 369
311 476
311 505
311 708
311 755
311 854
311 1040
311 1080
311 1366
311 1604
311 1605
311 1874
312 329
313 405
313 458
313 616
313 638
313 675
313 759
313 816
313 972
313 1036
313 1053
313 1144
313 1506
313 1692
313 1727
313 1736
313 1880
314 466
314 826
314 856
314 916
314 972
314 1206
314 1257
314 1322
314 1557
315 320
315 366
315 600
315 619
315 626
315 799
315 970
315 993
315 1046
315 1259
315 1343
315 1468
315 1502
315 1532
315 1569
315 1609
315 1764
315 1788
316 368
316 462
316 512
316 624
316 836
316 1094
316 1104
316 1754
316 1939
317 642
317 902
317 1733
317 1770
317 1941
319 502
319 984
319 1054
319 1126
319 1134
319 1171
319 1301
319 1308
319 1310
319 1354
319 1521
319 1526
319 1727
319 1735
319 1836
321 543
321 761
321 837
321 910
321 988
321 1031
321 1033
321 1460
321 1671
321 1677
321 1686
321 1903
321 1957
322 366
322 398
322 520
322 530
322 657
322 855
322 949
322 1013
322 1096
322 1589
322 1624
322 1963
323 360
324 383
324 658
324 1095
324 1111
324 1302
324 1913
325 331
325 793
326 512
326 523
326 754
326 788
326 1083
326 1931
327 449
327 452
327 666
327 850
327 912
327 1101
327 1477
327 1633
327 1715
328 463
329 370
329 404
329 648
329 1194
329 1221
329 1356
330 366
330 632
330 883
330 1015
330 1126
330 1266
330 1439
330 1583
331 380
331 1107
331 1413
331 1421
331 1536
331 1623
331 1901
332 437
332 519
332 1172
332 1268
332 1633
333 448
333 449
333 819
333 1034
333 1400
333 1744
333 1825
333 1930
333 1977
334 1453
334 1522
334 1524
334 1992
336 1413
336 1667
336 1773
337 1489
338 515
338 1260
339 450
339 849
339 1167
339 1434
340 450
340 460
340 714
340 1437
341 614
341 676
341 1291
341 1348
342 837
342 886
343 942
343 973
343 987
343 1249
343 1801
344 366
344 503
344 534
344 1091
345 830
345 1220
345 1743
345 1794
346 625
346 945
346 1109
346 1740
347 479
347 1436
347 1926
348 406
348 522
348 533
348 665
348 1630
348 1876
348 1917
349 1199
349 1419
351 384
351 1058
351 1327
353 436
353 504
353 744
353 1956
354 391
354 565
354 646
354 1923
355 606
355 1020
355 1346
355 1758
356 451
356 1168
356 1234
357 410
357 501
357 534
357 1839
359 893
359 984
359 1065
359 1949
360 450
360 1199
360 1218
360 1429
360 1909
361 504
361 924
361 1880
362 416
362 448
362 788
363 1011
363 1573
364 1056
364 1093
364 1100
365 559
366 1173
366 1176
368 696
368 781
369 1038
369 1285
370 1093
370 1497
376 391
376 469
376 632
376 634
376 683
376 788
376 818
376 1116
376 1300
376 1375
376 1437
376 1553
376 1584
376 1599
376 1615
376 1641
376 1646
376 1817
376 1818
376 1819
377 1258
378 1256
382 1285
394 1138
398 978
402 1192
403 660
410 702
411 1790
416 645
421 1791
423 639
428 1192
430 1404
443 793
448 967
448 1258
449 1038
450 857
450 1404
450 1491
451 978
452 1093
458 1792
459 915
459 1093
459 1428
460 1256
463 523
463 1357
463 1862
476 1487
478 515
481 1680
482 1261
484 1255
486 559
488 792
488 1250
488 1976
489 655
489 1244
489 1247
494 1176
501 1255
504 696
504 806
505 1265
505 1285
506 752
506 766
507 913
507 1138
508 538
509 669
509 993
509 1135
509 1510
509 1598
510 1264
510 1494
511 1261
515 611
515 617
515 627
515 866
515 1010
515 1063
515 1267
515 1286
515 1343
515 1440
515 1683
515 1734
521 1791
524 913
524 1580
530 967
534 538
536 1056
538 546
538 771
538 1210
538 1387
538 1616
538 1704
538 1942
538 1943
545 1176
547 1261
550 1487
550 1492
551 1487
553 1456
559 923
559 1114
559 1383
559 1666
559 1901
565 1515
569 1255
572 1138
574 1038
584 1404
586 915
589 1792
597 766
600 793
608 1258
611 752
611 766
611 967
611 1255
611 1260
612 781
612 1173
613 1516
615 1255
616 1263
620 660
625 1043
625 1791
627 1494
629 696
638 1680
639 689
639 745
639 772
639 785
639 985
639 1501
639 1728
639 1983
642 696
645 655
645 719
645 991
645 1030
645 1210
645 1544
645 1782
645 1839
647 1791
650 962
657 1492
658 1405
662 1192
671 863
671 1292
671 1425
671 1564
671 1941
675 1516
681 1093
696 839
696 889
696 1066
696 1194
696 1195
696 1259
696 1322
696 1436
696 1437
696 1438
696 1439
696 1440
696 1441
696 1442
696 1443
696 1444
698 967
698 1176
702 1221
702 1417
702 1768
702 1770
702 1788
702 1905
702 1924
705 1192
708 1494
715 756
715 1273
715 1363
715 1833
715 1904
718 762
723 1712
730 1790
732 1490
734 1489
745 1790
748 1260
752 1208
755 762
762 946
762 1222
762 1655
762 1685
762 1729
762 1751
762 1795
762 1817
762 1837
766 981
766 1663
766 1687
768 1792
781 1179
788 820
788 1515
789 1056
793 1347
793 1353
793 1388
793 1512
793 1696
793 1770
793 1960
794 1265
800 1490
801 1261
802 1490
806 1223
806 1978
814 1456
820 1370
824 1260
829 1240
829 1312
829 1329
829 1352
829 1832
831 1138
834 857
836 1497
837 1263
838 1256
844 913
848 857
848 1256
858 1517
870 1494
873 1489
874 1490
878 1322
884 1100
885 1255
891 1516
897 913
907 964
907 1004
907 1244
911 1680
913 1016
913 1210
913 1277
913 1346
913 1452
913 1647
913 1662
913 1750
913 1777
913 1786
913 1833
914 1487
915 968
915 991
915 1055
915 1141
915 1191
915 1262
915 1312
915 1478
915 1509
915 1581
915 1595
915 1743
915 1923
918 1487
918 1790
930 1255
933 1192
937 1489
961 1492
962 1298
967 1079
967 1425
967 1906
967 1918
973 1405
989 1093
990 1093
1000 1489
1006 1791
1016 1793
1023 1492
1026 1487
1026 1491
1031 1517
1038 1130
1043 1140
1049 1056
1055 1173
1055 1712
1056 1078
1056 1175
1056 1236
1056 1367
1058 1680
1058 1793
1062 1792
1067 1260
1074 1171
1074 1357
1074 1441
1074 1634
1074 1962
1076 1260
1080 1680
1091 1712
1092 1495
1093 1272
1093 1406
1093 1682
1093 1725
1093 1738
1093 1809
1093 1851
1093 1930
1097 1255
1100 1508
1100 1742
1100 1871
1103 1487
1119 1263
1123 1258
1125 1263
1127 1456
1132 1256
1138 1247
1138 1279
1138 1816
1142 1255
1150 1487
1161 1489
1167 1176
1171 1490
1173 1267
1173 1269
1173 1745
1173 1787
1173 1820
1173 1867
1173 1881
1173 1896
1176 1308
1176 1547
1176 1633
1176 1937
1176 1988
1192 1802
1192 1803
1192 1804
1192 1805
1193 1712
1195 1793
1205 1285
1215 1265
1220 1261
1221 1580
1228 1712
1247 1285
1255 1551
1255 1665
1255 1667
1255 1925
1255 1926
1256 1768
1256 1890
1258 1362
1258 1417
1258 1478
1258 1799
1258 1982
1260 1304
1260 1965
1260 1975
1261 1333
1261 1476
1261 1812
1261 1929
1261 1943
1262 1790
1265 1322
1274 1680
1285 1676
1294 1490
1316 1680
1334 1490
1339 1492
1339 1515
1382 1404
1392 1580
1405 1511
1405 1532
1405 1680
1428 1623
1456 1690
1456 1875
1461 1792
1469 1517
1484 1791
1487 1690
1487 1862
1487 1922
1488 1495
1489 1572
1489 1607
1489 1971
1490 1623
1492 1504
1492 1821
1493 1521
1493 1566
1493 1604
1495 1637
1495 1869
1496 1558
1496 1612
1496 1796
1503 1712
1508 1580
1512 1790
1516 1585
1516 1827
1516 1865
1517 1631
1518 1790
1527 1790
1580 1796
1624 1791
1680 1753
1680 1897
1688 1792
1712 1738
1712 1906
1732 1791
1790 1816
1790 1976
1791 1897
1791 1991
1792 1994
1793 1835
