1 91
1 370
1 393
2 91
3 91
3 298
3 393
3 513
3 528
3 590
4 91
4 298
5 91
6 590
7 1155
9 298
10 513
18 1155
29 210
37 91
43 298
71 91
80 298
83 91
90 91
91 127
91 129
91 130
91 132
91 136
91 148
91 157
91 177
91 178
91 179
91 189
91 193
91 194
91 197
91 204
91 287
91 296
91 297
91 298
91 308
91 332
91 364
91 454
91 457
91 474
91 478
91 485
91 503
91 504
91 505
91 507
91 515
91 516
91 525
91 540
91 543
91 551
91 555
91 565
91 570
91 601
91 611
91 612
91 613
91 614
91 615
91 616
91 617
91 618
91 619
91 620
91 621
91 622
91 623
91 624
91 625
91 626
91 627
91 628
91 629
91 630
91 631
91 632
91 633
91 634
91 635
91 636
91 637
91 638
91 639
91 640
91 641
91 642
91 643
91 644
91 645
91 646
91 647
91 648
91 649
91 650
91 651
91 652
91 653
91 654
91 655
91 656
91 657
91 658
91 659
91 660
91 661
91 662
91 663
91 664
91 665
91 666
91 667
91 668
91 669
91 670
91 671
91 672
91 673
91 674
91 675
91 676
91 677
91 678
91 679
91 680
100 1346
104 513
109 370
112 298
131 513
143 370
144 298
144 1485
145 528
147 1640
153 513
155 298
162 513
177 210
178 370
178 528
180 210
183 1346
198 298
207 298
209 370
210 251
210 282
210 370
210 384
210 450
210 788
210 893
210 937
210 1064
210 1173
210 1396
210 1489
210 1490
210 1510
210 1681
210 1812
210 1862
225 370
286 370
293 1346
295 298
296 298
298 302
298 370
298 433
298 460
298 504
298 544
298 622
298 746
298 752
298 816
298 820
298 883
298 912
298 918
298 949
298 986
298 987
298 988
298 989
298 990
298 991
298 992
298 993
298 994
298 995
298 996
298 997
298 998
298 999
298 1000
298 1001
298 1002
298 1003
298 1004
298 1005
298 1006
298 1007
298 1008
298 1009
300 513
304 1640
308 370
329 370
355 1346
365 370
365 393
366 528
370 393
370 496
370 513
370 528
370 590
370 674
370 798
370 852
370 868
370 895
370 1093
370 1120
370 1177
370 1229
370 1241
370 1346
370 1371
370 1485
370 1497
370 1523
370 1607
370 1608
370 1609
375 513
393 721
393 835
393 1026
393 1155
393 1189
393 1239
393 1640
393 1706
393 1765
393 1881
513 642
513 707
513 758
513 827
513 881
513 1302
513 1352
513 1372
513 1377
513 1390
513 1400
513 1678
528 1018
528 1451
528 1512
528 1736
548 1155
571 1346
590 899
590 1352
913 1346
970 1485
1001 1640
1071 1640
1155 1626
1155 1627
1183 1346
1297 1640
1326 1640
1346 1601
1346 1921
1346 1975
1485 1587
1485 1881
