0 6
0 20
2 485
5 898
6 8
6 17
6 22
6 41
6 90
6 100
6 143
6 177
6 178
6 181
6 183
6 184
6 186
6 211
6 319
6 357
6 361
6 365
6 367
6 369
6 399
6 491
6 503
6 505
6 507
6 508
6 509
6 518
6 575
6 586
6 590
6 603
6 623
6 649
6 659
6 663
6 697
6 714
6 741
6 774
6 782
6 815
6 835
6 838
6 908
6 973
6 1023
6 1037
6 1055
6 1056
6 1057
6 1058
6 1059
6 1060
6 1061
6 1062
6 1063
6 1064
6 1065
6 1066
6 1067
6 1068
6 1069
6 1070
6 1071
6 1072
6 1073
6 1074
6 1075
6 1076
6 1077
6 1078
6 1079
6 1080
6 1081
6 1082
6 1083
6 1084
6 1085
6 1086
6 1087
6 1088
6 1089
6 1090
7 20
7 346
7 697
10 485
18 625
20 151
20 297
20 354
20 505
20 652
20 697
20 974
20 1255
20 1438
20 1553
20 1618
20 1686
20 1772
55 1175
57 1175
58 1660
79 697
91 485
91 625
106 1175
127 149
128 1661
141 149
149 177
149 180
149 193
149 215
149 218
149 303
149 402
149 591
149 625
149 815
149 888
149 1091
149 1400
149 1545
149 1630
149 1728
149 1729
159 1175
211 625
219 1852
269 898
274 1175
289 625
295 346
296 697
297 697
304 697
346 625
346 945
346 1109
346 1740
366 1175
425 1175
448 485
468 1661
472 1175
483 1175
485 625
485 1379
485 1385
485 1707
518 1852
520 1852
529 1175
582 625
618 697
625 697
625 708
625 845
625 1043
625 1473
625 1554
625 1626
625 1630
625 1791
625 1820
625 1852
625 1949
663 898
697 790
697 897
697 898
697 938
697 1066
697 1175
697 1498
697 1552
697 1660
697 1661
697 1662
710 1661
724 1175
854 1660
895 1660
898 1513
898 1664
898 1715
898 1764
898 1850
1056 1175
1175 1594
1175 1615
1175 1798
1175 1807
1175 1959
1175 1965
1303 1661
1389 1660
1502 1852
1852 1958
1852 1961
