1 181
1 390
3 518
5 181
6 181
6 518
7 390
11 181
28 1045
33 181
39 223
67 790
82 181
92 790
96 1052
110 223
112 1026
122 518
125 181
128 518
143 181
148 181
152 181
158 181
177 181
177 223
178 518
179 181
179 518
181 189
181 194
181 223
181 248
181 294
181 296
181 305
181 364
181 365
181 375
181 390
181 396
181 398
181 438
181 508
181 518
181 522
181 544
181 545
181 585
181 593
181 683
181 702
181 753
181 790
181 817
181 827
181 833
181 836
181 837
181 910
181 915
181 916
181 929
181 962
181 963
181 986
181 991
181 1010
181 1011
181 1012
181 1013
181 1014
181 1015
181 1016
181 1017
181 1018
181 1019
181 1020
181 1021
181 1022
181 1023
181 1024
181 1025
181 1026
181 1027
181 1028
181 1029
181 1030
181 1031
181 1032
181 1033
181 1034
181 1035
181 1036
181 1037
181 1038
181 1039
181 1040
181 1041
181 1042
181 1043
181 1044
181 1045
181 1046
181 1047
181 1048
181 1049
181 1050
181 1051
181 1052
181 1053
181 1054
186 1026
193 1024
206 1024
223 235
223 380
223 478
223 527
223 663
223 678
223 727
223 750
223 1216
223 1377
223 1538
223 1921
235 390
321 1033
365 1016
365 1045
368 790
390 511
390 693
390 819
390 1170
390 1342
390 1413
390 1577
390 1765
390 1885
393 1026
438 790
480 1033
499 1045
518 531
518 591
518 627
518 708
518 722
518 763
518 974
518 1174
518 1253
518 1268
518 1343
518 1353
518 1368
518 1394
518 1424
518 1673
518 1818
518 1849
518 1852
550 1052
560 1033
613 1051
616 790
697 790
711 1051
757 1016
765 790
790 981
790 1089
790 1126
790 1502
790 1510
790 1549
790 1720
790 1863
790 1877
790 1908
913 1016
918 1045
1016 1097
1016 1244
1016 1452
1016 1689
1016 1793
1024 1177
1024 1844
1024 1995
1026 1487
1026 1491
1026 1848
1026 1878
1033 1439
1045 1398
1051 1664
1051 1879
1052 1109
1052 1520
