1 232
1 365
3 365
3 521
3 608
5 521
5 882
6 365
8 305
15 232
34 1125
35 882
36 882
37 521
61 882
66 1117
70 305
108 365
111 1113
115 365
141 173
145 1113
145 1117
146 1025
166 882
170 365
172 173
173 365
173 533
173 1366
177 232
178 365
181 305
181 365
181 1025
187 365
191 365
196 305
198 882
209 305
209 365
215 882
232 365
232 445
232 728
232 805
232 1269
232 1320
232 1538
232 1683
232 1746
295 305
296 521
303 365
304 365
305 365
305 380
305 532
305 607
305 611
305 825
305 837
305 923
305 934
305 1145
305 1171
305 1189
305 1598
305 1651
305 1652
305 1653
305 1654
305 1655
305 1656
307 1025
311 365
337 521
364 521
365 366
365 370
365 393
365 445
365 447
365 520
365 521
365 540
365 555
365 559
365 608
365 650
365 704
365 722
365 787
365 796
365 822
365 882
365 910
365 999
365 1012
365 1016
365 1025
365 1045
365 1096
365 1107
365 1108
365 1109
365 1110
365 1111
365 1112
365 1113
365 1114
365 1115
365 1116
365 1117
365 1118
365 1119
365 1120
365 1121
365 1122
365 1123
365 1124
365 1125
365 1126
365 1127
365 1128
365 1129
365 1130
365 1131
365 1132
365 1133
365 1134
367 1025
376 1116
445 882
457 1116
459 1125
460 1113
473 1117
517 1125
521 522
521 644
521 809
521 945
521 1143
521 1223
521 1347
521 1464
521 1606
521 1693
521 1791
521 1873
533 882
563 608
569 1117
608 686
608 1258
611 882
619 1117
700 1115
711 882
775 1113
882 988
882 1069
882 1248
882 1356
882 1406
882 1435
882 1518
882 1657
882 1726
882 1891
883 1115
909 1113
910 1115
914 1117
979 1113
1013 1113
1107 1125
1113 1613
1113 1691
1113 1789
1115 1129
1115 1498
1115 1536
1115 1822
1115 1976
1115 1994
1116 1673
1116 1764
1117 1123
1117 1566
1117 1635
1117 1864
1117 1992
1125 1263
1125 1595
1125 1698
