1 306
1 428
3 504
5 504
7 306
8 1202
9 145
10 145
14 504
18 1525
23 145
36 145
40 504
44 145
49 1522
62 1291
65 504
91 504
91 650
95 504
107 504
109 504
109 1524
112 1202
116 1300
120 504
135 145
141 145
145 189
145 231
145 271
145 296
145 306
145 362
145 373
145 394
145 424
145 428
145 461
145 504
145 510
145 523
145 528
145 549
145 557
145 612
145 618
145 639
145 647
145 650
145 682
145 791
145 813
145 821
145 843
145 963
145 986
145 987
145 1074
145 1094
145 1113
145 1117
145 1174
145 1192
145 1202
145 1221
145 1226
145 1229
145 1264
145 1277
145 1291
145 1294
145 1300
145 1332
145 1376
145 1396
145 1455
145 1489
145 1501
145 1520
145 1521
145 1522
145 1523
145 1524
145 1525
145 1526
145 1527
145 1528
145 1529
145 1530
145 1531
145 1532
145 1533
145 1534
145 1535
159 1202
164 306
195 504
221 306
239 1291
258 1291
267 1202
295 306
298 504
300 504
300 1291
303 1332
306 320
306 532
306 612
306 797
306 1223
306 1651
306 1702
306 1703
306 1704
334 1522
334 1524
337 428
341 1291
353 504
361 504
364 504
365 650
369 504
373 504
376 1300
377 1522
381 1524
392 504
404 1525
408 428
411 1525
423 504
428 1192
449 1202
451 1522
453 504
461 504
464 1525
501 1300
504 506
504 511
504 517
504 696
504 701
504 703
504 716
504 745
504 757
504 787
504 806
504 840
504 881
504 914
504 940
504 957
504 1055
504 1073
504 1091
504 1094
504 1153
504 1222
504 1267
504 1268
504 1269
504 1270
504 1271
504 1272
504 1273
504 1274
504 1275
504 1276
504 1277
504 1278
504 1279
504 1280
504 1281
504 1282
504 1283
504 1284
505 1291
505 1300
517 1332
517 1522
548 1522
569 1522
611 1332
617 1522
650 710
650 962
650 1744
650 1820
700 1524
808 1522
859 1291
879 1525
970 1291
1007 1522
1127 1525
1174 1525
1202 1281
1202 1514
1243 1524
1252 1524
1266 1525
1291 1442
1291 1644
1291 1669
1291 1826
1291 1831
1300 1325
1332 1820
1332 1932
1332 1936
1343 1524
1394 1522
1411 1525
1522 1946
1524 1608
1524 1649
1524 1980
1525 1653
1525 1848
1525 1918
