0 5
0 10
0 14
0 25
0 34
0 41
0 44
0 51
1 14
1 90
1 94
1 134
1 204
1 366
1 376
1 392
1 401
1 404
1 424
1 430
1 431
2 90
2 99
2 122
2 319
2 458
2 471
2 496
3 94
3 98
3 376
3 509
3 521
3 522
3 526
3 528
3 535
3 562
3 564
3 565
3 569
3 574
3 583
3 595
4 94
4 95
4 119
4 509
4 564
4 702
4 843
4 853
4 861
4 862
4 868
4 875
4 879
5 13
5 14
5 34
5 51
5 86
5 90
5 91
5 102
5 114
5 144
5 161
5 179
5 181
5 255
5 262
5 295
5 299
5 307
5 312
5 355
5 364
5 366
5 368
5 395
5 401
5 431
5 451
5 496
5 504
5 509
5 521
5 526
5 595
5 626
5 656
5 699
5 702
5 705
5 710
5 746
5 748
5 769
5 788
5 815
5 817
5 875
5 881
5 882
5 883
5 884
5 885
5 886
5 887
5 888
5 889
5 890
5 891
5 892
5 893
5 894
5 895
5 896
5 897
5 898
5 899
5 900
5 901
5 902
5 903
5 904
5 905
5 906
5 907
5 908
5 909
6 41
6 90
6 100
6 319
6 509
6 623
6 815
6 908
6 1074
6 1075
6 1078
7 312
7 617
7 881
7 883
7 904
7 1074
7 1153
8 100
8 617
8 626
8 1192
8 1194
8 1199
8 1200
8 1201
9 1411
9 1413
10 44
10 145
10 179
10 297
10 328
10 366
10 392
10 485
10 513
10 571
10 617
10 623
10 645
10 708
10 843
10 879
10 910
10 1029
10 1068
10 1119
10 1153
10 1238
10 1261
10 1348
10 1431
10 1432
10 1433
10 1434
10 1435
11 41
11 748
12 123
12 509
13 90
14 244
14 301
14 313
14 504
14 706
14 757
14 1017
14 1022
14 1093
14 1139
14 1453
14 1612
14 1613
14 1614
15 1402
16 111
17 328
17 1153
18 99
18 886
18 1201
18 1411
18 1696
19 366
19 522
19 891
21 94
21 117
22 95
22 936
23 98
24 901
25 82
25 151
25 205
25 282
25 304
25 530
25 664
25 746
25 772
25 807
25 924
25 945
25 987
25 1004
25 1123
25 1142
25 1231
25 1367
25 1665
25 1725
25 1822
25 1888
25 1890
26 1181
26 1514
27 1179
28 404
28 1433
29 1617
30 904
32 376
34 86
34 214
34 303
34 511
34 979
34 1125
34 1183
34 1363
34 1399
34 1438
34 1526
34 1700
34 1864
35 882
36 882
37 521
37 1465
40 133
41 381
41 746
41 1473
42 817
43 1185
44 145
44 1059
44 1110
44 1474
44 1967
45 225
48 1178
51 53
51 335
51 620
51 632
51 709
51 1334
51 1972
52 986
53 1903
55 1175
57 626
57 1175
58 705
58 892
60 140
61 653
61 882
62 574
67 111
67 1706
69 626
69 895
72 702
73 894
90 91
90 92
90 93
90 94
90 95
90 96
90 97
90 98
90 99
90 100
90 101
90 102
90 103
90 104
90 105
90 106
90 107
90 108
90 109
90 110
90 111
90 112
90 113
90 114
90 115
90 116
90 117
90 118
90 119
90 120
90 121
90 122
90 123
90 124
90 125
90 126
90 127
90 128
90 129
90 130
90 131
90 132
90 133
90 134
90 135
90 136
90 137
90 138
90 139
90 140
91 127
91 129
91 132
91 136
91 204
91 565
91 614
91 617
91 623
91 626
91 627
91 636
91 640
91 645
91 653
91 656
92 101
92 107
92 366
92 788
93 97
93 139
93 202
93 255
93 376
93 820
93 1260
93 1261
94 186
94 283
94 297
94 473
94 534
94 689
94 916
94 931
94 1057
94 1139
94 1326
94 1366
94 1396
94 1449
94 1450
95 214
95 337
95 368
95 459
95 504
95 507
95 756
95 1017
95 1028
95 1136
95 1148
95 1615
96 129
96 900
96 1107
97 141
97 172
97 281
97 296
97 374
97 398
97 704
97 917
97 1360
97 1371
97 1467
97 1618
97 1793
98 199
98 203
98 299
98 323
98 325
98 1037
98 1219
98 1449
98 1511
98 1645
98 1648
98 1654
98 1870
98 1871
98 1872
99 174
99 299
99 548
99 639
99 837
99 1068
99 1104
99 1265
99 1406
99 1598
99 1717
100 222
100 375
100 396
100 452
100 800
100 835
100 1030
100 1314
100 1331
100 1346
100 1565
100 1693
100 1773
100 1877
100 1878
101 367
101 452
101 536
101 838
101 960
101 1620
101 1811
101 1815
101 1894
103 107
103 903
103 1465
104 123
104 161
104 614
105 902
106 1175
107 504
107 539
107 938
107 1223
108 120
108 313
108 365
108 749
108 841
108 1360
109 257
109 308
109 370
109 504
109 551
109 579
109 869
109 969
109 1063
109 1268
109 1524
109 1719
109 1966
110 626
111 234
111 258
111 295
111 517
111 814
111 1113
111 1775
111 1839
111 1905
111 1944
112 298
112 300
112 537
112 655
112 921
112 1026
112 1202
112 1242
112 1896
112 1978
113 279
113 369
113 380
113 487
113 563
113 1397
113 1425
113 1665
113 1839
113 1928
115 891
116 409
116 511
116 734
116 779
116 814
116 1010
116 1146
116 1161
116 1209
116 1300
116 1559
116 1631
116 1753
116 1847
116 1854
117 179
117 756
117 1730
118 509
119 180
119 323
119 1193
120 746
120 1185
120 1880
121 886
121 892
122 384
122 518
122 1722
122 1734
122 1756
122 1974
123 544
123 798
124 627
125 181
125 612
125 899
125 1507
125 1521
125 1544
125 1997
126 474
126 571
126 701
126 1132
126 1763
126 1999
127 149
127 520
127 1086
127 1196
128 180
128 518
128 1150
128 1196
128 1661
128 1911
129 567
129 998
129 1128
129 1312
129 1569
129 1958
130 746
131 226
131 318
131 513
131 1652
131 1955
132 313
132 1227
132 1618
133 1091
133 1453
133 1501
134 222
134 1322
134 1752
135 1174
136 1043
136 1196
136 1388
137 233
137 295
137 942
137 1724
137 1729
138 491
138 606
138 787
138 974
138 1250
139 152
139 914
139 1210
140 701
140 1322
140 1561
141 161
142 777
142 1178
142 1184
143 564
143 705
143 817
144 431
144 636
144 699
144 843
144 1171
144 1445
144 1484
145 362
145 424
145 528
145 843
145 986
145 1074
145 1174
145 1192
146 653
146 748
146 905
146 1411
147 458
147 535
147 1075
147 1107
149 815
151 1445
151 1461
152 1190
152 1461
153 710
154 1180
155 702
159 861
159 1175
160 868
160 908
161 171
161 725
161 856
161 1010
161 1695
161 1765
162 986
165 1261
166 882
167 424
167 522
172 748
177 202
177 204
177 217
177 225
177 255
177 256
177 262
177 267
178 225
178 528
178 614
178 746
178 748
178 765
178 769
178 777
179 522
179 583
179 788
179 815
179 817
179 820
180 217
180 262
180 376
180 645
180 788
180 892
180 932
180 936
180 954
181 522
181 702
181 817
181 986
181 1021
181 1029
181 1053
182 1313
183 862
183 1192
184 319
184 1181
185 623
185 881
186 256
186 702
186 907
186 1074
186 1176
186 1490
187 1369
189 256
189 903
189 1279
190 881
190 1194
191 954
192 255
192 307
192 614
192 932
192 1107
192 1192
192 1261
192 1313
192 1463
193 699
193 1369
195 583
197 626
197 1182
198 882
199 1171
202 206
202 304
202 368
202 696
202 704
202 840
202 1171
202 1489
202 1683
202 1767
202 1768
202 1769
203 526
204 302
204 444
204 447
204 516
204 657
204 883
204 919
204 1195
204 1355
204 1437
204 1614
204 1627
204 1680
205 881
205 896
205 1813
206 1459
206 1463
207 1514
209 574
209 890
209 905
209 1636
209 1708
210 788
210 893
210 1173
210 1490
211 765
212 1432
212 1463
214 1171
214 1176
215 882
216 522
217 220
217 236
217 299
217 788
217 851
217 943
217 969
217 1323
217 1504
217 1559
217 1562
217 1568
217 1679
217 1725
218 1880
219 748
222 1402
224 705
225 370
225 532
225 705
225 709
225 1720
225 1941
226 894
226 1279
227 1112
229 1460
233 1883
239 1617
240 328
241 328
243 703
243 1107
244 1813
247 886
249 319
249 817
249 1199
249 1461
249 1808
253 986
255 594
255 1521
255 1596
256 708
256 1171
260 1130
262 628
262 1515
262 1604
263 1261
265 710
265 1884
267 366
267 631
267 1202
267 1353
267 1889
268 699
269 898
270 881
270 1199
274 1175
276 889
294 1369
295 307
295 312
295 319
295 322
295 326
295 328
295 344
295 355
295 362
296 521
296 699
296 702
296 703
296 705
296 710
296 713
296 743
297 401
297 894
298 746
298 820
298 883
298 986
298 994
299 710
299 748
299 895
299 896
299 986
299 1107
299 1225
300 713
300 746
300 994
300 1389
301 1194
301 1402
302 645
302 1514
303 322
303 636
303 894
304 1177
304 1460
305 1171
305 1189
307 315
307 456
307 615
307 729
307 785
307 813
307 921
307 1025
307 1055
307 1070
307 1193
307 1212
307 1262
307 1500
307 1511
307 1552
307 1621
307 1679
307 1680
307 1702
307 1717
307 1718
308 1173
308 1192
309 392
309 1459
310 853
310 1484
312 329
312 619
312 942
312 1010
312 1356
312 1425
312 1912
313 458
313 1053
313 1880
315 366
315 626
317 902
319 502
319 984
319 1054
319 1126
319 1134
319 1171
319 1301
319 1308
319 1310
319 1354
319 1521
319 1526
319 1727
319 1735
319 1836
321 1460
321 1903
322 366
322 398
322 520
322 530
322 657
322 855
322 949
322 1013
322 1096
322 1589
322 1624
322 1963
326 512
326 523
326 754
326 788
326 1083
326 1931
328 463
328 611
328 667
328 717
328 919
328 951
328 1098
328 1666
328 1742
329 404
329 1194
330 366
330 883
331 1107
331 1413
336 1413
337 521
338 1260
341 614
342 886
344 366
344 503
344 534
344 1091
348 522
349 1199
354 565
355 606
355 1020
355 1346
355 1758
359 893
360 1199
361 1880
362 416
362 448
362 788
364 366
364 521
364 897
364 936
364 1099
364 1106
365 366
365 521
365 882
365 1107
365 1112
365 1115
365 1130
366 430
366 471
366 528
366 529
366 564
366 614
366 624
366 627
366 632
366 726
366 765
366 845
366 853
366 912
366 932
366 954
366 986
366 1013
366 1021
366 1053
366 1055
366 1092
366 1099
366 1106
366 1112
366 1171
366 1172
366 1173
366 1174
366 1175
366 1176
366 1177
366 1178
366 1179
366 1180
366 1181
366 1182
366 1183
366 1184
366 1185
366 1186
366 1187
366 1188
366 1189
366 1190
366 1191
367 430
367 614
368 535
368 565
368 703
368 905
368 936
368 1369
369 526
369 896
370 496
370 528
370 868
370 895
370 1177
373 1389
374 653
374 843
376 391
376 469
376 632
376 634
376 683
376 788
376 818
376 1116
376 1300
376 1375
376 1437
376 1553
376 1584
376 1599
376 1615
376 1641
376 1646
376 1817
376 1818
376 1819
377 627
377 891
377 1182
378 886
378 1200
379 889
379 905
380 458
380 636
383 1179
384 1184
385 1194
387 1402
388 1178
389 617
390 1413
391 1432
392 504
392 838
392 1370
393 1189
393 1706
394 713
394 1708
395 893
395 1411
396 881
397 1112
400 640
400 843
401 466
401 712
401 1384
401 1422
401 1549
401 1550
402 1192
404 592
404 705
404 1079
404 1525
404 1962
406 1880
408 424
410 702
410 713
410 1705
413 1880
413 1904
415 595
415 1171
416 645
419 1904
423 1029
424 748
424 1059
424 1928
425 1175
427 1369
428 1192
430 1114
430 1170
430 1404
431 990
431 1092
431 1858
436 743
441 640
445 882
447 1199
448 640
449 623
449 887
449 1180
451 705
451 746
451 883
451 906
451 1099
451 1411
451 1848
452 890
452 894
452 1078
453 1174
455 1460
458 705
458 1076
458 1672
458 1792
458 1922
458 1940
461 705
462 471
464 748
464 1636
464 1880
465 886
468 1187
468 1848
471 517
471 576
471 1091
471 1846
472 1175
475 562
476 1107
477 1459
479 699
482 1261
483 1175
485 1707
493 1078
494 1176
496 1498
496 1748
496 1760
503 703
503 1181
504 703
504 881
504 1153
504 1279
504 1284
505 699
505 887
505 904
505 1200
505 1284
507 900
508 890
509 669
509 993
509 1135
509 1510
509 1598
511 1261
511 1636
513 881
514 746
514 887
515 617
515 627
516 886
516 1432
517 1337
518 627
518 1174
521 522
521 644
521 809
521 945
521 1143
521 1223
521 1347
521 1464
521 1606
521 1693
521 1791
521 1873
522 593
522 640
522 703
522 885
522 1049
522 1148
522 1268
522 1448
522 1875
522 1876
526 679
526 840
526 990
526 1559
528 1018
528 1451
528 1512
528 1736
529 1175
531 901
533 882
535 705
535 1317
535 1473
535 1629
536 1191
539 1180
539 1200
542 932
544 897
545 815
545 1176
547 1261
550 892
554 1705
555 895
562 635
562 705
562 1111
562 1247
562 1807
562 1979
564 759
564 828
564 1952
565 589
565 746
565 1164
565 1233
565 1515
565 1734
565 1830
565 1978
568 879
569 705
569 1032
569 1117
569 1255
569 1408
569 1522
569 1825
569 1831
569 1857
570 748
570 769
572 765
572 1884
574 705
574 763
574 1038
574 1539
577 896
581 1883
582 777
583 748
583 836
587 887
589 1411
595 1431
595 1478
595 1845
598 1369
599 1177
609 1174
611 769
611 788
611 882
611 1184
611 1260
611 1337
612 1112
612 1173
612 1189
614 834
614 925
614 1172
614 1237
614 1246
614 1442
614 1469
614 1503
614 1535
614 1709
614 1751
614 1752
614 1753
614 1754
614 1755
617 909
617 1257
617 1359
617 1522
617 1604
617 1834
619 788
620 890
622 1459
623 928
623 1018
623 1610
623 1934
623 1935
624 986
626 942
626 1295
626 1299
626 1329
626 1429
626 1471
626 1695
626 1728
626 1768
626 1771
626 1807
626 1913
626 1950
626 1951
627 1494
628 817
628 1808
633 853
635 853
636 746
636 785
636 933
636 939
636 1230
636 1437
636 1601
636 1656
636 1865
640 787
640 888
641 881
641 1369
644 1706
645 655
645 719
645 991
645 1030
645 1210
645 1544
645 1782
645 1839
650 710
653 788
655 891
656 1095
656 1354
656 1665
662 1192
663 898
673 932
682 1880
687 986
696 889
696 1194
697 897
697 898
697 1175
698 1176
698 1369
699 1289
699 1417
700 1115
702 1221
702 1417
702 1768
702 1770
702 1788
702 1905
702 1924
703 804
703 1250
703 1387
703 1665
703 1882
705 1075
705 1130
705 1192
705 1284
705 1389
705 1413
705 1562
705 1610
705 1658
705 1730
705 1848
705 1898
707 1903
709 817
709 1153
709 1174
710 778
710 859
710 945
710 993
710 1019
710 1055
710 1270
710 1316
710 1661
710 1713
710 1938
711 882
712 817
712 1883
713 788
713 924
713 933
713 1582
713 1664
713 1960
713 1989
715 1904
717 1171
718 1432
721 1459
721 1484
724 1175
725 743
726 788
728 1179
728 1411
729 1177
731 890
732 1490
739 1179
740 1174
743 746
743 1328
746 909
746 910
746 1092
746 1107
746 1267
746 1459
746 1460
746 1461
746 1462
746 1463
746 1464
746 1465
746 1466
746 1467
748 862
748 914
748 994
748 1203
748 1233
748 1260
748 1275
748 1313
748 1337
748 1411
748 1431
748 1445
748 1514
748 1585
748 1617
749 908
749 1808
750 1466
751 1179
759 1021
760 1185
761 1411
765 790
765 1347
765 1401
765 1955
769 837
769 1545
769 1641
774 1201
775 1696
776 896
777 883
777 1081
777 1233
780 1402
781 1179
787 1284
788 803
788 820
788 845
788 916
788 936
788 1058
788 1120
788 1199
788 1200
788 1225
788 1235
788 1515
788 1705
788 1706
788 1707
788 1708
788 1709
793 1696
794 1337
796 886
796 1707
797 891
800 843
800 1490
801 1261
802 1490
803 883
807 1514
813 1433
814 1174
815 995
815 1010
815 1235
815 1270
815 1326
815 1531
815 1604
815 1613
815 1750
815 1887
815 1911
816 902
816 1021
817 884
817 920
817 964
817 969
817 1058
817 1156
817 1399
817 1424
817 1673
817 1725
817 1886
817 1907
818 1179
820 1370
824 1029
824 1260
824 1466
826 1075
838 900
838 994
843 1393
843 1599
843 1697
843 1918
853 1840
854 889
858 1179
861 883
861 1374
861 1449
862 1701
862 1779
867 897
868 883
868 1462
873 1284
874 1490
875 1644
875 1677
875 1734
875 1758
877 886
879 1525
879 1823
881 1597
882 988
882 1069
882 1248
882 1356
882 1406
882 1435
882 1518
882 1657
882 1726
882 1891
883 1078
883 1104
883 1115
883 1139
883 1238
883 1296
883 1347
883 1369
883 1402
883 1500
883 1582
883 1694
883 1769
883 1813
883 1903
883 1904
883 1905
884 1171
885 906
886 912
886 1186
886 1621
886 1647
886 1804
886 1862
886 1965
886 1968
887 1014
887 1295
887 1486
887 1980
889 899
889 925
889 1079
889 1172
890 1212
890 1444
890 1567
890 1812
890 1829
890 1918
891 1516
891 1601
891 1722
892 1301
893 1219
893 1301
893 1360
893 1366
893 1774
893 1869
894 1568
894 1827
895 1660
895 1996
896 1527
897 913
897 1803
898 1513
898 1664
898 1715
898 1764
898 1850
899 1813
900 1236
900 1800
901 1085
901 1318
901 1832
901 1999
902 1079
903 1423
903 1891
904 1741
906 970
906 1665
906 1910
907 964
907 1004
907 1244
908 1743
910 1115
910 1180
910 1313
911 1201
912 1696
915 1191
919 1708
922 1617
924 1369
930 1099
931 1898
932 1010
932 1519
932 1574
932 1694
932 1737
932 1995
933 1192
954 1262
954 1914
963 1461
969 1184
973 1813
986 995
986 1111
986 1407
986 1825
992 1884
993 1460
994 1118
994 1122
994 1163
994 1954
1000 1461
1010 1433
1010 1445
1013 1884
1018 1112
1019 1883
1021 1397
1024 1177
1026 1848
1029 1289
1029 1475
1034 1389
1038 1130
1049 1199
1053 1088
1053 1780
1054 1190
1054 1460
1055 1173
1056 1078
1056 1175
1059 1705
1060 1181
1061 1433
1066 1445
1067 1174
1067 1260
1067 1313
1071 1180
1073 1194
1074 1171
1074 1357
1074 1441
1074 1634
1074 1962
1075 1436
1076 1260
1078 1094
1092 1188
1096 1389
1096 1459
1098 1465
1099 1354
1099 1950
1106 1223
1106 1603
1106 1802
1107 1125
1107 1135
1107 1193
1107 1663
1107 1664
1108 1636
1112 1231
1112 1398
1114 1411
1115 1129
1115 1498
1115 1536
1115 1822
1115 1976
1115 1994
1119 1190
1120 1190
1130 1765
1134 1369
1134 1466
1135 1461
1136 1898
1138 1279
1140 1337
1140 1903
1146 1459
1150 1389
1154 1369
1160 1369
1167 1176
1171 1194
1171 1196
1171 1201
1171 1239
1171 1279
1171 1315
1171 1406
1171 1484
1171 1490
1171 1636
1171 1696
1171 1726
1171 1808
1171 1880
1171 1881
1171 1882
1171 1883
1171 1884
1173 1267
1173 1269
1173 1745
1173 1787
1173 1820
1173 1867
1173 1881
1173 1896
1174 1320
1174 1434
1174 1525
1174 1928
1175 1594
1175 1615
1175 1798
1175 1807
1175 1959
1175 1965
1176 1308
1176 1547
1176 1633
1176 1937
1176 1988
1177 1239
1177 1304
1177 1315
1177 1863
1177 1870
1178 1257
1179 1333
1181 1835
1182 1482
1182 1502
1182 1682
1182 1789
1183 1514
1184 1667
1184 1722
1185 1723
1185 1773
1187 1666
1187 1832
1187 1922
1188 1296
1188 1348
1188 1503
1189 1797
1190 1299
1190 1859
1191 1598
1191 1947
1192 1802
1192 1803
1192 1804
1192 1805
1194 1277
1194 1581
1194 1668
1194 1671
1194 1728
1194 1816
1194 1917
1199 1454
1199 1671
1199 1739
1199 1856
1199 1985
1199 1996
1201 1702
1201 1874
1202 1514
1203 1808
1219 1904
1220 1261
1225 1579
1225 1646
1225 1726
1231 1459
1241 1460
1244 1369
1247 1459
1260 1304
1260 1965
1260 1975
1261 1333
1261 1476
1261 1812
1261 1929
1261 1943
1262 1369
1294 1490
1297 1461
1306 1459
1309 1903
1311 1459
1321 1514
1322 1389
1334 1490
1342 1706
1342 1898
1352 1705
1369 1638
1369 1767
1369 1806
1369 1889
1383 1432
1389 1572
1389 1660
1389 1688
1389 1876
1389 1920
1389 1984
1396 1880
1398 1461
1402 1772
1402 1797
1402 1912
1402 1923
1402 1924
1411 1525
1411 1589
1411 1778
1411 1805
1411 1844
1411 1863
1413 1652
1416 1705
1432 1602
1432 1965
1445 1997
1446 1484
1459 1648
1459 1655
1459 1701
1459 1763
1460 1826
1461 1792
1463 1844
1465 1538
1466 1508
1466 1811
1481 1617
1484 1684
1484 1791
1490 1623
1504 1708
1525 1848
1546 1707
1548 1904
1556 1903
1617 1647
1622 1813
1696 1844
1696 1850
1707 1758
1707 1887
1779 1898
1847 1880
