0 7
0 11
0 21
0 34
0 46
0 49
0 58
0 60
0 63
1 7
1 196
1 295
1 375
1 376
1 379
1 381
1 387
1 395
1 409
1 421
1 440
2 180
2 192
2 319
2 379
2 445
2 447
2 449
2 464
2 465
3 180
3 295
3 329
3 350
3 376
3 379
3 421
3 449
3 503
3 506
3 510
3 511
3 519
3 529
3 570
3 571
3 578
3 579
3 597
3 602
3 605
4 103
4 119
4 180
4 192
4 196
4 304
4 511
4 813
4 846
4 847
4 852
4 855
5 34
5 262
5 295
5 355
5 395
5 881
5 886
5 904
6 319
6 357
6 361
6 503
6 741
6 1059
6 1074
7 20
7 32
7 78
7 96
7 103
7 177
7 180
7 182
7 208
7 260
7 296
7 306
7 310
7 312
7 334
7 346
7 356
7 378
7 390
7 395
7 409
7 445
7 447
7 469
7 520
7 525
7 529
7 605
7 616
7 617
7 697
7 720
7 733
7 741
7 794
7 839
7 849
7 855
7 863
7 881
7 883
7 904
7 982
7 1058
7 1060
7 1074
7 1091
7 1108
7 1110
7 1131
7 1135
7 1136
7 1137
7 1138
7 1139
7 1140
7 1141
7 1142
7 1143
7 1144
7 1145
7 1146
7 1147
7 1148
7 1149
7 1150
7 1151
7 1152
7 1153
7 1154
7 1155
7 1156
7 1157
7 1158
7 1159
7 1160
7 1161
7 1162
7 1163
7 1164
7 1165
7 1166
7 1167
7 1168
7 1169
7 1170
8 301
8 336
8 349
8 353
8 617
8 910
8 1140
8 1166
8 1202
9 295
9 351
9 1059
9 1386
10 571
10 617
10 645
10 910
10 1153
11 41
11 143
11 181
11 295
11 368
11 459
11 747
11 748
11 1218
11 1343
11 1498
12 180
12 318
12 352
12 440
12 926
12 950
14 301
14 1139
15 928
16 111
17 519
17 929
17 1153
18 886
18 948
18 1155
18 1160
18 1355
20 354
21 78
21 94
21 117
21 178
21 180
21 239
21 284
21 358
21 368
21 660
21 1665
21 1680
22 180
22 936
25 304
25 945
26 1382
28 615
29 210
29 1157
30 904
30 958
32 376
33 233
34 86
34 214
34 303
34 511
34 979
34 1125
34 1183
34 1363
34 1399
34 1438
34 1526
34 1700
34 1864
36 571
36 855
37 958
37 1169
38 449
38 813
39 465
40 1631
41 381
42 295
42 912
44 1059
44 1110
45 510
45 982
46 180
46 460
46 642
46 911
46 1409
46 1472
46 1493
46 1620
46 1924
47 1757
48 196
48 1170
49 55
49 511
49 838
49 865
49 988
49 1522
49 1678
49 1702
49 1823
53 464
54 1140
58 180
58 303
58 639
58 663
58 705
58 892
58 1660
58 1993
58 1996
60 140
60 177
60 295
60 382
60 572
60 584
60 1219
60 1816
60 1996
63 239
63 295
63 478
63 770
63 1374
63 1453
63 1624
63 1762
63 1795
67 111
71 115
71 960
73 233
74 647
75 1631
76 354
76 519
77 339
81 948
83 615
83 912
87 964
88 578
88 1186
90 103
90 111
90 115
90 118
90 119
90 128
91 503
91 570
91 615
91 617
91 621
91 638
91 645
91 647
91 670
91 677
91 686
91 692
92 192
92 295
92 805
93 295
93 304
93 376
93 913
94 916
94 931
94 1139
96 852
96 913
97 917
97 1360
99 1406
100 375
101 960
102 409
103 107
103 258
103 903
103 1103
103 1151
103 1172
103 1218
103 1390
103 1396
103 1465
103 1713
104 341
105 638
105 913
105 915
106 847
106 917
106 944
108 1360
109 579
111 234
111 258
111 295
111 517
111 814
111 1113
111 1775
111 1839
111 1905
111 1944
112 921
112 1202
113 1397
115 295
115 365
115 838
115 891
115 1148
115 1618
116 409
116 511
116 1146
116 1161
116 1631
118 301
118 364
118 389
118 509
118 860
118 1531
118 1645
119 180
119 323
119 1193
121 519
121 886
124 826
126 571
127 149
128 180
128 518
128 1150
128 1196
128 1661
128 1911
130 597
130 1144
131 318
137 233
137 295
137 942
141 149
141 158
141 169
142 1152
143 295
143 445
143 449
143 615
143 621
143 720
143 1164
144 928
145 362
145 510
145 647
145 813
145 963
145 1074
145 1202
146 921
146 1355
148 1410
149 177
149 180
149 193
149 215
149 218
149 303
149 402
149 591
149 625
149 815
149 888
149 1091
149 1400
149 1545
149 1630
149 1728
149 1729
151 395
151 421
151 511
151 686
151 939
151 1137
152 503
152 930
152 935
154 1902
156 1596
158 181
158 511
158 616
158 704
158 1567
159 1202
160 1401
162 944
163 511
163 1635
168 304
169 192
169 1223
169 1239
169 1455
177 180
177 192
177 196
177 210
177 233
177 235
177 238
177 247
177 262
177 274
178 295
178 347
178 506
178 621
178 670
178 780
179 274
179 295
179 301
179 318
179 813
179 826
180 192
180 205
180 210
180 217
180 233
180 262
180 274
180 295
180 297
180 302
180 317
180 345
180 363
180 368
180 375
180 376
180 381
180 387
180 421
180 449
180 464
180 503
180 506
180 510
180 511
180 519
180 571
180 578
180 615
180 645
180 670
180 686
180 750
180 780
180 788
180 805
180 813
180 846
180 847
180 852
180 892
180 910
180 911
180 912
180 913
180 914
180 915
180 916
180 917
180 918
180 919
180 920
180 921
180 922
180 923
180 924
180 925
180 926
180 927
180 928
180 929
180 930
180 931
180 932
180 933
180 934
180 935
180 936
180 937
180 938
180 939
180 940
180 941
180 942
180 943
180 944
180 945
180 946
180 947
180 948
180 949
180 950
180 951
180 952
180 953
180 954
180 955
180 956
180 957
180 958
180 959
180 960
180 961
180 962
180 963
180 964
180 965
180 966
181 375
181 910
181 915
181 916
181 929
181 962
181 963
181 1027
182 503
182 519
184 319
184 1397
185 295
185 881
185 921
185 964
186 304
186 912
186 962
186 1074
187 295
187 440
187 982
187 1186
187 1504
188 295
188 445
188 846
189 965
189 1386
190 813
190 881
190 1135
191 954
192 255
192 260
192 275
192 307
192 309
192 342
192 527
192 614
192 628
192 677
192 716
192 751
192 825
192 833
192 842
192 932
192 1107
192 1138
192 1148
192 1192
192 1240
192 1261
192 1313
192 1353
192 1386
192 1463
192 1537
192 1569
192 1589
192 1590
192 1591
192 1592
192 1593
192 1594
192 1595
192 1596
193 339
193 449
193 1164
193 1293
193 1397
195 447
195 615
195 1131
195 1140
196 295
196 305
196 1267
196 1434
196 1651
198 352
198 506
198 918
198 947
200 295
200 464
202 304
203 315
203 381
203 511
204 447
204 919
204 1355
205 336
205 510
205 529
205 881
206 1463
207 1146
208 923
209 324
209 465
210 251
210 282
210 370
210 384
210 450
210 788
210 893
210 937
210 1064
210 1173
210 1396
210 1489
210 1490
210 1510
210 1681
210 1812
210 1862
211 927
212 336
212 1463
213 353
214 1165
217 943
217 1504
218 510
222 855
222 1401
223 235
224 349
226 579
226 686
226 915
226 925
227 338
228 918
228 948
229 295
229 578
229 943
229 966
230 915
230 1401
231 1737
232 445
232 805
233 450
233 516
233 1883
233 1951
233 1981
234 920
235 301
235 317
235 390
235 1082
237 677
238 295
238 747
238 872
238 1069
238 1398
238 1730
241 301
241 341
241 1593
244 910
244 1364
247 886
247 1014
247 1366
247 1398
249 319
251 918
252 510
253 930
253 1168
254 922
255 1596
257 918
258 1360
260 692
260 855
260 912
262 628
262 1515
262 1604
267 1202
270 881
271 379
271 948
274 770
274 1175
274 1714
275 1140
276 379
278 449
278 510
279 946
280 375
280 379
280 847
287 315
293 615
294 826
295 296
295 297
295 298
295 299
295 300
295 301
295 302
295 303
295 304
295 305
295 306
295 307
295 308
295 309
295 310
295 311
295 312
295 313
295 314
295 315
295 316
295 317
295 318
295 319
295 320
295 321
295 322
295 323
295 324
295 325
295 326
295 327
295 328
295 329
295 330
295 331
295 332
295 333
295 334
295 335
295 336
295 337
295 338
295 339
295 340
295 341
295 342
295 343
295 344
295 345
295 346
295 347
295 348
295 349
295 350
295 351
295 352
295 353
295 354
295 355
295 356
295 357
295 358
295 359
295 360
295 361
295 362
295 363
296 349
296 503
296 506
296 716
296 720
296 741
297 387
297 579
297 805
297 917
297 922
297 964
297 982
298 912
298 918
298 949
299 301
299 330
299 447
299 1152
299 1222
300 347
300 510
300 846
300 913
300 915
300 935
300 1169
300 1386
301 440
301 534
301 611
301 621
301 733
301 787
301 826
301 1194
301 1271
301 1319
301 1330
301 1396
301 1397
301 1398
301 1399
301 1400
301 1401
301 1402
301 1403
301 1404
301 1405
301 1406
301 1407
301 1408
301 1409
301 1410
302 350
302 645
303 510
303 647
304 365
304 475
304 620
304 697
304 760
304 838
304 911
304 1001
304 1177
304 1274
304 1460
304 1639
304 1640
304 1641
304 1642
304 1643
305 923
305 1145
307 315
307 615
307 813
307 921
308 506
308 910
308 915
309 506
309 847
309 944
310 913
310 1650
311 365
311 369
311 476
311 505
311 708
311 755
311 854
311 1040
311 1080
311 1366
311 1604
311 1605
311 1874
312 329
312 942
313 638
313 1144
313 1736
314 826
314 916
315 320
315 366
315 600
315 619
315 626
315 799
315 970
315 993
315 1046
315 1259
315 1343
315 1468
315 1502
315 1532
315 1569
315 1609
315 1764
315 1788
316 368
316 462
316 512
316 624
316 836
316 1094
316 1104
316 1754
316 1939
318 1136
318 1510
318 1520
318 1797
318 1895
318 1944
318 1945
319 502
319 984
319 1054
319 1126
319 1134
319 1171
319 1301
319 1308
319 1310
319 1354
319 1521
319 1526
319 1727
319 1735
319 1836
320 852
321 910
322 855
322 949
323 360
323 387
323 1592
324 383
324 658
324 1095
324 1111
324 1302
324 1913
325 331
325 1293
326 512
326 523
326 754
326 788
326 1083
326 1931
327 449
327 912
327 1633
328 919
329 370
329 404
329 648
329 1194
329 1221
329 1356
330 366
330 632
330 883
330 1015
330 1126
330 1266
330 1439
330 1583
331 380
331 1107
331 1413
331 1421
331 1536
331 1623
331 1901
332 519
332 1633
333 449
335 922
336 1413
336 1667
336 1773
337 935
337 1596
338 473
338 515
338 1260
338 1909
338 1964
339 450
339 849
339 1167
339 1434
340 450
340 460
340 714
340 1437
341 614
341 676
341 1291
341 1348
342 886
343 942
344 503
346 945
347 479
347 1436
347 1926
348 406
348 522
348 533
348 665
348 1630
348 1876
348 1917
349 1199
349 1419
350 1295
350 1421
350 1591
351 384
351 1058
351 1327
352 721
352 747
352 1803
352 1955
353 436
353 504
353 744
353 1956
354 391
354 565
354 646
354 1923
355 606
355 1020
355 1346
355 1758
356 1168
357 410
357 501
357 534
357 1839
359 893
359 984
359 1065
359 1949
360 450
360 1199
360 1218
360 1429
360 1909
361 504
361 924
361 1880
362 416
362 448
362 788
364 826
364 936
365 445
365 447
365 910
365 1110
365 1131
366 529
366 912
366 954
366 1186
367 912
367 946
368 381
368 846
368 931
368 936
368 944
368 1110
368 1382
369 597
370 852
372 506
373 925
374 912
375 513
375 532
375 884
375 1055
375 1629
375 1700
375 1815
375 1816
376 391
376 469
376 632
376 634
376 683
376 788
376 818
376 1116
376 1300
376 1375
376 1437
376 1553
376 1584
376 1599
376 1615
376 1641
376 1646
376 1817
376 1818
376 1819
378 886
378 929
378 941
379 411
379 612
379 808
379 809
379 842
379 850
379 889
379 905
379 910
379 1011
379 1426
379 1622
379 1730
380 506
381 771
381 837
381 1372
381 1418
381 1524
381 1575
381 1686
381 1746
381 1787
383 942
384 919
385 927
385 1736
387 454
387 508
387 567
387 756
387 1217
387 1376
387 1402
387 1776
387 1779
387 1893
387 1908
388 1397
389 617
390 511
390 1170
391 621
393 1155
394 922
395 760
395 893
395 1205
395 1411
396 881
398 910
399 947
400 1027
405 1152
407 506
408 605
409 1301
409 1330
409 1546
412 449
412 813
414 506
414 1397
415 1140
416 645
417 1736
420 1135
420 1594
421 1375
421 1568
421 1791
421 1895
424 1059
425 925
430 1170
434 925
436 579
437 1504
440 854
442 918
442 948
445 537
445 768
445 882
445 1316
445 1429
446 621
447 514
447 706
447 841
447 1195
447 1199
447 1207
447 1700
447 1701
448 930
448 1593
449 579
449 622
449 623
449 638
449 727
449 887
449 952
449 1038
449 1109
449 1180
449 1202
449 1222
449 1287
449 1571
449 1612
449 1646
449 1650
449 1757
449 1758
449 1759
449 1760
449 1761
449 1762
450 920
450 958
450 1145
451 805
452 1757
454 503
457 1110
459 915
459 923
459 931
460 947
464 512
464 748
464 872
464 1525
464 1636
464 1880
464 1949
464 1977
465 498
465 842
465 886
465 1226
465 1309
465 1412
465 1823
468 1135
469 1158
473 1162
475 1139
479 956
482 1165
483 1592
503 517
503 552
503 703
503 836
503 914
503 1060
503 1061
503 1181
503 1196
503 1235
503 1236
503 1237
503 1238
503 1239
503 1240
503 1241
503 1242
503 1243
503 1244
503 1245
503 1246
504 506
504 511
504 716
504 881
504 940
504 957
504 1153
504 1222
505 511
505 904
505 1293
506 611
506 752
506 766
506 839
506 888
506 1062
506 1108
506 1163
506 1281
506 1317
506 1318
506 1319
506 1320
506 1321
507 913
507 1386
509 1135
510 543
510 730
510 783
510 800
510 837
510 874
510 1046
510 1247
510 1264
510 1294
510 1470
510 1494
510 1529
510 1560
510 1584
510 1599
510 1600
510 1601
511 597
511 602
511 612
511 634
511 647
511 683
511 692
511 700
511 996
511 1027
511 1059
511 1069
511 1247
511 1261
511 1293
511 1382
511 1504
511 1629
511 1630
511 1631
511 1632
511 1633
511 1634
511 1635
511 1636
511 1637
511 1638
513 881
515 617
516 886
516 1139
516 1168
519 1247
519 1358
519 1624
519 1653
519 1657
519 1858
519 1859
519 1860
520 1137
520 1146
521 945
524 913
525 529
527 917
527 940
527 1140
527 1902
528 1736
529 552
529 819
529 1175
529 1239
529 1271
529 1328
529 1388
529 1415
529 1560
529 1688
529 1783
529 1915
530 926
530 1145
530 1157
533 1139
534 670
534 929
539 615
543 847
545 602
545 917
545 1504
548 912
548 1155
548 1637
550 716
553 940
553 1596
554 922
554 965
554 1364
555 1027
556 1144
558 1410
559 923
560 1137
560 1140
565 1164
567 1593
570 748
570 769
570 910
570 1010
570 1979
571 633
571 1346
571 1871
578 1098
578 1325
579 1733
585 919
586 915
586 948
592 966
596 963
597 766
602 739
602 1124
605 854
605 969
605 1009
608 686
611 910
611 922
611 957
611 982
611 1165
612 1159
612 1632
613 950
613 1632
614 925
615 951
615 1255
615 1339
615 1407
615 1770
615 1771
616 918
616 1059
616 1160
617 909
617 1257
617 1359
617 1522
617 1604
617 1834
619 1140
621 1142
621 1694
621 1781
623 928
626 942
631 927
631 942
632 910
636 933
636 939
638 675
638 1680
641 881
642 950
645 655
645 719
645 991
645 1030
645 1210
645 1544
645 1782
645 1839
647 1236
647 1791
648 919
650 962
652 677
655 955
658 1405
659 959
667 959
668 1169
670 1395
670 1590
670 1709
670 1963
672 921
677 1010
677 1755
677 1929
679 1140
686 1758
687 920
687 1160
689 1504
692 1010
692 1331
700 912
700 920
701 917
704 1635
707 919
709 1153
710 945
711 961
712 1632
713 933
716 1770
720 1060
720 1147
720 1543
720 1964
721 1139
731 1162
734 780
734 1139
737 946
741 1083
741 1230
746 910
746 1463
747 928
747 966
747 1571
749 1137
749 1160
750 941
750 946
751 927
753 1144
755 1146
756 961
760 1139
760 1757
762 946
762 1222
765 1401
771 1650
780 1090
780 1402
780 1874
780 1975
787 1135
787 1137
787 1157
787 1158
787 1635
787 1650
788 916
788 936
794 926
795 1162
796 886
797 929
813 836
813 1237
813 1398
813 1433
813 1563
813 1602
813 1616
817 920
817 964
821 922
824 1410
825 949
826 1075
826 1727
826 1982
826 1992
833 925
836 941
838 919
839 1594
839 1631
844 913
846 934
846 1122
846 1350
846 1853
846 1867
847 937
847 1944
847 1968
849 1161
852 1220
855 1746
855 1821
863 1166
866 910
877 886
881 1597
882 1406
883 1139
885 912
885 930
886 912
886 1186
886 1621
886 1647
886 1804
886 1862
886 1965
886 1968
889 925
893 1360
897 913
904 1741
907 964
910 953
910 1115
910 1180
910 1313
910 1352
910 1353
910 1354
910 1355
910 1356
910 1357
910 1358
910 1359
910 1360
910 1361
910 1362
910 1363
910 1364
910 1365
911 920
912 1296
912 1414
912 1547
912 1597
912 1607
912 1696
912 1716
912 1735
912 1736
912 1737
912 1738
912 1739
913 1016
913 1210
913 1277
913 1346
913 1452
913 1647
913 1662
913 1750
913 1777
913 1786
913 1833
915 968
915 991
915 1055
915 1141
915 1191
915 1262
915 1312
915 1478
915 1509
915 1581
915 1595
915 1743
915 1923
916 1699
917 938
917 1589
917 1732
918 1045
918 1142
918 1487
918 1779
918 1790
918 1955
919 1149
919 1546
919 1587
919 1708
919 1767
919 1861
919 1960
921 1501
921 1507
921 1529
921 1537
922 968
922 1067
922 1245
922 1617
922 1766
922 1784
922 1787
922 1888
923 1010
924 1157
924 1902
925 1055
925 1345
925 1583
925 1643
925 1891
926 1366
926 1509
927 1753
928 976
929 1147
929 1378
929 1408
929 1672
929 1760
929 1763
929 1941
930 1099
930 1102
930 1255
930 1530
930 1917
930 1990
931 1247
931 1780
931 1898
931 1920
932 1737
933 1037
933 1192
933 1763
935 1303
935 1814
937 1166
937 1592
939 998
939 1143
939 1324
940 968
940 1365
940 1591
940 1605
940 1967
941 1541
941 1724
941 1891
942 1614
943 1322
943 1734
944 1925
946 1906
946 1952
947 1274
948 1092
948 1610
948 1993
949 1269
950 1331
950 1930
951 955
954 1262
954 1914
955 1156
955 1236
955 1480
956 1541
956 1552
956 1646
956 1877
957 999
957 1318
958 1154
958 1685
959 1417
959 1999
960 1055
960 1483
960 1499
961 1449
961 1492
962 1298
963 1461
964 1612
965 1795
965 1968
966 1254
969 1571
973 1405
984 1593
988 1059
991 1637
996 1158
998 1737
1003 1139
1003 1157
1018 1186
1021 1397
1023 1131
1027 1306
1027 1756
1027 1977
1035 1637
1042 1592
1043 1140
1055 1382
1059 1552
1059 1558
1059 1705
1065 1401
1074 1171
1074 1357
1074 1441
1074 1634
1074 1962
1089 1144
1092 1170
1093 1406
1095 1144
1097 1397
1098 1592
1104 1293
1107 1135
1108 1131
1110 1297
1110 1352
1110 1499
1110 1512
1110 1956
1117 1635
1119 1364
1120 1159
1120 1397
1135 1252
1135 1290
1135 1461
1135 1507
1135 1777
1135 1778
1136 1144
1137 1458
1137 1566
1137 1638
1139 1253
1139 1468
1139 1477
1139 1751
1139 1770
1139 1815
1139 1890
1140 1142
1140 1337
1140 1903
1141 1145
1144 1228
1144 1390
1144 1740
1144 1911
1146 1320
1146 1341
1146 1370
1146 1459
1146 1966
1152 1624
1155 1626
1155 1627
1158 1700
1158 1822
1159 1403
1159 1837
1159 1862
1160 1369
1160 1480
1161 1489
1161 1639
1162 1906
1164 1599
1164 1953
1165 1746
1166 1323
1168 1297
1169 1969
1171 1406
1172 1397
1172 1650
1175 1594
1176 1633
1186 1585
1186 1902
1197 1631
1202 1281
1202 1514
1207 1631
1222 1744
1236 1571
1280 1504
1293 1374
1293 1742
1355 1612
1364 1561
1375 1410
1375 1631
1382 1404
1382 1677
1382 1951
1397 1591
1397 1602
1397 1842
1397 1946
1397 1948
1400 1401
1401 1607
1405 1511
1405 1532
1405 1680
1406 1875
1407 1736
1425 1757
1452 1633
1463 1844
1470 1571
1492 1504
1495 1637
1504 1708
1504 1799
1510 1637
1517 1631
1592 1747
1594 1907
1632 1764
1632 1843
1635 1838
1698 1902
1737 1742
1737 1991
