41 373
138 286
169 286
233 286
238 286
281 286
283 286
284 286
284 338
285 286
285 338
285 346
285 349
285 373
286 290
286 333
286 334
286 337
286 338
286 340
286 341
286 342
286 343
286 344
286 345
286 347
286 348
286 352
286 353
286 354
286 355
286 356
286 357
286 359
286 360
286 361
286 362
286 367
286 368
286 369
286 373
286 374
286 377
286 378
286 379
286 380
286 381
286 382
286 383
286 384
286 385
286 386
286 387
286 388
286 389
286 390
286 391
286 392
286 393
286 394
286 395
286 396
286 397
286 398
286 399
286 400
286 401
320 338
334 338
337 338
338 341
338 374
338 377
338 382
338 392
338 398
346 349
346 716
349 373
373 374
