3 27
3 28
16 27
17 27
17 220
24 54
24 91
24 92
24 95
24 97
24 114
24 127
24 132
24 136
27 200
28 29
28 52
28 53
28 97
28 99
28 103
29 51
29 54
29 83
29 95
29 106
29 120
29 127
29 132
30 31
30 32
30 33
31 32
31 33
31 34
31 35
31 36
31 37
32 35
32 36
32 41
33 35
33 36
33 41
33 45
33 46
33 48
34 49
34 253
35 37
35 42
35 43
35 48
36 37
36 41
36 42
36 43
36 46
36 614
37 41
37 48
38 46
41 42
41 43
41 373
41 869
41 871
42 48
43 869
43 871
45 567
45 569
49 871
50 51
51 52
51 53
51 54
52 54
52 56
52 60
52 70
52 81
52 83
52 88
52 90
52 91
52 92
52 95
52 97
53 54
53 56
53 60
53 70
53 81
53 83
53 88
53 90
53 91
53 92
53 95
53 97
53 106
53 110
53 113
53 114
53 120
53 127
53 132
53 136
54 56
54 60
54 70
54 83
54 88
54 90
54 92
54 95
54 97
54 99
54 100
54 101
54 102
54 103
54 104
54 106
54 114
54 120
54 127
54 136
54 378
54 406
54 407
74 897
81 103
81 497
88 890
90 102
90 523
91 95
91 668
92 375
95 104
96 198
96 199
96 200
97 99
97 100
97 102
97 132
97 624
101 110
101 493
101 666
102 136
103 619
104 136
110 518
113 283
113 285
137 487
137 848
137 985
138 336
138 376
138 382
142 146
146 162
146 237
146 376
149 165
149 200
163 164
163 165
164 167
164 168
164 169
165 170
165 171
165 172
169 284
169 285
169 286
169 380
171 209
171 518
172 192
172 195
172 200
172 208
172 210
172 211
172 217
172 221
172 222
172 516
172 518
172 609
172 612
172 613
172 614
182 209
182 487
182 493
182 497
182 573
182 575
182 577
182 579
182 581
186 202
187 971
192 200
192 202
192 208
192 209
195 200
195 208
195 217
195 221
195 224
195 226
195 485
195 499
195 501
195 504
195 509
195 518
198 209
198 498
198 519
199 211
199 217
199 501
199 509
199 776
200 201
201 208
201 209
201 227
201 499
201 501
202 518
205 223
208 228
208 498
208 504
209 222
209 229
209 518
209 610
209 776
210 217
210 227
210 620
211 518
212 743
212 750
213 618
213 619
213 624
213 625
213 629
213 632
213 635
213 637
213 641
213 644
213 648
214 215
214 216
214 217
215 220
216 221
217 223
217 224
217 225
217 226
217 227
217 228
217 229
220 407
220 521
220 689
220 715
220 716
220 901
222 518
223 948
224 949
225 767
225 774
226 507
226 974
227 517
228 488
238 339
238 379
246 808
246 898
258 264
258 276
263 264
264 281
276 699
276 724
276 924
281 283
281 284
281 285
281 286
283 285
283 286
283 344
283 356
283 382
283 400
283 971
284 367
284 371
284 376
284 377
284 380
284 397
284 883
284 995
285 335
285 336
285 339
285 344
285 348
285 354
285 355
285 356
285 357
285 358
285 360
285 362
285 367
285 370
285 371
285 373
285 375
285 376
285 377
285 379
285 380
285 382
286 337
286 344
286 348
286 354
286 355
286 356
286 357
286 360
286 362
286 367
286 373
286 377
286 379
286 380
286 382
286 384
286 389
286 393
286 394
286 395
286 397
286 398
294 937
319 618
319 619
319 620
319 624
327 579
327 849
334 335
334 336
334 337
335 370
336 381
336 382
337 338
337 368
337 371
337 375
337 963
338 377
338 382
338 398
339 379
348 377
349 373
352 389
354 376
355 375
357 380
358 659
358 835
358 910
360 379
360 385
362 371
362 994
363 377
363 395
365 382
365 398
367 382
367 523
368 995
370 379
370 381
370 382
371 383
373 374
375 376
375 963
376 382
377 378
377 380
377 400
377 878
378 379
378 380
378 382
378 394
379 383
379 384
379 397
379 611
380 382
380 393
380 579
380 995
381 394
381 397
382 395
382 398
382 743
384 396
389 398
392 869
393 795
394 581
395 687
397 967
398 518
401 487
401 495
401 497
401 577
401 812
401 848
401 900
406 706
406 710
407 691
407 716
407 968
485 486
485 487
486 488
487 493
487 494
487 495
487 496
487 497
488 518
494 811
494 986
495 847
496 899
496 942
497 569
497 577
497 581
497 583
497 700
497 750
497 808
497 848
497 936
497 985
499 614
502 699
502 846
504 513
506 612
509 517
515 659
516 518
518 608
518 609
518 610
520 521
521 524
533 657
537 694
537 700
561 566
566 875
566 883
569 583
569 809
569 894
573 581
573 583
575 578
575 582
575 848
576 808
577 654
577 657
577 658
577 659
578 579
578 900
579 580
579 582
579 896
579 899
579 900
580 698
580 849
580 897
581 582
581 583
581 694
581 812
581 894
581 897
581 898
581 990
582 812
582 985
582 992
583 657
583 695
583 700
583 809
583 812
607 620
607 624
607 641
607 648
608 612
611 715
613 666
613 670
613 672
613 674
614 775
614 776
615 618
617 632
618 648
619 624
620 621
620 624
622 641
623 637
623 654
624 625
624 637
624 641
624 644
624 648
624 867
624 868
625 649
629 644
629 647
630 635
632 648
635 648
640 644
644 647
647 867
649 867
654 655
656 812
656 900
658 705
658 813
659 835
659 911
663 664
663 665
663 666
664 668
665 666
665 668
665 670
665 671
666 667
666 669
666 671
666 672
666 673
666 674
667 668
669 670
671 673
673 881
687 689
689 691
692 694
692 695
694 696
695 697
695 698
695 699
695 700
696 848
697 698
699 725
699 846
700 849
700 942
700 990
700 992
715 906
716 901
723 725
725 726
727 846
742 743
750 816
809 969
811 848
846 932
848 900
849 939
850 936
850 992
868 891
868 893
872 873
873 875
873 876
873 877
873 878
874 876
874 881
874 883
875 876
875 881
875 883
878 883
878 888
878 889
881 883
896 897
898 940
900 934
900 938
901 902
920 937
934 936
936 937
936 938
947 971
982 992
