0 1
0 2
0 3
1 3
1 5
1 7
1 8
1 10
1 11
1 13
1 16
2 3
2 5
2 10
2 13
2 16
2 20
2 21
2 22
2 23
3 4
3 7
3 10
3 11
3 13
3 14
3 15
3 16
3 17
3 20
3 21
3 22
3 25
3 26
3 27
3 28
3 29
4 11
5 16
7 19
8 16
8 17
8 426
9 364
10 53
10 536
11 15
11 696
12 16
12 23
13 15
13 26
13 604
14 16
14 20
14 21
15 16
15 23
15 25
15 425
16 17
16 23
16 26
16 27
16 425
17 23
17 425
22 946
24 29
24 54
24 80
24 92
24 112
24 114
24 129
24 131
24 132
24 134
24 136
24 309
25 424
28 29
29 33
29 51
29 52
29 53
29 54
29 72
29 75
29 76
29 77
29 78
29 79
29 80
29 82
29 83
29 95
29 99
29 100
29 101
29 102
29 103
29 105
29 106
29 108
29 111
29 112
29 115
29 117
29 120
29 127
29 129
29 131
29 132
29 134
29 309
29 310
29 311
29 312
30 31
30 32
30 33
31 33
31 36
32 33
32 36
33 35
33 36
33 37
33 41
33 42
33 43
33 44
33 45
33 46
33 47
33 48
33 49
34 49
35 48
36 37
36 41
36 42
36 43
36 46
36 614
37 44
37 47
37 48
37 49
41 373
42 48
43 44
45 567
45 569
47 828
49 871
51 54
52 54
52 56
52 60
52 70
52 72
52 75
52 76
52 77
52 78
52 79
52 80
52 88
52 90
52 92
52 96
53 54
53 56
53 60
53 70
53 72
53 75
53 76
53 77
53 78
53 79
53 80
53 88
53 90
53 92
53 105
53 108
53 110
53 111
53 112
53 114
53 115
53 117
53 129
53 131
53 132
53 134
53 136
54 56
54 60
54 70
54 83
54 88
54 90
54 92
54 95
54 97
54 99
54 100
54 101
54 102
54 103
54 104
54 106
54 114
54 120
54 127
54 136
54 378
54 406
54 407
67 775
68 134
79 100
82 117
88 890
90 102
90 523
92 375
93 105
93 309
94 691
94 904
96 171
96 190
96 195
96 196
96 197
96 198
96 199
96 200
96 201
97 132
98 773
98 967
101 108
101 110
101 493
102 111
102 136
104 136
104 310
109 310
110 518
115 188
129 139
130 836
131 541
134 184
137 899
138 284
138 376
138 400
142 146
146 162
146 237
146 376
149 165
149 608
162 238
163 165
164 169
165 170
165 171
165 172
169 284
169 285
169 286
169 380
170 201
170 492
170 517
170 565
170 610
170 776
171 209
171 516
171 518
171 565
172 208
172 516
172 518
172 609
172 614
175 176
176 179
176 180
176 181
176 182
182 209
182 327
182 401
182 487
182 493
182 497
182 567
182 570
182 571
182 572
182 573
182 574
182 575
182 576
182 577
182 578
182 579
182 580
182 581
182 582
182 583
186 202
190 191
190 192
191 193
192 201
192 202
192 207
192 208
192 209
193 211
193 229
195 201
195 207
195 208
195 229
195 489
195 498
195 501
195 504
195 505
195 510
195 516
195 518
196 207
197 512
197 776
198 209
198 498
199 501
200 201
201 207
201 208
201 209
201 211
201 222
201 227
201 228
201 254
201 489
201 499
201 501
201 505
201 776
201 777
202 518
207 210
207 465
208 228
208 498
208 504
209 222
209 229
209 518
209 610
209 776
210 227
211 518
211 609
211 777
212 311
212 741
217 227
217 229
220 407
220 689
222 518
225 774
227 517
228 488
229 512
229 514
229 693
229 836
238 284
238 286
238 339
238 359
238 379
238 396
246 896
250 254
251 254
258 264
258 270
259 270
263 264
264 281
270 374
280 312
280 773
280 774
281 283
281 284
281 285
281 286
283 400
284 285
284 286
284 338
284 366
284 367
284 371
284 376
284 377
284 378
284 380
284 397
284 400
284 741
284 883
284 995
285 338
285 339
285 341
285 347
285 349
285 354
285 364
285 365
285 366
285 367
285 373
285 374
285 376
285 378
286 337
286 338
286 341
286 347
286 354
286 367
286 373
286 374
286 378
286 386
286 389
286 392
286 394
286 396
286 397
286 398
286 400
286 401
300 879
307 465
311 749
311 818
312 766
312 773
312 966
316 320
317 320
320 321
320 338
327 579
334 337
334 338
337 338
337 368
337 371
337 375
337 963
338 341
338 374
338 377
338 382
338 392
338 398
339 379
343 366
346 349
347 378
349 373
352 389
354 376
359 396
364 764
364 967
365 382
365 398
365 410
366 387
367 382
367 523
368 995
369 386
373 374
374 381
375 376
376 382
377 378
377 400
377 878
378 379
378 380
378 382
378 386
378 394
379 397
379 611
380 579
380 995
381 394
381 397
382 398
384 396
389 398
392 869
394 581
397 967
398 518
400 963
401 487
401 495
401 497
401 568
401 570
401 577
401 582
401 583
401 655
401 812
401 824
401 848
401 900
401 939
401 942
405 950
406 706
406 710
407 691
407 716
407 968
423 773
423 774
423 967
424 441
424 465
438 441
441 465
465 466
486 488
486 489
487 493
487 495
488 518
490 565
492 516
495 847
496 899
499 614
504 513
505 508
507 777
508 836
510 691
510 987
514 609
516 518
516 610
518 608
518 609
518 610
521 524
524 691
524 713
537 574
560 565
561 566
566 875
566 883
567 568
568 570
571 574
571 693
572 942
572 969
573 581
573 583
574 705
575 578
575 582
575 848
576 697
576 806
576 808
578 579
579 580
579 582
579 896
579 899
579 900
581 812
582 812
583 655
583 812
603 604
604 606
608 612
611 690
611 691
611 715
611 716
614 775
614 776
654 655
655 656
656 812
687 689
689 691
691 786
691 904
692 693
718 904
720 786
733 741
735 741
766 967
773 970
774 944
774 967
775 972
785 786
800 950
821 824
823 824
824 827
849 939
872 873
872 874
872 875
873 876
873 878
874 875
874 876
874 879
874 880
874 881
874 882
874 883
875 876
875 880
875 883
875 885
875 886
877 882
877 885
878 883
878 888
878 889
879 983
880 889
881 883
882 885
882 886
882 889
882 950
886 889
896 897
902 904
904 968
939 940
