15 196
24 52
24 55
24 57
24 58
24 63
24 64
24 66
24 69
24 73
24 80
24 87
24 92
24 93
24 95
24 97
24 132
24 309
28 52
28 97
29 51
29 52
29 72
29 75
29 76
29 77
29 78
29 79
29 80
29 82
29 83
29 95
29 105
29 132
29 309
42 870
43 870
50 51
50 52
51 52
51 53
51 54
52 53
52 54
52 55
52 56
52 57
52 58
52 59
52 60
52 61
52 62
52 63
52 64
52 65
52 66
52 67
52 68
52 69
52 70
52 71
52 72
52 73
52 74
52 75
52 76
52 77
52 78
52 79
52 80
52 81
52 82
52 83
52 84
52 85
52 86
52 87
52 88
52 89
52 90
52 91
52 92
52 93
52 94
52 95
52 96
52 97
52 98
52 99
52 100
52 101
52 102
52 103
52 104
53 55
53 56
53 57
53 58
53 60
53 61
53 62
53 63
53 64
53 65
53 66
53 67
53 68
53 69
53 70
53 71
53 72
53 73
53 74
53 75
53 76
53 77
53 78
53 79
53 80
53 81
53 82
53 83
53 86
53 87
53 88
53 89
53 90
53 92
53 93
53 95
53 97
53 105
53 125
53 126
53 132
54 56
54 60
54 70
54 83
54 88
54 90
54 92
54 95
54 97
54 378
54 407
59 213
59 319
61 503
62 99
65 402
67 775
68 134
71 104
74 897
79 100
81 103
81 497
82 117
84 832
84 909
84 910
85 99
85 101
85 133
86 102
86 103
87 350
88 890
89 101
89 135
90 102
90 523
91 95
92 375
93 104
93 105
93 309
94 215
94 691
94 716
94 904
94 905
95 104
96 171
96 190
96 195
96 196
96 197
96 198
96 199
96 200
96 201
97 99
97 100
97 102
97 132
97 624
98 280
98 423
98 685
98 764
98 771
98 773
98 965
98 967
98 970
99 125
103 619
125 211
126 205
126 211
126 216
142 149
149 165
149 200
149 514
149 608
163 165
165 170
165 171
165 172
170 201
170 492
170 517
170 565
170 610
170 776
171 211
171 565
172 208
172 211
172 222
172 609
183 785
187 701
188 455
188 470
188 471
188 475
188 682
190 191
190 192
191 193
192 201
192 206
192 208
192 211
193 211
193 229
195 201
195 208
195 222
195 489
195 492
195 499
195 501
195 504
195 505
195 510
195 511
196 207
197 512
197 776
198 209
198 498
198 519
199 211
199 501
200 201
201 207
201 208
201 209
201 211
201 222
201 227
201 228
201 254
201 489
201 499
201 501
201 505
201 776
201 777
206 211
206 512
208 228
208 498
208 504
209 222
209 610
210 227
210 511
210 620
211 518
211 609
211 777
211 949
213 618
213 619
213 624
213 625
213 629
213 632
213 635
213 637
213 641
213 644
213 646
213 648
214 215
214 216
214 217
215 218
215 219
215 220
216 222
217 227
218 785
220 407
220 689
220 715
222 511
222 518
222 870
224 949
225 774
226 974
227 517
236 610
240 662
242 701
242 966
250 254
251 254
270 374
280 685
280 763
280 766
280 768
280 772
280 773
280 774
284 338
284 377
284 378
284 397
285 338
285 341
285 347
285 348
285 368
285 374
285 377
285 378
286 337
286 338
286 341
286 347
286 348
286 368
286 374
286 377
286 378
286 386
286 392
286 397
286 398
307 466
307 681
312 766
312 773
312 966
316 320
317 320
318 662
319 618
319 619
319 620
319 624
320 321
320 338
323 326
324 332
325 907
326 329
326 908
326 914
326 915
328 332
331 662
332 908
332 914
334 337
334 338
337 338
337 368
337 371
337 375
337 963
338 341
338 374
338 377
338 382
338 392
338 398
345 962
347 378
348 377
363 377
364 764
364 967
365 398
368 475
368 995
369 386
373 374
374 381
377 378
377 380
377 400
377 878
378 379
378 380
378 382
378 386
378 394
379 397
379 611
381 397
382 398
389 398
392 869
397 967
398 518
407 691
407 716
407 968
423 685
423 764
423 772
423 773
423 774
423 865
423 866
423 965
423 966
423 967
424 427
424 428
424 429
424 436
424 439
424 440
424 449
424 452
424 453
424 455
424 457
424 460
424 466
424 470
424 471
424 475
427 472
427 475
428 664
428 686
429 473
429 475
431 457
432 962
436 437
436 475
439 475
439 684
440 450
440 470
445 682
446 683
446 768
448 682
449 456
449 686
451 681
451 683
452 471
452 739
452 778
453 462
453 464
453 475
454 457
454 681
455 461
455 475
456 686
457 475
458 466
459 678
459 686
460 475
460 684
460 888
461 470
462 680
463 475
463 686
464 675
465 466
466 686
469 471
469 686
470 475
470 677
470 962
471 474
471 475
471 684
472 675
473 678
473 679
474 475
474 949
475 646
475 675
475 678
475 679
475 680
475 681
475 682
475 683
475 684
475 685
475 686
486 489
486 492
490 565
492 516
499 614
504 513
505 508
510 691
510 987
511 784
514 609
516 610
518 609
518 610
521 524
524 691
524 713
560 565
607 620
607 624
607 641
607 648
611 690
611 691
611 715
611 716
615 618
617 632
618 648
619 624
620 621
620 624
622 641
623 637
623 646
624 625
624 637
624 641
624 644
624 648
624 867
624 868
625 649
626 646
629 644
629 647
630 635
632 648
635 648
640 644
643 646
644 647
647 867
649 867
662 908
677 680
679 975
682 778
683 684
683 999
684 962
685 771
685 862
685 865
685 866
686 701
687 689
688 690
689 691
690 714
691 786
691 904
701 997
713 968
715 906
716 905
719 905
720 786
761 763
762 763
763 764
764 768
764 772
764 908
764 964
764 966
765 964
766 967
771 865
772 862
772 864
773 970
774 944
774 967
785 786
802 964
825 907
864 866
864 965
866 931
868 891
868 893
873 878
878 883
878 888
878 889
884 974
904 968
907 908
908 915
908 974
966 970
973 974
