0 1
0 3
1 2
1 3
1 4
1 5
1 6
1 7
1 8
1 9
1 10
1 11
1 12
1 13
1 14
1 15
1 16
1 17
2 3
2 21
3 4
3 7
3 10
3 11
3 13
3 14
3 15
3 16
3 17
3 20
3 21
3 22
3 25
3 26
3 27
3 28
3 29
13 26
14 21
16 26
16 27
17 27
18 235
24 54
24 92
24 93
24 97
24 104
24 114
24 127
24 132
27 200
28 29
28 52
28 53
28 97
28 99
28 103
29 51
29 54
29 83
29 101
29 106
29 108
29 120
29 127
29 132
29 310
36 614
45 569
50 51
51 52
51 53
51 54
52 54
52 56
52 59
52 60
52 70
52 71
52 83
52 85
52 88
52 89
52 90
52 92
52 93
52 97
52 101
52 104
53 54
53 56
53 60
53 70
53 71
53 83
53 88
53 89
53 90
53 92
53 93
53 97
53 101
53 104
53 106
53 107
53 108
53 110
53 114
53 118
53 120
53 124
53 125
53 127
53 132
53 137
53 138
54 56
54 60
54 70
54 83
54 88
54 90
54 92
54 95
54 97
54 99
54 100
54 101
54 102
54 103
54 104
54 106
54 114
54 120
54 127
54 136
54 378
54 406
54 407
59 213
59 319
71 104
74 897
85 99
85 101
85 133
88 890
89 101
89 135
90 102
90 523
92 375
93 104
93 105
93 309
95 104
96 171
96 197
96 198
97 99
97 100
97 102
97 132
97 624
99 104
99 125
100 101
100 118
101 103
101 108
101 110
101 493
101 666
102 104
102 107
104 107
104 118
104 136
104 310
104 713
109 310
110 518
124 143
124 162
125 211
126 211
126 216
130 216
130 836
137 487
137 583
137 810
137 848
137 899
137 985
138 284
138 285
138 286
138 336
138 363
138 376
138 381
138 382
138 400
141 144
142 146
142 151
142 152
143 144
143 151
143 152
143 153
143 154
143 156
143 162
144 152
145 935
146 162
146 237
146 376
148 154
149 165
151 161
151 162
151 607
151 895
152 153
152 156
152 158
152 159
152 160
152 161
152 162
152 236
152 237
152 653
153 159
154 162
156 166
158 162
160 162
161 162
162 230
162 235
162 236
162 237
162 238
163 165
164 169
165 170
165 171
165 172
169 284
169 285
169 286
169 380
170 565
170 610
170 776
171 195
171 209
171 210
171 211
171 216
171 285
171 516
171 517
171 518
171 565
172 210
172 211
172 221
172 609
172 613
172 614
179 235
181 230
182 209
182 327
182 401
182 493
182 570
182 573
182 580
182 583
190 191
191 193
191 194
191 195
192 206
192 207
192 209
192 210
192 211
193 211
193 229
194 319
194 616
194 631
194 633
194 640
194 647
194 959
195 207
195 216
195 221
195 229
195 491
195 511
195 513
196 207
197 512
197 776
198 209
198 498
198 519
199 211
199 776
201 207
201 209
201 211
201 227
201 776
201 777
203 210
203 216
206 211
206 512
207 210
207 465
209 222
209 229
209 518
209 610
209 776
210 217
210 227
210 511
210 513
210 620
211 518
211 609
211 777
211 949
212 741
213 315
213 319
213 583
213 617
213 621
213 623
213 624
213 625
213 628
213 631
213 633
213 636
213 641
213 642
213 644
213 645
213 646
213 648
214 215
214 216
214 217
216 221
216 222
217 227
217 229
219 713
220 407
222 511
224 949
227 517
229 512
229 514
229 693
229 836
230 231
236 610
238 284
238 286
238 339
238 359
238 379
238 396
246 813
264 281
270 374
281 283
281 284
281 285
281 286
284 285
284 286
284 338
284 366
284 367
284 371
284 376
284 377
284 378
284 380
284 397
284 400
284 741
284 883
284 995
285 319
285 338
285 339
285 341
285 347
285 359
285 363
285 366
285 367
285 371
285 374
285 378
286 334
286 338
286 341
286 347
286 359
286 367
286 374
286 378
286 386
286 392
286 394
286 397
286 398
286 401
313 315
315 319
316 320
317 320
319 583
319 607
319 615
319 616
319 617
319 618
319 619
319 620
319 621
319 622
319 623
319 624
320 321
320 338
322 323
323 325
323 326
323 327
327 579
327 580
327 847
327 849
327 850
333 334
334 335
334 336
334 337
334 338
337 338
337 371
338 341
338 374
338 377
338 382
338 392
338 398
339 379
343 366
347 378
359 396
362 371
363 377
363 395
365 398
366 387
367 382
367 523
368 995
369 386
371 383
373 374
374 381
377 378
378 379
378 380
378 382
378 386
378 394
379 397
380 995
381 394
381 397
382 398
389 398
392 869
394 581
397 967
398 518
401 487
401 495
401 497
401 568
401 570
401 577
401 582
401 583
401 655
401 812
401 824
401 848
401 900
401 939
401 942
406 706
406 710
407 691
407 716
407 968
444 986
474 949
475 646
486 491
487 493
487 495
490 565
491 776
491 972
494 986
495 847
496 899
496 942
497 569
497 583
497 985
499 614
503 513
504 513
507 777
508 836
511 784
514 609
516 610
517 776
518 609
518 610
524 713
533 657
560 565
566 883
568 570
569 583
569 809
569 894
571 693
572 942
573 581
573 583
574 705
576 806
577 654
577 657
578 813
578 900
579 580
579 899
579 900
580 583
580 698
580 776
580 807
580 849
580 897
580 935
580 986
581 583
581 897
582 583
582 985
583 655
583 657
583 695
583 700
583 705
583 806
583 809
583 810
583 811
583 812
583 813
588 642
589 645
593 653
597 653
607 624
607 641
607 648
607 660
613 666
613 670
613 672
613 674
614 775
614 776
615 618
615 943
617 632
618 648
619 624
620 621
620 624
621 622
621 638
622 633
622 641
622 642
622 645
623 628
623 636
623 637
623 642
623 645
623 646
623 649
623 654
623 660
624 625
624 637
624 641
624 644
624 648
624 867
624 868
625 649
626 646
627 628
629 644
631 753
632 648
635 648
636 649
638 959
640 644
643 646
643 660
644 647
645 943
647 867
649 867
650 653
654 655
656 850
656 900
658 705
658 813
663 664
663 665
663 666
664 667
665 666
665 669
665 671
666 667
666 669
666 671
666 672
666 673
666 674
667 668
669 670
671 673
692 693
692 695
695 697
695 698
695 699
695 700
700 942
705 811
705 941
713 716
713 717
713 968
733 741
735 741
806 807
810 938
813 894
821 824
823 824
824 827
848 900
849 939
850 936
850 992
868 891
868 893
874 883
875 883
878 883
881 883
896 897
900 934
900 938
934 935
936 938
938 969
939 940
959 961
