0 1
0 2
0 3
1 2
1 5
1 10
1 11
1 12
1 15
2 3
2 5
2 6
2 10
2 12
2 13
2 15
2 16
2 17
2 18
2 19
2 20
2 21
2 22
2 23
2 24
3 10
3 11
3 15
3 20
3 21
3 22
3 25
4 11
5 16
6 15
7 19
10 53
10 536
11 15
11 696
12 16
12 17
12 23
13 15
14 20
14 21
15 16
15 17
15 23
15 25
15 196
15 425
15 426
16 425
17 425
18 141
18 235
19 536
22 946
24 29
24 52
24 53
24 54
24 55
24 57
24 58
24 63
24 64
24 66
24 69
24 73
24 80
24 87
24 91
24 92
24 93
24 95
24 97
24 100
24 102
24 103
24 104
24 112
24 114
24 119
24 127
24 128
24 129
24 131
24 132
24 133
24 134
24 136
24 309
24 402
24 403
24 404
24 405
25 424
27 200
28 97
28 103
29 80
29 101
29 103
29 108
29 112
29 127
29 129
29 131
29 134
29 309
29 310
29 311
45 569
52 55
52 57
52 58
52 59
52 63
52 64
52 66
52 69
52 71
52 73
52 80
52 81
52 85
52 86
52 87
52 89
52 90
52 91
52 92
52 97
52 101
52 103
52 104
53 55
53 57
53 58
53 63
53 64
53 66
53 69
53 71
53 73
53 80
53 81
53 86
53 87
53 89
53 90
53 91
53 92
53 97
53 101
53 103
53 104
53 107
53 108
53 110
53 112
53 114
53 118
53 119
53 123
53 125
53 127
53 128
53 129
53 131
53 134
54 90
54 92
54 97
54 101
54 103
54 104
54 114
54 127
59 213
59 319
65 402
68 134
71 104
74 897
81 103
81 497
85 99
85 101
85 133
86 102
86 103
87 350
89 101
89 135
90 102
90 523
91 95
91 668
92 375
93 104
93 309
95 104
96 190
96 196
96 198
96 199
96 200
97 99
97 100
97 102
97 132
97 624
99 104
99 125
100 101
100 103
100 118
101 103
101 108
101 110
101 493
101 666
102 104
102 107
103 123
103 133
103 619
103 819
104 107
104 118
104 136
104 310
104 713
109 128
109 310
110 518
119 122
123 770
125 211
126 205
126 211
128 893
129 139
131 541
134 184
137 583
137 810
139 399
139 434
139 522
139 523
139 525
139 527
139 529
139 554
145 935
149 200
170 610
171 209
171 210
171 211
172 192
172 200
172 208
172 210
172 211
172 222
172 609
182 209
182 327
182 493
182 573
182 580
182 583
186 202
190 191
190 192
191 193
192 195
192 200
192 201
192 202
192 203
192 204
192 205
192 206
192 207
192 208
192 209
192 210
192 211
192 212
192 213
193 211
193 229
194 616
194 631
194 633
194 640
195 200
195 204
195 208
195 222
195 513
196 207
198 209
198 498
198 519
199 211
199 217
199 501
199 509
199 776
200 201
201 208
201 209
201 211
201 222
201 227
201 777
202 518
203 210
204 987
205 223
206 211
207 210
208 228
208 498
208 504
209 222
209 229
209 518
209 610
209 776
210 217
210 227
210 511
210 513
210 620
211 518
211 609
211 777
211 949
212 311
212 731
212 733
212 734
212 738
212 739
212 741
212 743
212 744
212 745
212 746
212 747
212 748
212 749
212 750
212 751
212 752
212 753
213 282
213 315
213 319
213 529
213 583
213 605
213 607
213 616
213 617
213 618
213 619
213 621
213 623
213 624
213 625
213 626
213 627
213 628
213 629
213 630
213 631
213 632
213 633
213 634
213 635
213 636
213 637
213 638
213 639
213 640
213 641
213 642
213 643
213 644
213 645
213 646
213 647
213 648
213 649
216 222
217 227
219 713
222 511
222 518
222 870
224 949
227 517
233 997
236 610
245 997
246 813
252 403
260 282
263 282
265 282
265 527
278 282
284 367
284 741
285 353
285 367
286 353
286 367
286 399
301 404
311 749
311 818
313 315
315 319
319 583
319 616
319 617
319 618
319 621
319 624
323 327
327 579
327 580
327 847
327 849
327 850
353 665
367 382
367 523
382 743
385 674
390 634
393 795
399 523
399 526
399 528
399 729
401 583
401 655
401 812
402 598
403 781
403 783
404 826
404 919
404 922
405 418
405 795
405 797
405 801
405 802
405 803
405 950
405 951
405 952
405 953
418 801
418 802
424 434
426 522
434 522
444 986
452 739
474 949
487 493
494 811
494 986
497 569
497 583
497 700
497 750
503 513
504 513
507 777
514 609
515 752
516 610
518 609
518 610
520 522
520 523
522 525
522 526
522 527
522 528
522 529
523 526
523 528
523 529
523 530
523 531
523 532
523 533
523 534
523 535
524 713
525 551
525 556
527 528
527 535
527 552
527 584
529 530
529 531
529 532
529 534
529 535
529 554
533 657
535 554
537 700
569 583
569 809
569 894
573 581
573 583
576 806
577 657
578 813
578 990
579 580
580 583
580 698
580 776
580 807
580 849
580 897
580 935
580 986
581 583
581 812
581 897
581 990
582 583
582 812
583 655
583 657
583 695
583 700
583 705
583 806
583 809
583 810
583 811
583 812
583 813
588 642
589 645
603 605
605 607
607 624
607 639
607 640
613 666
613 670
613 674
615 618
617 632
618 648
619 624
620 621
620 624
621 622
621 638
622 626
622 633
622 642
622 645
623 628
623 642
623 645
623 649
624 625
624 637
624 641
624 644
624 648
624 867
624 868
625 649
626 646
627 628
627 639
629 644
629 647
630 635
630 647
631 753
634 961
636 649
639 718
640 644
643 649
645 943
649 867
654 655
655 656
656 812
658 813
663 665
663 666
664 667
665 666
665 668
665 669
665 670
665 671
665 672
665 673
666 667
666 669
666 671
666 672
666 673
666 674
667 668
669 670
673 674
695 698
695 700
697 698
700 849
700 942
700 990
700 992
701 997
705 811
713 716
713 717
713 968
731 732
731 733
733 739
733 741
734 744
735 741
737 744
738 745
738 746
742 743
742 748
742 751
745 749
746 817
747 817
747 819
748 753
750 816
751 829
752 835
752 909
764 964
765 964
794 795
795 797
795 798
796 801
796 802
797 802
797 803
798 802
799 803
800 802
800 950
801 953
801 996
802 951
802 964
802 996
802 997
805 952
806 807
810 938
811 848
813 894
868 891
868 893
882 950
896 897
934 935
951 952
