0 1
0 2
0 3
1 2
1 3
1 4
1 5
1 6
1 7
1 8
1 9
1 10
1 11
1 12
1 13
1 14
1 15
1 16
1 17
2 5
2 10
2 12
2 15
2 20
2 21
3 4
3 7
3 10
3 14
3 15
3 20
3 21
3 25
3 28
4 11
5 16
6 15
7 19
8 16
8 17
8 426
9 364
9 423
9 970
10 53
10 536
11 15
11 696
12 16
12 17
12 23
13 15
14 16
14 17
14 20
14 21
15 16
15 17
15 23
15 25
15 196
15 425
15 426
16 425
17 425
18 235
19 536
22 946
24 53
24 55
24 57
24 58
24 63
24 64
24 66
24 69
24 73
24 80
24 91
24 92
24 93
24 100
24 112
24 114
24 119
24 127
24 128
24 129
24 131
24 132
24 136
24 309
25 424
28 29
28 52
28 53
28 97
28 99
28 103
29 51
29 53
29 72
29 75
29 76
29 77
29 78
29 80
29 83
29 100
29 106
29 108
29 111
29 112
29 115
29 117
29 120
29 127
29 129
29 131
29 132
29 309
30 31
30 32
30 33
31 32
31 33
31 34
31 35
31 36
31 37
32 35
32 36
32 39
32 41
33 35
33 36
33 41
33 46
33 48
34 49
34 253
35 37
35 42
35 43
35 48
36 37
36 41
36 42
36 43
36 46
36 614
37 41
37 48
38 46
39 189
39 998
41 42
41 43
41 373
41 869
41 871
42 48
43 871
49 871
50 51
50 53
51 52
51 53
51 54
52 53
52 55
52 56
52 57
52 58
52 60
52 61
52 62
52 63
52 64
52 65
52 66
52 67
52 68
52 69
52 70
52 71
52 72
52 73
52 74
52 75
52 76
52 77
52 78
52 80
52 81
52 83
52 86
52 88
52 89
52 90
52 91
52 92
52 93
52 98
52 100
53 54
53 55
53 56
53 57
53 58
53 60
53 61
53 62
53 63
53 64
53 65
53 66
53 67
53 68
53 69
53 70
53 71
53 72
53 73
53 74
53 75
53 76
53 77
53 78
53 79
53 80
53 81
53 82
53 83
53 86
53 87
53 88
53 89
53 90
53 91
53 92
53 93
53 95
53 97
53 99
53 100
53 101
53 102
53 103
53 104
53 105
53 106
53 107
53 108
53 109
53 110
53 111
53 112
53 113
53 114
53 115
53 116
53 117
53 118
53 119
53 120
53 121
53 122
53 123
53 124
53 125
53 126
53 127
53 128
53 129
53 130
53 131
53 132
53 133
53 134
53 135
53 136
53 137
53 138
53 139
54 56
54 60
54 70
54 83
54 88
54 90
54 92
54 100
54 106
54 114
54 120
54 127
54 136
61 503
62 99
65 402
67 775
68 134
71 104
74 897
79 100
81 103
81 497
82 117
86 102
86 103
87 350
88 890
89 101
89 135
90 102
90 523
91 95
91 668
92 375
93 104
93 105
93 309
96 196
97 100
97 132
98 280
98 423
98 685
98 764
98 771
98 773
98 965
98 967
98 970
99 125
100 101
100 103
100 118
100 133
100 782
101 108
101 110
101 493
102 107
102 111
102 136
103 123
104 107
104 136
109 128
110 518
113 283
113 285
115 188
116 976
116 979
119 122
121 135
121 702
123 770
124 143
124 162
125 211
126 205
126 211
126 216
128 893
129 139
130 216
130 519
130 836
131 541
134 184
137 487
137 583
137 810
137 848
137 899
137 985
138 284
138 285
138 286
138 336
138 363
138 376
138 381
138 382
138 400
142 146
146 162
146 237
146 376
162 230
162 235
172 614
175 177
176 179
176 181
177 179
177 180
177 183
177 184
178 181
178 185
178 186
178 187
178 189
179 180
179 189
179 235
179 239
180 181
180 186
180 232
180 245
181 186
181 189
181 230
181 231
181 239
181 240
181 241
181 242
181 243
181 244
181 245
181 246
182 487
182 493
182 578
183 688
183 785
184 960
185 189
185 231
185 234
186 202
186 234
186 243
187 189
187 244
187 701
187 947
187 969
187 971
189 231
189 232
189 381
189 945
189 946
189 947
192 202
195 485
196 207
202 518
230 231
231 232
240 662
240 914
241 861
241 998
242 701
242 966
243 945
245 757
245 861
245 997
246 808
246 813
246 896
246 898
252 780
252 782
252 783
258 270
259 270
270 374
280 771
280 773
283 400
283 971
284 338
284 376
284 397
284 400
285 333
285 338
285 341
285 350
285 354
285 363
285 365
285 369
285 370
285 373
285 374
285 376
285 381
286 333
286 334
286 338
286 341
286 354
286 369
286 373
286 374
286 381
286 389
286 392
286 394
286 397
286 398
286 400
312 773
316 320
317 320
320 321
320 338
329 989
333 334
334 335
334 336
334 337
334 338
335 370
336 381
337 338
337 963
338 341
338 374
338 377
338 382
338 392
338 398
349 373
350 381
352 389
354 376
363 377
363 395
364 764
364 967
365 382
365 398
365 410
369 381
369 386
369 490
370 379
370 381
370 382
373 374
374 381
375 376
375 963
376 382
377 400
378 394
379 397
381 394
381 397
382 398
389 398
392 869
394 581
397 967
398 518
400 963
401 487
401 495
401 848
401 900
403 783
423 764
423 773
423 967
485 486
485 487
487 493
487 494
487 495
487 496
487 497
494 811
495 847
496 899
497 848
497 985
499 614
536 537
569 809
572 969
575 578
575 848
578 579
578 582
578 813
578 900
578 989
578 990
579 899
579 900
581 990
582 985
583 809
583 810
583 811
606 945
614 775
614 776
655 656
656 812
656 850
656 900
685 771
694 696
696 847
696 848
700 990
705 811
763 764
764 768
764 772
764 908
764 964
764 966
766 967
771 864
771 865
773 970
774 967
780 781
780 782
781 783
782 783
782 784
809 969
810 938
811 848
848 900
884 989
894 969
900 934
900 938
934 935
934 936
938 969
946 960
947 971
