3 27
15 196
16 27
17 27
18 235
27 200
30 31
30 32
30 33
31 32
31 33
31 34
31 35
31 36
31 37
32 35
32 36
32 41
33 35
33 36
33 41
33 46
33 48
34 49
34 253
35 37
35 42
35 43
35 48
36 37
36 41
36 42
36 43
36 46
36 614
37 41
37 48
38 46
41 42
41 43
41 373
41 869
41 871
42 48
42 870
43 869
43 870
43 871
45 567
45 569
49 871
52 59
52 90
53 90
53 113
53 124
53 138
54 90
59 213
59 319
90 102
90 523
96 171
96 190
96 196
96 197
96 198
96 199
96 200
103 619
113 283
113 285
124 143
124 162
126 205
130 836
137 487
137 583
137 810
138 284
138 285
138 286
138 336
138 363
138 376
138 381
138 382
138 400
139 399
139 523
139 530
139 535
139 550
139 551
139 554
139 555
139 557
141 144
142 146
142 151
142 152
143 144
143 151
143 152
143 154
143 156
143 159
143 162
144 152
146 162
146 237
146 376
148 154
149 165
149 200
149 514
150 895
151 161
151 162
151 607
151 895
152 153
152 156
152 158
152 159
152 160
152 161
152 162
152 236
152 237
152 653
153 159
154 162
156 166
158 162
158 895
159 161
160 162
161 162
162 230
162 235
162 236
162 237
162 238
163 165
164 169
165 170
165 171
165 172
169 284
169 285
169 286
169 380
170 565
170 610
170 776
171 195
171 209
171 210
171 211
171 216
171 285
171 516
171 517
171 518
171 565
172 192
172 200
172 208
172 222
172 609
172 614
175 176
176 179
176 180
176 181
176 182
179 235
181 230
182 209
182 327
182 401
182 487
182 493
182 497
182 567
182 570
182 571
182 572
182 573
182 574
182 575
182 576
182 577
182 578
182 579
182 580
182 581
182 582
182 583
186 202
187 971
190 191
190 192
191 193
192 195
192 200
192 201
192 202
192 203
192 204
192 205
192 206
192 207
192 208
192 209
192 210
192 211
192 212
192 213
193 211
193 229
194 319
194 616
194 640
195 200
195 204
195 207
195 208
195 222
195 228
195 229
195 485
195 491
195 501
195 504
195 509
195 511
195 514
196 207
197 512
197 776
198 209
198 498
198 519
199 211
199 217
199 501
199 509
199 776
200 201
201 207
201 208
201 209
201 222
201 228
201 501
201 776
202 518
203 210
203 216
204 987
205 223
206 211
206 512
207 210
207 465
208 228
208 498
208 504
209 222
209 229
209 518
209 610
209 776
210 511
211 609
212 741
213 315
213 319
213 583
213 605
213 607
213 616
213 617
213 619
213 621
213 623
213 628
213 635
213 636
213 637
213 638
213 639
213 640
213 641
213 642
213 645
213 646
213 648
216 222
217 228
217 229
222 511
222 518
222 870
228 488
229 512
229 514
229 693
229 836
230 231
236 610
238 284
238 286
238 339
238 359
238 379
238 396
264 281
281 283
281 284
281 285
281 286
283 285
283 286
283 344
283 356
283 382
283 400
283 971
284 285
284 286
284 338
284 366
284 367
284 371
284 376
284 377
284 378
284 380
284 397
284 400
284 741
284 883
284 995
285 319
285 336
285 339
285 344
285 348
285 356
285 362
285 366
285 367
285 371
285 373
285 377
286 337
286 344
286 348
286 356
286 362
286 367
286 373
286 377
286 396
286 397
286 399
300 879
302 304
303 304
304 305
304 306
304 307
307 424
307 430
307 438
307 465
307 466
307 681
307 779
313 315
315 319
319 583
319 607
319 615
319 616
319 617
319 618
319 619
319 620
319 621
319 622
319 623
319 624
322 323
323 325
323 326
323 327
327 579
327 580
327 847
327 849
327 850
329 989
334 336
334 337
336 381
336 382
337 338
337 368
337 371
337 375
337 963
338 377
339 379
343 366
348 377
349 373
358 659
359 396
362 371
362 994
363 377
366 387
367 382
367 523
368 995
371 383
373 374
375 963
377 378
377 380
377 400
377 878
379 397
380 995
381 397
384 396
392 869
397 967
399 523
399 526
399 528
399 729
400 963
401 487
401 495
401 570
401 577
401 583
401 655
401 812
401 900
405 950
424 430
424 438
424 465
430 778
438 441
441 465
451 681
454 681
465 466
475 646
475 681
485 486
485 487
486 491
487 493
487 494
487 495
487 496
487 497
490 565
491 776
491 972
494 811
495 847
496 899
496 942
497 569
497 577
497 583
497 700
499 614
504 513
506 514
508 836
509 517
511 784
514 609
515 659
516 610
517 776
518 609
518 610
520 521
520 522
520 523
523 526
523 528
523 529
523 530
523 531
523 532
523 533
523 534
523 535
525 551
526 535
527 535
528 535
528 557
529 530
529 535
529 554
532 535
533 555
535 538
535 550
535 551
535 552
535 553
535 554
535 555
535 556
535 557
537 574
537 700
550 728
555 584
557 730
560 565
561 566
566 875
566 883
567 568
568 570
569 583
569 809
569 894
571 574
571 693
572 942
572 969
573 583
574 705
575 578
576 806
577 654
577 657
577 658
577 659
578 579
578 582
578 813
578 900
578 989
578 990
579 900
580 583
580 776
581 583
581 812
582 583
582 812
582 992
583 655
583 657
583 695
583 700
583 705
583 806
583 809
583 810
583 811
583 812
583 813
588 642
589 645
593 653
597 653
603 605
605 607
607 620
607 624
607 639
607 640
607 641
607 648
607 660
614 775
614 776
615 618
615 943
617 632
618 648
619 624
620 621
621 622
621 638
622 638
622 641
622 642
622 645
623 628
623 636
623 637
623 642
623 645
623 646
623 649
623 654
623 660
624 637
624 641
624 648
626 646
627 628
627 639
630 635
632 648
635 648
636 649
638 959
639 718
640 644
643 646
645 943
650 653
654 655
655 656
656 812
656 900
658 705
658 813
659 835
659 911
692 693
695 700
700 849
700 942
700 990
700 992
705 811
733 741
735 741
779 924
779 925
800 950
806 807
810 938
811 848
835 911
848 900
850 992
872 873
872 874
872 875
873 876
874 875
874 876
874 879
874 880
874 881
874 882
874 883
875 876
875 880
875 883
875 885
875 886
877 882
877 885
878 883
879 983
880 889
881 883
882 885
882 886
882 889
882 950
884 989
886 889
900 934
900 938
911 912
934 935
934 936
947 971
982 992
