3 27
9 364
16 27
17 27
22 946
27 200
29 115
31 36
31 37
32 36
32 37
32 38
32 39
33 36
33 37
33 44
33 47
33 48
33 49
34 49
35 37
35 48
36 37
36 41
36 42
36 43
36 46
36 614
37 38
37 41
37 42
37 43
37 44
37 47
37 48
37 49
37 285
37 593
38 46
39 189
39 998
41 373
42 48
42 870
43 44
43 870
45 567
45 569
47 828
49 871
52 59
53 113
53 115
53 137
59 213
59 319
96 190
96 197
96 198
96 199
96 200
101 493
103 619
113 283
113 285
115 188
126 205
126 216
130 216
130 836
137 487
137 583
137 810
137 848
137 899
137 985
138 284
138 285
138 363
138 381
138 382
138 400
142 151
143 151
149 200
149 514
151 161
151 162
151 607
151 895
162 230
169 284
169 285
170 610
170 776
171 209
171 210
171 216
171 285
172 192
172 200
172 208
172 210
172 221
172 222
175 176
175 178
176 179
176 180
176 181
176 182
178 180
178 181
178 185
178 186
178 187
178 188
178 189
179 189
180 473
181 189
181 230
181 231
182 209
182 327
182 401
182 487
182 493
182 497
182 567
182 570
182 571
182 572
182 573
182 574
182 575
182 576
182 577
182 578
182 579
182 580
182 581
182 582
182 583
185 189
185 231
185 234
186 202
186 234
187 189
187 947
188 424
188 455
188 470
188 471
188 473
188 475
188 676
188 682
188 684
188 958
189 231
189 232
189 381
189 945
189 946
189 947
190 191
190 192
191 193
192 195
192 200
192 201
192 202
192 203
192 204
192 205
192 206
192 207
192 208
192 209
192 210
192 211
192 212
192 213
193 211
193 229
194 319
194 616
194 640
195 200
195 204
195 208
195 216
195 221
195 222
195 228
195 229
195 351
195 491
195 513
195 514
197 512
197 776
198 209
198 498
198 519
199 211
199 217
199 501
199 509
199 776
200 201
201 208
201 209
201 222
201 227
201 228
201 776
202 518
203 210
203 216
204 987
205 223
206 211
206 512
207 210
208 228
208 498
208 504
209 222
209 229
209 518
209 610
209 776
210 217
210 227
210 511
210 513
210 620
211 949
212 741
212 743
213 315
213 319
213 583
213 605
213 607
213 616
213 617
213 618
213 619
213 621
213 623
213 628
213 637
213 639
213 640
213 641
213 642
213 645
213 646
213 649
214 215
214 216
214 217
216 221
216 222
217 227
217 228
217 229
222 511
222 518
222 870
224 949
227 517
228 488
229 512
229 514
229 693
229 836
230 231
231 232
231 233
231 234
233 244
233 286
233 993
233 997
234 921
234 960
236 610
238 284
238 339
238 359
243 945
246 813
279 585
279 593
281 284
281 285
283 285
283 344
283 356
283 382
283 400
284 285
284 286
284 338
284 366
284 367
284 371
284 376
284 377
284 378
284 380
284 397
284 400
284 741
284 883
284 995
285 286
285 319
285 333
285 335
285 336
285 338
285 339
285 340
285 341
285 342
285 343
285 344
285 345
285 346
285 347
285 348
285 349
285 350
285 351
285 352
285 353
285 354
285 355
285 356
285 357
285 358
285 359
285 360
285 361
285 362
285 363
285 364
285 365
285 366
285 367
285 368
285 369
285 370
285 371
285 372
285 373
285 374
285 375
285 376
285 377
285 378
285 379
285 380
285 381
285 382
286 333
286 340
286 341
286 342
286 343
286 344
286 345
286 347
286 348
286 352
286 353
286 354
286 355
286 356
286 357
286 359
286 360
286 362
286 368
286 373
286 381
286 382
286 394
286 398
286 400
313 315
315 319
319 583
319 607
319 615
319 616
319 617
319 618
319 619
319 620
319 621
319 622
319 623
319 624
322 323
323 325
323 326
323 327
327 579
327 580
327 847
327 849
327 850
333 334
334 335
335 370
336 381
336 382
337 368
338 341
338 382
338 398
339 379
340 710
342 361
343 366
345 962
346 349
346 716
347 378
348 377
349 373
350 381
351 388
352 389
353 665
354 376
355 375
357 380
358 659
358 835
358 910
359 396
360 379
360 385
362 371
362 994
363 377
363 395
364 764
364 967
365 382
365 398
367 382
368 475
368 995
369 381
370 381
370 382
372 787
372 789
372 790
372 791
373 374
374 381
376 382
377 400
378 382
378 394
380 382
381 394
381 397
382 395
382 398
382 743
389 398
394 581
398 518
400 963
401 570
401 583
401 655
401 812
424 429
424 440
424 447
424 452
424 455
424 462
424 468
424 469
424 470
424 471
424 473
424 474
429 473
429 475
437 958
440 450
440 470
443 474
443 958
445 682
447 472
447 473
448 468
448 682
450 469
452 471
452 739
452 778
453 462
455 461
455 475
458 468
459 474
459 678
461 470
462 473
462 677
462 680
464 469
464 721
468 474
468 924
468 953
469 471
469 472
469 686
470 475
470 677
470 962
471 474
471 475
471 684
472 473
472 676
473 678
473 679
474 475
474 721
474 778
474 924
474 949
475 646
475 678
475 679
475 682
486 491
487 493
491 776
491 972
494 811
495 847
496 899
497 569
497 583
497 700
497 985
503 513
504 513
506 514
508 836
514 609
516 610
517 776
518 610
533 657
537 574
537 700
566 883
567 568
568 570
569 583
569 809
569 894
571 574
571 693
572 942
572 969
573 583
574 705
575 578
575 582
575 848
576 806
577 657
578 813
578 990
579 899
580 583
580 776
581 583
581 812
581 990
582 583
582 812
582 985
582 992
583 655
583 657
583 695
583 700
583 705
583 806
583 809
583 810
583 811
583 812
583 813
585 586
585 587
586 587
586 588
586 589
586 590
586 591
586 592
586 593
587 591
587 593
587 600
588 642
589 645
590 822
590 983
591 598
592 598
592 601
592 602
593 598
593 600
593 653
598 600
603 605
605 607
606 945
607 620
607 624
607 639
607 640
607 641
607 648
607 660
614 776
615 618
617 632
618 648
619 624
620 621
621 622
621 638
622 641
622 642
622 645
623 628
623 636
623 637
623 642
623 645
623 646
623 649
623 654
623 660
624 637
624 641
625 649
626 646
627 628
627 639
636 649
639 718
640 644
643 646
643 649
645 943
649 867
654 655
655 656
656 812
658 813
676 924
677 958
679 975
682 778
692 693
695 700
696 847
700 849
700 942
700 990
700 992
705 811
721 972
733 741
735 741
742 743
806 807
811 848
813 894
850 992
874 883
875 883
878 883
881 883
946 960
947 971
947 998
982 992
