0 1
0 2
0 3
1 3
1 4
1 7
1 8
1 10
1 12
1 13
1 17
2 3
2 10
2 12
2 13
2 17
2 20
2 21
2 22
3 4
3 7
3 10
3 11
3 13
3 14
3 15
3 16
3 17
3 20
3 21
3 22
3 25
3 26
3 27
3 28
3 29
4 11
7 19
8 16
8 17
8 426
9 364
10 53
10 536
12 16
12 17
12 23
13 15
13 26
13 604
14 17
14 20
14 21
15 17
15 25
15 425
16 17
16 425
17 23
17 27
17 220
17 425
17 587
22 946
24 29
24 80
24 95
24 112
24 127
24 129
24 131
24 132
24 134
24 309
25 424
27 200
28 29
28 99
29 33
29 51
29 52
29 53
29 54
29 72
29 75
29 76
29 77
29 78
29 79
29 80
29 82
29 83
29 95
29 99
29 100
29 101
29 102
29 103
29 105
29 106
29 108
29 111
29 112
29 115
29 117
29 120
29 127
29 129
29 131
29 132
29 134
29 309
29 310
29 311
29 312
30 31
30 32
30 33
31 33
31 37
32 33
32 37
33 35
33 36
33 37
33 41
33 42
33 43
33 44
33 45
33 46
33 47
33 48
33 49
35 37
36 37
36 46
37 38
37 41
37 42
37 43
37 44
37 47
37 48
37 49
37 285
37 593
38 46
41 373
45 569
50 51
51 52
51 53
51 54
52 59
52 62
52 72
52 75
52 76
52 77
52 78
52 79
52 80
52 82
52 83
52 89
52 95
52 99
52 101
53 62
53 72
53 75
53 76
53 77
53 78
53 79
53 80
53 82
53 83
53 89
53 95
53 99
53 101
53 105
53 106
53 110
53 111
53 112
53 113
53 115
53 120
53 127
53 129
53 131
53 132
53 134
54 83
54 95
54 99
54 101
54 106
54 120
54 127
59 213
59 319
62 99
68 134
74 897
79 100
82 117
85 99
85 101
89 101
89 135
91 95
93 105
93 309
95 104
96 171
96 200
97 99
97 132
99 104
99 125
99 135
99 834
100 101
101 103
101 108
101 110
101 493
101 666
102 111
103 619
104 310
109 310
110 518
113 283
113 285
115 188
125 211
126 211
126 216
129 139
130 216
131 541
134 184
137 583
137 810
138 285
138 363
138 381
142 151
143 151
145 935
149 200
151 161
151 162
151 607
151 895
157 329
165 171
165 172
169 285
169 380
170 565
170 776
171 195
171 209
171 210
171 211
171 216
171 285
171 516
171 517
171 518
171 565
172 192
172 195
172 200
172 208
172 210
172 211
172 217
172 221
172 222
172 516
172 518
172 609
172 612
172 613
172 614
182 327
182 493
182 573
182 580
182 583
189 381
191 193
192 200
192 206
192 208
192 211
193 211
193 229
194 319
194 616
194 640
195 200
195 208
195 216
195 217
195 226
195 351
197 776
199 211
199 217
199 776
200 201
201 208
201 211
201 227
201 776
201 777
203 216
205 223
206 211
206 512
208 228
208 498
208 504
209 776
210 217
210 227
211 518
211 609
211 777
211 949
212 311
213 315
213 319
213 583
213 605
213 607
213 616
213 617
213 619
213 623
213 628
213 636
213 637
213 639
213 640
213 646
213 648
214 216
214 217
215 220
216 221
216 222
217 223
217 224
217 225
217 226
217 227
217 228
217 229
220 407
220 521
220 689
220 715
220 716
220 901
223 948
224 949
225 767
225 774
226 507
226 974
227 517
238 339
238 359
240 914
246 813
264 281
279 593
280 312
281 283
281 284
281 285
281 286
283 285
283 344
283 356
284 285
284 367
284 371
284 380
284 397
285 286
285 319
285 333
285 335
285 336
285 338
285 339
285 340
285 341
285 342
285 343
285 344
285 345
285 346
285 347
285 348
285 349
285 350
285 351
285 352
285 353
285 354
285 355
285 356
285 357
285 358
285 359
285 360
285 361
285 362
285 363
285 364
285 365
285 366
285 367
285 368
285 369
285 370
285 371
285 372
285 373
285 374
285 375
285 376
285 377
285 378
285 379
285 380
285 381
285 382
286 333
286 340
286 341
286 342
286 343
286 344
286 345
286 347
286 348
286 352
286 353
286 354
286 355
286 356
286 359
286 360
286 367
286 368
286 373
286 380
286 381
286 393
286 394
286 397
311 749
311 818
312 766
312 773
312 966
313 315
315 319
319 583
319 607
319 615
319 616
319 617
319 618
319 619
319 620
319 621
319 622
319 623
319 624
322 323
323 325
323 326
323 327
324 331
326 329
326 908
326 914
326 915
327 579
327 580
327 847
327 849
327 850
329 989
331 662
331 915
332 914
333 334
334 335
335 370
336 381
337 368
337 371
338 341
339 379
340 710
342 361
343 366
345 962
346 349
346 716
347 378
348 377
349 373
350 381
351 388
352 389
353 665
354 376
355 375
357 380
358 659
358 835
358 910
359 396
360 379
360 385
361 807
362 371
363 377
363 395
364 764
364 967
365 382
365 398
365 410
367 382
367 523
368 475
368 995
369 381
370 381
371 383
372 787
372 789
372 790
372 791
373 374
374 381
377 380
378 380
378 394
379 397
380 382
380 393
380 579
380 995
381 394
381 397
393 795
394 581
397 967
401 583
401 655
401 812
444 986
474 949
475 646
487 493
490 565
491 776
494 986
495 847
497 569
497 583
497 700
506 612
507 777
517 776
533 657
537 700
560 565
569 583
569 809
569 894
573 581
573 583
574 705
577 657
578 813
579 580
580 583
580 698
580 776
580 807
580 849
580 897
580 935
580 986
581 583
581 812
581 897
582 583
582 812
583 655
583 657
583 695
583 700
583 705
583 806
583 809
583 810
583 811
583 812
583 813
586 593
587 593
593 598
593 600
593 653
603 605
605 607
607 620
607 624
607 639
607 640
607 641
607 648
607 660
608 612
613 666
613 670
613 672
613 674
614 776
615 618
615 943
617 632
618 648
619 624
621 622
622 626
622 633
622 638
622 641
622 642
622 645
623 628
623 636
623 637
623 642
623 645
623 646
623 649
623 654
623 660
624 637
624 648
626 646
627 628
627 639
632 648
635 648
636 649
639 718
640 644
643 646
654 655
655 656
656 812
658 705
658 813
695 698
695 700
696 847
697 698
700 849
700 942
700 990
700 992
705 811
705 941
806 807
810 938
813 894
831 834
834 835
834 913
896 897
908 915
934 935
