0 1
0 2
0 3
1 3
1 4
1 7
1 10
1 13
1 14
2 3
2 10
2 13
2 22
3 4
3 7
3 10
3 11
3 13
3 14
3 15
3 16
3 17
3 20
3 21
3 22
3 25
3 26
3 27
3 28
3 29
4 11
7 19
9 364
10 53
10 536
13 15
13 26
13 604
14 16
14 17
14 20
14 21
15 25
16 27
17 27
19 536
22 946
24 29
24 80
24 91
24 95
24 103
24 112
24 127
24 129
24 131
24 132
24 133
24 134
24 309
25 424
27 200
28 29
28 99
28 103
29 33
29 51
29 52
29 53
29 54
29 72
29 75
29 76
29 77
29 78
29 79
29 80
29 82
29 83
29 95
29 99
29 100
29 101
29 102
29 103
29 105
29 106
29 108
29 111
29 112
29 115
29 117
29 120
29 127
29 129
29 131
29 132
29 134
29 309
29 310
29 311
29 312
30 32
30 33
31 32
31 33
32 33
32 35
32 36
32 37
32 38
32 39
32 40
32 41
32 42
32 43
33 35
33 36
33 37
33 41
33 42
33 43
33 44
33 45
33 46
33 47
33 48
33 49
34 49
35 48
36 46
37 44
37 47
37 48
37 49
38 46
39 189
39 998
40 391
40 467
40 930
40 994
42 48
43 44
45 567
45 569
47 828
49 871
50 51
50 52
50 53
51 52
51 53
51 54
52 62
52 68
52 72
52 75
52 76
52 77
52 78
52 79
52 80
52 81
52 83
52 86
52 89
52 91
52 95
52 99
52 103
53 62
53 68
53 72
53 75
53 76
53 77
53 78
53 79
53 80
53 81
53 83
53 86
53 89
53 91
53 95
53 99
53 103
53 105
53 106
53 108
53 110
53 111
53 112
53 115
53 117
53 120
53 121
53 123
53 124
53 125
53 127
53 129
53 131
53 132
53 133
53 134
53 135
54 83
54 95
54 99
54 103
54 106
54 120
54 127
62 99
68 134
79 100
81 103
81 497
82 117
85 99
85 133
86 102
86 103
88 890
89 101
89 135
91 95
91 668
93 105
93 309
95 104
96 195
96 200
97 99
97 132
98 764
98 773
99 104
99 125
99 135
99 834
100 103
100 133
101 103
101 108
101 110
102 111
103 123
103 133
103 619
103 819
104 310
109 310
110 518
115 188
121 135
121 702
123 770
124 143
124 162
125 211
129 139
131 541
134 184
135 891
140 141
140 142
140 143
141 143
141 144
141 145
142 143
142 145
143 144
143 145
143 147
143 148
143 150
143 151
143 152
143 153
143 154
143 155
143 156
143 157
143 158
143 159
143 160
143 161
143 162
144 152
145 150
145 935
147 161
148 154
148 161
149 200
149 608
151 161
152 153
152 156
152 158
152 161
153 159
154 162
155 258
155 277
156 166
157 322
157 328
157 329
158 162
158 895
159 161
160 161
161 162
161 195
170 492
171 195
171 209
171 518
172 195
172 200
172 221
172 518
172 609
177 184
181 242
182 209
182 567
184 960
186 202
190 191
191 193
191 194
191 195
192 195
192 200
192 202
192 204
192 207
192 209
195 200
195 201
195 204
195 207
195 208
195 216
195 217
195 221
195 222
195 224
195 226
195 228
195 229
195 351
195 424
195 485
195 486
195 489
195 490
195 491
195 492
195 498
195 499
195 500
195 501
195 502
195 503
195 504
195 505
195 506
195 507
195 508
195 509
195 510
195 511
195 512
195 513
195 514
195 515
195 516
195 517
195 518
196 207
197 512
198 209
198 498
199 501
199 509
200 201
201 207
201 209
201 228
201 489
201 499
201 501
201 505
202 518
204 987
206 512
207 210
207 465
208 228
208 498
209 222
209 229
209 518
209 610
209 776
210 511
210 513
211 518
211 609
212 311
212 731
212 733
212 739
212 741
212 744
212 747
213 619
216 221
217 224
217 228
222 511
222 518
224 949
226 507
226 974
228 488
229 512
240 662
242 701
242 966
270 374
280 312
280 763
280 766
280 768
280 772
280 773
284 338
284 377
284 741
285 338
285 341
285 351
285 364
285 365
285 374
285 377
286 337
286 338
286 341
286 374
286 377
286 389
286 392
286 398
311 749
311 818
312 766
312 773
312 966
318 662
319 619
320 338
324 332
325 907
326 908
326 915
328 332
331 662
331 915
332 908
332 914
334 337
334 338
337 338
337 368
337 371
337 375
337 963
338 341
338 374
338 377
338 382
338 392
338 398
348 377
351 388
352 389
362 994
363 377
364 764
364 967
365 382
365 398
365 410
369 490
373 374
374 381
377 378
377 380
377 400
377 878
382 398
389 398
391 932
392 869
398 518
423 764
423 772
423 773
423 966
424 467
446 768
452 739
463 500
467 925
467 929
467 931
467 956
485 486
485 487
486 489
486 490
486 491
486 492
488 518
490 565
491 776
491 972
492 516
499 614
500 519
502 846
503 513
504 513
505 508
506 514
506 612
507 777
509 517
510 691
510 987
511 784
514 609
515 659
515 752
515 832
515 833
515 913
516 518
518 608
518 609
518 610
536 537
567 568
603 604
604 606
608 612
619 624
624 868
662 908
664 668
665 668
667 668
672 890
685 862
699 846
727 846
731 732
731 733
732 736
732 737
733 737
733 739
733 740
733 741
733 742
734 744
735 741
736 818
736 819
737 740
737 742
737 744
737 819
740 819
742 819
747 817
747 819
761 763
762 763
763 764
764 768
764 772
764 908
764 964
764 966
765 964
766 967
769 862
771 864
772 862
772 864
773 970
802 964
817 819
818 819
825 907
831 834
834 835
834 913
846 932
864 866
864 965
868 891
868 893
884 974
890 891
891 892
891 893
892 893
907 908
908 915
908 974
925 928
925 929
925 932
926 954
926 955
927 928
928 932
928 993
929 933
929 993
930 954
930 956
931 955
932 933
932 956
933 956
933 994
954 956
955 956
966 970
973 974
