3 28
24 91
24 93
24 95
24 103
24 104
24 136
28 29
28 52
28 53
28 97
28 99
28 103
29 95
29 99
29 103
29 310
52 62
52 71
52 81
52 85
52 86
52 91
52 93
52 95
52 99
52 103
52 104
53 62
53 71
53 81
53 86
53 91
53 93
53 95
53 99
53 103
53 104
53 107
53 118
53 123
53 125
53 135
53 136
54 95
54 99
54 103
54 104
54 136
62 99
71 104
81 103
81 497
85 99
85 101
85 133
86 102
86 103
89 135
91 95
91 668
93 104
93 105
93 309
95 104
97 99
99 104
99 125
99 135
99 834
100 103
100 118
101 103
102 104
102 107
102 136
103 123
103 133
103 619
103 819
104 107
104 118
104 136
104 310
104 713
109 310
121 135
123 770
125 211
135 891
213 619
219 713
311 818
319 619
524 713
619 624
713 716
713 717
713 968
714 717
717 906
732 737
733 737
736 818
736 819
737 740
737 742
737 744
737 819
738 818
740 819
742 818
742 819
747 819
753 818
816 818
817 819
818 819
831 834
834 835
834 913
