52 96
61 503
96 171
96 190
96 195
96 196
96 197
96 198
96 199
96 200
96 201
126 216
130 216
161 195
165 172
171 195
171 216
172 192
172 195
172 200
172 208
172 210
172 211
172 217
172 221
172 222
172 516
172 518
172 609
172 612
172 613
172 614
191 195
192 195
192 207
195 200
195 201
195 204
195 207
195 208
195 216
195 217
195 221
195 222
195 224
195 226
195 228
195 229
195 351
195 424
195 485
195 486
195 489
195 490
195 491
195 492
195 498
195 499
195 500
195 501
195 502
195 503
195 504
195 505
195 506
195 507
195 508
195 509
195 510
195 511
195 512
195 513
195 514
195 515
195 516
195 517
195 518
196 207
198 498
199 501
201 207
201 228
201 501
203 216
207 210
207 465
208 228
208 498
214 216
216 221
216 222
217 224
217 228
224 949
226 507
228 488
302 303
302 304
302 305
303 304
304 305
304 306
304 307
305 306
306 308
307 424
307 430
307 438
307 465
307 466
307 681
307 779
424 430
424 438
424 465
430 778
438 441
441 465
451 681
454 681
465 466
475 681
486 491
491 776
491 972
502 699
502 846
503 513
505 508
506 514
506 612
507 777
508 836
779 924
779 925
