45 567
74 897
96 195
96 201
137 487
161 195
170 201
171 195
171 209
172 195
175 176
176 179
176 180
176 181
176 182
182 209
182 327
182 401
182 487
182 493
182 497
182 567
182 570
182 571
182 572
182 573
182 574
182 575
182 576
182 577
182 578
182 579
182 580
182 581
182 582
182 583
191 195
192 195
192 201
192 209
195 200
195 201
195 204
195 207
195 208
195 216
195 217
195 221
195 222
195 224
195 226
195 228
195 229
195 351
195 424
195 485
195 486
195 489
195 490
195 491
195 492
195 498
195 499
195 500
195 501
195 502
195 503
195 504
195 505
195 506
195 507
195 508
195 509
195 510
195 511
195 512
195 513
195 514
195 515
195 516
195 517
195 518
198 209
200 201
201 207
201 208
201 209
201 211
201 222
201 227
201 228
201 254
201 489
201 499
201 501
201 505
201 776
201 777
209 222
209 229
209 518
209 610
209 776
246 898
286 394
327 579
378 394
380 579
381 394
394 581
401 487
401 570
401 577
401 812
485 487
487 493
487 494
487 495
487 496
487 497
497 577
497 581
537 574
537 694
567 568
568 570
569 894
571 574
572 942
572 969
573 581
574 705
575 578
575 582
575 848
576 697
576 806
576 808
577 654
577 657
577 658
577 659
578 579
578 990
579 580
579 582
579 896
579 899
579 900
580 897
581 582
581 583
581 694
581 812
581 894
581 897
581 898
581 990
582 812
583 812
656 812
692 694
694 696
700 990
813 894
894 969
896 897
898 940
