52 90
53 90
54 90
59 213
90 102
90 523
103 619
139 523
139 526
139 527
139 528
139 529
139 533
139 552
139 554
139 584
192 213
194 640
194 647
213 282
213 315
213 319
213 529
213 583
213 605
213 607
213 616
213 617
213 618
213 619
213 621
213 623
213 624
213 625
213 626
213 627
213 628
213 629
213 630
213 631
213 632
213 633
213 634
213 635
213 636
213 637
213 638
213 639
213 640
213 641
213 642
213 643
213 644
213 645
213 646
213 647
213 648
213 649
258 265
265 282
265 527
284 367
285 367
286 367
319 619
319 621
367 382
367 523
399 523
399 526
399 528
520 521
520 522
520 523
522 526
522 527
522 528
522 529
523 526
523 528
523 529
523 530
523 531
523 532
523 533
523 534
523 535
526 535
526 728
527 528
527 535
527 552
527 584
528 535
528 557
528 730
529 530
529 531
529 532
529 534
529 535
529 554
533 555
533 657
534 584
535 552
535 554
555 584
588 642
589 645
603 605
605 607
607 640
607 641
607 648
618 648
619 624
620 621
621 622
621 638
622 641
622 642
622 645
623 636
623 642
623 645
624 641
624 648
629 647
630 647
632 648
635 648
636 649
640 644
644 647
645 943
647 867
