0 2
1 2
2 3
2 5
2 6
2 10
2 12
2 13
2 15
2 16
2 17
2 18
2 19
2 20
2 21
2 22
2 23
2 24
24 29
24 52
24 53
24 54
24 55
24 57
24 58
24 63
24 64
24 66
24 69
24 73
24 80
24 87
24 91
24 92
24 93
24 95
24 97
24 100
24 102
24 103
24 104
24 112
24 114
24 119
24 127
24 128
24 129
24 131
24 132
24 133
24 134
24 136
24 309
24 402
24 403
24 404
24 405
28 97
28 103
29 103
29 112
29 127
29 129
29 131
29 309
52 58
52 66
52 73
52 87
52 91
52 92
52 97
52 103
52 104
53 58
53 66
53 73
53 87
53 91
53 92
53 97
53 103
53 104
53 112
53 114
53 127
53 129
53 131
54 92
54 97
54 103
54 104
54 114
54 127
71 104
81 103
86 103
87 350
91 95
91 668
92 375
93 104
93 309
95 104
97 99
97 100
97 102
97 132
97 624
99 104
100 103
101 103
102 104
103 123
103 133
103 619
103 819
104 107
104 118
104 136
104 310
104 713
129 139
131 541
215 219
219 713
219 716
219 903
252 403
301 404
403 781
403 783
404 826
404 919
404 922
405 418
405 795
405 797
405 801
405 802
405 803
405 950
405 951
405 952
405 953
524 713
713 716
713 717
713 968
