45 567
52 96
81 497
96 171
96 190
96 195
96 196
96 197
96 198
96 199
96 200
96 201
101 493
165 170
170 201
170 492
170 517
170 565
170 610
170 776
171 209
172 208
176 182
182 209
182 327
182 401
182 487
182 493
182 497
182 567
182 570
182 571
182 572
182 573
182 574
182 575
182 576
182 577
182 578
182 579
182 580
182 581
182 582
182 583
190 191
190 192
192 201
192 207
192 208
192 209
195 201
195 207
195 208
195 489
195 499
195 501
195 505
195 508
196 207
198 209
199 501
200 201
201 207
201 208
201 209
201 211
201 222
201 227
201 228
201 254
201 489
201 499
201 501
201 505
201 776
201 777
207 210
207 465
208 228
208 498
208 504
209 222
209 229
209 518
209 610
209 776
210 227
211 777
217 227
227 517
250 254
251 254
297 582
327 580
401 497
401 582
486 489
487 493
487 497
497 569
497 577
497 581
497 583
497 700
497 750
497 808
497 848
497 936
497 985
499 614
505 508
507 777
508 836
537 574
567 568
571 574
574 705
575 582
576 697
576 806
576 808
578 582
579 580
579 582
580 583
580 698
580 776
580 807
580 849
580 897
580 935
580 986
581 582
582 583
582 643
582 812
582 940
582 941
582 985
582 992
