9 364
24 97
28 97
31 37
32 37
33 37
35 37
36 37
37 38
37 41
37 42
37 43
37 44
37 47
37 48
37 49
37 285
37 593
52 59
52 97
53 97
53 113
54 97
59 213
59 319
96 171
97 99
97 100
97 102
97 132
97 624
113 283
113 285
138 285
138 381
138 382
164 169
165 171
169 284
169 285
169 286
169 380
171 195
171 209
171 210
171 211
171 216
171 285
171 516
171 517
171 518
171 565
189 381
194 319
194 616
195 351
213 315
213 319
213 616
213 623
213 624
213 630
213 632
213 635
213 641
213 648
238 339
238 359
264 281
281 283
281 284
281 285
281 286
283 285
283 344
283 356
283 382
284 285
284 366
284 371
284 377
285 286
285 319
285 333
285 335
285 336
285 338
285 339
285 340
285 341
285 342
285 343
285 344
285 345
285 346
285 347
285 348
285 349
285 350
285 351
285 352
285 353
285 354
285 355
285 356
285 357
285 358
285 359
285 360
285 361
285 362
285 363
285 364
285 365
285 366
285 367
285 368
285 369
285 370
285 371
285 372
285 373
285 374
285 375
285 376
285 377
285 378
285 379
285 380
285 381
285 382
286 333
286 340
286 341
286 342
286 344
286 345
286 347
286 352
286 353
286 354
286 355
286 356
286 357
286 359
286 360
286 368
286 377
286 381
286 382
313 315
315 319
319 583
319 607
319 615
319 616
319 617
319 618
319 619
319 620
319 621
319 622
319 623
319 624
333 334
334 335
335 370
336 381
336 382
337 368
337 371
338 341
338 377
338 382
339 379
340 710
342 361
343 366
345 962
346 349
347 378
348 377
349 373
350 381
351 388
352 389
353 665
354 376
355 375
357 380
358 659
358 835
358 910
359 396
360 379
360 385
362 371
363 377
364 764
364 967
365 382
366 387
367 382
368 475
368 995
369 381
370 381
370 382
371 383
372 787
372 789
372 790
372 791
374 381
376 382
377 378
377 380
377 400
377 878
378 382
380 382
381 394
381 397
382 395
382 398
382 743
607 624
607 641
607 648
615 618
615 943
617 632
618 648
619 624
620 624
622 641
623 628
623 636
623 637
623 642
623 645
623 646
623 649
623 654
623 660
624 625
624 637
624 641
624 644
624 648
624 867
624 868
630 635
630 647
632 648
635 648
