40 391
41 373
42 388
138 286
138 400
139 399
169 286
169 380
182 401
187 701
231 233
233 244
233 286
233 993
233 997
238 286
238 359
242 701
245 997
281 286
283 286
283 344
283 356
283 400
284 286
284 338
284 367
284 380
284 400
285 286
285 333
285 338
285 340
285 344
285 345
285 347
285 348
285 354
285 355
285 356
285 359
285 361
285 362
285 367
285 369
285 373
285 380
286 290
286 333
286 334
286 337
286 338
286 340
286 341
286 342
286 343
286 344
286 345
286 347
286 348
286 352
286 353
286 354
286 355
286 356
286 357
286 359
286 360
286 361
286 362
286 367
286 368
286 369
286 373
286 374
286 377
286 378
286 379
286 380
286 381
286 382
286 383
286 384
286 385
286 386
286 387
286 388
286 389
286 390
286 391
286 392
286 393
286 394
286 395
286 396
286 397
286 398
286 399
286 400
286 401
287 290
290 291
290 292
290 296
290 297
290 298
290 299
290 300
290 301
298 411
320 338
333 334
334 338
337 338
338 341
338 374
338 377
338 382
338 392
338 398
340 710
342 361
345 962
347 378
348 377
349 373
351 388
352 389
354 376
355 375
357 380
359 396
360 385
361 807
362 371
362 994
363 395
367 382
367 523
369 381
369 386
369 490
371 383
373 374
377 380
377 400
378 380
378 394
379 383
379 384
380 382
380 393
380 579
380 995
381 394
382 395
384 396
385 674
387 408
389 398
391 932
394 581
395 687
399 523
399 526
399 528
399 729
400 963
401 487
401 495
401 497
401 568
401 570
401 577
401 582
401 583
401 655
401 812
401 824
401 848
401 900
401 939
401 942
405 418
405 797
405 801
405 802
405 803
405 951
408 409
408 410
409 410
409 411
409 412
409 413
409 414
409 415
409 416
409 417
409 418
409 419
409 420
410 413
410 419
410 421
411 416
412 419
413 415
413 420
414 419
416 419
417 419
418 798
418 801
418 802
418 805
418 996
419 420
419 421
421 712
686 701
701 997
764 964
765 964
794 795
794 796
794 797
795 797
796 800
796 801
796 802
797 802
797 803
797 804
797 805
798 802
799 803
800 802
800 950
801 953
801 996
802 951
802 964
802 996
802 997
804 948
804 953
804 996
951 952
