27 200
36 614
45 567
53 125
53 126
74 897
96 198
96 199
96 200
99 125
125 211
126 205
126 211
126 216
137 487
137 985
145 935
149 165
149 200
149 608
163 165
165 170
165 171
165 172
171 209
171 210
171 211
171 516
172 192
172 195
172 200
172 208
172 210
172 211
172 217
172 221
172 222
172 516
172 518
172 609
172 612
172 613
172 614
175 176
176 179
176 180
176 181
176 182
182 209
182 327
182 401
182 487
182 493
182 497
182 567
182 570
182 571
182 572
182 573
182 574
182 575
182 576
182 577
182 578
182 579
182 580
182 581
182 582
182 583
191 193
192 200
192 203
192 206
192 207
192 208
192 209
192 210
192 211
193 211
193 229
195 200
195 207
195 208
195 221
195 222
195 506
195 513
195 516
196 207
198 209
198 498
198 519
199 211
199 217
199 501
199 509
199 776
200 201
201 207
201 208
201 209
201 211
201 222
201 227
201 777
203 210
203 216
206 211
206 512
207 210
207 465
208 228
208 498
208 504
209 222
209 229
209 518
209 610
209 776
210 217
210 227
210 511
210 513
210 620
211 518
211 609
211 777
211 949
213 643
216 221
216 222
217 227
222 511
222 518
222 870
224 949
227 517
290 297
297 582
297 923
319 620
327 580
327 849
361 807
401 487
401 570
401 577
401 582
401 812
444 986
474 949
485 487
487 493
487 494
487 495
487 496
487 497
492 516
494 986
496 899
496 942
497 577
497 985
499 614
503 513
504 513
506 514
506 612
507 777
516 518
516 610
518 608
537 574
537 940
567 568
568 570
571 574
572 942
572 969
573 581
573 583
574 705
575 582
576 697
576 806
576 808
577 654
577 657
577 658
577 659
578 582
579 580
579 582
580 583
580 698
580 776
580 807
580 849
580 897
580 935
580 986
581 582
581 812
581 897
582 583
582 643
582 812
582 940
582 941
582 985
582 992
583 812
607 620
608 612
613 666
613 670
613 672
613 674
614 775
614 776
620 621
620 624
643 646
643 649
643 660
656 812
695 698
697 698
700 849
700 992
806 807
849 939
850 992
896 897
898 940
934 935
939 940
940 941
982 992
