3 28
10 53
24 53
24 57
24 58
24 63
24 64
24 69
24 80
24 87
24 91
24 92
24 93
24 112
24 114
24 128
24 131
24 132
24 133
24 136
28 29
28 52
28 53
28 97
28 99
28 103
29 53
29 72
29 75
29 76
29 79
29 80
29 83
29 106
29 108
29 111
29 112
29 115
29 120
29 131
29 132
50 51
50 52
50 53
51 53
52 53
52 56
52 57
52 58
52 61
52 63
52 64
52 65
52 68
52 69
52 70
52 72
52 74
52 75
52 76
52 79
52 80
52 81
52 83
52 86
52 87
52 90
52 91
52 92
52 93
53 54
53 55
53 56
53 57
53 58
53 60
53 61
53 62
53 63
53 64
53 65
53 66
53 67
53 68
53 69
53 70
53 71
53 72
53 73
53 74
53 75
53 76
53 77
53 78
53 79
53 80
53 81
53 82
53 83
53 86
53 87
53 88
53 89
53 90
53 91
53 92
53 93
53 95
53 97
53 99
53 100
53 101
53 102
53 103
53 104
53 105
53 106
53 107
53 108
53 109
53 110
53 111
53 112
53 113
53 114
53 115
53 116
53 117
53 118
53 119
53 120
53 121
53 122
53 123
53 124
53 125
53 126
53 127
53 128
53 129
53 130
53 131
53 132
53 133
53 134
53 135
53 136
53 137
53 138
53 139
54 56
54 70
54 83
54 90
54 92
54 106
54 114
54 120
54 136
61 503
65 402
68 134
74 897
79 100
81 103
81 497
85 133
86 102
86 103
87 350
90 102
90 523
91 95
91 668
92 375
93 104
93 105
93 309
97 132
99 125
100 118
100 133
101 108
101 110
102 107
102 111
102 136
103 123
103 133
104 107
104 118
104 136
109 128
110 518
115 188
116 976
116 979
121 135
121 702
123 770
124 143
124 162
125 211
128 893
129 139
131 541
138 284
138 285
138 286
138 336
138 363
138 376
138 381
138 382
138 400
139 237
139 399
139 434
139 522
139 523
139 525
139 526
139 527
139 528
139 529
139 530
139 531
139 532
139 533
139 534
139 535
139 550
139 551
139 552
139 553
139 554
139 555
139 556
139 557
139 584
139 728
139 729
139 730
