29 311
36 614
52 59
52 81
53 81
59 213
59 319
81 103
81 497
96 190
97 624
126 205
137 487
137 583
137 810
137 848
137 985
139 529
149 165
163 165
165 170
165 171
165 172
171 209
171 516
172 192
172 195
172 200
172 208
172 210
172 211
172 217
172 221
172 222
172 516
172 518
172 609
172 612
172 613
172 614
182 209
182 487
182 497
182 573
182 580
182 583
186 202
190 191
190 192
192 195
192 200
192 201
192 202
192 203
192 204
192 205
192 206
192 207
192 208
192 209
192 210
192 211
192 212
192 213
194 616
194 631
194 633
194 640
195 204
195 207
195 217
195 221
195 516
196 207
198 209
199 217
201 207
201 209
202 518
203 210
203 216
204 987
205 223
206 211
206 512
207 210
207 465
209 222
209 229
209 518
209 610
209 776
210 217
210 620
211 609
212 311
212 731
212 733
212 734
212 738
212 739
212 741
212 743
212 744
212 745
212 746
212 747
212 748
212 749
212 750
212 751
212 752
212 753
213 282
213 315
213 319
213 529
213 583
213 605
213 607
213 616
213 617
213 618
213 619
213 621
213 623
213 624
213 625
213 626
213 627
213 628
213 629
213 630
213 631
213 632
213 633
213 634
213 635
213 636
213 637
213 638
213 639
213 640
213 641
213 642
213 643
213 644
213 645
213 646
213 647
213 648
213 649
214 217
216 221
217 223
217 224
217 225
217 226
217 227
217 228
217 229
246 808
246 813
260 282
263 282
265 282
278 282
279 588
284 741
311 749
311 818
313 315
315 319
319 583
319 616
319 617
319 618
319 620
319 624
327 580
382 743
390 634
401 487
401 497
401 583
401 655
401 812
401 848
452 739
485 487
487 493
487 494
487 495
487 496
487 497
492 516
497 569
497 577
497 581
497 583
497 700
497 750
497 808
497 848
497 936
497 985
499 614
506 612
514 609
515 752
516 518
516 610
518 609
522 529
523 529
529 530
529 531
529 532
529 534
529 535
529 554
533 657
569 583
569 809
573 581
573 583
574 705
575 848
576 806
576 808
577 657
578 813
579 580
580 583
580 698
580 776
580 807
580 849
580 897
580 935
580 986
581 583
581 812
582 583
582 643
582 812
582 985
583 655
583 657
583 695
583 700
583 705
583 806
583 809
583 810
583 811
583 812
583 813
586 588
588 642
589 645
603 605
605 607
607 620
607 624
607 639
607 640
608 612
613 666
613 670
613 672
613 674
614 775
614 776
615 618
617 632
618 648
619 624
620 621
620 624
621 638
622 626
622 633
622 638
622 642
622 645
623 628
623 636
623 642
623 645
624 625
624 637
624 641
624 644
624 648
624 867
624 868
626 646
627 628
627 639
629 644
629 647
630 635
630 647
631 753
634 961
636 649
638 959
639 718
640 644
643 646
643 649
643 660
645 943
654 655
655 656
656 812
658 705
658 813
692 695
695 697
695 698
695 699
695 700
696 848
705 811
705 941
731 732
731 733
733 739
733 741
734 744
735 741
737 744
738 745
738 746
742 743
742 748
742 751
745 749
746 817
747 817
747 819
748 753
751 829
752 835
752 909
806 807
809 969
810 938
811 848
813 894
848 900
850 936
934 936
936 937
936 938
