27 200
45 567
52 59
53 125
59 213
59 319
96 190
96 199
96 200
99 125
99 834
101 493
103 619
125 211
126 205
126 211
139 526
139 529
139 535
139 551
139 555
139 556
139 557
142 151
143 151
145 935
149 200
151 161
151 162
151 607
151 895
170 610
171 209
171 211
172 192
172 200
172 208
172 211
172 609
175 176
176 179
176 180
176 181
176 182
182 209
182 327
182 401
182 487
182 493
182 497
182 567
182 570
182 571
182 572
182 573
182 574
182 575
182 576
182 577
182 578
182 579
182 580
182 581
182 582
182 583
186 202
190 191
190 192
192 195
192 200
192 201
192 202
192 203
192 204
192 205
192 206
192 207
192 208
192 209
192 210
192 211
192 212
192 213
193 211
193 229
194 616
194 631
194 633
195 200
195 204
195 207
195 208
195 229
196 207
198 209
199 211
199 217
199 501
199 509
199 776
200 201
201 207
201 208
201 209
201 211
201 777
202 518
203 210
203 216
204 987
205 223
206 211
207 210
207 465
208 228
208 498
208 504
209 222
209 229
209 518
209 610
209 776
211 518
211 609
211 777
211 949
212 752
213 282
213 315
213 319
213 529
213 583
213 605
213 607
213 616
213 617
213 618
213 619
213 621
213 623
213 624
213 625
213 626
213 627
213 628
213 629
213 630
213 631
213 632
213 633
213 634
213 635
213 636
213 637
213 638
213 639
213 640
213 641
213 642
213 643
213 644
213 645
213 646
213 647
213 648
213 649
217 229
224 949
229 512
229 514
229 693
229 836
236 610
246 898
260 282
263 282
265 282
278 282
286 394
313 315
315 319
319 607
319 616
319 617
319 618
319 619
319 621
327 580
327 849
358 659
358 835
361 807
378 394
381 394
390 634
394 581
399 526
401 570
401 577
401 812
444 986
474 949
475 646
487 493
494 986
497 577
497 581
507 777
514 609
515 659
515 752
516 610
518 609
518 610
522 526
522 529
523 526
523 529
523 535
525 551
525 556
526 535
526 728
527 535
528 535
528 557
529 530
529 531
529 532
529 534
529 535
529 554
532 535
533 555
534 556
535 538
535 550
535 551
535 552
535 553
535 554
535 555
535 556
535 557
537 574
537 694
555 584
557 730
567 568
568 570
569 894
571 574
572 942
572 969
573 581
574 705
575 578
576 697
576 806
576 808
577 654
577 657
577 658
577 659
578 579
578 582
578 813
578 900
578 989
578 990
579 580
580 583
580 698
580 776
580 807
580 849
580 897
580 935
580 986
581 582
581 583
581 694
581 812
581 894
581 897
581 898
581 990
582 812
583 812
588 642
589 645
604 606
605 607
606 835
606 945
607 620
607 624
607 639
607 640
607 641
607 648
607 660
615 618
617 632
618 648
619 624
620 621
621 622
621 638
622 633
622 642
622 645
623 636
623 637
623 642
623 645
623 646
623 660
624 625
624 637
625 649
626 646
627 628
627 639
629 644
629 647
630 635
630 647
631 753
634 961
636 649
643 646
643 660
645 943
656 812
659 835
659 911
692 694
694 696
695 698
697 698
700 849
752 835
752 909
806 807
813 894
831 834
831 835
834 835
834 913
835 909
835 911
835 912
835 913
849 939
894 969
898 940
910 912
911 912
934 935
