1 149
2 404
4 149
4 159
6 163
7 149
9 159
29 149
49 149
52 149
75 149
79 149
79 404
80 183
81 149
133 404
148 149
149 150
149 151
149 152
149 153
149 154
149 155
149 156
149 157
149 158
149 159
149 160
149 161
149 162
149 163
149 164
149 165
149 166
149 167
149 168
149 169
149 170
149 171
149 172
149 173
149 174
149 175
149 176
149 177
149 178
149 179
149 180
149 181
149 182
149 183
149 184
149 185
149 186
149 187
149 188
149 189
149 190
149 191
149 192
149 193
149 194
149 195
149 196
149 197
149 198
149 199
149 200
149 201
149 202
150 159
159 192
159 370
163 309
163 403
163 418
163 420
163 721
163 844
163 979
183 404
183 428
183 520
183 668
183 688
183 850
380 404
404 429
404 872
