1 149
4 149
4 159
4 198
7 149
9 159
16 188
29 149
49 149
52 149
75 149
79 149
80 164
81 149
81 164
87 198
97 164
120 188
148 149
149 150
149 151
149 152
149 153
149 154
149 155
149 156
149 157
149 158
149 159
149 160
149 161
149 162
149 163
149 164
149 165
149 166
149 167
149 168
149 169
149 170
149 171
149 172
149 173
149 174
149 175
149 176
149 177
149 178
149 179
149 180
149 181
149 182
149 183
149 184
149 185
149 186
149 187
149 188
149 189
149 190
149 191
149 192
149 193
149 194
149 195
149 196
149 197
149 198
149 199
149 200
149 201
149 202
150 159
152 198
159 192
159 370
164 258
164 388
164 416
164 433
164 526
164 533
164 550
164 585
164 614
164 618
164 689
164 980
188 266
188 777
198 638
