0 8
0 12
0 18
0 22
0 35
0 38
0 42
1 22
1 153
1 304
1 310
1 324
1 354
1 362
1 365
2 216
2 392
2 394
2 395
2 399
2 409
3 420
4 157
4 198
4 394
4 420
4 431
4 438
4 442
4 455
5 8
5 484
5 488
5 489
5 497
6 152
6 310
6 484
6 488
6 529
6 546
6 564
6 569
7 152
7 184
7 225
7 409
7 431
7 582
7 594
7 634
8 13
8 18
8 22
8 71
8 72
8 73
8 79
8 111
8 152
8 153
8 157
8 203
8 216
8 262
8 263
8 272
8 298
8 303
8 304
8 324
8 335
8 339
8 354
8 392
8 394
8 395
8 418
8 420
8 427
8 435
8 442
8 455
8 477
8 488
8 492
8 512
8 522
8 530
8 535
8 543
8 564
8 569
8 584
8 594
8 609
8 675
8 676
8 677
8 678
8 679
8 680
8 681
8 682
8 683
8 684
8 685
8 686
8 687
8 688
8 689
8 690
8 691
8 692
8 693
8 694
10 564
10 675
10 720
11 272
11 365
12 18
12 35
12 38
12 42
12 76
12 83
12 90
12 150
12 154
12 156
12 158
12 184
12 205
12 262
12 275
12 310
12 335
12 344
12 362
12 365
12 399
12 409
12 426
12 428
12 489
12 493
12 520
12 546
12 582
12 639
12 727
12 735
12 745
12 747
12 805
12 806
12 807
12 808
12 809
12 810
12 811
12 812
12 813
12 814
13 180
13 488
13 675
13 815
14 484
16 392
16 893
17 76
17 111
17 808
18 32
18 52
18 180
18 225
18 312
18 329
18 431
18 465
18 595
18 784
18 810
18 833
18 848
18 893
18 914
18 937
18 938
18 939
19 304
19 535
19 692
21 815
22 28
22 203
22 339
22 480
22 602
22 641
22 660
22 667
22 672
22 688
22 719
22 775
22 960
23 546
25 35
25 522
25 685
30 582
35 264
35 344
35 477
37 395
38 99
38 480
38 481
38 514
38 742
38 898
39 76
39 569
42 70
42 325
42 556
42 708
42 940
42 991
45 678
47 153
48 324
49 685
50 522
51 455
57 152
57 805
58 304
61 153
62 805
64 156
67 728
70 76
70 111
70 136
71 582
71 639
72 272
73 304
74 310
75 157
75 727
76 83
76 187
76 203
76 207
76 261
76 300
76 427
76 479
76 494
76 495
76 584
76 651
76 676
76 695
76 788
76 789
77 298
78 156
78 677
79 184
79 272
79 747
82 735
83 535
83 569
83 694
84 216
84 399
84 766
84 815
86 530
86 811
87 198
88 582
89 395
89 569
90 939
95 812
95 848
96 365
96 484
96 727
97 686
98 808
99 594
100 438
101 438
104 156
108 497
109 111
109 812
111 447
111 859
111 982
117 216
118 136
118 893
120 184
120 808
124 639
125 679
128 156
128 693
130 811
134 438
136 152
136 752
136 824
148 431
149 152
149 153
149 154
149 156
149 157
149 180
149 184
149 198
150 153
150 156
150 226
150 304
150 431
150 520
150 522
150 529
150 530
150 535
150 541
152 155
152 160
152 178
152 198
152 226
152 259
152 295
152 312
152 375
152 438
152 445
152 484
152 497
152 529
152 541
152 634
152 720
152 726
152 728
152 766
152 815
152 824
152 825
152 826
152 827
153 259
153 337
153 707
153 911
153 919
154 241
154 255
154 259
154 261
154 303
154 316
154 443
154 470
154 550
154 554
154 606
154 664
154 726
154 734
154 883
154 902
154 921
155 324
156 158
156 168
156 215
156 421
156 477
156 491
156 586
156 741
156 753
156 828
156 860
156 900
156 948
157 238
157 269
157 328
157 487
157 521
157 615
157 736
157 748
157 887
157 899
160 442
160 720
162 304
163 420
164 689
168 728
170 310
171 225
175 520
177 735
180 245
180 261
180 448
180 464
180 624
180 645
180 826
180 920
183 520
184 716
184 873
186 455
187 522
198 638
199 728
201 639
203 216
203 225
203 226
204 304
204 546
205 520
205 677
206 399
206 546
206 564
206 639
207 692
207 805
208 766
209 675
210 392
210 805
211 324
211 484
216 221
216 302
216 667
218 489
219 806
220 304
222 324
224 272
224 582
225 603
225 761
225 784
225 793
226 398
226 602
226 725
226 968
227 546
227 594
229 420
230 634
239 455
240 747
244 310
245 690
249 520
257 685
259 272
259 275
259 298
260 431
260 442
261 275
261 455
261 678
261 727
261 728
262 431
262 582
262 747
263 275
263 438
263 766
265 827
265 848
267 399
267 735
267 805
272 387
272 504
272 561
272 579
272 590
272 681
272 799
272 835
272 984
275 300
276 489
278 442
279 420
279 728
280 310
283 304
284 728
289 310
290 431
293 394
293 594
295 815
296 814
298 375
298 398
298 414
298 999
299 310
300 409
300 520
300 687
300 735
300 745
302 813
303 806
304 364
304 511
304 591
304 657
304 742
304 841
305 310
306 497
306 690
309 720
310 335
310 376
310 726
310 797
310 882
310 908
311 848
312 675
312 679
313 677
314 522
315 735
315 815
316 720
317 535
319 541
320 735
321 324
324 359
324 668
324 979
325 687
328 806
329 489
331 455
338 488
346 354
347 728
351 728
354 391
354 550
355 735
356 438
356 520
356 728
362 568
362 684
362 736
362 868
363 806
365 480
366 686
366 808
372 728
373 489
373 546
373 693
375 813
377 438
380 438
380 727
385 489
385 811
386 594
388 689
388 691
389 686
389 805
389 813
391 735
391 815
392 401
392 602
392 665
392 896
394 414
394 443
394 445
394 559
394 662
394 708
394 835
395 435
403 484
409 874
409 972
416 689
418 679
422 815
422 827
424 806
425 827
426 546
427 594
427 691
428 488
428 520
428 564
428 594
428 747
429 522
430 489
431 857
431 868
431 915
432 745
436 805
437 582
437 814
438 466
438 871
439 806
442 620
442 762
442 886
442 919
443 685
444 806
446 529
447 893
455 680
455 905
455 924
455 958
456 522
457 813
463 691
463 692
469 815
470 806
477 582
477 679
477 690
478 634
481 687
481 893
484 566
484 725
484 929
487 522
488 646
492 530
493 735
495 939
497 800
499 735
507 679
512 727
514 529
520 555
520 576
520 583
520 715
520 768
520 825
521 814
522 527
522 892
522 920
522 961
522 967
522 977
524 679
524 691
524 694
529 539
529 580
529 824
530 777
532 678
535 943
538 728
540 690
541 557
541 583
541 818
543 687
544 678
546 574
546 586
546 958
548 848
549 678
549 686
552 727
554 639
564 952
570 720
574 678
579 582
582 718
582 749
582 855
582 856
586 678
590 815
593 812
596 808
598 727
599 747
602 685
602 939
605 811
609 735
620 675
622 694
623 634
639 666
647 728
650 815
653 811
656 814
659 689
669 735
672 893
675 781
675 934
675 970
677 733
678 842
678 904
678 990
679 991
682 745
683 806
686 863
687 818
687 891
687 945
689 899
692 802
693 931
693 932
693 944
694 821
701 735
710 806
717 727
720 830
727 800
727 823
727 948
727 976
728 730
728 776
728 803
728 817
728 846
728 886
728 919
728 923
733 747
735 775
735 807
735 835
735 845
735 847
735 923
745 993
747 809
747 817
747 946
766 781
805 833
805 901
805 902
806 985
811 900
812 976
815 894
815 983
827 943
848 879
848 945
893 907
893 937
893 980
939 983
