0 7
0 23
0 33
1 7
1 23
1 82
1 161
1 259
1 300
1 303
1 345
1 349
1 357
1 360
2 72
2 74
2 192
2 259
2 300
2 303
2 383
2 404
2 413
3 259
3 417
4 75
4 112
4 429
4 431
4 436
4 447
4 456
4 463
4 464
5 259
5 300
5 487
5 500
5 508
6 72
6 259
6 303
6 383
6 417
6 429
6 561
7 9
7 14
7 23
7 25
7 28
7 30
7 33
7 49
7 70
7 72
7 73
7 74
7 75
7 77
7 79
7 80
7 82
7 84
7 90
7 107
7 110
7 112
7 120
7 149
7 152
7 160
7 161
7 168
7 171
7 176
7 184
7 192
7 193
7 196
7 205
7 207
7 210
7 225
7 237
7 254
7 259
7 260
7 262
7 264
7 266
7 267
7 273
7 289
7 300
7 301
7 302
7 303
7 308
7 327
7 345
7 349
7 357
7 360
7 370
7 374
7 375
7 383
7 397
7 407
7 409
7 413
7 417
7 419
7 429
7 431
7 434
7 436
7 447
7 463
7 464
7 478
7 480
7 485
7 500
7 508
7 523
7 547
7 550
7 561
7 574
7 575
7 577
7 582
7 583
7 584
7 585
7 586
7 587
7 588
7 589
7 590
7 591
7 592
7 593
7 594
7 595
7 596
7 597
7 598
7 599
7 600
7 601
7 602
7 603
7 604
7 605
7 606
7 607
7 608
7 609
7 610
7 611
7 612
7 613
7 614
7 615
7 616
7 617
7 618
7 619
7 620
7 621
7 622
7 623
7 624
7 625
7 626
7 627
7 628
7 629
7 630
7 631
7 632
7 633
7 634
8 72
8 303
8 522
8 594
8 609
9 74
9 585
9 589
10 72
10 586
11 259
11 429
12 90
12 582
13 625
14 259
16 447
16 609
17 429
18 431
18 595
19 417
21 120
21 633
22 602
23 207
23 232
23 546
23 818
23 909
24 82
25 259
25 522
25 626
26 72
28 75
30 429
30 582
33 78
33 80
33 220
33 480
33 719
33 966
34 602
41 429
43 597
44 75
44 585
48 259
49 621
50 522
53 621
53 624
55 619
58 589
58 606
60 357
63 303
68 595
70 72
70 74
70 75
70 82
70 90
70 112
70 120
71 74
71 82
71 259
71 345
71 582
71 616
72 86
72 91
72 93
72 119
72 126
72 130
72 150
72 166
72 167
72 169
72 172
72 211
72 215
72 242
72 260
72 271
72 272
72 284
72 317
72 326
72 373
72 378
72 411
72 415
72 428
72 477
72 505
72 549
72 652
72 653
72 654
72 655
72 656
72 657
72 658
72 659
72 660
72 661
72 662
72 663
73 300
73 586
74 80
74 84
74 93
74 110
74 170
74 205
74 213
74 310
74 312
74 327
74 332
74 384
74 440
74 511
74 521
74 623
74 635
74 676
74 681
74 704
74 768
74 769
74 770
75 84
75 87
75 116
75 149
75 150
75 157
75 209
75 361
75 448
75 462
75 466
75 481
75 521
75 573
75 662
75 684
75 705
75 727
75 769
75 774
75 775
75 776
76 300
77 596
77 628
77 633
79 176
79 404
79 621
80 90
82 98
82 208
82 229
82 336
82 525
82 697
82 729
82 735
82 833
83 436
83 622
83 629
84 259
84 597
84 615
85 160
85 300
85 583
85 588
88 90
88 582
89 436
90 379
90 548
90 555
90 719
90 825
90 939
94 628
98 413
99 594
100 447
100 585
100 618
104 259
104 612
107 349
107 589
107 605
109 303
110 345
111 447
112 207
112 243
112 311
117 300
120 184
120 188
120 212
120 237
120 638
120 786
120 808
120 994
121 259
125 259
125 627
126 523
127 622
131 160
133 404
135 598
140 192
143 436
143 561
146 300
148 431
149 160
149 161
149 171
149 176
149 192
149 193
149 196
150 417
150 429
150 431
150 522
150 523
151 600
152 160
152 259
152 634
153 259
154 259
154 303
154 606
155 300
155 619
156 586
157 487
157 615
159 192
160 178
160 439
160 442
160 518
160 720
161 191
161 265
161 479
161 527
161 774
164 585
164 614
164 618
166 604
168 619
169 259
171 178
171 225
171 254
171 261
171 375
171 477
171 858
171 908
171 959
175 259
175 303
175 606
175 610
176 550
176 638
176 758
176 774
176 794
176 886
176 916
178 196
180 464
180 624
180 920
182 300
183 404
187 522
189 602
192 577
193 391
193 511
193 519
193 574
193 749
195 487
196 430
196 439
201 619
204 259
205 605
205 616
207 259
207 436
207 632
208 259
208 610
209 417
209 585
209 607
210 259
210 593
211 605
212 429
214 300
215 345
218 417
218 614
219 626
224 582
225 603
226 602
227 594
227 598
230 634
231 303
233 631
236 615
249 920
252 631
256 604
259 260
259 261
259 262
259 263
259 264
259 265
259 266
259 267
259 268
259 269
259 270
259 271
259 272
259 273
259 274
259 275
259 276
259 277
259 278
259 279
259 280
259 281
259 282
259 283
259 284
259 285
259 286
259 287
259 288
259 289
259 290
259 291
259 292
259 293
259 294
259 295
259 296
259 297
259 298
259 299
260 431
260 508
260 583
260 596
260 597
260 612
260 670
261 598
262 431
262 582
262 599
262 632
264 561
266 600
266 627
266 631
270 589
270 607
271 589
272 561
273 585
273 613
275 300
276 523
277 417
282 613
282 614
285 585
285 598
290 431
293 594
296 300
300 305
300 306
300 311
300 320
300 326
300 330
300 334
300 339
300 371
300 409
300 427
300 478
300 499
300 520
300 654
300 687
300 725
300 733
300 734
300 735
300 736
300 737
300 738
300 739
300 740
300 741
300 742
300 743
300 744
300 745
300 746
301 606
302 585
303 308
303 339
303 380
303 397
303 439
303 549
303 584
303 652
303 664
303 729
303 763
303 806
303 837
303 838
303 839
303 840
305 357
305 583
305 597
305 607
308 597
314 522
314 523
317 612
317 630
319 436
321 632
325 588
327 464
329 593
332 596
336 603
337 670
342 487
343 619
345 743
347 413
349 373
349 778
350 508
350 596
355 598
355 609
357 480
360 680
360 702
360 933
360 994
366 670
367 593
370 588
372 625
372 920
373 383
373 429
373 588
374 607
374 866
375 866
380 404
380 487
380 598
383 435
383 448
383 461
383 608
384 523
386 589
386 594
392 602
401 599
404 429
404 872
407 629
413 743
417 465
417 548
417 575
417 587
417 653
417 753
417 859
418 585
418 622
418 632
419 429
422 585
424 618
427 594
427 600
427 615
428 589
428 594
429 502
429 504
429 522
429 642
429 684
429 698
429 705
429 839
429 866
429 899
429 900
429 901
431 857
431 868
431 915
433 487
434 598
434 620
434 625
435 523
435 629
436 477
436 521
436 648
436 774
436 805
436 821
436 899
436 941
436 957
437 582
437 596
442 620
445 631
447 458
447 534
447 555
447 809
447 833
447 842
447 893
447 984
447 990
448 464
450 583
454 583
456 522
456 659
456 669
456 719
456 734
456 778
456 926
456 936
460 624
461 593
463 601
463 691
463 692
463 736
463 773
463 936
463 978
464 918
472 602
474 589
477 582
477 588
477 599
478 626
478 634
480 603
487 522
490 585
491 628
495 523
496 629
496 633
500 572
500 591
500 721
502 589
508 668
508 921
508 930
508 952
510 588
517 866
520 583
521 626
522 527
522 892
522 920
522 961
522 967
522 977
523 573
523 951
524 630
525 595
525 630
526 585
528 589
531 920
538 670
541 583
546 586
547 604
554 595
558 595
561 740
561 956
565 609
571 624
575 630
575 977
579 582
581 600
582 718
582 749
582 855
582 856
583 648
583 707
583 718
583 853
584 593
585 680
585 790
585 886
585 934
586 678
587 614
587 618
588 640
589 962
590 603
590 610
593 669
593 812
593 857
593 976
595 676
595 987
596 617
596 808
596 959
596 974
597 760
597 913
597 927
598 727
599 747
599 824
599 930
599 936
600 751
600 774
600 937
600 954
602 685
602 769
602 905
602 939
604 742
604 752
604 820
604 824
605 635
605 663
605 698
605 811
605 941
606 792
606 937
609 735
609 933
610 715
611 920
612 660
612 917
613 637
613 676
613 832
613 953
613 965
614 795
616 743
616 967
620 675
620 762
621 744
621 988
621 996
622 694
622 945
623 634
624 838
625 653
627 886
627 940
628 713
633 799
640 977
669 670
670 920
670 988
680 920
706 866
764 977
772 977
896 920
920 973
