0 4
0 13
0 59
0 62
1 4
1 208
1 301
1 308
1 329
1 334
1 348
1 351
2 4
2 206
2 301
2 376
2 382
2 394
2 400
3 420
4 9
4 13
4 16
4 29
4 59
4 62
4 75
4 77
4 87
4 91
4 112
4 145
4 147
4 149
4 150
4 157
4 159
4 172
4 177
4 198
4 203
4 204
4 206
4 207
4 208
4 218
4 233
4 238
4 244
4 247
4 263
4 264
4 296
4 321
4 329
4 348
4 351
4 370
4 376
4 394
4 400
4 420
4 427
4 428
4 429
4 430
4 431
4 432
4 433
4 434
4 435
4 436
4 437
4 438
4 439
4 440
4 441
4 442
4 443
4 444
4 445
4 446
4 447
4 448
4 449
4 450
4 451
4 452
4 453
4 454
4 455
4 456
4 457
4 458
4 459
4 460
4 461
4 462
4 463
4 464
4 465
4 466
4 467
4 468
4 469
4 470
4 471
4 472
4 473
4 474
4 475
4 476
5 127
5 206
5 459
5 462
5 472
5 513
6 13
6 218
6 376
6 429
6 451
6 467
7 112
7 301
7 308
7 429
7 431
7 436
7 463
7 464
7 594
7 600
7 615
7 625
8 13
8 394
8 420
8 427
8 435
8 442
8 455
8 594
8 683
9 159
9 433
11 429
11 451
13 16
13 150
13 180
13 264
13 286
13 322
13 334
13 338
13 379
13 488
13 513
13 517
13 625
13 645
13 675
13 683
13 767
13 815
13 816
13 817
13 818
13 819
13 820
15 427
15 433
16 818
17 429
17 441
18 329
18 431
20 696
23 818
24 145
26 62
26 177
27 433
29 247
29 819
30 429
30 697
34 779
40 181
41 208
41 429
44 700
45 517
51 455
55 437
59 71
59 212
59 353
62 369
62 669
62 805
64 470
67 453
68 351
70 81
70 91
70 112
70 127
70 141
70 145
70 147
71 206
71 427
71 433
71 437
71 444
71 645
72 91
72 172
73 517
74 440
75 462
75 466
76 427
77 91
77 172
77 181
78 467
79 308
81 149
81 164
81 207
81 261
81 517
81 828
82 208
82 697
83 436
83 468
83 683
84 471
84 615
87 198
89 436
89 441
89 513
91 203
91 217
91 366
91 393
91 533
91 854
91 973
91 974
94 376
94 671
96 435
99 594
100 427
100 468
102 308
105 452
106 459
107 441
112 207
112 243
112 311
116 986
126 439
127 204
127 315
127 517
127 577
127 622
127 836
127 989
132 348
133 450
135 218
138 452
140 177
141 144
141 151
141 427
141 479
141 744
141 832
143 436
145 532
145 959
147 264
147 664
147 793
148 431
149 159
149 172
149 177
149 181
149 198
150 159
150 244
150 301
150 348
150 427
150 429
150 431
150 517
151 427
151 600
152 198
154 470
157 238
157 615
159 192
159 370
160 439
160 442
163 420
164 433
166 444
166 476
166 986
167 206
167 473
167 671
168 475
169 986
172 434
172 532
172 537
172 978
173 206
174 437
177 705
177 735
180 464
180 645
181 427
181 474
181 737
181 750
185 819
186 455
189 699
194 329
196 439
198 638
200 779
203 206
203 208
203 218
203 233
203 238
203 244
203 247
205 454
205 517
205 645
206 307
206 318
206 337
206 338
206 399
206 546
206 564
206 639
206 733
206 858
207 296
207 436
207 454
208 259
208 264
208 305
208 483
208 505
208 610
208 642
208 738
208 761
208 766
208 788
208 855
208 868
208 869
208 870
208 871
208 872
208 873
208 874
210 458
211 439
212 429
215 440
215 476
218 278
218 417
218 489
218 587
218 614
218 917
219 699
220 779
227 594
228 382
229 420
229 472
233 389
233 631
233 706
233 782
236 615
238 260
238 524
238 898
239 455
243 435
244 310
244 474
244 895
244 921
245 671
247 263
247 319
248 348
248 461
251 329
251 382
252 473
255 439
255 451
259 296
260 427
260 431
260 442
260 671
261 441
261 453
261 455
261 471
261 697
262 376
262 431
262 437
262 473
262 683
263 451
265 440
265 513
266 600
268 382
268 468
268 517
270 517
273 469
274 444
276 696
277 517
278 442
279 420
281 696
286 435
290 431
293 394
293 594
294 348
296 300
296 477
296 703
296 814
300 334
300 427
301 359
301 402
301 427
301 490
301 545
301 606
301 752
301 753
301 754
301 755
301 756
301 757
301 758
303 308
303 439
305 517
305 779
307 467
308 309
308 427
308 565
308 597
308 695
308 730
310 376
311 444
314 435
315 470
316 450
317 329
317 471
318 475
319 436
319 517
321 513
323 457
327 437
327 464
329 489
329 593
329 611
329 799
329 862
329 911
331 455
334 591
334 688
334 761
334 972
335 700
340 517
342 433
343 351
347 696
348 378
348 465
348 667
348 913
350 437
351 422
351 728
351 817
358 440
370 779
372 625
373 429
373 476
374 453
375 427
376 853
376 867
376 876
376 965
379 435
379 452
382 517
382 763
382 779
382 796
382 857
382 860
382 914
382 980
382 986
383 435
383 461
386 594
388 457
394 414
394 443
394 445
394 559
394 662
394 708
394 835
395 435
400 449
400 733
400 875
400 933
404 429
410 645
410 697
418 433
419 429
422 701
427 594
427 600
427 615
427 671
427 691
427 695
427 696
427 697
427 698
427 699
427 700
427 701
427 702
427 703
428 457
428 594
429 502
429 504
429 522
429 642
429 684
429 698
429 705
429 839
429 866
429 899
429 900
429 901
430 435
430 458
430 697
431 857
431 868
431 915
432 437
432 517
433 487
433 837
434 454
434 625
435 523
435 584
435 629
435 715
435 877
435 953
436 477
436 521
436 648
436 774
436 805
436 821
436 899
436 941
436 957
437 460
437 499
437 548
437 582
437 596
437 660
437 759
437 814
437 976
438 466
439 446
439 480
439 592
439 646
439 702
439 781
439 806
439 885
439 956
440 537
440 777
441 483
441 681
441 895
441 929
442 620
442 762
442 886
442 919
444 806
444 975
447 458
448 461
448 464
450 477
450 583
450 650
450 707
450 733
450 853
451 491
451 567
451 768
451 851
451 861
452 550
452 682
453 549
453 652
453 771
453 905
454 583
455 680
455 905
455 924
455 958
456 522
456 659
456 669
456 719
456 734
456 778
456 926
456 936
457 802
457 813
457 860
458 729
458 746
458 771
459 733
459 789
459 933
461 593
461 704
461 915
461 928
461 976
462 712
462 730
463 601
463 691
463 692
463 736
463 773
463 936
463 978
464 918
466 869
466 916
467 534
468 575
469 782
469 815
469 933
470 481
470 806
471 640
472 602
472 711
473 521
473 738
474 476
475 825
475 838
477 517
506 701
517 547
517 637
517 704
517 709
517 777
517 838
517 844
517 857
517 866
517 867
531 700
541 818
547 819
581 600
600 751
600 774
600 937
600 954
611 697
625 653
645 844
663 697
671 673
671 890
671 902
683 755
683 806
683 820
687 818
696 736
696 916
696 933
696 969
697 834
697 910
699 704
699 857
699 947
700 871
701 735
701 943
780 819
922 986
