0 3
0 10
0 17
0 42
0 45
0 50
0 51
1 3
1 70
1 105
1 132
1 342
1 358
1 369
2 3
2 10
2 70
2 95
2 121
2 381
2 395
3 26
3 27
3 43
3 70
3 78
3 125
3 174
3 223
3 239
3 259
3 279
3 371
3 377
3 417
3 418
3 419
3 420
3 421
3 422
3 423
3 424
3 425
3 426
4 91
4 112
4 145
4 147
4 468
5 70
5 96
5 99
5 106
5 124
5 127
5 144
5 507
5 513
6 92
7 70
7 79
7 90
7 107
7 112
7 120
7 254
7 590
7 629
8 79
8 395
8 535
8 683
8 694
10 70
10 72
10 85
10 167
10 203
10 234
10 406
10 418
10 564
10 586
10 587
10 675
10 719
10 720
10 721
10 722
10 723
10 724
12 42
12 83
12 90
12 807
13 513
13 683
16 95
17 76
17 83
17 111
17 318
17 418
17 429
17 441
17 808
17 936
19 105
19 108
19 381
19 535
19 644
21 86
21 120
24 145
24 970
25 104
37 70
37 106
37 395
38 99
42 70
42 325
42 556
42 708
42 940
42 991
45 46
45 89
45 151
45 251
45 517
45 678
48 92
50 89
50 203
50 373
50 522
50 889
51 83
51 87
51 425
51 455
53 99
60 174
61 137
62 369
70 71
70 72
70 73
70 74
70 75
70 76
70 77
70 78
70 79
70 80
70 81
70 82
70 83
70 84
70 85
70 86
70 87
70 88
70 89
70 90
70 91
70 92
70 93
70 94
70 95
70 96
70 97
70 98
70 99
70 100
70 101
70 102
70 103
70 104
70 105
70 106
70 107
70 108
70 109
70 110
70 111
70 112
70 113
70 114
70 115
70 116
70 117
70 118
70 119
70 120
70 121
70 122
70 123
70 124
70 125
70 126
70 127
70 128
70 129
70 130
70 131
70 132
70 133
70 134
70 135
70 136
70 137
70 138
70 139
70 140
70 141
70 142
70 143
70 144
70 145
70 146
70 147
70 148
71 94
71 573
71 635
71 644
72 86
72 91
72 93
72 126
73 92
73 759
74 93
74 635
74 704
75 116
75 573
76 83
77 83
77 91
77 381
78 94
78 98
78 138
79 115
79 149
79 150
79 176
79 184
79 272
79 292
79 308
79 353
79 378
79 404
79 483
79 486
79 544
79 590
79 621
79 703
79 747
79 833
79 834
79 835
79 836
80 83
80 90
81 149
81 164
81 207
81 261
81 517
81 828
82 98
83 88
83 219
83 288
83 315
83 381
83 436
83 468
83 496
83 516
83 535
83 569
83 573
83 574
83 622
83 629
83 635
83 644
83 683
83 694
83 703
83 704
83 711
83 730
83 772
83 778
83 824
83 846
83 885
84 97
84 105
84 635
84 913
86 88
86 167
86 209
86 262
86 340
86 385
86 477
86 530
86 663
86 680
86 738
86 792
86 795
86 811
86 826
86 831
86 872
86 934
86 949
87 106
88 90
88 174
89 130
89 131
89 203
89 254
89 342
89 358
89 369
89 395
89 428
89 436
89 441
89 477
89 483
89 507
89 513
89 569
89 724
89 737
89 759
89 807
89 913
89 953
89 967
89 968
89 969
89 970
89 971
89 972
90 379
90 548
90 555
90 719
90 825
90 939
91 203
91 217
91 366
91 393
91 533
91 854
91 973
91 974
92 155
92 373
92 386
92 460
92 510
92 611
92 667
92 962
92 971
93 150
93 269
93 274
93 656
93 788
93 837
93 864
93 903
94 103
94 150
94 376
94 628
94 671
94 904
94 951
95 102
95 109
95 553
95 695
95 705
95 761
95 812
95 824
95 838
95 848
95 863
95 987
96 173
96 232
96 365
96 430
96 435
96 484
96 556
96 655
96 666
96 727
96 859
96 878
96 925
96 958
97 164
97 316
97 548
97 686
97 885
97 974
98 110
98 413
98 418
98 668
98 808
98 824
98 830
98 897
98 989
98 990
99 169
99 227
99 260
99 314
99 316
99 352
99 537
99 594
99 674
99 991
100 124
100 468
101 203
101 322
101 434
101 438
101 682
101 765
101 952
104 122
104 156
104 259
104 425
104 491
104 612
104 732
104 935
105 125
105 428
105 452
105 536
105 674
105 849
106 215
106 428
106 459
106 845
106 997
107 349
107 441
107 589
107 605
107 623
107 705
107 926
107 974
108 234
108 388
108 497
108 584
108 708
108 868
108 919
109 142
111 982
112 207
112 243
112 311
113 119
113 261
113 514
113 574
113 733
113 775
113 979
114 205
114 387
114 481
114 891
114 903
116 151
116 166
116 281
116 506
116 986
117 200
117 216
117 266
117 300
117 408
117 725
118 136
118 189
118 260
118 481
118 578
118 706
118 726
118 849
118 893
118 938
118 959
120 184
120 188
120 212
120 237
120 638
120 786
120 808
120 994
121 140
121 259
121 430
121 761
123 150
123 343
123 426
123 641
123 849
123 882
123 903
124 639
124 847
126 428
126 439
126 523
127 204
127 315
127 517
127 577
127 622
127 836
127 989
128 139
128 156
128 343
128 418
128 693
128 863
128 897
129 166
129 536
129 726
129 922
132 348
132 485
132 676
133 204
133 309
133 404
133 450
134 421
134 438
134 480
134 871
134 883
135 218
135 598
135 668
135 801
137 361
137 516
137 575
137 640
137 760
137 845
138 452
138 723
138 959
141 144
142 242
142 390
142 428
143 436
143 478
143 561
143 736
144 261
144 949
145 532
145 959
146 204
146 300
146 425
146 802
147 264
147 664
147 793
148 149
148 239
148 431
148 503
149 174
150 381
150 535
171 254
173 635
174 437
174 726
174 841
174 930
174 961
181 737
187 369
191 968
203 254
204 573
207 254
219 982
223 590
226 968
228 953
236 590
242 972
259 288
261 730
262 683
263 590
265 513
265 759
265 846
268 468
270 288
272 590
276 970
279 288
279 846
282 737
283 968
284 968
287 704
288 490
300 737
305 704
308 730
315 358
317 535
320 358
321 513
334 972
340 381
342 433
342 487
342 584
342 942
342 985
348 913
349 778
353 590
358 440
369 771
370 778
373 737
373 778
378 970
379 635
381 721
381 782
389 968
393 953
395 435
397 590
407 629
409 972
421 635
435 629
435 953
437 759
449 590
456 778
461 704
462 730
468 575
477 507
477 704
480 778
481 807
495 573
496 629
507 679
507 841
517 704
519 573
523 573
524 694
524 730
535 943
547 644
551 635
557 590
560 590
560 982
572 737
573 772
574 982
584 759
590 603
590 610
590 698
590 815
590 822
590 834
590 929
590 982
597 913
605 635
613 953
622 694
635 711
635 967
635 978
640 730
644 932
646 846
659 778
675 970
683 755
683 806
683 820
694 821
696 969
699 704
704 840
704 881
704 943
714 969
723 807
728 730
728 846
730 789
730 963
735 807
737 859
777 846
778 855
778 877
807 877
830 968
846 847
894 969
913 934
916 969
972 976
