0 1
0 2
0 3
0 4
0 5
0 6
0 7
0 8
0 9
0 10
0 11
0 12
0 13
0 14
0 15
0 16
0 17
0 18
0 19
0 20
0 21
0 22
0 23
0 24
0 25
0 26
0 27
0 28
0 29
0 30
0 31
0 32
0 33
0 34
0 35
0 36
0 37
0 38
0 39
0 40
0 41
0 42
0 43
0 44
0 45
0 46
0 47
0 48
0 49
0 50
0 51
0 52
0 53
0 54
0 55
0 56
0 57
0 58
0 59
0 60
0 61
0 62
0 63
0 64
0 65
0 66
0 67
0 68
0 69
1 3
1 9
1 14
1 15
1 105
1 335
1 341
1 344
1 362
1 365
2 3
2 10
2 20
2 32
2 262
2 341
2 372
2 376
2 399
2 409
3 26
3 27
3 43
3 70
3 78
3 125
3 174
3 223
3 239
3 259
3 279
3 371
3 377
3 417
3 418
3 419
3 420
3 421
3 422
3 423
3 424
3 425
3 426
4 9
4 13
4 29
4 59
4 62
4 376
4 428
4 431
4 473
5 14
5 24
5 34
5 36
5 52
5 372
5 486
5 489
5 493
6 13
6 376
6 428
6 546
7 9
7 14
7 28
7 30
7 33
7 49
7 90
7 184
7 262
7 409
7 431
7 594
7 599
7 601
7 632
8 13
8 262
8 335
8 594
9 11
9 74
9 122
9 159
9 166
9 203
9 270
9 430
9 433
9 585
9 589
9 591
9 710
9 711
9 712
9 713
9 714
9 715
9 716
9 717
9 718
10 70
10 72
10 85
10 167
10 203
10 234
10 406
10 418
10 564
10 586
10 587
10 675
10 719
10 720
10 721
10 722
10 723
10 724
11 365
12 18
12 35
12 38
12 42
12 76
12 83
12 90
12 150
12 154
12 156
12 158
12 184
12 205
12 262
12 275
12 310
12 335
12 344
12 362
12 365
12 399
12 409
12 426
12 428
12 489
12 493
12 520
12 546
12 582
12 639
12 727
12 735
12 745
12 747
12 805
12 806
12 807
12 808
12 809
12 810
12 811
12 812
12 813
12 814
13 16
13 150
13 180
13 264
13 286
13 322
13 334
13 338
13 379
13 488
13 513
13 517
13 625
13 645
13 675
13 683
13 767
13 815
13 816
13 817
13 818
13 819
13 820
14 211
14 224
14 259
14 314
14 484
14 857
15 150
15 166
15 220
15 222
15 261
15 427
15 430
15 433
15 518
15 562
15 876
15 877
17 76
17 808
18 32
18 52
18 431
18 810
19 29
19 105
20 210
20 261
20 267
20 482
20 587
20 674
20 696
20 736
20 947
21 71
21 86
21 120
21 265
21 323
21 418
21 633
21 772
21 815
21 867
21 885
22 28
23 546
24 82
24 145
24 311
24 406
24 443
24 477
24 544
24 786
24 868
24 896
24 970
25 428
25 750
26 62
27 53
27 262
28 75
28 584
28 909
28 922
29 149
29 195
29 247
29 305
29 722
29 819
29 856
29 885
30 265
30 323
30 429
30 494
30 542
30 582
30 697
30 849
31 262
32 313
32 418
32 559
32 931
32 932
32 967
33 78
33 80
33 220
33 480
33 719
33 966
34 203
34 325
34 374
34 502
34 602
34 779
34 817
34 843
34 898
34 978
35 344
36 263
36 311
36 771
36 825
37 70
37 106
37 278
37 395
37 480
39 76
40 87
40 181
40 264
40 274
40 309
41 208
41 217
41 429
41 824
41 874
44 75
44 311
44 480
44 585
44 700
44 744
44 935
45 46
45 89
45 151
45 251
45 517
45 678
46 69
47 809
48 56
49 57
49 149
49 166
49 327
49 621
49 685
50 89
50 203
50 373
50 522
50 889
51 83
51 87
51 425
51 455
52 149
52 665
52 802
53 99
53 572
53 587
53 621
53 624
54 428
55 155
55 279
55 437
55 619
55 751
55 844
56 73
56 203
56 325
56 647
56 785
58 61
58 884
59 71
59 212
59 353
60 88
60 174
60 357
60 664
60 919
61 137
61 153
61 722
61 790
62 369
62 669
62 805
63 66
63 109
63 303
63 375
63 562
63 830
64 156
65 131
65 150
65 380
65 869
67 411
67 453
67 584
67 728
68 266
68 351
68 595
68 777
69 205
69 323
69 933
70 76
70 90
70 105
70 126
70 142
71 639
72 126
72 428
75 209
75 727
76 83
76 187
76 203
76 207
76 261
76 300
76 427
76 479
76 494
76 495
76 584
76 651
76 676
76 695
76 788
76 789
78 156
79 184
79 486
80 90
80 165
80 183
84 105
84 372
84 399
86 209
86 262
86 811
88 90
88 884
89 428
89 807
90 379
90 548
90 555
90 719
90 825
90 939
94 376
95 812
96 365
96 727
98 808
99 594
104 156
105 125
105 428
105 452
105 536
105 674
105 849
106 428
109 142
109 812
118 706
120 184
120 808
124 639
126 428
126 439
126 523
128 156
130 811
142 242
142 390
142 428
148 431
149 154
149 156
149 165
149 183
149 184
150 156
150 431
154 241
154 255
154 259
154 261
154 303
154 316
154 443
154 470
154 550
154 554
154 606
154 664
154 726
154 734
154 883
154 902
154 921
155 486
156 158
156 168
156 215
156 421
156 477
156 491
156 586
156 741
156 753
156 828
156 860
156 900
156 948
157 748
165 265
165 428
165 824
165 899
165 934
166 344
167 473
181 750
183 404
183 428
183 520
183 668
183 688
183 850
184 716
184 873
193 749
201 639
203 209
204 546
205 428
206 399
206 546
206 639
207 632
209 242
209 262
209 263
209 274
209 276
209 414
209 417
209 498
209 533
209 536
209 585
209 607
209 675
209 873
209 926
209 927
209 928
214 809
214 810
218 489
219 806
227 546
227 594
233 706
246 486
252 473
259 262
259 275
260 431
261 275
261 727
262 263
262 265
262 290
262 302
262 341
262 372
262 376
262 431
262 437
262 473
262 477
262 486
262 498
262 582
262 599
262 632
262 651
262 664
262 683
262 695
262 710
262 719
262 747
262 748
262 749
262 750
262 751
263 275
263 344
267 399
269 748
275 300
276 489
279 884
286 372
290 431
293 594
296 814
300 409
300 745
302 813
303 806
305 810
310 335
310 376
312 493
321 632
327 486
328 806
329 489
335 526
335 700
337 428
341 386
341 477
346 748
362 568
362 684
362 736
362 868
363 806
363 809
365 480
366 808
372 478
372 503
372 625
372 712
372 728
372 799
372 906
372 920
373 489
373 546
374 428
375 813
376 853
376 867
376 876
376 965
380 727
385 489
385 811
386 594
389 813
390 428
401 599
409 874
409 972
418 632
424 706
424 806
426 546
427 594
428 457
428 488
428 520
428 564
428 589
428 594
428 601
428 706
428 747
428 802
428 824
428 883
428 884
430 489
431 857
431 868
431 915
432 745
437 814
439 806
444 806
447 809
457 813
463 601
470 806
473 521
473 738
477 599
477 706
481 807
486 534
486 666
486 733
490 493
493 498
493 735
501 706
512 727
521 814
546 574
546 586
546 958
552 727
554 639
556 601
570 884
575 750
582 749
593 812
596 808
598 727
599 747
599 824
599 930
599 936
601 655
601 777
605 811
623 749
639 666
653 811
656 814
669 749
682 745
683 806
706 784
706 866
710 806
717 727
723 807
727 800
727 823
727 948
727 976
735 807
745 993
747 809
748 761
748 996
749 923
750 788
806 985
807 877
809 988
810 845
810 850
811 900
812 976
