0 13
0 15
0 26
0 28
0 65
1 15
1 26
1 150
1 153
1 211
1 217
1 301
1 304
1 311
1 313
1 326
1 336
1 348
1 350
1 361
2 72
2 281
2 301
2 381
2 391
2 396
2 397
2 404
2 415
3 26
3 417
3 419
3 423
4 13
4 75
4 150
4 159
4 244
4 264
4 348
4 431
4 462
4 466
5 150
5 311
5 462
5 486
5 502
5 505
6 13
6 72
6 150
6 417
7 28
7 72
7 75
7 79
7 184
7 264
7 301
7 397
7 417
7 419
7 431
7 523
7 625
8 13
8 72
8 79
8 153
8 304
8 530
8 535
8 543
9 159
10 72
10 167
11 524
12 150
12 156
12 184
12 520
13 16
13 150
13 180
13 264
13 286
13 322
13 334
13 338
13 379
13 488
13 513
13 517
13 625
13 645
13 675
13 683
13 767
13 815
13 816
13 817
13 818
13 819
13 820
14 211
15 150
15 166
15 220
15 222
15 261
15 427
15 430
15 433
15 518
15 562
15 876
15 877
18 180
18 431
19 304
19 381
19 417
19 535
22 28
22 660
24 311
26 62
26 72
26 155
26 177
26 330
26 909
26 929
27 419
27 524
28 75
28 584
28 909
28 922
29 819
30 542
32 313
34 502
34 817
35 264
36 311
40 264
41 217
43 292
44 75
44 311
47 153
48 540
58 304
61 153
64 156
64 539
65 131
65 150
65 380
65 869
70 72
70 75
70 79
70 94
70 119
70 123
70 130
71 94
71 190
71 313
72 86
72 91
72 93
72 119
72 126
72 130
72 150
72 166
72 167
72 169
72 172
72 211
72 215
72 242
72 260
72 271
72 272
72 284
72 317
72 326
72 373
72 378
72 411
72 415
72 428
72 477
72 505
72 549
72 652
72 653
72 654
72 655
72 656
72 657
72 658
72 659
72 660
72 661
72 662
72 663
73 304
73 311
73 313
73 539
75 84
75 87
75 116
75 149
75 150
75 157
75 209
75 361
75 448
75 462
75 466
75 481
75 521
75 573
75 662
75 684
75 705
75 727
75 769
75 774
75 775
75 776
77 381
77 526
78 94
78 150
78 156
78 284
78 326
79 115
79 149
79 150
79 176
79 184
79 272
79 292
79 308
79 353
79 378
79 404
79 483
79 486
79 544
79 590
79 621
79 703
79 747
79 833
79 834
79 835
79 836
82 336
82 525
83 381
83 535
84 396
84 654
84 655
86 167
86 530
86 663
87 211
88 313
89 130
91 217
91 533
93 150
93 269
94 103
94 150
94 376
94 628
94 671
94 904
94 951
96 655
99 169
99 537
100 525
103 526
104 156
105 536
109 525
109 655
112 311
113 119
116 281
119 204
119 734
119 770
119 861
120 184
122 820
123 150
123 343
123 426
123 641
123 849
123 882
123 903
126 523
128 156
129 536
130 207
130 811
131 391
132 348
133 404
137 361
139 527
142 242
145 532
147 264
148 431
149 150
149 153
149 156
149 159
149 167
149 169
149 180
149 184
149 190
150 153
150 156
150 158
150 159
150 162
150 166
150 190
150 203
150 217
150 226
150 244
150 260
150 269
150 281
150 285
150 301
150 304
150 306
150 311
150 313
150 317
150 336
150 348
150 350
150 370
150 381
150 391
150 396
150 397
150 411
150 417
150 419
150 423
150 427
150 429
150 430
150 431
150 477
150 481
150 492
150 495
150 502
150 517
150 518
150 519
150 520
150 521
150 522
150 523
150 524
150 525
150 526
150 527
150 528
150 529
150 530
150 531
150 532
150 533
150 534
150 535
150 536
150 537
150 538
150 539
150 540
150 541
150 542
150 543
150 544
151 537
152 226
152 541
153 259
153 337
153 707
153 911
153 919
155 486
155 816
156 158
156 168
156 215
156 421
156 477
156 491
156 586
156 741
156 753
156 828
156 860
156 900
156 948
157 269
159 192
159 370
161 527
162 304
164 526
164 533
166 169
166 326
166 505
167 206
167 473
167 671
167 880
167 932
167 949
169 259
169 289
169 986
169 996
172 532
172 537
173 659
175 520
178 264
179 264
179 281
179 531
180 245
180 261
180 448
180 464
180 624
180 645
180 826
180 920
183 404
183 520
184 716
184 873
185 819
186 527
189 655
190 574
190 894
191 533
193 391
193 519
197 524
203 211
203 217
203 226
203 242
203 244
204 281
204 304
205 519
205 520
205 531
207 519
207 525
208 264
208 505
209 242
209 417
209 533
209 536
211 241
211 324
211 331
211 439
211 480
211 484
211 605
211 653
211 711
211 892
211 935
211 940
211 941
213 264
213 654
217 319
217 957
217 981
218 417
220 304
222 242
223 269
223 423
226 398
226 602
226 725
226 968
229 661
231 397
237 292
238 524
239 542
242 430
242 972
244 310
244 474
244 895
244 921
246 486
248 348
249 520
252 264
252 531
259 264
259 269
259 281
259 284
259 285
259 292
260 284
260 431
260 527
260 540
260 658
262 431
262 486
263 264
264 482
264 545
264 561
264 752
264 842
266 658
267 524
269 333
269 418
269 664
269 748
269 978
270 415
271 528
271 816
274 661
276 523
277 417
278 292
281 367
281 503
281 575
281 696
281 798
281 852
281 949
281 992
281 996
282 285
282 519
283 304
283 524
284 642
284 728
284 757
284 881
284 968
285 585
285 598
287 519
290 431
294 348
300 311
300 326
300 520
300 654
301 359
301 402
301 427
301 490
301 545
301 606
301 752
301 753
301 754
301 755
301 756
301 757
301 758
303 397
304 364
304 511
304 591
304 657
304 742
304 841
306 423
311 444
311 557
311 576
311 708
311 711
311 796
311 848
311 858
312 528
313 370
313 677
313 788
313 790
313 932
313 933
314 523
314 542
316 525
317 524
317 535
319 541
323 661
326 732
326 858
327 486
328 415
335 526
336 584
336 603
336 726
340 381
346 531
348 378
348 465
348 667
348 913
350 437
350 508
350 575
350 596
351 817
354 391
356 520
361 430
361 545
372 625
373 415
374 525
380 404
380 540
381 721
381 782
384 523
388 663
391 550
391 735
391 815
391 995
396 481
396 551
396 768
396 798
397 590
397 822
404 429
404 872
412 654
417 465
417 548
417 575
417 587
417 653
417 753
417 859
419 429
419 933
423 482
423 928
426 660
428 520
429 502
431 857
431 868
431 915
434 625
435 523
437 660
438 466
440 537
445 538
446 658
456 659
460 505
462 712
462 730
466 869
466 916
480 519
486 534
486 666
486 733
492 530
495 523
499 654
502 589
518 538
519 573
519 664
519 710
519 734
519 821
519 879
519 918
519 921
519 935
520 555
520 576
520 583
520 715
520 768
520 825
522 527
523 573
523 951
524 571
524 630
524 679
524 691
524 694
524 730
524 739
524 746
524 753
524 927
524 988
525 554
525 595
525 630
525 791
526 585
526 726
526 794
526 860
526 862
526 938
527 647
527 726
528 589
528 796
528 927
529 539
530 777
531 652
531 700
531 722
531 725
531 896
531 920
531 973
531 974
531 984
532 560
532 572
532 574
532 678
532 751
533 891
535 943
536 731
536 775
536 780
536 863
538 670
538 680
538 728
539 574
539 584
539 756
539 994
540 690
540 834
541 557
541 583
541 818
542 549
543 687
543 722
543 825
547 819
549 816
556 655
567 816
572 654
601 655
604 820
605 663
612 660
625 653
642 661
646 654
654 770
654 979
654 997
655 656
655 751
655 854
658 731
658 844
659 689
659 725
659 778
661 985
661 994
663 697
665 820
683 820
728 817
747 817
780 819
816 959
