0 11
0 22
0 31
0 34
0 50
0 56
0 69
1 11
1 22
1 105
1 185
1 203
1 204
1 208
1 211
1 217
1 228
1 235
2 203
2 206
2 216
2 257
2 281
2 390
3 223
3 239
4 203
4 204
4 206
4 208
4 218
4 233
4 238
4 244
4 247
4 428
4 454
5 31
5 34
5 127
5 206
5 231
5 258
5 488
5 512
6 203
6 204
6 205
6 218
6 428
6 488
6 566
7 110
7 205
7 210
7 225
7 254
7 574
7 601
7 616
8 22
8 203
8 216
8 488
8 512
8 677
9 11
9 122
9 203
9 270
10 203
10 234
11 203
11 259
11 265
11 272
11 277
11 282
11 302
11 365
11 429
11 451
11 490
11 524
11 705
11 710
11 796
11 797
11 798
11 799
12 76
12 158
12 205
12 428
12 747
13 488
13 645
14 211
15 220
16 257
17 76
18 225
19 105
20 210
22 28
22 203
22 339
22 480
22 602
22 641
22 660
22 667
22 672
22 688
22 719
22 775
22 960
23 232
24 786
25 428
25 783
29 247
31 54
31 203
31 262
31 316
31 649
31 793
31 863
33 220
34 203
34 325
34 374
34 502
34 602
34 779
34 817
34 843
34 898
34 978
39 76
41 208
41 217
45 251
46 69
46 203
46 205
48 56
50 89
50 203
50 373
50 522
50 889
52 802
54 428
56 73
56 203
56 325
56 647
56 785
58 884
59 212
69 205
69 323
69 933
70 76
70 101
70 105
70 110
70 114
70 119
70 122
70 126
70 127
70 133
71 204
71 206
71 235
71 616
71 645
72 119
72 126
72 211
72 215
72 242
72 428
73 234
74 110
74 205
76 83
76 187
76 203
76 207
76 261
76 300
76 427
76 479
76 494
76 495
76 584
76 651
76 676
76 695
76 788
76 789
78 677
79 747
80 165
80 183
80 215
80 256
82 208
82 229
83 219
83 574
84 105
84 216
85 223
87 211
88 884
89 203
89 254
89 428
91 203
91 217
96 232
98 110
99 227
101 203
101 322
101 434
101 438
101 682
101 765
101 952
104 122
105 125
105 428
105 452
105 536
105 674
105 849
106 215
106 428
108 234
110 203
110 224
110 345
110 498
110 503
110 713
110 826
110 911
110 925
112 243
113 119
113 574
114 205
114 387
114 481
114 891
114 903
116 281
117 216
119 204
119 734
119 770
119 861
120 212
120 786
122 203
122 820
122 935
126 428
126 439
126 523
127 204
127 315
127 517
127 577
127 622
127 836
127 989
133 204
133 309
133 404
133 450
134 883
135 218
142 242
142 390
142 428
146 204
146 802
148 239
149 158
149 165
149 183
149 185
150 158
150 203
150 217
150 226
150 244
150 281
150 519
151 802
152 226
154 255
154 883
155 245
156 158
156 215
157 238
158 203
158 410
158 680
158 854
164 258
165 265
165 428
165 824
165 899
165 934
167 206
171 225
171 254
173 206
179 281
180 245
180 645
183 404
183 428
183 520
183 668
183 688
183 850
185 195
185 199
185 205
185 306
185 478
185 819
185 955
190 574
193 519
193 574
203 204
203 205
203 206
203 207
203 208
203 209
203 210
203 211
203 212
203 213
203 214
203 215
203 216
203 217
203 218
203 219
203 220
203 221
203 222
203 223
203 224
203 225
203 226
203 227
203 228
203 229
203 230
203 231
203 232
203 233
203 234
203 235
203 236
203 237
203 238
203 239
203 240
203 241
203 242
203 243
203 244
203 245
203 246
203 247
203 248
203 249
203 250
203 251
203 252
203 253
203 254
203 255
203 256
203 257
203 258
204 213
204 230
204 259
204 281
204 304
204 387
204 545
204 546
204 572
204 573
204 574
204 575
204 576
204 577
204 578
204 579
204 580
204 581
205 214
205 237
205 261
205 270
205 428
205 434
205 454
205 479
205 512
205 517
205 519
205 520
205 531
205 545
205 566
205 572
205 605
205 616
205 636
205 645
205 677
205 781
205 782
205 783
205 784
205 785
205 786
205 787
206 307
206 318
206 337
206 338
206 399
206 546
206 564
206 639
206 733
206 858
207 210
207 212
207 215
207 254
207 454
207 519
207 781
208 259
208 264
208 305
208 483
208 505
208 610
208 642
208 738
208 761
208 766
208 788
208 855
208 868
208 869
208 870
208 871
208 872
208 873
208 874
209 242
210 259
210 330
210 392
210 430
210 458
210 503
210 593
210 702
210 736
210 791
210 805
210 828
210 919
210 926
210 929
210 930
211 241
211 324
211 331
211 439
211 480
211 484
211 605
211 653
211 711
211 892
211 935
211 940
211 941
212 305
212 429
212 430
212 563
215 345
215 378
215 440
215 476
215 767
215 775
215 787
215 836
215 839
215 882
215 944
216 221
216 302
216 667
217 319
217 957
217 981
218 278
218 417
218 489
218 587
218 614
218 917
219 379
219 384
219 496
219 516
219 626
219 699
219 806
219 942
219 982
220 240
220 304
220 779
220 857
222 242
223 269
223 423
223 590
225 603
225 761
225 784
225 793
226 398
226 602
226 725
226 968
227 546
227 594
227 598
228 280
228 322
228 382
228 953
229 279
229 420
229 472
229 661
229 823
229 833
230 783
231 303
231 397
231 824
232 260
232 878
232 951
233 389
233 631
233 706
233 782
234 406
234 638
235 314
235 352
235 481
235 509
235 964
236 257
238 260
238 524
238 898
239 274
239 455
239 542
239 719
240 747
242 430
242 972
243 340
243 435
243 740
243 874
244 310
244 474
244 895
244 921
245 320
245 671
245 690
245 718
246 290
246 312
246 486
246 636
247 263
247 319
248 266
248 348
248 461
248 509
248 905
248 946
249 374
249 520
249 920
249 929
250 278
250 432
250 460
250 923
251 329
251 382
251 788
252 264
252 473
252 531
252 631
252 738
252 765
253 393
253 591
253 834
253 957
255 439
255 451
255 460
256 604
256 890
256 956
257 685
258 934
258 943
259 270
259 281
261 580
262 747
270 288
270 305
270 415
270 517
270 589
270 607
270 729
270 838
270 872
270 952
272 579
278 574
279 884
281 367
281 503
281 575
281 696
281 798
281 852
281 949
281 992
281 996
282 519
287 519
306 783
313 677
318 574
328 390
337 428
338 488
346 390
374 428
374 802
389 579
390 411
390 428
390 477
390 824
406 786
410 645
422 581
424 566
428 457
428 488
428 520
428 564
428 589
428 594
428 601
428 706
428 747
428 802
428 824
428 883
428 884
434 454
439 781
443 781
454 583
457 802
463 601
480 519
484 566
488 646
512 727
512 877
519 573
519 664
519 710
519 734
519 821
519 879
519 918
519 921
519 935
529 580
532 574
539 574
546 574
556 601
566 801
570 884
574 678
574 842
574 966
574 981
574 982
575 580
579 582
579 710
580 824
581 600
581 733
581 929
599 747
601 655
601 777
616 743
616 967
645 844
664 783
675 781
677 733
692 802
733 747
747 809
747 817
747 946
766 781
781 821
781 875
783 945
786 799
802 880
871 883
883 933
