0 12
0 27
0 31
0 35
0 38
0 39
0 42
0 46
0 64
1 39
1 185
1 310
1 315
1 341
1 362
1 365
2 262
2 341
2 372
2 399
2 409
3 27
4 177
4 431
4 454
4 473
5 31
5 315
5 372
5 486
5 489
5 494
5 495
6 46
6 205
6 237
6 310
6 545
6 546
6 566
7 90
7 184
7 205
7 237
7 262
7 273
7 409
7 431
7 585
7 599
7 616
7 632
8 262
8 676
8 677
8 680
9 270
9 585
11 365
12 18
12 35
12 38
12 42
12 76
12 83
12 90
12 150
12 154
12 156
12 158
12 184
12 205
12 262
12 275
12 310
12 335
12 344
12 362
12 365
12 399
12 409
12 426
12 428
12 489
12 493
12 520
12 546
12 582
12 639
12 727
12 735
12 745
12 747
12 805
12 806
12 807
12 808
12 809
12 810
12 811
12 812
12 813
12 814
13 645
16 828
16 847
17 76
17 808
18 431
18 784
18 810
23 546
24 786
25 35
25 104
25 750
25 783
26 177
27 53
27 262
27 355
27 402
27 419
27 433
27 477
27 485
27 524
27 556
27 731
27 752
27 839
27 862
27 891
30 494
31 54
31 203
31 262
31 316
31 649
31 793
31 863
35 264
35 344
35 477
38 99
38 480
38 481
38 514
38 742
38 898
39 76
39 168
39 364
39 479
39 569
39 801
40 274
42 70
42 325
42 556
42 708
42 940
42 991
44 585
45 46
46 69
46 203
46 205
46 976
47 545
47 809
53 572
55 751
56 785
57 805
62 805
64 156
64 470
64 539
64 575
69 205
70 76
70 90
70 104
70 114
70 128
71 616
71 636
71 639
71 645
74 205
74 310
74 676
75 209
75 727
76 83
76 187
76 203
76 207
76 261
76 300
76 427
76 479
76 494
76 495
76 584
76 651
76 676
76 695
76 788
76 789
77 753
78 156
78 677
78 828
79 184
79 486
80 90
80 572
81 828
82 735
83 315
84 372
84 399
86 209
86 262
86 680
86 811
88 90
90 379
90 548
90 555
90 719
90 825
90 939
93 274
95 812
96 365
96 727
98 808
100 585
103 927
104 122
104 156
104 259
104 425
104 491
104 612
104 732
104 935
109 812
114 205
114 387
114 481
114 891
114 903
120 184
120 237
120 786
120 808
124 639
124 847
127 315
128 139
128 156
128 343
128 418
128 693
128 863
128 897
130 811
132 676
140 177
148 431
149 154
149 156
149 177
149 184
149 185
150 156
150 431
150 495
150 519
150 531
154 241
154 255
154 259
154 261
154 303
154 316
154 443
154 470
154 550
154 554
154 606
154 664
154 726
154 734
154 883
154 902
154 921
155 486
156 158
156 168
156 215
156 421
156 477
156 491
156 586
156 741
156 753
156 828
156 860
156 900
156 948
157 748
158 680
164 585
167 473
170 310
170 787
177 705
177 735
179 531
180 645
181 750
184 716
184 873
185 195
185 199
185 205
185 306
185 478
185 819
185 955
193 519
193 749
197 676
201 639
203 205
203 209
203 237
204 545
204 546
204 572
205 214
205 237
205 261
205 270
205 428
205 434
205 454
205 479
205 512
205 517
205 519
205 520
205 531
205 545
205 566
205 572
205 605
205 616
205 636
205 645
205 677
205 781
205 782
205 783
205 784
205 785
205 786
205 787
206 399
206 546
206 639
207 454
207 519
207 632
207 781
207 805
209 242
209 262
209 263
209 274
209 276
209 414
209 417
209 498
209 533
209 536
209 585
209 607
209 675
209 873
209 926
209 927
209 928
210 805
210 828
214 809
214 810
215 787
218 489
219 806
225 784
227 546
230 783
233 782
236 274
237 292
237 887
239 274
244 310
246 486
246 636
252 473
252 531
259 262
259 270
259 273
259 274
259 275
260 431
261 275
261 727
262 263
262 265
262 290
262 302
262 341
262 372
262 376
262 431
262 437
262 473
262 477
262 486
262 498
262 582
262 599
262 632
262 651
262 664
262 683
262 695
262 710
262 719
262 747
262 748
262 749
262 750
262 751
263 275
264 545
265 782
265 847
267 274
267 399
267 545
267 735
267 805
269 748
270 288
270 305
270 415
270 517
270 589
270 607
270 729
270 838
270 872
270 952
271 636
273 279
273 295
273 302
273 321
273 469
273 585
273 613
273 725
273 829
274 312
274 444
274 653
274 661
274 739
274 762
274 776
274 981
274 985
275 300
276 489
279 494
280 310
282 519
285 585
286 372
287 519
289 310
290 431
291 315
296 814
299 310
300 409
300 735
300 741
300 745
301 545
301 753
302 585
302 813
303 806
305 310
305 315
305 572
305 810
306 783
310 335
310 376
310 726
310 797
310 882
310 908
313 677
315 319
315 358
315 432
315 470
315 735
315 744
315 815
320 735
321 632
323 676
327 486
328 806
329 489
341 386
341 477
346 531
346 748
352 741
355 735
360 680
361 545
362 568
362 684
362 736
362 868
363 806
363 809
363 927
364 787
365 480
366 808
370 636
372 478
372 503
372 625
372 712
372 728
372 799
372 906
372 920
373 489
373 546
373 782
375 813
379 636
379 789
380 727
381 782
385 489
385 811
389 805
389 813
391 735
401 599
406 786
409 874
409 972
410 645
417 753
418 585
418 632
421 676
422 585
422 701
422 785
423 928
424 566
424 806
426 546
427 701
430 489
430 494
431 857
431 868
431 915
432 745
434 454
436 805
437 814
439 781
439 806
443 781
444 806
447 809
454 583
455 680
457 813
459 789
461 928
469 782
470 806
473 521
473 738
477 599
478 741
480 519
484 566
486 534
486 666
486 733
490 585
493 735
495 509
495 523
495 573
495 939
499 735
500 572
506 701
512 727
518 680
519 573
519 664
519 710
519 734
519 821
519 879
519 918
519 921
519 935
521 814
524 753
524 927
526 585
528 927
531 652
531 700
531 722
531 725
531 896
531 920
531 973
531 974
531 984
532 572
532 751
538 680
545 729
545 854
546 574
546 586
546 958
550 741
550 789
552 727
554 639
554 784
566 801
571 572
572 584
572 587
572 654
572 737
572 845
572 945
575 750
582 749
584 676
584 785
585 680
585 790
585 886
585 934
593 812
595 676
596 808
597 927
598 727
599 747
599 824
599 930
599 936
600 751
605 811
609 735
613 676
616 743
616 967
623 749
636 764
636 768
639 666
645 844
653 811
655 751
656 814
664 783
669 735
669 749
675 781
676 861
676 924
676 983
677 733
680 920
682 745
683 806
698 928
701 735
701 943
706 784
710 806
717 727
727 800
727 823
727 948
727 976
730 789
735 775
735 807
735 835
735 845
735 847
735 923
741 856
745 993
747 809
748 761
748 996
749 923
750 788
756 828
766 781
777 782
780 828
781 821
781 875
782 989
783 945
785 967
786 799
787 801
805 833
805 901
805 902
806 985
809 988
810 845
810 850
811 900
812 976
838 847
846 847
847 987
852 927
856 928
927 995
