0 1
0 3
0 11
0 15
0 22
0 23
0 39
1 2
1 3
1 4
1 5
1 6
1 7
1 9
1 11
1 14
1 15
1 19
1 22
1 23
1 26
1 39
1 70
1 77
1 80
1 82
1 105
1 132
1 149
1 150
1 153
1 161
1 170
1 185
1 203
1 204
1 208
1 211
1 217
1 221
1 228
1 235
1 236
1 259
1 260
1 261
1 267
1 300
1 301
1 302
1 303
1 304
1 305
1 306
1 307
1 308
1 309
1 310
1 311
1 312
1 313
1 314
1 315
1 316
1 317
1 318
1 319
1 320
1 321
1 322
1 323
1 324
1 325
1 326
1 327
1 328
1 329
1 330
1 331
1 332
1 333
1 334
1 335
1 336
1 337
1 338
1 339
1 340
1 341
1 342
1 343
1 344
1 345
1 346
1 347
1 348
1 349
1 350
1 351
1 352
1 353
1 354
1 355
1 356
1 357
1 358
1 359
1 360
1 361
1 362
1 363
1 364
1 365
1 366
1 367
1 368
1 369
2 3
2 303
2 317
2 318
2 323
2 328
2 341
2 346
2 379
3 26
3 27
3 43
3 70
3 78
3 125
3 174
3 223
3 239
3 259
3 279
3 371
3 377
3 417
3 418
3 419
3 420
3 421
3 422
3 423
3 424
3 425
3 426
4 77
4 208
4 238
4 348
4 431
4 442
5 78
5 80
5 99
5 311
5 315
6 77
6 78
6 303
6 337
7 23
7 77
7 80
7 161
7 260
7 267
7 303
7 327
7 345
7 349
7 357
7 360
7 431
7 583
7 597
8 22
8 303
8 304
8 335
8 442
8 677
9 11
11 203
11 259
11 265
11 272
11 277
11 282
11 302
11 365
11 429
11 451
11 490
11 524
11 705
11 710
11 796
11 797
11 798
11 799
12 156
12 335
12 344
12 362
13 334
13 338
13 379
14 211
15 150
15 166
15 220
15 222
15 261
15 427
15 430
15 433
15 518
15 562
15 876
15 877
16 325
17 318
18 312
18 431
19 105
19 304
20 267
21 323
22 28
22 203
22 339
22 480
22 602
22 641
22 660
22 667
22 672
22 688
22 719
22 775
22 960
23 207
23 232
23 546
23 818
23 909
24 311
25 323
25 368
26 330
27 355
30 323
33 78
33 80
34 325
35 344
36 311
38 99
39 76
39 168
39 364
39 479
39 569
39 801
41 208
41 217
42 325
43 260
43 597
44 311
47 77
48 540
49 327
52 665
53 99
56 325
58 304
59 353
60 357
62 369
62 669
63 303
64 156
69 323
70 77
70 78
70 80
70 94
70 98
70 99
70 105
70 118
71 94
71 235
71 236
71 267
71 345
72 211
72 260
72 317
72 658
73 304
73 311
74 80
74 170
74 312
74 327
75 361
77 83
77 91
77 172
77 181
77 271
77 298
77 321
77 332
77 377
77 381
77 480
77 526
77 562
77 596
77 628
77 633
77 739
77 753
77 767
77 790
77 791
77 792
77 793
77 794
77 795
78 85
78 94
78 98
78 138
78 150
78 156
78 284
78 307
78 326
78 331
78 363
78 379
78 467
78 664
78 677
78 721
78 828
78 829
78 830
78 831
78 832
79 353
80 83
80 90
80 164
80 165
80 183
80 215
80 256
80 309
80 380
80 403
80 434
80 551
80 552
80 572
80 592
80 652
80 761
80 857
80 860
80 861
80 862
82 98
82 208
82 336
83 315
84 105
84 597
84 666
84 791
85 260
85 583
85 665
86 340
86 792
87 211
89 342
89 369
90 379
91 217
91 366
94 103
94 150
94 376
94 628
94 671
94 904
94 951
96 666
98 110
98 413
98 418
98 668
98 808
98 824
98 830
98 897
98 989
98 990
99 169
99 227
99 260
99 314
99 316
99 352
99 537
99 594
99 674
99 991
103 170
104 156
105 125
105 428
105 452
105 536
105 674
105 849
107 349
109 303
110 345
112 311
118 136
118 189
118 260
118 481
118 578
118 706
118 726
118 849
118 893
118 938
118 959
127 315
128 156
132 348
137 361
141 832
148 431
149 156
149 161
149 170
149 179
149 185
150 156
150 217
150 260
150 304
150 311
150 317
150 336
150 348
150 350
150 431
150 540
151 260
151 356
152 312
153 337
154 303
155 260
155 318
155 330
156 158
156 168
156 215
156 421
156 477
156 491
156 586
156 741
156 753
156 828
156 860
156 900
156 948
157 238
157 328
160 442
161 191
161 265
161 479
161 527
161 774
162 304
166 344
168 325
170 310
170 787
170 840
170 869
170 997
173 791
175 303
176 794
179 260
179 264
179 281
179 531
179 575
179 798
179 888
179 992
182 330
185 195
185 199
185 205
185 306
185 478
185 819
185 955
187 369
194 260
194 317
201 669
203 208
203 211
203 217
203 221
203 228
203 235
203 236
203 238
204 304
205 677
206 318
206 337
206 338
208 259
208 264
208 305
208 483
208 505
208 610
208 642
208 738
208 761
208 766
208 788
208 855
208 868
208 869
208 870
208 871
208 872
208 873
208 874
210 330
210 791
211 241
211 324
211 331
211 439
211 480
211 484
211 605
211 653
211 711
211 892
211 935
211 940
211 941
215 345
216 221
217 319
217 957
217 981
219 379
220 304
221 518
221 824
221 910
222 832
228 280
228 322
228 382
228 953
231 303
232 260
232 951
235 314
235 352
235 481
235 509
235 964
236 257
236 274
236 590
236 615
236 757
236 834
236 943
238 260
238 524
238 898
241 379
243 340
246 312
248 348
259 260
259 267
260 263
260 271
260 278
260 284
260 307
260 427
260 431
260 442
260 477
260 479
260 508
260 527
260 540
260 552
260 583
260 596
260 597
260 612
260 658
260 664
260 665
260 666
260 667
260 668
260 669
260 670
260 671
260 672
260 673
260 674
261 317
261 325
262 341
262 431
263 344
266 658
267 274
267 399
267 524
267 534
267 545
267 640
267 735
267 746
267 790
267 805
267 931
269 333
274 312
278 442
279 792
281 367
282 794
283 304
283 347
290 431
291 315
293 337
294 328
294 348
297 325
299 325
300 311
300 330
300 334
301 359
303 308
303 339
303 380
303 397
303 439
303 549
303 584
303 652
303 664
303 729
303 763
303 806
303 837
303 838
303 839
303 840
304 364
304 511
304 591
304 657
304 742
304 841
305 315
305 357
305 583
305 597
306 673
308 597
310 335
311 444
311 557
311 576
311 708
311 711
311 796
311 848
311 858
312 375
312 418
312 480
312 493
312 528
312 675
312 679
312 888
312 917
313 677
315 319
315 358
315 432
315 470
315 735
315 744
315 815
316 951
317 319
317 329
317 471
317 524
317 535
317 612
317 630
317 959
318 475
318 574
318 709
318 717
318 829
318 890
320 368
321 951
323 457
323 661
323 676
323 888
324 359
325 445
325 490
325 556
325 588
325 687
325 966
327 437
327 464
327 486
327 516
327 534
327 648
328 390
328 411
328 415
328 430
328 449
328 726
328 793
328 795
328 797
328 806
328 842
328 876
330 449
332 792
333 480
333 725
333 868
333 897
334 591
334 688
334 761
334 972
335 526
335 700
336 584
336 603
336 726
337 428
337 670
337 800
337 877
338 488
338 521
338 558
338 763
338 804
340 381
340 517
340 733
340 874
340 956
341 386
341 477
342 433
342 487
342 584
342 942
342 985
343 422
345 743
346 354
346 373
346 390
346 531
346 651
346 744
346 748
346 947
346 960
347 413
347 696
347 728
347 733
347 987
348 378
348 465
348 667
348 913
349 373
349 778
350 437
350 508
350 575
350 596
351 422
353 449
353 590
353 879
353 888
353 909
355 598
355 609
355 735
355 831
355 851
356 438
356 520
356 728
357 480
359 389
359 551
360 680
360 702
360 933
360 994
361 430
361 545
362 568
362 684
362 736
362 868
366 670
366 686
366 808
367 575
367 593
367 922
368 421
368 550
369 771
373 665
379 388
379 435
379 452
379 550
379 635
379 636
379 649
379 789
379 796
380 540
388 422
392 665
422 581
422 585
422 701
422 785
422 815
422 825
422 827
422 875
422 895
422 943
422 963
422 983
431 857
431 868
431 915
432 666
442 620
442 762
442 886
442 919
446 658
450 583
454 583
456 669
477 673
486 666
520 583
523 951
525 791
526 794
540 690
540 834
541 583
578 665
583 648
583 707
583 718
583 853
593 669
597 760
597 913
597 927
606 792
613 832
639 666
658 731
658 844
665 733
665 762
665 820
665 835
665 844
669 670
669 735
669 749
669 772
669 967
671 673
673 777
677 733
792 857
792 906
792 998
794 841
832 882
