2 262
3 425
4 431
4 473
5 265
7 262
7 266
7 431
8 262
10 719
11 265
12 262
18 431
21 265
22 719
25 283
27 262
30 265
31 262
33 719
51 425
55 751
68 266
71 265
72 658
80 861
86 262
90 719
102 266
104 425
117 266
119 861
139 265
146 425
148 431
150 431
156 900
161 265
165 265
167 473
182 719
188 266
209 262
239 719
248 266
252 473
259 262
259 265
259 266
259 283
260 431
260 658
262 263
262 265
262 290
262 302
262 341
262 372
262 376
262 431
262 437
262 473
262 477
262 486
262 498
262 582
262 599
262 632
262 651
262 664
262 683
262 695
262 710
262 719
262 747
262 748
262 749
262 750
262 751
265 266
265 384
265 440
265 490
265 491
265 513
265 725
265 755
265 759
265 782
265 824
265 827
265 841
265 844
265 845
265 846
265 847
265 848
265 849
265 850
265 851
265 852
265 853
266 283
266 314
266 343
266 370
266 425
266 480
266 521
266 592
266 600
266 627
266 631
266 658
266 754
266 774
266 777
266 801
266 821
266 861
266 900
266 906
266 907
283 304
283 343
283 347
283 524
283 968
283 994
290 431
302 821
371 425
425 491
425 515
425 827
425 906
429 900
431 857
431 868
431 915
436 821
446 658
451 861
456 719
473 521
473 738
519 821
521 900
532 751
600 751
655 751
658 731
658 844
662 719
676 861
694 821
715 821
781 821
811 900
839 907
891 907
893 907
907 935
