0 7
0 33
1 7
2 409
6 152
7 9
7 14
7 23
7 25
7 28
7 30
7 33
7 49
7 70
7 72
7 73
7 74
7 75
7 77
7 79
7 80
7 82
7 84
7 90
7 107
7 110
7 112
7 120
7 149
7 152
7 160
7 161
7 168
7 171
7 176
7 184
7 192
7 193
7 196
7 205
7 207
7 210
7 225
7 237
7 254
7 259
7 260
7 262
7 264
7 266
7 267
7 273
7 289
7 300
7 301
7 302
7 303
7 308
7 327
7 345
7 349
7 357
7 360
7 370
7 374
7 375
7 383
7 397
7 407
7 409
7 413
7 417
7 419
7 429
7 431
7 434
7 436
7 447
7 463
7 464
7 478
7 480
7 485
7 500
7 508
7 523
7 547
7 550
7 561
7 574
7 575
7 577
7 582
7 583
7 584
7 585
7 586
7 587
7 588
7 589
7 590
7 591
7 592
7 593
7 594
7 595
7 596
7 597
7 598
7 599
7 600
7 601
7 602
7 603
7 604
7 605
7 606
7 607
7 608
7 609
7 610
7 611
7 612
7 613
7 614
7 615
7 616
7 617
7 618
7 619
7 620
7 621
7 622
7 623
7 624
7 625
7 626
7 627
7 628
7 629
7 630
7 631
7 632
7 633
7 634
8 152
12 409
13 625
18 595
33 78
33 80
33 220
33 480
33 719
33 966
57 152
58 606
68 595
71 616
79 590
136 152
149 152
152 155
152 160
152 178
152 198
152 226
152 259
152 295
152 312
152 375
152 438
152 445
152 484
152 497
152 529
152 541
152 634
152 720
152 726
152 728
152 766
152 815
152 824
152 825
152 826
152 827
154 606
164 614
175 606
205 616
207 632
218 614
223 590
236 590
262 632
263 590
272 590
282 614
300 409
301 606
317 630
321 632
353 590
372 625
397 590
409 874
409 972
418 632
434 620
434 625
442 620
449 590
524 630
525 595
525 630
554 595
557 590
558 595
560 590
575 630
587 614
590 603
590 610
590 698
590 815
590 822
590 834
590 929
590 982
595 676
595 987
606 792
606 937
614 795
616 743
616 967
620 675
620 762
625 653
