0 1
0 22
1 2
1 3
1 4
1 5
1 6
1 7
1 9
1 11
1 14
1 15
1 19
1 22
1 23
1 26
1 39
1 70
1 77
1 80
1 82
1 105
1 132
1 149
1 150
1 153
1 161
1 170
1 185
1 203
1 204
1 208
1 211
1 217
1 221
1 228
1 235
1 236
1 259
1 260
1 261
1 267
1 300
1 301
1 302
1 303
1 304
1 305
1 306
1 307
1 308
1 309
1 310
1 311
1 312
1 313
1 314
1 315
1 316
1 317
1 318
1 319
1 320
1 321
1 322
1 323
1 324
1 325
1 326
1 327
1 328
1 329
1 330
1 331
1 332
1 333
1 334
1 335
1 336
1 337
1 338
1 339
1 340
1 341
1 342
1 343
1 344
1 345
1 346
1 347
1 348
1 349
1 350
1 351
1 352
1 353
1 354
1 355
1 356
1 357
1 358
1 359
1 360
1 361
1 362
1 363
1 364
1 365
1 366
1 367
1 368
1 369
2 316
4 149
4 177
5 80
6 140
7 80
7 149
7 168
7 196
8 22
16 316
22 28
22 203
22 339
22 480
22 602
22 641
22 660
22 667
22 672
22 688
22 719
22 775
22 960
26 177
29 149
31 316
33 80
39 168
41 217
49 149
52 149
70 80
70 140
74 80
75 149
79 149
80 83
80 90
80 164
80 165
80 183
80 215
80 256
80 309
80 380
80 403
80 434
80 551
80 552
80 572
80 592
80 652
80 761
80 857
80 860
80 861
80 862
81 149
86 340
91 217
97 316
99 316
121 140
140 177
140 192
148 149
149 150
149 151
149 152
149 153
149 154
149 155
149 156
149 157
149 158
149 159
149 160
149 161
149 162
149 163
149 164
149 165
149 166
149 167
149 168
149 169
149 170
149 171
149 172
149 173
149 174
149 175
149 176
149 177
149 178
149 179
149 180
149 181
149 182
149 183
149 184
149 185
149 186
149 187
149 188
149 189
149 190
149 191
149 192
149 193
149 194
149 195
149 196
149 197
149 198
149 199
149 200
149 201
149 202
150 217
154 316
156 168
168 314
168 325
168 475
168 554
168 619
168 651
168 728
168 863
168 887
168 949
177 705
177 735
178 196
194 260
194 287
194 317
194 329
194 992
196 430
196 439
203 217
217 319
217 957
217 981
243 340
281 367
314 316
316 450
316 525
316 617
316 674
316 716
316 720
316 877
316 951
316 952
340 381
340 517
340 733
340 874
340 956
367 575
367 593
367 922
