0 23
1 23
1 340
1 347
2 389
4 207
7 23
7 207
7 210
7 632
12 76
17 76
19 389
20 210
23 207
23 232
23 546
23 818
23 909
31 863
39 76
59 212
70 76
76 83
76 187
76 203
76 207
76 261
76 300
76 427
76 479
76 494
76 495
76 584
76 651
76 676
76 695
76 788
76 789
81 207
82 525
86 340
95 863
100 525
109 525
109 956
112 207
112 243
113 733
120 212
128 863
130 207
150 525
168 863
202 389
203 207
203 210
203 212
203 243
206 733
207 210
207 212
207 215
207 254
207 259
207 296
207 309
207 373
207 389
207 436
207 454
207 519
207 525
207 591
207 632
207 692
207 733
207 781
207 805
207 863
207 864
207 865
210 259
210 330
210 392
210 430
210 458
210 503
210 593
210 702
210 736
210 791
210 805
210 828
210 919
210 926
210 929
210 930
212 305
212 429
212 430
212 563
233 389
243 340
243 435
243 740
243 874
256 956
262 632
283 347
300 733
305 733
316 525
321 632
340 381
340 517
340 733
340 874
340 956
343 863
347 413
347 696
347 728
347 733
347 987
359 389
374 525
374 733
389 579
389 686
389 710
389 805
389 813
389 865
389 894
389 968
398 733
400 733
418 632
439 956
450 733
459 733
486 733
525 554
525 595
525 630
525 791
536 863
561 956
581 733
665 733
677 733
686 863
709 733
733 747
733 878
777 956
803 956
863 887
