0 42
1 70
1 77
2 70
2 72
2 103
3 70
4 77
5 70
5 106
6 72
6 77
6 92
7 70
7 72
7 77
7 90
7 107
7 120
7 611
8 72
10 70
10 72
12 42
12 90
21 120
26 72
37 70
37 106
42 70
42 325
42 556
42 708
42 940
42 991
47 77
48 92
70 71
70 72
70 73
70 74
70 75
70 76
70 77
70 78
70 79
70 80
70 81
70 82
70 83
70 84
70 85
70 86
70 87
70 88
70 89
70 90
70 91
70 92
70 93
70 94
70 95
70 96
70 97
70 98
70 99
70 100
70 101
70 102
70 103
70 104
70 105
70 106
70 107
70 108
70 109
70 110
70 111
70 112
70 113
70 114
70 115
70 116
70 117
70 118
70 119
70 120
70 121
70 122
70 123
70 124
70 125
70 126
70 127
70 128
70 129
70 130
70 131
70 132
70 133
70 134
70 135
70 136
70 137
70 138
70 139
70 140
70 141
70 142
70 143
70 144
70 145
70 146
70 147
70 148
72 86
72 91
72 93
72 119
72 126
72 130
72 150
72 166
72 167
72 169
72 172
72 211
72 215
72 242
72 260
72 271
72 272
72 284
72 317
72 326
72 373
72 378
72 411
72 415
72 428
72 477
72 505
72 549
72 652
72 653
72 654
72 655
72 656
72 657
72 658
72 659
72 660
72 661
72 662
72 663
73 92
77 83
77 91
77 172
77 181
77 271
77 298
77 321
77 332
77 377
77 381
77 480
77 526
77 562
77 596
77 628
77 633
77 739
77 753
77 767
77 790
77 791
77 792
77 793
77 794
77 795
80 90
84 97
87 106
88 90
90 379
90 548
90 555
90 719
90 825
90 939
92 155
92 373
92 386
92 460
92 510
92 611
92 667
92 962
92 971
94 103
97 164
97 316
97 548
97 686
97 885
97 974
103 170
103 418
103 509
103 526
103 668
103 740
103 927
106 215
106 428
106 459
106 845
106 997
107 349
107 441
107 589
107 605
107 623
107 705
107 926
107 974
117 200
117 216
117 266
117 300
117 408
117 725
120 184
120 188
120 212
120 237
120 638
120 786
120 808
120 994
146 204
146 300
146 425
146 802
329 611
611 697
611 920
