1 300
1 326
2 300
2 409
5 300
7 300
7 409
7 583
8 688
12 409
12 520
19 742
22 688
22 960
36 825
38 742
72 326
73 300
74 768
76 300
78 326
80 183
85 300
85 583
85 688
90 825
117 300
119 734
146 300
149 183
150 520
152 825
154 734
155 300
155 825
166 326
175 520
182 300
183 404
183 428
183 520
183 668
183 688
183 850
204 576
205 520
214 300
230 960
249 520
260 583
275 300
287 960
296 300
300 305
300 306
300 311
300 320
300 326
300 330
300 334
300 339
300 371
300 409
300 427
300 478
300 499
300 520
300 654
300 687
300 725
300 733
300 734
300 735
300 736
300 737
300 738
300 739
300 740
300 741
300 742
300 743
300 744
300 745
300 746
304 742
305 583
311 576
314 576
326 732
326 858
334 688
346 960
356 520
373 734
391 995
396 768
409 874
409 972
422 825
428 520
450 583
451 768
454 583
456 734
465 734
475 825
479 825
510 995
519 734
520 555
520 576
520 583
520 715
520 768
520 825
521 734
541 583
543 825
554 576
554 825
583 648
583 707
583 718
583 853
604 742
636 768
667 995
688 960
688 995
722 825
734 936
927 995
