0 68
1 314
2 370
2 384
3 425
4 370
5 265
5 490
5 513
6 370
7 266
7 370
7 592
7 600
7 627
7 631
11 265
11 490
13 513
14 314
16 188
16 847
19 384
21 265
25 283
30 265
39 801
41 824
51 425
66 824
68 266
68 351
68 595
68 777
70 102
70 117
71 102
71 265
71 314
72 658
74 384
80 592
80 861
83 824
89 513
95 102
95 824
98 824
99 314
102 266
102 308
104 425
117 200
117 216
117 266
117 300
117 408
117 725
119 861
120 188
124 847
125 627
135 801
136 824
139 265
146 425
149 188
150 370
151 600
151 801
152 824
156 900
159 370
161 265
165 265
165 824
168 314
174 841
188 266
188 777
203 248
219 384
221 824
231 824
233 631
235 314
248 266
248 348
248 461
248 509
248 905
248 946
252 631
259 265
259 266
259 283
260 658
261 592
262 265
263 763
265 266
265 384
265 440
265 490
265 491
265 513
265 725
265 755
265 759
265 782
265 824
265 827
265 841
265 844
265 845
265 846
265 847
265 848
265 849
265 850
265 851
265 852
265 853
266 283
266 314
266 343
266 370
266 425
266 480
266 521
266 592
266 600
266 627
266 631
266 658
266 754
266 774
266 777
266 801
266 821
266 861
266 900
266 906
266 907
283 304
283 343
283 347
283 524
283 968
283 994
288 490
301 490
301 754
303 763
304 841
305 754
313 370
314 316
314 435
314 474
314 480
314 522
314 523
314 542
314 552
314 576
314 758
314 761
314 771
314 944
314 945
314 946
321 513
325 490
338 763
355 851
364 801
370 418
370 563
370 588
370 636
370 763
370 777
370 778
370 779
370 780
371 425
382 763
384 523
384 873
390 824
412 754
425 491
425 515
425 827
425 906
427 600
428 824
429 900
439 592
443 490
445 631
446 658
451 851
451 861
478 754
479 801
490 493
490 568
490 585
507 841
521 900
529 824
548 841
555 801
566 801
570 763
580 824
581 600
599 824
600 751
600 774
600 937
600 954
604 824
627 886
627 940
638 824
658 731
658 844
676 861
713 851
735 847
754 966
770 824
787 801
794 841
811 900
824 840
824 844
824 910
837 851
838 847
839 907
841 922
846 847
847 987
891 907
893 907
907 935
