0 1
0 3
0 8
1 2
1 3
1 4
1 5
1 6
1 7
1 9
1 11
1 14
1 15
1 19
1 22
1 23
1 26
1 39
1 70
1 77
1 80
1 82
1 105
1 132
1 149
1 150
1 153
1 161
1 170
1 185
1 203
1 204
1 208
1 211
1 217
1 221
1 228
1 235
1 236
1 259
1 260
1 261
1 267
1 300
1 301
1 302
1 303
1 304
1 305
1 306
1 307
1 308
1 309
1 310
1 311
1 312
1 313
1 314
1 315
1 316
1 317
1 318
1 319
1 320
1 321
1 322
1 323
1 324
1 325
1 326
1 327
1 328
1 329
1 330
1 331
1 332
1 333
1 334
1 335
1 336
1 337
1 338
1 339
1 340
1 341
1 342
1 343
1 344
1 345
1 346
1 347
1 348
1 349
1 350
1 351
1 352
1 353
1 354
1 355
1 356
1 357
1 358
1 359
1 360
1 361
1 362
1 363
1 364
1 365
1 366
1 367
1 368
1 369
2 3
2 203
2 341
2 346
3 26
3 27
3 43
3 70
3 78
3 125
3 174
3 223
3 239
3 259
3 279
3 371
3 377
3 417
3 418
3 419
3 420
3 421
3 422
3 423
3 424
3 425
3 426
4 203
4 427
5 8
5 80
5 307
6 203
6 306
7 80
7 349
7 357
8 13
8 18
8 22
8 71
8 72
8 73
8 79
8 111
8 152
8 153
8 157
8 203
8 216
8 262
8 263
8 272
8 298
8 303
8 304
8 324
8 335
8 339
8 354
8 392
8 394
8 395
8 418
8 420
8 427
8 435
8 442
8 455
8 477
8 488
8 492
8 512
8 522
8 530
8 535
8 543
8 564
8 569
8 584
8 594
8 609
8 675
8 676
8 677
8 678
8 679
8 680
8 681
8 682
8 683
8 684
8 685
8 686
8 687
8 688
8 689
8 690
8 691
8 692
8 693
8 694
9 203
10 203
11 203
11 365
12 365
15 427
16 325
16 352
18 312
19 105
22 203
27 355
31 203
33 80
34 203
34 325
42 325
46 203
50 203
56 203
56 325
60 357
62 369
70 80
70 105
71 332
71 427
74 80
74 170
74 312
74 332
75 361
76 203
76 427
77 332
78 307
78 363
80 83
80 90
80 164
80 165
80 183
80 215
80 256
80 309
80 380
80 403
80 434
80 551
80 552
80 572
80 592
80 652
80 761
80 857
80 860
80 861
80 862
82 336
84 105
86 340
89 203
89 358
89 369
91 203
96 365
99 352
100 427
101 203
103 170
105 125
105 428
105 452
105 536
105 674
105 849
107 349
110 203
122 203
137 361
141 427
149 170
150 203
150 306
150 336
150 427
150 543
151 427
152 312
158 203
168 325
170 310
170 787
170 840
170 869
170 997
181 427
185 306
187 369
199 306
203 204
203 205
203 206
203 207
203 208
203 209
203 210
203 211
203 212
203 213
203 214
203 215
203 216
203 217
203 218
203 219
203 220
203 221
203 222
203 223
203 224
203 225
203 226
203 227
203 228
203 229
203 230
203 231
203 232
203 233
203 234
203 235
203 236
203 237
203 238
203 239
203 240
203 241
203 242
203 243
203 244
203 245
203 246
203 247
203 248
203 249
203 250
203 251
203 252
203 253
203 254
203 255
203 256
203 257
203 258
206 307
217 319
235 352
243 340
246 312
247 319
260 307
260 427
261 325
262 341
274 312
297 325
299 325
300 306
300 427
301 427
305 357
306 423
306 478
306 497
306 673
306 690
306 783
307 467
307 591
307 844
307 882
308 427
312 375
312 418
312 480
312 493
312 528
312 675
312 679
312 888
312 917
315 319
315 358
317 319
319 436
319 517
319 541
319 966
320 358
325 445
325 490
325 556
325 588
325 687
325 966
332 479
332 596
332 642
332 792
336 584
336 603
336 726
340 381
340 517
340 733
340 874
340 956
341 386
341 477
346 354
346 373
346 390
346 531
346 651
346 744
346 748
346 947
346 960
349 373
349 778
352 741
355 598
355 609
355 735
355 831
355 851
357 480
358 440
361 430
361 545
363 806
363 809
363 927
365 480
369 771
375 427
427 594
427 600
427 615
427 671
427 691
427 695
427 696
427 697
427 698
427 699
427 700
427 701
427 702
427 703
543 687
543 722
543 825
