0 7
0 28
0 49
1 7
1 308
1 345
1 349
2 370
3 417
4 112
4 370
5 485
6 370
6 417
6 561
7 9
7 14
7 23
7 25
7 28
7 30
7 33
7 49
7 70
7 72
7 73
7 74
7 75
7 77
7 79
7 80
7 82
7 84
7 90
7 107
7 110
7 112
7 120
7 149
7 152
7 160
7 161
7 168
7 171
7 176
7 184
7 192
7 193
7 196
7 205
7 207
7 210
7 225
7 237
7 254
7 259
7 260
7 262
7 264
7 266
7 267
7 273
7 289
7 300
7 301
7 302
7 303
7 308
7 327
7 345
7 349
7 357
7 360
7 370
7 374
7 375
7 383
7 397
7 407
7 409
7 413
7 417
7 419
7 429
7 431
7 434
7 436
7 447
7 463
7 464
7 478
7 480
7 485
7 500
7 508
7 523
7 547
7 550
7 561
7 574
7 575
7 577
7 582
7 583
7 584
7 585
7 586
7 587
7 588
7 589
7 590
7 591
7 592
7 593
7 594
7 595
7 596
7 597
7 598
7 599
7 600
7 601
7 602
7 603
7 604
7 605
7 606
7 607
7 608
7 609
7 610
7 611
7 612
7 613
7 614
7 615
7 616
7 617
7 618
7 619
7 620
7 621
7 622
7 623
7 624
7 625
7 626
7 627
7 628
7 629
7 630
7 631
7 632
7 633
7 634
9 589
9 591
19 417
22 28
27 485
28 75
28 584
28 909
28 922
31 863
39 168
49 57
49 149
49 166
49 327
49 621
49 685
58 589
70 112
70 129
71 345
77 628
79 308
84 615
92 611
94 628
95 863
102 308
105 536
107 349
107 589
110 345
112 207
112 243
112 311
128 863
129 166
129 536
129 726
129 922
132 485
135 598
143 561
149 168
150 370
150 417
150 536
151 600
152 634
156 168
157 615
159 370
164 614
166 604
168 314
168 325
168 475
168 554
168 619
168 651
168 728
168 863
168 887
168 949
207 591
207 863
209 417
209 536
209 607
215 345
218 417
218 614
225 603
227 598
230 634
236 615
253 591
256 604
261 598
264 561
266 370
266 600
270 589
270 607
271 589
272 561
277 417
282 614
285 598
297 485
303 308
304 591
305 607
307 591
308 309
308 427
308 565
308 597
308 695
308 730
313 370
329 611
334 591
336 603
343 863
345 743
349 373
349 778
355 598
370 418
370 563
370 588
370 636
370 763
370 777
370 778
370 779
370 780
374 607
380 598
386 589
388 485
417 465
417 548
417 575
417 587
417 653
417 753
417 859
427 600
427 615
428 589
428 601
434 598
463 601
474 589
478 634
480 485
480 603
485 757
491 628
500 591
502 589
528 589
536 731
536 775
536 780
536 863
547 604
556 601
561 740
561 956
581 600
587 614
589 962
590 603
591 667
591 963
598 727
600 751
600 774
600 937
600 954
601 655
601 777
604 742
604 752
604 820
604 824
611 697
611 920
614 795
623 634
628 713
686 863
863 887
