0 5
0 36
0 38
0 44
1 5
1 211
1 314
1 333
2 5
2 372
4 432
4 456
4 462
5 8
5 14
5 16
5 24
5 31
5 34
5 36
5 52
5 70
5 71
5 78
5 80
5 96
5 99
5 106
5 115
5 124
5 127
5 144
5 150
5 175
5 202
5 206
5 230
5 231
5 258
5 259
5 261
5 265
5 280
5 291
5 300
5 307
5 311
5 315
5 320
5 371
5 372
5 405
5 459
5 462
5 472
5 477
5 478
5 479
5 480
5 481
5 482
5 483
5 484
5 485
5 486
5 487
5 488
5 489
5 490
5 491
5 492
5 493
5 494
5 495
5 496
5 497
5 498
5 499
5 500
5 501
5 502
5 503
5 504
5 505
5 506
5 507
5 508
5 509
5 510
5 511
5 512
5 513
5 514
5 515
5 516
6 432
7 480
8 477
8 492
8 522
12 38
12 489
12 493
13 513
14 211
14 314
17 936
22 480
24 477
25 522
27 477
33 480
34 502
35 477
36 263
36 311
36 771
36 825
37 480
38 99
38 480
38 481
38 514
38 742
38 898
44 75
44 311
44 480
44 585
44 700
44 744
44 935
50 522
54 477
70 144
71 314
71 480
72 211
72 477
75 462
77 480
79 483
84 372
86 477
86 738
87 211
87 432
89 477
89 483
89 513
99 314
107 926
134 480
141 144
144 261
144 949
149 175
150 477
150 492
150 502
150 522
156 477
168 314
171 477
175 259
175 303
175 520
175 606
175 610
175 947
175 957
187 480
187 522
203 211
208 483
208 738
209 926
210 926
211 241
211 324
211 331
211 439
211 480
211 484
211 605
211 653
211 711
211 892
211 935
211 940
211 941
215 944
218 489
235 314
248 905
248 946
250 432
252 738
260 477
262 372
262 477
265 513
266 314
266 480
269 333
276 489
280 480
286 372
296 477
297 477
300 738
305 432
305 480
312 480
312 493
314 316
314 435
314 474
314 480
314 522
314 523
314 542
314 552
314 576
314 758
314 761
314 771
314 944
314 945
314 946
315 432
321 513
322 480
329 489
333 480
333 725
333 868
333 897
341 477
357 480
365 480
371 492
372 478
372 503
372 625
372 712
372 728
372 799
372 906
372 920
373 483
373 489
374 480
378 944
378 946
385 477
385 489
390 477
429 502
429 522
430 480
430 489
432 437
432 460
432 480
432 517
432 557
432 643
432 666
432 745
432 916
434 926
436 477
439 480
441 483
446 480
450 477
453 905
455 905
456 522
456 659
456 669
456 719
456 734
456 778
456 926
456 936
462 712
462 730
463 936
473 738
477 478
477 507
477 517
477 582
477 588
477 599
477 641
477 673
477 679
477 682
477 690
477 704
477 705
477 706
477 707
477 708
477 709
480 481
480 485
480 518
480 519
480 603
480 643
480 738
480 757
480 778
480 822
480 843
480 899
480 902
480 903
480 904
480 905
483 761
483 834
483 870
483 922
483 935
487 522
490 493
492 530
492 584
492 647
492 843
493 498
493 735
502 589
522 527
522 892
522 920
522 961
522 967
522 977
575 977
599 936
602 905
638 944
640 977
693 944
734 936
738 882
747 946
764 977
772 977
826 946
911 944
944 957
