0 1
0 2
0 3
0 4
0 5
0 6
0 7
0 8
0 9
0 10
0 11
0 12
0 13
0 14
0 15
0 16
0 17
0 18
0 19
0 20
0 21
0 22
0 23
0 24
0 25
0 26
0 27
0 28
0 29
0 30
0 31
0 32
0 33
0 34
0 35
0 36
0 37
0 38
0 39
0 40
0 41
0 42
0 43
0 44
0 45
0 46
0 47
0 48
0 49
0 50
0 51
0 52
0 53
0 54
0 55
0 56
0 57
0 58
0 59
0 60
0 61
0 62
0 63
0 64
0 65
0 66
0 67
0 68
0 69
1 9
1 15
1 228
1 310
2 20
3 43
4 9
4 29
5 8
5 24
5 52
5 280
6 25
6 46
6 310
7 9
7 25
7 28
7 30
7 49
8 13
8 18
8 22
8 71
8 72
8 73
8 79
8 111
8 152
8 153
8 157
8 203
8 216
8 262
8 263
8 272
8 298
8 303
8 304
8 324
8 335
8 339
8 354
8 392
8 394
8 395
8 418
8 420
8 427
8 435
8 442
8 455
8 477
8 488
8 492
8 512
8 522
8 530
8 535
8 543
8 564
8 569
8 584
8 594
8 609
8 675
8 676
8 677
8 678
8 679
8 680
8 681
8 682
8 683
8 684
8 685
8 686
8 687
8 688
8 689
8 690
8 691
8 692
8 693
8 694
9 11
9 74
9 122
9 159
9 166
9 203
9 270
9 430
9 433
9 585
9 589
9 591
9 710
9 711
9 712
9 713
9 714
9 715
9 716
9 717
9 718
12 18
12 35
12 38
12 42
12 76
12 83
12 90
12 150
12 154
12 156
12 158
12 184
12 205
12 262
12 275
12 310
12 335
12 344
12 362
12 365
12 399
12 409
12 426
12 428
12 489
12 493
12 520
12 546
12 582
12 639
12 727
12 735
12 745
12 747
12 805
12 806
12 807
12 808
12 809
12 810
12 811
12 812
12 813
12 814
15 150
15 166
15 220
15 222
15 261
15 427
15 430
15 433
15 518
15 562
15 876
15 877
18 52
19 29
20 210
20 261
20 267
20 482
20 587
20 674
20 696
20 736
20 947
21 71
21 86
21 120
21 265
21 323
21 418
21 633
21 772
21 815
21 867
21 885
22 28
24 82
24 145
24 311
24 406
24 443
24 477
24 544
24 786
24 868
24 896
24 970
25 35
25 104
25 259
25 283
25 323
25 368
25 424
25 428
25 443
25 522
25 578
25 626
25 685
25 750
25 783
25 856
25 940
25 967
27 53
28 75
28 584
28 909
28 922
29 149
29 195
29 247
29 305
29 722
29 819
29 856
29 885
30 265
30 323
30 429
30 494
30 542
30 582
30 697
30 849
32 932
37 70
37 106
37 278
37 395
37 480
43 260
43 263
43 292
43 560
43 597
45 46
46 69
46 203
46 205
46 976
48 56
48 280
49 57
49 149
49 166
49 327
49 621
49 685
51 83
51 87
51 425
51 455
52 149
52 665
52 802
53 99
53 572
53 587
53 621
53 624
56 73
56 203
56 325
56 647
56 785
58 61
58 304
58 589
58 606
58 884
58 923
60 88
60 174
60 357
60 664
60 919
63 66
63 109
63 303
63 375
63 562
63 830
64 156
64 470
64 539
64 575
65 131
65 150
65 380
65 869
74 310
167 932
170 310
203 228
228 280
228 322
228 382
228 953
244 310
259 280
280 310
280 480
280 509
280 868
280 932
289 310
299 310
305 310
310 335
310 376
310 726
310 797
310 882
310 908
313 932
556 932
644 932
693 932
