0 10
0 24
1 317
2 10
2 72
2 317
2 372
2 411
2 415
4 91
4 172
4 428
4 450
5 24
5 372
5 477
5 478
5 503
6 72
6 428
6 478
6 549
7 72
7 478
7 588
7 599
8 72
8 477
8 679
9 712
10 70
10 72
10 85
10 167
10 203
10 234
10 406
10 418
10 564
10 586
10 587
10 675
10 719
10 720
10 721
10 722
10 723
10 724
12 428
13 517
24 82
24 145
24 311
24 406
24 443
24 477
24 544
24 786
24 868
24 896
24 970
25 428
26 72
27 477
35 477
45 517
54 428
54 477
67 411
70 72
70 91
70 119
70 130
72 86
72 91
72 93
72 119
72 126
72 130
72 150
72 166
72 167
72 169
72 172
72 211
72 215
72 242
72 260
72 271
72 272
72 284
72 317
72 326
72 373
72 378
72 411
72 415
72 428
72 477
72 505
72 549
72 652
72 653
72 654
72 655
72 656
72 657
72 658
72 659
72 660
72 661
72 662
72 663
73 517
73 549
75 662
77 91
77 172
78 284
80 215
81 517
84 372
85 588
86 477
89 130
89 428
89 477
91 203
91 217
91 366
91 393
91 533
91 854
91 973
91 974
99 169
105 428
106 215
106 428
110 503
113 119
119 204
119 734
119 770
119 861
125 679
126 428
127 517
130 207
130 811
133 450
142 428
143 478
148 503
149 169
149 172
150 317
150 411
150 477
150 517
156 215
156 477
165 428
166 169
169 259
169 289
169 986
169 996
171 477
172 434
172 532
172 537
172 978
183 428
185 478
194 317
197 662
203 215
205 428
205 517
207 215
210 503
215 345
215 378
215 440
215 476
215 767
215 775
215 787
215 836
215 839
215 882
215 944
259 284
260 284
260 477
260 658
260 673
261 317
262 372
262 477
262 599
266 658
266 906
268 478
268 517
270 415
270 517
271 712
277 517
281 503
284 642
284 728
284 757
284 881
284 968
286 372
286 549
296 477
297 477
300 478
303 549
305 517
306 478
306 673
312 679
316 450
317 319
317 329
317 471
317 524
317 535
317 612
317 630
317 959
319 517
325 588
328 411
328 415
337 428
340 517
341 477
370 588
372 478
372 503
372 625
372 712
372 728
372 799
372 906
372 920
373 415
373 588
374 428
382 517
385 477
390 411
390 428
390 477
394 662
401 599
418 679
425 906
428 457
428 488
428 520
428 564
428 589
428 594
428 601
428 706
428 747
428 802
428 824
428 883
428 884
430 549
432 517
436 477
445 906
446 658
450 477
450 583
450 650
450 707
450 733
450 853
453 549
462 712
477 478
477 507
477 517
477 582
477 588
477 599
477 641
477 673
477 679
477 682
477 690
477 704
477 705
477 706
477 707
477 708
477 709
478 626
478 634
478 739
478 741
478 754
478 771
478 772
478 773
503 826
507 679
510 588
515 906
517 547
517 637
517 704
517 709
517 777
517 838
517 844
517 857
517 866
517 867
524 679
542 549
549 678
549 686
549 816
575 712
588 640
599 747
599 824
599 930
599 936
658 731
658 844
662 719
671 673
673 777
679 991
712 714
712 856
712 980
792 906
