0 8
0 18
0 44
1 203
1 228
2 203
2 392
4 203
4 263
4 435
5 8
5 71
5 480
6 71
6 152
6 203
7 152
7 480
7 609
8 13
8 18
8 22
8 71
8 72
8 73
8 79
8 111
8 152
8 153
8 157
8 203
8 216
8 262
8 263
8 272
8 298
8 303
8 304
8 324
8 335
8 339
8 354
8 392
8 394
8 395
8 418
8 420
8 427
8 435
8 442
8 455
8 477
8 488
8 492
8 512
8 522
8 530
8 535
8 543
8 564
8 569
8 584
8 594
8 609
8 675
8 676
8 677
8 678
8 679
8 680
8 681
8 682
8 683
8 684
8 685
8 686
8 687
8 688
8 689
8 690
8 691
8 692
8 693
8 694
9 203
10 203
10 675
11 203
11 272
12 18
12 158
13 675
13 683
16 392
16 609
17 111
18 32
18 52
18 180
18 225
18 312
18 329
18 431
18 465
18 595
18 784
18 810
18 833
18 848
18 893
18 914
18 937
18 938
18 939
21 71
22 203
22 480
22 688
31 203
33 480
34 203
36 263
37 480
38 480
43 263
44 75
44 311
44 480
44 585
44 700
44 744
44 935
46 203
50 203
56 203
57 152
59 71
66 263
70 71
70 111
71 73
71 74
71 82
71 94
71 102
71 173
71 182
71 190
71 204
71 206
71 235
71 236
71 259
71 265
71 267
71 277
71 313
71 314
71 332
71 345
71 380
71 424
71 427
71 433
71 437
71 444
71 480
71 553
71 573
71 582
71 616
71 635
71 636
71 637
71 638
71 639
71 640
71 641
71 642
71 643
71 644
71 645
71 646
71 647
71 648
71 649
71 650
71 651
72 272
74 213
74 676
76 203
76 676
77 298
77 480
79 272
83 683
85 688
86 530
89 203
91 203
96 435
101 203
101 682
109 111
110 203
111 447
111 859
111 982
122 203
132 676
134 480
136 152
141 744
149 152
149 158
150 158
150 203
150 530
150 543
151 263
152 155
152 160
152 178
152 198
152 226
152 259
152 295
152 312
152 375
152 438
152 445
152 484
152 497
152 529
152 541
152 634
152 720
152 726
152 728
152 766
152 815
152 824
152 825
152 826
152 827
154 255
156 158
158 203
158 410
158 680
158 854
183 688
186 213
187 480
197 676
203 204
203 205
203 206
203 207
203 208
203 209
203 210
203 211
203 212
203 213
203 214
203 215
203 216
203 217
203 218
203 219
203 220
203 221
203 222
203 223
203 224
203 225
203 226
203 227
203 228
203 229
203 230
203 231
203 232
203 233
203 234
203 235
203 236
203 237
203 238
203 239
203 240
203 241
203 242
203 243
203 244
203 245
203 246
203 247
203 248
203 249
203 250
203 251
203 252
203 253
203 254
203 255
203 256
203 257
203 258
204 213
205 214
209 263
209 675
210 392
211 480
213 264
213 418
213 652
213 654
213 743
213 924
214 287
214 300
214 479
214 777
214 796
214 809
214 810
214 891
224 272
228 280
228 322
228 382
228 953
243 435
247 263
255 439
255 451
255 460
259 263
259 272
259 298
260 263
262 263
262 683
263 264
263 275
263 302
263 305
263 344
263 438
263 451
263 518
263 590
263 617
263 657
263 714
263 761
263 762
263 763
263 764
263 765
263 766
263 767
266 480
272 387
272 504
272 561
272 579
272 590
272 681
272 799
272 835
272 984
280 480
286 435
291 682
298 375
298 398
298 414
298 999
300 744
305 480
312 480
312 675
314 435
314 480
315 744
322 480
323 676
333 480
334 688
335 700
339 744
346 744
355 609
357 480
365 480
374 480
379 435
380 682
383 435
388 691
392 401
392 602
392 665
392 896
395 435
421 676
427 691
427 700
430 435
430 480
432 480
435 523
435 584
435 629
435 715
435 877
435 953
439 480
446 480
452 682
463 691
477 682
480 481
480 485
480 518
480 519
480 603
480 643
480 738
480 757
480 778
480 822
480 843
480 899
480 902
480 903
480 904
480 905
491 682
492 530
524 691
530 777
531 700
543 687
543 722
543 825
565 609
577 682
584 676
595 676
609 735
609 933
613 676
620 675
621 744
675 781
675 934
675 970
676 861
676 924
676 983
682 745
682 881
683 755
683 806
683 820
688 960
688 995
700 871
