2 379
2 395
4 435
4 461
5 96
5 484
6 484
6 556
7 523
7 584
8 395
8 435
8 584
9 715
12 76
12 727
13 286
13 379
14 484
15 877
16 556
17 76
19 108
27 556
28 584
28 922
37 395
39 76
42 556
46 976
48 912
53 572
56 785
64 539
67 584
70 76
70 96
70 108
73 539
75 727
76 83
76 187
76 203
76 207
76 261
76 300
76 427
76 479
76 494
76 495
76 584
76 651
76 676
76 695
76 788
76 789
78 379
80 572
89 395
89 953
90 379
96 173
96 232
96 365
96 430
96 435
96 484
96 556
96 655
96 666
96 727
96 859
96 878
96 925
96 958
108 234
108 388
108 497
108 584
108 708
108 868
108 919
110 925
111 859
126 523
129 922
150 523
150 539
152 484
155 922
166 878
204 572
205 572
205 785
207 865
211 484
219 379
224 823
228 953
229 823
230 556
232 878
241 379
243 435
248 461
259 286
261 727
276 523
286 372
286 435
286 549
297 865
299 556
302 715
302 823
303 584
305 572
305 878
309 859
314 435
314 523
316 877
325 556
336 584
337 877
342 584
367 922
373 925
379 388
379 435
379 452
379 550
379 635
379 636
379 649
379 789
379 796
380 727
383 435
383 461
384 523
388 912
389 865
393 953
395 435
403 484
416 958
417 859
422 785
430 435
430 912
435 523
435 584
435 629
435 715
435 877
435 953
437 976
445 950
448 461
455 958
461 593
461 704
461 915
461 928
461 976
479 584
483 922
484 566
484 725
484 929
492 584
495 523
500 572
506 925
512 727
512 877
520 715
523 573
523 951
529 539
532 572
539 574
539 584
539 756
539 994
546 958
552 727
556 601
556 655
556 932
571 572
572 584
572 587
572 654
572 737
572 845
572 945
584 593
584 676
584 703
584 759
584 785
584 865
584 912
584 922
584 950
593 976
598 727
610 715
613 953
617 877
653 958
710 823
715 821
717 727
725 922
726 950
726 958
727 800
727 823
727 948
727 976
733 878
736 878
737 859
778 877
785 967
807 877
812 976
836 925
841 922
845 950
857 865
869 878
869 950
877 933
901 976
911 925
912 916
915 976
922 986
948 976
972 976
