0 5
0 20
0 34
1 5
1 259
1 260
1 320
1 330
2 5
2 20
2 121
2 259
2 405
3 259
4 459
5 8
5 14
5 16
5 24
5 31
5 34
5 36
5 52
5 70
5 71
5 78
5 80
5 96
5 99
5 106
5 115
5 124
5 127
5 144
5 150
5 175
5 202
5 206
5 230
5 231
5 258
5 259
5 261
5 265
5 280
5 291
5 300
5 307
5 311
5 315
5 320
5 371
5 372
5 405
5 459
5 462
5 472
5 477
5 478
5 479
5 480
5 481
5 482
5 483
5 484
5 485
5 486
5 487
5 488
5 489
5 490
5 491
5 492
5 493
5 494
5 495
5 496
5 497
5 498
5 499
5 500
5 501
5 502
5 503
5 504
5 505
5 506
5 507
5 508
5 509
5 510
5 511
5 512
5 513
5 514
5 515
5 516
6 259
6 290
6 478
6 488
7 210
7 259
7 260
7 478
7 485
7 500
8 488
8 512
11 259
12 489
13 488
14 259
20 210
20 261
20 267
20 482
20 587
20 674
20 696
20 736
20 947
25 259
26 330
27 485
34 203
34 325
34 374
34 502
34 602
34 779
34 817
34 843
34 898
34 978
43 260
48 259
70 96
70 115
70 121
70 127
71 259
72 260
72 505
79 115
79 486
84 259
85 260
87 115
96 173
96 232
96 365
96 430
96 435
96 484
96 556
96 655
96 666
96 727
96 859
96 878
96 925
96 958
99 260
104 259
106 459
107 926
108 497
110 498
115 481
118 260
121 140
121 259
121 430
121 761
125 259
127 204
127 315
127 517
127 577
127 622
127 836
127 989
132 485
143 478
150 260
151 260
152 259
152 497
153 259
154 259
155 260
155 330
155 486
157 487
166 505
169 259
175 259
179 260
182 330
185 478
194 260
195 487
203 210
204 259
205 512
207 210
207 259
208 259
208 505
209 498
209 926
210 259
210 330
210 392
210 430
210 458
210 503
210 593
210 702
210 736
210 791
210 805
210 828
210 919
210 926
210 929
210 930
218 489
232 260
238 260
245 320
246 290
246 486
259 260
259 261
259 262
259 263
259 264
259 265
259 266
259 267
259 268
259 269
259 270
259 271
259 272
259 273
259 274
259 275
259 276
259 277
259 278
259 279
259 280
259 281
259 282
259 283
259 284
259 285
259 286
259 287
259 288
259 289
259 290
259 291
259 292
259 293
259 294
259 295
259 296
259 297
259 298
259 299
260 263
260 271
260 278
260 284
260 307
260 427
260 431
260 442
260 477
260 479
260 508
260 527
260 540
260 552
260 583
260 596
260 597
260 612
260 658
260 664
260 665
260 666
260 667
260 668
260 669
260 670
260 671
260 672
260 673
260 674
261 320
262 290
262 486
262 498
268 478
272 504
276 489
277 501
290 418
290 431
290 650
297 485
300 320
300 330
300 478
306 478
306 497
320 358
320 368
320 735
320 840
320 855
327 486
329 489
330 449
338 488
342 487
371 405
372 478
373 489
375 501
380 487
385 489
388 485
405 755
405 761
405 764
405 843
418 504
421 501
428 488
429 504
430 489
433 487
434 926
456 926
459 733
459 789
459 933
460 505
477 478
478 626
478 634
478 739
478 741
478 754
478 771
478 772
478 773
480 485
485 757
486 534
486 666
486 733
487 522
488 646
493 498
497 800
500 572
500 591
500 721
501 706
501 710
501 989
504 725
512 727
512 877
