0 8
0 13
0 18
1 303
1 304
1 324
1 335
1 354
2 216
2 262
2 303
2 392
2 394
3 420
4 13
4 157
4 394
4 420
4 435
4 442
4 455
5 8
5 71
5 512
6 13
6 71
6 152
6 303
6 564
6 569
7 152
7 262
7 303
7 609
8 13
8 18
8 22
8 71
8 72
8 73
8 79
8 111
8 152
8 153
8 157
8 203
8 216
8 262
8 263
8 272
8 298
8 303
8 304
8 324
8 335
8 339
8 354
8 392
8 394
8 395
8 418
8 420
8 427
8 435
8 442
8 455
8 477
8 488
8 492
8 512
8 522
8 530
8 535
8 543
8 564
8 569
8 584
8 594
8 609
8 675
8 676
8 677
8 678
8 679
8 680
8 681
8 682
8 683
8 684
8 685
8 686
8 687
8 688
8 689
8 690
8 691
8 692
8 693
8 694
10 564
11 272
12 18
12 262
12 335
13 16
13 150
13 180
13 264
13 286
13 322
13 334
13 338
13 379
13 488
13 513
13 517
13 625
13 645
13 675
13 683
13 767
13 815
13 816
13 817
13 818
13 819
13 820
16 392
16 609
17 111
18 32
18 52
18 180
18 225
18 312
18 329
18 431
18 465
18 595
18 784
18 810
18 833
18 848
18 893
18 914
18 937
18 938
18 939
19 304
19 535
19 692
21 71
22 688
25 522
25 685
27 262
31 262
39 569
45 678
48 324
49 685
50 522
51 455
57 152
58 304
59 71
63 303
70 71
70 111
71 73
71 74
71 82
71 94
71 102
71 173
71 182
71 190
71 204
71 206
71 235
71 236
71 259
71 265
71 267
71 277
71 313
71 314
71 332
71 345
71 380
71 424
71 427
71 433
71 437
71 444
71 480
71 553
71 573
71 582
71 616
71 635
71 636
71 637
71 638
71 639
71 640
71 641
71 642
71 643
71 644
71 645
71 646
71 647
71 648
71 649
71 650
71 651
72 272
73 304
74 676
75 157
75 684
76 676
78 677
79 272
83 535
83 569
83 694
84 216
85 688
86 262
86 530
89 569
96 435
97 686
101 682
109 111
109 303
111 447
111 859
111 982
117 216
125 679
128 693
132 676
136 152
149 152
149 157
150 304
150 522
150 530
150 535
150 543
152 155
152 160
152 178
152 198
152 226
152 259
152 295
152 312
152 375
152 438
152 445
152 484
152 497
152 529
152 541
152 634
152 720
152 726
152 728
152 766
152 815
152 824
152 825
152 826
152 827
154 303
155 324
157 238
157 269
157 328
157 487
157 521
157 615
157 736
157 748
157 887
157 899
160 442
162 304
163 420
164 689
175 303
183 688
186 455
187 522
197 676
203 216
204 304
205 512
205 677
206 564
207 692
209 262
210 392
211 324
216 221
216 302
216 667
220 304
222 324
224 272
229 420
231 303
239 455
243 435
245 690
257 685
259 262
259 272
260 442
261 455
261 678
262 263
262 265
262 290
262 302
262 341
262 372
262 376
262 431
262 437
262 473
262 477
262 486
262 498
262 582
262 599
262 632
262 651
262 664
262 683
262 695
262 710
262 719
262 747
262 748
262 749
262 750
262 751
272 387
272 504
272 561
272 579
272 590
272 681
272 799
272 835
272 984
278 442
279 420
283 304
286 435
291 682
293 394
303 308
303 339
303 380
303 397
303 439
303 549
303 584
303 652
303 664
303 729
303 763
303 806
303 837
303 838
303 839
303 840
304 364
304 511
304 591
304 657
304 742
304 841
306 690
310 335
312 679
313 677
314 435
314 522
317 535
321 324
323 676
324 359
324 668
324 979
331 455
334 688
335 526
335 700
346 354
354 391
354 550
355 609
362 684
366 686
373 684
373 693
379 435
380 682
383 435
388 689
388 691
389 686
392 401
392 602
392 665
392 896
394 414
394 443
394 445
394 559
394 662
394 708
394 835
395 435
416 689
418 679
421 676
427 691
428 564
429 522
429 684
430 435
435 523
435 584
435 629
435 715
435 877
435 953
442 620
442 762
442 886
442 919
443 685
452 682
455 680
455 905
455 924
455 958
456 522
463 691
463 692
477 679
477 682
477 690
487 522
491 682
492 530
507 679
512 727
512 877
522 527
522 892
522 920
522 961
522 967
522 977
524 679
524 691
524 694
530 777
532 678
535 943
540 690
543 687
543 722
543 825
544 678
549 678
549 686
564 952
565 609
574 678
577 682
584 676
586 678
595 676
602 685
609 735
609 933
613 676
622 694
659 689
676 861
676 924
676 983
677 733
678 842
678 904
678 990
679 991
682 745
682 881
684 721
686 863
688 960
688 995
689 899
692 802
693 931
693 932
693 944
694 821
