0 8
0 10
0 31
0 34
0 46
0 50
0 56
1 203
1 204
1 221
1 228
1 235
1 236
2 10
2 203
2 206
3 223
3 239
4 203
4 204
4 206
4 207
4 218
4 233
4 238
4 244
4 247
5 8
5 31
5 34
5 206
5 231
6 46
6 203
6 204
6 218
6 237
7 207
7 237
8 13
8 18
8 22
8 71
8 72
8 73
8 79
8 111
8 152
8 153
8 157
8 203
8 216
8 262
8 263
8 272
8 298
8 303
8 304
8 324
8 335
8 339
8 354
8 392
8 394
8 395
8 418
8 420
8 427
8 435
8 442
8 455
8 477
8 488
8 492
8 512
8 522
8 530
8 535
8 543
8 564
8 569
8 584
8 594
8 609
8 675
8 676
8 677
8 678
8 679
8 680
8 681
8 682
8 683
8 684
8 685
8 686
8 687
8 688
8 689
8 690
8 691
8 692
8 693
8 694
9 203
10 70
10 72
10 85
10 167
10 203
10 234
10 406
10 418
10 564
10 586
10 587
10 675
10 719
10 720
10 721
10 722
10 723
10 724
11 203
14 224
15 222
22 203
23 207
23 232
29 247
31 54
31 203
31 262
31 316
31 649
31 793
31 863
34 203
34 325
34 374
34 502
34 602
34 779
34 817
34 843
34 898
34 978
45 46
45 251
46 69
46 203
46 205
46 976
48 56
50 89
50 203
50 373
50 522
50 889
56 73
56 203
56 325
56 647
56 785
70 101
71 204
71 206
71 235
71 236
75 209
76 203
76 207
81 207
82 229
83 219
85 223
86 209
89 203
91 203
96 232
99 227
101 203
101 322
101 434
101 438
101 682
101 765
101 952
110 203
110 224
112 207
112 243
119 204
120 237
122 203
125 240
127 204
130 207
133 204
135 218
146 204
148 239
150 203
150 226
150 244
152 226
154 241
155 245
157 238
158 203
167 206
173 206
180 245
203 204
203 205
203 206
203 207
203 208
203 209
203 210
203 211
203 212
203 213
203 214
203 215
203 216
203 217
203 218
203 219
203 220
203 221
203 222
203 223
203 224
203 225
203 226
203 227
203 228
203 229
203 230
203 231
203 232
203 233
203 234
203 235
203 236
203 237
203 238
203 239
203 240
203 241
203 242
203 243
203 244
203 245
203 246
203 247
203 248
203 249
203 250
203 251
203 252
203 253
203 254
203 255
203 256
203 257
203 258
204 213
204 230
204 259
204 281
204 304
204 387
204 545
204 546
204 572
204 573
204 574
204 575
204 576
204 577
204 578
204 579
204 580
204 581
205 214
205 237
206 307
206 318
206 337
206 338
206 399
206 546
206 564
206 639
206 733
206 858
207 210
207 212
207 215
207 254
207 259
207 296
207 309
207 373
207 389
207 436
207 454
207 519
207 525
207 591
207 632
207 692
207 733
207 781
207 805
207 863
207 864
207 865
209 242
209 262
209 263
209 274
209 276
209 414
209 417
209 498
209 533
209 536
209 585
209 607
209 675
209 873
209 926
209 927
209 928
211 241
214 287
214 300
214 479
214 777
214 796
214 809
214 810
214 891
216 221
218 278
218 417
218 489
218 587
218 614
218 917
219 379
219 384
219 496
219 516
219 626
219 699
219 806
219 942
219 982
220 240
221 518
221 824
221 910
222 242
222 324
222 373
222 407
222 496
222 832
223 269
223 423
223 590
224 272
224 582
224 649
224 823
224 904
224 984
226 398
226 602
226 725
226 968
227 546
227 594
227 598
228 280
228 322
228 382
228 953
229 279
229 420
229 472
229 661
229 823
229 833
231 303
231 397
231 824
232 260
232 878
232 951
233 389
233 631
233 706
233 782
235 314
235 352
235 481
235 509
235 964
236 257
236 274
236 590
236 615
236 757
236 834
236 943
237 292
237 887
238 260
238 524
238 898
239 274
239 455
239 542
239 719
240 747
240 857
240 993
241 375
241 379
243 340
243 435
243 740
243 874
244 310
244 474
244 895
244 921
245 320
245 671
245 690
245 718
247 263
247 319
248 266
248 348
248 461
248 509
248 905
248 946
249 374
249 520
249 920
249 929
250 278
250 432
250 460
250 923
251 329
251 382
251 788
252 264
252 473
252 531
252 631
252 738
252 765
253 393
253 591
253 834
253 957
