0 29
0 49
0 52
1 149
1 153
1 161
1 170
1 185
2 162
3 174
4 29
4 149
4 157
4 159
4 172
4 177
4 198
5 52
5 202
6 197
7 49
7 149
7 160
7 161
7 168
7 171
7 176
7 184
7 193
8 153
8 157
9 159
10 167
12 154
12 184
13 180
18 52
18 180
19 29
19 758
26 155
26 177
29 149
29 195
29 247
29 305
29 722
29 819
29 856
29 885
39 168
45 151
47 153
49 57
49 149
49 166
49 327
49 621
49 685
52 149
52 665
52 802
55 155
60 174
61 153
70 148
71 173
71 190
72 167
72 169
72 172
73 155
74 170
75 149
75 157
76 187
77 172
77 794
79 149
79 176
79 184
80 164
80 165
80 183
81 149
81 164
85 160
86 167
87 198
88 174
92 155
96 173
97 164
99 169
100 758
103 170
116 151
117 200
118 189
120 184
131 160
140 177
141 151
148 149
148 239
148 431
148 503
149 150
149 151
149 152
149 153
149 154
149 155
149 156
149 157
149 158
149 159
149 160
149 161
149 162
149 163
149 164
149 165
149 166
149 167
149 168
149 169
149 170
149 171
149 172
149 173
149 174
149 175
149 176
149 177
149 178
149 179
149 180
149 181
149 182
149 183
149 184
149 185
149 186
149 187
149 188
149 189
149 190
149 191
149 192
149 193
149 194
149 195
149 196
149 197
149 198
149 199
149 200
149 201
149 202
150 153
150 159
150 162
150 190
151 260
151 263
151 356
151 418
151 427
151 479
151 537
151 600
151 776
151 800
151 801
151 802
151 803
151 804
152 155
152 160
152 198
153 259
153 337
153 707
153 911
153 919
154 241
154 255
154 259
154 261
154 303
154 316
154 443
154 470
154 550
154 554
154 606
154 664
154 726
154 734
154 883
154 902
154 921
155 245
155 260
155 300
155 318
155 324
155 330
155 486
155 619
155 796
155 816
155 825
155 903
155 922
155 923
156 168
157 238
157 269
157 328
157 487
157 521
157 615
157 736
157 748
157 887
157 899
159 192
159 370
160 178
160 439
160 442
160 518
160 720
161 191
161 265
161 479
161 527
161 774
162 261
162 304
162 756
164 258
164 388
164 416
164 433
164 526
164 533
164 550
164 585
164 614
164 618
164 689
164 980
165 265
165 428
165 824
165 899
165 934
166 169
167 206
167 473
167 671
167 880
167 932
167 949
168 314
168 325
168 475
168 554
168 619
168 651
168 728
168 863
168 887
168 949
169 259
169 289
169 986
169 996
170 310
170 787
170 840
170 869
170 997
171 178
171 225
171 254
171 261
171 375
171 477
171 858
171 908
171 959
172 434
172 532
172 537
172 978
173 206
173 562
173 635
173 659
173 702
173 773
173 791
173 901
174 437
174 726
174 841
174 930
174 961
176 550
176 638
176 758
176 774
176 794
176 886
176 916
177 705
177 735
179 260
179 264
179 281
179 531
179 575
179 798
179 888
179 992
180 245
180 261
180 448
180 464
180 624
180 645
180 826
180 920
183 404
183 428
183 520
183 668
183 688
183 850
184 716
184 873
185 195
185 199
185 205
185 306
185 478
185 819
185 955
186 213
186 455
186 527
186 914
186 924
186 933
187 369
187 479
187 480
187 522
187 755
189 416
189 602
189 655
189 699
190 574
190 894
193 391
193 511
193 519
193 574
193 749
194 260
194 287
194 317
194 329
194 992
197 524
197 662
197 676
197 774
198 638
200 402
200 521
200 779
201 619
201 637
201 639
201 669
202 389
202 551
202 852
282 794
301 758
314 758
526 794
794 841
