4 351
10 97
10 103
13 507
18 507
19 97
21 507
22 417
23 161
23 419
23 425
23 431
23 432
23 434
23 436
23 437
23 439
23 440
23 442
23 454
23 455
23 457
26 599
28 172
45 165
54 877
84 187
95 502
97 505
97 507
97 508
103 357
103 570
104 506
110 507
125 143
128 463
143 261
143 606
149 463
150 895
158 161
161 446
161 457
162 163
162 164
162 165
163 166
163 167
164 170
164 171
164 172
164 173
164 174
164 175
165 168
165 172
165 173
165 176
165 177
165 178
165 179
165 180
165 181
165 182
166 167
166 184
166 187
166 334
166 502
166 631
166 633
166 634
166 635
166 636
166 637
166 638
166 639
167 187
167 502
167 632
167 635
167 636
167 639
167 644
167 748
168 178
169 853
169 854
170 179
170 180
171 175
171 177
171 404
171 973
172 176
172 177
172 180
172 181
172 995
173 174
173 516
174 625
175 181
175 995
177 995
178 576
179 419
184 187
185 189
187 504
187 632
187 633
187 634
187 635
188 635
189 635
189 637
189 641
189 746
190 219
190 234
190 235
190 236
193 235
199 205
199 207
199 208
201 267
201 354
204 354
205 260
205 264
205 272
205 307
205 309
205 610
205 613
205 686
205 845
205 929
206 207
206 309
206 981
206 982
207 260
207 461
207 610
207 829
207 989
208 262
208 264
208 352
208 354
208 461
208 606
208 609
208 748
208 770
208 829
208 908
213 674
215 313
215 317
215 331
215 402
216 236
216 396
219 228
219 235
219 396
219 674
219 675
234 235
234 833
235 394
236 425
236 821
241 559
241 890
242 463
242 464
242 559
243 556
243 599
244 463
244 599
246 849
246 993
248 464
251 649
251 964
251 966
253 463
253 464
253 554
253 648
253 652
254 463
254 559
260 264
261 267
262 267
262 272
262 274
264 606
264 682
264 915
265 613
266 357
267 274
267 351
267 354
267 649
267 829
267 982
272 863
273 675
274 990
275 613
283 853
283 883
286 310
286 313
286 314
286 317
286 331
286 332
286 334
286 335
305 309
306 463
306 554
306 599
306 648
306 890
307 464
307 965
309 828
310 311
310 312
311 313
311 314
311 315
311 316
312 315
312 317
312 318
312 319
312 320
313 317
313 318
313 330
313 334
313 402
313 518
313 583
313 790
313 872
313 876
313 877
314 924
315 317
315 335
315 402
315 670
315 672
315 873
315 875
315 876
315 965
317 319
317 322
317 327
317 332
317 334
317 418
317 787
317 788
317 789
317 790
318 872
318 874
318 875
319 332
319 556
319 790
323 332
324 945
325 332
325 401
326 945
328 332
330 331
330 402
331 671
331 861
332 335
332 854
332 945
334 671
335 789
341 921
347 416
350 442
351 352
352 606
352 981
352 985
354 983
354 985
355 357
357 358
357 363
357 365
357 367
357 370
357 418
357 463
357 562
357 567
357 570
357 571
357 572
357 573
359 570
365 464
368 419
368 971
371 418
371 495
372 570
394 396
397 856
399 401
401 876
415 416
415 417
416 418
417 419
417 420
417 421
419 425
419 427
419 429
419 442
419 445
419 451
419 453
419 457
419 496
419 497
419 498
419 755
419 806
419 857
419 879
419 886
419 919
419 930
419 932
421 504
423 425
424 428
424 431
425 426
425 427
425 444
425 445
425 449
425 451
425 453
425 457
425 501
425 793
425 796
425 797
425 802
425 805
425 886
425 919
425 923
425 932
425 960
425 962
426 880
426 962
427 437
427 495
427 498
428 431
428 440
428 453
428 735
428 796
428 960
428 961
429 440
430 885
431 436
431 437
431 445
431 458
431 524
431 610
431 806
432 495
432 496
434 620
434 622
436 445
436 454
436 455
436 458
436 792
436 795
436 796
436 797
436 798
436 799
437 456
437 572
437 674
437 710
437 793
437 879
437 880
439 440
439 795
440 894
442 803
442 885
442 932
442 933
443 497
445 966
446 498
448 960
449 454
449 497
453 880
454 961
455 456
455 795
455 894
455 966
457 880
460 463
460 464
460 465
462 467
462 468
463 467
463 531
463 543
463 552
463 553
463 554
463 555
463 556
463 557
463 558
463 559
463 560
463 561
464 555
464 598
464 687
464 689
464 690
464 691
465 469
465 507
465 647
465 690
465 965
467 468
467 521
467 719
468 521
468 557
468 782
468 923
468 965
469 552
495 497
496 498
497 741
497 918
497 931
498 573
498 755
498 804
498 907
498 918
498 919
499 500
499 502
500 503
500 504
503 504
504 633
504 637
504 642
504 745
505 506
506 507
507 739
507 740
507 741
515 518
518 669
519 875
524 971
526 845
528 845
531 559
532 554
552 645
552 647
552 649
553 856
553 895
554 557
554 700
555 923
557 651
559 599
559 689
559 986
559 994
560 671
570 571
570 716
572 894
578 907
599 890
603 606
605 610
606 611
606 612
606 613
607 983
611 683
611 862
613 908
620 621
620 622
621 623
621 624
622 625
623 855
623 920
624 920
624 921
625 920
625 921
631 632
631 633
633 639
633 641
633 642
633 644
634 635
635 638
636 871
639 644
641 646
642 871
644 746
645 646
645 647
646 648
647 650
647 651
647 652
647 653
648 994
649 689
649 893
649 895
651 688
652 993
669 670
669 671
670 672
672 878
675 676
675 983
747 871
748 990
748 991
759 850
780 858
781 858
782 952
783 858
784 851
784 858
784 887
785 855
787 873
787 877
789 875
795 907
801 848
803 962
804 966
819 850
819 853
846 847
846 848
846 849
847 850
847 851
848 852
849 852
849 853
849 854
849 855
850 855
850 881
851 854
852 952
853 854
853 855
853 881
853 882
853 883
853 884
854 881
854 883
854 884
854 887
854 952
855 884
856 993
857 885
857 886
858 882
858 887
872 873
879 964
880 971
882 952
897 983
920 933
920 934
921 934
933 934
964 965
973 995
981 982
982 985
993 994
