1 7
3 7
3 55
4 351
7 26
7 28
7 31
7 36
7 45
7 51
7 53
7 57
7 61
7 63
7 64
7 65
7 77
7 600
7 602
7 888
7 891
10 97
13 507
18 507
19 97
21 507
22 417
23 419
23 431
23 436
23 437
23 442
23 452
23 454
23 455
26 55
26 600
51 935
54 319
55 353
59 891
62 891
66 275
72 999
83 391
84 187
89 395
95 167
97 505
97 507
97 508
104 506
108 278
110 507
125 143
128 463
133 629
133 999
137 344
143 261
143 606
149 463
150 895
152 379
152 380
152 391
156 265
163 166
163 167
165 179
166 167
166 184
166 187
166 334
166 502
166 631
166 633
166 634
166 635
166 636
166 637
166 638
166 639
167 187
167 188
167 449
167 502
167 503
167 632
167 633
167 635
167 636
167 638
167 639
167 644
167 746
167 747
167 748
170 179
179 419
184 187
186 192
187 504
187 632
187 633
187 634
187 635
189 637
190 211
190 218
190 219
190 220
190 221
190 222
190 224
190 225
190 226
190 229
190 234
190 235
190 236
192 220
192 221
193 212
193 216
193 217
193 221
193 222
193 225
193 235
193 284
193 395
193 397
194 397
195 214
195 222
199 205
199 206
199 207
199 208
200 206
201 267
201 354
204 265
204 353
204 354
205 260
205 264
205 272
205 307
205 309
205 610
205 613
205 686
205 845
205 929
206 207
206 275
206 308
206 309
206 767
206 909
206 938
206 981
206 982
207 260
207 461
207 610
207 829
207 989
208 262
208 264
208 352
208 354
208 461
208 606
208 609
208 748
208 770
208 829
208 908
209 210
209 211
210 212
210 213
210 214
211 215
211 216
211 217
212 222
214 216
214 225
214 629
215 313
215 317
215 331
215 333
215 398
215 402
216 222
216 228
216 229
216 236
216 396
216 676
216 677
217 626
218 394
218 395
219 228
219 235
219 396
219 674
219 675
220 225
221 222
221 758
221 791
222 223
222 481
222 818
223 224
223 395
224 286
225 226
225 395
225 600
225 677
226 791
227 395
228 229
228 397
233 480
233 481
234 235
234 833
235 394
236 425
236 821
241 559
241 890
242 306
242 463
242 464
242 559
243 391
243 556
244 463
246 993
248 464
251 649
251 964
251 966
253 306
253 463
253 464
253 652
254 463
254 559
259 260
260 263
260 264
261 265
261 267
262 267
262 272
262 273
262 274
262 275
263 612
263 864
264 606
265 613
265 678
265 683
265 684
265 685
265 686
267 274
267 351
267 354
267 649
267 829
267 982
272 863
273 675
273 679
273 702
273 938
274 990
275 339
275 613
275 866
275 998
276 278
277 280
278 279
278 284
278 285
279 286
280 284
280 339
280 471
280 718
281 284
282 284
284 285
284 288
284 718
284 719
284 720
284 721
284 722
284 723
286 310
286 313
286 314
286 315
286 316
286 317
286 319
286 321
286 322
286 323
286 324
286 325
286 326
286 327
286 328
286 329
286 330
286 331
286 332
286 333
286 334
286 335
294 996
304 306
306 376
306 463
306 523
306 553
306 554
306 599
306 648
306 689
306 690
306 888
306 890
307 464
307 965
310 311
310 312
311 313
311 314
311 315
311 316
312 317
312 319
313 317
313 330
313 790
314 924
315 317
315 330
315 335
315 965
317 319
317 322
317 327
317 332
317 334
317 418
317 787
317 788
317 789
317 790
319 326
319 332
319 556
319 790
320 330
328 330
330 331
330 402
330 704
330 926
332 335
335 789
336 337
336 338
336 339
339 344
344 718
350 442
351 352
352 606
352 981
352 985
353 862
353 864
353 865
353 866
354 983
354 985
357 463
357 572
364 607
365 464
366 569
368 419
368 971
371 495
374 379
374 380
375 381
375 382
375 384
375 385
376 386
376 391
377 471
378 479
379 474
380 386
380 999
381 388
381 391
381 474
381 476
381 477
382 391
382 477
382 530
382 551
382 654
384 385
384 387
384 393
384 472
384 477
384 548
384 828
384 900
384 901
385 421
385 545
385 989
386 476
386 478
386 479
386 480
386 481
386 482
387 391
387 544
387 629
388 474
388 732
389 474
391 393
391 473
393 474
393 479
394 396
395 397
397 821
397 856
415 417
417 419
417 420
417 421
419 425
419 427
419 429
419 442
419 445
419 451
419 453
419 457
419 496
419 497
419 498
419 755
419 806
419 857
419 879
419 886
419 919
419 930
419 932
424 431
425 886
426 880
427 437
427 495
428 431
428 961
430 885
431 436
431 437
431 445
431 458
431 524
431 610
431 806
432 495
432 496
436 445
436 454
436 455
436 458
436 792
436 795
436 796
436 797
436 798
436 799
437 456
437 572
437 674
437 710
437 793
437 879
437 880
442 803
442 885
442 932
442 933
443 497
445 966
449 454
449 497
452 496
452 794
452 894
452 961
453 880
454 961
455 456
455 795
455 894
455 966
457 880
460 463
460 464
460 465
462 467
463 467
463 531
463 543
463 552
463 553
463 554
463 555
463 556
463 557
463 558
463 559
463 560
463 561
464 555
464 598
464 687
464 689
464 690
464 691
465 469
465 507
465 647
465 690
465 965
467 468
467 521
467 719
468 965
469 552
471 473
472 474
473 530
474 480
474 530
474 543
474 544
474 545
474 546
474 547
474 548
474 549
474 550
474 551
478 544
480 626
480 967
481 545
481 732
481 901
495 497
496 498
497 741
497 918
497 931
504 637
505 506
506 507
507 739
507 740
507 741
524 971
526 845
528 845
530 550
531 559
544 626
547 569
547 597
547 769
547 770
547 771
547 773
547 798
547 810
547 811
547 813
547 878
548 816
549 708
549 732
550 626
552 645
552 647
552 649
553 856
553 895
555 923
557 651
559 599
559 689
559 986
559 994
569 763
569 775
572 894
599 890
603 604
603 605
603 606
604 605
604 607
605 610
606 611
606 612
606 613
607 865
607 897
607 983
611 683
611 862
612 709
612 743
613 908
619 654
619 657
629 630
629 967
631 632
633 639
639 644
641 646
645 646
645 647
646 648
647 650
647 651
647 652
647 653
649 689
649 893
649 895
651 688
652 993
654 655
657 732
657 999
675 676
675 983
676 936
678 679
679 681
679 682
680 686
685 991
686 938
689 888
716 723
723 987
723 996
727 996
748 990
748 991
799 961
804 966
829 991
856 993
857 885
857 886
861 936
864 908
865 935
865 937
865 938
866 998
879 964
880 971
897 936
897 983
908 938
935 936
964 965
981 982
993 994
