23 161
23 425
23 431
23 436
23 437
23 439
23 440
23 442
23 452
23 453
23 455
23 457
158 161
161 446
161 457
190 236
205 610
207 610
216 236
236 425
236 821
251 966
350 442
357 572
419 425
419 442
419 453
419 457
419 496
419 857
419 879
419 886
419 932
423 425
424 428
424 431
425 426
425 427
425 444
425 445
425 449
425 451
425 453
425 457
425 501
425 793
425 796
425 797
425 802
425 805
425 886
425 919
425 923
425 932
425 960
425 962
426 857
427 437
428 431
428 440
428 453
428 735
428 796
428 960
428 961
429 440
430 885
431 436
431 437
431 445
431 458
431 524
431 610
431 806
432 496
436 445
436 454
436 455
436 458
436 792
436 795
436 796
436 797
436 798
436 799
437 456
437 572
437 674
437 710
437 793
437 879
437 880
439 440
439 795
440 894
442 803
442 885
442 932
442 933
445 453
445 966
448 960
449 932
452 496
452 794
452 894
452 961
453 793
453 795
453 835
453 880
454 961
455 456
455 795
455 894
455 966
457 880
496 498
572 894
605 610
777 780
780 857
780 858
799 961
804 966
857 885
857 886
879 964
