5 476
7 600
9 94
10 94
15 94
26 597
26 600
89 395
94 728
94 740
95 167
121 390
133 629
152 379
163 167
166 167
166 633
166 636
167 187
167 188
167 449
167 502
167 503
167 632
167 633
167 635
167 636
167 638
167 639
167 644
167 746
167 747
167 748
186 192
187 633
188 633
190 218
190 220
190 221
190 222
190 223
190 224
190 225
190 226
192 220
192 221
193 212
193 221
193 222
193 225
193 395
193 677
194 223
195 214
195 222
209 210
210 212
210 213
210 214
212 222
214 216
214 225
214 629
216 222
216 677
218 394
218 395
220 225
221 222
221 758
221 791
222 223
222 481
222 818
223 224
223 227
223 395
224 286
225 226
225 395
225 600
225 677
226 791
227 395
233 390
233 392
233 480
233 481
366 569
374 379
375 381
375 383
376 389
376 390
376 392
376 393
377 472
378 479
379 474
381 388
381 391
381 474
381 476
381 477
383 640
383 900
384 393
384 472
384 548
384 901
386 476
386 479
386 480
386 481
387 393
387 544
387 629
387 630
388 472
388 474
388 732
389 390
389 474
390 393
390 630
390 900
391 393
392 619
392 640
392 708
393 474
393 477
393 479
393 545
393 596
393 728
395 397
470 633
472 474
472 475
474 480
474 530
474 543
474 544
474 545
474 546
474 547
474 548
474 549
474 550
474 551
477 619
478 544
480 626
480 967
481 545
481 732
481 901
504 633
519 764
530 550
540 766
544 626
545 708
547 569
547 597
547 769
547 770
547 771
547 773
547 798
547 810
547 811
547 813
547 878
548 816
549 708
549 732
550 626
551 619
569 763
569 775
581 763
597 764
597 770
597 808
597 810
597 813
597 836
619 654
619 657
627 728
629 630
629 967
631 633
633 638
633 639
633 640
633 641
633 642
633 643
633 644
636 871
640 733
640 901
657 732
657 999
677 791
688 766
761 762
761 763
761 764
762 764
762 765
762 766
762 767
763 767
763 768
763 769
763 770
763 771
763 772
764 769
764 770
764 773
764 774
764 775
766 770
766 808
766 809
770 836
798 836
