2 12
10 12
10 96
12 17
12 96
12 119
12 121
12 349
12 350
22 417
23 419
23 431
23 436
23 437
23 442
23 452
23 454
23 455
51 935
52 953
55 353
66 275
96 345
101 869
107 953
112 980
165 179
170 179
179 419
199 206
199 207
200 206
204 353
205 260
205 264
205 309
205 610
206 207
206 275
206 308
206 309
206 767
206 909
206 938
206 981
206 982
207 260
207 461
207 610
207 829
207 989
208 264
219 675
250 869
251 966
256 258
258 369
258 980
259 260
260 263
260 264
262 273
262 275
263 864
264 606
264 682
264 915
266 355
266 356
266 369
273 675
273 679
273 702
273 938
275 339
275 613
275 866
275 998
305 309
309 828
345 346
345 347
345 348
346 355
346 356
348 356
348 972
349 511
349 682
349 869
350 442
352 981
353 862
353 864
353 865
353 866
355 357
355 358
355 359
355 360
355 361
355 362
355 363
355 364
355 365
356 360
356 365
356 366
356 367
356 368
356 369
356 370
356 371
356 372
357 572
358 972
364 607
368 419
369 972
371 495
415 417
417 419
417 420
417 421
419 425
419 427
419 429
419 442
419 445
419 451
419 453
419 457
419 496
419 497
419 498
419 755
419 806
419 857
419 879
419 886
419 919
419 930
419 932
424 431
425 886
426 880
427 437
427 495
428 431
428 961
430 885
431 436
431 437
431 445
431 458
431 524
431 610
431 806
432 495
432 496
436 445
436 454
436 455
436 458
436 792
436 795
436 796
436 797
436 798
436 799
437 456
437 572
437 674
437 710
437 793
437 879
437 880
442 803
442 885
442 932
442 933
443 497
445 966
449 454
449 497
452 496
452 794
452 894
452 961
453 880
454 961
455 456
455 795
455 894
455 966
457 880
495 497
496 498
497 741
497 918
497 931
572 894
604 607
605 610
607 865
607 897
607 983
675 676
675 983
676 936
678 679
679 681
679 682
686 938
799 961
804 966
857 885
857 886
861 936
864 908
865 935
865 937
865 938
866 998
879 964
880 971
897 936
908 938
935 936
953 980
981 982
