5 476
7 888
23 433
26 599
76 387
83 376
83 387
88 729
94 728
121 390
133 629
152 380
152 388
152 477
163 166
166 167
166 184
166 187
166 334
166 502
166 631
166 633
166 634
166 635
166 636
166 637
166 638
166 639
167 633
167 635
167 644
187 633
187 635
188 633
188 635
188 643
189 635
190 221
190 222
190 223
190 225
192 221
193 212
193 221
193 222
193 225
194 223
195 214
195 222
209 210
210 212
210 213
210 214
212 222
214 216
214 225
214 629
216 222
220 225
221 222
221 758
221 791
222 223
222 481
222 818
223 224
223 227
223 395
225 226
225 395
225 600
225 677
233 390
233 392
233 480
233 481
241 557
241 559
242 306
242 559
243 599
244 599
253 306
253 554
253 648
254 559
286 334
304 306
306 376
306 463
306 523
306 553
306 554
306 599
306 648
306 689
306 690
306 888
306 890
313 334
317 334
334 671
361 387
373 376
374 380
375 382
375 383
376 386
376 387
376 388
376 389
376 390
376 391
376 392
376 393
377 472
378 477
378 479
380 386
380 999
381 388
381 476
381 477
382 391
382 477
382 530
382 551
382 654
383 640
383 900
384 387
384 393
384 472
384 477
384 901
386 476
386 478
386 479
386 480
386 481
386 482
387 388
387 391
387 393
387 478
387 544
387 627
387 628
387 629
387 630
388 472
388 474
388 626
388 707
388 729
388 732
388 733
389 390
390 393
390 630
390 900
391 393
392 619
392 640
392 708
393 474
393 477
393 479
393 545
393 596
393 728
433 477
433 501
463 553
463 554
463 557
463 559
468 557
470 633
472 474
472 475
474 480
474 544
477 619
478 544
480 626
480 967
481 545
481 732
481 901
504 633
504 642
531 559
532 554
544 626
545 628
545 707
546 627
553 856
553 893
553 895
554 557
554 700
557 651
557 688
559 599
559 689
559 986
559 994
599 890
619 654
627 728
628 707
628 967
629 630
629 967
631 632
631 633
633 638
633 639
633 640
633 641
633 642
633 643
633 644
634 635
635 638
638 643
639 644
640 733
640 901
641 646
642 871
644 746
645 646
646 648
647 651
648 994
651 688
654 655
689 888
729 730
