4 351
54 319
69 190
76 387
83 387
128 463
133 629
149 463
150 240
186 190
186 192
190 191
190 193
190 209
190 211
190 213
190 218
190 219
190 220
190 221
190 222
190 223
190 224
190 225
190 226
190 227
190 228
190 229
190 230
190 231
190 232
190 233
190 234
190 235
190 236
192 220
192 221
193 216
193 221
193 677
195 214
201 267
206 982
209 211
210 214
211 215
211 216
211 217
214 216
214 225
214 629
215 313
215 317
215 331
215 333
215 398
215 402
216 222
216 228
216 229
216 236
216 396
216 676
216 677
218 394
218 395
219 228
219 235
219 396
219 674
219 675
220 225
221 222
221 758
221 791
223 224
224 286
225 226
225 677
226 791
228 231
228 232
230 231
231 325
231 820
232 821
234 235
234 833
236 425
236 821
237 240
240 247
240 248
240 249
240 250
240 251
240 252
240 253
240 254
242 463
243 556
244 463
246 993
251 649
253 463
253 554
253 652
254 423
254 463
254 559
261 267
262 267
262 274
267 274
267 351
267 354
267 649
267 829
267 982
274 990
279 286
286 310
286 313
286 314
286 315
286 316
286 317
286 319
286 321
286 322
286 323
286 324
286 325
286 326
286 327
286 328
286 329
286 330
286 331
286 332
286 333
286 334
286 335
306 463
306 553
306 554
310 311
310 312
311 313
311 314
311 315
311 316
312 317
312 319
313 317
313 330
313 790
314 924
315 317
315 330
315 335
317 319
317 322
317 327
317 332
317 334
317 418
317 787
317 788
317 789
317 790
319 326
319 332
319 556
319 790
320 330
328 330
330 331
330 402
330 704
330 926
332 335
335 789
351 352
357 463
361 387
376 387
384 387
387 388
387 391
387 393
387 478
387 544
387 627
387 628
387 629
387 630
459 460
460 463
460 464
460 465
462 467
462 469
463 467
463 531
463 543
463 552
463 553
463 554
463 555
463 556
463 557
463 558
463 559
463 560
463 561
464 555
465 469
465 647
467 468
467 521
467 719
469 523
469 552
532 554
552 645
552 647
552 649
553 856
553 893
553 895
554 557
554 700
555 923
557 651
629 630
629 967
641 646
645 646
645 647
646 648
647 650
647 651
647 652
647 653
649 689
649 893
649 895
651 688
652 993
677 791
856 993
893 894
981 982
982 985
993 994
