3 23
23 161
23 419
23 422
23 425
23 426
23 427
23 431
23 432
23 433
23 434
23 435
23 436
23 437
23 438
23 439
23 440
23 441
23 442
23 443
23 444
23 445
23 446
23 447
23 448
23 449
23 450
23 451
23 452
23 453
23 454
23 455
23 456
23 457
23 458
156 265
161 457
190 236
196 197
196 198
196 199
197 200
197 201
199 204
199 205
199 206
199 207
199 208
203 438
204 265
205 260
205 264
205 272
205 307
205 309
205 610
205 613
205 686
205 845
205 929
206 207
206 309
207 260
207 461
207 610
207 829
207 989
208 264
215 402
216 236
236 425
236 821
251 964
251 966
260 264
261 265
262 272
264 606
264 682
264 915
265 613
265 678
265 683
265 684
265 685
265 686
272 863
275 613
286 310
286 315
286 332
286 335
305 309
307 965
309 828
310 311
310 312
311 315
312 315
312 317
312 318
312 319
312 320
313 402
313 876
315 317
315 329
315 330
315 335
315 399
315 402
315 670
315 672
315 873
315 875
315 876
315 925
315 944
315 957
315 965
317 332
318 875
319 332
323 332
324 942
325 332
328 332
330 402
332 335
332 854
332 945
335 789
350 442
357 572
401 876
419 425
419 442
419 457
419 879
419 886
423 425
424 431
425 426
425 427
425 444
425 445
425 449
425 451
425 453
425 457
425 501
425 793
425 796
425 797
425 802
425 805
425 886
425 919
425 923
425 932
425 960
425 962
427 437
427 438
428 431
428 440
428 960
428 961
429 440
430 885
431 436
431 437
431 445
431 458
431 524
431 610
431 806
432 495
432 496
433 477
433 501
434 620
434 622
435 658
435 659
436 445
436 454
436 455
436 458
436 792
436 795
436 796
436 797
436 798
436 799
437 456
437 572
437 674
437 710
437 793
437 879
437 880
439 440
440 894
442 803
442 885
442 932
442 933
445 966
448 960
452 496
452 794
452 894
452 961
454 961
455 456
455 795
455 894
455 966
457 880
465 965
468 965
519 875
526 845
528 845
572 894
605 610
606 613
613 908
669 670
670 672
787 873
788 943
789 875
789 944
799 961
804 966
857 885
857 886
872 873
879 964
922 942
942 943
943 944
954 957
955 957
956 957
957 958
957 959
964 965
