4 351
10 97
13 507
18 507
19 97
21 507
26 599
54 877
69 190
76 387
83 387
83 391
88 729
97 505
97 507
97 508
104 506
110 507
128 463
133 629
149 463
150 895
152 388
152 391
164 169
169 853
169 854
186 190
186 192
190 191
190 193
190 209
190 211
190 213
190 218
190 219
190 220
190 221
190 222
190 223
190 224
190 225
190 226
190 227
190 228
190 229
190 230
190 231
190 232
190 233
190 234
190 235
190 236
192 220
192 221
193 216
193 217
193 221
193 235
193 394
193 677
194 223
195 214
201 267
206 982
209 211
210 214
211 215
211 216
211 217
214 216
214 225
214 629
215 313
215 317
215 331
215 333
215 398
215 402
216 222
216 228
216 229
216 236
216 396
216 676
216 677
217 626
218 394
218 395
219 235
220 225
221 222
221 758
221 791
222 223
223 224
223 227
223 395
225 226
225 677
226 791
228 229
228 231
228 232
230 231
231 325
231 820
232 821
234 235
234 833
235 394
236 425
236 821
241 559
241 890
242 463
242 464
242 559
243 391
243 556
243 599
244 463
244 599
248 464
251 649
251 964
253 463
253 464
253 554
254 463
254 559
261 267
262 267
262 274
267 274
267 351
267 354
267 649
267 829
267 982
274 990
280 471
283 883
286 313
286 315
286 317
286 332
306 463
306 554
306 599
306 890
307 464
307 965
311 313
311 315
312 315
312 317
313 317
313 318
313 330
313 334
313 402
313 518
313 583
313 790
313 872
313 876
313 877
315 317
315 329
315 330
315 335
315 399
315 402
315 670
315 672
315 873
315 875
315 876
315 925
315 944
315 957
315 965
317 319
317 322
317 327
317 332
317 334
317 418
317 787
317 788
317 789
317 790
318 872
318 875
319 332
319 556
323 332
324 942
325 332
328 332
332 335
332 854
332 945
351 352
357 463
361 387
365 464
375 382
375 384
375 385
376 387
376 388
376 391
377 471
381 388
381 391
382 391
382 477
382 530
382 551
382 654
384 385
384 387
384 393
384 472
384 477
384 548
384 828
384 900
384 901
385 421
385 545
385 989
387 388
387 391
387 393
387 478
387 544
387 627
387 628
387 629
387 630
388 472
388 474
388 626
388 707
388 729
388 732
388 733
391 393
391 473
394 396
419 879
437 879
460 463
460 464
460 465
462 467
462 469
463 467
463 531
463 543
463 552
463 553
463 554
463 555
463 556
463 557
463 558
463 559
463 560
463 561
464 555
464 598
464 687
464 689
464 690
464 691
465 469
465 507
465 647
465 690
465 965
467 468
467 521
467 719
468 965
469 523
469 552
471 473
473 530
474 544
474 548
478 544
505 506
506 507
507 739
507 740
507 741
519 875
531 559
532 554
544 626
545 628
545 707
548 816
552 645
552 647
552 649
553 895
554 557
554 700
555 923
559 599
559 689
559 986
559 994
599 890
619 654
628 707
628 967
629 630
629 967
649 689
649 893
649 895
654 655
670 672
672 878
675 676
676 936
677 791
729 730
784 887
787 877
788 943
789 875
789 944
830 831
830 832
830 833
831 832
831 833
832 833
833 834
849 854
851 854
853 854
853 883
854 881
854 883
854 884
854 887
854 952
858 887
872 873
879 964
922 942
942 943
943 944
954 957
955 957
956 957
957 958
957 959
964 965
981 982
982 985
