23 161
23 431
23 432
23 436
23 437
23 452
23 453
23 454
23 455
23 457
45 165
45 859
51 935
55 353
84 187
95 167
95 502
156 265
158 161
161 446
161 457
162 163
162 165
163 166
163 167
164 168
164 173
164 174
164 176
165 168
165 172
165 173
165 176
165 177
165 178
165 179
165 180
165 181
165 182
166 167
166 187
166 502
166 631
166 635
166 636
166 639
167 187
167 188
167 449
167 502
167 503
167 632
167 633
167 635
167 636
167 638
167 639
167 644
167 746
167 747
167 748
168 178
170 179
172 176
173 174
173 516
174 625
176 182
176 985
177 182
179 419
184 187
187 504
187 632
187 633
187 634
187 635
188 635
189 635
190 219
190 234
190 235
193 235
199 205
199 206
199 207
199 208
200 206
201 354
204 265
204 353
204 354
205 260
205 264
205 272
205 307
205 309
205 610
205 613
205 686
205 845
205 929
206 207
206 275
206 308
206 309
206 767
206 909
206 938
206 981
206 982
207 260
207 461
207 610
207 829
207 989
208 262
208 264
208 352
208 354
208 461
208 606
208 609
208 748
208 770
208 829
208 908
216 396
219 228
219 235
219 396
219 674
219 675
234 235
234 833
235 394
251 964
251 966
260 264
261 265
262 271
262 272
262 273
263 864
264 606
264 682
264 915
265 613
265 678
265 683
265 684
265 685
265 686
267 354
267 982
271 714
271 751
271 752
271 753
271 754
271 756
271 757
271 758
272 863
273 675
273 679
273 702
273 938
275 613
275 866
275 998
305 309
307 965
309 828
315 965
352 985
353 862
353 864
353 865
353 866
354 983
354 985
357 572
364 607
368 971
371 495
394 396
419 453
419 457
419 496
419 497
419 498
419 755
419 879
424 431
425 453
425 457
426 880
427 437
427 495
427 498
427 755
428 431
428 453
428 961
431 436
431 437
431 445
431 458
431 524
431 610
431 806
432 495
432 496
436 445
436 454
436 455
436 458
436 792
436 795
436 796
436 797
436 798
436 799
437 456
437 572
437 674
437 710
437 793
437 879
437 880
443 497
445 453
445 966
446 498
449 454
449 497
452 496
452 794
452 894
452 961
453 793
453 795
453 835
453 880
454 961
455 456
455 795
455 894
455 966
457 880
465 965
468 965
495 497
496 498
497 741
497 918
497 931
498 573
498 755
498 804
498 907
498 918
498 919
499 502
504 642
524 971
526 845
528 845
572 894
578 907
604 607
605 610
606 613
607 865
607 897
607 983
613 908
631 632
631 633
633 639
633 642
634 635
635 638
636 871
639 644
642 871
675 676
675 983
676 936
678 679
679 681
679 682
680 686
685 991
686 938
714 750
714 754
714 756
714 757
715 859
745 998
747 871
748 990
748 991
750 751
750 752
752 753
752 754
752 755
754 759
754 859
754 975
756 977
757 758
758 859
795 907
799 961
804 966
829 991
859 977
861 936
864 908
865 935
865 937
865 938
866 998
879 964
880 971
897 936
897 983
908 938
935 936
964 965
981 982
982 985
