5 476
7 888
54 319
69 190
76 387
83 376
83 387
83 391
88 729
128 463
133 629
149 463
152 380
152 388
152 391
163 166
166 167
166 184
166 187
166 334
166 502
166 631
166 633
166 634
166 635
166 636
166 637
166 638
166 639
167 633
169 854
186 190
187 633
188 633
190 191
190 193
190 209
190 211
190 213
190 218
190 219
190 220
190 221
190 222
190 223
190 224
190 225
190 226
190 227
190 228
190 229
190 230
190 231
190 232
190 233
190 234
190 235
190 236
192 220
193 212
193 216
193 222
193 677
195 214
195 222
209 210
209 211
210 212
210 213
210 214
211 215
211 216
211 217
212 222
214 216
214 225
214 629
215 317
215 331
216 222
216 228
216 229
216 236
216 396
216 676
216 677
218 394
218 395
219 228
219 235
219 396
219 674
219 675
220 225
221 222
222 223
222 481
222 818
223 224
224 286
225 226
225 677
226 791
228 229
228 231
228 232
230 231
231 325
231 820
232 821
233 392
233 480
233 481
234 235
234 833
241 557
241 559
241 890
242 306
242 463
242 559
243 391
243 556
244 463
253 306
253 463
253 648
254 463
254 559
280 471
286 315
286 317
286 319
286 330
286 331
286 332
286 334
304 306
306 376
306 463
306 523
306 553
306 554
306 599
306 648
306 689
306 690
306 888
306 890
307 965
311 315
312 315
312 317
312 319
313 317
313 330
313 334
313 790
313 872
313 876
315 317
315 329
315 330
315 335
315 399
315 402
315 670
315 672
315 873
315 875
315 876
315 925
315 944
315 957
315 965
317 319
317 322
317 327
317 332
317 334
317 418
317 787
317 788
317 789
317 790
318 872
318 875
319 326
319 332
319 556
319 790
320 330
323 332
324 942
325 332
328 330
328 332
330 331
330 402
330 704
330 926
331 671
331 861
332 335
332 854
332 945
334 671
357 463
361 387
373 376
374 380
375 382
375 384
375 385
376 386
376 387
376 388
376 389
376 390
376 391
376 392
376 393
377 471
378 479
380 386
380 999
381 388
381 391
381 476
382 391
382 477
382 530
382 551
382 654
383 640
384 385
384 387
384 393
384 472
384 477
384 548
384 828
384 900
384 901
385 421
385 545
385 989
386 476
386 478
386 479
386 480
386 481
386 482
387 388
387 391
387 393
387 478
387 544
387 627
387 628
387 629
387 630
388 472
388 474
388 626
388 707
388 729
388 732
388 733
391 393
391 473
392 619
392 640
392 708
393 479
401 876
459 460
460 463
460 464
460 465
462 467
462 468
463 467
463 531
463 543
463 552
463 553
463 554
463 555
463 556
463 557
463 558
463 559
463 560
463 561
464 555
465 965
467 468
467 521
467 719
468 521
468 557
468 782
468 923
468 965
469 552
470 633
471 473
473 530
474 480
474 544
474 548
478 544
480 626
480 967
481 545
481 732
481 901
504 633
519 875
531 559
544 626
545 628
545 707
548 816
552 645
552 647
552 649
554 557
555 923
557 651
557 688
559 599
559 689
559 986
559 994
599 890
619 654
628 707
628 967
629 630
629 967
631 633
633 638
633 639
633 640
633 641
633 642
633 643
633 644
640 733
640 901
641 646
645 646
646 648
647 651
648 994
651 688
654 655
670 672
672 878
675 676
676 936
677 791
689 888
729 730
787 873
788 943
789 875
789 944
849 854
851 854
853 854
854 881
854 883
854 884
854 887
854 952
872 873
922 942
942 943
943 944
954 957
955 957
956 957
957 958
957 959
964 965
