3 23
3 31
4 351
5 484
6 484
7 31
10 97
13 507
18 507
19 97
21 507
23 161
23 419
23 422
23 425
23 426
23 427
23 431
23 432
23 433
23 434
23 435
23 436
23 437
23 438
23 439
23 440
23 441
23 442
23 443
23 444
23 445
23 446
23 447
23 448
23 449
23 450
23 451
23 452
23 453
23 454
23 455
23 456
23 457
23 458
31 40
31 43
31 84
31 484
31 687
69 190
97 505
97 507
97 508
104 506
110 507
150 240
150 895
158 161
161 446
161 457
164 169
169 853
169 854
179 419
186 190
190 191
190 193
190 209
190 211
190 213
190 218
190 219
190 220
190 221
190 222
190 223
190 224
190 225
190 226
190 227
190 228
190 229
190 230
190 231
190 232
190 233
190 234
190 235
190 236
201 267
203 438
205 610
206 982
207 610
215 331
215 333
215 402
216 236
223 224
224 286
236 425
236 821
237 240
240 247
240 248
240 249
240 250
240 251
240 252
240 253
240 254
242 464
245 251
246 849
248 464
249 687
251 470
251 523
251 649
251 964
251 966
253 464
261 267
262 267
262 274
267 274
267 351
267 354
267 649
267 829
267 982
274 990
277 283
279 286
283 782
283 783
283 801
283 853
283 883
286 310
286 313
286 314
286 315
286 316
286 317
286 319
286 321
286 322
286 323
286 324
286 325
286 326
286 327
286 328
286 329
286 330
286 331
286 332
286 333
286 334
286 335
306 553
307 464
307 965
310 312
311 314
311 315
312 315
312 317
312 318
312 319
312 320
313 402
313 872
313 876
314 924
315 317
315 329
315 330
315 335
315 399
315 402
315 670
315 672
315 873
315 875
315 876
315 925
315 944
315 957
315 965
317 332
318 872
318 875
319 332
323 332
324 942
325 332
328 332
330 331
330 402
331 671
331 861
332 335
332 854
332 945
333 691
333 787
334 671
351 352
365 464
368 419
401 876
417 419
419 425
419 427
419 429
419 442
419 445
419 451
419 453
419 457
419 496
419 497
419 498
419 755
419 806
419 857
419 879
419 886
419 919
419 930
419 932
423 425
424 431
425 426
425 427
425 444
425 445
425 449
425 451
425 453
425 457
425 501
425 793
425 796
425 797
425 802
425 805
425 886
425 919
425 923
425 932
425 960
425 962
427 438
428 431
428 961
431 436
431 437
431 445
431 458
431 524
431 610
431 806
432 495
432 496
433 477
433 501
434 620
434 622
435 658
435 659
436 445
436 454
436 455
436 458
436 792
436 795
436 796
436 797
436 798
436 799
437 879
439 440
439 795
445 966
446 498
449 454
452 496
452 794
452 894
452 961
454 961
455 456
455 795
455 894
455 966
459 460
460 463
460 464
460 465
462 469
463 552
463 553
463 555
464 555
464 598
464 687
464 689
464 690
464 691
465 469
465 507
465 647
465 690
465 965
468 965
469 523
469 552
484 602
505 506
506 507
507 739
507 740
507 741
519 875
552 645
552 647
552 649
553 856
553 893
553 895
555 923
560 671
605 610
649 689
649 893
649 895
669 670
669 671
670 672
784 851
784 887
787 873
788 943
789 875
789 944
799 961
804 966
819 853
846 847
846 849
847 850
847 851
848 852
849 852
849 853
849 854
849 855
851 854
852 952
853 854
853 855
853 881
853 882
853 883
853 884
854 881
854 883
854 884
854 887
854 952
857 886
858 887
872 873
879 964
893 894
922 942
942 943
943 944
954 957
955 957
956 957
957 958
957 959
964 965
981 982
982 985
