19 988
23 419
23 425
23 442
23 453
28 172
45 165
54 877
69 190
81 404
101 287
108 278
109 591
117 988
120 591
121 988
127 404
159 407
162 164
162 165
164 168
164 169
164 170
164 171
164 172
164 173
164 174
164 175
164 176
164 177
165 168
165 172
165 173
165 176
165 177
165 178
165 179
165 180
165 181
165 182
168 178
169 853
169 854
170 179
171 175
171 177
171 404
171 973
172 176
172 177
172 180
172 181
172 995
173 174
174 625
175 995
177 182
177 995
178 576
179 419
186 190
190 191
190 193
190 209
190 211
190 213
190 218
190 219
190 220
190 221
190 222
190 223
190 224
190 225
190 226
190 227
190 228
190 229
190 230
190 231
190 232
190 233
190 234
190 235
190 236
215 313
215 317
215 331
215 333
215 402
216 236
223 224
224 286
236 425
236 821
276 278
276 279
278 279
278 284
278 285
279 286
279 287
279 288
279 289
279 290
279 291
279 292
279 293
279 294
279 295
284 285
284 720
284 721
284 722
285 726
285 997
286 310
286 313
286 314
286 315
286 316
286 317
286 319
286 321
286 322
286 323
286 324
286 325
286 326
286 327
286 328
286 329
286 330
286 331
286 332
286 333
286 334
286 335
287 295
287 338
287 711
287 717
288 294
289 404
289 735
290 720
290 725
290 823
291 713
291 825
292 293
292 717
293 721
294 825
294 996
310 311
310 312
311 313
311 314
311 315
311 316
312 317
313 317
313 318
313 330
313 334
313 402
313 518
313 583
313 790
313 872
313 876
313 877
314 924
315 317
315 402
315 873
315 876
317 319
317 322
317 327
317 332
317 334
317 418
317 787
317 788
317 789
317 790
318 872
319 332
319 790
321 404
321 407
321 574
321 575
321 576
323 332
325 332
328 332
330 331
330 402
331 671
331 861
332 335
332 854
332 945
333 691
333 787
334 671
336 338
338 342
338 343
350 442
361 404
368 419
400 404
400 407
400 408
400 410
401 876
403 404
403 578
403 580
404 408
404 409
404 410
404 412
404 482
404 574
404 575
404 578
404 579
404 580
404 581
404 583
404 584
404 585
404 586
404 587
404 588
404 589
404 590
404 591
404 592
404 593
404 594
404 595
406 586
407 734
408 588
410 580
411 593
412 593
417 419
419 425
419 427
419 429
419 442
419 445
419 451
419 453
419 457
419 496
419 497
419 498
419 755
419 806
419 857
419 879
419 886
419 919
419 930
419 932
423 425
424 428
425 426
425 427
425 444
425 445
425 449
425 451
425 453
425 457
425 501
425 793
425 796
425 797
425 802
425 805
425 886
425 919
425 923
425 932
425 960
425 962
426 880
427 498
428 431
428 440
428 453
428 735
428 796
428 960
428 961
430 885
437 879
437 880
442 803
442 885
442 932
442 933
443 497
445 453
446 498
448 960
449 497
453 793
453 795
453 835
453 880
457 880
495 497
496 498
497 741
497 918
497 931
498 573
498 755
498 804
498 907
498 918
498 919
560 671
575 584
576 587
576 734
577 722
578 590
578 907
580 586
585 734
586 594
586 595
587 736
588 734
588 735
588 892
590 735
591 988
669 671
717 721
720 721
721 722
723 996
727 996
734 736
787 873
787 877
795 907
857 885
857 886
872 873
879 964
880 971
973 995
