4 351
5 476
7 888
26 599
54 319
54 877
83 391
94 728
95 502
150 895
152 391
162 163
163 166
163 167
166 167
166 184
166 187
166 334
166 502
166 631
166 633
166 634
166 635
166 636
166 637
166 638
166 639
167 502
167 633
167 635
167 636
167 644
185 189
186 193
187 504
187 633
187 635
188 633
188 635
188 643
189 635
189 637
189 641
189 746
190 193
190 222
190 223
193 212
193 216
193 217
193 221
193 222
193 225
193 228
193 230
193 235
193 284
193 394
193 395
193 397
193 677
193 818
193 819
193 820
193 821
194 223
195 222
201 267
206 982
210 212
212 222
215 313
215 317
215 331
215 402
216 222
221 222
222 223
222 481
222 818
223 224
223 227
223 395
233 392
233 481
241 557
241 559
242 306
242 559
243 391
243 556
243 599
244 599
246 993
251 649
253 306
253 554
253 648
253 652
254 559
261 267
262 267
262 274
267 274
267 351
267 354
267 649
267 829
267 982
274 990
278 284
280 284
280 471
281 284
282 284
284 285
284 288
284 718
284 719
284 720
284 721
284 722
284 723
286 313
286 317
286 319
286 331
286 334
304 306
306 376
306 463
306 523
306 553
306 554
306 599
306 648
306 689
306 690
306 888
306 890
307 965
311 313
312 317
312 319
313 317
313 318
313 330
313 334
313 402
313 518
313 583
313 790
313 872
313 876
313 877
315 317
315 402
315 670
315 873
315 876
315 965
317 319
317 322
317 327
317 332
317 334
317 418
317 787
317 788
317 789
317 790
318 872
319 326
319 332
319 556
319 790
330 331
330 402
331 671
331 861
334 671
351 352
373 375
375 381
375 382
375 383
375 384
375 385
376 391
376 392
376 393
377 471
377 472
378 479
381 388
381 391
381 474
381 476
381 477
382 391
382 477
382 530
382 551
382 654
383 640
383 900
384 385
384 387
384 393
384 472
384 477
384 548
384 828
384 900
384 901
385 421
385 545
385 989
386 476
386 479
386 481
387 391
387 393
388 472
390 393
391 393
391 473
392 619
392 640
392 708
393 474
393 477
393 479
393 545
393 596
393 728
401 876
421 504
462 467
462 468
463 467
463 553
463 554
463 556
463 557
463 559
465 647
465 965
467 468
467 521
467 719
468 521
468 557
468 782
468 923
468 965
470 633
471 473
472 474
472 475
473 530
474 548
477 619
481 545
481 732
481 901
499 500
499 502
500 503
500 504
503 504
504 633
504 637
504 642
504 745
515 518
518 669
520 521
521 524
531 559
532 554
548 816
551 619
552 645
552 647
552 649
553 856
553 893
553 895
554 557
554 700
557 651
557 688
559 599
559 689
559 986
559 994
560 671
599 890
619 654
619 657
627 728
631 632
631 633
633 638
633 639
633 640
633 641
633 642
633 643
633 644
634 635
635 638
636 871
638 643
639 644
640 733
640 901
641 646
642 871
644 746
645 646
645 647
646 648
647 650
647 651
647 652
647 653
648 994
649 689
649 893
649 895
651 688
652 993
654 655
669 670
669 671
670 672
689 888
787 873
787 877
856 993
872 873
893 894
964 965
981 982
982 985
993 994
