23 161
23 425
23 431
23 436
23 437
23 439
23 440
23 442
23 453
23 454
23 455
23 457
51 935
55 353
156 265
158 161
161 446
161 457
166 334
190 219
190 224
190 234
190 235
190 236
193 235
199 205
199 206
199 207
200 206
203 270
204 265
204 270
204 353
205 260
205 264
205 272
205 307
205 309
205 610
205 613
205 686
205 845
205 929
206 207
206 275
206 308
206 309
206 767
206 909
206 938
206 981
206 982
207 260
207 461
207 610
207 829
207 989
208 262
208 264
215 331
215 333
215 402
216 236
216 396
216 676
219 228
219 235
219 396
219 674
219 675
223 224
224 286
234 235
234 833
235 394
236 425
236 821
251 964
251 966
259 262
260 264
261 265
262 267
262 269
262 270
262 271
262 272
262 273
262 274
262 275
263 864
264 606
264 682
264 915
265 613
265 678
265 683
265 684
265 685
265 686
267 274
269 662
269 709
270 517
270 743
270 897
272 863
273 675
273 679
273 702
273 938
274 990
275 613
275 866
279 286
286 310
286 313
286 314
286 315
286 316
286 317
286 319
286 321
286 322
286 323
286 324
286 325
286 326
286 327
286 328
286 329
286 330
286 331
286 332
286 333
286 334
286 335
305 309
307 965
309 828
310 312
311 314
311 315
312 315
312 317
312 318
312 319
312 320
313 334
313 402
313 872
313 876
314 924
315 317
315 329
315 330
315 335
315 399
315 402
315 670
315 672
315 873
315 875
315 876
315 925
315 944
315 957
315 965
317 332
317 334
318 872
318 875
319 332
323 332
324 942
325 332
328 332
330 331
330 402
331 671
331 861
332 335
332 854
332 945
333 691
333 787
334 671
350 442
352 981
353 862
353 864
353 865
353 866
357 572
364 607
394 396
401 876
419 425
419 442
419 453
419 457
419 857
419 879
419 886
419 932
423 425
424 428
424 431
425 426
425 427
425 444
425 445
425 449
425 451
425 453
425 457
425 501
425 793
425 796
425 797
425 802
425 805
425 886
425 919
425 923
425 932
425 960
425 962
426 857
427 437
428 431
428 440
428 453
428 735
428 796
428 960
428 961
429 440
430 885
431 436
431 437
431 445
431 458
431 524
431 610
431 806
435 658
436 445
436 454
436 455
436 458
436 792
436 795
436 796
436 797
436 798
436 799
437 456
437 572
437 674
437 710
437 793
437 879
437 880
439 440
439 795
440 894
442 803
442 885
442 932
442 933
445 453
445 966
448 960
449 454
449 932
453 793
453 795
453 835
453 880
454 961
455 456
455 795
455 894
455 966
457 880
465 965
468 965
519 875
526 845
528 845
572 894
604 607
605 610
606 613
607 865
607 897
607 983
613 908
658 660
658 661
659 662
659 663
659 665
659 668
660 661
660 662
660 737
660 738
661 668
662 663
662 664
662 665
662 666
662 668
663 664
664 668
665 666
666 668
669 670
670 672
675 676
675 983
676 936
678 679
679 681
679 682
680 686
686 938
780 857
787 873
788 943
789 875
789 944
804 966
857 885
857 886
861 936
864 908
865 935
865 937
865 938
866 998
872 873
879 964
897 936
908 938
922 942
935 936
942 943
943 944
954 957
955 957
956 957
957 958
957 959
964 965
981 982
