0 36
1 36
1 177
2 177
3 177
3 571
6 177
7 177
10 571
36 145
36 177
36 571
36 855
36 882
36 1037
36 1345
36 1907
54 177
56 177
60 177
91 177
92 177
93 177
96 177
105 177
124 177
126 571
142 177
146 177
149 177
177 178
177 179
177 180
177 181
177 182
177 183
177 184
177 185
177 186
177 187
177 188
177 189
177 190
177 191
177 192
177 193
177 194
177 195
177 196
177 197
177 198
177 199
177 200
177 201
177 202
177 203
177 204
177 205
177 206
177 207
177 208
177 209
177 210
177 211
177 212
177 213
177 214
177 215
177 216
177 217
177 218
177 219
177 220
177 221
177 222
177 223
177 224
177 225
177 226
177 227
177 228
177 229
177 230
177 231
177 232
177 233
177 234
177 235
177 236
177 237
177 238
177 239
177 240
177 241
177 242
177 243
177 244
177 245
177 246
177 247
177 248
177 249
180 571
214 1907
571 633
571 1346
571 1871
817 1907
845 1907
1486 1907
1594 1907
1654 1907
