2 192
3 572
4 192
4 572
7 1138
60 572
60 1816
92 192
169 192
177 192
178 751
180 192
180 932
192 255
192 260
192 275
192 307
192 309
192 342
192 527
192 614
192 628
192 677
192 716
192 751
192 825
192 833
192 842
192 932
192 1107
192 1138
192 1148
192 1192
192 1240
192 1261
192 1313
192 1353
192 1386
192 1463
192 1537
192 1569
192 1589
192 1590
192 1591
192 1592
192 1593
192 1594
192 1595
192 1596
205 751
308 1138
366 932
375 1816
394 1138
505 751
507 1138
516 751
542 932
572 765
572 1138
572 1884
673 932
730 751
751 927
751 937
751 1179
751 1698
831 1138
874 1816
932 1010
932 1519
932 1574
932 1694
932 1737
932 1995
1138 1247
1138 1279
1138 1816
1194 1816
1675 1816
1790 1816
