0 1
0 2
0 3
0 4
0 5
0 6
0 7
0 8
0 9
0 10
0 11
0 12
0 13
0 14
0 15
0 16
0 17
0 18
0 19
0 20
0 30
18 30
30 92
30 214
30 373
30 888
30 904
30 958
30 1238
30 1259
30 1328
30 1819
30 1828
37 958
56 1259
93 1259
101 1894
146 1562
155 1328
180 958
217 1562
297 984
309 1328
315 1259
319 984
359 984
411 1328
429 1328
448 1562
448 1748
450 958
496 1748
529 1328
611 1328
696 1259
705 1562
743 1328
958 1154
958 1685
984 1010
984 1328
984 1398
984 1416
984 1593
1040 1259
1085 1328
1259 1488
1259 1619
1259 1986
1290 1748
1325 1748
1325 1894
1328 1562
1328 1748
1328 1894
1415 1894
1429 1894
1518 1748
1562 1969
1748 1933
