2 266
3 248
3 555
3 576
3 599
63 770
91 555
114 555
129 1128
134 1752
177 248
177 266
178 770
178 776
181 248
189 266
246 770
248 266
248 514
248 555
248 576
248 599
248 770
248 776
248 1128
248 1372
248 1496
248 1752
264 555
266 411
266 1619
266 1932
274 770
275 1752
296 576
297 770
364 555
365 555
365 1128
380 555
412 776
454 776
471 576
555 895
555 1019
555 1027
555 1448
555 1719
557 1752
576 1612
576 1775
599 798
599 1177
599 1416
599 1498
614 1752
619 1752
701 1128
776 896
1128 1766
1128 1930
1128 1966
