0 8
0 14
0 32
0 35
1 8
1 14
1 213
1 246
1 406
1 421
1 441
2 474
2 502
3 300
3 421
3 505
3 512
3 513
3 523
3 561
3 587
4 8
4 213
4 512
4 613
4 846
4 849
5 14
5 626
5 904
6 8
6 100
6 505
6 714
6 1058
7 32
7 616
7 617
7 849
7 904
7 1058
7 1140
7 1154
7 1166
7 1169
8 100
8 124
8 130
8 185
8 213
8 215
8 300
8 301
8 305
8 336
8 349
8 353
8 364
8 367
8 441
8 456
8 474
8 505
8 523
8 613
8 616
8 617
8 626
8 630
8 706
8 787
8 825
8 835
8 910
8 975
8 999
8 1007
8 1055
8 1058
8 1071
8 1140
8 1154
8 1166
8 1192
8 1193
8 1194
8 1195
8 1196
8 1197
8 1198
8 1199
8 1200
8 1201
8 1202
8 1203
8 1204
8 1205
8 1206
8 1207
8 1208
8 1209
8 1210
8 1211
8 1212
8 1213
8 1214
8 1215
9 1386
10 513
10 617
10 910
13 1586
14 244
14 301
14 313
14 504
14 706
14 757
14 1017
14 1022
14 1093
14 1139
14 1453
14 1612
14 1613
14 1614
15 561
15 1203
16 505
16 523
16 1215
17 1012
18 999
18 1201
18 1520
20 151
20 505
24 616
25 151
25 772
26 1204
27 1287
29 1230
30 904
32 219
32 226
32 300
32 376
32 794
32 1323
32 1948
35 141
35 300
35 882
35 1055
35 1423
37 1169
48 185
48 1287
53 1797
54 1140
57 626
59 246
59 1204
65 1097
66 587
66 1289
68 1520
69 626
69 1195
70 305
71 124
74 151
74 512
78 992
79 253
82 1154
90 100
90 124
90 130
91 130
91 474
91 505
91 613
91 616
91 617
91 624
91 626
91 630
92 300
92 787
92 789
92 812
93 766
96 246
100 222
100 375
100 396
100 452
100 800
100 835
100 1030
100 1314
100 1331
100 1346
100 1565
100 1693
100 1773
100 1877
100 1878
102 1196
104 513
105 915
106 1289
110 626
112 300
112 1202
116 1010
116 1209
116 1300
119 1193
124 177
124 383
124 627
124 826
124 1232
124 1539
124 1714
126 474
127 1196
128 1196
130 597
130 746
130 1144
130 1578
131 513
136 1196
136 1388
138 787
139 1210
141 151
143 1212
144 789
145 523
145 1192
145 1202
145 1294
145 1300
145 1520
145 1535
148 613
149 215
150 1193
151 219
151 240
151 299
151 334
151 395
151 400
151 421
151 505
151 511
151 517
151 553
151 686
151 698
151 733
151 838
151 841
151 873
151 939
151 970
151 992
151 1040
151 1137
151 1304
151 1361
151 1412
151 1424
151 1429
151 1445
151 1446
151 1461
151 1529
151 1535
151 1568
151 1586
151 1689
151 1796
151 1797
151 1798
151 1799
151 1800
151 1801
152 935
152 992
153 513
153 787
154 1195
154 1288
156 1196
157 1806
158 616
159 1202
161 1010
162 513
163 1520
165 1287
174 1193
177 185
177 213
177 215
177 246
177 253
178 185
178 347
178 751
178 766
178 772
179 185
179 512
179 824
180 421
180 846
180 910
180 915
180 935
180 939
181 305
181 910
181 915
181 1010
181 1012
181 1046
183 505
183 824
183 1192
184 1424
185 218
185 290
185 295
185 623
185 629
185 712
185 756
185 836
185 881
185 921
185 964
185 1143
185 1302
185 1455
185 1456
185 1457
185 1458
188 846
188 1287
189 706
189 1195
189 1386
190 1194
191 1290
192 309
192 751
192 1192
192 1386
193 849
193 1207
193 1215
193 1293
195 1140
196 305
197 626
198 309
201 787
204 1195
205 336
205 751
209 305
209 1799
211 787
212 253
212 309
212 336
213 353
213 492
213 671
213 1108
213 1198
213 1208
213 1888
215 286
215 618
215 882
215 1022
215 1825
215 1867
215 1869
220 1288
224 349
226 915
229 1798
230 915
241 706
241 1535
242 1196
244 300
244 910
246 300
246 545
246 770
246 1580
246 1818
246 1948
246 1973
253 300
253 930
253 986
253 1168
253 1497
258 1129
259 624
260 812
261 1195
267 1202
268 1287
269 613
275 1140
277 1210
281 616
285 1209
295 300
295 305
295 309
295 311
295 336
295 347
295 349
296 349
296 505
296 512
296 706
296 713
296 714
296 732
297 561
297 613
298 990
298 992
298 994
298 999
298 1007
299 1010
299 1220
299 1230
300 347
300 406
300 502
300 504
300 510
300 512
300 513
300 624
300 713
300 746
300 766
300 772
300 789
300 824
300 846
300 911
300 913
300 915
300 935
300 994
300 1010
300 1012
300 1046
300 1097
300 1129
300 1169
300 1230
300 1291
300 1305
300 1384
300 1386
300 1387
300 1388
300 1389
300 1390
300 1391
300 1392
300 1393
300 1394
300 1395
301 787
301 1194
303 999
303 1012
305 365
305 380
305 532
305 607
305 611
305 825
305 837
305 923
305 934
305 1145
305 1171
305 1189
305 1598
305 1651
305 1652
305 1653
305 1654
305 1655
305 1656
307 1193
307 1212
308 502
308 789
308 910
308 915
308 1192
308 1388
309 335
309 392
309 505
309 506
309 544
309 628
309 648
309 663
309 847
309 944
309 1328
309 1459
309 1719
309 1835
309 1836
311 365
311 369
311 476
311 505
311 708
311 755
311 854
311 1040
311 1080
311 1366
311 1604
311 1605
311 1874
312 1010
313 616
314 1206
315 626
315 1046
316 512
316 624
318 1520
318 1797
319 502
319 1301
321 910
323 1798
325 1293
326 512
326 523
329 1194
336 1413
336 1667
336 1773
337 935
339 849
340 714
345 1220
347 479
347 1436
347 1926
348 406
349 1199
349 1419
351 1058
358 1520
364 616
364 1010
364 1097
365 787
365 910
365 999
365 1012
365 1129
366 624
367 616
367 789
367 1010
367 1220
368 846
368 1288
368 1384
370 513
371 1010
373 1389
374 1393
375 513
376 1300
378 474
378 1206
379 910
384 849
384 1010
385 1194
389 617
394 713
395 1205
398 910
401 1384
402 1192
406 754
406 1342
406 1819
406 1880
406 1954
409 1301
410 713
413 1287
413 1796
415 1140
420 706
421 1375
421 1568
421 1791
421 1895
422 1394
426 824
428 1192
431 990
433 613
441 640
441 841
441 1064
446 624
447 706
447 1195
447 1207
448 1206
448 1586
449 1202
449 1287
450 1214
450 1287
451 1288
451 1586
452 1586
456 505
456 1395
457 1392
457 1798
459 915
460 706
463 523
464 512
466 1384
468 616
470 616
472 714
474 819
474 1435
475 1213
479 1007
487 1012
501 1300
502 1252
503 1196
504 787
505 511
505 561
505 587
505 699
505 714
505 742
505 751
505 812
505 837
505 849
505 887
505 904
505 990
505 1055
505 1200
505 1211
505 1220
505 1265
505 1284
505 1285
505 1286
505 1287
505 1288
505 1289
505 1290
505 1291
505 1292
505 1293
505 1294
505 1295
505 1296
505 1297
505 1298
505 1299
505 1300
505 1301
506 766
507 1386
510 1046
510 1294
511 1293
512 728
512 1118
512 1627
512 1656
512 1657
513 642
513 707
513 758
513 827
513 881
513 1302
513 1352
513 1372
513 1377
513 1390
513 1400
513 1678
514 613
514 1297
515 617
515 1010
516 751
517 1391
518 1394
518 1424
520 1203
523 611
523 661
523 1211
523 1639
523 1740
523 1879
525 1129
525 1205
525 1214
526 990
527 1140
527 1796
529 1388
530 1058
533 613
538 1210
543 992
544 1203
545 630
550 1392
553 1391
560 1140
561 1734
568 1230
570 910
570 1010
573 1294
580 616
586 915
587 802
587 887
597 766
611 766
611 910
613 620
613 911
613 950
613 1051
613 1254
613 1318
613 1319
613 1344
613 1363
613 1516
613 1632
613 1688
613 1689
613 1690
614 1535
616 790
616 807
616 918
616 1059
616 1160
616 1263
616 1286
616 1387
616 1426
616 1606
616 1659
616 1704
616 1713
616 1826
616 1827
616 1828
616 1829
616 1830
617 909
617 1257
617 1359
617 1522
617 1604
617 1834
619 1140
619 1424
624 819
624 986
624 1385
624 1470
624 1611
624 1662
624 1728
624 1912
626 942
626 1295
626 1299
626 1329
626 1429
626 1471
626 1695
626 1728
626 1768
626 1771
626 1807
626 1913
626 1950
626 1951
630 1324
630 1334
630 1537
630 1618
630 1811
630 1822
632 910
636 939
636 1230
637 1154
639 772
640 787
642 1058
645 1210
654 1196
662 1192
668 1169
670 1395
676 1520
677 1010
679 1140
682 1520
685 1297
690 714
692 1010
695 1287
696 1194
696 1195
699 1289
705 1192
705 1389
706 732
706 758
706 873
706 975
706 1520
706 1543
706 1710
706 1806
706 1877
706 1927
708 1289
713 788
713 924
713 933
713 1582
713 1664
713 1960
713 1989
714 911
714 1054
714 1237
714 1370
726 1395
727 990
730 751
732 1377
732 1490
732 1827
738 1193
741 1230
742 787
746 910
747 1010
748 994
748 1203
749 1806
751 927
751 937
751 1179
751 1698
764 1290
764 1388
766 981
766 1663
766 1687
768 1391
772 1050
772 1471
772 1949
774 1201
779 1393
784 1395
787 870
787 1077
787 1121
787 1133
787 1135
787 1137
787 1157
787 1158
787 1240
787 1284
787 1321
787 1376
787 1476
787 1635
787 1646
787 1647
787 1648
787 1649
787 1650
788 1058
789 996
789 1056
791 1193
792 1195
793 1388
802 1010
811 1520
812 1512
812 1869
814 1392
815 1010
817 1058
817 1424
824 1029
824 1221
824 1260
824 1410
824 1466
825 1206
827 1046
836 992
837 1193
838 994
838 1290
838 1520
841 1209
843 1393
846 934
846 1122
846 1350
846 1853
846 1867
848 1010
849 874
849 1161
849 1917
852 1220
858 1424
863 1166
866 910
871 992
873 1297
884 1097
890 1212
892 1301
893 1301
904 1741
910 953
910 1115
910 1180
910 1313
910 1352
910 1353
910 1354
910 1355
910 1356
910 1357
910 1358
910 1359
910 1360
910 1361
910 1362
910 1363
910 1364
910 1365
911 1201
913 1210
914 1196
915 968
915 991
915 1055
915 1141
915 1191
915 1262
915 1312
915 1478
915 1509
915 1581
915 1595
915 1743
915 1923
923 1010
932 1010
933 1192
935 1303
935 1814
937 1166
939 998
939 1143
939 1324
957 999
958 1154
962 1298
969 1058
980 1298
984 1010
989 1207
989 1391
990 1005
990 1060
990 1093
990 1305
990 1329
992 1884
994 1118
994 1122
994 1163
994 1954
999 1687
1007 1522
1007 1566
1010 1296
1010 1344
1010 1433
1010 1445
1010 1446
1010 1447
1010 1448
1012 1409
1012 1817
1012 1835
1012 1901
1014 1388
1016 1097
1029 1289
1034 1389
1043 1140
1052 1520
1055 1290
1058 1565
1058 1576
1058 1680
1058 1793
1071 1196
1073 1194
1073 1204
1096 1389
1097 1255
1097 1397
1097 1745
1097 1950
1104 1293
1107 1193
1110 1297
1115 1129
1127 1213
1135 1290
1140 1142
1140 1337
1140 1903
1150 1389
1154 1345
1154 1369
1154 1829
1166 1323
1168 1297
1169 1969
1171 1194
1171 1196
1171 1201
1175 1798
1189 1797
1192 1802
1192 1803
1192 1804
1192 1805
1193 1305
1193 1412
1193 1712
1193 1802
1193 1909
1194 1277
1194 1581
1194 1668
1194 1671
1194 1728
1194 1816
1194 1917
1195 1579
1195 1659
1195 1683
1195 1793
1196 1197
1196 1539
1196 1652
1196 1810
1196 1936
1201 1702
1201 1874
1202 1281
1202 1514
1203 1808
1204 1503
1204 1810
1204 1915
1205 1285
1205 1292
1205 1642
1205 1962
1205 1989
1205 1998
1206 1538
1207 1631
1209 1333
1209 1618
1212 1319
1213 1377
1213 1931
1214 1345
1214 1566
1215 1265
1215 1772
1219 1393
1220 1261
1220 1731
1245 1586
1258 1799
1287 1315
1287 1621
1287 1829
1287 1879
1287 1952
1289 1521
1290 1748
1293 1374
1293 1742
1294 1490
1297 1461
1297 1640
1298 1308
1298 1567
1298 1802
1300 1325
1322 1389
1369 1806
1384 1710
1388 1587
1388 1866
1389 1572
1389 1660
1389 1688
1389 1876
1389 1920
1389 1984
1392 1580
1394 1522
1394 1565
1394 1854
1395 1623
1402 1797
1424 1826
1424 1833
1496 1796
1504 1799
1513 1797
1535 1857
1537 1797
1580 1796
1586 1834
1644 1797
1674 1796
1679 1796
1742 1806
1797 1955
1797 1961
1799 1844
1799 1953
