0 1
0 14
0 36
0 37
1 2
1 3
1 7
1 8
1 14
1 36
1 90
1 91
1 94
1 96
1 134
1 141
1 177
1 178
1 181
1 182
1 186
1 190
1 196
1 204
1 207
1 213
1 221
1 229
1 232
1 242
1 246
1 277
1 295
1 296
1 303
1 306
1 364
1 365
1 366
1 367
1 368
1 369
1 370
1 371
1 372
1 373
1 374
1 375
1 376
1 377
1 378
1 379
1 380
1 381
1 382
1 383
1 384
1 385
1 386
1 387
1 388
1 389
1 390
1 391
1 392
1 393
1 394
1 395
1 396
1 397
1 398
1 399
1 400
1 401
1 402
1 403
1 404
1 405
1 406
1 407
1 408
1 409
1 410
1 411
1 412
1 413
1 414
1 415
1 416
1 417
1 418
1 419
1 420
1 421
1 422
1 423
1 424
1 425
1 426
1 427
1 428
1 429
1 430
1 431
1 432
1 433
1 434
1 435
1 436
1 437
1 438
1 439
1 440
1 441
1 442
1 443
1 444
2 91
2 371
2 377
2 417
2 457
2 485
3 91
3 365
3 377
3 457
3 503
3 505
3 515
3 516
3 551
3 565
3 570
3 601
4 91
4 415
4 601
5 14
5 91
5 626
5 656
5 884
6 186
6 365
6 367
6 503
6 505
6 623
6 649
6 663
7 96
7 306
7 378
7 409
8 130
8 367
8 505
8 626
8 630
10 485
10 623
10 645
12 515
12 551
14 244
14 301
14 313
14 504
14 706
14 757
14 1017
14 1022
14 1093
14 1139
14 1453
14 1612
14 1613
14 1614
15 635
15 644
16 374
16 505
16 628
18 386
18 658
20 505
21 660
22 427
27 618
28 404
28 615
31 378
36 145
36 177
36 571
36 855
36 882
36 1037
36 1345
36 1907
37 91
37 302
37 414
37 439
37 521
37 958
37 1169
37 1341
37 1431
37 1464
37 1465
37 1574
37 1577
37 1834
37 1961
39 457
46 642
47 207
51 632
53 437
55 688
56 425
57 626
58 663
69 626
70 378
70 622
71 91
71 516
74 647
83 91
83 615
83 629
89 619
90 91
90 96
90 127
90 130
90 132
90 134
90 136
91 127
91 129
91 130
91 132
91 136
91 148
91 157
91 177
91 178
91 179
91 189
91 193
91 194
91 197
91 204
91 287
91 296
91 297
91 298
91 308
91 332
91 364
91 454
91 457
91 474
91 478
91 485
91 503
91 504
91 505
91 507
91 515
91 516
91 525
91 540
91 543
91 551
91 555
91 565
91 570
91 601
91 611
91 612
91 613
91 614
91 615
91 616
91 617
91 618
91 619
91 620
91 621
91 622
91 623
91 624
91 625
91 626
91 627
91 628
91 629
91 630
91 631
91 632
91 633
91 634
91 635
91 636
91 637
91 638
91 639
91 640
91 641
91 642
91 643
91 644
91 645
91 646
91 647
91 648
91 649
91 650
91 651
91 652
91 653
91 654
91 655
91 656
91 657
91 658
91 659
91 660
91 661
91 662
91 663
91 664
91 665
91 666
91 667
91 668
91 669
91 670
91 671
91 672
91 673
91 674
91 675
91 676
91 677
91 678
91 679
91 680
91 681
91 682
91 683
91 684
91 685
91 686
91 687
91 688
91 689
91 690
91 691
91 692
91 693
91 694
91 695
92 417
94 186
94 689
96 129
96 177
96 246
96 297
96 372
96 479
96 542
96 550
96 687
96 693
96 758
96 852
96 878
96 900
96 913
96 968
96 1052
96 1107
96 1246
96 1396
96 1515
96 1523
96 1574
96 1618
96 1619
96 1620
96 1621
96 1622
97 374
97 398
100 375
100 396
101 367
102 409
105 638
108 365
109 551
110 377
110 626
113 380
115 365
116 409
122 384
127 149
127 520
127 1086
127 1196
130 597
130 746
130 1144
130 1578
132 313
132 1227
132 1618
134 222
134 1322
134 1752
136 1043
136 1196
136 1388
141 148
141 157
142 436
143 378
143 380
143 615
143 618
145 306
145 424
145 428
145 618
145 647
145 682
146 386
148 181
148 296
148 524
148 613
148 998
148 1410
148 1482
148 1698
148 1703
148 1725
148 1726
148 1727
149 402
150 367
150 371
150 635
151 505
152 503
155 377
156 378
157 753
157 1067
157 1451
157 1555
157 1806
157 1927
163 380
163 688
164 306
165 207
165 690
166 644
167 424
170 365
173 365
174 367
177 186
177 207
177 229
177 287
178 186
178 365
178 629
178 670
179 422
179 516
180 375
180 503
180 615
180 645
180 670
181 365
181 375
181 396
181 398
182 503
183 505
183 619
184 378
185 623
185 629
186 187
186 190
186 256
186 302
186 304
186 702
186 755
186 794
186 907
186 912
186 962
186 967
186 978
186 1026
186 1038
186 1074
186 1100
186 1176
186 1285
186 1302
186 1428
186 1487
186 1488
186 1489
186 1490
186 1491
186 1492
186 1493
186 1494
186 1495
186 1496
186 1497
187 365
187 619
187 658
189 648
190 377
191 365
192 628
192 677
193 516
194 371
194 422
194 669
195 374
195 615
197 626
204 444
204 516
205 633
207 298
207 450
207 451
207 452
207 987
207 1146
207 1270
207 1414
207 1514
207 1774
207 1828
207 1844
207 1851
209 365
209 667
210 384
213 671
214 374
215 618
220 367
221 306
222 410
223 380
223 663
223 678
228 377
228 669
229 295
229 547
229 554
229 578
229 943
229 966
229 1136
229 1460
229 1603
229 1744
229 1798
232 365
233 516
237 377
237 677
250 649
259 624
260 692
262 628
266 411
276 680
280 375
287 315
287 1642
287 1671
287 1684
293 615
295 306
296 367
296 371
296 378
296 434
296 503
296 505
297 420
297 618
297 629
298 622
300 624
302 645
303 365
303 374
303 647
304 365
305 365
305 380
306 320
306 532
306 612
306 797
306 1223
306 1651
306 1702
306 1703
306 1704
307 615
308 380
308 660
308 671
309 505
309 628
309 648
309 663
310 651
311 365
311 505
312 619
313 638
315 619
315 626
316 624
317 642
322 398
323 644
323 682
324 658
325 635
327 666
328 667
329 404
329 648
330 632
331 380
332 437
337 428
338 515
344 503
351 384
353 436
354 565
357 410
364 367
364 457
364 678
365 366
365 370
365 393
365 445
365 447
365 520
365 521
365 540
365 555
365 559
365 608
365 650
365 704
365 722
365 787
365 796
365 822
365 882
365 910
365 999
365 1012
365 1016
365 1025
365 1045
365 1096
365 1107
365 1108
365 1109
365 1110
365 1111
365 1112
365 1113
365 1114
365 1115
365 1116
365 1117
365 1118
365 1119
365 1120
365 1121
365 1122
365 1123
365 1124
365 1125
365 1126
365 1127
365 1128
365 1129
365 1130
365 1131
365 1132
365 1133
365 1134
366 624
366 632
367 430
367 451
367 527
367 536
367 594
367 611
367 614
367 616
367 694
367 729
367 764
367 789
367 835
367 869
367 912
367 946
367 974
367 1010
367 1011
367 1025
367 1061
367 1220
367 1247
367 1248
367 1249
367 1250
367 1251
367 1252
367 1253
367 1254
368 565
369 680
369 681
370 674
371 507
371 607
371 1010
371 1232
371 1447
371 1610
371 1611
373 384
374 653
374 843
374 912
374 1393
374 1809
374 1810
375 513
375 532
375 884
375 1055
375 1629
375 1700
375 1815
375 1816
376 632
377 611
377 627
377 737
377 773
377 891
377 1065
377 1182
377 1258
377 1366
377 1522
377 1570
377 1695
377 1758
377 1820
377 1821
377 1822
378 474
378 598
378 661
378 730
378 850
378 886
378 929
378 941
378 1200
378 1206
378 1249
378 1256
378 1276
378 1436
378 1446
378 1473
378 1603
378 1724
378 1766
378 1831
378 1832
379 411
380 458
380 506
380 540
380 555
380 636
380 1087
380 1101
380 1344
380 1558
380 1621
380 1759
380 1842
383 386
384 433
384 462
384 643
384 758
384 849
384 919
384 1010
384 1064
384 1091
384 1184
384 1274
384 1351
384 1387
384 1464
384 1570
384 1735
384 1769
384 1780
384 1888
384 1906
386 1057
386 1609
386 1784
386 1938
389 516
396 550
396 881
396 1367
396 1415
396 1536
397 651
398 910
398 978
399 516
402 1192
402 1422
402 1513
402 1558
403 660
404 592
404 705
404 1079
404 1525
404 1962
408 424
408 428
409 1301
409 1330
409 1546
410 702
410 713
410 1122
410 1271
410 1322
410 1357
410 1526
410 1528
410 1567
410 1705
410 1890
410 1895
411 676
411 1108
411 1251
411 1328
411 1525
411 1764
411 1790
415 446
415 595
415 1140
415 1171
416 645
417 446
417 1095
417 1736
419 622
420 453
420 706
420 1135
420 1594
422 836
422 1394
422 1809
424 748
424 1059
424 1928
425 925
425 1175
425 1581
427 548
427 611
427 1369
428 1192
432 655
432 807
432 1095
432 1928
434 478
434 804
434 925
436 579
436 592
436 743
436 1217
436 1246
436 1863
437 475
437 1504
437 1943
442 666
443 446
443 793
443 1306
443 1758
444 708
444 1077
444 1127
446 619
446 624
446 651
448 485
448 678
449 622
449 623
449 638
451 635
453 649
454 503
456 505
457 462
457 527
457 693
457 968
457 1110
457 1116
457 1150
457 1392
457 1643
457 1654
457 1798
478 515
485 625
485 1379
485 1385
485 1707
493 649
495 688
503 517
503 552
503 703
503 836
503 914
503 1060
503 1061
503 1181
503 1196
503 1235
503 1236
503 1237
503 1238
503 1239
503 1240
503 1241
503 1242
503 1243
503 1244
503 1245
503 1246
505 511
505 561
505 587
505 699
505 714
505 742
505 751
505 812
505 837
505 849
505 887
505 904
505 990
505 1055
505 1200
505 1211
505 1220
505 1265
505 1284
505 1285
505 1286
505 1287
505 1288
505 1289
505 1290
505 1291
505 1292
505 1293
505 1294
505 1295
505 1296
505 1297
505 1298
505 1299
505 1300
505 1301
509 669
511 647
511 692
513 642
515 611
515 617
515 627
515 866
515 1010
515 1063
515 1267
515 1286
515 1343
515 1440
515 1683
515 1734
516 539
516 751
516 782
516 886
516 1139
516 1141
516 1168
516 1432
520 633
521 644
534 670
539 615
543 695
545 630
549 678
550 633
551 969
551 1132
551 1385
551 1487
551 1888
551 1921
562 635
563 629
563 695
565 589
565 746
565 1164
565 1233
565 1515
565 1734
565 1830
565 1978
570 748
570 769
570 910
570 1010
570 1979
571 633
577 648
601 1396
601 1508
607 667
611 651
612 622
615 951
615 1255
615 1339
615 1407
615 1770
615 1771
618 697
618 1691
619 788
619 980
619 1117
619 1118
619 1140
619 1147
619 1424
619 1752
620 632
620 660
622 911
622 1283
622 1304
622 1459
622 1572
622 1864
623 928
623 1018
623 1610
623 1934
623 1935
624 819
624 986
624 1385
624 1470
624 1611
624 1662
624 1728
624 1912
626 942
626 1295
626 1299
626 1329
626 1429
626 1471
626 1695
626 1728
626 1768
626 1771
626 1807
626 1913
626 1950
626 1951
628 817
628 1066
628 1273
628 1597
628 1615
628 1715
628 1808
629 696
629 797
629 885
629 1227
629 1761
630 1324
630 1334
630 1537
630 1618
630 1811
630 1822
632 801
632 910
632 974
632 997
632 1151
632 1454
632 1910
633 853
633 1323
633 1513
633 1825
635 853
635 1614
638 675
638 1680
639 689
642 696
642 950
642 1058
644 668
644 814
644 1706
644 1908
645 655
645 719
645 991
645 1030
645 1210
645 1544
645 1782
645 1839
647 1236
647 1791
648 919
649 988
649 1268
651 1944
652 677
656 1095
656 1354
656 1665
658 750
658 1405
662 911
662 1192
662 1403
662 1946
663 898
666 800
666 914
666 1141
666 1947
667 959
667 1302
667 1879
667 1960
669 924
669 1481
670 1395
670 1590
670 1709
670 1963
671 863
671 1292
671 1425
671 1564
671 1941
674 972
674 1036
674 1367
674 1714
677 1010
677 1755
677 1929
680 1254
680 1323
680 1630
681 1068
681 1093
681 1275
682 1520
682 1880
688 851
689 1246
689 1504
690 714
690 1722
690 1882
691 1325
691 1781
691 1800
691 1972
692 1010
692 1331
695 1287
695 1857
817 884
884 911
884 1097
884 1100
884 1171
884 1296
884 1380
884 1508
