0 1
0 2
0 3
0 4
0 5
0 6
0 7
0 8
0 9
0 10
0 11
0 12
0 13
0 14
0 15
0 16
0 17
0 18
0 19
0 20
0 21
0 22
0 23
0 24
0 25
0 26
0 27
0 28
0 29
0 30
0 31
0 32
0 33
0 34
0 35
0 36
0 37
0 38
0 39
0 40
0 41
0 42
0 43
0 44
0 45
0 46
0 47
0 48
0 49
0 50
0 51
0 52
0 53
0 54
0 55
0 56
0 57
0 58
0 59
0 60
0 61
0 62
0 63
0 64
0 65
0 66
0 67
0 68
0 69
0 70
0 71
0 72
0 73
0 74
0 75
0 76
0 77
0 78
0 79
0 80
0 81
0 82
0 83
0 84
0 85
0 86
0 87
0 88
0 89
1 14
1 36
1 186
1 365
2 15
2 16
2 31
2 86
2 467
2 491
3 24
3 26
3 43
3 87
3 365
3 503
3 518
3 582
3 590
3 603
4 15
4 62
4 183
4 791
4 835
4 838
5 13
5 14
5 51
5 86
5 908
6 8
6 17
6 22
6 41
6 90
6 100
6 143
6 177
6 178
6 181
6 183
6 184
6 186
6 211
6 319
6 357
6 361
6 365
6 367
6 369
6 399
6 491
6 503
6 505
6 507
6 508
6 509
6 518
6 575
6 586
6 590
6 603
6 623
6 649
6 659
6 663
6 697
6 714
6 741
6 774
6 782
6 815
6 835
6 838
6 908
6 973
6 1023
6 1037
6 1055
6 1056
6 1057
6 1058
6 1059
6 1060
6 1061
6 1062
6 1063
6 1064
6 1065
6 1066
6 1067
6 1068
6 1069
6 1070
6 1071
6 1072
6 1073
6 1074
6 1075
6 1076
6 1077
6 1078
6 1079
6 1080
6 1081
6 1082
6 1083
6 1084
6 1085
6 1086
6 1087
6 1088
6 1089
6 1090
7 20
7 1058
7 1166
8 835
8 1058
8 1071
8 1166
9 17
9 29
9 142
9 145
9 295
9 296
9 298
9 351
9 537
9 611
9 976
9 1059
9 1278
9 1327
9 1330
9 1386
9 1411
9 1412
9 1413
9 1414
9 1415
9 1416
10 44
10 623
11 41
11 143
11 181
11 295
11 368
11 459
11 747
11 748
11 1218
11 1343
11 1498
12 65
13 90
13 184
13 368
13 450
13 814
13 1353
13 1414
13 1585
13 1586
13 1587
13 1588
14 244
14 301
14 313
14 504
14 706
14 757
14 1017
14 1022
14 1093
14 1139
14 1453
14 1612
14 1613
14 1614
15 179
15 219
15 224
15 232
15 272
15 294
15 302
15 467
15 561
15 635
15 644
15 803
15 810
15 814
15 822
15 827
15 899
15 928
15 1014
15 1198
15 1203
15 1236
15 1310
15 1317
15 1323
15 1402
15 1492
15 1557
15 1665
15 1666
15 1667
15 1668
15 1669
15 1670
16 111
16 184
16 374
16 505
16 523
16 524
16 628
16 749
16 814
16 842
16 1136
16 1143
16 1215
16 1248
16 1679
16 1686
16 1687
17 33
17 491
18 28
18 30
18 33
18 183
18 1062
18 1081
19 178
19 205
19 237
19 286
19 297
19 317
19 366
19 448
19 522
19 891
19 1136
19 1367
19 1519
19 1579
19 1754
19 1756
20 151
20 297
20 354
20 505
20 652
20 697
20 974
20 1255
20 1438
20 1553
20 1618
20 1686
20 1772
21 78
21 94
21 117
21 178
21 180
21 239
21 284
21 358
21 368
21 660
21 1665
21 1680
22 838
23 98
23 145
23 197
23 209
23 214
23 290
23 1057
23 1172
23 1218
23 1438
23 1885
24 75
24 179
24 203
24 264
24 616
24 631
24 707
24 901
24 1043
24 1061
24 1422
24 1663
24 1886
25 82
25 151
25 205
25 282
25 304
25 530
25 664
25 746
25 772
25 807
25 924
25 945
25 987
25 1004
25 1123
25 1142
25 1231
25 1367
25 1665
25 1725
25 1822
25 1888
25 1890
26 195
26 222
26 297
26 368
26 575
26 1039
26 1181
26 1204
26 1295
26 1382
26 1440
26 1514
26 1872
26 1893
26 1895
27 193
27 296
27 368
27 618
27 1179
27 1287
27 1479
28 195
28 404
28 408
28 615
28 639
28 814
28 1045
28 1048
28 1068
28 1084
28 1255
28 1324
28 1423
28 1433
28 1531
28 1602
28 1727
28 1773
28 1893
28 1916
29 183
30 92
30 214
30 373
30 888
30 904
30 958
30 1238
30 1259
30 1328
30 1819
30 1828
31 47
31 59
31 261
31 378
31 530
31 698
31 796
31 1067
31 1482
31 1608
31 1946
31 1947
32 1323
33 181
33 233
33 611
33 1345
33 1475
34 86
35 141
35 300
35 882
35 1055
35 1423
36 145
36 177
36 571
36 855
36 882
36 1037
36 1345
36 1907
37 91
37 302
37 414
37 439
37 521
37 958
37 1169
37 1341
37 1431
37 1464
37 1465
37 1574
37 1577
37 1834
37 1961
38 296
38 314
38 449
38 813
38 1398
38 1783
38 1860
38 1945
39 40
39 183
39 1081
40 133
40 152
40 504
40 911
40 1631
40 1710
40 1953
40 1962
40 1972
42 141
42 251
42 295
42 429
42 581
42 817
42 912
42 1457
42 1619
42 1744
42 1876
42 1942
43 152
43 171
43 298
43 452
43 779
43 1185
43 1373
43 1506
43 1774
43 1980
44 145
44 1059
44 1110
44 1474
44 1967
45 225
45 510
45 982
45 1044
45 1055
45 1302
45 1966
46 180
46 460
46 642
46 911
46 1409
46 1472
46 1493
46 1620
46 1924
48 185
48 196
48 279
48 302
48 584
48 734
48 977
48 1047
48 1050
48 1170
48 1178
48 1287
48 1697
49 55
49 838
50 52
50 193
50 297
50 548
50 1095
51 53
51 335
51 620
51 632
51 709
51 1334
51 1972
52 1076
54 141
54 177
54 302
54 1105
54 1140
54 1851
55 688
55 1028
55 1175
55 1507
55 1513
55 1991
56 177
56 425
56 987
56 1119
56 1259
56 1854
56 1953
56 1971
56 1993
57 281
57 459
57 609
57 626
57 1060
57 1175
57 1544
57 1555
58 180
58 303
58 639
58 663
58 705
58 892
58 1660
58 1993
58 1996
60 140
60 177
60 295
60 382
60 572
60 584
60 1219
60 1816
60 1996
61 296
61 308
61 653
61 882
61 1665
61 1684
61 1692
62 477
62 574
62 1291
62 1554
62 1738
62 1742
63 239
63 295
63 478
63 770
63 1374
63 1453
63 1624
63 1762
63 1795
64 368
64 1019
64 1120
64 1271
65 504
65 1002
65 1097
65 1098
65 1986
66 587
66 764
66 796
66 1117
66 1289
67 111
67 249
67 303
67 790
67 1706
68 1323
69 450
69 626
69 895
69 1195
69 1634
69 1781
70 305
70 378
70 622
70 1123
71 91
71 115
71 124
71 516
71 960
71 1723
72 313
72 580
72 702
72 1211
72 1765
72 1842
73 188
73 233
73 894
73 934
74 151
74 512
74 647
74 1272
76 354
76 519
76 725
76 1308
76 1518
77 339
77 768
77 829
77 1452
79 253
79 675
79 697
79 969
80 296
80 298
80 1150
80 1750
80 1967
81 778
81 948
81 978
81 1430
81 1510
83 91
83 615
83 629
83 912
84 446
84 684
84 696
84 977
85 448
85 536
85 1444
85 1835
86 302
87 557
87 620
87 964
88 289
88 578
88 1018
88 1186
89 619
89 1823
89 1943
89 1998
91 503
91 623
91 644
91 659
92 791
94 186
100 835
101 838
105 491
108 365
109 1063
115 365
115 838
121 973
122 518
128 518
138 491
143 1023
144 1023
145 791
146 467
146 1286
147 1075
151 838
152 503
152 1062
160 908
166 644
168 1323
170 365
173 365
175 838
176 272
177 183
177 186
177 211
177 224
177 272
178 186
178 365
178 518
178 774
178 782
179 272
179 518
179 828
180 503
181 365
181 518
181 1023
182 503
183 188
183 197
183 320
183 505
183 508
183 611
183 619
183 735
183 757
183 824
183 862
183 1192
183 1342
183 1343
183 1344
183 1345
183 1346
183 1347
183 1348
183 1349
183 1350
183 1351
184 835
185 623
186 187
186 190
186 256
186 302
186 304
186 702
186 755
186 794
186 907
186 912
186 962
186 967
186 978
186 1026
186 1038
186 1074
186 1100
186 1176
186 1285
186 1302
186 1428
186 1487
186 1488
186 1489
186 1490
186 1491
186 1492
186 1493
186 1494
186 1495
186 1496
186 1497
187 365
189 774
191 365
195 1089
209 365
211 261
211 297
211 308
211 591
211 625
211 765
211 787
211 927
211 1032
211 1239
211 1421
211 1542
211 1612
211 1695
211 1864
216 659
217 1323
224 297
224 349
224 705
224 1343
227 1073
232 365
238 1069
239 835
272 711
272 839
293 1072
295 361
296 503
296 714
297 973
303 365
304 365
304 838
305 365
307 1070
311 365
311 1080
323 644
326 1083
340 714
343 973
344 503
351 1058
361 504
361 924
361 1880
365 366
365 370
365 393
365 445
365 447
365 520
365 521
365 540
365 555
365 559
365 608
365 650
365 704
365 722
365 787
365 796
365 822
365 882
365 910
365 999
365 1012
365 1016
365 1025
365 1045
365 1096
365 1107
365 1108
365 1109
365 1110
365 1111
365 1112
365 1113
365 1114
365 1115
365 1116
365 1117
365 1118
365 1119
365 1120
365 1121
365 1122
365 1123
365 1124
365 1125
365 1126
365 1127
365 1128
365 1129
365 1130
365 1131
365 1132
365 1133
365 1134
367 835
370 590
377 1570
384 1570
392 838
393 835
404 1079
446 1081
446 1570
449 623
450 1072
451 491
451 1323
452 973
452 1078
454 503
455 1085
458 1076
461 582
461 835
467 520
467 871
467 1576
467 1590
467 1665
467 1873
469 838
472 714
475 835
477 582
484 1062
491 1957
493 1078
499 582
500 1323
501 1070
503 517
503 552
503 703
503 836
503 914
503 1060
503 1061
503 1181
503 1196
503 1235
503 1236
503 1237
503 1238
503 1239
503 1240
503 1241
503 1242
503 1243
503 1244
503 1245
503 1246
504 1073
505 714
505 1286
506 1062
507 1063
507 1323
508 828
511 1069
515 1063
515 1286
516 782
518 531
518 591
518 627
518 708
518 722
518 763
518 974
518 1174
518 1253
518 1268
518 1343
518 1353
518 1368
518 1394
518 1424
518 1673
518 1818
518 1849
518 1852
521 644
527 1063
530 1058
530 1080
534 1070
541 973
542 1066
546 791
554 838
556 1080
557 838
564 828
582 625
582 777
582 1323
582 1340
590 899
590 1352
603 983
603 1148
603 1888
611 1323
616 1286
623 928
623 1018
623 1610
623 1934
623 1935
628 1066
633 1323
642 1058
644 668
644 814
644 1706
644 1908
655 1069
659 888
659 959
659 1398
661 1066
665 1323
680 1323
690 714
696 1066
697 1066
704 838
704 1072
705 1075
707 1073
714 911
714 1054
714 1237
714 1370
741 1083
742 835
749 908
754 774
763 1323
767 1023
774 1201
777 1081
780 1090
782 980
782 1329
788 1058
790 1089
791 1124
791 1193
791 1323
791 1455
792 1069
795 1286
809 1323
817 1058
826 1075
828 1055
828 1323
828 1626
835 1108
835 1121
835 1451
835 1452
835 1453
835 1454
838 900
838 919
838 989
838 994
838 1008
838 1256
838 1290
838 1303
838 1520
838 1730
838 1777
838 1839
840 1323
844 1286
858 1089
863 1166
882 1069
883 1078
889 1079
899 1570
901 1085
902 1079
908 1743
937 1166
967 1079
969 1058
973 1060
973 1229
973 1249
973 1405
973 1579
973 1734
973 1813
1023 1131
1023 1183
1023 1492
1023 1573
1023 1769
1056 1078
1058 1565
1058 1576
1058 1680
1058 1793
1060 1062
1060 1323
1062 1792
1062 1968
1063 1454
1066 1445
1069 1505
1069 1899
1070 1247
1070 1417
1071 1180
1071 1196
1071 1302
1071 1640
1071 1853
1071 1874
1071 1979
1072 1330
1072 1453
1072 1671
1073 1194
1073 1204
1075 1436
1076 1260
1076 1416
1076 1689
1076 1985
1078 1094
1079 1354
1080 1680
1081 1513
1083 1348
1083 1358
1083 1539
1085 1241
1085 1328
1085 1908
1089 1144
1089 1351
1090 1282
1090 1591
1090 1839
1166 1323
1286 1323
1286 1551
1323 1570
1323 1830
1323 1868
1323 1869
