1 178
1 186
2 178
4 747
6 178
6 186
11 747
17 747
19 178
21 178
83 629
91 178
91 614
91 629
91 670
92 747
94 186
104 614
141 156
142 178
144 178
150 178
150 753
156 178
156 209
156 284
156 378
156 481
156 1114
156 1196
156 1596
157 753
177 178
177 186
178 184
178 185
178 186
178 225
178 230
178 295
178 347
178 364
178 365
178 368
178 370
178 478
178 506
178 518
178 528
178 611
178 614
178 621
178 629
178 664
178 670
178 746
178 747
178 748
178 749
178 750
178 751
178 752
178 753
178 754
178 755
178 756
178 757
178 758
178 759
178 760
178 761
178 762
178 763
178 764
178 765
178 766
178 767
178 768
178 769
178 770
178 771
178 772
178 773
178 774
178 775
178 776
178 777
178 778
178 779
178 780
178 781
178 782
178 783
178 784
178 785
178 786
180 670
180 780
181 753
185 629
186 187
186 190
186 256
186 302
186 304
186 702
186 755
186 794
186 907
186 912
186 962
186 967
186 978
186 1026
186 1038
186 1074
186 1100
186 1176
186 1285
186 1302
186 1428
186 1487
186 1488
186 1489
186 1490
186 1491
186 1492
186 1493
186 1494
186 1495
186 1496
186 1497
192 614
192 751
200 747
205 751
206 747
238 747
248 776
297 629
299 759
313 759
341 614
352 747
366 614
367 614
377 773
382 773
383 753
412 776
454 776
482 773
505 751
516 751
534 670
557 753
563 629
564 759
614 834
614 925
614 1172
614 1237
614 1246
614 1442
614 1469
614 1503
614 1535
614 1709
614 1751
614 1752
614 1753
614 1754
614 1755
629 696
629 797
629 885
629 1227
629 1761
670 1395
670 1590
670 1709
670 1963
696 1442
730 751
731 759
734 780
747 757
747 818
747 928
747 966
747 1010
747 1415
747 1571
747 1572
751 927
751 937
751 1179
751 1698
753 911
753 1008
753 1144
753 1275
753 1303
753 1331
753 1451
753 1468
753 1782
759 911
759 1021
759 1398
759 1932
759 1974
773 1572
773 1978
776 896
780 1090
780 1402
780 1874
780 1975
1291 1442
1415 1442
1442 1503
1442 1875
