0 5
0 52
1 366
1 431
3 521
3 569
3 594
4 875
5 13
5 14
5 34
5 51
5 86
5 90
5 91
5 102
5 114
5 144
5 161
5 179
5 181
5 255
5 262
5 295
5 299
5 307
5 312
5 355
5 364
5 366
5 368
5 395
5 401
5 431
5 451
5 496
5 504
5 509
5 521
5 526
5 595
5 626
5 656
5 699
5 702
5 705
5 710
5 746
5 748
5 769
5 788
5 815
5 817
5 875
5 881
5 882
5 883
5 884
5 885
5 886
5 887
5 888
5 889
5 890
5 891
5 892
5 893
5 894
5 895
5 896
5 897
5 898
5 899
5 900
5 901
5 902
5 903
5 904
5 905
5 906
5 907
5 908
5 909
10 366
19 366
37 521
43 1185
50 52
52 580
52 986
52 1076
52 1304
52 1366
52 1651
92 366
105 902
120 1185
144 431
145 986
162 986
181 986
215 1825
253 986
255 594
267 366
296 521
298 986
299 986
315 366
317 902
322 366
330 366
333 1825
337 521
344 366
364 366
364 521
365 366
365 521
366 430
366 471
366 528
366 529
366 564
366 614
366 624
366 627
366 632
366 726
366 765
366 845
366 853
366 912
366 932
366 954
366 986
366 1013
366 1021
366 1053
366 1055
366 1092
366 1099
366 1106
366 1112
366 1171
366 1172
366 1173
366 1174
366 1175
366 1176
366 1177
366 1178
366 1179
366 1180
366 1181
366 1182
366 1183
366 1184
366 1185
366 1186
366 1187
366 1188
366 1189
366 1190
366 1191
367 594
431 990
431 1092
431 1858
504 1283
517 1838
521 522
521 644
521 809
521 945
521 1143
521 1223
521 1347
521 1464
521 1606
521 1693
521 1791
521 1873
522 885
569 705
569 1032
569 1117
569 1255
569 1408
569 1522
569 1825
569 1831
569 1857
594 1283
594 1512
594 1825
622 1283
624 986
629 885
633 1825
687 986
708 1283
725 885
729 1825
760 1185
792 1838
816 902
875 1644
875 1677
875 1734
875 1758
885 906
885 912
885 930
885 1020
885 1255
885 1269
885 1685
885 1783
902 1079
924 1838
986 995
986 1111
986 1407
986 1825
1185 1723
1185 1773
1283 1376
1635 1838
1825 1837
1825 1838
1825 1851
