0 7
0 20
0 32
1 7
1 306
1 390
1 409
3 520
4 839
7 20
7 32
7 78
7 96
7 103
7 177
7 180
7 182
7 208
7 260
7 296
7 306
7 310
7 312
7 334
7 346
7 356
7 378
7 390
7 395
7 409
7 445
7 447
7 469
7 520
7 525
7 529
7 605
7 616
7 617
7 697
7 720
7 733
7 741
7 794
7 839
7 849
7 855
7 863
7 881
7 883
7 904
7 982
7 1058
7 1060
7 1074
7 1091
7 1108
7 1110
7 1131
7 1135
7 1136
7 1137
7 1138
7 1139
7 1140
7 1141
7 1142
7 1143
7 1144
7 1145
7 1146
7 1147
7 1148
7 1149
7 1150
7 1151
7 1152
7 1153
7 1154
7 1155
7 1156
7 1157
7 1158
7 1159
7 1160
7 1161
7 1162
7 1163
7 1164
7 1165
7 1166
7 1167
7 1168
7 1169
7 1170
8 616
17 520
18 1155
20 151
20 297
20 354
20 505
20 652
20 697
20 974
20 1255
20 1438
20 1553
20 1618
20 1686
20 1772
24 616
32 219
32 226
32 300
32 376
32 794
32 1323
32 1948
91 616
102 409
116 409
127 520
133 1091
143 1091
145 306
149 1091
158 616
164 306
181 390
182 839
192 1138
221 306
235 390
272 839
281 616
295 306
306 320
306 532
306 612
306 797
306 1223
306 1651
306 1702
306 1703
306 1704
308 1138
313 616
322 520
344 1091
364 616
364 1091
365 520
367 616
368 520
384 1091
390 511
390 693
390 819
390 1170
390 1342
390 1413
390 1577
390 1765
390 1885
393 1155
394 1138
409 1301
409 1330
409 1546
467 520
468 616
470 616
471 1091
504 1091
506 839
507 1138
520 541
520 633
520 848
520 1092
520 1137
520 1146
520 1203
520 1251
520 1342
520 1349
520 1590
520 1600
520 1681
520 1852
520 1867
548 1155
554 839
558 1091
572 1138
580 616
616 790
616 807
616 918
616 1059
616 1160
616 1263
616 1286
616 1387
616 1426
616 1606
616 1659
616 1704
616 1713
616 1826
616 1827
616 1828
616 1829
616 1830
657 839
696 839
831 1138
839 1101
839 1594
839 1631
839 1726
839 1807
839 1817
839 1843
971 1091
1088 1091
1091 1235
1091 1712
1091 1777
1091 1854
1091 1855
1138 1247
1138 1279
1138 1816
1155 1626
1155 1627
