0 1
0 2
0 3
0 4
0 5
0 6
0 7
0 8
0 9
0 10
0 11
0 12
0 13
0 14
0 15
0 16
0 17
0 18
0 19
0 20
0 21
0 22
0 23
0 24
0 25
0 26
0 27
0 28
0 29
0 30
0 31
0 32
0 33
0 34
0 35
0 36
0 37
0 38
0 39
0 40
0 41
0 42
0 43
0 44
0 45
0 46
0 47
0 48
0 49
0 50
0 51
0 52
0 53
0 54
0 55
0 56
0 57
0 58
0 59
0 60
0 61
0 62
0 63
0 64
0 65
0 66
0 67
0 68
0 69
0 70
0 71
0 72
0 73
0 74
0 75
0 76
0 77
0 78
0 79
0 80
0 81
0 82
0 83
0 84
0 85
0 86
0 87
0 88
0 89
1 36
2 31
9 29
11 41
11 143
11 181
11 295
11 368
11 459
11 747
11 748
11 1218
11 1343
11 1498
21 78
21 94
21 117
21 178
21 180
21 239
21 284
21 358
21 368
21 660
21 1665
21 1680
29 183
29 210
29 216
29 591
29 1000
29 1149
29 1157
29 1230
29 1367
29 1476
29 1507
29 1513
29 1617
29 1776
30 1259
31 47
31 59
31 261
31 378
31 530
31 698
31 796
31 1067
31 1482
31 1608
31 1946
31 1947
36 145
36 177
36 571
36 855
36 882
36 1037
36 1345
36 1907
38 296
38 314
38 449
38 813
38 1398
38 1783
38 1860
38 1945
40 1953
46 180
46 460
46 642
46 911
46 1409
46 1472
46 1493
46 1620
46 1924
49 55
55 688
55 1028
55 1175
55 1507
55 1513
55 1991
56 177
56 425
56 987
56 1119
56 1259
56 1854
56 1953
56 1971
56 1993
58 1993
61 296
61 308
61 653
61 882
61 1665
61 1684
61 1692
63 239
63 295
63 478
63 770
63 1374
63 1453
63 1624
63 1762
63 1795
64 368
64 1019
64 1120
64 1271
68 303
68 1323
68 1520
68 1561
72 313
72 580
72 702
72 1211
72 1765
72 1842
93 1259
315 1259
610 1953
696 1259
856 1993
948 1993
1040 1259
1109 1953
1164 1953
1259 1488
1259 1619
1259 1986
1354 1993
1799 1953
