1 373
1 384
1 433
2 122
2 373
2 462
4 849
7 849
7 1091
9 351
25 1888
30 373
37 1464
90 122
96 758
116 1010
121 1351
122 384
122 518
122 1722
122 1734
122 1756
122 1974
133 1091
143 1091
145 373
149 1091
150 1780
161 1010
178 758
180 919
181 1010
182 373
183 1351
193 849
204 919
206 1464
210 384
213 1888
295 351
298 433
299 1010
299 1234
300 1010
300 1387
304 1274
312 1010
316 462
319 1735
328 919
339 849
344 1091
351 384
351 1058
351 1327
356 1234
364 1010
364 1091
367 1010
371 1010
373 384
373 486
373 504
373 754
373 872
373 925
373 1325
373 1389
373 1673
373 1773
373 1774
377 1570
383 1234
384 433
384 462
384 643
384 758
384 849
384 919
384 1010
384 1064
384 1091
384 1184
384 1274
384 1351
384 1387
384 1464
384 1570
384 1735
384 1769
384 1780
384 1888
384 1906
403 1780
433 613
433 1322
446 1570
457 462
462 471
462 524
462 1501
471 1091
504 1091
504 1274
505 849
513 758
515 1010
521 1464
538 1387
551 1888
558 1091
570 1010
585 919
603 1888
610 1906
616 1387
648 919
667 1960
677 1010
692 1010
703 1387
706 758
707 919
713 1960
723 1906
746 1464
747 1010
758 1427
760 1906
767 1464
793 1960
802 1010
803 1906
815 1010
838 919
848 1010
849 874
849 1161
849 1917
899 1570
912 1735
919 1149
919 1546
919 1587
919 1708
919 1767
919 1861
919 1960
922 1888
923 1010
931 1780
932 1010
946 1906
947 1274
967 1906
971 1091
984 1010
1010 1296
1010 1344
1010 1433
1010 1445
1010 1446
1010 1447
1010 1448
1013 1906
1015 1387
1022 1906
1053 1780
1055 1234
1088 1091
1089 1351
1091 1235
1091 1712
1091 1777
1091 1854
1091 1855
1142 1274
1162 1906
1219 1906
1234 1960
1240 1387
1274 1680
1278 1387
1303 1351
1317 1906
1323 1570
1367 1780
1371 1906
1387 1439
1387 1629
1427 1735
1458 1906
1589 1735
1607 1960
1691 1906
1701 1735
1701 1960
1712 1906
