0 4
0 15
2 4
2 15
3 4
3 511
4 8
4 15
4 62
4 91
4 94
4 95
4 102
4 103
4 119
4 146
4 147
4 168
4 180
4 183
4 187
4 191
4 192
4 193
4 196
4 213
4 296
4 298
4 299
4 303
4 304
4 313
4 383
4 415
4 418
4 448
4 482
4 509
4 511
4 512
4 549
4 564
4 572
4 601
4 613
4 631
4 698
4 702
4 715
4 736
4 747
4 750
4 785
4 791
4 795
4 797
4 813
4 835
4 836
4 837
4 838
4 839
4 840
4 841
4 842
4 843
4 844
4 845
4 846
4 847
4 848
4 849
4 850
4 851
4 852
4 853
4 854
4 855
4 856
4 857
4 858
4 859
4 860
4 861
4 862
4 863
4 864
4 865
4 866
4 867
4 868
4 869
4 870
4 871
4 872
4 873
4 874
4 875
4 876
4 877
4 878
4 879
4 880
5 899
7 863
15 179
15 219
15 224
15 232
15 272
15 294
15 302
15 467
15 561
15 635
15 644
15 803
15 810
15 814
15 822
15 827
15 899
15 928
15 1014
15 1198
15 1203
15 1236
15 1310
15 1317
15 1323
15 1402
15 1492
15 1557
15 1665
15 1666
15 1667
15 1668
15 1669
15 1670
18 191
27 193
34 511
49 511
50 193
91 193
116 511
121 863
125 899
147 193
149 193
150 191
151 511
158 511
160 868
161 856
163 511
177 191
177 193
180 511
182 856
188 191
191 208
191 296
191 333
191 365
191 372
191 454
191 818
191 954
191 1290
191 1577
191 1578
193 296
193 339
193 403
193 449
193 507
193 516
193 525
193 543
193 699
193 740
193 816
193 833
193 849
193 951
193 1024
193 1164
193 1207
193 1215
193 1293
193 1369
193 1397
193 1457
193 1483
193 1513
193 1644
203 511
288 863
314 856
370 868
390 511
504 511
505 511
511 597
511 602
511 612
511 634
511 647
511 683
511 692
511 700
511 996
511 1027
511 1059
511 1069
511 1247
511 1261
511 1293
511 1382
511 1504
511 1629
511 1630
511 1631
511 1632
511 1633
511 1634
511 1635
511 1636
511 1637
511 1638
514 899
590 899
671 863
856 1322
856 1794
856 1840
856 1923
856 1993
863 1120
863 1166
868 883
868 1462
880 1055
880 1577
880 1639
880 1734
889 899
899 1570
899 1813
