1 366
1 417
1 430
2 417
3 92
3 503
3 564
3 567
4 564
4 845
4 853
5 366
6 503
6 1060
7 794
7 1060
10 366
16 1679
19 366
27 1179
30 92
31 796
32 794
34 1399
39 1060
40 152
42 912
43 152
51 632
55 1175
57 1060
57 1175
66 796
83 912
90 92
90 101
91 503
91 632
91 634
92 101
92 107
92 141
92 152
92 177
92 192
92 199
92 203
92 227
92 295
92 300
92 314
92 366
92 382
92 417
92 446
92 450
92 567
92 634
92 701
92 747
92 750
92 762
92 778
92 787
92 788
92 789
92 790
92 791
92 792
92 793
92 794
92 795
92 796
92 797
92 798
92 799
92 800
92 801
92 802
92 803
92 804
92 805
92 806
92 807
92 808
92 809
92 810
92 811
92 812
100 800
101 367
101 452
101 536
101 838
101 960
101 1620
101 1811
101 1815
101 1894
104 152
106 1175
129 567
139 152
141 152
143 564
144 789
146 1060
152 181
152 388
152 405
152 495
152 503
152 547
152 631
152 643
152 654
152 673
152 715
152 814
152 844
152 876
152 930
152 935
152 992
152 1032
152 1047
152 1062
152 1065
152 1190
152 1339
152 1378
152 1461
152 1679
152 1856
152 1873
152 1921
154 1180
159 811
159 1175
177 267
180 503
180 912
181 1021
182 503
186 794
186 912
190 794
197 1182
210 1173
217 1679
226 567
241 796
258 800
260 812
260 912
267 366
267 631
267 1202
267 1353
267 1889
274 1175
295 322
296 503
298 912
300 789
301 1399
303 322
304 1177
305 1189
307 1679
308 789
308 806
308 1173
310 853
315 366
322 366
322 398
322 520
322 530
322 657
322 855
322 949
322 1013
322 1096
322 1589
322 1624
322 1963
327 912
330 366
330 632
337 811
344 366
344 503
364 366
364 1099
365 366
365 796
366 430
366 471
366 528
366 529
366 564
366 614
366 624
366 627
366 632
366 726
366 765
366 845
366 853
366 912
366 932
366 954
366 986
366 1013
366 1021
366 1053
366 1055
366 1092
366 1099
366 1106
366 1112
366 1171
366 1172
366 1173
366 1174
366 1175
366 1176
366 1177
366 1178
366 1179
366 1180
366 1181
366 1182
366 1183
366 1184
366 1185
366 1186
366 1187
366 1188
366 1189
366 1190
366 1191
367 430
367 789
367 912
370 1177
374 912
376 632
376 634
377 1182
379 809
383 1179
387 567
393 1189
417 446
417 1095
417 1736
425 1175
430 1114
430 1170
430 1404
449 1180
451 1099
454 503
472 1175
483 1175
503 517
503 552
503 703
503 836
503 914
503 1060
503 1061
503 1181
503 1196
503 1235
503 1236
503 1237
503 1238
503 1239
503 1240
503 1241
503 1242
503 1243
503 1244
503 1245
503 1246
504 806
505 812
508 845
510 800
511 634
521 809
529 1175
530 1399
539 1180
548 912
564 759
564 828
564 1952
567 760
567 823
567 1443
567 1593
567 1892
599 1177
612 1173
612 1189
620 632
625 845
632 801
632 910
632 974
632 997
632 1151
632 1454
632 1910
633 853
634 872
634 1366
635 853
666 800
697 1175
700 912
720 1060
724 1175
728 1179
729 1177
739 1179
751 1179
759 1021
781 1179
788 845
789 996
789 1056
794 926
794 1009
794 1265
794 1337
794 1859
796 886
796 1017
796 1061
796 1576
796 1707
800 843
800 975
800 1490
806 1223
806 1978
809 1219
809 1323
811 1520
811 1921
812 1512
812 1869
816 1021
817 1399
818 1179
845 1028
845 1821
845 1861
845 1900
845 1907
853 1840
858 1179
885 912
886 912
910 1180
911 1679
912 1296
912 1414
912 1547
912 1597
912 1607
912 1696
930 1099
970 1060
973 1060
990 1060
1021 1397
1024 1177
1055 1173
1056 1175
1060 1062
1060 1105
1060 1181
1060 1292
1060 1308
1060 1323
1060 1399
1060 1444
1060 1512
1071 1180
1092 1188
1099 1354
1099 1950
1173 1267
1173 1269
1173 1745
1173 1787
1173 1820
1173 1867
1173 1881
1173 1896
1175 1594
1175 1615
1175 1798
1175 1807
1175 1959
1175 1965
1177 1239
1177 1304
1177 1315
1177 1863
1177 1870
1179 1333
1182 1482
1182 1502
1182 1682
1182 1789
1188 1296
1188 1348
1188 1503
1189 1797
1399 1587
1399 1628
1399 1717
1399 1810
1521 1679
1679 1766
1679 1796
1679 1952
