0 1
0 7
0 8
0 47
1 2
1 3
1 7
1 8
1 14
1 36
1 90
1 91
1 94
1 96
1 134
1 141
1 177
1 178
1 181
1 182
1 186
1 190
1 196
1 204
1 207
1 213
1 221
1 229
1 232
1 242
1 246
1 277
1 295
1 296
1 303
1 306
1 364
1 365
1 366
1 367
1 368
1 369
1 370
1 371
1 372
1 373
1 374
1 375
1 376
1 377
1 378
1 379
1 380
1 381
1 382
1 383
1 384
1 385
1 386
1 387
1 388
1 389
1 390
1 391
1 392
1 393
1 394
1 395
1 396
1 397
1 398
1 399
1 400
1 401
1 402
1 403
1 404
1 405
1 406
1 407
1 408
1 409
1 410
1 411
1 412
1 413
1 414
1 415
1 416
1 417
1 418
1 419
1 420
1 421
1 422
1 423
1 424
1 425
1 426
1 427
1 428
1 429
1 430
1 431
1 432
1 433
1 434
1 435
1 436
1 437
1 438
1 439
1 440
1 441
1 442
1 443
1 444
2 90
2 369
3 365
3 376
4 8
4 415
5 90
5 368
6 8
6 90
6 365
6 369
7 20
7 32
7 78
7 96
7 103
7 177
7 180
7 182
7 208
7 260
7 296
7 306
7 310
7 312
7 334
7 346
7 356
7 378
7 390
7 395
7 409
7 445
7 447
7 469
7 520
7 525
7 529
7 605
7 616
7 617
7 697
7 720
7 733
7 741
7 794
7 839
7 849
7 855
7 863
7 881
7 883
7 904
7 982
7 1058
7 1060
7 1074
7 1091
7 1108
7 1110
7 1131
7 1135
7 1136
7 1137
7 1138
7 1139
7 1140
7 1141
7 1142
7 1143
7 1144
7 1145
7 1146
7 1147
7 1148
7 1149
7 1150
7 1151
7 1152
7 1153
7 1154
7 1155
7 1156
7 1157
7 1158
7 1159
7 1160
7 1161
7 1162
7 1163
7 1164
7 1165
7 1166
7 1167
7 1168
7 1169
7 1170
8 100
8 124
8 130
8 185
8 213
8 215
8 300
8 301
8 305
8 336
8 349
8 353
8 364
8 367
8 441
8 456
8 474
8 505
8 523
8 613
8 616
8 617
8 626
8 630
8 706
8 787
8 825
8 835
8 910
8 975
8 999
8 1007
8 1055
8 1058
8 1071
8 1140
8 1154
8 1166
8 1192
8 1193
8 1194
8 1195
8 1196
8 1197
8 1198
8 1199
8 1200
8 1201
8 1202
8 1203
8 1204
8 1205
8 1206
8 1207
8 1208
8 1209
8 1210
8 1211
8 1212
8 1213
8 1214
8 1215
11 368
13 90
13 368
21 368
25 987
26 368
27 368
31 47
32 376
37 439
47 207
47 448
47 563
47 1757
47 1770
56 987
64 368
90 91
90 92
90 93
90 94
90 95
90 96
90 97
90 98
90 99
90 100
90 101
90 102
90 103
90 104
90 105
90 106
90 107
90 108
90 109
90 110
90 111
90 112
90 113
90 114
90 115
90 116
90 117
90 118
90 119
90 120
90 121
90 122
90 123
90 124
90 125
90 126
90 127
90 128
90 129
90 130
90 131
90 132
90 133
90 134
90 135
90 136
90 137
90 138
90 139
90 140
93 376
95 368
108 365
113 369
115 365
143 368
143 369
144 368
145 987
146 368
154 368
165 207
170 365
173 365
176 987
177 207
178 365
178 368
180 368
180 376
181 365
181 438
187 365
189 426
191 365
202 368
203 369
206 368
207 298
207 450
207 451
207 452
207 987
207 1146
207 1270
207 1414
207 1514
207 1774
207 1828
207 1844
207 1851
209 365
232 365
239 987
245 368
250 369
296 434
298 987
303 365
304 365
305 365
311 365
311 369
316 368
343 987
365 366
365 370
365 393
365 445
365 447
365 520
365 521
365 540
365 555
365 559
365 608
365 650
365 704
365 722
365 787
365 796
365 822
365 882
365 910
365 999
365 1012
365 1016
365 1025
365 1045
365 1096
365 1107
365 1108
365 1109
365 1110
365 1111
365 1112
365 1113
365 1114
365 1115
365 1116
365 1117
365 1118
365 1119
365 1120
365 1121
365 1122
365 1123
365 1124
365 1125
365 1126
365 1127
365 1128
365 1129
365 1130
365 1131
365 1132
365 1133
365 1134
368 381
368 507
368 520
368 530
368 535
368 537
368 556
368 565
368 611
368 637
368 641
369 504
369 526
369 597
369 680
369 681
369 709
369 896
369 1038
369 1285
369 1317
369 1318
369 1488
369 1499
369 1536
369 1537
369 1538
369 1539
369 1540
369 1541
376 391
376 469
376 632
376 634
376 683
376 788
376 818
376 1116
376 1300
376 1375
376 1437
376 1553
376 1584
376 1599
376 1615
376 1641
376 1646
376 1817
376 1818
376 1819
388 439
415 446
415 595
415 1140
415 1171
426 637
426 824
426 970
426 1350
434 478
434 804
434 925
438 492
438 749
438 790
439 1119
439 1136
468 987
493 987
611 987
987 1014
987 1248
987 1326
987 1713
