0 10
0 17
0 20
0 26
0 50
1 94
1 96
1 400
1 420
2 491
3 26
3 94
3 297
3 519
3 579
4 94
4 613
4 750
4 865
6 17
6 491
6 973
7 20
7 96
7 982
8 613
9 17
9 976
10 44
10 145
10 179
10 297
10 328
10 366
10 392
10 485
10 513
10 571
10 617
10 623
10 645
10 708
10 843
10 879
10 910
10 1029
10 1068
10 1119
10 1153
10 1238
10 1261
10 1348
10 1431
10 1432
10 1433
10 1434
10 1435
12 976
15 219
16 749
17 33
17 297
17 328
17 363
17 491
17 519
17 520
17 707
17 747
17 929
17 1006
17 1012
17 1153
17 1560
17 1691
17 1692
17 1693
19 297
20 151
20 297
20 354
20 505
20 652
20 697
20 974
20 1255
20 1438
20 1553
20 1618
20 1686
20 1772
21 94
24 707
26 195
26 222
26 297
26 368
26 575
26 1039
26 1181
26 1204
26 1295
26 1382
26 1440
26 1514
26 1872
26 1893
26 1895
32 219
45 982
48 977
49 865
50 52
50 193
50 297
50 548
50 1095
53 219
61 1692
76 519
79 969
83 629
84 977
90 94
90 96
91 297
91 613
91 629
92 750
94 186
94 283
94 297
94 473
94 534
94 689
94 916
94 931
94 1057
94 1139
94 1326
94 1366
94 1396
94 1449
94 1450
96 129
96 177
96 246
96 297
96 372
96 479
96 542
96 550
96 687
96 693
96 758
96 852
96 878
96 900
96 913
96 968
96 1052
96 1107
96 1246
96 1396
96 1515
96 1523
96 1574
96 1618
96 1619
96 1620
96 1621
96 1622
104 1006
105 491
108 749
109 579
109 969
121 519
121 973
138 491
142 977
146 1560
147 865
148 613
151 219
151 400
177 219
178 629
178 749
178 750
180 297
180 519
180 750
182 519
184 297
185 629
187 982
188 297
190 297
197 749
211 297
217 969
219 278
219 707
219 748
219 1784
219 1852
219 1954
223 750
224 297
226 579
243 972
244 707
244 977
249 1560
263 980
269 613
295 297
296 297
296 707
297 356
297 387
297 400
297 401
297 420
297 450
297 470
297 547
297 561
297 579
297 613
297 618
297 629
297 697
297 749
297 750
297 770
297 775
297 805
297 865
297 894
297 917
297 922
297 953
297 964
297 967
297 968
297 969
297 970
297 971
297 972
297 973
297 974
297 975
297 976
297 977
297 978
297 979
297 980
297 981
297 982
297 983
297 984
297 985
298 1006
308 972
313 972
313 1692
314 972
332 519
343 973
386 1784
400 640
400 843
400 1027
420 453
420 706
420 1135
420 1594
433 613
436 579
438 749
449 579
450 749
450 1784
451 491
452 973
455 1784
468 983
472 983
491 1957
510 1560
513 707
514 613
519 1247
519 1358
519 1624
519 1653
519 1657
519 1858
519 1859
519 1860
529 1560
533 613
540 1692
541 973
544 969
551 969
552 749
553 1691
560 749
563 629
579 1733
596 865
598 1784
603 983
605 969
611 982
613 620
613 911
613 950
613 1051
613 1254
613 1318
613 1319
613 1344
613 1363
613 1516
613 1632
613 1688
613 1689
613 1690
618 1691
619 980
629 696
629 797
629 885
629 1227
629 1761
637 750
643 969
652 969
658 750
674 972
675 969
707 919
707 1073
707 1385
707 1508
707 1785
707 1903
728 1692
749 908
749 1015
749 1118
749 1137
749 1160
749 1507
749 1718
749 1806
749 1807
749 1808
750 941
750 946
750 1466
750 1913
755 983
766 981
782 980
790 981
798 969
817 969
865 1455
909 976
922 1784
928 976
969 1058
969 1184
969 1368
969 1571
969 1595
969 1669
969 1934
972 1513
972 1671
973 1060
973 1229
973 1249
973 1405
973 1579
973 1734
973 1813
976 1092
977 1630
977 1897
980 1298
980 1646
980 1689
981 1018
981 1821
983 1513
983 1843
983 1980
983 1982
1006 1791
1006 1915
1113 1691
1691 1906
1691 1912
1784 1788
