0 2
0 37
0 71
0 83
1 2
1 91
1 141
1 204
2 3
2 4
2 15
2 16
2 22
2 31
2 86
2 90
2 91
2 99
2 122
2 141
2 177
2 178
2 179
2 180
2 192
2 208
2 216
2 222
2 266
2 296
2 319
2 342
2 345
2 369
2 371
2 373
2 377
2 379
2 383
2 385
2 417
2 419
2 445
2 446
2 447
2 448
2 449
2 450
2 451
2 452
2 453
2 454
2 455
2 456
2 457
2 458
2 459
2 460
2 461
2 462
2 463
2 464
2 465
2 466
2 467
2 468
2 469
2 470
2 471
2 472
2 473
2 474
2 475
2 476
2 477
2 478
2 479
2 480
2 481
2 482
2 483
2 484
2 485
2 486
2 487
2 488
2 489
2 490
2 491
2 492
2 493
2 494
2 495
2 496
2 497
2 498
2 499
2 500
2 501
2 502
3 91
3 163
3 297
3 504
3 551
3 600
3 601
4 91
4 193
4 601
5 91
5 504
6 649
10 297
12 551
14 504
15 635
15 644
17 297
19 297
20 297
20 652
22 162
26 297
27 193
35 141
37 91
37 302
37 414
37 439
37 521
37 958
37 1169
37 1341
37 1431
37 1464
37 1465
37 1574
37 1577
37 1834
37 1961
40 504
42 141
50 193
50 297
54 141
65 504
71 91
71 115
71 124
71 516
71 960
71 1723
83 91
83 615
83 629
83 912
89 619
90 91
90 127
90 136
91 127
91 129
91 130
91 132
91 136
91 148
91 157
91 177
91 178
91 179
91 189
91 193
91 194
91 197
91 204
91 287
91 296
91 297
91 298
91 308
91 332
91 364
91 454
91 457
91 474
91 478
91 485
91 503
91 504
91 505
91 507
91 515
91 516
91 525
91 540
91 543
91 551
91 555
91 565
91 570
91 601
91 611
91 612
91 613
91 614
91 615
91 616
91 617
91 618
91 619
91 620
91 621
91 622
91 623
91 624
91 625
91 626
91 627
91 628
91 629
91 630
91 631
91 632
91 633
91 634
91 635
91 636
91 637
91 638
91 639
91 640
91 641
91 642
91 643
91 644
91 645
91 646
91 647
91 648
91 649
91 650
91 651
91 652
91 653
91 654
91 655
91 656
91 657
91 658
91 659
91 660
91 661
91 662
91 663
91 664
91 665
91 666
91 667
91 668
91 669
91 670
91 671
91 672
91 673
91 674
91 675
91 676
91 677
91 678
91 679
91 680
91 681
91 682
91 683
91 684
91 685
91 686
91 687
91 688
91 689
91 690
91 691
91 692
91 693
91 694
91 695
92 141
94 297
94 689
95 504
96 297
97 141
102 141
104 614
106 159
107 504
109 504
109 551
120 504
127 149
127 520
127 1086
127 1196
136 1043
136 1196
136 1388
141 142
141 143
141 144
141 145
141 146
141 147
141 148
141 149
141 150
141 151
141 152
141 153
141 154
141 155
141 156
141 157
141 158
141 159
141 160
141 161
141 162
141 163
141 164
141 165
141 166
141 167
141 168
141 169
141 170
141 171
141 172
141 173
141 174
141 175
141 176
145 504
147 193
147 458
149 193
150 635
151 686
159 517
159 600
159 811
159 861
159 1175
159 1202
159 1319
162 451
162 513
162 944
162 986
162 1295
162 1483
162 1831
163 380
163 511
163 688
163 1494
163 1520
163 1635
163 1719
163 1919
163 1925
164 212
164 306
164 739
164 1235
164 1607
164 1625
164 1732
164 1882
164 1918
165 690
166 175
166 644
172 173
173 365
173 533
173 1366
175 299
175 459
175 838
176 272
176 450
176 451
176 987
177 193
177 194
177 204
178 614
180 297
180 686
181 194
183 619
184 297
187 619
188 297
190 297
192 614
193 296
193 339
193 403
193 449
193 507
193 516
193 525
193 543
193 699
193 740
193 816
193 833
193 849
193 951
193 1024
193 1164
193 1207
193 1215
193 1293
193 1369
193 1397
193 1457
193 1483
193 1513
193 1644
194 206
194 371
194 422
194 542
194 611
194 669
194 673
194 831
194 1167
194 1317
194 1469
194 1598
194 1639
194 1658
194 1659
195 504
203 646
204 302
204 444
204 447
204 516
204 657
204 883
204 919
204 1195
204 1355
204 1437
204 1614
204 1627
204 1680
209 667
211 297
214 646
218 685
220 652
224 297
226 686
250 649
276 680
295 297
295 332
296 297
297 356
297 387
297 400
297 401
297 420
297 450
297 470
297 547
297 561
297 579
297 613
297 618
297 629
297 697
297 749
297 750
297 770
297 775
297 805
297 865
297 894
297 917
297 922
297 953
297 964
297 967
297 968
297 969
297 970
297 971
297 972
297 973
297 974
297 975
297 976
297 977
297 978
297 979
297 980
297 981
297 982
297 983
297 984
297 985
298 504
299 676
300 504
312 619
313 458
315 600
315 619
323 644
325 635
328 667
332 437
332 519
332 1172
332 1268
332 1633
341 614
341 676
353 504
354 646
361 504
364 504
366 614
367 614
369 504
369 680
373 504
380 458
392 504
411 676
423 504
446 619
451 635
453 504
453 649
458 705
458 1076
458 1672
458 1792
458 1922
458 1940
461 504
493 649
497 646
504 506
504 511
504 517
504 696
504 701
504 703
504 716
504 745
504 757
504 787
504 806
504 840
504 881
504 914
504 940
504 957
504 1055
504 1073
504 1091
504 1094
504 1153
504 1222
504 1267
504 1268
504 1269
504 1270
504 1271
504 1272
504 1273
504 1274
504 1275
504 1276
504 1277
504 1278
504 1279
504 1280
504 1281
504 1282
504 1283
504 1284
521 644
551 969
551 1132
551 1385
551 1487
551 1888
551 1921
562 635
600 793
600 1503
601 1396
601 1508
607 667
608 686
611 646
614 834
614 925
614 1172
614 1237
614 1246
614 1442
614 1469
614 1503
614 1535
614 1709
614 1751
614 1752
614 1753
614 1754
614 1755
619 788
619 980
619 1117
619 1118
619 1140
619 1147
619 1424
619 1752
635 853
635 1614
639 689
644 668
644 814
644 1706
644 1908
646 801
646 1156
646 1342
646 1481
646 1653
649 988
649 1268
652 677
652 735
652 953
652 969
652 1420
652 1725
652 1839
662 911
662 1192
662 1403
662 1946
667 959
667 1302
667 1879
667 1960
676 1520
680 1254
680 1323
680 1630
685 988
685 1297
685 1695
686 1758
689 1246
689 1504
690 714
690 1722
690 1882
