0 4
0 15
0 62
1 94
1 415
1 418
2 4
2 15
2 482
3 4
3 94
3 509
3 511
3 512
3 549
3 564
3 572
4 8
4 15
4 62
4 91
4 94
4 95
4 102
4 103
4 119
4 146
4 147
4 168
4 180
4 183
4 187
4 191
4 192
4 193
4 196
4 213
4 296
4 298
4 299
4 303
4 304
4 313
4 383
4 415
4 418
4 448
4 482
4 509
4 511
4 512
4 549
4 564
4 572
4 601
4 613
4 631
4 698
4 702
4 715
4 736
4 747
4 750
4 785
4 791
4 795
4 797
4 813
4 835
4 836
4 837
4 838
4 839
4 840
4 841
4 842
4 843
4 844
4 845
4 846
4 847
4 848
4 849
4 850
4 851
4 852
4 853
4 854
4 855
4 856
4 857
4 858
4 859
4 860
4 861
4 862
4 863
4 864
4 865
4 866
4 867
4 868
4 869
4 870
4 871
4 872
4 873
4 874
4 875
4 876
4 877
4 878
4 879
4 880
5 509
5 769
6 509
6 835
7 103
7 839
7 863
8 613
8 835
10 843
10 879
12 509
15 179
15 219
15 224
15 232
15 272
15 294
15 302
15 467
15 561
15 635
15 644
15 803
15 810
15 814
15 822
15 827
15 899
15 928
15 1014
15 1198
15 1203
15 1236
15 1310
15 1317
15 1323
15 1402
15 1492
15 1557
15 1665
15 1666
15 1667
15 1668
15 1669
15 1670
16 842
18 191
21 94
25 304
27 193
31 698
34 511
38 813
49 511
49 865
50 193
60 572
62 477
62 574
62 1291
62 1554
62 1738
62 1742
74 512
90 94
90 103
91 193
91 613
92 791
92 795
93 304
93 857
94 186
94 283
94 297
94 473
94 534
94 689
94 916
94 931
94 1057
94 1139
94 1326
94 1366
94 1396
94 1449
94 1450
96 852
96 878
99 837
100 835
103 107
103 258
103 903
103 1103
103 1151
103 1172
103 1218
103 1390
103 1396
103 1465
103 1713
106 847
109 869
116 511
118 509
118 860
121 863
142 795
143 564
144 843
145 549
145 791
145 813
145 843
146 187
147 193
147 865
148 613
149 193
150 191
151 511
151 698
151 873
152 715
152 844
154 860
158 511
161 856
163 511
168 304
177 187
177 191
177 193
178 769
178 785
179 512
179 813
180 511
180 813
180 846
180 847
180 852
181 837
182 839
182 856
184 835
186 187
186 304
187 188
187 295
187 303
187 365
187 440
187 455
187 619
187 658
187 979
187 982
187 1009
187 1057
187 1114
187 1186
187 1245
187 1251
187 1304
187 1369
187 1420
187 1499
187 1500
187 1501
187 1502
187 1503
187 1504
187 1505
187 1506
188 191
188 846
190 813
190 871
191 208
191 296
191 333
191 365
191 372
191 454
191 818
191 954
191 1290
191 1577
191 1578
192 842
193 296
193 339
193 403
193 449
193 507
193 516
193 525
193 543
193 699
193 740
193 816
193 833
193 849
193 951
193 1024
193 1164
193 1207
193 1215
193 1293
193 1369
193 1397
193 1457
193 1483
193 1513
193 1644
200 418
202 304
203 511
238 872
239 835
242 858
243 878
259 857
269 613
272 839
280 847
288 863
295 304
296 512
296 698
296 715
296 736
297 613
297 865
299 418
300 512
300 846
303 860
304 365
304 475
304 620
304 697
304 760
304 838
304 911
304 1001
304 1177
304 1274
304 1460
304 1639
304 1640
304 1641
304 1642
304 1643
305 837
307 785
307 813
308 715
308 878
309 847
310 837
314 856
316 512
320 852
321 837
326 512
342 837
366 564
366 845
367 835
367 869
368 846
370 852
373 872
374 843
379 842
381 837
390 511
393 835
400 843
412 813
415 446
415 595
415 1140
415 1171
418 718
418 1939
433 613
435 795
450 857
451 698
451 844
453 842
461 835
464 512
464 872
465 842
467 871
473 482
475 835
475 864
482 773
482 866
482 1055
482 1132
482 1165
482 1261
482 1870
504 511
505 511
505 837
506 839
508 845
509 669
509 993
509 1135
509 1510
509 1598
510 837
510 874
511 597
511 602
511 612
511 634
511 647
511 683
511 692
511 700
511 996
511 1027
511 1059
511 1069
511 1247
511 1261
511 1293
511 1382
511 1504
511 1629
511 1630
511 1631
511 1632
511 1633
511 1634
511 1635
511 1636
511 1637
511 1638
512 728
512 1118
512 1627
512 1656
512 1657
514 613
514 860
527 869
533 613
533 837
536 736
539 549
542 698
543 847
546 791
549 678
549 701
549 1824
549 1973
552 795
554 839
564 759
564 828
564 1952
568 879
570 769
572 765
572 1138
572 1884
586 837
596 865
611 698
611 769
613 620
613 911
613 950
613 1051
613 1254
613 1318
613 1319
613 1344
613 1363
613 1516
613 1632
613 1688
613 1689
613 1690
620 837
625 845
634 872
636 785
639 785
657 839
671 863
696 839
698 967
698 1011
698 1055
698 1176
698 1246
698 1369
698 1398
698 1421
698 1452
698 1823
698 1824
706 873
715 756
715 1273
715 1363
715 1833
715 1904
736 1273
736 1941
742 835
769 837
769 1545
769 1641
788 845
791 1124
791 1193
791 1323
791 1455
795 1162
795 1286
795 1835
800 843
813 836
813 1237
813 1398
813 1433
813 1563
813 1602
813 1616
834 857
835 1108
835 1121
835 1451
835 1452
835 1453
835 1454
837 1193
837 1263
837 1374
837 1521
837 1639
837 1766
839 1101
839 1594
839 1631
839 1726
839 1807
839 1817
839 1843
842 1147
842 1914
842 1915
843 1393
843 1599
843 1697
843 1918
844 913
844 1286
844 1862
845 1028
845 1821
845 1861
845 1900
845 1907
846 934
846 1122
846 1350
846 1853
846 1867
847 937
847 1944
847 1968
848 857
849 874
852 1220
856 1322
856 1794
856 1840
856 1923
856 1993
858 1089
858 1179
858 1424
858 1431
858 1517
858 1529
858 1958
863 1120
863 1166
864 1044
864 1151
864 1417
864 1634
864 1987
865 1455
869 1094
871 992
871 1325
873 1284
873 1297
873 1489
874 1490
874 1816
877 886
877 1308
877 1366
877 1837
878 1322
879 1525
879 1823
880 1055
880 1577
880 1639
880 1734
