0 6
1 365
1 366
1 369
1 370
1 399
2 369
3 365
3 540
3 586
3 608
4 187
4 304
5 366
5 815
6 8
6 17
6 22
6 41
6 90
6 100
6 143
6 177
6 178
6 181
6 183
6 184
6 186
6 211
6 319
6 357
6 361
6 365
6 367
6 369
6 399
6 491
6 503
6 505
6 507
6 508
6 509
6 518
6 575
6 586
6 590
6 603
6 623
6 649
6 659
6 663
6 697
6 714
6 741
6 774
6 782
6 815
6 835
6 838
6 908
6 973
6 1023
6 1037
6 1055
6 1056
6 1057
6 1058
6 1059
6 1060
6 1061
6 1062
6 1063
6 1064
6 1065
6 1066
6 1067
6 1068
6 1069
6 1070
6 1071
6 1072
6 1073
6 1074
6 1075
6 1076
6 1077
6 1078
6 1079
6 1080
6 1081
6 1082
6 1083
6 1084
6 1085
6 1086
6 1087
6 1088
6 1089
6 1090
7 1058
7 1074
7 1108
8 910
8 1058
9 1059
10 366
10 623
10 910
17 1012
19 366
25 304
25 1123
28 1045
31 796
31 1067
44 1059
52 1076
66 796
70 1123
77 829
90 108
91 540
91 623
91 650
91 659
92 366
92 796
93 304
108 120
108 313
108 365
108 749
108 841
108 1360
109 370
113 369
115 365
121 973
129 1128
142 1358
143 369
143 370
145 650
145 1074
146 187
146 1025
149 815
150 1352
152 1065
157 1067
168 304
170 365
170 586
173 365
177 187
178 365
178 370
178 774
178 782
179 815
179 829
180 910
181 365
181 910
181 1012
181 1016
181 1025
181 1045
185 623
186 187
186 304
186 1074
187 188
187 295
187 303
187 365
187 440
187 455
187 619
187 658
187 979
187 982
187 1009
187 1057
187 1114
187 1186
187 1245
187 1251
187 1304
187 1369
187 1420
187 1499
187 1500
187 1501
187 1502
187 1503
187 1504
187 1505
187 1506
189 774
191 365
192 1240
202 304
203 369
203 1352
209 365
209 370
210 370
210 1064
213 1108
216 659
216 1064
220 1067
225 370
230 1352
232 365
241 796
244 910
248 1128
250 369
257 1124
267 366
276 1358
286 370
293 1072
295 304
295 361
296 714
297 973
298 370
300 1012
303 365
303 1012
304 365
304 475
304 620
304 697
304 760
304 838
304 911
304 1001
304 1177
304 1274
304 1460
304 1639
304 1640
304 1641
304 1642
304 1643
305 365
307 1025
307 1070
308 370
308 829
308 910
311 365
311 369
311 1080
315 366
321 910
322 366
329 370
330 366
340 714
343 973
344 366
346 1109
351 1058
359 1065
361 504
361 924
361 1880
364 366
365 366
365 370
365 393
365 445
365 447
365 520
365 521
365 540
365 555
365 559
365 608
365 650
365 704
365 722
365 787
365 796
365 822
365 882
365 910
365 999
365 1012
365 1016
365 1025
365 1045
365 1096
365 1107
365 1108
365 1109
365 1110
365 1111
365 1112
365 1113
365 1114
365 1115
365 1116
365 1117
365 1118
365 1119
365 1120
365 1121
365 1122
365 1123
365 1124
365 1125
365 1126
365 1127
365 1128
365 1129
365 1130
365 1131
365 1132
365 1133
365 1134
366 430
366 471
366 528
366 529
366 564
366 614
366 624
366 627
366 632
366 726
366 765
366 845
366 853
366 912
366 932
366 954
366 986
366 1013
366 1021
366 1053
366 1055
366 1092
366 1099
366 1106
366 1112
366 1171
366 1172
366 1173
366 1174
366 1175
366 1176
366 1177
366 1178
366 1179
366 1180
366 1181
366 1182
366 1183
366 1184
366 1185
366 1186
366 1187
366 1188
366 1189
366 1190
366 1191
367 1025
369 504
369 526
369 597
369 680
369 681
369 709
369 896
369 1038
369 1285
369 1317
369 1318
369 1488
369 1499
369 1536
369 1537
369 1538
369 1539
369 1540
369 1541
370 393
370 496
370 513
370 528
370 590
370 674
370 798
370 852
370 868
370 895
370 1093
370 1120
370 1177
370 1229
370 1241
370 1346
370 1371
370 1485
370 1497
370 1523
370 1607
370 1608
370 1609
377 1065
379 910
380 540
382 1358
384 1064
394 399
398 910
399 455
399 516
399 947
399 1197
399 1672
399 1688
399 1761
404 1079
411 1108
424 1059
441 1064
449 623
449 1109
450 1072
452 973
452 1078
458 1076
460 1064
472 714
486 1352
487 1012
490 1108
493 1078
499 1045
501 1070
503 1240
505 714
506 1108
508 1358
511 1059
513 1352
514 1352
516 782
517 540
519 1358
530 1058
530 1065
530 1080
534 1070
540 1692
540 1932
541 973
545 815
550 1124
556 1080
563 608
568 1352
570 910
577 1240
586 837
586 915
586 948
586 1782
590 1352
602 1124
608 686
608 1258
611 910
611 1108
616 1059
623 928
623 1018
623 1610
623 1934
623 1935
632 910
642 1058
650 710
650 962
650 1744
650 1820
659 888
659 959
659 1398
664 1108
668 1108
690 714
701 1128
704 1072
714 911
714 1054
714 1237
714 1370
724 1109
725 1065
726 1067
746 910
754 774
757 1016
774 1201
780 1090
782 980
782 1329
787 1240
788 1058
791 1124
796 886
796 1017
796 1061
796 1576
796 1707
815 995
815 1010
815 1235
815 1270
815 1326
815 1531
815 1604
815 1613
815 1750
815 1887
815 1911
817 1058
827 1123
829 1240
829 1312
829 1329
829 1352
829 1832
835 1108
848 1352
866 910
883 1078
889 1079
902 1079
910 953
910 1115
910 1180
910 1313
910 1352
910 1353
910 1354
910 1355
910 1356
910 1357
910 1358
910 1359
910 1360
910 1361
910 1362
910 1363
910 1364
910 1365
913 1016
914 1065
918 1045
922 1067
934 1240
967 1079
969 1058
973 1060
973 1229
973 1249
973 1405
973 1579
973 1734
973 1813
988 1059
1012 1409
1012 1817
1012 1835
1012 1901
1016 1097
1016 1244
1016 1452
1016 1689
1016 1793
1017 1067
1045 1398
1052 1109
1056 1078
1058 1565
1058 1576
1058 1680
1058 1793
1059 1552
1059 1558
1059 1705
1064 1320
1064 1834
1064 1886
1064 1922
1065 1292
1065 1401
1065 1470
1065 1743
1065 1979
1067 1174
1067 1260
1067 1313
1067 1488
1067 1866
1070 1247
1070 1417
1072 1330
1072 1453
1072 1671
1074 1171
1074 1357
1074 1441
1074 1634
1074 1962
1076 1260
1076 1416
1076 1689
1076 1985
1078 1094
1079 1354
1080 1680
1083 1358
1090 1282
1090 1591
1090 1839
1108 1131
1108 1141
1108 1597
1108 1636
1108 1731
1108 1732
1108 1733
1109 1317
1109 1366
1109 1558
1109 1629
1109 1665
1109 1788
1109 1953
1110 1352
1117 1123
1123 1258
1123 1647
1123 1730
1123 1964
1124 1147
1128 1766
1128 1930
1128 1966
1240 1387
1319 1352
1352 1431
1352 1477
1352 1557
1352 1579
1352 1705
1352 1759
1352 1840
1352 1841
1358 1467
