27 200
45 569
52 59
52 90
53 90
53 125
54 90
59 213
59 319
74 897
90 102
90 523
96 190
96 198
96 199
96 200
99 125
103 619
125 211
126 205
126 211
137 583
137 810
139 399
139 523
139 529
139 554
145 935
149 200
164 169
169 284
169 285
169 286
169 380
170 610
171 209
171 210
171 211
172 192
172 200
172 208
172 210
172 211
172 609
182 209
182 573
182 579
182 580
182 583
186 202
190 191
190 192
191 193
192 195
192 200
192 201
192 202
192 203
192 204
192 205
192 206
192 207
192 208
192 209
192 210
192 211
192 212
192 213
193 211
193 229
194 616
194 631
194 633
195 200
195 204
195 208
195 510
195 511
195 513
198 209
198 498
198 519
199 211
199 217
199 501
199 509
199 776
200 201
201 208
201 209
201 211
201 227
201 777
202 518
203 210
204 987
205 223
206 211
207 210
208 228
208 498
208 504
209 222
209 229
209 518
209 610
209 776
210 217
210 227
210 511
210 513
210 620
211 518
211 609
211 777
211 949
212 311
212 731
212 733
212 734
212 738
212 739
212 741
212 743
212 744
212 745
212 746
212 747
212 748
212 749
212 750
212 751
212 752
212 753
213 282
213 315
213 319
213 529
213 583
213 605
213 607
213 616
213 617
213 618
213 619
213 621
213 623
213 624
213 625
213 626
213 627
213 628
213 629
213 630
213 631
213 632
213 633
213 634
213 635
213 636
213 637
213 638
213 639
213 640
213 641
213 642
213 643
213 644
213 645
213 646
213 647
213 648
213 649
217 227
222 511
224 949
227 517
236 610
246 813
260 282
263 282
265 282
278 282
284 367
284 380
284 741
284 995
285 357
285 367
285 380
286 357
286 367
286 380
286 399
311 749
313 315
315 319
319 583
319 616
319 617
319 619
319 621
327 579
327 580
327 849
357 380
367 382
367 523
368 995
377 380
378 380
380 382
380 393
380 579
380 995
382 743
390 634
399 523
399 526
399 528
399 729
401 583
401 655
401 812
444 986
452 739
474 949
494 986
497 569
497 583
497 750
503 513
504 513
507 777
510 691
510 987
511 784
514 609
515 752
516 610
518 609
518 610
520 521
520 522
520 523
522 529
523 526
523 528
523 529
523 530
523 531
523 532
523 533
523 534
523 535
529 530
529 531
529 532
529 534
529 535
529 554
533 657
535 554
569 583
569 809
569 894
573 581
573 583
574 705
576 806
577 657
578 579
578 813
579 580
579 582
579 896
579 899
579 900
580 583
580 698
580 776
580 807
580 849
580 897
580 935
580 986
581 583
581 812
581 897
582 583
582 643
582 812
583 655
583 657
583 695
583 700
583 705
583 806
583 809
583 810
583 811
583 812
583 813
588 642
589 645
603 605
605 607
607 639
607 641
607 648
617 632
618 648
619 624
620 621
621 622
621 638
622 626
622 633
622 641
622 642
622 645
623 628
623 636
623 637
623 642
623 645
624 625
624 637
624 641
624 644
624 648
625 649
626 646
627 628
627 639
629 644
630 635
630 647
631 753
632 648
634 961
635 648
636 649
639 718
640 644
643 646
643 649
643 660
644 647
645 943
654 655
655 656
656 812
658 705
658 813
692 695
695 697
695 698
695 699
695 700
700 849
705 811
705 941
731 732
731 733
732 734
732 738
733 739
733 741
734 744
735 741
738 742
738 745
738 746
738 814
738 818
742 743
742 748
742 751
745 749
747 817
747 819
748 753
750 816
751 829
752 835
752 909
806 807
810 938
813 894
849 939
896 897
934 935
972 987
