3 28
24 54
24 92
24 95
24 100
24 114
24 127
24 133
24 136
28 29
28 52
28 53
28 97
28 99
28 103
29 51
29 54
29 79
29 83
29 95
29 99
29 100
29 106
29 120
29 127
40 391
42 388
45 569
50 51
51 52
51 53
51 54
52 54
52 56
52 60
52 62
52 70
52 79
52 81
52 83
52 88
52 90
52 92
52 95
52 99
52 100
53 54
53 56
53 60
53 62
53 70
53 79
53 81
53 83
53 88
53 90
53 92
53 95
53 99
53 100
53 106
53 114
53 118
53 120
53 125
53 127
53 133
53 135
53 136
53 138
54 56
54 60
54 70
54 83
54 88
54 90
54 92
54 95
54 97
54 99
54 100
54 101
54 102
54 103
54 104
54 106
54 114
54 120
54 127
54 136
54 378
54 406
54 407
62 99
79 100
81 103
81 497
85 99
85 133
88 890
89 135
90 102
90 523
91 95
92 375
95 104
97 99
97 100
99 104
99 125
99 135
99 834
100 101
100 103
100 118
100 133
100 782
102 136
103 133
104 118
104 136
113 283
121 135
125 211
135 891
137 985
138 284
138 285
138 286
138 336
138 363
138 376
138 381
138 382
138 400
139 399
164 169
169 284
169 285
169 286
169 380
182 401
182 497
212 750
220 407
231 233
233 244
233 286
233 993
233 997
238 286
238 396
246 808
252 782
270 374
281 283
281 286
283 285
283 286
283 344
283 356
283 382
283 400
283 971
284 286
284 367
284 378
284 397
285 286
285 333
285 336
285 340
285 341
285 342
285 343
285 345
285 348
285 352
285 353
285 354
285 355
285 357
285 362
285 367
285 368
285 369
285 374
285 378
286 290
286 333
286 334
286 337
286 338
286 340
286 341
286 342
286 343
286 344
286 345
286 347
286 348
286 352
286 353
286 354
286 355
286 356
286 357
286 359
286 360
286 361
286 362
286 367
286 368
286 369
286 373
286 374
286 377
286 378
286 379
286 380
286 381
286 382
286 383
286 384
286 385
286 386
286 387
286 388
286 389
286 390
286 391
286 392
286 393
286 394
286 395
286 396
286 397
286 398
286 399
286 400
286 401
287 290
288 291
288 292
290 291
290 292
290 296
290 297
290 298
290 299
290 300
290 301
291 826
292 301
292 922
292 984
293 299
293 300
296 918
296 988
297 582
297 923
298 411
298 825
299 719
299 999
300 445
300 879
300 921
333 334
334 336
336 381
336 382
337 368
338 341
338 374
338 392
338 398
340 710
342 361
343 366
345 962
347 378
348 377
351 388
352 389
353 665
354 376
355 375
357 380
359 396
360 385
362 371
362 994
363 395
365 398
366 387
367 382
367 523
368 475
368 995
369 381
369 386
369 490
371 383
373 374
374 381
377 378
378 379
378 380
378 382
378 386
378 394
379 383
379 397
380 393
381 397
382 395
382 398
384 396
385 674
387 408
389 398
390 634
390 961
391 932
392 869
393 795
395 687
397 967
398 518
399 523
399 526
399 528
399 729
401 487
401 495
401 497
401 568
401 570
401 577
401 582
401 583
401 655
401 812
401 824
401 848
401 900
401 939
401 942
406 706
406 710
407 691
407 716
407 968
487 495
487 497
495 847
496 942
497 569
497 577
497 581
497 583
497 700
497 750
497 808
497 848
497 936
497 985
567 568
568 570
569 583
569 809
569 894
572 942
576 808
578 900
579 900
581 812
582 812
582 985
583 655
583 812
654 655
655 656
656 812
656 900
700 942
750 816
780 782
782 783
782 784
821 824
823 824
824 827
831 834
834 835
834 913
848 900
849 939
850 936
900 934
900 938
934 936
936 937
936 938
939 940
