27 200
45 567
52 59
53 125
59 213
59 319
74 897
96 190
96 198
96 200
99 125
103 619
113 283
125 211
126 205
126 211
137 487
138 336
138 376
138 382
139 529
139 532
139 534
139 554
146 376
149 200
164 169
169 284
169 285
169 286
169 380
170 776
171 209
171 211
172 192
172 200
172 208
172 211
172 222
172 609
175 176
176 179
176 180
176 181
176 182
182 209
182 327
182 401
182 487
182 493
182 497
182 567
182 570
182 571
182 572
182 573
182 574
182 575
182 576
182 577
182 578
182 579
182 580
182 581
182 582
182 583
186 202
190 191
190 192
192 195
192 200
192 201
192 202
192 203
192 204
192 205
192 206
192 207
192 208
192 209
192 210
192 211
192 212
192 213
193 211
193 229
194 616
194 631
194 633
194 640
195 200
195 204
195 207
195 208
195 222
195 229
196 207
197 776
198 209
198 498
198 519
199 211
199 776
200 201
201 207
201 208
201 209
201 211
201 222
201 776
201 777
202 518
203 210
203 216
204 987
205 223
206 211
207 210
207 465
208 228
208 498
208 504
209 222
209 229
209 518
209 610
209 776
211 518
211 609
211 777
211 949
212 743
213 282
213 315
213 319
213 529
213 583
213 605
213 607
213 616
213 617
213 618
213 619
213 621
213 623
213 624
213 625
213 626
213 627
213 628
213 629
213 630
213 631
213 632
213 633
213 634
213 635
213 636
213 637
213 638
213 639
213 640
213 641
213 642
213 643
213 644
213 645
213 646
213 647
213 648
213 649
216 222
217 229
222 511
222 518
222 870
224 949
229 512
229 514
229 693
229 836
246 898
260 282
263 282
265 282
270 374
278 282
281 283
283 285
283 286
283 344
283 356
283 382
283 400
283 971
284 338
284 367
284 376
284 380
284 995
285 336
285 338
285 341
285 357
285 365
285 367
285 370
285 374
285 376
285 380
285 382
286 337
286 338
286 341
286 357
286 367
286 374
286 380
286 382
286 392
286 393
286 394
286 395
313 314
313 315
313 316
314 317
314 318
316 320
316 321
317 320
319 616
319 617
319 619
320 321
320 338
327 579
334 336
334 337
334 338
335 370
336 381
336 382
337 338
337 368
337 371
337 375
337 963
338 341
338 374
338 377
338 382
338 392
338 398
354 376
357 380
363 395
365 382
365 398
365 410
367 382
367 523
368 995
370 379
370 381
370 382
373 374
374 381
375 376
376 382
377 380
378 380
378 382
378 394
380 382
380 393
380 579
380 995
381 394
382 395
382 398
382 743
390 634
392 869
393 795
394 581
395 687
401 487
401 570
401 577
401 812
474 949
485 487
487 493
487 494
487 495
487 496
487 497
491 776
497 577
497 581
507 777
514 609
517 776
518 609
522 529
523 529
523 532
523 534
529 530
529 531
529 532
529 534
529 535
529 554
532 535
534 556
534 584
535 554
537 694
567 568
568 570
569 894
571 574
571 693
572 942
572 969
573 581
575 578
575 582
575 848
576 697
576 806
576 808
577 654
577 657
577 658
577 659
578 579
578 990
579 580
579 582
579 896
579 899
579 900
580 776
580 897
581 582
581 583
581 694
581 812
581 894
581 897
581 898
581 990
582 643
582 812
583 812
588 642
589 645
603 605
605 607
607 640
607 641
607 648
614 776
617 632
618 648
619 624
621 638
622 626
622 633
622 638
622 641
622 642
622 645
623 636
623 637
623 642
623 645
624 625
624 637
624 641
624 648
625 649
626 646
627 628
627 639
629 644
629 647
630 635
630 647
631 753
632 648
634 961
635 648
636 649
638 959
640 644
643 646
643 649
643 660
645 943
656 812
692 694
694 696
700 990
742 743
813 894
894 969
896 897
898 940
