1 9
9 364
9 423
9 970
41 373
98 423
98 685
98 764
98 771
98 773
98 965
123 770
138 286
138 400
164 169
169 284
169 285
169 286
169 380
182 401
187 701
188 455
188 470
188 475
188 676
188 682
207 465
211 949
213 646
224 949
225 774
226 974
233 286
238 286
238 379
238 396
240 662
242 701
258 276
264 281
276 699
276 724
276 924
280 423
280 685
280 763
280 765
280 768
280 770
280 771
280 773
280 774
281 283
281 284
281 285
281 286
283 286
283 344
283 400
284 286
284 400
285 286
285 340
285 341
285 342
285 344
285 348
285 353
285 354
285 365
285 368
285 373
285 379
286 290
286 333
286 334
286 337
286 338
286 340
286 341
286 342
286 343
286 344
286 345
286 347
286 348
286 352
286 353
286 354
286 355
286 356
286 357
286 359
286 360
286 361
286 362
286 367
286 368
286 369
286 373
286 374
286 377
286 378
286 379
286 380
286 381
286 382
286 383
286 384
286 385
286 386
286 387
286 388
286 389
286 390
286 391
286 392
286 393
286 394
286 395
286 396
286 397
286 398
286 399
286 400
286 401
307 465
307 466
307 681
307 779
312 773
318 662
323 326
324 332
325 907
326 329
326 908
326 914
326 915
328 332
331 662
332 908
332 914
337 368
338 341
339 379
340 710
342 361
345 962
348 377
349 373
352 389
353 665
354 376
359 396
360 379
360 385
363 395
364 764
365 382
365 398
365 410
368 475
368 995
369 386
370 379
373 374
377 400
378 379
378 386
378 394
379 383
379 384
379 397
379 611
380 393
381 394
382 395
384 396
385 674
387 408
389 398
393 795
394 581
395 687
400 963
401 487
401 495
401 497
401 568
401 570
401 577
401 582
401 583
401 655
401 812
401 824
401 848
401 900
401 939
401 942
408 409
408 410
409 410
409 412
409 413
409 414
409 416
409 417
410 412
410 413
410 414
410 415
410 416
410 417
410 419
410 420
410 421
410 422
410 423
411 416
412 419
413 415
413 420
414 419
414 420
416 419
416 420
417 419
417 420
417 422
417 841
419 421
421 712
423 685
423 764
423 765
423 770
423 772
423 773
423 774
423 863
423 865
423 866
423 965
423 966
423 967
424 427
424 428
424 429
424 433
424 436
424 439
424 440
424 442
424 443
424 449
424 453
424 454
424 455
424 460
424 465
424 466
424 469
424 470
424 474
424 475
427 472
427 475
428 664
428 686
429 473
429 475
432 962
433 454
433 975
436 437
436 475
439 475
439 684
440 450
440 470
441 465
442 458
442 924
443 474
443 958
445 682
446 683
446 768
448 682
449 456
449 686
450 469
451 681
451 683
453 462
453 464
453 475
454 457
454 681
455 461
455 475
456 686
457 475
458 466
459 474
459 678
459 686
460 475
460 684
460 888
461 470
462 680
463 475
463 686
464 469
464 675
464 721
465 466
466 686
468 474
468 924
469 471
469 472
469 686
470 475
470 677
470 962
471 474
471 475
472 675
472 676
473 678
473 679
474 475
474 721
474 778
474 924
474 949
475 646
475 675
475 678
475 679
475 680
475 681
475 682
475 683
475 684
475 685
475 686
623 646
626 646
643 646
662 908
676 924
677 680
679 975
682 778
683 684
683 999
684 962
685 771
685 862
685 865
685 866
686 701
701 997
721 972
761 763
762 763
763 764
764 768
764 772
764 908
764 964
764 966
765 964
769 862
769 863
770 944
771 864
771 865
772 862
773 970
774 944
774 967
779 924
779 925
825 907
838 841
841 844
841 845
863 970
864 965
884 974
907 908
908 915
908 974
973 974
