24 54
24 92
24 95
24 100
24 114
24 127
24 136
28 99
29 51
29 54
29 79
29 83
29 95
29 99
29 100
29 106
29 120
29 127
40 391
41 373
42 388
50 51
51 52
51 53
51 54
52 54
52 56
52 60
52 62
52 70
52 79
52 83
52 85
52 88
52 90
52 92
52 95
52 99
52 100
53 54
53 56
53 60
53 62
53 70
53 79
53 83
53 88
53 90
53 92
53 95
53 99
53 100
53 106
53 114
53 120
53 125
53 127
53 135
53 136
53 138
54 56
54 60
54 70
54 83
54 88
54 90
54 92
54 95
54 97
54 99
54 100
54 101
54 102
54 103
54 104
54 106
54 114
54 120
54 127
54 136
54 378
54 406
54 407
62 99
74 897
79 100
85 99
85 101
85 133
88 890
89 135
90 102
90 523
91 95
92 375
95 104
97 99
97 100
99 104
99 125
99 135
99 834
100 101
100 103
100 118
100 133
100 782
102 136
104 136
121 135
125 211
135 891
137 487
137 848
137 985
138 284
138 285
138 286
138 336
138 363
138 376
138 381
138 382
138 400
139 399
164 169
169 284
169 285
169 286
169 380
182 401
182 487
182 573
182 577
182 578
182 581
182 582
183 688
213 643
220 407
231 233
233 244
233 286
233 993
233 997
238 286
238 359
246 898
252 782
264 281
281 283
281 284
281 285
281 286
283 286
283 344
283 356
284 286
284 367
284 378
284 397
285 286
285 340
285 341
285 342
285 343
285 344
285 345
285 348
285 352
285 353
285 354
285 355
285 356
285 357
285 359
285 362
285 367
285 368
285 369
285 373
285 378
286 290
286 333
286 334
286 337
286 338
286 340
286 341
286 342
286 343
286 344
286 345
286 347
286 348
286 352
286 353
286 354
286 355
286 356
286 357
286 359
286 360
286 361
286 362
286 367
286 368
286 369
286 373
286 374
286 377
286 378
286 379
286 380
286 381
286 382
286 383
286 384
286 385
286 386
286 387
286 388
286 389
286 390
286 391
286 392
286 393
286 394
286 395
286 396
286 397
286 398
286 399
286 400
286 401
287 290
290 291
290 292
290 296
290 297
290 298
290 299
290 300
290 301
297 582
333 334
334 335
334 336
334 337
334 338
337 368
338 341
338 392
338 398
340 710
342 361
343 366
345 962
347 378
348 377
349 373
351 388
352 389
353 665
354 376
355 375
357 380
359 396
360 385
362 371
362 994
363 395
365 398
366 387
367 382
367 523
368 475
368 995
369 381
369 386
369 490
371 383
373 374
377 378
378 379
378 380
378 382
378 386
378 394
379 383
379 384
379 397
380 393
381 397
382 395
382 398
384 396
385 674
387 408
389 398
390 634
390 961
391 932
392 869
393 795
394 581
395 687
397 967
398 518
399 523
399 526
399 528
399 729
401 487
401 495
401 497
401 568
401 570
401 577
401 582
401 583
401 655
401 812
401 824
401 848
401 900
401 939
401 942
406 706
406 710
407 691
407 716
407 968
485 487
487 493
487 494
487 495
487 496
487 497
496 942
497 577
497 581
497 848
497 985
537 694
567 568
568 570
569 894
572 942
573 581
573 583
575 578
575 582
575 848
577 654
577 657
577 658
577 659
578 579
578 582
578 813
578 900
578 989
578 990
579 582
580 897
581 582
581 583
581 694
581 812
581 894
581 897
581 898
581 990
582 583
582 643
582 812
582 940
582 941
582 985
582 992
583 655
643 646
643 649
643 660
654 655
655 656
687 688
687 689
688 690
692 694
694 696
696 848
700 942
700 992
705 941
780 782
782 783
782 784
811 848
813 894
821 824
823 824
824 827
831 834
834 835
834 913
848 900
849 939
850 992
894 969
896 897
898 940
939 940
940 941
982 992
