41 373
52 81
53 81
81 103
81 497
138 286
169 286
182 401
182 497
182 581
233 286
238 286
246 808
281 286
283 286
284 286
285 286
285 360
285 373
286 290
286 333
286 334
286 337
286 338
286 340
286 341
286 342
286 343
286 344
286 345
286 347
286 348
286 352
286 353
286 354
286 355
286 356
286 357
286 359
286 360
286 361
286 362
286 367
286 368
286 369
286 373
286 374
286 377
286 378
286 379
286 380
286 381
286 382
286 383
286 384
286 385
286 386
286 387
286 388
286 389
286 390
286 391
286 392
286 393
286 394
286 395
286 396
286 397
286 398
286 399
286 400
286 401
289 294
294 301
294 937
349 373
360 379
360 385
373 374
394 581
401 487
401 495
401 497
401 568
401 570
401 577
401 582
401 583
401 655
401 812
401 824
401 848
401 900
401 939
401 942
487 497
497 569
497 577
497 581
497 583
497 700
497 750
497 808
497 848
497 936
497 985
537 700
573 581
576 808
581 582
581 583
581 694
581 812
581 894
581 897
581 898
581 990
583 655
583 700
654 655
655 656
695 700
700 849
700 942
700 990
700 992
821 824
823 824
824 827
850 936
920 937
934 936
936 937
936 938
