45 569
59 319
137 583
137 810
181 246
182 573
182 582
182 583
194 319
213 319
213 583
246 808
246 813
246 896
246 898
285 319
297 582
315 319
319 583
319 607
319 615
319 616
319 617
319 618
319 619
319 620
319 621
319 622
319 623
319 624
401 582
401 583
401 655
494 811
497 569
497 583
533 657
569 583
569 809
569 894
573 581
573 583
575 582
576 806
577 657
578 582
578 813
579 582
580 583
581 582
581 583
581 898
582 583
582 643
582 812
582 940
582 941
582 985
582 992
583 655
583 657
583 695
583 700
583 705
583 806
583 809
583 810
583 811
583 812
583 813
654 655
655 656
658 813
692 695
695 697
695 698
695 699
695 700
705 811
806 807
810 938
811 848
813 894
898 940
