9 423
40 391
98 423
280 423
280 772
286 391
307 779
391 932
410 423
423 685
423 764
423 765
423 770
423 772
423 773
423 774
423 863
423 865
423 866
423 965
423 966
423 967
467 925
467 929
467 931
467 956
502 846
685 866
699 846
727 846
764 772
769 863
772 862
772 864
779 924
779 925
846 932
863 970
864 866
866 931
925 926
925 927
925 928
925 929
925 930
925 931
925 932
925 933
926 954
926 955
927 928
927 933
928 932
929 933
929 993
930 931
930 956
931 933
931 955
932 933
932 956
933 956
954 956
955 956
