180 245
181 245
223 948
233 997
245 757
245 861
245 997
298 411
387 408
405 418
405 797
405 801
405 802
405 803
405 951
408 409
408 410
409 410
409 411
409 412
409 413
409 414
409 415
409 416
409 417
409 418
409 419
409 420
410 412
410 413
410 414
410 417
410 422
411 416
412 419
413 415
413 420
414 419
414 420
417 419
417 420
417 422
417 841
418 798
418 801
418 802
418 805
418 996
420 422
701 997
764 964
765 964
794 795
794 796
794 797
795 797
796 800
796 801
796 802
797 802
797 803
797 804
797 805
798 802
799 803
799 948
800 802
800 950
801 953
801 996
802 951
802 964
802 996
802 997
804 948
804 953
804 996
805 948
837 838
837 839
837 840
838 840
838 841
839 842
839 843
840 842
840 844
840 845
841 844
841 845
842 843
842 845
843 844
843 957
844 957
845 957
951 952
