53 116
59 319
116 976
116 979
137 583
137 810
137 985
182 573
182 579
182 582
182 583
194 319
213 319
213 583
218 756
246 813
273 860
285 319
297 582
315 319
319 583
319 607
319 615
319 616
319 617
319 618
319 619
319 620
319 621
319 622
319 623
319 624
327 579
327 850
380 579
401 582
401 583
401 655
494 811
497 583
497 985
533 657
537 940
569 583
569 809
573 581
573 583
575 582
576 806
577 657
578 579
578 582
578 813
579 580
579 582
579 896
579 899
579 900
580 583
581 582
581 583
582 583
582 643
582 812
582 940
582 941
582 985
582 992
583 655
583 657
583 695
583 700
583 705
583 806
583 809
583 810
583 811
583 812
583 813
621 622
622 626
622 633
622 638
622 641
622 642
622 645
654 655
655 656
656 850
658 813
692 695
695 697
695 698
695 699
695 700
700 992
705 811
754 755
754 756
755 757
755 758
756 759
757 758
758 759
758 760
759 760
759 860
806 807
809 969
810 938
811 848
813 894
850 936
850 992
860 980
898 940
939 940
940 941
976 977
976 978
977 980
977 981
978 979
978 980
978 982
979 981
981 982
982 992
