24 97
24 100
24 133
24 403
28 97
29 79
29 100
29 101
29 108
31 34
32 42
32 43
33 42
33 43
33 44
33 48
33 49
34 49
34 253
35 42
35 43
35 48
36 42
36 43
37 42
37 43
37 44
37 48
37 49
41 42
41 43
41 869
41 871
42 43
42 48
42 388
42 870
43 44
43 869
43 870
43 871
49 871
52 79
52 89
52 97
52 100
52 101
53 79
53 89
53 97
53 100
53 101
53 108
53 110
53 118
53 133
54 97
54 100
54 101
79 100
85 101
85 133
89 101
89 135
97 99
97 100
97 102
97 132
97 624
100 101
100 103
100 118
100 133
100 782
101 103
101 108
101 110
101 493
101 666
103 133
104 118
110 518
182 493
201 254
247 249
247 250
248 249
249 250
249 252
250 251
250 253
250 254
251 253
251 254
252 403
252 780
252 782
252 783
252 784
286 388
286 392
338 392
351 388
392 869
403 781
403 783
487 493
613 666
613 672
663 666
665 666
665 672
666 667
666 669
666 671
666 672
666 673
666 674
672 890
780 782
782 783
782 784
