3 28
3 29
24 29
24 91
24 95
24 112
24 127
24 129
24 132
24 134
24 309
28 29
28 52
28 53
28 97
28 99
28 103
29 33
29 51
29 52
29 53
29 54
29 72
29 75
29 76
29 77
29 78
29 79
29 80
29 82
29 83
29 95
29 99
29 100
29 101
29 102
29 103
29 105
29 106
29 108
29 111
29 112
29 115
29 117
29 120
29 127
29 129
29 131
29 132
29 134
29 309
29 310
29 311
29 312
30 33
31 33
32 33
33 35
33 36
33 37
33 41
33 42
33 43
33 44
33 45
33 46
33 47
33 48
33 49
50 51
51 52
51 53
51 54
52 75
52 76
52 78
52 79
52 82
52 83
52 91
52 95
52 101
53 75
53 76
53 78
53 79
53 82
53 83
53 91
53 95
53 101
53 105
53 106
53 111
53 112
53 115
53 127
53 129
53 132
53 134
54 83
54 95
54 101
54 106
54 127
68 134
79 100
82 117
85 101
89 101
91 95
91 668
93 105
93 309
95 104
97 132
100 101
101 103
101 108
101 110
101 493
101 666
102 111
104 310
109 310
115 188
129 139
134 184
212 311
280 312
311 749
311 818
312 766
312 773
312 966
428 664
663 664
663 665
663 666
664 667
664 668
665 668
667 668
