10 53
24 53
24 55
24 57
24 58
24 63
24 64
24 66
24 69
24 73
24 92
24 95
24 102
24 112
24 114
24 128
24 134
28 53
28 99
29 51
29 53
29 95
29 99
29 102
29 108
29 112
29 117
29 134
50 51
50 53
51 52
51 53
51 54
52 53
52 55
52 56
52 57
52 58
52 60
52 63
52 64
52 65
52 66
52 69
52 71
52 73
52 81
52 89
52 92
52 95
52 99
52 102
53 54
53 55
53 56
53 57
53 58
53 60
53 61
53 62
53 63
53 64
53 65
53 66
53 67
53 68
53 69
53 70
53 71
53 72
53 73
53 74
53 75
53 76
53 77
53 78
53 79
53 80
53 81
53 82
53 83
53 86
53 87
53 88
53 89
53 90
53 91
53 92
53 93
53 95
53 97
53 99
53 100
53 101
53 102
53 103
53 104
53 105
53 106
53 107
53 108
53 109
53 110
53 111
53 112
53 113
53 114
53 115
53 116
53 117
53 118
53 119
53 120
53 121
53 122
53 123
53 124
53 125
53 126
53 127
53 128
53 129
53 130
53 131
53 132
53 133
53 134
53 135
53 136
53 137
53 138
53 139
54 56
54 60
54 92
54 95
54 99
54 102
54 114
62 99
65 402
68 134
71 104
81 103
81 497
82 117
85 99
86 102
89 101
89 135
90 102
91 95
92 375
95 104
97 99
97 102
99 104
99 125
99 135
99 834
101 108
102 104
102 107
102 111
102 136
102 857
103 123
109 128
123 770
128 893
129 139
130 216
130 519
130 836
134 184
139 237
139 399
139 434
139 522
139 523
139 525
139 526
139 527
139 528
139 529
139 530
139 531
139 532
139 533
139 534
139 535
139 550
139 551
139 552
139 553
139 554
139 555
139 556
139 557
139 584
139 728
139 729
139 730
