24 54
24 92
24 95
24 100
24 127
28 99
29 51
29 54
29 83
29 95
29 99
29 100
29 106
29 120
29 127
50 51
51 52
51 53
51 54
52 54
52 56
52 60
52 70
52 83
52 88
52 90
52 92
52 95
52 99
52 100
53 54
53 56
53 60
53 70
53 83
53 88
53 90
53 92
53 95
53 99
53 100
53 106
53 120
53 127
54 56
54 60
54 70
54 83
54 88
54 90
54 92
54 95
54 97
54 99
54 100
54 101
54 102
54 103
54 104
54 106
54 114
54 120
54 127
54 136
54 378
54 406
54 407
62 99
79 100
85 99
88 890
90 102
90 523
91 95
92 375
95 104
97 99
97 100
99 104
99 125
99 135
99 834
100 101
100 103
100 118
100 133
100 782
220 407
284 378
285 378
286 378
347 378
377 378
378 379
378 380
378 382
378 386
378 394
406 706
406 710
407 691
407 716
407 968
410 421
419 421
421 712
476 477
476 478
476 479
477 480
478 481
478 482
478 483
479 482
479 484
480 481
480 483
481 483
482 484
484 707
706 707
706 708
707 709
708 711
708 712
709 712
710 712
711 712
