45 569
52 81
53 81
74 897
81 103
81 497
101 493
137 487
137 848
137 985
138 284
138 376
138 400
146 376
162 238
169 284
169 380
182 487
182 493
182 497
182 573
182 575
182 577
182 579
182 581
195 485
212 741
212 750
238 284
238 286
238 339
238 359
238 379
238 396
246 808
246 898
281 284
283 400
284 285
284 286
284 338
284 366
284 367
284 371
284 376
284 377
284 378
284 380
284 397
284 400
284 741
284 883
284 995
285 338
285 367
285 371
285 376
285 380
286 338
286 367
286 380
286 394
286 397
286 400
320 338
327 579
327 849
334 338
337 338
337 371
338 341
338 374
338 377
338 382
338 392
338 398
354 376
357 380
358 659
362 371
367 382
367 523
371 383
375 376
376 382
377 380
377 400
378 380
378 394
379 397
380 382
380 393
380 579
380 995
381 394
381 397
394 581
397 967
400 963
401 487
401 495
401 497
401 577
401 812
401 848
401 900
485 486
485 487
487 493
487 494
487 495
487 496
487 497
494 811
494 986
495 847
496 899
496 942
497 569
497 577
497 581
497 583
497 700
497 750
497 808
497 848
497 936
497 985
515 659
537 694
537 700
566 883
569 583
569 809
569 894
573 581
573 583
575 578
575 582
575 848
576 697
576 808
577 654
577 657
577 658
577 659
578 579
578 900
579 580
579 582
579 896
579 899
579 900
580 849
580 897
581 582
581 583
581 694
581 812
581 894
581 897
581 898
581 990
582 812
582 985
582 992
583 695
583 700
583 812
623 654
654 655
656 812
656 900
658 705
658 813
659 835
659 911
692 694
692 695
694 696
695 697
695 698
695 699
695 700
696 848
697 698
700 849
700 942
700 990
700 992
733 741
735 741
750 816
811 848
848 900
849 939
850 936
850 992
874 883
875 883
878 883
881 883
896 897
898 940
900 934
900 938
934 936
936 937
936 938
982 992
