22 946
25 424
32 39
39 189
39 998
40 467
87 350
115 188
134 184
138 336
138 381
139 434
175 177
175 178
176 179
177 179
177 180
177 183
177 184
178 180
178 181
178 185
178 186
178 187
178 188
178 189
179 180
179 189
179 235
179 239
180 239
180 424
181 189
181 231
181 239
183 688
183 785
184 960
185 189
185 231
187 189
187 947
188 424
188 455
188 470
188 471
188 473
188 475
188 676
188 682
188 684
188 958
189 231
189 232
189 381
189 945
189 946
189 947
195 424
230 231
231 232
231 233
231 234
243 945
270 374
284 397
285 336
285 350
285 369
285 370
285 374
285 381
286 369
286 374
286 381
286 394
286 397
307 424
307 430
334 336
335 370
336 381
336 382
338 374
350 381
369 381
369 386
369 490
370 379
370 381
370 382
373 374
374 381
378 394
379 397
381 394
381 397
394 581
397 967
424 427
424 428
424 429
424 430
424 431
424 432
424 433
424 434
424 435
424 436
424 437
424 438
424 439
424 440
424 441
424 442
424 443
424 444
424 445
424 446
424 447
424 448
424 449
424 450
424 451
424 452
424 453
424 454
424 455
424 456
424 457
424 458
424 459
424 460
424 461
424 462
424 463
424 464
424 465
424 466
424 467
424 468
424 469
424 470
424 471
424 472
424 473
424 474
424 475
427 472
427 475
429 473
429 475
430 778
431 461
433 454
434 522
435 463
436 437
436 475
439 475
439 684
440 450
440 470
442 458
442 924
444 975
444 986
445 682
448 468
448 682
449 456
449 686
450 469
451 681
451 683
452 471
452 739
452 778
453 462
454 457
454 681
455 461
458 468
460 475
460 684
460 888
461 470
462 473
462 677
462 680
463 475
463 500
463 686
464 469
467 925
467 929
467 931
467 956
468 474
468 924
468 953
469 471
469 472
469 686
472 676
475 682
606 945
676 924
682 778
946 960
947 971
947 998
