1 9
3 28
9 364
9 423
9 970
24 52
24 57
24 58
24 63
24 64
24 66
24 69
24 73
24 80
24 93
28 29
28 52
28 53
28 97
28 99
28 103
29 52
29 72
29 75
29 76
29 77
29 78
29 79
29 80
29 82
29 83
29 101
50 51
50 52
50 53
51 52
52 53
52 54
52 55
52 56
52 57
52 58
52 59
52 60
52 61
52 62
52 63
52 64
52 65
52 66
52 67
52 68
52 69
52 70
52 71
52 72
52 73
52 74
52 75
52 76
52 77
52 78
52 79
52 80
52 81
52 82
52 83
52 84
52 85
52 86
52 87
52 88
52 89
52 90
52 91
52 92
52 93
52 94
52 95
52 96
52 97
52 98
52 99
52 100
52 101
52 102
52 103
52 104
53 56
53 57
53 58
53 61
53 62
53 63
53 64
53 65
53 66
53 67
53 68
53 69
53 70
53 71
53 72
53 73
53 74
53 75
53 76
53 77
53 78
53 79
53 80
53 81
53 82
53 83
53 86
53 88
53 90
53 93
53 101
54 56
54 70
54 83
54 88
54 90
54 101
59 213
59 319
61 503
62 99
65 402
67 775
68 134
71 104
74 897
79 100
81 103
81 497
82 117
84 832
84 909
84 910
85 101
86 102
86 103
88 890
89 101
90 102
90 523
93 104
93 105
93 309
94 215
94 691
94 716
94 904
94 905
98 280
98 423
98 685
98 764
98 771
98 773
98 965
98 967
98 970
100 101
101 103
101 108
101 110
101 493
101 666
225 767
242 966
280 767
285 364
312 966
364 764
364 967
423 863
423 966
764 966
767 970
769 863
773 970
863 970
966 970
