18 235
53 124
54 378
124 143
124 162
138 284
138 376
138 400
139 237
142 151
143 151
143 154
143 160
143 162
146 162
146 237
146 376
148 154
150 895
151 161
151 162
151 607
151 895
152 160
152 162
152 236
152 237
154 162
158 162
158 895
160 161
160 162
161 162
162 230
162 235
162 236
162 237
162 238
164 169
169 284
169 285
169 286
169 380
179 235
181 230
194 640
210 620
212 741
213 605
213 607
213 621
213 638
213 639
213 640
213 641
213 648
230 231
236 610
238 284
238 286
238 339
238 359
238 379
238 396
264 281
270 374
281 283
281 284
281 285
281 286
283 400
284 285
284 286
284 338
284 366
284 367
284 371
284 376
284 377
284 378
284 380
284 397
284 400
284 741
284 883
284 995
285 338
285 339
285 341
285 366
285 367
285 371
285 374
285 376
285 378
286 334
286 338
286 341
286 367
286 374
286 378
286 386
286 392
286 396
286 397
286 398
286 400
316 320
317 320
319 607
319 620
319 621
320 321
320 338
333 334
334 335
334 336
334 337
334 338
337 338
337 371
338 341
338 374
338 377
338 382
338 392
338 398
339 379
343 366
347 378
354 376
359 396
362 371
365 398
366 387
367 382
367 523
368 995
369 386
371 383
373 374
374 381
375 376
376 382
377 378
377 400
378 379
378 380
378 382
378 386
378 394
379 397
380 995
381 397
382 398
384 396
389 398
392 869
397 967
398 518
400 963
566 883
603 605
605 607
607 620
607 624
607 639
607 640
607 641
607 648
607 660
618 648
620 621
620 624
621 622
621 638
622 638
622 641
623 660
624 641
624 648
627 639
632 648
635 648
638 959
639 718
640 644
643 660
733 741
735 741
874 883
875 883
878 883
881 883
