31 37
32 37
33 37
35 37
36 37
37 38
37 41
37 42
37 43
37 44
37 47
37 48
37 49
37 285
37 593
52 90
53 90
53 113
54 90
59 319
90 102
90 523
92 375
113 283
113 285
138 285
138 363
138 381
139 399
139 523
139 530
139 531
139 535
139 550
139 551
139 552
139 553
139 554
139 555
139 556
139 557
169 285
171 285
189 381
194 319
195 351
213 319
238 359
281 285
283 285
283 356
284 285
284 338
284 366
284 367
284 371
285 286
285 319
285 333
285 335
285 336
285 338
285 339
285 340
285 341
285 342
285 343
285 344
285 345
285 346
285 347
285 348
285 349
285 350
285 351
285 352
285 353
285 354
285 355
285 356
285 357
285 358
285 359
285 360
285 361
285 362
285 363
285 364
285 365
285 366
285 367
285 368
285 369
285 370
285 371
285 372
285 373
285 374
285 375
285 376
285 377
285 378
285 379
285 380
285 381
285 382
286 333
286 338
286 340
286 345
286 347
286 352
286 353
286 354
286 356
286 357
286 359
286 360
286 361
286 367
286 368
286 381
286 399
315 319
319 583
319 607
319 615
319 616
319 617
319 618
319 619
319 620
319 621
319 622
319 623
319 624
320 338
333 334
334 335
334 338
335 370
336 381
337 338
337 368
337 371
337 375
338 341
338 374
338 377
338 382
338 392
338 398
340 710
342 361
343 366
345 962
347 378
350 381
351 388
352 389
353 665
354 376
355 375
357 380
358 659
358 835
358 910
359 396
360 379
360 385
361 807
362 371
363 377
363 395
366 387
367 382
367 523
368 475
368 995
369 381
370 381
371 383
374 381
375 376
375 963
381 394
381 397
399 523
399 526
399 528
399 729
520 521
520 522
520 523
523 526
523 528
523 529
523 530
523 531
523 532
523 533
523 534
523 535
525 551
525 556
526 535
527 535
527 552
528 535
528 557
529 530
529 531
529 535
529 554
532 535
533 555
534 556
535 538
535 550
535 551
535 552
535 553
535 554
535 555
535 556
535 557
538 539
538 540
539 541
539 542
550 728
553 729
555 584
557 730
