8 426
15 426
45 569
52 59
59 213
59 319
103 619
137 583
137 810
139 522
139 525
139 528
139 529
171 210
172 192
172 210
182 573
182 580
182 583
190 192
192 195
192 200
192 201
192 202
192 203
192 204
192 205
192 206
192 207
192 208
192 209
192 210
192 211
192 212
192 213
194 616
194 631
194 633
194 640
194 647
203 210
207 210
210 217
210 227
210 511
210 513
210 620
213 282
213 315
213 319
213 529
213 583
213 605
213 607
213 616
213 617
213 618
213 619
213 621
213 623
213 624
213 625
213 626
213 627
213 628
213 629
213 630
213 631
213 632
213 633
213 634
213 635
213 636
213 637
213 638
213 639
213 640
213 641
213 642
213 643
213 644
213 645
213 646
213 647
213 648
213 649
246 813
260 282
263 282
265 282
278 282
313 315
315 319
319 583
319 616
319 618
319 619
319 621
327 580
390 634
399 528
401 583
401 655
401 812
426 522
434 522
497 569
497 583
497 700
520 521
520 522
520 523
522 525
522 526
522 527
522 528
522 529
523 528
523 529
525 551
525 556
527 528
528 535
528 557
528 730
529 530
529 531
529 532
529 534
529 535
529 554
533 657
537 700
569 583
569 809
569 894
573 581
573 583
574 705
576 806
577 657
578 813
579 580
580 583
580 698
580 776
580 807
580 849
580 897
580 935
580 986
581 583
581 812
582 583
582 812
583 655
583 657
583 695
583 700
583 705
583 806
583 809
583 810
583 811
583 812
583 813
588 642
589 645
603 605
605 607
607 639
607 640
607 641
615 618
617 632
618 648
619 624
620 621
621 622
621 638
622 626
622 633
622 641
622 642
622 645
623 628
623 637
623 642
623 645
623 649
624 637
624 641
625 649
626 646
627 628
627 639
629 647
630 635
630 647
631 753
632 648
634 961
635 648
636 649
639 718
640 644
643 649
644 647
645 943
647 867
649 867
654 655
655 656
656 812
658 705
658 813
695 700
700 849
700 942
700 990
700 992
705 811
705 941
806 807
810 938
813 894
