0 1
0 4
1 2
1 3
1 4
1 5
1 6
1 7
1 9
1 11
1 14
1 15
1 19
1 22
1 23
1 26
1 39
1 70
1 77
1 80
1 82
1 105
1 132
1 149
1 150
1 153
1 161
1 170
1 185
1 203
1 204
1 208
1 211
1 217
1 221
1 228
1 235
1 236
1 259
1 260
1 261
1 267
1 300
1 301
1 302
1 303
1 304
1 305
1 306
1 307
1 308
1 309
1 310
1 311
1 312
1 313
1 314
1 315
1 316
1 317
1 318
1 319
1 320
1 321
1 322
1 323
1 324
1 325
1 326
1 327
1 328
1 329
1 330
1 331
1 332
1 333
1 334
1 335
1 336
1 337
1 338
1 339
1 340
1 341
1 342
1 343
1 344
1 345
1 346
1 347
1 348
1 349
1 350
1 351
1 352
1 353
1 354
1 355
1 356
1 357
1 358
1 359
1 360
1 361
1 362
1 363
1 364
1 365
1 366
1 367
1 368
1 369
2 4
2 70
2 376
3 70
4 9
4 13
4 16
4 29
4 59
4 62
4 75
4 77
4 87
4 91
4 112
4 145
4 147
4 149
4 150
4 157
4 159
4 172
4 177
4 198
4 203
4 204
4 206
4 207
4 208
4 218
4 233
4 238
4 244
4 247
4 263
4 264
4 296
4 321
4 329
4 348
4 351
4 370
4 376
4 394
4 400
4 420
4 427
4 428
4 429
4 430
4 431
4 432
4 433
4 434
4 435
4 436
4 437
4 438
4 439
4 440
4 441
4 442
4 443
4 444
4 445
4 446
4 447
4 448
4 449
4 450
4 451
4 452
4 453
4 454
4 455
4 456
4 457
4 458
4 459
4 460
4 461
4 462
4 463
4 464
4 465
4 466
4 467
4 468
4 469
4 470
4 471
4 472
4 473
4 474
4 475
4 476
5 70
5 320
5 472
6 218
6 376
7 70
8 354
8 435
8 455
10 70
12 344
32 313
35 344
37 70
42 70
51 455
70 71
70 72
70 73
70 74
70 75
70 76
70 77
70 78
70 79
70 80
70 81
70 82
70 83
70 84
70 85
70 86
70 87
70 88
70 89
70 90
70 91
70 92
70 93
70 94
70 95
70 96
70 97
70 98
70 99
70 100
70 101
70 102
70 103
70 104
70 105
70 106
70 107
70 108
70 109
70 110
70 111
70 112
70 113
70 114
70 115
70 116
70 117
70 118
70 119
70 120
70 121
70 122
70 123
70 124
70 125
70 126
70 127
70 128
70 129
70 130
70 131
70 132
70 133
70 134
70 135
70 136
70 137
70 138
70 139
70 140
70 141
70 142
70 143
70 144
70 145
70 146
70 147
70 148
71 313
72 326
73 313
74 440
78 326
84 471
87 198
88 313
94 376
96 435
96 958
135 218
149 186
149 198
150 313
152 198
166 326
166 344
168 475
186 213
186 455
186 527
186 914
186 924
186 933
198 638
203 218
203 228
207 296
210 458
215 440
218 278
218 417
218 489
218 587
218 614
218 917
228 280
228 322
228 382
228 953
229 472
239 455
243 435
245 320
248 905
259 296
261 320
261 455
261 471
262 376
263 344
265 440
286 435
296 300
296 477
296 703
296 814
300 320
300 326
310 376
313 370
313 677
313 788
313 790
313 932
313 933
314 435
317 471
318 475
320 358
320 368
320 735
320 840
320 855
326 732
326 858
331 455
346 354
354 391
354 550
358 440
376 853
376 867
376 876
376 965
379 435
383 435
395 435
416 958
430 435
430 458
435 523
435 584
435 629
435 715
435 877
435 953
440 537
440 777
447 458
453 905
455 680
455 905
455 924
455 958
458 729
458 746
458 771
471 640
472 602
472 711
475 825
475 838
480 905
546 958
602 905
653 958
726 958
