0 5
0 21
0 59
1 5
1 82
1 236
1 313
1 314
1 345
2 5
2 380
2 405
3 424
4 59
4 433
4 437
4 444
5 8
5 14
5 16
5 24
5 31
5 34
5 36
5 52
5 70
5 71
5 78
5 80
5 96
5 99
5 106
5 115
5 124
5 127
5 144
5 150
5 175
5 202
5 206
5 230
5 231
5 258
5 259
5 261
5 265
5 280
5 291
5 300
5 307
5 311
5 315
5 320
5 371
5 372
5 405
5 459
5 462
5 472
5 477
5 478
5 479
5 480
5 481
5 482
5 483
5 484
5 485
5 486
5 487
5 488
5 489
5 490
5 491
5 492
5 493
5 494
5 495
5 496
5 497
5 498
5 499
5 500
5 501
5 502
5 503
5 504
5 505
5 506
5 507
5 508
5 509
5 510
5 511
5 512
5 513
5 514
5 515
5 516
6 71
7 82
7 345
7 588
8 71
9 433
14 314
15 433
21 71
21 86
21 120
21 265
21 323
21 418
21 633
21 772
21 815
21 867
21 885
22 641
24 82
25 424
27 433
31 649
32 313
55 437
56 647
59 71
59 212
59 353
61 137
65 380
70 71
70 82
70 137
71 73
71 74
71 82
71 94
71 102
71 173
71 182
71 190
71 204
71 206
71 235
71 236
71 259
71 265
71 267
71 277
71 313
71 314
71 332
71 345
71 380
71 424
71 427
71 433
71 437
71 444
71 480
71 553
71 573
71 582
71 616
71 635
71 636
71 637
71 638
71 639
71 640
71 641
71 642
71 643
71 644
71 645
71 646
71 647
71 648
71 649
71 650
71 651
73 313
75 573
80 380
82 98
82 208
82 229
82 336
82 525
82 697
82 729
82 735
82 833
83 573
83 730
85 588
88 313
99 314
110 345
123 641
137 361
137 516
137 575
137 640
137 760
137 845
149 182
150 313
164 433
166 444
168 314
174 437
182 300
182 330
182 719
203 236
204 573
215 345
224 649
235 314
236 257
236 274
236 590
236 615
236 757
236 834
236 943
261 730
262 437
266 314
267 640
274 444
290 650
303 380
308 730
311 444
313 370
313 677
313 788
313 790
313 932
313 933
314 316
314 435
314 474
314 480
314 522
314 523
314 542
314 552
314 576
314 758
314 761
314 771
314 944
314 945
314 946
325 588
327 437
331 641
342 433
345 743
350 437
370 588
371 405
373 588
374 380
378 649
379 649
380 404
380 438
380 445
380 487
380 540
380 598
380 682
380 727
380 917
405 755
405 761
405 764
405 843
418 433
424 510
424 566
424 618
424 706
424 713
424 806
424 870
430 640
432 437
433 487
433 837
437 460
437 499
437 548
437 582
437 596
437 660
437 759
437 814
437 976
439 646
444 806
444 975
449 650
450 650
462 730
471 640
477 588
477 641
488 646
492 647
495 573
510 588
519 573
523 573
524 730
527 647
570 640
573 772
588 640
608 640
640 730
640 977
646 654
646 770
646 846
647 728
650 815
728 730
730 789
730 963
