0 13
0 15
1 15
1 150
1 153
1 217
1 336
1 348
2 162
2 281
2 397
3 78
3 423
4 13
4 150
4 159
4 348
5 78
5 150
5 477
5 481
5 492
5 502
6 13
6 78
6 150
7 397
8 13
8 153
8 477
8 492
8 522
9 159
12 150
12 158
12 520
13 16
13 150
13 180
13 264
13 286
13 322
13 334
13 338
13 379
13 488
13 513
13 517
13 625
13 645
13 675
13 683
13 767
13 815
13 816
13 817
13 818
13 819
13 820
15 150
15 166
15 220
15 222
15 261
15 427
15 430
15 433
15 518
15 562
15 876
15 877
16 481
24 477
25 522
27 477
33 78
34 502
35 477
38 481
41 217
47 153
50 522
54 477
61 153
65 150
70 78
71 190
72 150
72 477
72 652
75 150
75 481
77 526
78 85
78 94
78 98
78 138
78 150
78 156
78 284
78 307
78 326
78 331
78 363
78 379
78 467
78 664
78 677
78 721
78 828
78 829
78 830
78 831
78 832
79 150
80 652
82 336
82 525
86 477
89 477
91 217
91 533
93 150
94 150
100 525
103 526
109 525
114 481
115 481
116 281
118 481
123 150
132 348
149 150
149 153
149 158
149 159
149 162
149 190
150 153
150 156
150 158
150 159
150 162
150 166
150 190
150 203
150 217
150 226
150 244
150 260
150 269
150 281
150 285
150 301
150 304
150 306
150 311
150 313
150 317
150 336
150 348
150 350
150 370
150 381
150 391
150 396
150 397
150 411
150 417
150 419
150 423
150 427
150 429
150 430
150 431
150 477
150 481
150 492
150 495
150 502
150 517
150 518
150 519
150 520
150 521
150 522
150 523
150 524
150 525
150 526
150 527
150 528
150 529
150 530
150 531
150 532
150 533
150 534
150 535
150 536
150 537
150 538
150 539
150 540
150 541
150 542
150 543
150 544
153 259
153 337
153 707
153 911
153 919
156 158
156 477
158 203
158 410
158 680
158 854
159 192
159 370
162 261
162 304
162 756
164 526
164 533
171 477
175 520
179 281
179 531
183 520
187 522
190 574
190 894
191 533
193 519
203 217
204 281
205 519
205 520
205 531
207 519
207 525
209 533
213 652
217 319
217 957
217 981
223 423
231 397
235 481
248 348
249 520
252 531
259 281
260 477
262 477
278 652
281 367
281 503
281 575
281 696
281 798
281 852
281 949
281 992
281 996
282 519
287 519
294 348
296 477
297 477
300 520
303 397
303 652
306 423
314 522
316 525
321 481
335 526
336 584
336 603
336 726
341 477
346 531
348 378
348 465
348 667
348 913
356 520
371 492
374 525
385 477
390 477
396 481
397 590
397 822
423 482
423 928
428 520
429 502
429 522
436 477
450 477
453 652
456 522
470 481
477 478
477 507
477 517
477 582
477 588
477 599
477 641
477 673
477 679
477 682
477 690
477 704
477 705
477 706
477 707
477 708
477 709
480 481
480 519
481 687
481 800
481 807
481 855
481 891
481 893
481 902
481 908
487 522
492 530
492 584
492 647
492 843
502 589
519 573
519 664
519 710
519 734
519 821
519 879
519 918
519 921
519 935
520 555
520 576
520 583
520 715
520 768
520 825
522 527
522 892
522 920
522 961
522 967
522 977
525 554
525 595
525 630
525 791
526 585
526 726
526 794
526 860
526 862
526 938
531 652
531 700
531 722
531 725
531 896
531 920
531 973
531 974
531 984
533 891
547 652
652 723
652 961
