0 49
0 52
1 149
1 153
1 185
2 192
3 174
4 75
4 87
4 149
4 466
5 52
5 175
7 49
7 75
7 149
7 168
7 171
7 176
7 184
7 192
7 193
8 153
10 167
12 154
12 184
13 180
18 52
18 180
26 155
28 75
29 149
39 168
40 87
40 181
44 75
45 151
47 153
49 57
49 149
49 166
49 327
49 621
49 685
51 87
52 149
52 665
52 802
55 155
60 174
61 153
70 75
70 87
72 167
72 169
73 155
75 84
75 87
75 116
75 149
75 150
75 157
75 209
75 361
75 448
75 462
75 466
75 481
75 521
75 573
75 662
75 684
75 705
75 727
75 769
75 774
75 775
75 776
77 181
79 149
79 176
79 184
81 149
86 167
87 106
87 115
87 198
87 199
87 211
87 432
87 917
88 174
92 155
99 169
116 151
117 200
118 189
120 184
140 192
141 151
148 149
149 150
149 151
149 152
149 153
149 154
149 155
149 156
149 157
149 158
149 159
149 160
149 161
149 162
149 163
149 164
149 165
149 166
149 167
149 168
149 169
149 170
149 171
149 172
149 173
149 174
149 175
149 176
149 177
149 178
149 179
149 180
149 181
149 182
149 183
149 184
149 185
149 186
149 187
149 188
149 189
149 190
149 191
149 192
149 193
149 194
149 195
149 196
149 197
149 198
149 199
149 200
149 201
149 202
150 153
151 260
151 263
151 356
151 418
151 427
151 479
151 537
151 600
151 776
151 800
151 801
151 802
151 803
151 804
152 155
153 259
153 337
153 707
153 911
153 919
154 241
154 255
154 259
154 261
154 303
154 316
154 443
154 470
154 550
154 554
154 606
154 664
154 726
154 734
154 883
154 902
154 921
155 245
155 260
155 300
155 318
155 324
155 330
155 486
155 619
155 796
155 816
155 825
155 903
155 922
155 923
156 168
159 192
166 169
167 206
167 473
167 671
167 880
167 932
167 949
168 314
168 325
168 475
168 554
168 619
168 651
168 728
168 863
168 887
168 949
169 259
169 289
169 986
169 996
171 178
171 225
171 254
171 261
171 375
171 477
171 858
171 908
171 959
174 437
174 726
174 841
174 930
174 961
175 259
175 303
175 520
175 606
175 610
175 947
175 957
176 550
176 638
176 758
176 774
176 794
176 886
176 916
179 260
179 264
179 281
179 531
179 575
179 798
179 888
179 992
180 245
180 261
180 448
180 464
180 624
180 645
180 826
180 920
181 427
181 474
181 737
181 750
184 716
184 873
185 195
185 199
185 205
185 306
185 478
185 819
185 955
186 213
186 455
186 527
186 914
186 924
186 933
189 416
189 602
189 655
189 699
192 577
193 391
193 511
193 519
193 574
193 749
194 260
194 287
194 317
194 329
194 992
200 402
200 521
200 779
438 466
466 869
466 916
