0 33
0 42
1 70
1 105
1 331
2 70
2 103
2 109
2 379
3 70
3 78
4 91
4 467
5 70
5 71
5 78
5 99
5 106
5 144
5 500
6 71
6 78
6 331
6 467
7 33
7 70
7 500
8 71
8 677
10 70
10 721
12 42
12 83
13 379
17 83
19 105
21 71
33 78
33 80
33 220
33 480
33 719
33 966
37 70
37 106
38 99
42 70
42 325
42 556
42 708
42 940
42 991
45 89
50 89
51 83
53 99
59 71
60 664
63 109
63 830
70 71
70 72
70 73
70 74
70 75
70 76
70 77
70 78
70 79
70 80
70 81
70 82
70 83
70 84
70 85
70 86
70 87
70 88
70 89
70 90
70 91
70 92
70 93
70 94
70 95
70 96
70 97
70 98
70 99
70 100
70 101
70 102
70 103
70 104
70 105
70 106
70 107
70 108
70 109
70 110
70 111
70 112
70 113
70 114
70 115
70 116
70 117
70 118
70 119
70 120
70 121
70 122
70 123
70 124
70 125
70 126
70 127
70 128
70 129
70 130
70 131
70 132
70 133
70 134
70 135
70 136
70 137
70 138
70 139
70 140
70 141
70 142
70 143
70 144
70 145
70 146
70 147
70 148
71 73
71 74
71 82
71 94
71 102
71 173
71 182
71 190
71 204
71 206
71 235
71 236
71 259
71 265
71 267
71 277
71 313
71 314
71 332
71 345
71 380
71 424
71 427
71 433
71 437
71 444
71 480
71 553
71 573
71 582
71 616
71 635
71 636
71 637
71 638
71 639
71 640
71 641
71 642
71 643
71 644
71 645
71 646
71 647
71 648
71 649
71 650
71 651
72 91
72 284
76 83
77 83
77 91
78 85
78 94
78 98
78 138
78 150
78 156
78 284
78 307
78 326
78 331
78 363
78 379
78 467
78 664
78 677
78 721
78 828
78 829
78 830
78 831
78 832
80 83
83 88
83 219
83 288
83 315
83 381
83 436
83 468
83 496
83 516
83 535
83 569
83 573
83 574
83 622
83 629
83 635
83 644
83 683
83 694
83 703
83 704
83 711
83 730
83 772
83 778
83 824
83 846
83 885
84 105
84 139
86 831
87 106
89 130
89 131
89 203
89 254
89 342
89 358
89 369
89 395
89 428
89 436
89 441
89 477
89 483
89 507
89 513
89 569
89 724
89 737
89 759
89 807
89 913
89 953
89 967
89 968
89 969
89 970
89 971
89 972
90 379
91 203
91 217
91 366
91 393
91 533
91 854
91 973
91 974
94 103
95 109
98 830
99 169
99 227
99 260
99 314
99 316
99 352
99 537
99 594
99 674
99 991
103 170
103 418
103 509
103 526
103 668
103 740
103 927
105 125
105 428
105 452
105 536
105 674
105 849
106 215
106 428
106 459
106 845
106 997
109 111
109 142
109 303
109 525
109 568
109 655
109 812
109 852
109 956
109 981
128 139
135 218
135 598
135 668
135 801
139 265
139 527
139 996
141 144
144 261
144 949
147 664
154 664
163 721
205 677
211 331
219 379
241 379
259 284
260 284
260 664
262 664
269 664
284 642
284 728
284 757
284 881
284 968
303 664
307 467
313 677
331 375
331 455
331 641
331 732
355 831
379 388
379 435
379 452
379 550
379 635
379 636
379 649
379 789
379 796
381 721
388 721
467 534
500 572
500 591
500 721
519 664
664 760
664 783
677 733
684 721
720 830
761 831
830 968
831 962
