0 20
1 261
1 347
1 356
2 20
2 162
2 261
2 372
4 441
4 455
4 471
5 261
5 372
5 503
5 515
6 261
6 568
7 168
7 592
8 455
8 678
9 714
10 724
12 275
13 817
15 261
16 714
17 441
20 210
20 261
20 267
20 482
20 587
20 674
20 696
20 736
20 947
27 731
30 697
34 817
39 168
45 678
51 455
60 919
67 728
76 261
80 592
81 261
82 697
82 729
83 846
84 372
84 471
89 441
89 724
107 441
108 919
109 568
110 503
113 261
118 726
129 726
144 261
148 503
149 162
149 168
150 162
151 356
152 726
152 728
153 919
154 261
154 726
156 168
162 261
162 304
162 756
168 314
168 325
168 475
168 554
168 619
168 651
168 728
168 863
168 887
168 949
171 261
174 726
180 261
186 455
199 728
205 261
210 503
210 919
239 455
259 261
259 275
259 294
261 275
261 294
261 317
261 320
261 325
261 441
261 453
261 455
261 471
261 482
261 518
261 568
261 580
261 592
261 598
261 678
261 697
261 714
261 724
261 725
261 726
261 727
261 728
261 729
261 730
261 731
261 732
262 372
263 275
263 714
265 846
266 592
266 906
270 729
275 300
279 728
279 846
281 503
283 347
284 728
286 372
294 328
294 348
294 793
303 729
310 726
317 471
328 726
331 455
336 726
339 731
347 413
347 696
347 728
347 733
347 987
351 728
351 817
356 438
356 520
356 728
362 568
372 478
372 503
372 625
372 712
372 728
372 799
372 906
372 920
410 697
425 515
425 906
427 697
430 697
439 592
441 483
441 681
441 895
441 929
442 919
445 906
455 680
455 905
455 924
455 958
458 729
471 640
490 568
503 826
515 707
515 906
515 947
518 726
526 726
527 726
532 678
536 731
538 728
544 678
545 729
549 678
568 990
574 678
586 678
611 697
646 846
647 728
658 731
663 697
678 842
678 904
678 990
697 834
697 910
712 714
714 894
714 969
724 736
724 971
726 797
726 845
726 950
726 958
728 730
728 776
728 803
728 817
728 846
728 886
728 919
728 923
747 817
777 846
792 906
846 847
