0 13
0 20
0 21
0 28
0 33
0 35
0 36
0 38
0 39
0 41
0 42
0 43
0 44
0 49
0 50
0 51
0 53
0 54
0 59
0 61
0 62
0 65
0 66
0 68
0 69
1 39
1 132
1 150
1 161
1 217
1 235
1 304
1 306
1 307
1 308
1 309
1 311
1 322
1 323
1 331
1 334
1 335
1 336
1 340
1 341
1 345
1 346
1 348
1 349
1 350
1 356
1 358
1 359
1 361
1 362
1 363
1 364
1 365
1 367
1 368
1 369
2 20
2 103
2 121
2 192
2 206
2 216
2 257
2 281
2 323
2 341
2 346
2 370
2 371
2 378
2 381
2 383
2 384
2 385
2 387
2 389
2 391
2 397
2 398
2 399
2 404
2 405
2 406
2 411
2 413
2 414
3 43
3 78
3 174
3 371
3 417
3 419
3 420
3 425
4 13
4 59
4 62
4 112
4 145
4 150
4 177
4 198
4 206
4 238
4 244
4 296
4 348
4 370
4 420
4 427
4 430
4 431
4 433
4 434
4 440
4 441
4 442
4 446
4 448
4 450
4 451
4 453
4 454
4 458
4 459
4 464
4 468
4 469
4 470
4 471
4 472
4 475
4 476
5 36
5 78
5 96
5 115
5 150
5 175
5 206
5 231
5 258
5 280
5 291
5 307
5 311
5 371
5 405
5 459
5 472
5 477
5 481
5 482
5 483
5 484
5 487
5 488
5 490
5 492
5 493
5 494
5 495
5 496
5 498
5 499
5 502
5 503
5 505
5 507
5 513
5 514
5 515
6 13
6 78
6 150
6 163
6 197
6 237
6 290
6 306
6 309
6 331
6 370
6 371
6 378
6 383
6 385
6 417
6 451
6 484
6 488
6 550
6 555
6 558
6 559
6 561
6 564
6 565
6 566
6 568
6 569
6 571
7 28
7 33
7 49
7 112
7 120
7 160
7 161
7 171
7 184
7 192
7 196
7 225
7 237
7 254
7 273
7 308
7 345
7 349
7 370
7 383
7 397
7 413
7 417
7 419
7 431
7 434
7 464
7 550
7 561
7 577
7 582
7 587
7 594
7 595
7 597
7 599
7 600
7 601
7 605
7 609
7 611
7 612
7 614
7 615
7 616
7 618
7 619
7 622
7 623
7 626
7 627
7 628
7 629
7 631
7 634
8 13
8 216
8 304
8 335
8 420
8 427
8 442
8 477
8 488
8 492
8 535
8 564
8 569
8 594
8 609
8 675
8 677
8 682
8 684
8 685
8 686
8 687
8 694
9 166
9 430
9 433
9 710
9 711
9 713
9 715
9 718
10 85
10 234
10 406
10 564
10 587
10 675
10 719
10 722
10 724
11 277
11 365
11 451
11 490
11 524
11 705
11 710
11 798
11 799
12 35
12 38
12 42
12 150
12 158
12 184
12 335
12 362
12 365
12 399
12 493
12 520
12 582
12 745
12 805
12 807
12 808
12 813
13 16
13 150
13 180
13 264
13 286
13 322
13 334
13 338
13 379
13 488
13 513
13 517
13 625
13 645
13 675
13 683
13 767
13 815
13 816
13 817
13 818
13 819
13 820
14 484
14 857
15 150
15 166
15 222
15 427
15 430
15 433
15 876
16 188
16 257
16 291
16 448
16 481
16 558
16 609
16 769
16 828
16 892
16 893
17 441
17 808
17 936
18 225
18 431
18 595
18 833
18 848
18 893
18 914
18 938
18 939
19 304
19 381
19 384
19 389
19 417
19 535
19 644
19 915
19 942
20 210
20 261
20 267
20 482
20 587
20 674
20 696
20 736
20 947
21 71
21 86
21 120
21 265
21 323
21 418
21 633
21 772
21 815
21 867
21 885
22 28
22 660
22 667
22 719
22 960
23 232
23 909
24 145
24 311
24 406
24 477
24 544
24 868
25 35
25 104
25 323
25 368
25 626
25 685
25 750
25 783
25 940
26 62
26 155
26 177
26 909
27 53
27 419
27 433
27 477
27 524
27 731
27 752
27 862
28 75
28 584
28 909
28 922
29 195
29 722
29 819
30 323
30 494
30 542
30 582
30 849
31 54
31 649
32 559
32 931
32 932
33 78
33 80
33 220
33 480
33 719
33 966
34 502
34 817
35 264
35 344
35 477
36 263
36 311
36 771
36 825
38 99
38 480
38 481
38 514
38 742
38 898
39 76
39 168
39 364
39 479
39 569
39 801
40 181
40 309
41 208
41 217
41 429
41 824
41 874
42 70
42 325
42 556
42 708
42 940
42 991
43 260
43 263
43 292
43 560
43 597
44 75
44 311
44 480
44 585
44 700
44 744
44 935
46 69
48 280
48 540
48 912
49 57
49 149
49 166
49 327
49 621
49 685
50 89
50 203
50 373
50 522
50 889
51 83
51 87
51 425
51 455
53 99
53 572
53 587
53 621
53 624
54 428
54 477
54 837
55 155
55 619
57 587
57 805
57 915
57 941
58 61
58 304
58 884
59 71
59 212
59 353
60 88
60 174
60 919
61 137
61 153
61 722
61 790
62 369
62 669
62 805
63 66
63 830
64 470
64 539
65 131
65 150
65 380
65 869
66 263
66 295
66 824
67 411
67 453
68 266
68 351
68 595
68 777
69 205
69 323
69 933
70 78
70 81
70 85
70 88
70 96
70 102
70 103
70 104
70 112
70 115
70 120
70 121
70 123
70 132
70 134
70 136
70 138
70 141
70 142
70 143
70 145
70 146
71 102
71 182
71 190
71 206
71 235
71 277
71 345
71 427
71 433
71 582
71 616
71 635
71 636
71 638
71 640
71 642
71 643
71 644
71 645
71 649
71 651
72 150
72 166
72 242
72 284
72 378
72 411
72 477
72 505
72 652
72 654
72 655
72 656
72 659
72 660
72 663
73 155
73 234
73 304
73 311
73 406
73 539
73 760
74 213
74 384
74 440
74 521
74 623
74 635
74 704
74 769
74 770
75 150
75 361
75 448
75 481
75 521
75 684
75 705
75 769
75 776
76 427
76 494
76 495
76 651
76 789
77 181
77 381
77 526
77 628
77 739
77 767
77 791
77 792
77 794
77 795
78 85
78 94
78 98
78 138
78 150
78 156
78 284
78 307
78 326
78 331
78 363
78 379
78 467
78 664
78 677
78 721
78 828
78 829
78 830
78 831
78 832
79 115
79 150
79 184
79 308
79 378
79 404
79 483
79 544
79 833
79 834
80 165
80 183
80 309
80 434
80 652
80 857
80 860
80 861
80 862
81 149
81 164
81 207
81 261
81 517
81 828
82 336
82 525
82 729
82 833
83 88
83 288
83 381
83 468
83 496
83 535
83 569
83 622
83 629
83 635
83 644
83 694
83 704
83 711
83 778
84 216
84 399
84 471
84 482
84 597
84 615
84 635
84 654
84 655
84 666
84 713
84 766
84 791
84 911
85 160
85 223
85 260
85 300
85 583
85 588
85 665
85 688
85 918
86 88
86 340
86 385
86 477
86 663
86 738
86 792
86 795
86 831
86 934
86 949
87 115
87 198
87 199
88 90
88 174
88 276
88 313
88 582
88 608
88 856
88 884
88 954
88 955
89 254
89 358
89 369
89 441
89 477
89 483
89 507
89 513
89 569
89 724
89 737
89 807
89 971
90 555
90 719
90 939
91 217
91 533
91 974
92 155
92 611
92 667
92 971
93 150
93 269
93 656
93 864
94 103
94 150
94 628
94 671
94 951
95 102
95 705
95 838
95 848
95 987
96 173
96 232
96 365
96 430
96 435
96 484
96 556
96 655
96 666
96 727
96 859
96 878
96 925
96 958
97 686
97 974
98 413
98 808
98 830
98 989
99 227
99 537
99 594
99 674
99 991
100 427
100 468
100 525
100 618
101 322
101 434
101 682
101 952
102 266
102 308
103 170
103 418
103 509
103 526
103 668
103 740
103 927
104 122
104 156
104 259
104 425
104 491
104 612
104 732
104 935
105 536
105 674
105 849
106 459
106 997
107 349
107 441
107 605
107 623
107 705
107 926
107 974
108 234
108 868
108 919
109 142
109 525
109 568
109 655
109 852
110 345
110 498
110 503
110 713
110 911
112 207
112 243
112 311
113 514
114 387
114 481
115 481
116 166
116 281
116 986
117 200
117 216
118 136
118 189
118 481
118 706
118 849
118 893
118 938
119 770
119 861
120 184
120 188
120 212
120 237
120 638
120 786
120 808
120 994
121 140
121 259
121 430
121 761
122 820
123 150
123 343
123 426
123 641
123 849
123 882
123 903
125 240
125 627
125 822
127 577
127 622
127 989
129 166
129 536
131 160
131 391
131 550
132 348
132 485
132 676
133 309
133 404
133 450
134 421
134 438
134 480
134 871
134 883
136 152
136 752
136 824
137 361
137 640
137 760
138 452
138 723
138 959
139 527
139 996
140 177
140 192
141 144
141 151
141 427
141 479
141 744
141 832
142 242
142 390
142 428
143 436
143 478
143 561
143 736
144 949
145 532
145 959
146 204
146 300
146 425
146 802
148 431
148 503
149 150
149 155
149 158
149 160
149 161
149 163
149 165
149 166
149 171
149 174
149 175
149 177
149 181
149 182
149 183
149 184
149 188
149 189
149 190
149 192
149 194
149 195
149 196
149 197
149 198
149 199
149 200
149 201
150 153
150 156
150 158
150 159
150 162
150 166
150 190
150 203
150 217
150 226
150 244
150 260
150 269
150 281
150 285
150 301
150 304
150 306
150 311
150 313
150 317
150 336
150 348
150 350
150 370
150 381
150 391
150 396
150 397
150 411
150 417
150 419
150 423
150 427
150 429
150 430
150 431
150 477
150 481
150 492
150 495
150 502
150 517
150 518
150 519
150 520
150 521
150 522
150 523
150 524
150 525
150 526
150 527
150 528
150 529
150 530
150 531
150 532
150 533
150 534
150 535
150 536
150 537
150 538
150 539
150 540
150 541
150 542
150 543
150 544
151 356
151 427
151 537
151 600
151 776
151 800
151 803
151 804
152 155
152 160
152 198
152 226
152 295
152 484
152 541
152 634
152 766
152 827
153 911
153 919
154 255
154 470
154 550
155 245
155 260
155 300
155 318
155 324
155 330
155 486
155 619
155 796
155 816
155 825
155 903
155 922
155 923
156 158
156 477
156 741
156 828
156 860
156 900
157 238
157 269
157 487
157 521
157 615
157 887
157 899
158 203
158 410
158 680
158 854
159 192
159 370
160 178
160 439
160 442
160 518
160 720
161 191
161 265
161 479
161 527
161 774
162 304
163 309
163 403
163 418
163 420
163 721
163 844
163 979
164 258
164 433
164 526
164 533
164 550
164 614
164 618
165 265
165 428
165 824
165 899
165 934
166 169
166 326
166 344
166 407
166 444
166 476
166 505
166 511
166 604
166 869
166 878
166 931
166 959
166 981
166 986
167 206
167 671
167 880
167 932
167 949
168 475
168 619
168 651
168 887
168 949
169 986
169 996
170 787
170 840
170 997
171 178
171 225
171 254
171 261
171 375
171 477
171 858
171 908
171 959
172 434
172 532
172 537
173 206
173 635
173 659
173 702
173 773
173 791
174 437
174 726
174 841
174 930
174 961
175 259
175 303
175 520
175 606
175 610
175 947
175 957
176 550
176 638
176 794
177 705
177 735
178 196
179 281
179 531
179 798
179 888
179 992
180 448
180 464
180 645
180 920
181 427
181 474
181 737
181 750
182 300
182 330
182 719
183 404
183 428
183 520
183 668
183 688
183 850
184 716
184 873
185 195
185 199
185 306
185 819
185 955
186 213
186 527
186 914
186 924
187 369
188 266
188 777
189 416
189 602
189 655
189 699
190 574
190 894
191 533
192 577
193 391
193 519
193 749
194 260
194 287
194 317
194 329
194 992
195 487
195 941
196 430
196 439
197 524
197 662
197 676
197 774
198 638
199 306
199 728
200 402
200 521
200 779
201 619
201 637
201 639
201 669
202 389
202 852
203 206
203 212
203 213
203 216
203 217
203 222
203 225
203 226
203 227
203 231
203 232
203 234
203 235
203 237
203 238
203 240
203 242
203 244
203 252
203 253
203 254
203 255
203 257
203 258
204 213
204 281
204 304
204 387
204 577
204 581
205 237
205 434
205 454
205 519
205 520
205 531
205 566
205 605
205 616
205 636
205 645
205 677
205 781
205 783
205 787
206 307
206 318
206 337
206 338
206 399
206 546
206 564
206 639
206 733
206 858
207 212
207 254
207 296
207 309
207 389
207 454
207 519
207 525
207 781
207 805
207 864
208 483
208 505
208 642
208 738
208 766
208 868
208 870
208 871
208 873
209 242
209 276
209 414
209 417
209 498
209 533
209 536
209 675
209 873
209 926
210 430
210 458
210 503
210 702
210 791
210 805
210 828
210 919
210 926
211 331
211 484
211 605
211 711
211 892
211 940
211 941
212 305
212 429
212 430
212 563
213 264
213 418
213 652
213 654
213 743
213 924
215 345
215 378
215 440
215 476
215 767
215 787
216 221
216 302
216 667
217 319
217 957
217 981
218 417
218 587
218 614
219 384
219 496
219 626
219 942
220 240
220 304
220 857
221 910
222 242
222 324
222 373
222 407
222 496
222 832
223 269
224 582
224 649
224 823
224 984
225 603
225 761
225 784
225 793
226 398
226 602
226 725
226 968
227 546
227 594
227 598
228 280
228 322
229 420
229 472
229 823
229 833
230 634
230 783
230 960
231 303
231 397
231 824
232 260
232 878
232 951
233 389
233 631
233 706
234 406
234 638
235 314
235 352
235 481
235 509
235 964
236 257
236 615
236 757
236 834
237 292
237 887
238 260
238 524
238 898
239 542
239 719
240 747
240 857
240 993
242 430
242 972
243 340
243 740
244 310
244 474
244 895
244 921
245 671
245 718
246 290
246 636
248 348
248 905
248 946
249 520
249 920
252 264
252 473
252 531
252 631
252 738
252 765
253 393
253 591
253 834
253 957
255 439
255 451
255 460
257 685
258 934
258 943
259 268
259 269
259 273
259 276
259 277
259 280
259 281
259 284
259 285
259 286
259 288
259 290
259 291
259 293
259 294
259 295
259 296
259 297
259 299
260 284
260 307
260 427
260 431
260 442
260 477
260 527
260 540
260 597
260 612
260 666
260 667
260 671
260 674
261 294
261 441
261 453
261 471
261 482
261 568
261 724
261 729
261 731
262 290
262 341
262 431
262 477
262 498
262 582
262 599
262 651
262 710
262 719
262 749
262 750
263 451
263 762
263 763
263 766
263 767
264 482
264 561
264 752
265 384
265 440
265 490
265 513
265 827
265 848
265 849
265 851
265 852
265 853
266 370
266 425
266 521
266 600
266 627
266 631
266 861
266 900
266 907
267 399
267 524
267 534
267 640
267 805
267 931
268 302
268 309
268 382
268 468
268 478
268 517
268 764
268 803
268 882
269 333
269 418
269 664
269 748
269 978
270 288
270 729
270 838
270 952
271 528
271 636
271 795
271 816
272 387
272 561
272 799
272 984
273 279
273 295
273 302
273 321
273 469
273 585
273 613
273 725
273 829
274 739
274 762
274 776
274 985
276 489
276 523
276 696
276 970
277 403
277 417
277 501
277 517
278 442
278 652
278 713
279 288
279 420
279 494
279 792
279 884
279 931
279 971
280 310
280 480
280 509
280 868
280 932
281 367
281 503
281 575
281 696
281 798
281 852
281 949
281 992
281 996
282 285
282 519
282 614
282 737
282 794
282 838
282 857
283 304
283 524
284 642
284 728
284 757
284 881
284 968
285 585
285 598
286 372
286 435
286 549
287 519
287 704
287 960
287 992
288 490
290 418
290 431
290 650
291 315
291 682
291 769
293 337
293 394
293 414
293 594
293 935
294 328
294 348
294 793
295 815
295 940
296 300
296 477
296 703
296 814
297 325
297 477
297 485
297 717
297 865
298 398
298 414
298 999
299 310
299 325
299 371
299 556
300 306
300 311
300 334
300 371
300 427
300 499
300 520
300 654
300 687
300 737
300 738
300 739
300 740
300 741
300 743
300 745
301 359
301 427
301 490
301 752
301 757
302 555
302 715
302 813
302 822
302 823
303 308
303 397
303 652
303 729
303 763
303 838
303 840
304 364
304 511
304 591
304 657
304 742
304 841
305 597
305 704
305 880
306 423
306 478
306 497
306 673
306 690
306 783
307 467
307 591
307 844
307 882
308 309
308 427
308 565
308 597
308 695
308 730
309 570
309 720
309 859
309 864
309 890
310 335
311 444
311 557
311 576
311 708
311 711
311 796
311 848
311 858
312 493
312 528
312 675
312 888
313 370
313 677
313 932
314 542
314 946
315 358
315 470
316 450
316 525
316 674
316 951
316 952
317 471
317 524
317 535
317 612
318 475
318 709
318 829
319 541
320 358
320 368
320 840
321 481
321 513
321 829
321 951
322 374
322 480
322 777
323 457
323 661
323 676
323 888
324 359
325 490
325 687
327 464
327 534
328 411
328 430
328 795
328 876
329 611
329 799
329 862
329 911
331 375
331 455
331 641
331 732
332 642
332 792
333 868
334 591
334 688
334 761
334 972
335 526
335 700
336 584
336 603
336 726
337 800
338 488
338 521
338 558
338 763
338 804
339 731
340 381
340 517
340 733
340 874
340 956
341 386
341 477
342 433
342 487
342 942
342 985
343 577
343 619
343 776
345 743
346 354
346 373
346 390
346 531
346 651
346 744
346 748
346 947
346 960
347 413
347 987
348 378
348 465
348 667
348 913
349 373
349 778
350 437
350 508
350 575
350 596
351 817
352 741
353 888
353 909
354 391
354 550
355 609
355 831
355 851
356 438
356 520
356 728
358 440
359 389
359 551
360 702
361 430
361 545
362 568
362 684
362 736
362 868
363 806
363 809
363 927
364 736
364 787
364 801
365 480
366 686
366 808
367 575
367 593
367 922
368 421
368 550
369 771
370 418
370 563
370 588
370 636
370 763
370 777
370 778
370 779
370 780
371 373
371 405
371 425
371 492
371 643
371 837
371 843
372 503
372 799
372 920
373 383
373 476
373 483
373 684
373 737
373 778
373 857
373 924
374 453
374 525
374 544
374 656
374 866
374 870
374 934
375 398
375 427
375 446
375 559
375 752
375 813
375 853
375 866
375 942
375 964
376 853
376 867
376 876
376 965
377 975
378 649
378 773
378 944
378 946
378 970
379 550
379 635
379 636
379 649
379 789
380 404
380 487
380 540
380 682
381 721
381 782
382 763
382 857
382 860
382 914
382 986
383 435
383 448
383 461
383 608
384 523
384 873
385 407
385 477
385 489
385 811
386 594
386 767
386 833
386 949
387 430
387 855
388 550
388 638
388 663
388 880
388 912
388 983
389 579
389 686
389 710
389 805
389 813
389 865
389 894
389 968
390 411
390 477
391 550
391 735
391 815
391 995
393 398
394 414
394 559
396 481
396 798
397 590
397 822
398 733
400 875
401 599
401 667
401 752
402 555
403 484
404 429
404 872
405 755
405 761
405 764
405 843
406 786
407 629
410 521
410 645
412 499
412 654
413 743
416 958
417 465
417 548
417 575
417 587
417 653
417 753
417 859
418 433
418 622
418 833
418 864
418 887
418 888
418 889
419 429
419 933
421 635
421 983
422 581
422 701
422 827
422 875
422 983
423 482
424 566
424 618
424 706
424 713
424 870
425 491
425 515
425 827
425 906
426 521
426 660
427 594
427 600
427 615
427 671
427 691
427 695
427 696
427 697
427 698
427 699
427 700
427 701
427 702
427 703
428 488
428 520
428 564
428 594
428 601
428 706
428 884
429 502
429 642
429 684
429 705
429 866
429 899
429 900
430 434
430 435
430 458
430 480
430 489
430 494
430 549
430 640
430 697
430 698
430 723
430 876
430 909
430 910
430 911
430 912
431 857
431 868
431 915
432 643
432 666
432 745
433 487
433 837
434 454
434 598
434 620
434 625
434 892
434 926
435 629
435 715
436 477
436 521
436 805
436 899
436 941
437 499
437 582
437 660
438 871
439 446
439 702
439 781
440 537
440 777
441 483
441 681
441 895
441 929
442 620
442 762
442 886
442 919
443 490
443 496
443 685
443 781
444 975
445 538
445 631
445 829
446 480
446 529
446 548
446 658
446 941
447 458
447 534
447 555
447 833
447 893
447 984
448 461
448 464
448 608
448 902
448 914
448 918
448 999
449 656
449 997
450 477
450 583
450 650
450 707
450 733
450 853
451 491
451 567
451 768
451 851
451 861
452 550
452 682
453 549
453 652
453 771
453 905
454 583
455 905
455 924
455 958
456 659
456 719
456 778
456 926
456 936
457 813
457 860
458 729
458 746
458 771
459 733
459 789
459 933
460 505
461 704
461 915
463 601
463 773
463 936
464 918
465 773
467 534
468 575
469 782
469 815
469 933
470 481
470 806
471 640
472 602
472 711
473 521
473 738
474 476
475 825
475 838
477 478
477 507
477 517
477 582
477 588
477 599
477 641
477 673
477 679
477 682
477 690
477 704
477 705
477 706
477 707
477 708
477 709
478 626
478 634
478 739
478 741
478 773
479 558
479 875
480 481
480 519
480 643
480 738
480 757
480 778
480 822
480 899
480 905
481 687
481 800
481 807
481 855
481 891
481 893
481 902
481 908
482 775
483 761
483 834
483 870
483 922
483 935
484 566
484 725
484 929
485 757
486 534
486 666
487 522
488 646
490 493
490 568
490 585
491 628
491 682
491 892
492 530
492 584
492 647
492 843
493 498
493 735
495 509
495 523
495 573
495 939
496 629
496 633
496 777
496 999
497 800
499 654
499 672
499 735
501 706
501 710
501 989
502 589
503 826
506 701
506 871
507 679
507 841
508 952
510 852
510 899
514 529
514 698
515 707
515 906
515 947
517 704
517 709
517 838
517 857
517 866
517 867
518 538
518 914
519 573
519 664
519 710
519 734
519 821
519 879
519 918
519 921
519 935
520 555
520 576
520 583
520 715
520 768
520 825
521 626
521 734
521 752
521 765
521 799
521 814
521 900
521 903
522 527
522 892
522 920
522 977
523 951
524 571
524 630
524 679
524 691
524 694
524 730
524 739
524 746
524 753
524 927
524 988
525 554
525 595
525 630
525 791
526 585
526 726
526 794
526 860
526 862
526 938
527 647
527 726
528 589
528 796
528 927
529 539
531 652
531 700
531 722
531 725
531 896
531 920
531 973
531 974
531 984
532 560
532 572
532 574
532 678
532 751
533 891
534 657
535 943
536 731
536 775
536 780
536 863
538 670
538 680
538 728
539 574
539 584
539 756
539 994
540 690
540 834
541 557
541 583
541 818
542 549
543 687
543 722
544 678
545 729
546 958
547 644
547 652
547 819
548 848
549 686
549 816
550 741
550 774
550 789
550 871
551 635
551 873
554 595
554 910
555 713
555 801
555 989
556 601
556 655
556 932
557 711
557 860
557 999
558 560
558 595
558 858
559 857
560 709
560 965
561 740
561 956
563 964
564 952
565 609
565 736
565 967
566 801
567 816
567 871
568 990
570 640
570 763
570 884
571 572
571 624
571 777
572 587
572 654
572 737
575 750
575 889
575 909
575 977
575 992
577 682
579 582
579 710
581 600
581 733
581 929
582 718
582 749
582 855
582 856
583 718
583 853
584 912
585 934
587 614
587 618
587 804
587 966
588 640
590 822
590 834
591 667
593 857
595 676
595 987
596 808
596 974
597 760
597 913
597 927
599 747
599 824
599 930
599 936
600 751
600 774
600 937
600 954
601 655
601 777
602 685
602 769
602 905
602 939
604 752
604 820
605 635
605 663
605 698
605 811
605 941
606 792
608 640
609 735
609 933
610 715
611 697
611 920
612 660
612 917
613 965
614 795
616 743
616 967
620 675
620 762
621 988
621 996
622 694
622 945
623 634
623 749
623 771
624 838
627 886
627 940
628 713
633 799
635 711
635 967
635 978
636 764
636 768
637 740
637 988
638 681
638 824
638 944
638 961
639 666
640 730
640 977
642 661
643 844
644 932
645 844
646 654
646 770
652 723
652 961
653 958
654 770
654 979
654 997
655 656
655 751
655 854
656 814
656 889
657 876
657 999
658 731
659 689
659 725
659 778
661 985
662 719
663 697
664 760
664 783
665 762
665 820
667 942
667 995
669 749
670 920
670 988
671 673
671 890
671 902
672 893
672 975
674 975
675 781
675 934
675 970
676 861
676 924
676 983
677 733
679 991
680 920
681 955
682 745
682 881
683 820
684 721
686 863
687 818
687 891
687 945
688 960
689 899
693 931
693 932
694 821
697 834
697 910
699 704
699 857
700 871
701 735
701 943
704 840
704 881
704 943
705 901
706 784
706 866
707 991
709 733
709 990
710 756
710 806
710 823
710 965
713 851
715 821
716 804
717 718
720 830
722 725
722 825
723 807
724 736
724 971
725 762
725 875
726 958
727 800
727 823
728 776
728 803
728 817
728 919
730 789
734 936
735 807
737 859
738 882
739 793
740 796
740 885
741 856
743 755
743 886
745 993
747 817
747 946
748 996
749 923
750 788
752 923
756 828
760 923
761 831
761 868
764 977
766 781
770 824
772 977
775 965
776 804
777 871
777 938
778 855
778 877
780 819
780 828
780 910
781 821
781 875
782 989
783 945
786 799
787 801
788 864
790 987
792 857
792 906
792 998
794 841
796 971
798 835
800 844
802 880
803 956
803 962
805 833
805 901
805 902
806 985
807 877
809 988
811 900
815 983
816 959
824 840
824 910
826 946
827 943
829 890
830 968
831 962
837 851
838 847
838 880
838 964
839 867
839 907
844 876
847 987
848 879
848 945
850 934
852 927
854 975
856 940
857 865
857 947
862 872
863 887
867 885
869 870
871 883
873 971
882 889
882 997
891 907
891 940
893 907
893 937
893 980
895 911
895 938
896 920
899 993
907 935
909 980
911 925
911 944
911 957
912 916
913 934
915 976
917 991
920 973
922 986
929 955
939 983
945 964
954 955
961 974
978 984
983 985
984 998
