0 5
0 10
0 17
0 23
0 26
0 27
0 31
0 32
0 33
0 34
0 36
0 37
0 41
0 42
0 44
0 47
0 52
0 55
0 56
0 57
0 59
0 62
0 63
0 64
0 65
0 67
0 68
1 5
1 23
1 26
1 70
1 132
1 161
1 170
1 217
1 221
1 304
1 305
1 312
1 313
1 319
1 320
1 322
1 324
1 327
1 329
1 332
1 334
1 335
1 336
1 337
1 339
1 346
1 351
1 352
1 353
1 354
1 357
1 359
1 361
1 363
1 364
1 366
1 368
1 369
2 5
2 10
2 32
2 70
2 74
2 109
2 121
2 162
2 206
2 257
2 346
2 372
2 378
2 381
2 382
2 383
2 387
2 390
2 392
2 393
2 395
2 398
2 399
2 400
2 401
2 402
2 403
2 405
2 409
2 410
2 413
2 414
3 26
3 27
3 70
3 125
3 223
3 419
4 59
4 62
4 87
4 91
4 112
4 145
4 147
4 172
4 177
4 198
4 206
4 233
4 238
4 244
4 247
4 296
4 329
4 351
4 400
4 432
4 440
4 443
4 444
4 445
4 446
4 452
4 453
4 454
4 459
4 462
4 464
4 469
4 470
4 471
4 472
4 474
4 476
5 8
5 14
5 16
5 24
5 31
5 34
5 36
5 52
5 70
5 71
5 78
5 80
5 96
5 99
5 106
5 115
5 124
5 127
5 144
5 150
5 175
5 202
5 206
5 230
5 231
5 258
5 259
5 261
5 265
5 280
5 291
5 300
5 307
5 311
5 315
5 320
5 371
5 372
5 405
5 459
5 462
5 472
5 477
5 478
5 479
5 480
5 481
5 482
5 483
5 484
5 485
5 486
5 487
5 488
5 489
5 490
5 491
5 492
5 493
5 494
5 495
5 496
5 497
5 498
5 499
5 500
5 501
5 502
5 503
5 504
5 505
5 506
5 507
5 508
5 509
5 510
5 511
5 512
5 513
5 514
5 515
5 516
6 197
6 230
6 290
6 337
6 378
6 383
6 393
6 432
6 484
6 488
6 549
6 553
6 555
6 557
6 559
6 563
6 565
6 566
6 567
6 569
7 23
7 33
7 70
7 73
7 74
7 79
7 90
7 107
7 112
7 120
7 161
7 171
7 176
7 193
7 196
7 225
7 254
7 327
7 357
7 383
7 409
7 413
7 419
7 464
7 500
7 508
7 574
7 583
7 587
7 589
7 594
7 595
7 596
7 597
7 599
7 601
7 603
7 604
7 607
7 608
7 609
7 610
7 611
7 616
7 617
7 620
7 621
7 629
7 634
8 73
8 79
8 298
8 304
8 324
8 335
8 339
8 354
8 392
8 395
8 488
8 492
8 512
8 535
8 543
8 569
8 594
8 609
8 677
8 680
8 681
8 683
8 685
8 687
8 688
8 689
8 690
8 694
9 74
9 122
9 589
9 713
9 714
9 715
9 716
9 718
10 70
10 72
10 85
10 167
10 203
10 234
10 406
10 418
10 564
10 586
10 587
10 675
10 719
10 720
10 721
10 722
10 723
10 724
11 282
11 490
11 796
11 798
12 42
12 83
12 90
12 154
12 335
12 399
12 409
12 489
12 639
12 745
12 747
12 810
12 812
12 814
13 322
13 334
13 488
13 513
13 645
13 683
13 818
13 819
14 484
15 220
15 222
15 518
15 876
16 188
16 257
16 291
16 352
16 392
16 491
16 553
16 609
16 714
16 818
16 828
16 892
16 894
16 895
16 896
16 897
16 898
17 76
17 83
17 111
17 318
17 418
17 429
17 441
17 808
17 936
18 32
18 52
18 225
18 312
18 329
18 595
18 784
18 810
18 833
18 937
18 938
19 108
19 304
19 381
19 535
19 644
19 742
19 908
19 915
19 942
20 482
20 587
20 674
21 86
21 120
21 772
21 867
22 339
22 641
22 667
22 688
22 775
23 207
23 232
23 546
23 818
23 909
24 145
24 443
24 544
24 786
24 896
24 970
25 283
25 368
25 443
25 578
25 685
25 750
25 783
25 856
25 940
25 967
26 62
26 72
26 155
26 177
26 330
26 909
26 929
27 53
27 262
27 355
27 402
27 419
27 433
27 477
27 485
27 524
27 556
27 731
27 752
27 839
27 862
27 891
29 247
29 305
29 722
29 819
29 856
30 494
30 542
30 849
31 54
31 203
31 262
31 316
31 649
31 793
31 863
32 313
32 418
32 559
32 931
32 932
32 967
33 78
33 80
33 220
33 480
33 719
33 966
34 203
34 325
34 374
34 502
34 602
34 779
34 817
34 843
34 898
34 978
36 263
36 311
36 771
36 825
37 70
37 106
37 278
37 395
37 480
38 514
38 742
38 898
39 364
39 569
40 87
40 274
41 208
41 217
41 429
41 824
41 874
42 70
42 325
42 556
42 708
42 940
42 991
43 292
43 597
44 75
44 311
44 480
44 585
44 700
44 744
44 935
47 73
47 77
47 153
47 545
47 809
48 56
48 280
48 324
48 540
49 57
49 327
49 621
49 685
51 83
51 87
52 149
52 665
52 802
53 587
53 621
54 837
55 155
55 279
55 437
55 619
55 751
55 844
56 73
56 203
56 325
56 647
56 785
57 152
57 587
57 732
57 805
57 915
57 941
58 304
58 589
58 923
59 71
59 212
59 353
60 357
60 919
61 137
61 722
61 790
62 369
62 669
62 805
63 66
63 109
63 303
63 375
63 562
63 830
64 156
64 470
64 539
64 575
65 131
65 150
65 380
65 869
66 295
67 411
67 453
67 584
67 728
68 266
68 351
68 595
68 777
70 71
70 72
70 73
70 74
70 75
70 76
70 77
70 78
70 79
70 80
70 81
70 82
70 83
70 84
70 85
70 86
70 87
70 88
70 89
70 90
70 91
70 92
70 93
70 94
70 95
70 96
70 97
70 98
70 99
70 100
70 101
70 102
70 103
70 104
70 105
70 106
70 107
70 108
70 109
70 110
70 111
70 112
70 113
70 114
70 115
70 116
70 117
70 118
70 119
70 120
70 121
70 122
70 123
70 124
70 125
70 126
70 127
70 128
70 129
70 130
70 131
70 132
70 133
70 134
70 135
70 136
70 137
70 138
70 139
70 140
70 141
70 142
70 143
70 144
70 145
70 146
70 147
70 148
71 73
71 74
71 94
71 102
71 173
71 190
71 206
71 313
71 332
71 444
71 553
71 616
71 637
71 639
71 640
71 641
71 642
71 643
71 644
71 645
71 650
71 651
72 86
72 91
72 119
72 126
72 130
72 172
72 242
72 378
72 505
72 549
72 653
72 655
72 657
72 662
72 663
73 92
73 155
73 234
73 300
73 304
73 311
73 313
73 374
73 406
73 506
73 517
73 539
73 548
73 549
73 586
73 759
73 760
74 80
74 84
74 93
74 110
74 170
74 205
74 213
74 310
74 312
74 327
74 332
74 384
74 440
74 511
74 521
74 623
74 635
74 676
74 681
74 704
74 768
74 769
74 770
75 87
75 116
75 361
75 462
75 521
75 662
75 774
75 775
75 776
76 83
76 187
76 494
76 495
76 651
76 788
76 789
77 83
77 91
77 172
77 298
77 332
77 381
77 596
77 739
77 790
77 791
77 794
77 795
78 94
78 98
78 138
78 363
78 677
78 828
78 829
78 831
79 115
79 149
79 150
79 176
79 184
79 272
79 292
79 308
79 353
79 378
79 404
79 483
79 486
79 544
79 590
79 621
79 703
79 747
79 833
79 834
79 835
79 836
80 83
80 90
80 165
80 256
80 403
80 861
81 149
81 164
81 207
81 261
81 517
81 828
82 98
82 336
82 833
83 88
83 219
83 288
83 315
83 381
83 436
83 468
83 496
83 516
83 535
83 569
83 573
83 574
83 622
83 629
83 635
83 644
83 683
83 694
83 703
83 704
83 711
83 730
83 772
83 778
83 824
83 846
83 885
84 97
84 139
84 372
84 399
84 471
84 482
84 597
84 655
84 713
84 716
84 766
84 791
84 872
84 895
84 913
85 223
85 583
85 688
85 918
86 88
86 167
86 209
86 262
86 340
86 385
86 477
86 530
86 663
86 680
86 738
86 792
86 795
86 811
86 826
86 831
86 872
86 934
86 949
87 106
87 115
87 198
87 199
87 211
87 432
87 917
88 90
88 313
88 608
88 856
88 954
89 130
89 131
89 254
89 369
89 395
89 507
89 513
89 569
89 724
89 737
89 759
89 913
89 953
89 967
89 968
89 970
89 972
90 379
90 548
90 555
90 719
90 825
90 939
91 203
91 217
91 366
91 393
91 533
91 854
91 973
91 974
92 155
92 510
92 611
92 667
93 269
93 274
93 788
93 837
93 864
94 103
94 150
94 376
94 628
94 671
94 904
94 951
95 102
95 109
95 553
95 812
95 863
95 987
96 173
96 484
96 655
96 859
96 878
96 925
96 958
97 164
97 316
97 548
97 686
97 885
97 974
98 110
98 413
98 418
98 668
98 808
98 824
98 830
98 897
98 989
98 990
99 227
99 352
99 594
99 674
99 991
100 124
100 427
100 438
100 447
100 468
100 525
100 585
100 618
100 758
101 203
101 322
101 434
101 438
101 682
101 765
101 952
102 266
102 308
103 170
103 740
103 927
104 122
104 491
104 732
105 125
105 452
105 674
105 849
106 459
106 997
107 349
107 441
107 589
107 605
107 623
107 705
107 926
107 974
108 234
108 388
108 497
108 584
108 708
108 868
108 919
109 111
109 142
109 303
109 525
109 568
109 655
109 812
109 852
109 956
109 981
110 498
110 713
110 826
110 925
111 859
112 207
112 243
112 311
113 119
113 514
113 574
113 775
113 979
114 205
114 387
114 481
114 891
114 903
116 151
116 166
116 281
116 506
116 986
117 200
117 216
117 266
117 300
117 408
117 725
118 136
118 578
118 849
118 938
119 204
119 734
119 770
119 861
120 184
120 188
120 212
120 237
120 638
120 786
120 808
120 994
121 140
121 259
121 430
121 761
122 203
122 820
122 935
123 150
123 343
123 426
123 641
123 849
123 882
123 903
124 639
125 240
125 259
125 627
125 679
125 822
125 973
126 428
126 439
126 523
127 836
128 139
128 863
128 897
129 166
129 536
129 726
129 922
130 207
130 811
131 160
131 391
131 550
132 348
132 485
132 676
133 204
133 309
133 404
133 450
134 421
134 438
134 480
134 871
134 883
135 218
135 598
135 668
135 801
136 152
136 752
136 824
137 361
137 516
137 575
137 640
137 760
137 845
138 452
138 723
138 959
139 265
139 527
139 996
140 177
141 144
141 151
141 427
141 479
141 744
141 832
142 242
142 390
143 436
143 478
143 561
143 736
144 949
145 532
145 959
146 204
146 300
146 425
146 802
147 264
147 664
147 793
148 149
148 239
148 431
148 503
149 154
149 155
149 161
149 162
149 165
149 170
149 171
149 172
149 173
149 175
149 176
149 177
149 178
149 186
149 187
149 188
149 190
149 193
149 196
149 197
149 198
149 199
149 202
150 162
150 190
150 217
150 244
150 269
150 285
150 304
150 313
150 336
150 381
150 419
150 492
150 495
150 518
150 521
150 533
150 535
150 540
150 542
150 543
150 544
151 776
151 800
152 155
152 178
152 198
152 295
152 312
152 445
152 484
152 634
152 720
152 766
152 826
153 337
153 919
154 241
154 255
154 259
154 261
154 303
154 316
154 443
154 470
154 550
154 554
154 606
154 664
154 726
154 734
154 883
154 902
154 921
155 245
155 260
155 300
155 318
155 324
155 330
155 486
155 619
155 796
155 816
155 825
155 903
155 922
155 923
156 491
156 741
156 828
156 900
157 238
157 269
157 487
157 521
157 748
157 887
157 899
158 410
158 680
160 178
160 518
160 720
161 191
161 265
161 479
161 527
161 774
162 261
162 304
162 756
163 403
163 979
164 258
164 533
164 689
164 980
165 265
165 428
165 824
165 899
165 934
166 444
166 476
166 505
166 604
166 878
166 931
167 206
167 880
167 949
168 651
168 863
168 887
168 949
170 310
170 787
170 840
170 869
170 997
171 178
171 225
171 254
171 261
171 375
171 477
171 858
171 908
171 959
172 434
172 532
172 537
172 978
173 206
173 562
173 635
173 659
173 702
173 773
173 791
173 901
175 259
175 303
175 520
175 606
175 610
175 947
175 957
176 550
176 638
176 758
176 774
176 794
176 886
176 916
177 705
177 735
178 196
178 264
179 798
179 992
180 464
180 645
180 826
181 474
181 737
181 750
183 688
183 850
184 716
185 199
185 819
186 213
186 455
186 527
186 914
186 924
186 933
187 369
187 479
187 480
187 522
187 755
188 266
188 777
189 655
189 699
190 574
190 894
191 533
191 968
193 391
193 511
193 519
193 574
193 749
194 287
194 329
194 992
195 487
195 941
196 430
196 439
197 524
197 662
197 676
197 774
198 638
199 306
199 728
200 402
200 521
201 637
201 639
202 389
202 551
202 852
203 206
203 213
203 217
203 219
203 220
203 221
203 222
203 223
203 225
203 227
203 230
203 231
203 233
203 238
203 241
203 242
203 244
203 246
203 247
203 248
203 252
203 254
203 255
203 256
203 257
203 258
204 213
204 230
204 304
204 387
204 574
204 578
205 454
205 512
205 566
205 616
205 645
205 677
205 781
205 782
205 783
205 784
205 786
206 307
206 318
206 337
206 338
206 399
206 546
206 564
206 639
206 733
206 858
207 254
207 296
207 454
207 781
207 863
207 864
208 305
208 505
208 610
208 642
208 738
208 766
208 788
208 871
208 872
208 874
209 242
209 274
209 414
209 498
209 533
209 607
209 926
209 927
209 928
210 392
210 702
210 791
210 828
210 919
210 926
211 241
211 324
211 484
211 653
211 892
211 940
211 941
212 305
212 563
213 264
213 418
213 652
213 654
213 743
213 924
214 287
214 796
214 810
215 378
215 440
215 476
215 775
215 836
215 839
215 944
216 221
216 667
217 319
217 957
217 981
218 489
218 587
219 379
219 384
219 496
219 516
219 626
219 699
219 806
219 942
219 982
220 240
220 304
220 779
220 857
221 518
221 824
221 910
222 242
222 324
222 373
222 407
222 496
222 832
223 269
223 423
223 590
224 904
224 984
225 603
225 761
225 784
225 793
226 398
226 968
227 546
227 594
227 598
228 280
228 322
228 382
228 953
229 472
229 833
230 556
230 634
230 783
230 960
231 303
231 397
231 824
232 878
232 951
233 389
233 631
233 706
233 782
235 352
235 964
236 257
236 274
236 834
237 292
237 887
238 260
238 524
238 898
239 274
239 542
240 747
241 375
241 379
242 430
242 972
243 740
243 874
244 310
244 474
244 895
244 921
245 320
245 690
245 718
246 290
246 312
246 486
246 636
247 263
247 319
248 266
248 348
248 461
248 509
248 905
248 946
250 432
250 923
251 329
251 382
251 788
252 264
252 473
252 531
252 631
252 738
252 765
253 393
253 834
255 439
255 451
255 460
256 604
256 890
256 956
257 685
258 934
258 943
259 268
259 269
259 274
259 280
259 282
259 283
259 285
259 287
259 290
259 291
259 292
259 293
259 295
259 296
259 298
260 508
260 540
260 583
260 596
260 597
260 667
260 674
261 320
261 453
261 471
261 482
261 518
261 714
261 724
261 731
261 732
262 290
262 372
262 498
262 599
262 651
262 683
262 747
262 748
262 750
263 305
263 518
263 617
263 657
263 714
263 762
263 763
263 766
264 482
264 842
265 440
265 490
265 491
265 513
265 759
265 782
265 846
265 849
265 850
265 853
266 283
266 521
266 754
266 774
266 861
266 900
266 907
267 274
267 399
267 640
267 790
267 931
268 302
268 309
268 382
268 468
268 478
268 517
268 764
268 803
268 882
269 333
269 418
269 664
269 748
269 978
270 305
270 589
270 607
270 872
271 589
271 795
271 850
272 387
272 504
272 681
272 835
272 984
273 295
273 469
273 829
274 312
274 444
274 653
274 661
274 739
274 762
274 776
274 981
274 985
276 489
276 970
277 403
277 501
278 292
278 574
278 713
279 494
279 846
279 931
280 310
280 480
280 509
280 868
280 932
281 798
281 949
281 992
282 285
282 519
282 613
282 614
282 737
282 764
282 794
282 838
282 857
282 891
282 993
283 304
283 343
283 347
283 524
283 968
283 994
284 642
284 881
284 968
285 585
285 598
286 372
286 549
287 519
287 653
287 704
287 960
287 992
288 490
290 418
290 431
290 650
291 315
291 682
291 769
293 337
293 394
293 414
293 594
293 935
295 815
295 940
296 300
296 477
296 703
296 814
298 375
298 398
298 414
298 999
300 305
300 320
300 334
300 339
300 409
300 499
300 687
300 737
300 738
300 739
300 740
300 741
300 742
300 745
301 359
301 402
301 490
301 754
302 555
302 715
302 790
302 822
303 339
303 549
303 763
303 837
303 839
304 364
304 511
304 591
304 657
304 742
304 841
305 310
305 315
305 357
305 432
305 480
305 517
305 547
305 572
305 583
305 597
305 607
305 704
305 733
305 736
305 754
305 779
305 810
305 837
305 855
305 878
305 879
305 880
305 881
306 690
306 783
308 565
308 597
309 720
309 859
309 864
309 890
310 335
310 908
311 444
311 557
311 796
311 858
312 375
312 418
312 480
312 493
312 528
312 675
312 679
312 888
312 917
313 370
313 677
313 788
313 790
313 932
313 933
314 474
314 542
314 944
315 319
315 432
315 470
316 617
316 674
316 716
316 720
316 951
317 319
317 329
317 471
317 535
318 574
318 709
318 829
318 890
319 436
319 517
319 541
319 966
320 358
320 368
320 735
320 840
320 855
321 324
321 513
321 829
321 951
322 374
322 480
322 777
324 359
324 668
324 979
325 445
325 490
325 687
326 732
326 858
327 437
327 464
327 486
327 516
327 534
327 648
328 390
328 795
328 842
328 876
329 489
329 593
329 611
329 799
329 862
329 911
331 641
331 732
332 479
332 596
332 642
332 792
333 897
334 591
334 688
334 761
334 972
335 526
335 700
336 584
336 603
336 726
337 428
337 670
337 800
337 877
338 488
338 521
338 763
339 731
339 744
340 381
340 874
340 956
342 487
342 942
342 985
343 351
343 776
343 790
343 863
346 354
346 373
346 390
346 531
346 651
346 744
346 748
346 947
346 960
347 413
347 987
348 378
348 667
348 913
349 778
350 508
350 596
351 422
351 728
351 817
352 741
353 449
353 590
353 879
353 888
353 909
354 391
354 550
355 609
355 831
357 480
358 440
359 389
359 551
360 680
360 702
361 430
361 545
363 806
363 809
363 927
364 736
364 787
364 801
366 670
366 686
366 808
368 421
368 550
369 771
370 563
370 763
370 778
370 780
371 405
371 492
371 643
371 837
372 478
372 503
372 625
372 712
372 728
372 799
372 906
372 920
373 383
373 476
373 489
373 491
373 653
373 737
373 778
373 782
373 925
374 453
374 544
374 607
375 398
375 446
375 501
375 559
375 563
375 853
375 942
375 963
375 964
376 853
376 867
376 876
376 965
377 402
377 954
377 975
378 649
378 773
378 944
378 946
378 970
379 452
379 789
379 796
380 445
380 487
380 540
381 721
381 782
382 517
382 763
382 779
382 796
382 857
382 860
382 914
382 980
382 986
383 435
383 448
383 461
383 608
385 489
386 589
386 594
386 833
386 949
387 430
387 855
388 663
388 689
388 880
388 979
388 983
389 894
389 968
390 411
390 428
390 477
390 824
392 401
392 602
392 665
392 896
393 398
393 575
393 891
393 953
394 414
394 443
394 445
394 559
394 662
394 835
395 435
396 768
396 798
397 822
398 733
400 449
400 733
400 875
400 933
401 599
401 667
401 752
401 765
402 555
402 948
403 484
404 872
405 755
405 761
405 764
405 843
406 786
407 629
407 897
408 445
408 775
409 874
409 972
410 521
410 645
410 697
412 499
412 754
413 743
416 689
416 958
417 587
417 653
417 859
418 504
418 833
418 864
418 886
418 887
419 429
419 933
421 501
421 983
422 875
422 895
422 963
422 983
423 482
423 928
424 510
424 566
424 713
425 491
425 515
426 521
427 594
427 699
427 700
427 702
428 488
428 589
428 594
428 601
428 747
429 504
429 642
429 839
429 899
429 900
429 901
430 489
430 494
430 549
430 640
430 876
431 915
432 437
432 460
432 480
432 517
432 557
432 643
432 666
432 745
432 916
433 487
433 837
434 454
434 620
434 892
434 926
435 629
435 715
435 953
436 521
436 774
436 899
436 941
437 499
437 596
437 759
437 814
438 871
439 446
439 702
439 781
439 956
440 537
440 777
441 681
441 895
442 620
442 762
442 886
442 919
443 490
443 496
443 685
443 781
443 993
444 806
444 975
445 538
445 631
445 829
445 906
445 950
445 966
446 480
446 529
446 548
446 658
446 941
447 555
447 833
447 842
447 984
447 990
448 464
448 608
448 902
448 918
449 650
449 997
450 583
450 650
450 853
451 491
451 567
451 768
451 861
452 550
452 682
453 549
453 652
453 771
453 905
454 583
455 680
455 905
455 958
456 778
456 926
459 733
459 789
459 933
460 505
460 918
461 915
461 928
462 712
462 730
463 601
463 978
464 918
469 782
469 815
469 933
470 481
470 806
471 640
472 602
472 711
473 521
473 738
474 476
474 589
477 507
477 599
477 641
477 690
477 709
478 634
478 739
478 741
478 754
478 772
479 637
479 875
480 518
480 603
480 643
480 738
480 778
480 822
480 899
480 902
480 904
480 905
481 687
481 800
481 902
481 908
482 775
483 834
484 566
484 725
484 929
487 522
488 646
490 493
490 568
490 585
491 628
491 682
491 892
492 530
492 584
492 647
492 843
493 498
495 509
495 523
495 573
495 939
496 629
497 800
499 654
499 672
499 735
500 572
500 591
500 721
501 706
501 710
501 989
502 589
503 826
504 725
506 518
506 836
506 871
506 925
507 679
507 841
508 668
508 921
508 930
508 952
510 588
510 852
510 899
510 995
512 727
512 877
514 529
514 698
515 707
515 906
515 947
517 637
517 709
517 867
518 538
518 680
518 726
518 914
519 918
520 555
520 583
520 715
520 768
521 626
521 734
521 752
521 765
521 799
521 814
521 900
521 903
522 892
522 967
523 951
524 694
524 739
524 927
525 595
525 791
526 794
526 938
528 589
528 796
528 927
531 700
531 722
531 896
531 984
532 574
533 891
534 657
535 943
536 731
536 775
536 780
536 863
538 680
539 574
540 690
540 834
541 557
541 583
541 818
542 549
543 687
543 722
543 825
544 678
546 574
546 958
547 604
547 644
547 819
549 678
549 686
549 816
550 741
550 774
550 789
550 871
551 874
551 954
553 761
553 894
554 595
554 639
554 784
555 713
555 801
555 989
556 601
556 655
557 590
557 711
557 860
557 937
557 999
558 595
558 858
559 857
560 709
560 965
560 998
561 740
561 956
563 681
563 964
565 609
565 736
565 967
566 801
567 777
567 816
567 871
568 990
570 640
570 720
570 763
572 587
572 737
573 772
574 678
574 842
574 966
574 981
574 982
575 750
575 856
575 992
578 665
578 837
582 718
582 856
583 648
583 707
583 718
583 853
584 759
584 950
585 680
585 790
585 886
587 614
587 618
587 804
587 966
588 640
589 962
590 603
590 610
590 822
590 834
591 667
591 963
593 812
595 676
595 987
596 617
596 808
596 959
596 974
597 760
597 913
597 927
599 747
599 824
599 930
599 936
600 774
600 937
600 954
601 655
601 777
602 685
602 905
604 742
604 752
604 820
604 824
605 663
605 941
606 937
608 640
609 735
609 933
610 715
611 697
611 920
613 637
613 953
613 965
614 795
616 743
616 967
617 877
620 675
620 762
621 744
621 988
621 996
622 694
623 634
625 653
627 886
627 940
628 713
635 967
635 978
636 768
637 736
637 740
637 777
637 988
638 681
638 944
639 666
640 730
640 977
642 661
643 844
644 932
645 844
646 846
650 815
653 811
653 958
654 979
654 997
655 656
655 751
655 854
656 814
657 876
657 999
658 731
659 689
659 778
661 985
662 719
663 697
664 783
665 762
665 835
667 942
667 995
668 796
669 772
669 967
671 890
671 902
672 975
674 975
675 781
675 970
676 861
676 983
677 733
678 842
678 904
678 990
679 991
680 920
681 882
681 955
682 745
682 881
683 755
683 806
683 820
686 863
687 818
687 891
687 945
688 960
688 995
689 899
693 931
693 944
694 821
695 923
695 978
697 834
698 928
699 704
699 857
699 947
700 871
703 908
704 881
705 901
706 784
707 881
707 991
709 733
709 990
710 965
712 714
712 856
712 980
713 851
714 894
714 969
715 821
716 774
716 804
717 718
717 978
720 830
722 725
722 825
723 902
724 736
724 971
725 762
725 875
726 950
726 958
727 800
728 776
728 846
728 886
728 919
728 923
730 789
730 963
733 747
733 878
735 775
735 835
735 923
736 878
737 859
738 882
739 793
740 796
740 885
741 856
743 886
745 993
747 809
747 817
747 946
748 761
748 996
749 923
750 788
752 923
754 966
756 828
760 923
761 831
761 902
766 781
772 977
775 965
776 804
777 782
777 846
777 871
777 938
777 956
778 855
778 877
780 793
780 819
780 828
780 910
781 821
781 875
782 989
783 945
785 967
786 799
788 864
788 948
790 879
790 987
792 998
794 841
796 971
798 835
800 844
802 880
803 956
805 833
805 901
805 902
806 985
810 845
810 850
811 900
812 976
815 894
815 983
826 946
829 890
830 968
831 962
835 943
836 925
837 851
838 880
838 964
839 867
839 907
839 933
843 904
844 876
844 890
845 950
846 847
847 987
850 934
852 927
854 975
856 928
856 940
862 872
863 887
867 885
869 878
869 950
871 883
879 898
882 997
882 998
886 959
891 907
891 940
893 907
893 937
893 980
894 969
894 998
895 911
895 938
896 920
899 993
901 976
902 963
907 935
909 980
911 925
911 944
913 934
915 976
917 991
927 995
939 983
944 957
945 964
947 978
954 955
954 967
962 963
972 976
978 984
983 985
984 998
