0 5
0 8
0 10
0 13
0 14
0 15
0 21
0 22
0 28
0 31
0 43
0 44
0 45
0 47
0 48
0 49
0 50
0 52
0 53
0 54
0 55
0 57
0 61
0 64
0 65
0 67
0 69
1 5
1 14
1 15
1 22
1 80
1 82
1 132
1 153
1 161
1 305
1 308
1 311
1 313
1 320
1 322
1 323
1 324
1 326
1 328
1 330
1 331
1 332
1 334
1 335
1 336
1 340
1 341
1 342
1 344
1 345
1 347
1 349
1 350
1 352
1 354
1 356
1 357
1 359
1 362
1 363
1 364
1 365
1 368
1 369
2 5
2 10
2 103
2 192
2 206
2 216
2 257
2 323
2 328
2 341
2 371
2 377
2 378
2 381
2 384
2 386
2 387
2 390
2 392
2 393
2 394
2 395
2 396
2 399
2 402
2 403
2 404
2 410
2 413
2 415
2 416
3 43
3 78
3 371
3 377
3 417
3 420
4 13
4 112
4 145
4 147
4 157
4 159
4 177
4 206
4 233
4 238
4 244
4 247
4 263
4 296
4 394
4 420
4 427
4 432
4 433
4 438
4 440
4 442
4 444
4 446
4 449
4 453
4 454
4 456
4 459
4 462
4 464
4 466
4 467
4 468
4 469
4 470
4 472
4 476
5 8
5 14
5 16
5 24
5 31
5 34
5 36
5 52
5 70
5 71
5 78
5 80
5 96
5 99
5 106
5 115
5 124
5 127
5 144
5 150
5 175
5 202
5 206
5 230
5 231
5 258
5 259
5 261
5 265
5 280
5 291
5 300
5 307
5 311
5 315
5 320
5 371
5 372
5 405
5 459
5 462
5 472
5 477
5 478
5 479
5 480
5 481
5 482
5 483
5 484
5 485
5 486
5 487
5 488
5 489
5 490
5 491
5 492
5 493
5 494
5 495
5 496
5 497
5 498
5 499
5 500
5 501
5 502
5 503
5 504
5 505
5 506
5 507
5 508
5 509
5 510
5 511
5 512
5 513
5 514
5 515
5 516
6 13
6 78
6 197
6 230
6 237
6 331
6 371
6 377
6 378
6 393
6 417
6 432
6 467
6 546
6 547
6 548
6 552
6 558
6 559
6 563
6 566
6 567
6 569
7 14
7 28
7 49
7 80
7 82
7 90
7 107
7 112
7 120
7 160
7 161
7 171
7 176
7 184
7 192
7 196
7 237
7 254
7 289
7 308
7 345
7 349
7 357
7 413
7 417
7 464
7 485
7 500
7 508
7 523
7 547
7 577
7 583
7 588
7 592
7 600
7 601
7 603
7 605
7 607
7 608
7 609
7 610
7 611
7 616
7 617
7 620
7 623
7 625
7 627
7 628
7 629
7 630
7 631
8 13
8 18
8 22
8 71
8 72
8 73
8 79
8 111
8 152
8 153
8 157
8 203
8 216
8 262
8 263
8 272
8 298
8 303
8 304
8 324
8 335
8 339
8 354
8 392
8 394
8 395
8 418
8 420
8 427
8 435
8 442
8 455
8 477
8 488
8 492
8 512
8 522
8 530
8 535
8 543
8 564
8 569
8 584
8 594
8 609
8 675
8 676
8 677
8 678
8 679
8 680
8 681
8 682
8 683
8 684
8 685
8 686
8 687
8 688
8 689
8 690
8 691
8 692
8 693
8 694
9 159
9 433
9 714
9 716
9 718
10 70
10 72
10 85
10 167
10 203
10 234
10 406
10 418
10 564
10 586
10 587
10 675
10 719
10 720
10 721
10 722
10 723
10 724
11 365
11 490
11 705
11 796
11 797
11 798
12 90
12 154
12 184
12 275
12 335
12 344
12 362
12 365
12 399
12 489
12 546
12 745
12 808
12 810
12 811
12 814
13 16
13 150
13 180
13 264
13 286
13 322
13 334
13 338
13 379
13 488
13 513
13 517
13 625
13 645
13 675
13 683
13 767
13 815
13 816
13 817
13 818
13 819
13 820
14 211
14 224
14 259
14 314
14 484
14 857
15 150
15 166
15 220
15 222
15 261
15 427
15 430
15 433
15 518
15 562
15 876
15 877
16 188
16 257
16 291
16 352
16 392
16 491
16 558
16 609
16 714
16 769
16 828
16 844
16 854
16 891
16 895
16 896
16 897
17 111
17 808
17 936
18 52
18 180
18 784
18 810
18 833
18 937
18 938
19 381
19 384
19 417
19 535
19 547
19 644
19 692
19 758
19 915
19 942
20 482
20 674
20 696
21 71
21 86
21 120
21 265
21 323
21 418
21 633
21 772
21 815
21 867
21 885
22 28
22 203
22 339
22 480
22 602
22 641
22 660
22 667
22 672
22 688
22 719
22 775
22 960
23 232
23 546
23 909
24 82
24 145
24 311
24 544
24 786
24 868
24 896
24 970
25 104
25 323
25 368
25 522
25 685
25 856
25 967
26 177
26 330
26 909
27 53
27 402
27 433
27 485
27 731
27 839
27 862
27 891
28 75
28 584
28 909
28 922
29 247
29 305
29 722
29 856
29 885
30 323
30 494
30 697
30 849
31 54
31 203
31 262
31 316
31 649
31 793
31 863
32 313
32 559
32 931
32 967
33 78
33 80
33 966
34 502
34 779
34 817
34 843
34 978
35 344
36 263
36 311
36 771
37 395
38 99
38 514
39 364
39 479
39 569
39 801
40 181
40 274
42 991
43 260
43 263
43 292
43 560
43 597
44 75
44 311
44 480
44 585
44 700
44 744
44 935
45 46
45 89
45 151
45 251
45 517
45 678
46 69
47 73
47 77
47 153
47 545
47 809
48 56
48 92
48 259
48 280
48 324
48 540
48 912
48 916
49 57
49 149
49 166
49 327
49 621
49 685
50 89
50 203
50 373
50 522
50 889
52 149
52 665
52 802
53 99
53 572
53 587
53 621
53 624
54 428
54 477
54 837
55 155
55 279
55 437
55 619
55 751
55 844
56 785
57 152
57 587
57 732
57 805
57 915
57 941
58 61
58 884
60 88
60 357
60 664
61 137
61 153
61 722
61 790
62 369
63 830
64 156
64 470
64 539
64 575
65 131
65 150
65 380
65 869
66 263
66 295
67 411
67 453
67 584
67 728
69 205
69 323
69 933
70 78
70 80
70 81
70 82
70 88
70 90
70 96
70 99
70 102
70 103
70 104
70 107
70 111
70 112
70 114
70 115
70 116
70 117
70 120
70 123
70 124
70 126
70 127
70 128
70 130
70 131
70 132
70 133
70 135
70 138
70 139
70 142
70 144
70 145
70 147
70 148
71 82
71 102
71 182
71 206
71 313
71 332
71 345
71 427
71 433
71 444
71 573
71 616
71 635
71 637
71 642
71 644
71 648
72 126
72 130
72 169
72 215
72 326
72 378
72 415
72 505
72 655
72 657
72 658
72 660
72 662
73 234
73 311
73 313
73 506
73 548
73 760
74 80
74 332
74 384
74 440
74 511
74 623
74 635
74 681
74 769
75 116
75 157
75 462
75 466
75 573
75 662
75 684
75 705
75 769
75 776
76 427
76 479
76 494
76 788
76 789
77 181
77 298
77 332
77 377
77 381
77 628
77 739
77 753
77 791
77 792
77 794
77 795
78 85
78 94
78 98
78 138
78 150
78 156
78 284
78 307
78 326
78 331
78 363
78 379
78 467
78 664
78 677
78 721
78 828
78 829
78 830
78 831
78 832
79 115
79 176
79 184
79 308
79 378
79 404
79 483
79 486
79 544
79 703
79 833
79 835
80 83
80 90
80 164
80 165
80 183
80 215
80 256
80 309
80 380
80 403
80 434
80 551
80 552
80 572
80 592
80 652
80 761
80 857
80 860
80 861
80 862
81 149
81 164
81 207
81 261
81 517
81 828
82 98
82 208
82 229
82 336
82 525
82 697
82 729
82 735
82 833
83 88
83 288
83 381
83 468
83 496
83 516
83 535
83 569
83 573
83 629
83 635
83 644
83 694
83 703
83 772
83 885
84 139
84 216
84 289
84 396
84 399
84 482
84 635
84 655
84 716
84 766
84 791
84 815
84 891
84 895
84 911
85 160
85 583
85 588
85 918
86 88
86 340
86 530
86 680
86 792
86 795
86 811
86 831
87 115
87 432
88 90
88 174
88 276
88 313
88 582
88 608
88 856
88 884
88 954
88 955
89 130
89 131
89 254
89 342
89 369
89 395
89 483
89 507
89 569
89 737
89 953
89 967
89 970
89 971
89 972
90 379
90 548
90 555
90 719
90 825
90 939
91 393
91 533
91 854
91 973
92 386
92 510
92 611
92 971
93 274
93 788
93 864
93 903
94 103
94 628
94 671
95 102
95 705
95 987
96 173
96 232
96 365
96 430
96 435
96 484
96 556
96 655
96 666
96 727
96 859
96 878
96 925
96 958
97 548
97 686
97 885
98 413
98 808
98 830
98 897
98 990
99 169
99 227
99 260
99 314
99 316
99 352
99 537
99 594
99 674
99 991
100 124
100 427
100 438
100 468
100 525
100 758
101 322
101 438
101 765
101 952
102 266
102 308
103 170
103 418
103 509
103 526
103 668
103 740
103 927
104 122
104 156
104 259
104 425
104 491
104 612
104 732
104 935
105 674
105 849
106 215
106 459
106 845
106 997
107 349
107 441
107 589
107 605
107 623
107 705
107 926
107 974
108 234
108 497
108 868
109 111
109 142
109 525
109 655
109 981
110 224
110 345
110 498
110 503
110 911
111 447
111 859
111 982
112 207
112 243
112 311
113 514
113 979
114 205
114 387
114 481
114 891
114 903
115 481
116 151
116 166
116 281
116 506
116 986
117 200
117 216
117 266
117 300
117 408
117 725
118 706
118 849
118 938
119 861
120 184
120 188
120 212
120 237
120 638
120 786
120 808
120 994
122 820
123 150
123 343
123 426
123 641
123 849
123 882
123 903
124 639
124 847
125 627
125 973
126 428
126 439
126 523
127 204
127 315
127 517
127 577
127 622
127 836
127 989
128 139
128 156
128 343
128 418
128 693
128 863
128 897
130 207
130 811
131 160
131 391
131 550
132 348
132 485
132 676
133 204
133 309
133 404
133 450
134 438
134 883
135 218
135 598
135 668
135 801
137 516
137 760
137 845
138 452
138 723
138 959
139 265
139 527
139 996
140 177
140 192
141 144
141 427
141 479
141 744
141 832
142 242
142 390
142 428
144 261
144 949
145 532
145 959
147 264
147 664
147 793
148 149
148 239
148 431
148 503
149 153
149 154
149 157
149 159
149 160
149 161
149 165
149 169
149 171
149 175
149 176
149 177
149 178
149 180
149 181
149 182
149 183
149 184
149 188
149 192
149 196
149 197
149 201
149 202
150 153
150 159
150 244
150 311
150 313
150 336
150 350
150 381
150 396
150 417
150 427
150 502
150 522
150 523
150 525
150 528
150 530
150 532
150 533
150 535
150 538
150 541
150 544
151 263
151 356
151 427
151 479
151 600
151 776
151 801
151 803
152 160
152 178
152 295
152 438
152 497
152 541
152 766
152 815
153 259
153 337
153 707
153 911
153 919
154 241
154 255
154 259
154 261
154 303
154 316
154 443
154 470
154 550
154 554
154 606
154 664
154 726
154 734
154 883
154 902
154 921
155 324
155 330
155 486
155 796
155 816
155 903
156 215
156 491
156 753
156 828
156 860
156 900
157 238
157 269
157 328
157 487
157 521
157 615
157 736
157 748
157 887
157 899
158 410
158 680
158 854
159 192
159 370
160 178
160 439
160 442
160 518
160 720
161 191
161 265
161 479
161 527
161 774
162 756
163 403
163 420
163 844
163 979
164 258
164 416
164 433
164 533
164 689
164 980
165 265
165 428
165 824
165 899
165 934
166 169
166 326
166 344
166 444
166 476
166 505
166 511
166 931
166 981
167 206
167 671
167 880
169 259
169 289
169 986
169 996
170 840
170 997
171 178
171 225
171 254
171 261
171 375
171 477
171 858
171 908
171 959
172 532
172 978
173 206
173 635
173 702
173 773
173 791
173 901
174 930
174 961
175 259
175 303
175 520
175 606
175 610
175 947
175 957
176 550
176 638
176 758
176 774
176 794
176 886
176 916
177 705
177 735
178 196
178 264
179 798
179 888
180 245
180 261
180 448
180 464
180 624
180 645
180 826
180 920
181 427
181 474
181 737
181 750
182 300
182 330
182 719
183 404
183 428
183 520
183 668
183 688
183 850
184 716
184 873
187 369
187 479
187 522
188 266
188 777
189 416
189 655
189 699
191 533
192 577
193 511
193 749
196 430
196 439
197 524
197 662
197 676
197 774
200 402
200 779
201 619
201 637
201 639
201 669
202 389
202 551
202 852
203 206
203 215
203 216
203 224
203 230
203 231
203 232
203 233
203 234
203 237
203 238
203 241
203 243
203 244
203 246
203 247
203 250
203 253
203 254
203 255
203 256
203 257
203 258
204 230
204 387
204 546
204 573
204 576
204 577
204 581
205 237
205 454
205 479
205 566
205 605
205 616
205 784
205 785
205 786
206 307
206 318
206 337
206 338
206 399
206 546
206 564
206 639
206 733
206 858
207 215
207 254
207 296
207 454
207 525
207 692
207 864
207 865
208 305
208 483
208 505
208 610
208 642
208 766
208 788
208 868
208 870
209 263
209 274
209 417
209 498
209 533
209 607
209 928
210 330
210 392
210 503
210 702
210 791
210 828
210 930
211 241
211 324
211 331
211 605
212 305
212 563
214 479
214 796
214 810
214 891
215 345
215 378
215 440
215 476
215 767
215 775
215 787
215 836
215 839
215 882
215 944
216 221
216 302
216 667
217 981
218 417
218 489
219 384
219 496
219 516
219 699
219 942
219 982
220 779
221 910
222 324
222 496
222 832
224 272
224 582
224 649
224 823
224 904
224 984
225 603
225 784
227 546
228 322
228 953
229 420
229 472
229 823
229 833
230 556
230 634
230 783
230 960
231 303
231 397
231 824
232 260
232 878
232 951
233 389
233 631
233 706
233 782
234 406
234 638
235 352
235 509
236 257
236 274
236 757
237 292
237 887
238 260
238 524
238 898
239 274
241 375
241 379
242 972
243 340
243 435
243 740
243 874
244 310
244 474
244 895
244 921
245 320
245 671
245 690
245 718
246 290
246 312
246 486
246 636
247 263
247 319
248 509
248 905
248 946
250 278
250 432
250 460
250 923
251 788
252 631
252 765
253 393
253 591
253 834
253 957
255 439
255 451
255 460
256 604
256 890
256 956
257 685
258 934
258 943
259 263
259 268
259 274
259 275
259 286
259 288
259 289
259 291
259 293
259 294
259 295
259 296
259 297
259 298
259 299
260 263
260 427
260 442
260 479
260 508
260 552
260 583
260 658
260 664
260 671
260 673
260 674
261 275
261 294
261 320
261 453
261 482
261 592
261 678
261 697
261 714
261 729
261 731
262 263
262 341
262 486
262 498
262 664
262 748
262 749
263 264
263 275
263 302
263 305
263 344
263 438
263 451
263 518
263 590
263 617
263 657
263 714
263 761
263 762
263 763
263 764
263 765
263 766
263 767
264 482
265 384
265 440
265 490
265 491
265 844
265 845
265 849
265 853
266 592
266 600
266 627
266 631
266 658
266 754
266 801
266 861
266 900
267 274
267 399
267 746
267 931
268 302
268 309
268 382
268 468
268 478
268 517
268 764
268 803
268 882
269 664
269 748
269 978
270 288
270 305
270 415
270 607
270 729
270 952
271 528
271 795
271 816
272 387
272 504
272 681
272 835
273 295
273 469
273 829
274 312
274 444
274 653
274 661
274 739
274 762
274 776
274 981
274 985
275 300
276 489
276 523
276 696
276 970
277 403
277 417
277 501
278 442
278 506
279 288
279 420
279 494
279 648
279 792
279 884
279 931
279 971
279 994
280 509
280 868
281 503
281 696
281 798
282 737
282 764
282 794
282 891
283 347
283 994
284 642
284 757
284 881
286 372
286 435
286 549
288 490
289 310
291 315
291 682
291 769
293 337
293 394
293 414
293 594
293 935
294 328
294 348
294 793
295 815
295 940
296 300
296 477
296 703
296 814
297 325
297 477
297 485
297 717
297 865
298 375
298 398
298 414
298 999
299 310
299 325
299 371
299 556
300 305
300 311
300 320
300 326
300 330
300 334
300 371
300 427
300 499
300 687
300 737
300 739
300 744
300 745
300 746
301 359
301 402
301 427
301 490
301 753
301 754
301 756
301 757
301 758
302 823
303 308
303 664
303 729
303 763
303 839
303 840
304 364
304 511
304 657
305 310
305 315
305 357
305 432
305 480
305 517
305 547
305 572
305 583
305 597
305 607
305 704
305 733
305 736
305 754
305 779
305 810
305 837
305 855
305 878
305 879
305 880
305 881
306 497
306 673
306 690
307 467
307 844
308 309
308 427
308 565
308 597
308 695
308 730
309 864
310 335
310 797
311 444
311 557
311 576
311 708
311 711
311 796
311 848
311 858
312 528
312 888
313 370
313 677
313 788
313 790
313 932
313 933
314 522
314 523
314 552
314 576
314 758
314 771
314 945
314 946
315 432
315 470
315 744
315 815
316 525
316 617
316 674
316 716
316 952
317 535
317 630
318 829
319 541
319 966
320 358
320 368
320 735
320 840
320 855
321 324
321 829
322 374
322 480
322 777
323 457
323 661
323 676
323 888
324 359
324 668
324 979
325 490
325 588
325 687
325 966
326 732
326 858
327 464
327 486
327 516
327 648
328 390
328 411
328 415
328 430
328 449
328 726
328 793
328 795
328 797
328 806
328 842
328 876
329 489
329 611
329 862
329 911
330 449
331 375
331 455
331 641
331 732
332 479
332 596
332 642
332 792
333 868
333 897
334 591
334 688
334 761
334 972
335 526
335 700
336 584
336 603
336 726
338 558
338 763
339 731
339 744
340 381
340 517
340 733
340 874
340 956
341 386
341 477
342 433
342 487
342 584
342 942
342 985
343 577
343 776
345 743
346 354
346 390
346 744
346 748
347 413
347 696
347 728
347 733
347 987
348 378
349 373
349 778
350 437
350 508
350 575
350 596
351 817
352 741
353 449
353 879
353 888
353 909
354 391
354 550
355 609
355 831
356 438
356 520
356 728
357 480
358 440
359 389
359 551
360 680
360 702
360 994
362 568
362 684
362 736
362 868
363 806
363 809
363 927
364 736
364 787
364 801
365 480
366 686
366 808
368 421
368 550
369 771
370 563
370 588
370 763
370 779
371 373
371 405
371 425
371 492
371 643
371 837
371 843
372 503
372 625
373 377
373 415
373 449
373 476
373 483
373 489
373 491
373 546
373 588
373 684
373 693
373 737
374 453
374 525
374 544
374 607
374 843
374 866
374 870
375 427
375 446
375 501
375 559
375 563
375 853
375 866
375 942
376 853
377 402
377 438
377 954
377 973
377 975
378 649
378 773
378 944
378 946
378 970
379 635
379 789
379 796
380 404
380 438
381 721
381 782
382 763
382 779
382 796
382 860
382 980
383 608
384 523
384 873
385 489
385 811
386 589
386 594
386 767
386 833
386 949
387 430
387 855
388 485
388 689
388 880
388 912
388 979
388 983
389 686
389 865
390 411
390 428
390 477
390 824
391 815
391 995
392 401
392 602
392 665
392 896
393 398
393 575
393 891
393 953
394 414
394 443
394 445
394 559
394 662
394 708
394 835
395 435
396 481
396 551
396 768
396 798
400 449
400 875
401 765
402 555
402 948
403 484
404 429
404 872
405 764
405 843
406 786
407 629
407 897
408 879
409 972
410 521
410 645
410 697
412 499
412 754
413 743
416 689
416 958
417 465
417 548
417 575
417 587
417 653
417 753
417 859
418 433
418 504
418 833
418 844
418 864
418 886
418 888
418 889
421 501
421 635
421 983
422 581
422 785
422 815
422 875
422 895
422 983
423 482
423 928
424 510
424 566
424 706
424 870
425 491
425 515
426 546
426 660
427 594
427 600
427 615
427 671
427 691
427 695
427 696
427 697
427 698
427 699
427 700
427 701
427 702
427 703
428 601
428 706
428 883
428 884
429 502
429 504
429 522
429 642
429 684
429 705
429 839
429 866
429 900
429 901
430 489
430 494
430 697
430 909
430 910
430 911
430 912
431 868
431 915
432 437
432 460
432 480
432 517
432 557
432 643
432 666
432 745
432 916
433 487
433 837
434 454
434 620
434 625
435 523
435 629
435 953
436 648
437 499
437 548
437 660
437 814
438 466
438 871
439 446
439 592
439 702
439 885
440 537
440 777
441 483
441 681
441 895
442 620
442 762
442 886
442 919
443 490
443 496
443 685
444 806
444 975
445 538
445 631
445 829
445 950
445 966
446 480
446 529
446 548
446 658
446 941
447 833
447 990
448 464
448 608
448 918
449 590
449 650
449 656
449 997
450 583
450 853
451 491
451 567
451 861
453 549
453 652
453 771
453 905
454 583
455 680
455 905
456 522
456 659
456 669
456 719
456 734
456 778
456 926
456 936
457 860
458 729
458 746
458 771
459 733
459 789
459 933
460 505
460 918
461 915
461 928
462 712
462 730
463 601
463 692
463 773
463 936
463 978
464 918
465 773
466 869
466 916
467 534
468 575
469 782
469 815
469 933
470 481
470 806
472 602
472 711
474 476
477 507
477 588
477 673
477 690
477 705
477 706
478 739
478 754
478 771
478 772
478 773
479 558
479 562
479 584
479 637
479 746
479 801
479 825
479 875
480 485
480 603
480 757
480 843
480 903
480 905
481 687
481 891
482 775
483 761
483 834
483 870
483 922
483 935
484 566
485 757
486 534
486 666
486 733
487 522
490 493
490 568
490 585
491 628
491 682
491 892
492 530
492 843
493 498
495 509
495 523
495 573
496 629
496 633
496 777
496 999
497 800
499 654
499 672
499 735
500 572
500 591
500 721
501 706
501 710
501 989
502 589
503 826
504 725
506 518
506 672
506 701
506 836
506 871
506 925
507 679
507 841
508 668
508 921
508 930
508 952
510 588
510 852
510 899
510 995
514 529
514 698
515 707
515 906
515 947
517 547
517 637
517 844
517 866
518 538
518 680
519 573
519 664
519 879
519 918
520 576
520 583
521 765
521 814
521 900
521 903
522 527
522 892
522 920
522 961
522 967
522 977
523 573
523 951
524 630
524 694
524 739
524 746
524 753
524 988
525 554
525 595
525 630
525 791
526 794
526 860
526 862
526 938
528 589
528 796
528 927
530 777
531 722
531 896
531 973
532 560
532 572
532 574
532 678
532 751
533 891
534 657
535 943
536 731
538 670
538 680
538 728
539 756
539 994
540 690
541 557
541 583
541 818
543 687
543 722
544 678
545 729
545 854
546 574
546 586
546 958
547 604
547 644
547 652
547 819
548 841
548 848
548 933
549 678
549 686
549 816
550 789
551 635
552 727
554 576
554 784
554 910
554 930
555 801
556 601
556 655
557 860
557 937
558 560
558 595
558 858
559 857
560 982
560 998
563 681
563 964
564 952
565 609
565 967
566 801
567 777
567 816
567 871
568 990
570 763
570 884
572 737
572 845
572 945
573 772
574 678
574 966
574 981
574 982
575 630
575 856
575 889
575 909
577 682
581 600
581 733
581 929
582 718
582 749
582 856
583 648
583 707
583 718
583 853
584 703
584 785
584 865
584 912
584 950
585 680
585 886
586 678
587 966
588 640
590 603
590 610
590 815
590 982
595 987
596 617
596 808
597 760
599 930
599 936
600 751
600 774
600 937
600 954
601 655
601 777
602 685
602 769
602 905
604 820
605 635
605 663
605 698
605 811
605 941
606 792
606 937
608 640
609 735
609 933
610 715
611 697
611 920
612 660
613 637
613 832
613 953
614 795
616 743
616 967
617 877
620 675
620 762
621 744
621 988
622 694
622 945
623 634
623 749
623 771
625 653
627 886
627 940
628 713
635 711
635 967
635 978
636 764
637 736
637 740
637 777
637 988
638 681
638 961
642 661
643 844
644 932
645 844
650 815
652 961
653 811
654 979
654 997
655 656
655 751
655 854
656 814
656 889
657 876
657 999
658 731
658 844
659 689
661 994
662 719
663 697
664 760
664 783
665 820
665 835
665 844
667 942
667 995
668 796
669 749
669 772
669 967
670 988
671 673
671 890
671 902
673 777
674 975
675 970
676 861
676 983
678 842
678 904
678 990
679 991
680 920
681 882
681 955
682 745
682 881
683 820
684 721
686 863
687 818
687 891
687 945
688 995
689 899
692 802
693 931
693 932
693 944
694 821
695 978
696 736
696 916
696 933
696 969
697 834
697 910
698 928
699 704
699 857
699 947
703 908
704 840
704 881
705 901
706 784
706 866
707 881
707 991
709 990
710 756
710 823
712 714
712 856
712 980
714 894
714 969
716 774
716 804
717 718
717 885
717 978
720 830
722 725
722 825
724 971
725 875
726 797
726 845
726 950
727 823
728 776
728 803
728 817
728 886
730 789
734 936
735 835
735 845
736 797
737 859
739 793
740 796
740 885
741 856
743 886
745 993
747 817
747 946
748 761
748 996
749 923
750 788
754 966
756 828
760 923
761 831
761 868
764 977
766 781
772 977
776 804
777 938
780 828
780 910
781 875
783 945
785 967
786 799
787 801
788 864
788 948
790 879
790 987
792 857
792 906
792 998
794 841
796 971
798 835
800 844
802 880
803 956
803 962
805 833
805 901
809 988
810 845
810 850
811 900
815 894
815 983
816 959
824 840
824 844
824 910
826 946
829 890
830 968
831 962
832 882
835 943
838 880
839 867
839 907
839 933
843 904
844 876
844 890
844 962
845 950
847 987
848 879
848 945
854 975
856 928
856 940
857 865
862 872
867 885
869 870
869 891
869 950
871 883
873 971
879 898
882 889
882 997
882 998
883 933
886 959
891 907
891 940
893 937
893 980
894 998
895 911
895 938
896 920
901 976
909 980
911 925
911 944
911 957
912 916
915 976
917 991
920 973
927 995
939 983
945 964
947 978
954 967
961 974
972 976
978 984
983 985
984 998
