0 14
0 15
0 21
0 28
0 33
0 36
0 38
0 39
0 43
0 45
0 47
0 49
0 51
0 52
0 53
0 55
0 56
0 60
0 61
0 62
0 65
0 66
0 67
0 68
0 69
1 14
1 15
1 39
1 80
1 82
1 132
1 161
1 221
1 228
1 235
1 267
1 307
1 308
1 309
1 312
1 315
1 321
1 322
1 323
1 324
1 326
1 327
1 332
1 333
1 334
1 335
1 339
1 342
1 344
1 348
1 349
1 350
1 351
1 352
1 353
1 354
1 357
1 358
1 359
1 360
1 361
1 363
1 367
1 369
2 121
2 162
2 192
2 216
2 257
2 323
2 377
2 379
2 383
2 384
2 385
2 391
2 396
2 399
2 403
2 406
2 407
2 408
2 410
2 411
2 412
2 414
3 43
3 223
3 377
3 417
3 426
4 62
4 75
4 87
4 145
4 147
4 157
4 159
4 177
4 198
4 218
4 238
4 247
4 263
4 264
4 321
4 348
4 351
4 438
4 443
4 446
4 448
4 451
4 452
4 453
4 460
4 462
4 463
4 465
4 467
4 469
4 471
4 473
4 474
4 476
5 14
5 36
5 52
5 80
5 127
5 144
5 280
5 307
5 315
5 462
5 481
5 482
5 487
5 490
5 491
5 495
5 496
5 497
5 498
5 500
5 502
5 503
5 504
5 505
5 506
5 507
5 508
5 510
5 511
5 512
5 513
5 514
5 516
6 218
6 309
6 377
6 383
6 385
6 417
6 451
6 467
6 549
6 553
6 557
6 559
6 562
6 566
6 568
6 569
6 571
7 14
7 28
7 33
7 49
7 73
7 75
7 80
7 82
7 90
7 120
7 161
7 192
7 193
7 196
7 264
7 267
7 308
7 327
7 349
7 357
7 360
7 383
7 407
7 417
7 463
7 500
7 508
7 577
7 585
7 586
7 588
7 589
7 590
7 592
7 593
7 601
7 603
7 605
7 606
7 607
7 610
7 611
7 612
7 613
7 614
7 615
7 616
7 617
7 622
7 623
7 625
7 627
7 628
7 629
7 630
7 632
7 634
8 73
8 157
8 216
8 263
8 272
8 324
8 335
8 339
8 354
8 512
8 543
8 569
8 675
8 679
8 681
8 683
8 684
8 685
8 686
8 687
8 689
8 690
8 691
8 694
9 159
9 585
9 589
9 714
9 717
10 406
10 586
10 675
10 720
10 723
10 724
11 272
11 451
11 490
11 705
11 796
11 797
11 799
12 38
12 90
12 275
12 335
12 344
12 399
12 426
12 520
12 727
12 747
12 805
12 806
12 807
12 808
12 812
13 180
13 264
13 286
13 322
13 334
13 379
13 513
13 625
13 645
13 675
13 683
13 767
13 815
13 816
13 817
13 819
13 820
14 211
14 224
14 259
14 314
14 484
14 857
15 150
15 166
15 220
15 222
15 261
15 427
15 430
15 433
15 518
15 562
15 876
15 877
16 188
16 257
16 352
16 412
16 448
16 481
16 491
16 553
16 714
16 769
16 828
16 854
16 892
16 893
16 896
17 808
17 936
18 52
18 180
18 312
18 465
18 833
18 893
18 938
19 108
19 384
19 417
19 644
19 742
19 908
19 942
20 267
20 482
20 736
20 947
21 71
21 86
21 120
21 265
21 323
21 418
21 633
21 772
21 815
21 867
21 885
22 28
22 339
22 641
24 82
24 145
24 406
24 443
24 868
24 896
25 104
25 283
25 323
25 443
25 685
25 750
25 967
26 62
26 177
26 929
27 53
27 731
27 752
28 75
28 584
28 909
28 922
29 247
29 819
30 323
30 542
30 849
31 649
32 559
32 931
32 932
32 967
33 78
33 80
33 220
33 480
33 719
33 966
34 502
34 817
35 264
35 344
36 263
36 311
36 771
36 825
38 99
38 480
38 481
38 514
38 742
38 898
39 76
39 168
39 364
39 479
39 569
39 801
40 87
40 181
40 264
40 309
42 708
42 991
43 260
43 263
43 292
43 560
43 597
44 75
44 585
44 700
44 935
45 46
45 89
45 151
45 251
45 517
45 678
46 69
47 73
47 77
47 153
47 545
47 809
48 56
48 280
48 324
48 912
48 916
49 57
49 149
49 166
49 327
49 621
49 685
50 889
51 83
51 87
51 425
51 455
52 149
52 665
52 802
53 99
53 572
53 587
53 621
53 624
55 155
55 279
55 437
55 619
55 751
55 844
56 73
56 203
56 325
56 647
56 785
57 732
57 805
57 941
58 61
58 589
58 606
59 212
59 353
60 88
60 174
60 357
60 664
60 919
61 137
61 153
61 722
61 790
62 369
62 669
62 805
63 66
63 562
63 830
65 131
65 150
65 380
65 869
66 263
66 295
66 824
67 411
67 453
67 584
67 728
68 266
68 351
68 595
68 777
69 205
69 323
69 933
70 73
70 75
70 80
70 81
70 82
70 87
70 90
70 97
70 102
70 104
70 108
70 114
70 117
70 120
70 121
70 123
70 127
70 128
70 129
70 131
70 132
70 133
70 134
70 136
70 139
70 141
70 142
70 143
70 144
70 145
70 146
70 147
70 148
71 73
71 82
71 102
71 235
71 267
71 332
71 553
71 573
71 616
71 635
71 637
71 640
71 641
71 642
71 644
71 645
71 648
71 649
71 650
72 242
72 272
72 284
72 326
72 411
72 505
72 549
72 653
72 656
72 657
72 659
72 662
72 663
73 92
73 155
73 234
73 300
73 304
73 311
73 313
73 374
73 406
73 506
73 517
73 539
73 548
73 549
73 586
73 759
73 760
74 80
74 213
74 312
74 327
74 332
74 384
74 511
74 623
74 635
74 681
74 704
74 769
75 84
75 87
75 116
75 149
75 150
75 157
75 209
75 361
75 448
75 462
75 466
75 481
75 521
75 573
75 662
75 684
75 705
75 727
75 769
75 774
75 775
75 776
76 495
76 695
76 789
77 181
77 321
77 332
77 377
77 526
77 562
77 628
77 753
77 767
77 790
77 791
77 792
77 794
77 795
78 284
78 307
78 326
78 363
78 379
78 467
78 828
78 829
78 830
78 831
79 272
79 292
79 308
79 353
79 590
79 747
79 833
79 834
79 835
80 83
80 90
80 164
80 165
80 183
80 215
80 256
80 309
80 380
80 403
80 434
80 551
80 552
80 572
80 592
80 652
80 761
80 857
80 860
80 861
80 862
81 149
81 164
81 207
81 261
81 517
81 828
82 98
82 208
82 229
82 336
82 525
82 697
82 729
82 735
82 833
83 288
83 315
83 496
83 516
83 569
83 573
83 622
83 629
83 635
83 644
83 683
83 694
83 704
83 778
84 97
84 139
84 216
84 396
84 399
84 471
84 482
84 615
84 635
84 766
84 791
84 815
84 911
84 913
85 223
85 588
86 209
86 385
86 663
86 738
86 792
86 795
86 826
86 831
87 106
87 115
87 198
87 199
87 211
87 432
87 917
88 90
88 276
89 131
89 342
89 358
89 369
89 507
89 513
89 569
89 724
89 737
89 759
89 807
89 913
89 967
90 379
90 548
90 555
90 719
90 825
90 939
91 533
91 854
91 974
92 460
92 510
92 611
93 656
93 864
94 628
94 671
94 951
95 102
95 553
95 695
95 705
95 761
95 812
95 987
96 727
96 878
96 925
96 958
97 164
97 316
97 548
97 686
97 885
97 974
98 808
98 830
98 989
98 990
99 352
99 537
99 991
100 438
100 525
100 585
101 322
101 438
101 765
101 952
102 266
102 308
103 526
103 927
104 122
104 156
104 259
104 425
104 491
104 612
104 732
104 935
105 452
105 536
105 849
106 845
106 997
107 349
107 589
107 605
107 623
107 705
107 926
107 974
108 234
108 388
108 497
108 584
108 708
108 868
108 919
109 142
109 525
109 568
109 812
110 498
110 503
110 826
110 911
110 925
111 982
113 514
113 979
114 205
114 387
114 481
114 891
114 903
115 481
116 151
116 506
117 200
117 216
117 266
117 300
117 408
117 725
118 136
118 481
118 849
118 893
118 938
120 184
120 188
120 212
120 237
120 638
120 786
120 808
120 994
121 140
121 259
121 430
121 761
122 820
122 935
123 150
123 343
123 426
123 641
123 849
123 882
123 903
125 240
125 627
125 679
125 822
127 204
127 315
127 517
127 577
127 622
127 836
127 989
128 139
128 156
128 343
128 418
128 693
128 863
128 897
129 166
129 536
129 726
129 922
131 160
131 391
131 550
132 348
132 485
132 676
133 204
133 309
133 404
133 450
134 421
134 438
134 480
134 871
134 883
135 218
135 801
136 152
136 752
136 824
137 361
137 516
137 640
137 760
137 845
138 452
138 723
139 265
139 527
139 996
140 177
140 192
141 144
141 151
141 427
141 479
141 744
141 832
142 242
142 390
142 428
143 436
143 478
143 561
143 736
144 261
144 949
145 532
145 959
146 204
146 300
146 425
146 802
147 264
147 664
147 793
148 149
148 239
148 431
148 503
149 151
149 157
149 159
149 161
149 162
149 165
149 177
149 178
149 179
149 180
149 181
149 183
149 188
149 192
149 193
149 196
149 198
149 199
149 200
149 201
150 159
150 162
150 285
150 348
150 350
150 391
150 396
150 411
150 417
150 481
150 495
150 502
150 518
150 520
150 525
150 526
150 527
150 532
150 533
150 536
150 537
150 538
150 541
150 542
150 543
151 260
151 263
151 356
151 418
151 427
151 479
151 537
151 600
151 776
151 800
151 801
151 802
151 803
151 804
152 178
152 198
152 312
152 438
152 497
152 541
152 634
152 720
152 766
152 815
152 826
153 911
153 919
154 241
154 443
154 606
154 883
154 921
155 245
155 324
155 796
155 816
156 491
156 586
156 753
156 828
156 948
157 238
157 269
157 328
157 487
157 521
157 615
157 736
157 748
157 887
157 899
158 410
158 854
159 192
159 370
160 178
160 518
160 720
161 191
161 265
161 479
161 527
161 774
162 261
162 304
162 756
163 309
163 403
163 979
164 526
164 533
164 585
164 614
164 689
164 980
165 265
165 428
165 824
165 899
165 934
166 326
166 344
166 407
166 476
166 505
166 511
166 878
166 931
167 473
167 671
167 880
167 932
168 887
169 996
170 787
170 840
170 997
171 178
171 858
171 908
172 532
172 537
173 562
173 635
173 659
173 702
173 791
174 930
174 961
175 520
175 606
175 610
175 947
176 774
176 794
176 886
176 916
177 705
177 735
178 196
178 264
179 260
179 264
179 281
179 531
179 575
179 798
179 888
179 992
180 245
180 261
180 448
180 464
180 624
180 645
180 826
180 920
181 427
181 474
181 737
181 750
183 404
183 428
183 520
183 668
183 688
183 850
184 873
185 199
185 819
186 213
186 527
186 924
187 369
187 755
188 266
188 777
191 533
192 577
193 391
193 511
193 519
193 574
193 749
194 992
195 487
195 941
196 430
196 439
197 662
197 774
198 638
199 306
199 728
200 402
200 521
200 779
201 619
201 637
201 639
201 669
203 209
203 212
203 213
203 214
203 216
203 218
203 221
203 223
203 228
203 235
203 238
203 240
203 241
203 242
203 245
203 246
203 247
203 250
203 251
203 253
203 256
203 257
204 213
204 572
204 573
204 576
204 577
204 579
204 581
205 214
205 512
205 520
205 566
205 572
205 605
205 616
205 645
205 787
206 307
206 399
206 858
207 212
207 309
207 525
207 632
207 805
207 864
207 865
208 264
208 505
208 610
208 642
208 738
208 761
208 766
208 855
208 868
208 873
209 242
209 262
209 263
209 274
209 276
209 414
209 417
209 498
209 533
209 536
209 585
209 607
209 675
209 873
209 926
209 927
209 928
210 503
210 593
210 702
210 736
210 791
210 805
210 828
210 919
210 926
210 929
210 930
211 241
211 324
211 605
211 653
211 892
211 935
211 941
212 305
212 429
212 430
212 563
213 264
213 418
213 652
213 654
213 743
213 924
214 287
214 300
214 479
214 777
214 796
214 809
214 810
214 891
215 476
215 767
215 787
215 882
215 944
216 221
216 302
216 667
218 278
218 417
218 489
218 587
218 614
218 917
219 379
219 384
219 496
219 516
219 806
219 942
219 982
220 240
220 857
221 518
221 824
221 910
222 242
222 324
222 407
222 496
223 269
223 423
223 590
224 272
224 649
224 823
224 984
225 603
225 761
228 280
228 322
228 382
228 953
229 823
229 833
230 634
232 878
232 951
234 406
235 314
235 352
235 481
235 509
235 964
236 257
236 590
236 615
236 757
236 834
237 292
237 887
238 260
238 524
238 898
239 542
240 747
240 857
240 993
241 375
241 379
242 430
242 972
244 474
244 921
245 320
245 671
245 690
245 718
246 290
246 312
246 486
246 636
247 263
247 319
248 348
248 905
249 520
249 920
249 929
250 278
250 432
250 460
250 923
251 329
251 382
251 788
252 264
252 473
252 738
252 765
253 393
253 591
253 834
253 957
255 451
255 460
256 604
256 890
256 956
257 685
259 263
259 264
259 267
259 272
259 275
259 276
259 280
259 283
259 284
259 285
259 286
259 288
259 292
259 294
260 263
260 284
260 307
260 508
260 527
260 612
260 671
260 673
261 275
261 294
261 453
261 471
261 482
261 518
261 568
261 592
261 714
261 724
261 727
261 729
261 731
261 732
262 263
262 473
262 498
262 632
262 683
262 695
262 747
262 749
262 750
262 751
263 264
263 275
263 302
263 305
263 344
263 438
263 451
263 518
263 590
263 617
263 657
263 714
263 761
263 762
263 763
263 764
263 765
263 766
263 767
264 482
264 545
264 561
264 752
264 842
265 384
265 490
265 491
265 513
265 755
265 759
265 845
265 849
265 850
265 851
266 283
266 592
266 627
266 754
266 774
266 801
266 906
267 274
267 399
267 524
267 534
267 545
267 640
267 735
267 746
267 790
267 805
267 931
268 309
268 764
268 803
268 882
269 333
270 288
270 589
270 607
270 729
270 952
271 589
271 795
271 816
271 850
272 387
272 504
272 561
272 579
272 590
272 681
272 799
272 835
272 984
273 321
273 469
273 585
273 613
273 829
274 312
274 653
274 762
275 300
276 489
276 523
276 696
276 970
277 403
277 417
278 292
278 506
279 288
279 321
279 648
279 792
279 931
279 994
280 310
280 480
280 509
280 868
280 932
281 367
281 503
281 992
281 996
282 285
282 613
282 614
282 737
282 764
282 794
282 857
283 304
283 343
283 347
283 524
283 968
283 994
284 642
284 728
284 757
284 881
284 968
285 585
285 598
286 372
286 435
286 549
287 653
287 704
287 992
288 490
290 650
291 315
291 769
293 414
293 935
294 328
294 348
294 793
295 815
297 717
297 865
298 414
300 326
300 334
300 339
300 520
300 687
300 736
300 737
300 738
300 742
300 746
301 359
301 490
301 606
301 752
301 753
301 754
301 755
301 756
301 757
302 321
302 585
302 790
302 822
302 823
303 308
303 339
303 549
303 729
303 763
303 806
303 840
304 511
304 657
304 742
305 315
305 357
305 572
305 607
305 704
305 736
305 754
305 855
305 878
305 880
305 881
306 497
306 673
306 690
307 467
307 591
307 844
307 882
308 309
308 427
308 565
308 597
308 695
308 730
309 570
309 720
309 859
309 864
309 890
310 335
310 797
310 882
310 908
311 557
311 576
311 708
311 796
311 858
312 375
312 418
312 480
312 493
312 528
312 675
312 679
312 888
312 917
313 790
313 932
314 474
314 542
314 576
314 761
314 944
315 319
315 358
315 432
315 470
315 735
315 744
315 815
316 525
316 617
316 720
316 951
316 952
317 471
317 612
317 630
318 709
318 717
318 829
319 541
319 966
320 358
320 840
320 855
321 324
321 481
321 513
321 632
321 829
321 921
321 951
322 374
322 480
322 777
323 457
323 661
323 676
323 888
324 359
324 668
324 979
325 490
325 588
325 687
325 966
326 732
326 858
327 437
327 464
327 486
327 516
327 534
327 648
328 411
328 795
328 797
328 806
328 842
329 593
329 611
329 799
329 911
331 641
331 732
332 479
332 596
332 642
332 792
333 480
333 725
333 868
333 897
334 591
334 688
334 761
334 972
335 526
335 700
336 603
338 763
338 804
339 731
339 744
342 433
342 487
342 584
342 942
342 985
343 351
343 577
343 790
346 354
346 947
347 987
348 378
348 465
348 667
348 913
349 373
349 778
350 437
350 508
350 575
350 596
351 422
351 728
351 817
352 741
353 449
353 590
353 879
353 888
353 909
354 391
354 550
355 831
355 851
356 438
356 520
357 480
358 440
359 389
359 551
360 680
360 702
360 933
360 994
361 430
361 545
362 568
362 684
362 736
362 868
363 806
363 809
363 927
364 736
364 787
364 801
366 686
366 808
367 575
367 593
367 922
369 771
370 588
370 763
370 778
370 780
372 503
372 625
372 799
372 906
372 920
373 377
373 383
373 476
373 491
373 588
373 653
373 684
373 737
373 778
373 857
373 924
373 925
374 453
374 525
374 607
374 656
374 802
375 446
375 559
375 752
375 942
375 964
376 867
376 965
377 402
377 438
377 954
377 973
377 975
378 649
378 944
379 388
379 435
379 452
379 550
379 635
379 636
379 649
379 789
379 796
380 438
380 487
380 727
382 763
382 796
382 857
382 980
383 435
383 448
383 461
383 608
384 523
384 873
385 407
385 477
385 489
385 811
386 589
386 767
386 833
387 855
388 663
388 689
388 691
388 880
388 912
388 979
388 983
389 579
389 686
389 805
389 865
390 411
391 550
391 735
391 815
391 995
392 896
394 414
394 443
394 559
394 662
394 708
394 835
396 481
396 551
396 768
396 798
397 590
397 822
401 752
401 765
402 948
403 484
405 755
405 761
405 764
406 786
407 629
407 897
408 445
408 775
408 879
410 521
410 645
410 697
412 499
412 654
412 754
416 689
416 958
417 465
417 548
417 575
417 587
417 653
417 753
417 859
418 504
418 585
418 622
418 632
418 679
418 833
418 864
418 882
418 886
418 887
418 889
421 635
421 983
422 581
422 585
422 701
422 815
422 983
423 482
423 928
424 510
424 566
424 806
425 491
425 906
426 521
426 546
426 660
427 615
427 671
427 691
427 695
427 700
427 701
427 702
428 520
428 589
428 601
428 747
428 802
428 883
429 502
429 504
429 642
429 684
429 705
430 549
430 640
430 723
430 911
430 912
431 857
431 868
432 460
432 557
432 916
433 487
434 625
434 892
434 926
435 629
436 648
436 774
436 805
436 941
437 460
437 759
438 466
438 871
439 446
439 592
439 702
439 806
440 537
441 681
441 929
442 762
442 886
442 919
443 490
443 496
443 685
443 781
443 993
444 806
444 975
445 538
445 829
445 906
445 950
445 966
446 480
446 529
446 548
446 658
446 941
447 833
447 842
447 893
447 984
447 990
448 461
448 464
448 608
448 902
448 914
448 918
448 999
449 590
449 650
449 656
449 997
450 650
451 491
451 567
451 768
451 851
451 861
452 550
452 682
453 549
453 652
453 771
453 905
455 905
455 924
455 958
456 659
456 778
456 926
456 936
457 802
458 729
458 746
459 789
460 505
460 624
460 761
460 918
461 593
461 704
461 928
462 712
462 730
463 601
463 691
463 692
463 736
463 773
463 936
463 978
465 734
465 773
466 916
467 534
469 782
469 815
469 933
470 481
470 806
471 640
473 521
473 738
474 476
474 589
477 507
477 588
477 641
477 673
477 679
477 690
477 704
477 705
477 708
477 709
478 634
478 754
479 562
479 637
479 746
479 801
480 481
480 518
480 603
480 738
480 757
480 778
480 822
480 905
481 687
481 800
481 807
481 855
481 891
481 893
481 902
481 908
482 775
483 761
483 834
483 935
484 566
484 929
485 757
487 522
490 493
490 568
490 585
491 628
491 682
491 892
493 498
495 509
495 523
495 573
495 939
496 629
496 633
496 777
496 999
497 800
500 572
500 591
500 721
501 989
502 589
503 826
504 725
506 518
506 672
506 701
506 836
506 871
506 925
507 679
507 841
508 668
508 921
508 930
508 952
510 588
510 852
510 899
510 995
512 727
512 877
514 529
514 698
515 906
515 947
517 637
517 704
517 709
517 857
517 867
518 538
518 680
518 726
518 914
519 573
519 921
519 935
520 555
520 576
520 583
520 715
520 768
520 825
521 752
521 765
521 799
522 527
522 892
522 920
522 961
522 967
523 573
523 951
524 571
524 630
524 679
524 691
524 694
524 746
524 753
524 927
524 988
525 554
525 595
525 630
525 791
526 585
526 726
526 794
526 860
526 862
526 938
527 647
527 726
528 589
528 796
528 927
531 700
531 896
531 920
531 974
531 984
532 560
532 572
532 574
532 678
532 751
533 891
534 657
536 731
536 775
536 780
536 863
538 670
538 680
538 728
539 756
539 994
540 690
540 834
541 557
541 583
541 818
542 549
543 687
543 722
543 825
545 729
545 854
546 586
546 958
547 644
547 819
549 678
549 686
549 816
550 774
550 789
551 635
551 855
551 873
552 727
553 761
553 894
554 576
554 930
554 948
555 801
555 989
556 601
556 932
557 590
557 711
557 860
557 937
557 999
558 858
559 857
560 590
560 709
560 965
560 982
563 681
563 964
564 952
565 736
565 967
566 801
567 816
568 990
570 640
570 720
570 763
571 572
571 624
571 777
572 584
572 587
572 654
572 737
572 845
572 945
573 772
574 842
574 966
574 982
575 630
575 736
575 750
575 855
575 889
575 992
577 682
579 582
579 710
581 600
581 733
581 929
582 749
582 855
583 648
584 593
584 759
584 865
584 912
584 950
585 680
585 790
585 886
585 934
586 678
587 614
587 804
587 966
588 640
589 962
590 603
590 610
590 698
590 815
590 822
590 834
590 929
590 982
593 669
593 812
593 857
593 976
595 987
596 617
596 808
596 974
597 760
597 913
597 927
598 727
599 747
599 930
599 936
600 751
600 774
601 655
601 777
602 685
602 769
602 905
604 742
604 752
604 820
605 635
605 663
605 698
605 811
605 941
606 792
606 937
608 640
610 715
611 697
611 920
612 660
612 917
613 637
613 676
613 832
613 953
613 965
614 795
616 743
616 967
617 877
620 675
620 762
621 988
621 996
622 694
622 945
623 634
623 749
623 771
625 653
627 886
627 940
628 713
633 799
635 711
635 967
635 978
636 764
637 736
637 740
637 777
637 988
638 681
638 944
638 961
640 730
640 977
642 661
644 932
645 844
650 815
652 723
652 961
653 811
653 958
654 979
654 997
655 656
655 751
655 854
656 814
656 889
657 876
657 999
658 731
659 689
659 725
659 778
661 994
662 719
663 697
664 760
665 762
665 820
665 835
667 942
668 796
669 749
669 967
670 920
670 988
671 673
671 890
671 902
672 893
672 975
673 777
674 975
675 781
675 934
675 970
676 924
676 983
678 842
678 990
679 991
680 920
681 882
681 955
682 881
683 755
683 806
683 820
684 721
686 863
687 818
687 891
687 945
689 899
692 802
693 931
693 932
693 944
694 821
695 923
695 978
696 736
696 916
697 834
698 928
699 704
699 857
699 947
700 871
701 735
701 943
703 908
704 840
704 881
704 943
705 901
707 881
707 991
709 733
709 990
710 756
710 806
710 823
710 965
712 714
712 980
713 851
714 894
714 969
716 774
716 804
717 718
717 727
717 885
717 978
720 830
723 807
723 902
724 736
724 971
725 762
726 797
726 845
726 950
726 958
727 800
727 823
727 948
727 976
728 803
728 817
728 886
728 919
730 789
733 747
733 878
734 936
735 807
735 835
735 845
736 797
736 878
736 916
737 859
738 882
740 796
743 755
743 886
747 809
747 817
747 946
748 761
748 996
749 923
750 788
752 923
754 966
756 828
760 923
761 831
761 868
761 902
761 917
764 977
766 781
775 965
776 804
777 938
778 855
778 877
780 793
780 819
780 828
780 910
782 989
785 967
786 799
787 801
788 864
788 948
790 879
790 987
792 857
792 906
792 998
794 841
796 971
798 835
802 880
803 956
803 962
805 833
805 901
805 902
806 985
807 877
809 988
810 845
810 850
812 976
815 894
815 983
816 959
824 840
826 946
829 890
830 968
831 962
832 882
835 943
836 925
837 851
838 880
838 964
839 867
845 950
847 987
850 934
852 927
854 975
856 928
857 865
857 947
863 887
867 885
869 878
869 950
871 883
873 971
882 889
882 997
882 998
883 933
886 959
893 907
893 937
893 980
895 911
895 938
896 920
907 935
909 980
911 925
911 944
911 957
912 916
913 934
916 969
917 991
920 973
927 995
929 955
935 993
939 983
944 957
945 964
947 978
948 976
954 967
961 974
978 984
983 985
984 998
