0 3
0 10
0 37
0 42
0 47
0 48
1 3
1 70
1 77
1 82
1 105
1 132
2 3
2 10
2 70
2 74
2 95
2 381
3 26
3 27
3 43
3 70
3 78
3 125
3 174
3 223
3 239
3 259
3 279
3 371
3 377
3 417
3 418
3 419
3 420
3 421
3 422
3 423
3 424
3 425
3 426
4 77
4 87
4 112
4 145
4 147
4 172
4 460
5 70
5 96
5 99
5 124
5 127
5 144
5 505
6 77
6 92
6 140
7 70
7 74
7 77
7 79
7 82
7 107
7 112
7 120
7 596
7 611
7 633
8 79
8 111
8 298
9 74
9 122
10 70
10 72
10 85
10 167
10 203
10 234
10 406
10 418
10 564
10 586
10 587
10 675
10 719
10 720
10 721
10 722
10 723
10 724
12 42
12 76
13 767
16 95
17 76
17 111
19 105
19 108
19 381
21 120
21 633
24 82
24 145
37 70
37 106
37 278
37 395
37 480
38 99
39 76
40 87
40 181
42 70
42 325
42 556
42 708
42 940
42 991
47 73
47 77
47 153
47 545
47 809
48 56
48 92
48 259
48 280
48 324
48 540
48 912
48 916
51 87
53 99
60 88
61 137
65 131
70 71
70 72
70 73
70 74
70 75
70 76
70 77
70 78
70 79
70 80
70 81
70 82
70 83
70 84
70 85
70 86
70 87
70 88
70 89
70 90
70 91
70 92
70 93
70 94
70 95
70 96
70 97
70 98
70 99
70 100
70 101
70 102
70 103
70 104
70 105
70 106
70 107
70 108
70 109
70 110
70 111
70 112
70 113
70 114
70 115
70 116
70 117
70 118
70 119
70 120
70 121
70 122
70 123
70 124
70 125
70 126
70 127
70 128
70 129
70 130
70 131
70 132
70 133
70 134
70 135
70 136
70 137
70 138
70 139
70 140
70 141
70 142
70 143
70 144
70 145
70 146
70 147
70 148
71 74
71 82
71 94
72 126
72 130
72 172
72 271
72 505
73 92
74 80
74 84
74 93
74 110
74 170
74 205
74 213
74 310
74 312
74 327
74 332
74 384
74 440
74 511
74 521
74 623
74 635
74 676
74 681
74 704
74 768
74 769
74 770
75 87
75 116
76 83
76 187
76 203
76 207
76 261
76 300
76 427
76 479
76 494
76 495
76 584
76 651
76 676
76 695
76 788
76 789
77 83
77 91
77 172
77 181
77 271
77 298
77 321
77 332
77 377
77 381
77 480
77 526
77 562
77 596
77 628
77 633
77 739
77 753
77 767
77 790
77 791
77 792
77 793
77 794
77 795
78 94
78 138
79 115
79 149
79 150
79 176
79 184
79 272
79 292
79 308
79 353
79 378
79 404
79 483
79 486
79 544
79 590
79 621
79 703
79 747
79 833
79 834
79 835
79 836
81 149
81 164
81 207
81 261
81 517
81 828
82 98
82 208
82 229
82 336
82 525
82 697
82 729
82 735
82 833
83 88
83 381
84 97
84 105
84 271
84 791
86 88
86 792
87 106
87 115
87 198
87 199
87 211
87 432
87 917
88 90
88 174
88 276
88 313
88 582
88 608
88 856
88 884
88 954
88 955
89 130
89 131
92 155
92 373
92 386
92 460
92 510
92 611
92 667
92 962
92 971
94 103
94 150
94 376
94 628
94 671
94 904
94 951
95 102
95 109
95 553
95 695
95 705
95 761
95 812
95 824
95 838
95 848
95 863
95 987
96 173
96 232
96 365
96 430
96 435
96 484
96 556
96 655
96 666
96 727
96 859
96 878
96 925
96 958
97 164
97 316
97 548
97 686
97 885
97 974
99 169
99 227
99 260
99 314
99 316
99 352
99 537
99 594
99 674
99 991
100 124
101 203
101 322
101 434
101 438
101 682
101 765
101 952
103 526
104 122
105 125
105 428
105 452
105 536
105 674
105 849
107 349
107 441
107 589
107 605
107 623
107 705
107 926
107 974
108 234
108 388
108 497
108 584
108 708
108 868
108 919
109 111
109 142
111 447
111 859
111 982
112 207
112 243
112 311
113 119
113 261
113 514
113 574
113 733
113 775
113 979
114 205
114 387
114 481
114 891
114 903
116 151
116 166
116 281
116 506
116 986
117 200
117 216
117 266
117 300
117 408
117 725
118 136
120 184
120 188
120 212
120 237
120 638
120 786
120 808
120 994
121 140
122 203
122 820
122 935
123 150
123 343
123 426
123 641
123 849
123 882
123 903
124 639
124 847
126 428
126 439
126 523
127 204
127 315
127 517
127 577
127 622
127 836
127 989
128 139
128 156
128 343
128 418
128 693
128 863
128 897
129 166
129 536
129 726
129 922
130 207
130 811
131 160
131 391
131 550
132 348
132 485
132 676
133 204
133 309
133 404
133 450
134 421
134 438
134 480
134 871
134 883
135 218
135 598
135 668
135 801
136 152
136 752
136 824
137 361
137 516
137 575
137 640
137 760
137 845
138 452
138 723
138 959
140 177
140 192
141 144
142 242
142 390
142 428
143 436
143 478
143 561
143 736
144 261
144 949
145 532
145 959
146 204
146 300
146 425
146 802
147 264
147 664
147 793
148 149
148 239
148 431
148 503
149 172
149 181
150 381
150 526
156 753
164 526
166 505
172 434
172 532
172 537
172 978
173 791
181 427
181 474
181 737
181 750
208 505
210 791
215 767
250 460
255 460
259 271
259 298
260 271
260 596
263 767
271 528
271 589
271 636
271 712
271 795
271 816
271 850
274 739
279 792
298 375
298 398
298 414
298 999
300 739
301 753
329 611
332 596
332 792
335 526
340 381
350 596
381 721
381 782
386 767
417 753
432 460
437 460
437 596
460 505
460 624
460 761
460 918
478 739
496 633
524 739
524 753
525 791
526 585
526 726
526 794
526 860
526 862
526 938
596 617
596 808
596 959
596 974
606 792
611 697
611 920
633 799
739 793
792 857
792 906
792 998
