0 29
0 57
1 300
1 305
1 306
1 310
1 311
1 312
1 315
1 318
1 324
1 326
1 334
1 339
1 357
2 300
2 318
2 371
2 409
3 371
4 29
4 198
4 296
4 438
4 445
5 300
5 311
5 315
5 371
5 484
5 486
5 494
5 499
6 152
6 306
6 310
6 371
6 484
6 529
6 547
7 152
7 300
7 357
7 409
7 547
7 597
7 607
7 619
7 634
8 152
8 324
8 339
8 687
10 85
10 720
12 76
12 275
12 310
12 409
12 520
12 745
13 334
13 816
14 484
17 76
17 318
18 312
19 29
19 547
19 742
22 339
24 311
26 155
29 149
29 195
29 247
29 305
29 722
29 819
29 856
29 885
30 494
34 779
36 311
38 742
39 76
43 597
44 311
48 324
49 57
55 155
55 619
57 152
57 587
57 732
57 805
57 915
57 941
59 212
60 357
66 295
67 728
70 76
70 85
70 117
70 136
70 146
71 182
72 326
73 155
73 300
73 311
74 310
74 312
74 704
76 83
76 187
76 203
76 207
76 261
76 300
76 427
76 479
76 494
76 495
76 584
76 651
76 676
76 695
76 788
76 789
77 739
78 85
78 326
79 486
83 315
83 704
84 597
84 766
85 160
85 223
85 260
85 300
85 583
85 588
85 665
85 688
85 918
86 738
86 826
87 198
89 737
92 155
95 695
96 484
96 878
100 438
101 438
103 740
110 826
112 311
117 200
117 216
117 266
117 300
117 408
117 725
118 136
119 734
120 212
127 315
134 438
136 152
136 752
136 824
146 204
146 300
146 425
146 802
149 152
149 155
149 178
149 182
149 198
150 226
150 306
150 311
150 520
150 529
150 541
152 155
152 160
152 178
152 198
152 226
152 259
152 295
152 312
152 375
152 438
152 445
152 484
152 497
152 529
152 541
152 634
152 720
152 726
152 728
152 766
152 815
152 824
152 825
152 826
152 827
154 734
155 245
155 260
155 300
155 318
155 324
155 330
155 486
155 619
155 796
155 816
155 825
155 903
155 922
155 923
156 741
160 178
160 720
166 326
166 878
167 880
168 619
168 728
170 310
171 178
175 520
178 196
178 264
180 245
180 826
181 737
182 300
182 330
182 719
183 520
185 306
198 638
199 306
199 728
200 779
201 619
203 212
203 214
203 226
203 245
205 214
205 520
206 318
207 212
207 296
208 305
208 738
208 766
208 855
209 607
211 324
211 484
212 305
212 429
212 430
212 563
213 743
214 287
214 300
214 479
214 777
214 796
214 809
214 810
214 891
220 779
222 324
226 398
226 602
226 725
226 968
230 634
232 878
243 740
244 310
245 320
245 671
245 690
245 718
246 312
246 486
249 520
252 738
259 275
259 295
259 296
260 597
261 275
261 728
262 486
262 695
263 275
263 305
263 438
263 766
265 827
266 754
267 746
270 305
270 607
271 816
273 295
274 312
274 739
275 300
279 494
279 728
280 310
282 737
284 728
287 704
289 310
291 315
295 815
295 940
296 300
296 477
296 703
296 814
299 310
299 371
300 305
300 306
300 311
300 320
300 326
300 330
300 334
300 339
300 371
300 409
300 427
300 478
300 499
300 520
300 654
300 687
300 725
300 733
300 734
300 735
300 736
300 737
300 738
300 739
300 740
300 741
300 742
300 743
300 744
300 745
300 746
301 754
303 339
304 742
305 310
305 315
305 357
305 432
305 480
305 517
305 547
305 572
305 583
305 597
305 607
305 704
305 733
305 736
305 754
305 779
305 810
305 837
305 855
305 878
305 879
305 880
305 881
306 423
306 478
306 497
306 673
306 690
306 783
308 597
308 695
309 720
310 335
310 376
310 726
310 797
310 882
310 908
311 444
311 557
311 576
311 708
311 711
311 796
311 848
311 858
312 375
312 418
312 480
312 493
312 528
312 675
312 679
312 888
312 917
315 319
315 358
315 432
315 470
315 735
315 744
315 815
316 720
318 475
318 574
318 709
318 717
318 829
318 890
319 541
320 855
321 324
324 359
324 668
324 979
325 445
325 687
326 732
326 858
327 486
334 591
334 688
334 761
334 972
339 731
339 744
343 619
345 743
347 728
351 728
352 741
353 879
356 438
356 520
356 728
357 480
370 779
371 373
371 405
371 425
371 492
371 643
371 837
371 843
372 728
373 734
373 737
374 607
377 438
380 438
380 445
382 779
387 855
388 880
394 445
403 484
408 445
408 879
409 874
409 972
412 499
412 754
413 743
422 827
425 827
427 695
428 520
430 494
432 745
437 499
438 466
438 871
445 538
445 631
445 829
445 906
445 950
445 966
446 529
456 734
458 746
461 704
465 734
473 738
477 704
478 634
478 739
478 741
478 754
479 746
480 738
481 687
481 855
484 566
484 725
484 929
486 534
486 666
486 733
499 654
499 672
499 735
503 826
514 529
517 547
517 704
519 734
519 879
520 555
520 576
520 583
520 715
520 768
520 825
521 734
524 739
524 746
529 539
529 580
529 824
538 728
541 557
541 583
541 818
543 687
547 604
547 644
547 652
547 819
549 816
550 741
551 855
561 740
567 816
570 720
572 737
575 855
582 855
597 760
597 913
597 927
604 742
616 743
623 634
637 740
647 728
682 745
687 818
687 891
687 945
695 923
695 978
699 704
704 840
704 881
704 943
720 830
728 730
728 776
728 803
728 817
728 846
728 886
728 919
728 923
733 878
734 936
736 878
737 859
738 882
739 793
740 796
740 885
741 856
743 755
743 886
745 993
754 966
766 781
778 855
790 879
802 880
816 959
826 946
827 943
838 880
848 879
869 878
879 898
