0 1
0 2
0 3
0 4
0 5
0 6
0 7
0 8
0 9
0 10
0 11
0 12
0 13
0 14
0 15
0 16
0 17
0 18
0 19
0 20
0 21
0 22
0 23
0 24
0 25
0 26
0 27
0 28
0 29
0 30
0 31
0 32
0 33
0 34
0 35
0 36
0 37
0 38
0 39
0 40
0 41
0 42
0 43
0 44
0 45
0 46
0 47
0 48
0 49
0 50
0 51
0 52
0 53
0 54
0 55
0 56
0 57
0 58
0 59
0 60
0 61
0 62
0 63
0 64
0 65
0 66
0 67
0 68
0 69
1 11
1 14
1 15
1 19
1 22
1 23
1 26
1 39
1 105
1 302
1 322
1 334
1 338
2 10
2 20
2 32
2 379
2 389
3 26
3 43
4 13
4 59
4 451
4 472
5 14
5 24
5 31
5 36
5 52
5 472
5 513
6 13
6 451
7 14
7 23
7 30
7 33
7 302
7 602
7 625
8 13
8 22
8 685
9 11
10 70
10 72
10 85
10 167
10 203
10 234
10 406
10 418
10 564
10 586
10 587
10 675
10 719
10 720
10 721
10 722
10 723
10 724
11 203
11 259
11 265
11 272
11 277
11 282
11 302
11 365
11 429
11 451
11 490
11 524
11 705
11 710
11 796
11 797
11 798
11 799
12 35
12 38
12 42
13 16
13 150
13 180
13 264
13 286
13 322
13 334
13 338
13 379
13 488
13 513
13 517
13 625
13 645
13 675
13 683
13 767
13 815
13 816
13 817
13 818
13 819
13 820
14 211
14 224
14 259
14 314
14 484
14 857
15 150
15 166
15 220
15 222
15 261
15 427
15 430
15 433
15 518
15 562
15 876
15 877
16 19
16 769
17 76
17 83
17 111
17 318
17 418
17 429
17 441
17 808
17 936
18 32
18 52
18 180
18 939
19 29
19 105
19 108
19 304
19 381
19 384
19 389
19 417
19 535
19 547
19 644
19 692
19 707
19 742
19 758
19 908
19 915
19 942
20 210
20 261
20 267
20 482
20 587
20 674
20 696
20 736
20 947
21 71
21 86
21 120
21 265
21 323
21 418
21 633
21 772
21 815
21 867
21 885
22 28
22 203
22 339
22 480
22 602
22 641
22 660
22 667
22 672
22 688
22 719
22 775
22 960
23 207
23 232
23 546
23 818
23 909
24 82
24 145
24 311
24 406
24 443
24 477
24 544
24 786
24 868
24 896
24 970
25 35
25 685
26 62
26 72
26 155
26 177
26 330
26 909
26 929
27 53
29 819
30 265
30 323
30 429
30 494
30 542
30 582
30 697
30 849
31 54
31 203
31 262
31 316
31 649
31 793
31 863
32 313
32 418
32 559
32 931
32 932
32 967
33 78
33 80
33 220
33 480
33 719
33 966
34 602
34 817
35 264
35 344
35 477
36 263
36 311
36 771
36 825
37 70
37 106
37 278
37 395
37 480
38 99
38 480
38 481
38 514
38 742
38 898
39 76
39 168
39 364
39 479
39 569
39 801
40 87
40 181
40 264
40 274
40 309
41 208
41 217
41 429
41 824
41 874
42 70
42 325
42 556
42 708
42 940
42 991
43 260
43 263
43 292
43 560
43 597
44 75
44 311
44 480
44 585
44 700
44 744
44 935
45 46
45 89
45 151
45 251
45 517
45 678
46 69
47 73
47 77
47 153
47 545
47 809
48 56
48 92
48 259
48 280
48 324
48 540
48 912
48 916
49 57
49 685
50 89
50 203
50 373
50 522
50 889
51 83
51 87
51 425
51 455
52 149
52 665
52 802
53 99
53 572
53 587
53 621
53 624
55 155
55 279
55 437
55 619
55 751
55 844
57 152
57 587
57 732
57 805
57 915
57 941
58 61
59 71
59 212
59 353
60 88
60 174
60 357
60 664
60 919
61 137
61 153
61 722
61 790
63 66
63 109
63 303
63 375
63 562
63 830
64 156
64 470
64 539
64 575
65 131
65 150
65 380
65 869
67 411
67 453
67 584
67 728
68 266
68 351
68 595
68 777
69 205
69 323
69 933
70 105
70 108
74 769
75 769
77 767
78 379
84 105
89 513
90 379
90 939
92 667
101 322
105 125
105 428
105 452
105 536
105 674
105 849
108 234
108 388
108 497
108 584
108 708
108 868
108 919
122 820
149 180
150 226
152 226
155 816
171 908
180 245
180 261
180 448
180 464
180 624
180 645
180 826
180 920
185 819
189 602
202 389
203 226
206 338
207 389
215 767
216 302
216 667
219 379
226 398
226 602
226 725
226 968
228 322
229 472
233 389
241 379
255 451
257 685
259 282
259 286
260 667
262 302
263 302
263 451
263 767
265 513
268 302
271 816
273 302
282 285
282 519
282 613
282 614
282 737
282 764
282 794
282 838
282 857
282 891
282 993
286 372
286 435
286 549
291 769
300 334
302 321
302 555
302 585
302 715
302 790
302 813
302 821
302 822
302 823
310 908
321 513
322 374
322 480
322 777
334 591
334 688
334 761
334 972
338 488
338 521
338 558
338 763
338 804
348 667
351 817
359 389
372 625
379 388
379 435
379 452
379 550
379 635
379 636
379 649
379 789
379 796
386 767
389 579
389 686
389 710
389 805
389 813
389 865
389 894
389 968
392 602
401 667
434 625
443 685
451 491
451 567
451 768
451 851
451 861
472 602
472 711
481 908
495 939
547 819
549 816
567 816
591 667
602 685
602 769
602 905
602 939
604 820
625 653
665 820
667 942
667 995
683 820
703 908
728 817
747 817
780 819
816 959
939 983
