0 1
0 2
0 3
0 4
0 5
0 6
0 7
0 8
0 9
0 10
0 11
0 12
0 13
0 14
0 15
0 16
0 17
0 18
0 19
0 20
0 21
0 22
0 23
0 24
0 25
0 26
0 27
0 28
0 29
0 30
0 31
0 32
0 33
0 34
0 35
0 36
0 37
0 38
0 39
0 40
0 41
0 42
0 43
0 44
0 45
0 46
0 47
0 48
0 49
0 50
0 51
0 52
0 53
0 54
0 55
0 56
0 57
0 58
0 59
0 60
0 61
0 62
0 63
0 64
0 65
0 66
0 67
0 68
0 69
1 7
1 267
1 301
1 302
1 307
1 312
1 327
1 345
1 349
1 360
2 301
2 370
2 374
2 392
2 407
2 409
3 417
4 75
4 198
4 207
4 264
4 370
4 429
4 438
5 231
5 307
5 478
6 152
6 370
6 417
6 429
6 478
7 9
7 14
7 23
7 25
7 28
7 30
7 33
7 49
7 70
7 72
7 73
7 74
7 75
7 77
7 79
7 80
7 82
7 84
7 90
7 107
7 110
7 112
7 120
7 149
7 152
7 160
7 161
7 168
7 171
7 176
7 184
7 192
7 193
7 196
7 205
7 207
7 210
7 225
7 237
7 254
7 259
7 260
7 262
7 264
7 266
7 267
7 273
7 289
7 300
7 301
7 302
7 303
7 308
7 327
7 345
7 349
7 357
7 360
7 370
7 374
7 375
7 383
7 397
7 407
7 409
7 413
7 417
7 419
7 429
7 431
7 434
7 436
7 447
7 463
7 464
7 478
7 480
7 485
7 500
7 508
7 523
7 547
7 550
7 561
7 574
7 575
7 577
7 582
7 583
7 584
7 585
7 586
7 587
7 588
7 589
7 590
7 591
7 592
7 593
7 594
7 595
7 596
7 597
7 598
7 599
7 600
7 601
7 602
7 603
7 604
7 605
7 606
7 607
7 608
7 609
7 610
7 611
7 612
7 613
7 614
7 615
7 616
7 617
7 618
7 619
7 620
7 621
7 622
7 623
7 624
7 625
7 626
7 627
7 628
7 629
7 630
7 631
7 632
7 633
7 634
8 152
8 392
8 584
10 586
11 302
11 429
12 90
12 184
12 409
12 582
13 264
13 815
15 876
16 392
16 844
17 429
18 312
18 595
19 417
20 267
21 633
21 815
23 207
26 155
28 75
28 584
30 429
30 582
34 374
35 264
40 264
41 429
41 824
43 597
44 75
49 327
49 621
52 665
53 621
53 624
55 155
55 844
57 152
66 824
67 584
67 728
68 595
70 75
70 90
70 98
71 267
71 345
71 582
72 658
73 155
73 374
73 586
74 312
74 327
75 84
75 87
75 116
75 149
75 150
75 157
75 209
75 361
75 448
75 462
75 466
75 481
75 521
75 573
75 662
75 684
75 705
75 727
75 769
75 774
75 775
75 776
76 207
76 584
77 596
77 628
77 633
78 98
78 307
79 176
79 184
79 621
80 90
81 207
82 98
83 824
84 289
84 597
84 766
84 815
85 665
87 198
88 90
88 582
88 608
90 379
90 548
90 555
90 719
90 825
90 939
92 155
92 962
94 628
95 824
98 110
98 413
98 418
98 668
98 808
98 824
98 830
98 897
98 989
98 990
100 438
100 618
101 438
104 612
107 349
107 605
108 584
110 345
112 207
120 184
125 627
126 523
127 577
130 207
134 438
135 598
136 152
136 824
143 478
147 264
149 152
149 155
149 171
149 176
149 184
149 193
149 196
149 198
150 226
150 301
150 370
150 417
150 429
150 523
151 600
152 155
152 160
152 178
152 198
152 226
152 259
152 295
152 312
152 375
152 438
152 445
152 484
152 497
152 529
152 541
152 634
152 720
152 726
152 728
152 766
152 815
152 824
152 825
152 826
152 827
155 245
155 260
155 300
155 318
155 324
155 330
155 486
155 619
155 796
155 816
155 825
155 903
155 922
155 923
156 586
159 370
163 844
164 614
164 618
165 824
166 407
168 728
169 289
171 178
171 225
171 254
171 261
171 375
171 477
171 858
171 908
171 959
176 550
176 638
176 758
176 774
176 794
176 886
176 916
178 196
178 264
179 264
180 624
184 716
184 873
185 478
192 577
193 391
193 511
193 519
193 574
193 749
196 430
196 439
198 638
199 728
203 207
203 226
203 231
204 577
205 605
206 307
207 210
207 212
207 215
207 254
207 259
207 296
207 309
207 373
207 389
207 436
207 454
207 519
207 525
207 591
207 632
207 692
207 733
207 781
207 805
207 863
207 864
207 865
208 264
208 766
209 417
210 392
211 605
212 429
213 264
215 345
216 302
218 417
218 614
221 824
222 407
224 582
226 398
226 602
226 725
226 968
227 598
231 303
231 397
231 824
233 631
246 312
249 374
252 264
252 631
256 890
259 264
259 267
259 289
260 307
260 596
260 597
260 612
260 658
260 665
261 598
261 728
262 302
262 582
263 264
263 302
263 438
263 766
264 482
264 545
264 561
264 752
264 842
265 824
265 844
266 370
266 600
266 627
266 631
266 658
267 274
267 399
267 524
267 534
267 545
267 640
267 735
267 746
267 790
267 805
267 931
268 302
268 478
273 302
273 613
274 312
276 523
277 417
279 728
282 613
282 614
284 728
285 598
289 310
295 815
300 409
300 478
301 359
301 402
301 427
301 490
301 545
301 606
301 752
301 753
301 754
301 755
301 756
301 757
301 758
302 321
302 555
302 585
302 715
302 790
302 813
302 821
302 822
302 823
303 584
305 597
306 478
307 467
307 591
307 844
307 882
308 597
309 890
312 375
312 418
312 480
312 493
312 528
312 675
312 679
312 888
312 917
313 370
314 523
315 815
317 612
317 630
318 890
322 374
327 437
327 464
327 486
327 516
327 534
327 648
328 876
332 596
336 584
342 584
343 577
345 743
347 728
349 373
349 778
350 596
351 728
355 598
356 438
356 728
360 680
360 702
360 933
360 994
370 418
370 563
370 588
370 636
370 763
370 777
370 778
370 779
370 780
372 478
372 728
373 429
373 665
374 380
374 428
374 453
374 480
374 525
374 544
374 551
374 607
374 656
374 733
374 802
374 843
374 866
374 870
374 934
376 876
377 438
380 438
380 598
383 608
384 523
385 407
390 824
391 815
392 401
392 602
392 665
392 896
404 429
407 629
407 897
409 874
409 972
417 465
417 548
417 575
417 587
417 653
417 753
417 859
418 844
419 429
422 815
424 618
427 600
428 824
429 502
429 504
429 522
429 642
429 684
429 698
429 705
429 839
429 866
429 899
429 900
429 901
430 876
434 598
434 620
435 523
435 584
437 582
437 596
438 466
438 871
442 620
445 631
446 658
448 608
460 624
469 815
477 478
477 582
478 626
478 634
478 739
478 741
478 754
478 771
478 772
478 773
479 584
491 628
492 584
495 523
496 633
517 844
523 573
523 951
524 630
525 595
525 630
529 824
538 728
539 584
546 586
554 595
558 595
571 624
572 584
575 630
575 962
577 682
578 665
579 582
580 824
581 600
582 718
582 749
582 855
582 856
584 593
584 676
584 703
584 759
584 785
584 865
584 912
584 922
584 950
586 678
587 614
587 618
589 962
590 815
595 676
595 987
596 617
596 808
596 959
596 974
597 760
597 913
597 927
598 727
599 824
600 751
600 774
600 937
600 954
604 824
605 635
605 663
605 698
605 811
605 941
608 640
612 660
612 917
613 637
613 676
613 832
613 953
613 965
614 795
620 675
620 762
621 744
621 988
621 996
624 838
627 886
627 940
628 713
633 799
638 824
643 844
645 844
647 728
650 815
657 876
658 731
658 844
665 733
665 762
665 820
665 835
665 844
671 890
728 730
728 776
728 803
728 817
728 846
728 886
728 919
728 923
766 781
770 824
800 844
803 962
815 894
815 983
824 840
824 844
824 910
829 890
831 962
844 876
844 890
844 962
962 963
