0 25
0 50
1 153
1 259
1 267
1 346
1 349
2 121
2 216
2 259
2 281
2 346
2 371
2 373
2 377
2 383
2 396
2 415
3 125
3 259
3 279
3 371
3 377
4 75
4 207
4 264
4 429
4 449
4 454
4 471
4 476
5 175
5 259
5 280
5 291
5 371
5 483
5 489
5 491
6 25
6 92
6 259
6 290
6 371
6 377
6 383
6 429
6 546
6 571
7 25
7 75
7 84
7 207
7 259
7 264
7 267
7 349
7 383
7 429
7 588
7 615
8 153
8 216
8 272
8 298
8 530
8 693
11 259
11 272
11 277
11 429
12 275
12 489
12 546
13 264
13 286
14 259
14 857
15 222
16 291
16 491
16 777
17 429
20 267
23 207
23 546
25 35
25 104
25 259
25 283
25 323
25 368
25 424
25 428
25 443
25 522
25 578
25 626
25 685
25 750
25 783
25 856
25 940
25 967
28 75
30 429
35 264
40 264
41 429
43 292
44 75
47 153
48 92
48 259
48 280
50 89
50 203
50 373
50 522
50 889
52 665
55 279
61 153
66 295
68 777
70 75
70 84
70 92
70 121
70 125
70 139
71 259
71 267
71 277
72 169
72 272
72 284
72 373
72 415
72 653
72 654
72 655
73 92
74 84
75 84
75 87
75 116
75 149
75 150
75 157
75 209
75 361
75 448
75 462
75 466
75 481
75 521
75 573
75 662
75 684
75 705
75 727
75 769
75 774
75 775
75 776
76 207
77 298
77 377
77 791
78 284
79 272
79 292
79 483
80 857
81 207
84 97
84 105
84 139
84 216
84 259
84 271
84 289
84 372
84 396
84 399
84 421
84 471
84 482
84 597
84 615
84 635
84 654
84 655
84 666
84 713
84 716
84 766
84 791
84 815
84 872
84 891
84 895
84 911
84 913
85 588
85 665
86 530
89 483
89 737
89 913
92 155
92 373
92 386
92 460
92 510
92 611
92 667
92 962
92 971
93 269
96 655
96 925
99 169
104 259
104 491
105 125
107 349
109 655
109 956
110 925
112 207
116 281
117 216
119 734
121 140
121 259
121 430
121 761
125 240
125 259
125 627
125 679
125 822
125 973
128 139
128 693
130 207
139 265
139 527
139 996
147 264
149 153
149 169
149 175
150 153
150 269
150 281
150 285
150 396
150 429
150 530
152 259
152 295
152 766
153 259
153 337
153 707
153 911
153 919
154 259
154 734
156 491
157 269
157 615
166 169
166 476
169 259
169 289
169 986
169 996
173 791
175 259
175 303
175 520
175 606
175 610
175 947
175 957
178 264
179 264
179 281
181 737
186 924
188 777
189 655
203 207
203 214
203 216
203 222
204 259
204 281
204 546
205 214
205 454
206 546
207 210
207 212
207 215
207 254
207 259
207 296
207 309
207 373
207 389
207 436
207 454
207 519
207 525
207 591
207 632
207 692
207 733
207 781
207 805
207 863
207 864
207 865
208 259
208 264
208 483
208 766
210 259
210 791
211 653
212 429
213 264
213 654
213 924
214 287
214 300
214 479
214 777
214 796
214 809
214 810
214 891
215 476
216 221
216 302
216 667
218 489
220 857
222 242
222 324
222 373
222 407
222 496
222 832
223 269
224 272
227 546
228 280
229 279
236 615
237 292
240 857
246 290
252 264
256 956
259 260
259 261
259 262
259 263
259 264
259 265
259 266
259 267
259 268
259 269
259 270
259 271
259 272
259 273
259 274
259 275
259 276
259 277
259 278
259 279
259 280
259 281
259 282
259 283
259 284
259 285
259 286
259 287
259 288
259 289
259 290
259 291
259 292
259 293
259 294
259 295
259 296
259 297
259 298
259 299
260 284
260 665
261 275
261 294
261 471
262 290
263 264
263 275
263 766
264 482
264 545
264 561
264 752
264 842
265 491
266 777
267 274
267 399
267 524
267 534
267 545
267 640
267 735
267 746
267 790
267 805
267 931
268 302
268 309
268 382
268 468
268 478
268 517
268 764
268 803
268 882
269 333
269 418
269 664
269 748
269 978
270 415
272 387
272 504
272 561
272 579
272 590
272 681
272 799
272 835
272 984
273 279
273 295
274 653
275 300
276 489
277 403
277 417
277 501
277 517
278 292
279 288
279 321
279 420
279 494
279 648
279 725
279 728
279 792
279 846
279 884
279 931
279 971
279 994
280 310
280 480
280 509
280 868
280 932
281 367
281 503
281 575
281 696
281 798
281 852
281 949
281 992
281 996
282 285
282 737
282 857
284 642
284 728
284 757
284 881
284 968
285 585
285 598
286 372
286 435
286 549
287 653
290 418
290 431
290 650
291 315
291 682
291 769
293 337
293 394
293 414
293 594
293 935
294 328
294 348
294 793
295 815
295 940
297 325
297 477
297 485
297 717
297 865
298 375
298 398
298 414
298 999
299 371
300 371
300 654
300 734
300 737
317 471
322 777
325 588
328 415
328 449
329 489
330 449
340 956
346 354
346 373
346 390
346 531
346 651
346 744
346 748
346 947
346 960
348 913
349 373
349 778
353 449
370 588
370 777
371 373
371 405
371 425
371 492
371 643
371 837
371 843
373 377
373 383
373 415
373 429
373 449
373 476
373 483
373 489
373 491
373 546
373 588
373 653
373 665
373 684
373 693
373 734
373 737
373 777
373 778
373 782
373 857
373 924
373 925
377 402
377 438
377 954
377 973
377 975
382 857
383 435
383 448
383 461
383 608
385 489
392 665
396 481
396 551
396 768
396 798
400 449
404 429
412 654
417 653
419 429
425 491
426 546
427 615
429 502
429 504
429 522
429 642
429 684
429 698
429 705
429 839
429 866
429 899
429 900
429 901
430 489
431 857
434 454
439 956
440 777
441 483
449 590
449 650
449 656
449 997
451 491
454 583
455 924
456 734
465 734
471 640
474 476
477 588
483 761
483 834
483 870
483 922
483 935
491 628
491 682
491 892
492 530
496 777
499 654
506 925
510 588
517 777
517 857
519 734
521 734
524 571
525 791
530 777
546 574
546 586
546 958
556 655
559 857
561 956
567 777
571 572
571 624
571 777
572 654
572 737
578 665
588 640
593 857
597 913
601 655
601 777
625 653
637 777
646 654
653 811
653 958
654 770
654 979
654 997
655 656
655 751
655 854
665 733
665 762
665 820
665 835
665 844
673 777
676 924
693 931
693 932
693 944
699 857
734 936
737 859
766 781
777 782
777 846
777 871
777 938
777 956
792 857
803 956
836 925
857 865
857 947
911 925
913 934
