0 8
0 11
0 31
0 34
0 50
0 56
1 11
1 153
1 203
1 208
1 217
1 221
1 228
1 235
1 335
1 354
2 203
2 206
2 257
2 392
2 394
3 223
3 239
4 203
4 206
4 207
4 208
4 218
4 233
4 238
4 244
4 247
4 394
4 442
5 8
5 31
5 34
5 206
5 230
5 231
5 258
5 488
5 492
6 203
6 205
6 218
6 230
6 488
6 569
7 110
7 205
7 207
7 225
8 13
8 18
8 22
8 71
8 72
8 73
8 79
8 111
8 152
8 153
8 157
8 203
8 216
8 262
8 263
8 272
8 298
8 303
8 304
8 324
8 335
8 339
8 354
8 392
8 394
8 395
8 418
8 420
8 427
8 435
8 442
8 455
8 477
8 488
8 492
8 512
8 522
8 530
8 535
8 543
8 564
8 569
8 584
8 594
8 609
8 675
8 676
8 677
8 678
8 679
8 680
8 681
8 682
8 683
8 684
8 685
8 686
8 687
8 688
8 689
8 690
8 691
8 692
8 693
8 694
9 11
9 122
9 203
10 203
10 234
11 203
11 259
11 265
11 272
11 277
11 282
11 302
11 365
11 429
11 451
11 490
11 524
11 705
11 710
11 796
11 797
11 798
11 799
12 158
12 205
12 335
13 488
13 683
15 220
15 222
16 257
16 392
18 225
22 203
23 207
23 232
29 247
31 54
31 203
31 262
31 316
31 649
31 793
31 863
33 220
34 203
34 325
34 374
34 502
34 602
34 779
34 817
34 843
34 898
34 978
39 569
41 208
41 217
45 251
45 678
46 203
46 205
47 153
48 56
50 89
50 203
50 373
50 522
50 889
56 73
56 203
56 325
56 647
56 785
61 153
69 205
70 101
70 110
70 122
71 206
71 235
73 234
74 110
74 205
74 213
74 681
75 209
76 203
76 207
77 298
80 256
81 207
82 208
82 229
83 219
83 569
83 683
83 694
85 223
86 209
89 203
89 569
89 953
91 203
91 217
96 232
98 110
99 227
101 203
101 322
101 434
101 438
101 682
101 765
101 952
104 122
108 234
110 203
110 224
110 345
110 498
110 503
110 713
110 826
110 911
110 925
112 207
112 243
114 205
122 203
122 820
122 935
125 679
128 693
130 207
135 218
148 239
149 153
149 158
150 153
150 158
150 203
150 217
150 226
150 244
150 492
152 226
153 259
153 337
153 707
153 911
153 919
154 241
154 255
155 245
156 158
157 238
158 203
158 410
158 680
158 854
160 442
164 258
167 206
171 225
173 206
180 245
185 205
186 213
203 204
203 205
203 206
203 207
203 208
203 209
203 210
203 211
203 212
203 213
203 214
203 215
203 216
203 217
203 218
203 219
203 220
203 221
203 222
203 223
203 224
203 225
203 226
203 227
203 228
203 229
203 230
203 231
203 232
203 233
203 234
203 235
203 236
203 237
203 238
203 239
203 240
203 241
203 242
203 243
203 244
203 245
203 246
203 247
203 248
203 249
203 250
203 251
203 252
203 253
203 254
203 255
203 256
203 257
203 258
204 213
204 230
205 214
205 237
205 261
205 270
205 428
205 434
205 454
205 479
205 512
205 517
205 519
205 520
205 531
205 545
205 566
205 572
205 605
205 616
205 636
205 645
205 677
205 781
205 782
205 783
205 784
205 785
205 786
205 787
206 307
206 318
206 337
206 338
206 399
206 546
206 564
206 639
206 733
206 858
207 210
207 212
207 215
207 254
207 259
207 296
207 309
207 373
207 389
207 436
207 454
207 519
207 525
207 591
207 632
207 692
207 733
207 781
207 805
207 863
207 864
207 865
208 259
208 264
208 305
208 483
208 505
208 610
208 642
208 738
208 761
208 766
208 788
208 855
208 868
208 869
208 870
208 871
208 872
208 873
208 874
209 242
209 262
209 263
209 274
209 276
209 414
209 417
209 498
209 533
209 536
209 585
209 607
209 675
209 873
209 926
209 927
209 928
210 392
211 241
213 264
213 418
213 652
213 654
213 743
213 924
216 221
217 319
217 957
217 981
218 278
218 417
218 489
218 587
218 614
218 917
219 379
219 384
219 496
219 516
219 626
219 699
219 806
219 942
219 982
220 240
220 304
220 779
220 857
221 518
221 824
221 910
222 242
222 324
222 373
222 407
222 496
222 832
223 269
223 423
223 590
225 603
225 761
225 784
225 793
226 398
226 602
226 725
226 968
227 546
227 594
227 598
228 280
228 322
228 382
228 953
229 279
229 420
229 472
229 661
229 823
229 833
230 556
230 634
230 783
230 960
231 303
231 397
231 824
232 260
232 878
232 951
233 389
233 631
233 706
233 782
234 406
234 638
235 314
235 352
235 481
235 509
235 964
236 257
238 260
238 524
238 898
239 274
239 455
239 542
239 719
241 375
241 379
243 340
243 435
243 740
243 874
244 310
244 474
244 895
244 921
245 320
245 671
245 690
245 718
246 290
246 312
246 486
246 636
247 263
247 319
248 266
248 348
248 461
248 509
248 905
248 946
249 374
249 520
249 920
249 929
250 278
250 432
250 460
250 923
251 329
251 382
251 788
252 264
252 473
252 531
252 631
252 738
252 765
253 393
253 591
253 834
253 957
255 439
255 451
255 460
256 604
256 890
256 956
257 685
258 934
258 943
259 298
260 442
261 678
262 683
272 681
278 442
293 394
298 375
298 398
298 414
298 999
300 687
310 335
312 679
325 687
335 526
335 700
338 488
346 354
354 391
354 550
371 492
373 693
388 691
392 401
392 602
392 665
392 896
393 953
394 414
394 443
394 445
394 559
394 662
394 708
394 835
418 679
427 691
428 488
435 953
441 681
442 620
442 762
442 886
442 919
463 691
477 679
481 687
488 646
492 530
492 584
492 647
492 843
507 679
524 679
524 691
524 694
532 678
543 687
544 678
549 678
563 681
574 678
586 678
613 953
622 694
638 681
678 842
678 904
678 990
679 991
681 882
681 955
683 755
683 806
683 820
687 818
687 891
687 945
693 931
693 932
693 944
694 821
