0 3
0 20
0 26
0 40
0 41
0 50
0 57
0 66
1 3
1 26
1 82
1 153
1 208
1 235
1 236
1 259
1 314
1 322
1 343
1 344
2 3
2 20
2 121
2 259
2 281
2 377
2 392
2 410
3 26
3 27
3 43
3 70
3 78
3 125
3 174
3 223
3 239
3 259
3 279
3 371
3 377
3 417
3 418
3 419
3 420
3 421
3 422
3 423
3 424
3 425
3 426
4 198
4 208
4 247
4 263
4 296
4 420
4 440
4 444
4 470
4 474
5 99
5 175
5 259
5 280
5 291
5 483
5 484
5 496
5 497
5 505
6 152
6 259
6 290
6 377
6 484
6 529
6 552
6 567
6 571
7 82
7 152
7 168
7 210
7 259
7 266
7 273
7 289
7 419
7 592
7 593
7 601
7 617
7 626
7 627
7 631
7 634
8 152
8 153
8 263
8 272
8 298
8 392
8 420
8 522
8 530
8 681
9 714
10 720
11 259
11 272
11 277
12 154
12 344
13 286
13 322
13 767
13 815
14 224
14 259
14 314
14 484
15 518
16 291
16 392
16 714
16 777
16 828
18 938
19 758
20 210
20 261
20 267
20 482
20 587
20 674
20 696
20 736
20 947
21 815
24 82
25 104
25 259
25 424
25 522
25 626
26 62
26 72
26 155
26 177
26 330
26 909
26 929
27 419
29 247
30 542
35 344
36 263
36 771
36 825
37 278
38 99
39 168
39 801
40 87
40 181
40 264
40 274
40 309
41 208
41 217
41 429
41 824
41 874
43 263
47 153
48 259
48 280
49 57
50 89
50 203
50 373
50 522
50 889
53 99
57 152
57 587
57 732
57 805
57 915
57 941
60 174
61 153
63 66
64 470
65 869
66 263
66 295
66 824
68 266
68 777
70 82
70 99
70 102
70 104
70 117
70 121
70 136
71 82
71 102
71 235
71 236
71 259
71 277
71 314
71 424
71 444
71 637
72 271
72 272
72 284
72 505
72 657
72 658
74 440
74 521
74 681
75 521
75 774
76 788
77 271
77 298
77 377
77 739
77 767
77 791
78 284
78 828
79 272
79 483
79 835
80 552
80 592
80 861
81 828
82 98
82 208
82 229
82 336
82 525
82 697
82 729
82 735
82 833
83 288
83 496
83 846
84 259
84 271
84 289
84 421
84 791
84 815
84 872
86 530
86 738
86 826
86 872
87 198
88 174
88 276
89 483
90 825
93 269
93 274
93 788
93 903
95 102
96 484
99 169
99 227
99 260
99 314
99 316
99 352
99 537
99 594
99 674
99 991
100 758
101 322
102 266
102 308
104 122
104 156
104 259
104 425
104 491
104 612
104 732
104 935
107 926
108 497
109 956
109 981
110 224
110 826
114 903
116 281
117 200
117 216
117 266
117 300
117 408
117 725
118 136
118 938
119 861
121 140
121 259
121 430
121 761
123 343
123 903
125 259
125 627
128 343
134 421
134 883
135 801
136 152
136 752
136 824
149 152
149 153
149 154
149 168
149 174
149 175
149 178
149 198
150 153
150 226
150 269
150 281
150 285
150 419
150 423
150 518
150 521
150 522
150 529
150 530
150 541
150 542
151 263
151 801
152 155
152 160
152 178
152 198
152 226
152 259
152 295
152 312
152 375
152 438
152 445
152 484
152 497
152 529
152 541
152 634
152 720
152 726
152 728
152 766
152 815
152 824
152 825
152 826
152 827
153 259
153 337
153 707
153 911
153 919
154 241
154 255
154 259
154 261
154 303
154 316
154 443
154 470
154 550
154 554
154 606
154 664
154 726
154 734
154 883
154 902
154 921
155 825
155 903
156 168
156 421
156 828
157 269
157 521
158 410
160 178
160 518
160 720
161 774
163 420
166 344
166 444
166 505
166 869
166 981
168 314
168 325
168 475
168 554
168 619
168 651
168 728
168 863
168 887
168 949
169 259
169 289
170 869
171 178
173 702
173 791
174 437
174 726
174 841
174 930
174 961
175 259
175 303
175 520
175 606
175 610
175 947
175 957
176 758
176 774
178 196
178 264
179 281
180 826
181 474
184 873
187 522
188 266
188 777
194 287
197 774
198 638
200 521
201 637
203 208
203 210
203 224
203 226
203 235
203 236
203 241
203 247
203 248
203 255
204 259
204 281
204 576
205 782
207 210
207 259
207 296
208 259
208 264
208 305
208 483
208 505
208 610
208 642
208 738
208 761
208 766
208 788
208 855
208 868
208 869
208 870
208 871
208 872
208 873
208 874
209 263
209 274
209 276
209 873
209 926
210 259
210 330
210 392
210 430
210 458
210 503
210 593
210 702
210 736
210 791
210 805
210 828
210 919
210 926
210 929
210 930
211 241
211 484
214 287
214 777
215 440
215 767
215 944
217 981
218 278
219 496
219 626
221 518
222 496
223 269
223 423
224 272
224 582
224 649
224 823
224 904
224 984
226 398
226 602
226 725
226 968
228 280
228 322
229 420
230 634
233 631
233 782
235 314
235 352
235 481
235 509
235 964
236 257
236 274
236 590
236 615
236 757
236 834
236 943
239 274
239 542
241 375
241 379
244 474
244 921
246 290
247 263
247 319
248 266
248 348
248 461
248 509
248 905
248 946
250 278
251 788
252 631
252 738
255 439
255 451
255 460
256 956
259 260
259 261
259 262
259 263
259 264
259 265
259 266
259 267
259 268
259 269
259 270
259 271
259 272
259 273
259 274
259 275
259 276
259 277
259 278
259 279
259 280
259 281
259 282
259 283
259 284
259 285
259 286
259 287
259 288
259 289
259 290
259 291
259 292
259 293
259 294
259 295
259 296
259 297
259 298
259 299
260 263
260 271
260 278
260 284
260 552
260 658
260 673
261 294
261 518
261 592
261 714
262 263
262 290
263 264
263 275
263 302
263 305
263 344
263 438
263 451
263 518
263 590
263 617
263 657
263 714
263 761
263 762
263 763
263 764
263 765
263 766
263 767
265 266
265 440
265 782
265 827
265 846
266 283
266 314
266 343
266 370
266 425
266 480
266 521
266 592
266 600
266 627
266 631
266 658
266 754
266 774
266 777
266 801
266 821
266 861
266 900
266 906
266 907
267 274
268 302
268 309
268 382
268 468
268 478
268 517
268 764
268 803
268 882
269 333
269 418
269 664
269 748
269 978
270 288
270 872
271 528
271 589
271 636
271 712
271 795
271 816
271 850
272 387
272 504
272 561
272 579
272 590
272 681
272 799
272 835
272 984
273 279
273 295
273 302
273 321
273 469
273 585
273 613
273 725
273 829
274 312
274 444
274 653
274 661
274 739
274 762
274 776
274 981
274 985
276 489
276 523
276 696
276 970
277 403
277 417
277 501
277 517
278 292
278 442
278 506
278 574
278 652
278 713
279 288
279 420
279 846
280 310
280 480
280 509
280 868
280 932
281 367
281 503
281 575
281 696
281 798
281 852
281 949
281 992
281 996
282 285
283 343
284 642
284 728
284 757
284 881
284 968
285 585
285 598
286 372
286 435
286 549
287 519
287 653
287 704
287 960
287 992
288 490
289 310
290 418
290 431
290 650
291 315
291 682
291 769
293 337
293 394
293 414
293 594
293 935
294 328
294 348
294 793
295 815
296 300
296 477
296 703
296 814
297 325
297 477
297 485
297 717
297 865
298 375
298 398
298 414
298 999
299 310
299 325
299 371
299 556
300 738
300 739
301 754
301 758
302 821
303 763
304 657
305 754
305 855
306 423
306 497
306 673
309 720
311 444
311 576
313 788
314 316
314 435
314 474
314 480
314 522
314 523
314 542
314 552
314 576
314 758
314 761
314 771
314 944
314 945
314 946
315 470
315 815
316 617
316 720
319 541
320 855
321 921
322 374
322 480
322 777
329 593
338 521
338 763
340 956
342 985
343 351
343 422
343 577
343 619
343 776
343 790
343 863
358 440
360 702
364 801
367 593
368 421
369 771
370 763
370 777
372 906
373 377
373 483
373 777
373 782
377 402
377 438
377 954
377 973
377 975
378 944
381 782
382 763
384 873
386 767
387 855
391 815
392 401
392 602
392 665
392 896
394 835
403 484
404 872
410 521
410 645
410 697
412 754
419 429
419 933
421 501
421 635
421 676
421 983
422 815
422 825
422 827
423 482
423 928
424 510
424 566
424 618
424 706
424 713
424 806
424 870
425 827
425 906
426 521
427 702
428 601
428 883
429 522
434 926
436 521
436 774
436 821
439 592
439 702
439 956
440 537
440 777
441 483
441 681
443 496
444 806
444 975
445 631
445 906
446 529
446 658
448 902
451 567
451 861
453 771
456 522
456 926
458 771
460 505
461 593
463 601
466 869
469 782
469 815
470 481
470 806
473 521
473 738
474 476
474 589
475 825
477 673
478 626
478 634
478 739
478 754
478 771
479 637
479 801
479 825
480 518
480 738
480 902
480 903
481 855
481 902
483 761
483 834
483 870
483 922
483 935
484 566
484 725
484 929
487 522
492 530
496 629
496 633
496 777
496 999
497 800
503 826
506 518
508 921
514 529
515 906
517 637
517 777
518 538
518 680
518 726
518 914
519 821
519 921
520 576
520 825
521 626
521 734
521 752
521 765
521 799
521 814
521 900
521 903
522 527
522 892
522 920
522 961
522 967
522 977
524 571
524 739
525 791
526 938
529 539
529 580
529 824
530 777
534 657
541 557
541 583
541 818
542 549
543 825
550 774
551 855
551 873
552 727
554 576
554 825
555 801
556 601
561 956
563 681
566 801
567 777
567 816
567 871
570 720
570 763
571 572
571 624
571 777
572 945
574 981
575 855
582 855
584 593
590 815
593 669
593 812
593 857
593 976
596 617
600 774
601 655
601 777
613 637
617 877
622 945
623 634
623 771
627 886
627 940
637 736
637 740
637 777
637 988
638 681
638 944
646 846
650 815
657 876
657 999
658 731
658 844
661 985
665 835
671 673
671 902
673 777
676 861
681 882
681 955
687 945
693 944
694 821
712 714
714 894
714 969
715 821
716 774
720 830
722 825
723 902
728 846
735 835
738 882
739 793
750 788
754 966
756 828
761 902
777 782
777 846
777 871
777 938
777 956
778 855
780 828
781 821
782 989
783 945
787 801
788 864
788 948
792 906
798 835
803 956
805 902
806 985
815 894
815 983
826 946
827 943
835 943
839 907
846 847
848 945
862 872
869 870
869 878
869 891
869 950
871 883
873 971
883 933
891 907
893 907
895 938
902 963
907 935
911 944
944 957
945 964
983 985
