0 5
0 21
0 23
0 31
0 35
0 39
0 48
0 52
1 5
1 23
1 39
1 80
1 153
1 161
1 259
1 311
1 315
1 320
1 326
1 340
1 341
1 363
2 5
2 95
2 206
2 259
2 341
2 390
2 396
2 403
3 78
3 125
3 259
4 206
4 207
4 450
4 454
4 462
4 467
4 472
5 8
5 14
5 16
5 24
5 31
5 34
5 36
5 52
5 70
5 71
5 78
5 80
5 96
5 99
5 106
5 115
5 124
5 127
5 144
5 150
5 175
5 202
5 206
5 230
5 231
5 258
5 259
5 261
5 265
5 280
5 291
5 300
5 307
5 311
5 315
5 320
5 371
5 372
5 405
5 459
5 462
5 472
5 477
5 478
5 479
5 480
5 481
5 482
5 483
5 484
5 485
5 486
5 487
5 488
5 489
5 490
5 491
5 492
5 493
5 494
5 495
5 496
5 497
5 498
5 499
5 500
5 501
5 502
5 503
5 504
5 505
5 506
5 507
5 508
5 509
5 510
5 511
5 512
5 513
5 514
5 515
5 516
6 78
6 230
6 259
6 290
6 467
6 488
6 550
6 552
6 558
6 562
7 23
7 80
7 90
7 161
7 171
7 207
7 259
7 289
7 485
7 500
7 508
7 550
7 582
7 592
7 599
7 632
8 153
8 298
8 477
8 488
8 492
8 512
8 677
8 680
8 687
8 690
8 692
9 270
10 85
11 259
11 282
12 35
12 90
12 154
12 275
12 489
12 493
12 582
12 805
12 807
13 286
13 488
13 513
14 259
15 562
16 95
16 481
16 491
16 558
16 893
18 52
18 893
19 692
20 482
21 71
21 86
21 120
21 265
21 323
21 418
21 633
21 772
21 815
21 867
21 885
22 641
23 207
23 232
23 546
23 818
23 909
24 311
24 477
25 35
25 259
25 283
27 477
27 485
27 862
30 494
30 582
31 54
31 203
31 262
31 316
31 649
31 793
31 863
33 78
33 80
34 502
35 264
35 344
35 477
36 311
37 106
38 99
38 481
38 514
39 76
39 168
39 364
39 479
39 569
39 801
40 274
43 292
44 311
45 151
47 153
48 56
48 92
48 259
48 280
48 324
48 540
48 912
48 916
52 149
52 665
52 802
53 99
54 477
57 805
59 212
61 153
62 805
63 562
66 295
70 78
70 80
70 81
70 85
70 86
70 90
70 94
70 95
70 96
70 98
70 99
70 106
70 114
70 124
70 125
70 130
70 138
70 144
71 94
71 206
71 259
71 582
71 637
71 641
72 86
72 130
72 271
72 326
72 477
72 505
72 652
72 663
73 311
73 506
74 80
74 511
75 462
75 481
76 187
76 207
76 479
76 494
76 695
77 271
77 298
77 562
77 792
78 85
78 94
78 98
78 138
78 150
78 156
78 284
78 307
78 326
78 331
78 363
78 379
78 467
78 664
78 677
78 721
78 828
78 829
78 830
78 831
78 832
79 292
79 486
80 83
80 90
80 164
80 165
80 183
80 215
80 256
80 309
80 380
80 403
80 434
80 551
80 552
80 572
80 592
80 652
80 761
80 857
80 860
80 861
80 862
81 149
81 164
81 207
81 261
81 517
81 828
82 98
82 525
83 315
83 496
83 516
84 259
84 271
84 289
84 396
84 482
85 160
85 223
85 260
85 300
85 583
85 588
85 665
85 688
85 918
86 88
86 167
86 209
86 262
86 340
86 385
86 477
86 530
86 663
86 680
86 738
86 792
86 795
86 811
86 826
86 831
86 872
86 934
86 949
87 106
88 90
88 582
89 130
89 477
89 513
89 807
90 379
90 548
90 555
90 719
90 825
90 939
92 510
93 269
93 274
93 864
94 103
94 150
94 376
94 628
94 671
94 904
94 951
95 102
95 109
95 553
95 695
95 705
95 761
95 812
95 824
95 838
95 848
95 863
95 987
96 173
96 232
96 365
96 430
96 435
96 484
96 556
96 655
96 666
96 727
96 859
96 878
96 925
96 958
98 110
98 413
98 418
98 668
98 808
98 824
98 830
98 897
98 989
98 990
99 169
99 227
99 260
99 314
99 316
99 352
99 537
99 594
99 674
99 991
100 124
100 525
103 509
104 259
104 491
105 125
106 215
106 428
106 459
106 845
106 997
108 497
109 525
110 503
112 207
112 311
113 514
114 205
114 387
114 481
114 891
114 903
115 481
116 151
116 506
118 481
118 893
119 734
119 861
120 212
121 259
121 761
123 641
124 639
124 847
125 240
125 259
125 627
125 679
125 822
125 973
127 315
130 207
130 811
131 550
132 485
133 450
134 883
137 516
138 452
138 723
138 959
141 144
141 151
141 479
141 832
142 390
144 261
144 949
148 503
149 151
149 153
149 154
149 161
149 165
149 171
149 183
149 187
149 202
150 153
150 269
150 311
150 396
150 477
150 481
150 492
150 502
150 525
151 260
151 263
151 356
151 418
151 427
151 479
151 537
151 600
151 776
151 800
151 801
151 802
151 803
151 804
152 259
152 295
152 497
153 259
153 337
153 707
153 911
153 919
154 241
154 255
154 259
154 261
154 303
154 316
154 443
154 470
154 550
154 554
154 606
154 664
154 726
154 734
154 883
154 902
154 921
155 486
156 477
156 491
156 860
157 269
157 487
158 680
161 191
161 265
161 479
161 527
161 774
163 403
164 258
164 550
165 265
165 428
165 824
165 899
165 934
166 326
166 505
166 511
167 206
169 259
169 289
171 178
171 225
171 254
171 261
171 375
171 477
171 858
171 908
171 959
173 206
173 562
175 259
176 550
183 404
183 428
183 520
183 668
183 688
183 850
187 369
187 479
187 480
187 522
187 755
193 511
194 287
195 487
201 637
202 389
202 551
202 852
203 206
203 207
203 212
203 230
203 231
203 255
203 256
203 258
204 230
204 259
205 270
205 454
205 479
205 512
205 677
205 781
206 307
206 318
206 337
206 338
206 399
206 546
206 564
206 639
206 733
206 858
207 210
207 212
207 215
207 254
207 259
207 296
207 309
207 373
207 389
207 436
207 454
207 519
207 525
207 591
207 632
207 692
207 733
207 781
207 805
207 863
207 864
207 865
208 259
208 505
208 738
208 761
209 274
210 259
210 503
210 805
212 305
212 429
212 430
212 563
213 652
214 287
214 479
218 489
219 496
219 516
222 496
222 832
223 269
224 582
225 761
229 472
230 556
230 634
230 783
230 960
231 303
231 397
231 824
235 481
235 509
236 274
237 292
239 274
243 340
245 320
245 690
246 290
246 486
248 509
252 738
255 439
255 451
255 460
256 604
256 890
256 956
258 934
258 943
259 260
259 261
259 262
259 263
259 264
259 265
259 266
259 267
259 268
259 269
259 270
259 271
259 272
259 273
259 274
259 275
259 276
259 277
259 278
259 279
259 280
259 281
259 282
259 283
259 284
259 285
259 286
259 287
259 288
259 289
259 290
259 291
259 292
259 293
259 294
259 295
259 296
259 297
259 298
259 299
260 271
260 477
260 479
260 508
260 552
260 673
261 275
261 294
261 320
261 482
261 592
262 290
262 341
262 477
262 486
262 582
262 599
262 632
262 695
263 275
263 761
264 482
265 491
265 513
266 283
266 592
266 861
267 274
267 805
268 302
268 309
268 382
268 468
268 478
268 517
268 764
268 803
268 882
269 333
269 418
269 664
269 748
269 978
270 288
270 305
270 415
270 517
270 589
270 607
270 729
270 838
270 872
270 952
271 528
271 589
271 636
271 712
271 795
271 816
271 850
272 504
273 295
273 829
274 312
274 444
274 653
274 661
274 739
274 762
274 776
274 981
274 985
275 300
276 489
277 403
277 501
278 292
278 506
278 652
279 494
279 792
280 509
281 503
282 285
282 519
282 613
282 614
282 737
282 764
282 794
282 838
282 857
282 891
282 993
283 304
283 343
283 347
283 524
283 968
283 994
286 372
286 435
286 549
287 519
287 653
287 704
287 960
287 992
289 310
290 418
290 431
290 650
291 315
293 337
293 394
293 414
293 594
293 935
294 328
294 348
294 793
295 815
295 940
296 477
297 477
297 485
297 865
298 375
298 398
298 414
298 999
299 310
299 325
299 371
299 556
300 311
300 320
300 326
300 499
300 687
300 734
300 738
303 652
304 511
305 315
306 497
306 673
306 690
307 467
308 695
309 864
311 444
311 557
311 576
311 708
311 711
311 796
311 848
311 858
312 493
313 677
314 552
314 761
315 319
315 358
315 432
315 470
315 735
315 744
315 815
316 450
316 525
318 709
318 829
320 358
320 368
320 735
320 840
320 855
321 481
321 513
321 632
321 829
325 687
326 732
326 858
327 486
327 516
328 390
329 489
329 862
331 641
332 479
332 792
334 761
338 488
338 558
340 381
340 517
340 733
340 874
340 956
341 386
341 477
342 487
346 390
350 508
354 550
360 680
363 806
363 809
363 927
368 550
371 492
372 503
373 489
373 491
373 734
374 525
375 501
379 550
380 487
382 860
385 477
385 489
388 485
388 550
388 663
389 805
389 865
390 411
390 428
390 477
390 824
391 550
396 481
396 551
396 768
396 798
401 599
403 484
405 761
412 499
418 504
418 632
418 864
421 501
423 482
424 510
425 491
425 515
427 695
428 488
428 883
429 502
429 504
430 489
430 494
433 487
434 454
436 477
436 805
437 499
437 582
439 592
439 781
443 496
443 781
445 829
447 893
450 477
450 583
450 650
450 707
450 733
450 853
451 491
451 861
452 550
453 652
454 583
455 680
456 734
457 860
460 505
460 761
462 712
462 730
463 692
465 734
467 534
470 481
472 602
472 711
473 738
477 478
477 507
477 517
477 582
477 588
477 599
477 641
477 673
477 679
477 682
477 690
477 704
477 705
477 706
477 707
477 708
477 709
479 558
479 562
479 584
479 637
479 746
479 801
479 825
479 875
480 481
480 485
480 738
481 687
481 800
481 807
481 855
481 891
481 893
481 902
481 908
482 775
483 761
485 757
486 534
486 666
486 733
487 522
488 646
490 493
491 628
491 682
491 892
492 530
492 584
492 647
492 843
493 498
493 735
495 509
496 629
496 633
496 777
496 999
497 800
499 654
499 672
499 735
500 572
500 591
500 721
501 706
501 710
501 989
502 589
503 826
504 725
506 518
506 672
506 701
506 836
506 871
506 925
508 668
508 921
508 930
508 952
510 588
510 852
510 899
510 995
512 727
512 877
514 529
514 698
515 707
515 906
515 947
517 637
517 709
518 680
519 734
521 734
525 554
525 595
525 630
525 791
526 860
526 862
531 652
538 680
540 690
543 687
547 652
550 741
550 774
550 789
550 871
552 727
553 761
557 860
558 560
558 595
558 858
560 709
579 582
582 718
582 749
582 855
582 856
584 865
585 680
599 747
599 824
599 930
599 936
605 663
606 792
613 637
613 832
637 736
637 740
637 777
637 988
652 723
652 961
663 697
671 673
672 893
673 777
675 781
676 861
677 733
680 920
687 818
687 891
687 945
692 802
695 923
695 978
709 733
709 990
723 807
734 936
735 807
738 882
748 761
761 831
761 868
761 902
761 917
766 781
781 821
781 875
788 864
792 857
792 906
792 998
805 833
805 901
805 902
807 877
829 890
832 882
857 865
862 872
871 883
883 933
893 907
893 937
893 980
