0 6
0 11
0 13
0 20
0 25
0 33
0 35
0 41
0 46
0 64
0 67
1 6
1 11
1 204
1 261
1 307
1 309
1 310
1 320
1 322
1 323
1 334
1 337
1 338
1 347
1 351
1 356
1 363
1 365
2 20
2 162
2 261
2 281
2 323
2 370
2 371
2 377
2 378
2 383
2 385
2 387
2 393
2 404
3 78
3 371
3 377
3 419
3 421
3 424
4 13
4 204
4 218
4 351
4 370
4 429
4 432
4 441
4 455
4 471
5 78
5 144
5 261
5 307
5 320
5 371
5 478
5 484
5 490
5 491
5 494
5 502
5 504
5 513
6 13
6 25
6 46
6 71
6 72
6 77
6 78
6 92
6 140
6 150
6 152
6 163
6 197
6 203
6 204
6 205
6 218
6 230
6 237
6 259
6 261
6 290
6 303
6 306
6 309
6 310
6 331
6 337
6 370
6 371
6 376
6 377
6 378
6 383
6 385
6 393
6 417
6 428
6 429
6 432
6 451
6 467
6 478
6 484
6 488
6 529
6 545
6 546
6 547
6 548
6 549
6 550
6 551
6 552
6 553
6 554
6 555
6 556
6 557
6 558
6 559
6 560
6 561
6 562
6 563
6 564
6 565
6 566
6 567
6 568
6 569
6 570
6 571
7 25
7 33
7 171
7 237
7 370
7 383
7 419
7 429
7 478
7 547
7 550
7 561
7 577
7 586
7 592
7 598
7 625
8 13
8 455
8 564
8 569
8 675
8 677
8 683
8 685
9 11
9 714
10 85
10 564
10 586
10 675
10 721
10 724
11 203
11 259
11 265
11 272
11 277
11 282
11 302
11 365
11 429
11 451
11 490
11 524
11 705
11 710
11 796
11 797
11 798
11 799
12 35
12 76
12 156
12 275
12 310
12 365
13 16
13 150
13 180
13 264
13 286
13 322
13 334
13 338
13 379
13 488
13 513
13 517
13 625
13 645
13 675
13 683
13 767
13 815
13 816
13 817
13 818
13 819
13 820
14 484
15 261
15 518
15 562
16 491
16 553
16 556
16 714
16 818
17 76
17 429
17 441
19 547
20 210
20 261
20 267
20 482
20 587
20 674
20 696
20 736
20 947
21 323
21 815
23 818
25 35
25 104
25 259
25 283
25 323
25 368
25 424
25 428
25 443
25 522
25 578
25 626
25 685
25 750
25 783
25 856
25 940
25 967
27 419
27 556
27 731
27 839
29 856
30 323
30 429
30 494
30 697
32 559
33 78
33 80
33 220
33 480
33 719
33 966
34 502
35 264
35 344
35 477
39 76
39 569
40 309
41 208
41 217
41 429
41 824
41 874
42 556
43 560
45 46
46 69
46 203
46 205
46 976
48 92
49 685
51 455
56 647
57 732
58 923
59 212
60 664
60 919
63 562
63 830
64 156
64 470
64 539
64 575
67 411
67 453
67 584
67 728
68 351
69 323
70 76
70 78
70 81
70 85
70 92
70 94
70 113
70 128
70 138
70 140
70 144
70 146
71 94
71 204
71 277
71 424
71 553
71 573
71 642
71 645
71 647
72 378
72 549
73 92
73 548
73 549
73 586
74 213
74 310
75 573
75 776
76 83
76 187
76 203
76 207
76 261
76 300
76 427
76 479
76 494
76 495
76 584
76 651
76 676
76 695
76 788
76 789
77 377
77 562
77 767
78 85
78 94
78 98
78 138
78 150
78 156
78 284
78 307
78 326
78 331
78 363
78 379
78 467
78 664
78 677
78 721
78 828
78 829
78 830
78 831
78 832
79 378
79 404
80 309
80 551
80 552
80 592
81 149
81 164
81 207
81 261
81 517
81 828
82 697
82 729
83 569
83 573
83 683
83 846
84 421
84 471
84 815
85 160
85 223
85 260
85 300
85 583
85 588
85 665
85 688
85 918
86 385
86 831
87 199
87 432
88 856
89 441
89 513
89 569
89 724
90 548
90 555
91 393
92 155
92 373
92 386
92 460
92 510
92 611
92 667
92 962
92 971
94 103
94 150
94 376
94 628
94 671
94 904
94 951
95 553
96 365
96 484
96 556
97 548
98 830
101 322
104 156
104 491
104 732
107 441
108 919
113 119
113 261
113 514
113 574
113 733
113 775
113 979
114 387
116 281
119 204
120 212
120 237
121 140
127 204
127 577
128 139
128 156
128 343
128 418
128 693
128 863
128 897
131 550
133 204
133 309
133 404
134 421
135 218
135 598
138 452
138 723
138 959
140 177
140 192
141 144
141 832
143 478
143 561
144 261
144 949
146 204
146 300
146 425
146 802
147 664
149 156
149 162
149 171
149 187
149 197
149 199
150 156
150 162
150 281
150 370
150 419
150 429
150 502
150 518
150 529
151 356
151 776
151 803
152 484
152 529
152 728
152 815
153 337
153 919
154 261
154 550
154 554
154 664
155 796
155 923
156 158
156 168
156 215
156 421
156 477
156 491
156 586
156 741
156 753
156 828
156 860
156 900
156 948
157 899
159 370
160 518
162 261
162 304
162 756
163 309
163 721
164 550
165 899
168 554
168 728
170 310
171 178
171 225
171 254
171 261
171 375
171 477
171 858
171 908
171 959
173 562
173 901
176 550
176 886
179 281
180 261
180 645
181 750
183 404
185 199
185 478
186 213
186 455
187 369
187 479
187 480
187 522
187 755
192 577
197 524
197 662
197 676
197 774
199 306
199 728
202 551
203 204
203 212
203 213
203 218
203 237
204 213
204 230
204 259
204 281
204 304
204 387
204 545
204 546
204 572
204 573
204 574
204 575
204 576
204 577
204 578
204 579
204 580
204 581
205 237
205 261
205 645
205 677
206 307
206 337
206 338
206 564
207 212
207 309
208 642
209 675
210 919
211 484
212 305
212 429
212 430
212 563
213 264
213 418
213 652
213 654
213 743
213 924
214 796
215 378
215 767
215 839
218 278
218 417
218 489
218 587
218 614
218 917
221 518
222 832
227 598
228 322
230 556
237 292
237 887
239 455
244 310
245 320
246 290
250 432
250 923
253 393
257 685
259 261
259 275
259 277
259 281
259 282
259 290
259 294
260 307
260 552
260 664
261 275
261 294
261 317
261 320
261 325
261 441
261 453
261 455
261 471
261 482
261 518
261 568
261 580
261 592
261 598
261 678
261 697
261 714
261 724
261 725
261 726
261 727
261 728
261 729
261 730
261 731
261 732
262 290
262 664
262 683
262 750
263 275
263 518
263 714
263 767
264 561
265 490
265 491
265 513
265 846
266 370
266 592
268 309
268 478
268 803
269 664
270 729
272 387
272 504
272 561
272 579
272 799
273 829
274 776
275 300
277 403
277 417
277 501
277 517
279 494
279 728
279 846
280 310
281 367
281 503
281 575
281 696
281 798
281 852
281 949
281 992
281 996
282 285
282 519
282 613
282 614
282 737
282 764
282 794
282 838
282 857
282 891
282 993
283 347
284 642
284 728
285 598
286 549
288 490
289 310
290 418
290 431
290 650
293 337
294 328
294 348
294 793
295 815
299 310
299 371
299 556
300 320
300 334
300 371
300 478
301 490
302 555
303 549
303 664
303 729
303 839
305 310
305 432
305 547
306 478
307 467
307 591
307 844
307 882
308 309
308 565
309 570
309 720
309 859
309 864
309 890
310 335
310 376
310 726
310 797
310 882
310 908
311 796
312 675
313 370
313 677
314 552
315 432
315 815
317 471
318 829
320 358
320 368
320 735
320 840
320 855
321 513
321 829
322 374
322 480
322 777
323 457
323 661
323 676
323 888
325 490
325 556
326 732
329 799
331 455
331 732
332 642
334 591
334 688
334 761
334 972
337 428
337 670
337 800
337 877
338 488
338 521
338 558
338 763
338 804
339 731
343 351
343 577
343 776
347 413
347 696
347 728
347 733
347 987
348 378
351 422
351 728
351 817
354 550
355 598
355 831
356 438
356 520
356 728
359 551
363 806
363 809
363 927
365 480
368 421
368 550
370 418
370 563
370 588
370 636
370 763
370 777
370 778
370 779
370 780
371 373
371 405
371 425
371 492
371 643
371 837
371 843
372 478
372 625
372 728
372 799
373 377
373 383
373 429
373 491
374 551
374 866
375 559
375 866
377 402
377 438
377 954
377 973
377 975
378 649
378 773
378 944
378 946
378 970
379 550
379 796
380 404
380 598
381 721
382 796
383 435
383 448
383 461
383 608
385 407
385 477
385 489
385 811
386 767
387 430
387 855
388 550
388 721
389 579
391 550
391 815
393 398
393 575
393 891
393 953
394 559
396 551
402 555
403 484
404 429
404 872
410 645
410 697
417 548
418 504
418 886
419 429
419 933
421 501
421 635
421 676
421 983
422 581
422 815
424 510
424 566
424 618
424 706
424 713
424 806
424 870
425 491
427 697
427 698
428 564
429 502
429 504
429 522
429 642
429 684
429 698
429 705
429 839
429 866
429 899
429 900
429 901
430 494
430 549
430 697
430 698
432 437
432 460
432 480
432 517
432 557
432 643
432 666
432 745
432 916
434 598
434 625
436 899
437 548
439 592
441 483
441 681
441 895
441 929
442 886
442 919
443 490
443 685
445 829
446 529
446 548
447 555
451 491
451 567
452 550
453 549
455 680
455 905
455 924
455 958
458 729
469 815
471 640
477 478
478 626
478 634
478 739
478 741
478 754
478 771
478 772
478 773
479 562
480 518
480 899
484 566
484 725
484 929
490 493
490 568
490 585
491 628
491 682
491 892
492 647
495 573
500 721
502 589
504 725
506 518
510 899
514 529
514 698
517 547
517 866
518 538
518 680
518 726
518 914
519 573
519 664
520 555
521 799
523 573
524 571
525 554
527 647
528 796
529 539
529 580
529 824
532 560
536 731
538 728
541 818
542 549
545 729
546 586
547 604
547 644
547 652
547 819
548 841
548 848
548 933
549 678
549 686
549 816
550 741
550 774
550 789
550 871
551 635
551 855
551 873
551 874
551 954
552 727
553 761
553 894
554 576
554 595
554 639
554 784
554 825
554 910
554 930
554 948
555 713
555 801
555 989
556 601
556 655
556 932
558 560
559 857
560 590
560 709
560 965
560 982
560 998
561 740
561 956
564 952
565 609
565 736
565 967
567 777
567 816
567 871
571 572
571 624
571 777
573 772
575 750
575 856
577 682
579 582
579 710
581 600
581 733
581 929
582 856
585 886
586 678
590 698
590 815
598 727
602 685
605 698
611 697
613 832
620 675
625 653
627 886
633 799
642 661
645 844
646 846
647 728
650 815
658 731
663 697
664 760
664 783
668 796
675 781
675 934
675 970
677 733
683 755
683 806
683 820
684 721
687 818
689 899
695 923
697 834
697 910
698 928
705 901
706 866
712 714
712 856
714 894
714 969
720 830
724 736
724 971
728 730
728 776
728 803
728 817
728 846
728 886
728 919
728 923
735 923
740 796
741 856
743 886
749 923
750 788
752 923
760 923
761 831
776 804
777 846
786 799
796 971
803 956
803 962
805 901
815 894
815 983
829 890
830 968
831 962
832 882
839 867
839 907
839 933
846 847
856 928
856 940
886 959
899 993
901 976
