0 1
0 2
0 3
0 4
0 5
0 6
0 7
0 8
0 9
0 10
0 11
0 12
0 13
0 14
0 15
0 16
0 17
0 18
0 19
0 20
0 21
0 22
0 23
0 24
0 25
0 26
0 27
0 28
0 29
0 30
0 31
0 32
0 33
0 34
0 35
0 36
0 37
0 38
0 39
0 40
0 41
0 42
0 43
0 44
0 45
0 46
0 47
0 48
0 49
0 50
0 51
0 52
0 53
0 54
0 55
0 56
0 57
0 58
0 59
0 60
0 61
0 62
0 63
0 64
0 65
0 66
0 67
0 68
0 69
1 3
1 11
1 14
1 15
1 39
1 170
1 310
1 344
1 352
1 354
1 362
2 3
2 10
2 16
2 20
2 32
2 257
2 371
2 376
2 377
2 392
2 399
2 409
2 412
3 26
3 27
3 43
3 70
3 78
3 125
3 174
3 223
3 239
3 259
3 279
3 371
3 377
3 417
3 418
3 419
3 420
3 421
3 422
3 423
3 424
3 425
3 426
4 16
4 29
4 59
4 62
4 376
4 420
4 447
4 448
4 452
5 14
5 16
5 24
5 31
5 36
5 52
5 258
5 280
5 291
5 371
5 489
5 491
5 493
6 25
6 46
6 197
6 310
6 371
6 376
6 377
6 417
6 546
6 550
6 556
6 558
6 564
6 571
7 14
7 25
7 28
7 30
7 33
7 49
7 90
7 176
7 184
7 289
7 409
7 417
7 419
7 447
7 550
7 609
7 618
7 626
7 630
8 111
8 272
8 354
8 392
8 420
8 564
8 609
8 675
8 689
8 691
8 694
9 11
10 70
10 72
10 85
10 167
10 203
10 234
10 406
10 418
10 564
10 586
10 587
10 675
10 719
10 720
10 721
10 722
10 723
10 724
11 203
11 259
11 265
11 272
11 277
11 282
11 302
11 365
11 429
11 451
11 490
11 524
11 705
11 710
11 796
11 797
11 798
11 799
12 18
12 35
12 38
12 42
12 76
12 83
12 90
12 150
12 154
12 156
12 158
12 184
12 205
12 262
12 275
12 310
12 335
12 344
12 362
12 365
12 399
12 409
12 426
12 428
12 489
12 493
12 520
12 546
12 582
12 639
12 727
12 735
12 745
12 747
12 805
12 806
12 807
12 808
12 809
12 810
12 811
12 812
12 813
12 814
13 16
13 675
13 818
14 211
14 224
14 259
14 314
14 484
14 857
15 150
15 166
15 220
15 222
15 261
15 427
15 430
15 433
15 518
15 562
15 876
15 877
16 19
16 95
16 188
16 257
16 291
16 316
16 325
16 352
16 392
16 412
16 447
16 448
16 481
16 491
16 553
16 556
16 558
16 609
16 714
16 769
16 777
16 818
16 828
16 844
16 847
16 854
16 891
16 892
16 893
16 894
16 895
16 896
16 897
16 898
17 111
17 808
18 32
18 52
18 810
19 29
19 417
19 908
20 210
20 261
20 267
20 482
20 587
20 674
20 696
20 736
20 947
21 71
21 86
21 120
21 265
21 323
21 418
21 633
21 772
21 815
21 867
21 885
22 28
23 546
23 818
24 82
24 145
24 311
24 406
24 443
24 477
24 544
24 786
24 868
24 896
24 970
25 35
25 104
25 259
25 283
25 323
25 368
25 424
25 428
25 443
25 522
25 578
25 626
25 685
25 750
25 783
25 856
25 940
25 967
26 62
27 53
27 419
27 524
27 556
27 891
28 75
28 584
28 909
28 922
29 149
29 195
29 247
29 305
29 722
29 819
29 856
29 885
30 265
30 323
30 429
30 494
30 542
30 582
30 697
30 849
31 54
31 203
31 262
31 316
31 649
31 793
31 863
32 313
32 418
32 559
32 931
32 932
32 967
33 78
33 80
33 220
33 480
33 719
33 966
34 898
35 344
36 263
36 311
36 771
36 825
37 70
37 106
37 278
37 395
37 480
38 898
39 76
39 168
39 364
39 479
39 569
39 801
40 87
40 181
40 264
40 274
40 309
41 208
41 217
41 429
41 824
41 874
42 556
44 75
44 311
44 480
44 585
44 700
44 744
44 935
45 46
46 69
46 203
46 205
46 976
47 73
47 77
47 153
47 545
47 809
48 56
48 280
49 57
49 149
49 166
49 327
49 621
49 685
50 89
50 203
50 373
50 522
50 889
51 83
51 87
51 425
51 455
52 149
52 665
52 802
53 99
53 572
53 587
53 621
53 624
55 155
55 279
55 437
55 619
55 751
55 844
56 73
56 203
56 325
56 647
56 785
58 61
58 304
58 589
58 606
58 884
58 923
59 71
59 212
59 353
60 88
60 174
60 357
60 664
60 919
62 369
62 669
62 805
63 66
63 109
63 303
63 375
63 562
63 830
64 156
64 470
64 539
64 575
65 131
65 150
65 380
65 869
67 411
67 453
67 584
67 728
68 266
68 351
68 595
68 777
70 90
70 97
70 111
70 125
71 639
72 167
72 272
73 234
74 170
74 310
75 448
75 705
75 727
77 377
77 526
77 739
78 721
78 828
79 176
79 184
79 272
79 747
80 90
80 164
81 164
81 828
83 694
83 730
84 97
84 289
84 399
84 421
84 891
84 895
85 223
86 167
86 811
88 90
89 724
89 807
90 379
90 548
90 555
90 719
90 825
90 939
91 854
94 376
95 705
95 812
96 556
96 727
97 164
97 316
97 548
97 686
97 885
97 974
98 808
98 897
99 352
100 447
100 618
103 170
103 526
103 927
104 491
105 125
105 452
107 705
108 234
109 111
109 812
111 447
111 859
111 982
114 891
118 578
119 734
120 184
120 188
120 808
123 882
124 639
124 847
125 240
125 259
125 627
125 679
125 822
125 973
128 897
130 811
131 550
134 421
134 883
138 452
148 239
149 154
149 164
149 167
149 170
149 176
149 184
149 188
149 197
150 417
150 419
150 520
150 524
150 526
152 720
154 241
154 255
154 259
154 261
154 303
154 316
154 443
154 470
154 550
154 554
154 606
154 664
154 726
154 734
154 883
154 902
154 921
155 796
156 421
156 491
156 828
158 854
160 720
163 420
163 721
164 258
164 388
164 416
164 433
164 526
164 533
164 550
164 585
164 614
164 618
164 689
164 980
166 344
167 206
167 473
167 671
167 880
167 932
167 949
169 289
170 310
170 787
170 840
170 869
170 997
171 908
175 520
176 550
176 638
176 758
176 774
176 794
176 886
176 916
177 705
179 798
180 448
181 750
183 520
184 716
184 873
188 266
188 777
190 894
197 524
197 662
197 676
197 774
201 639
203 223
203 234
203 239
203 241
203 255
203 257
203 258
204 546
204 578
205 520
205 783
206 399
206 546
206 564
206 639
209 417
209 675
209 927
210 392
210 828
211 241
214 796
214 810
214 891
215 882
218 417
218 489
219 626
219 806
223 269
223 423
223 590
224 272
227 546
228 280
229 420
230 556
230 783
234 406
234 638
235 352
236 257
238 524
238 898
239 274
239 455
239 542
239 719
240 747
241 375
241 379
244 310
244 895
244 921
249 520
255 439
255 451
255 460
257 685
258 934
258 943
259 272
259 275
259 280
259 289
259 291
261 275
261 724
261 727
261 730
262 376
262 747
262 750
263 275
263 344
264 842
265 491
265 847
267 399
267 524
267 746
268 882
272 387
272 504
272 561
272 579
272 590
272 681
272 799
272 835
272 984
274 739
275 300
276 489
277 417
279 420
280 310
280 480
280 509
280 868
280 932
281 798
282 891
283 524
289 310
291 315
291 682
291 769
296 814
299 310
299 371
299 556
300 371
300 409
300 520
300 734
300 739
300 745
300 746
302 813
303 806
305 310
305 810
306 783
307 882
308 730
309 720
310 335
310 376
310 726
310 797
310 882
310 908
311 796
312 493
312 675
316 720
317 524
317 630
321 921
325 556
328 806
328 842
329 489
333 897
335 526
338 558
346 354
352 741
354 391
354 550
355 609
356 520
362 568
362 684
362 736
362 868
363 806
363 927
366 808
368 421
368 550
371 373
371 405
371 425
371 492
371 643
371 837
371 843
373 377
373 489
373 491
373 546
373 734
375 813
376 853
376 867
376 876
376 965
377 402
377 438
377 954
377 973
377 975
379 452
379 550
379 796
380 727
381 721
382 796
382 980
383 448
385 489
385 811
388 550
388 689
388 691
388 721
389 813
389 894
391 550
392 401
392 602
392 665
392 896
393 891
396 798
407 897
409 874
409 972
412 499
412 654
412 754
416 689
417 465
417 548
417 575
417 587
417 653
417 753
417 859
418 882
419 429
419 933
421 501
421 635
421 676
421 983
422 895
424 618
424 806
425 491
426 546
427 691
428 520
428 564
428 747
428 883
429 705
430 489
432 745
437 814
439 806
441 895
444 806
447 458
447 534
447 555
447 809
447 833
447 842
447 893
447 984
447 990
448 461
448 464
448 608
448 902
448 914
448 918
448 999
451 491
452 550
452 682
456 734
457 813
458 746
462 730
463 691
465 734
470 806
477 705
478 626
478 739
479 558
479 746
481 807
481 891
481 908
490 493
491 628
491 682
491 892
493 498
493 735
500 721
508 921
512 727
519 734
519 921
520 555
520 576
520 583
520 715
520 768
520 825
521 626
521 734
521 814
524 571
524 630
524 679
524 691
524 694
524 730
524 739
524 746
524 753
524 927
524 988
525 630
526 585
526 726
526 794
526 860
526 862
526 938
528 796
528 927
533 891
541 818
545 854
546 574
546 586
546 958
550 741
550 774
550 789
550 871
552 727
553 894
554 639
556 601
556 655
556 932
558 560
558 595
558 858
564 952
565 609
570 720
571 572
571 624
571 777
574 842
575 630
575 750
578 665
578 837
587 618
593 812
596 808
597 927
598 727
599 747
605 811
609 735
609 933
620 675
621 988
622 694
637 988
639 666
640 730
653 811
655 854
656 814
659 689
664 783
668 796
670 988
675 781
675 934
675 970
678 842
681 882
682 745
683 806
684 721
687 818
687 891
689 899
694 821
703 908
705 901
710 806
712 980
714 894
717 727
720 830
723 807
724 736
724 971
727 800
727 823
727 948
727 976
728 730
730 789
730 963
733 747
734 936
735 807
735 847
738 882
739 793
740 796
745 993
747 809
747 817
747 946
750 788
756 828
780 828
783 945
796 971
798 835
806 985
807 877
809 988
810 845
810 850
811 900
812 976
815 894
832 882
838 847
846 847
847 987
852 927
854 975
869 891
871 883
879 898
882 889
882 997
882 998
883 933
891 907
891 940
893 980
894 969
894 998
895 911
895 938
909 980
927 995
