0 1
0 9
0 15
0 23
0 31
0 44
0 52
1 2
1 3
1 4
1 5
1 6
1 7
1 9
1 11
1 14
1 15
1 19
1 22
1 23
1 26
1 39
1 70
1 77
1 80
1 82
1 105
1 132
1 149
1 150
1 153
1 161
1 170
1 185
1 203
1 204
1 208
1 211
1 217
1 221
1 228
1 235
1 236
1 259
1 260
1 261
1 267
1 300
1 301
1 302
1 303
1 304
1 305
1 306
1 307
1 308
1 309
1 310
1 311
1 312
1 313
1 314
1 315
1 316
1 317
1 318
1 319
1 320
1 321
1 322
1 323
1 324
1 325
1 326
1 327
1 328
1 329
1 330
1 331
1 332
1 333
1 334
1 335
1 336
1 337
1 338
1 339
1 340
1 341
1 342
1 343
1 344
1 345
1 346
1 347
1 348
1 349
1 350
1 351
1 352
1 353
1 354
1 355
1 356
1 357
1 358
1 359
1 360
1 361
1 362
1 363
1 364
1 365
1 366
1 367
1 368
1 369
2 121
2 162
2 192
2 259
2 301
2 316
2 317
2 318
2 323
2 328
2 341
2 346
2 384
3 174
3 259
4 9
4 147
4 149
4 172
4 177
4 198
4 264
4 296
4 321
4 348
4 351
4 439
4 444
5 31
5 52
5 202
5 259
5 265
5 280
5 291
5 307
5 311
5 482
5 484
6 197
6 259
6 290
6 306
6 309
6 337
6 484
6 557
7 9
7 23
7 82
7 149
7 171
7 176
7 184
7 192
7 193
7 259
7 264
7 289
7 301
7 327
7 345
7 349
7 357
7 360
7 605
7 606
7 617
8 272
8 298
8 335
8 339
9 11
9 74
9 122
9 159
9 166
9 203
9 270
9 430
9 433
9 585
9 589
9 591
9 710
9 711
9 712
9 713
9 714
9 715
9 716
9 717
9 718
10 167
11 259
11 265
11 272
11 277
11 282
11 365
11 710
12 158
12 184
12 275
12 335
12 344
12 362
12 365
13 180
13 264
13 286
13 322
13 334
13 338
14 211
14 259
14 484
15 150
15 166
15 220
15 222
15 261
15 427
15 430
15 433
15 518
15 562
15 876
15 877
16 188
16 291
16 316
16 325
16 352
16 714
16 892
17 318
18 52
18 180
18 312
19 105
19 384
20 482
21 265
21 323
22 339
23 207
23 232
23 546
23 818
23 909
24 82
24 311
25 104
25 259
25 323
25 368
26 177
26 330
27 355
29 149
29 195
30 265
30 323
31 54
31 203
31 262
31 316
31 649
31 793
31 863
32 313
34 325
35 264
35 344
36 311
39 364
40 181
40 264
40 309
41 217
42 325
42 708
43 292
44 75
44 311
44 480
44 585
44 700
44 744
44 935
48 259
48 280
49 149
49 327
52 149
52 665
52 802
56 325
58 606
59 353
60 174
60 357
62 369
66 295
68 351
69 323
70 82
70 104
70 105
70 121
70 139
70 147
70 148
71 82
71 173
71 190
71 236
71 259
71 265
71 277
71 313
71 332
71 345
71 444
72 167
72 172
72 211
72 271
72 272
72 284
72 317
72 326
73 311
73 313
73 759
74 312
74 327
74 332
74 384
75 149
75 361
77 172
77 181
77 271
77 298
77 321
77 332
77 753
78 284
78 307
78 326
78 363
79 149
79 176
79 184
79 272
79 292
79 353
80 164
80 183
80 309
81 149
81 164
82 98
82 208
82 229
82 336
82 525
82 697
82 729
82 735
82 833
83 288
83 846
84 105
84 139
84 259
84 271
84 289
84 482
84 713
86 167
86 340
87 198
87 211
88 174
88 276
88 313
89 342
89 358
89 369
89 759
91 217
91 366
96 173
96 365
96 484
97 164
97 316
99 316
99 352
101 322
101 952
104 122
104 156
104 259
104 425
104 491
104 612
104 732
104 935
105 125
105 428
105 452
105 536
105 674
105 849
106 845
107 349
107 605
108 708
110 345
110 713
112 311
117 200
118 189
120 184
120 188
121 140
121 259
121 430
121 761
125 259
126 439
128 139
132 348
133 309
137 361
137 845
139 265
139 527
139 996
140 177
140 192
147 264
147 664
147 793
148 149
148 239
148 431
148 503
149 150
149 151
149 152
149 153
149 154
149 155
149 156
149 157
149 158
149 159
149 160
149 161
149 162
149 163
149 164
149 165
149 166
149 167
149 168
149 169
149 170
149 171
149 172
149 173
149 174
149 175
149 176
149 177
149 178
149 179
149 180
149 181
149 182
149 183
149 184
149 185
149 186
149 187
149 188
149 189
149 190
149 191
149 192
149 193
149 194
149 195
149 196
149 197
149 198
149 199
149 200
149 201
149 202
150 158
150 162
150 190
150 217
150 301
150 306
150 311
150 313
150 317
150 348
150 350
151 356
152 198
152 259
152 295
152 312
152 484
152 827
153 259
153 337
154 241
154 259
154 316
154 606
155 318
155 330
156 158
156 753
157 328
158 203
158 410
158 680
158 854
159 192
160 439
161 191
161 265
162 261
162 304
162 756
163 309
164 258
164 388
164 416
164 433
164 526
164 533
164 550
164 585
164 614
164 618
164 689
164 980
165 265
166 326
166 344
166 444
167 206
167 473
167 671
167 880
167 932
167 949
168 325
169 259
169 289
171 178
171 225
171 254
171 261
171 375
171 477
171 858
171 908
171 959
172 434
172 532
172 537
172 978
173 206
173 562
173 635
173 659
173 702
173 773
173 791
173 901
174 437
174 726
174 841
174 930
174 961
175 259
175 606
176 550
176 638
176 758
176 774
176 794
176 886
176 916
177 705
177 735
178 264
179 264
180 245
180 261
180 448
180 464
180 624
180 645
180 826
180 920
181 427
181 474
181 737
181 750
182 330
183 404
183 428
183 520
183 668
183 688
183 850
184 716
184 873
185 195
185 306
186 213
186 455
186 527
186 914
186 924
186 933
187 369
188 266
188 777
189 416
189 602
189 655
189 699
190 574
190 894
191 533
191 725
191 968
192 577
193 391
193 511
193 519
193 574
193 749
194 287
194 317
195 487
195 941
196 439
197 524
197 662
197 676
197 774
198 638
199 306
200 402
200 521
200 779
201 619
201 637
201 639
201 669
202 389
202 551
202 852
203 211
203 217
203 221
203 236
203 241
203 252
204 259
205 605
205 782
206 307
206 318
206 337
206 338
207 259
207 296
207 309
208 259
208 264
209 276
210 259
210 330
211 241
211 324
211 331
211 439
211 480
211 484
211 605
211 653
211 711
211 892
211 935
211 940
211 941
213 264
214 287
215 345
216 221
217 319
217 957
217 981
219 384
221 518
221 824
221 910
224 272
228 280
228 322
233 782
235 352
236 257
236 274
236 590
236 615
236 757
236 834
236 943
237 292
241 375
241 379
243 340
245 718
246 290
246 312
248 348
252 264
252 473
252 531
252 631
252 738
252 765
255 439
259 260
259 261
259 262
259 263
259 264
259 265
259 266
259 267
259 268
259 269
259 270
259 271
259 272
259 273
259 274
259 275
259 276
259 277
259 278
259 279
259 280
259 281
259 282
259 283
259 284
259 285
259 286
259 287
259 288
259 289
259 290
259 291
259 292
259 293
259 294
259 295
259 296
259 297
259 298
259 299
260 271
260 284
260 307
261 275
261 317
261 325
261 482
261 714
262 265
262 290
262 341
262 710
263 264
263 275
263 344
263 617
263 714
264 482
264 545
264 561
264 752
264 842
265 266
265 384
265 440
265 490
265 491
265 513
265 725
265 755
265 759
265 782
265 824
265 827
265 841
265 844
265 845
265 846
265 847
265 848
265 849
265 850
265 851
265 852
265 853
268 309
269 333
270 288
270 952
271 528
271 589
271 636
271 712
271 795
271 816
271 850
272 387
272 504
272 561
272 579
272 590
272 681
272 799
272 835
272 984
273 295
273 321
274 312
274 444
275 300
276 489
276 523
276 696
276 970
277 403
277 417
277 501
277 517
278 292
278 713
279 288
279 321
279 846
280 310
280 480
280 509
280 868
280 932
281 367
282 285
282 519
282 613
282 614
282 737
282 764
282 794
282 838
282 857
282 891
282 993
283 347
284 642
284 728
284 757
284 881
284 968
286 372
286 435
286 549
287 519
287 653
287 704
287 960
287 992
288 490
289 310
290 418
290 431
290 650
291 315
291 682
291 769
293 337
294 328
294 348
295 815
295 940
296 300
296 477
296 703
296 814
297 325
298 375
298 398
298 414
298 999
299 325
300 306
300 311
300 326
300 330
300 334
300 339
301 359
301 402
301 427
301 490
301 545
301 606
301 752
301 753
301 754
301 755
301 756
301 757
301 758
302 321
302 715
303 339
303 439
304 364
305 357
306 423
306 478
306 497
306 673
306 690
306 783
307 467
307 591
307 844
307 882
308 309
309 570
309 720
309 859
309 864
309 890
310 335
311 444
311 557
311 576
311 708
311 711
311 796
311 848
311 858
312 375
312 418
312 480
312 493
312 528
312 675
312 679
312 888
312 917
313 370
313 677
313 788
313 790
313 932
313 933
314 316
315 358
316 450
316 525
316 617
316 674
316 716
316 720
316 877
316 951
316 952
317 319
317 329
317 471
317 524
317 535
317 612
317 630
317 959
318 475
318 574
318 709
318 717
318 829
318 890
320 358
320 368
321 324
321 481
321 513
321 632
321 829
321 921
321 951
322 374
322 480
322 777
323 457
323 661
323 676
323 888
325 445
325 490
325 556
325 588
325 687
325 966
326 732
326 858
327 437
327 464
327 486
327 516
327 534
327 648
328 390
328 411
328 415
328 430
328 449
328 726
328 793
328 795
328 797
328 806
328 842
328 876
330 449
332 479
332 596
332 642
332 792
333 480
333 725
333 868
333 897
334 591
334 688
334 761
334 972
335 526
335 700
337 428
337 670
337 800
337 877
338 488
338 521
338 558
338 763
338 804
339 731
339 744
340 381
340 517
340 733
340 874
340 956
341 386
341 477
342 433
342 487
342 584
342 942
342 985
343 351
345 743
346 354
346 373
346 390
346 531
346 651
346 744
346 748
346 947
346 960
347 413
347 696
347 728
347 733
347 987
348 378
348 465
348 667
348 913
349 373
349 778
350 437
350 508
350 575
350 596
351 422
351 728
351 817
352 741
353 449
353 590
353 879
353 888
353 909
355 598
355 609
355 735
355 831
355 851
356 438
356 520
356 728
357 480
358 440
360 680
360 702
360 933
360 994
361 430
361 545
362 568
362 684
362 736
362 868
363 806
363 809
363 927
364 736
364 787
364 801
365 480
366 670
366 686
366 808
367 575
367 593
367 922
368 421
368 550
369 771
373 782
375 853
376 853
381 782
384 523
384 873
389 710
394 708
403 484
417 753
422 827
423 482
424 713
425 827
432 557
434 892
435 715
437 759
439 446
439 480
439 592
439 646
439 702
439 781
439 806
439 885
439 956
444 806
444 975
450 853
469 782
477 708
482 775
484 566
484 725
484 929
491 892
501 710
508 952
519 710
520 715
522 892
524 753
541 557
555 713
557 590
557 711
557 860
557 937
557 999
564 952
572 845
579 710
582 718
583 718
583 853
584 759
596 617
605 635
605 663
605 698
605 811
605 941
606 792
606 937
610 715
617 877
628 713
646 846
710 756
710 806
710 823
710 965
712 714
713 851
714 894
714 969
715 821
717 718
726 845
728 846
735 845
777 782
777 846
782 989
810 845
827 943
845 950
846 847
