0 6
1 6
1 310
2 72
2 192
2 370
3 417
4 159
4 370
4 429
5 484
6 13
6 25
6 46
6 71
6 72
6 77
6 78
6 92
6 140
6 150
6 152
6 163
6 197
6 203
6 204
6 205
6 218
6 230
6 237
6 259
6 261
6 290
6 303
6 306
6 309
6 310
6 331
6 337
6 370
6 371
6 376
6 377
6 378
6 383
6 385
6 393
6 417
6 428
6 429
6 432
6 451
6 467
6 478
6 484
6 488
6 529
6 545
6 546
6 547
6 548
6 549
6 550
6 551
6 552
6 553
6 554
6 555
6 556
6 557
6 558
6 559
6 560
6 561
6 562
6 563
6 564
6 565
6 566
6 567
6 568
6 569
6 570
6 571
7 72
7 192
7 237
7 370
7 417
7 429
8 72
9 159
10 72
11 429
12 310
14 484
17 429
19 417
26 72
30 429
41 429
70 72
72 86
72 91
72 93
72 119
72 126
72 130
72 150
72 166
72 167
72 169
72 172
72 211
72 215
72 242
72 260
72 271
72 272
72 284
72 317
72 326
72 373
72 378
72 411
72 415
72 428
72 477
72 505
72 549
72 652
72 653
72 654
72 655
72 656
72 657
72 658
72 659
72 660
72 661
72 662
72 663
74 310
96 484
120 237
140 192
149 159
149 192
150 159
150 370
150 417
150 429
152 484
154 554
159 192
159 370
168 554
170 310
192 577
203 237
205 237
209 417
211 484
212 429
218 417
237 292
237 887
244 310
266 370
277 417
280 310
289 310
299 310
305 310
310 335
310 376
310 726
310 797
310 882
310 908
311 557
313 370
370 418
370 563
370 588
370 636
370 763
370 777
370 778
370 779
370 780
373 429
403 484
404 429
417 465
417 548
417 575
417 587
417 653
417 753
417 859
419 429
429 502
429 504
429 522
429 642
429 684
429 698
429 705
429 839
429 866
429 899
429 900
429 901
432 557
484 566
484 725
484 929
525 554
541 557
554 576
554 595
554 639
554 784
554 825
554 910
554 930
554 948
557 590
557 711
557 860
557 937
557 999
