0 26
1 26
1 211
1 348
2 72
2 378
2 415
3 26
4 91
4 348
5 477
6 72
6 378
7 72
8 72
8 477
10 72
14 211
24 477
26 62
26 72
26 155
26 177
26 330
26 909
26 929
27 477
35 477
54 477
70 72
70 91
70 119
70 130
72 86
72 91
72 93
72 119
72 126
72 130
72 150
72 166
72 167
72 169
72 172
72 211
72 215
72 242
72 260
72 271
72 272
72 284
72 317
72 326
72 373
72 378
72 411
72 415
72 428
72 477
72 505
72 549
72 652
72 653
72 654
72 655
72 656
72 657
72 658
72 659
72 660
72 661
72 662
72 663
77 91
77 271
79 378
84 271
86 477
87 211
89 130
89 477
91 203
91 217
91 366
91 393
91 533
91 854
91 973
91 974
93 656
113 119
119 204
119 734
119 770
119 861
130 207
130 811
132 348
142 242
150 348
150 477
156 477
171 477
203 211
203 242
209 242
211 241
211 324
211 331
211 439
211 480
211 484
211 605
211 653
211 711
211 892
211 935
211 940
211 941
215 378
222 242
242 430
242 972
248 348
259 271
260 271
260 477
262 477
270 415
271 528
271 589
271 636
271 712
271 795
271 816
271 850
294 348
296 477
297 477
328 415
341 477
348 378
348 465
348 667
348 913
373 415
374 656
378 649
378 773
378 944
378 946
378 970
385 477
390 477
436 477
449 656
450 477
477 478
477 507
477 517
477 582
477 588
477 599
477 641
477 673
477 679
477 682
477 690
477 704
477 705
477 706
477 707
477 708
477 709
655 656
656 814
656 889
