1 259
2 259
2 375
3 259
4 438
5 259
5 497
6 152
6 259
6 529
7 152
7 259
7 289
7 375
8 152
11 259
14 259
25 259
26 155
48 259
55 155
57 152
63 375
71 259
73 155
84 259
84 289
86 826
92 155
100 438
101 438
104 259
108 497
110 826
121 259
125 259
134 438
136 152
149 152
149 155
149 178
150 226
150 529
150 541
152 155
152 160
152 178
152 198
152 226
152 259
152 295
152 312
152 375
152 438
152 445
152 484
152 497
152 529
152 541
152 634
152 720
152 726
152 728
152 766
152 815
152 824
152 825
152 826
152 827
153 259
154 259
155 245
155 260
155 300
155 318
155 324
155 330
155 486
155 619
155 796
155 816
155 825
155 903
155 922
155 923
160 178
169 259
169 289
171 178
171 375
175 259
178 196
178 264
180 826
203 226
204 259
207 259
208 259
210 259
226 398
226 602
226 725
226 968
241 375
259 260
259 261
259 262
259 263
259 264
259 265
259 266
259 267
259 268
259 269
259 270
259 271
259 272
259 273
259 274
259 275
259 276
259 277
259 278
259 279
259 280
259 281
259 282
259 283
259 284
259 285
259 286
259 287
259 288
259 289
259 290
259 291
259 292
259 293
259 294
259 295
259 296
259 297
259 298
259 299
261 294
263 438
289 310
294 328
294 348
294 793
298 375
306 497
312 375
319 541
331 375
356 438
375 398
375 427
375 446
375 501
375 559
375 563
375 752
375 813
375 853
375 866
375 942
375 963
375 964
377 438
380 438
438 466
438 871
446 529
497 800
503 826
514 529
529 539
529 580
529 824
541 557
541 583
541 818
826 946
