0 2
0 3
0 10
0 11
0 14
0 26
0 28
0 31
0 32
0 33
0 39
0 41
0 42
0 43
0 44
0 50
0 53
0 65
1 2
1 3
1 11
1 14
1 26
1 39
1 228
1 261
1 301
1 307
1 314
1 316
1 318
1 320
1 323
1 325
1 327
1 328
1 332
1 333
1 336
1 349
1 363
1 365
2 3
2 4
2 5
2 10
2 16
2 20
2 32
2 70
2 72
2 74
2 95
2 103
2 109
2 121
2 162
2 192
2 203
2 206
2 216
2 257
2 259
2 261
2 262
2 281
2 300
2 301
2 303
2 316
2 317
2 318
2 323
2 328
2 341
2 346
2 370
2 371
2 372
2 373
2 374
2 375
2 376
2 377
2 378
2 379
2 380
2 381
2 382
2 383
2 384
2 385
2 386
2 387
2 388
2 389
2 390
2 391
2 392
2 393
2 394
2 395
2 396
2 397
2 398
2 399
2 400
2 401
2 402
2 403
2 404
2 405
2 406
2 407
2 408
2 409
2 410
2 411
2 412
2 413
2 414
2 415
2 416
3 26
3 27
3 43
3 70
3 78
3 125
3 174
3 223
3 239
3 259
3 279
3 371
3 377
3 417
3 418
3 419
3 420
3 421
3 422
3 423
3 424
3 425
3 426
4 198
4 233
4 370
4 376
4 394
4 400
4 420
4 429
4 433
4 440
4 441
4 446
4 450
4 453
4 455
4 471
4 476
5 14
5 31
5 78
5 144
5 258
5 261
5 307
5 320
5 372
5 405
5 482
5 485
5 491
5 492
5 494
5 495
5 497
5 501
5 502
5 511
6 78
6 152
6 261
6 370
6 376
6 378
6 385
6 393
6 429
6 546
6 552
6 553
6 564
6 568
7 14
7 28
7 33
7 74
7 152
7 192
7 301
7 327
7 349
7 370
7 375
7 397
7 409
7 413
7 429
7 485
7 584
7 585
7 587
7 592
7 593
7 606
7 623
8 152
8 216
8 298
8 394
8 395
8 420
8 455
8 492
8 564
8 584
8 675
8 677
8 678
8 686
8 687
8 691
8 693
9 11
9 74
9 433
9 585
9 711
9 714
9 716
10 70
10 72
10 85
10 167
10 203
10 234
10 406
10 418
10 564
10 586
10 587
10 675
10 719
10 720
10 721
10 722
10 723
10 724
11 203
11 259
11 265
11 272
11 277
11 282
11 302
11 365
11 429
11 451
11 490
11 524
11 705
11 710
11 796
11 797
11 798
11 799
12 42
12 76
12 275
12 365
12 399
12 409
12 546
13 180
13 286
13 675
14 211
14 224
14 259
14 314
14 484
14 857
15 222
15 261
15 433
15 518
15 877
16 95
16 257
16 316
16 325
16 412
16 491
16 553
16 714
16 769
16 828
16 896
17 76
17 318
17 429
17 441
18 32
18 180
18 848
19 381
19 389
19 942
20 261
20 482
20 587
20 674
20 696
21 323
22 28
23 546
24 896
25 323
25 424
26 62
26 72
26 155
26 177
26 330
26 909
26 929
27 53
27 433
27 485
27 731
27 839
28 75
28 584
28 909
28 922
30 323
30 429
30 494
30 542
31 54
31 203
31 262
31 316
31 649
31 793
31 863
32 313
32 418
32 559
32 931
32 932
32 967
33 78
33 80
33 220
33 480
33 719
33 966
34 325
34 502
36 825
37 395
39 76
39 168
39 364
39 479
39 569
39 801
41 208
41 217
41 429
41 824
41 874
42 70
42 325
42 556
42 708
42 940
42 991
43 260
43 263
43 292
43 560
43 597
44 75
44 311
44 480
44 585
44 700
44 744
44 935
45 251
45 678
48 540
49 327
50 89
50 203
50 373
50 522
50 889
51 455
52 665
53 99
53 572
53 587
53 621
53 624
56 325
56 785
57 152
57 587
57 732
58 606
59 212
60 174
60 664
61 790
63 375
63 830
64 539
65 131
65 150
65 380
65 869
66 295
67 453
67 584
69 323
70 74
70 76
70 78
70 93
70 95
70 102
70 103
70 113
70 116
70 121
70 125
70 136
70 138
70 144
71 74
71 102
71 314
71 332
71 380
71 424
71 433
71 553
71 635
71 636
71 651
72 93
72 284
72 373
72 378
72 653
72 659
72 663
73 234
73 539
73 759
74 80
74 84
74 93
74 110
74 170
74 205
74 213
74 310
74 312
74 327
74 332
74 384
74 440
74 511
74 521
74 623
74 635
74 676
74 681
74 704
74 768
74 769
74 770
75 116
75 769
76 83
76 187
76 203
76 207
76 261
76 300
76 427
76 479
76 494
76 495
76 584
76 651
76 676
76 695
76 788
76 789
77 298
77 332
77 381
77 753
77 790
77 795
78 85
78 94
78 98
78 138
78 150
78 156
78 284
78 307
78 326
78 331
78 363
78 379
78 467
78 664
78 677
78 721
78 828
78 829
78 830
78 831
78 832
79 378
79 703
80 164
80 380
80 403
80 552
80 592
80 860
81 164
81 261
81 828
82 336
82 525
82 729
83 381
83 635
83 703
83 704
83 711
83 730
84 216
84 372
84 396
84 399
84 471
84 482
84 635
84 716
84 766
85 223
85 665
86 385
86 663
86 795
86 831
87 198
87 917
88 174
89 395
89 441
89 737
89 759
90 825
91 393
91 974
92 373
92 386
93 150
93 269
93 274
93 656
93 788
93 837
93 864
93 903
94 103
94 376
94 951
95 102
95 109
95 553
95 695
95 705
95 761
95 812
95 824
95 838
95 848
95 863
95 987
96 365
96 925
97 164
97 316
97 686
97 974
98 413
98 830
99 314
99 316
99 674
100 525
100 585
102 266
102 308
103 170
103 418
103 509
103 526
103 668
103 740
103 927
104 491
104 732
105 125
105 674
107 349
107 441
107 623
107 974
108 234
108 388
108 497
108 584
109 525
109 568
109 852
110 925
113 119
113 261
113 514
113 574
113 733
113 775
113 979
114 387
116 151
116 166
116 281
116 506
116 986
117 216
117 408
117 725
118 136
119 734
119 770
120 212
121 140
121 259
121 430
121 761
125 240
125 259
125 627
125 679
125 822
125 973
128 693
131 391
132 485
133 450
136 152
136 752
136 824
138 452
138 723
138 959
139 996
140 192
141 144
144 261
144 949
147 664
149 152
149 164
149 174
149 178
149 180
149 187
149 191
149 192
149 198
150 281
150 285
150 301
150 336
150 370
150 381
150 391
150 396
150 397
150 429
150 492
150 495
150 502
150 518
150 525
150 531
150 538
150 539
150 540
150 541
150 542
152 155
152 160
152 178
152 198
152 226
152 259
152 295
152 312
152 375
152 438
152 445
152 484
152 497
152 529
152 541
152 634
152 720
152 726
152 728
152 766
152 815
152 824
152 825
152 826
152 827
154 241
154 261
154 316
154 606
154 664
154 734
155 318
155 825
156 491
156 753
156 828
156 860
156 900
157 328
157 899
158 410
159 192
159 370
160 178
160 518
161 191
162 261
163 403
163 420
164 258
164 388
164 416
164 433
164 526
164 533
164 550
164 585
164 614
164 618
164 689
164 980
165 899
166 476
166 511
167 880
168 314
168 325
168 651
169 996
171 178
171 261
171 375
173 635
173 659
173 901
174 437
174 726
174 841
174 930
174 961
175 606
176 886
178 196
178 264
179 281
179 531
179 992
180 245
180 261
180 448
180 464
180 624
180 645
180 826
180 920
181 737
184 716
186 213
186 455
187 369
187 479
187 480
187 522
187 755
191 533
191 725
191 968
192 577
193 391
193 511
194 992
198 638
202 389
202 852
203 212
203 213
203 216
203 222
203 223
203 228
203 233
203 234
203 241
203 251
203 252
203 257
203 258
204 213
204 281
204 387
204 546
204 576
204 579
204 580
205 261
205 531
205 636
205 677
205 785
206 307
206 318
206 399
206 546
206 564
207 212
207 373
207 389
207 525
208 766
209 585
209 675
210 593
210 828
211 241
211 653
211 711
212 305
212 429
212 430
212 563
213 264
213 418
213 652
213 654
213 743
213 924
215 378
215 440
215 476
215 839
216 221
216 302
216 667
218 587
218 917
219 942
221 518
222 242
222 324
222 373
222 407
222 496
222 832
223 269
223 423
223 590
224 984
226 725
227 546
228 280
228 322
228 382
228 953
229 420
231 397
232 951
233 389
233 631
233 706
233 782
234 406
234 638
235 314
235 964
236 257
239 455
239 542
241 375
241 379
245 320
246 636
251 329
251 382
251 788
252 264
252 473
252 531
252 631
252 738
252 765
253 393
257 685
258 934
258 943
259 261
259 268
259 275
259 281
259 284
259 285
259 286
259 295
259 298
259 299
260 284
260 307
260 540
260 552
260 664
260 665
260 674
261 275
261 294
261 317
261 320
261 325
261 441
261 453
261 455
261 471
261 482
261 518
261 568
261 580
261 592
261 598
261 678
261 697
261 714
261 724
261 725
261 726
261 727
261 728
261 729
261 730
261 731
261 732
262 372
262 376
262 651
262 664
263 275
263 518
263 714
263 766
264 482
265 440
265 491
265 725
265 759
265 827
265 848
265 852
266 314
266 370
266 592
266 900
266 906
267 399
267 790
268 302
268 309
268 382
268 468
268 478
268 517
268 764
268 803
268 882
269 333
269 664
270 729
271 636
271 795
272 387
272 579
272 984
273 295
273 585
273 725
274 653
275 300
276 696
277 403
277 501
279 420
279 494
279 725
281 367
281 503
281 575
281 696
281 798
281 852
281 949
281 992
281 996
282 285
282 737
284 642
284 728
284 757
284 881
284 968
285 585
285 598
286 372
286 435
286 549
287 653
287 704
287 992
291 769
293 394
294 328
295 815
295 940
296 703
297 325
297 485
298 375
298 398
298 414
298 999
299 310
299 325
299 371
299 556
300 320
300 409
300 687
300 725
300 734
300 737
301 359
301 402
301 427
301 490
301 545
301 606
301 752
301 753
301 754
301 755
301 756
301 757
301 758
302 585
302 790
303 380
303 397
303 584
303 664
303 729
303 839
304 511
305 704
305 880
306 497
307 467
307 591
307 844
307 882
308 730
310 376
311 576
311 711
311 848
312 375
312 675
312 917
313 370
313 677
313 790
314 316
314 435
314 474
314 480
314 522
314 523
314 542
314 552
314 576
314 758
314 761
314 771
314 944
314 945
314 946
316 450
316 525
316 617
316 674
316 716
316 720
316 877
316 951
316 952
317 471
318 475
318 574
318 709
318 717
318 829
318 890
319 541
320 358
320 368
320 735
320 840
320 855
321 951
323 457
323 661
323 676
323 888
325 445
325 490
325 556
325 588
325 687
325 966
326 732
327 437
327 464
327 486
327 516
327 534
327 648
328 390
328 411
328 415
328 430
328 449
328 726
328 793
328 795
328 797
328 806
328 842
328 876
329 593
331 375
331 455
331 732
332 479
332 596
332 642
332 792
333 480
333 725
333 868
333 897
336 584
336 603
336 726
337 877
339 731
340 381
341 386
342 433
342 584
342 942
343 790
346 373
346 531
346 651
347 413
347 696
348 378
349 373
349 778
354 391
355 831
358 440
359 389
362 568
363 806
363 809
363 927
365 480
366 686
367 593
370 418
370 563
370 588
370 636
370 763
370 777
370 778
370 779
370 780
371 373
371 405
371 492
372 478
372 503
372 625
372 712
372 728
372 799
372 906
372 920
373 377
373 383
373 415
373 429
373 449
373 476
373 483
373 489
373 491
373 546
373 588
373 653
373 665
373 684
373 693
373 734
373 737
373 777
373 778
373 782
373 857
373 924
373 925
374 380
374 453
374 525
375 398
375 427
375 446
375 501
375 559
375 563
375 752
375 813
375 853
375 866
375 942
375 963
375 964
376 853
376 867
376 876
376 965
378 649
378 773
378 944
378 946
378 970
379 388
379 635
379 636
380 404
380 438
380 445
380 487
380 540
380 598
380 682
380 727
380 917
381 721
381 782
382 517
382 763
382 779
382 796
382 857
382 860
382 914
382 980
382 986
385 407
385 477
385 489
385 811
386 589
386 594
386 767
386 833
386 949
387 430
387 855
388 422
388 457
388 485
388 550
388 638
388 663
388 689
388 691
388 721
388 880
388 912
388 979
388 983
389 579
389 686
389 710
389 805
389 813
389 865
389 894
389 968
391 550
391 735
391 815
391 995
392 401
392 665
392 896
393 398
393 575
393 891
393 953
394 414
394 443
394 445
394 559
394 662
394 708
394 835
395 435
396 481
396 551
396 768
396 798
397 590
397 822
400 449
400 733
400 875
400 933
401 599
401 667
401 752
401 765
403 484
404 429
405 755
405 761
405 764
405 843
408 445
408 775
408 879
409 874
409 972
410 521
410 645
410 697
412 499
412 654
412 754
413 743
417 587
417 653
417 753
418 433
418 585
418 886
419 429
421 501
421 635
421 983
422 585
422 785
422 825
422 827
422 983
423 482
424 510
424 566
424 618
424 706
424 713
424 806
424 870
425 491
425 827
425 906
426 546
427 691
427 696
427 698
427 703
428 564
429 502
429 504
429 522
429 642
429 684
429 698
429 705
429 839
429 866
429 899
429 900
429 901
430 494
430 698
433 487
433 837
435 584
435 877
436 899
437 759
439 446
439 592
440 537
440 777
441 483
441 681
441 895
441 929
442 886
445 538
445 906
445 950
446 480
446 529
446 548
446 658
446 941
447 984
450 477
450 583
450 650
450 707
450 733
450 853
451 491
453 549
453 652
453 771
453 905
455 680
455 905
455 924
455 958
456 659
456 734
457 860
458 729
461 593
461 704
462 730
463 691
465 734
471 640
472 711
474 476
475 825
477 704
479 584
479 825
480 485
480 518
480 899
481 687
482 775
484 725
485 757
490 568
490 585
491 628
491 682
491 892
492 530
492 584
492 647
492 843
495 509
495 523
495 573
495 939
497 800
501 706
501 710
501 989
502 589
504 725
506 518
506 925
510 852
510 899
512 877
514 698
515 906
517 704
518 538
518 680
518 726
518 914
519 664
519 734
520 576
520 825
521 734
521 900
523 951
524 691
524 730
524 753
525 554
525 595
525 630
525 791
526 585
526 860
529 539
529 580
531 652
531 700
531 722
531 725
531 896
531 920
531 973
531 974
531 984
532 678
536 731
538 670
538 680
538 728
539 574
539 584
539 756
539 994
540 690
540 834
541 557
541 583
541 818
542 549
543 687
543 825
544 678
545 729
546 574
546 586
546 958
548 848
549 678
549 686
551 635
552 727
553 761
553 894
554 576
554 825
557 711
557 860
563 964
564 952
568 990
572 584
572 587
572 737
574 678
575 580
575 992
578 665
579 582
579 710
580 824
584 593
584 676
584 703
584 759
584 785
584 865
584 912
584 922
584 950
585 680
585 790
585 886
585 934
586 678
587 614
587 618
587 804
587 966
590 698
593 669
593 812
593 857
593 976
596 974
602 769
605 635
605 663
605 698
606 792
606 937
612 917
614 795
617 877
620 675
621 996
623 634
623 749
623 771
625 653
627 886
635 711
635 967
635 978
636 764
636 768
640 730
646 770
653 811
653 958
654 770
658 731
659 689
659 725
659 778
663 697
664 760
664 783
665 733
665 762
665 820
665 835
665 844
667 942
674 975
675 781
675 934
675 970
676 983
677 733
678 842
678 904
678 990
686 863
687 818
687 891
687 945
689 899
693 931
693 932
693 944
696 736
696 916
696 933
696 969
698 928
699 704
703 908
704 840
704 881
704 943
705 901
712 714
714 894
714 969
716 774
716 804
720 830
722 725
722 825
725 762
725 875
725 922
726 950
728 730
728 886
730 789
730 963
734 936
737 859
743 886
748 996
756 828
761 831
761 917
766 781
770 824
778 877
780 828
785 967
790 879
790 987
792 906
802 880
805 901
807 877
811 900
815 983
827 943
830 968
831 962
836 925
838 880
838 964
839 867
839 907
839 933
845 950
848 879
848 945
852 927
869 950
877 933
886 959
896 920
899 993
901 976
911 925
917 991
939 983
945 964
961 974
978 984
983 985
984 998
