0 18
0 21
0 22
0 24
0 30
0 33
0 37
0 38
0 40
0 44
0 47
0 52
0 53
0 57
0 59
0 64
0 65
0 68
1 22
1 77
1 82
1 204
1 221
1 235
1 308
1 312
1 313
1 321
1 322
1 329
1 333
1 339
1 345
1 357
1 365
1 366
1 367
2 377
2 380
2 381
2 387
2 392
2 406
2 413
3 377
3 424
3 425
4 59
4 77
4 87
4 91
4 112
4 145
4 172
4 204
4 207
4 321
4 329
4 427
4 431
4 432
4 433
4 439
4 443
4 444
4 454
4 458
5 24
5 52
5 71
5 115
5 127
5 230
5 280
5 480
5 484
5 489
5 493
5 497
5 503
5 513
6 71
6 77
6 152
6 204
6 230
6 377
6 432
6 484
6 529
6 546
6 553
6 571
7 30
7 33
7 77
7 82
7 112
7 152
7 193
7 196
7 207
7 210
7 254
7 266
7 308
7 345
7 357
7 413
7 431
7 480
7 575
7 582
7 591
7 594
7 596
7 598
7 603
7 611
7 615
7 616
7 627
7 630
7 631
8 18
8 22
8 71
8 152
8 298
8 339
8 392
8 427
8 594
8 675
8 677
8 679
8 688
8 691
8 692
9 433
9 591
9 710
9 712
9 718
10 406
10 675
10 720
11 277
11 365
11 710
11 799
12 18
12 38
12 365
12 489
12 493
12 546
12 582
12 639
12 745
12 810
13 322
13 513
13 645
13 675
13 767
14 484
15 427
15 433
15 518
16 188
16 392
16 553
16 854
18 32
18 52
18 180
18 225
18 312
18 329
18 431
18 465
18 595
18 784
18 810
18 833
18 848
18 893
18 914
18 937
18 938
18 939
19 381
19 644
19 692
20 210
20 696
21 71
21 86
21 120
21 265
21 323
21 418
21 633
21 772
21 815
21 867
21 885
22 28
22 203
22 339
22 480
22 602
22 641
22 660
22 667
22 672
22 688
22 719
22 775
22 960
23 207
23 546
23 909
24 82
24 145
24 311
24 406
24 443
24 477
24 544
24 786
24 868
24 896
24 970
25 283
25 424
25 443
25 578
25 750
26 909
27 53
27 433
27 862
28 909
30 265
30 323
30 429
30 494
30 542
30 582
30 697
30 849
31 649
31 863
32 313
33 78
33 80
33 220
33 480
33 719
33 966
34 843
36 825
37 70
37 106
37 278
37 395
37 480
38 99
38 480
38 481
38 514
38 742
38 898
39 801
40 87
40 181
40 264
40 274
40 309
44 75
44 311
44 480
44 585
44 700
44 744
44 935
45 251
47 73
47 77
47 153
47 545
47 809
48 280
48 540
49 57
50 889
51 87
51 425
52 149
52 665
52 802
53 99
53 572
53 587
53 621
53 624
56 647
57 152
57 587
57 732
57 805
57 915
57 941
59 71
59 212
59 353
60 357
60 664
60 919
64 156
64 470
64 539
64 575
65 131
65 150
65 380
65 869
66 295
68 266
68 351
68 595
68 777
70 71
70 77
70 81
70 82
70 87
70 91
70 94
70 98
70 100
70 112
70 115
70 117
70 126
70 127
70 130
70 133
70 134
70 136
70 141
70 145
71 73
71 74
71 82
71 94
71 102
71 173
71 182
71 190
71 204
71 206
71 235
71 236
71 259
71 265
71 267
71 277
71 313
71 314
71 332
71 345
71 380
71 424
71 427
71 433
71 437
71 444
71 480
71 553
71 573
71 582
71 616
71 635
71 636
71 637
71 638
71 639
71 640
71 641
71 642
71 643
71 644
71 645
71 646
71 647
71 648
71 649
71 650
71 651
72 91
72 126
72 130
72 172
72 658
72 660
73 313
73 406
74 213
74 312
75 87
75 774
75 775
76 187
76 207
76 427
76 651
77 83
77 91
77 172
77 181
77 271
77 298
77 321
77 332
77 377
77 381
77 480
77 526
77 562
77 596
77 628
77 633
77 739
77 753
77 767
77 790
77 791
77 792
77 793
77 794
77 795
78 94
78 98
78 664
78 677
78 829
79 115
79 308
79 544
79 703
80 380
80 572
80 861
80 862
81 149
81 164
81 207
81 261
81 517
81 828
82 98
82 208
82 229
82 336
82 525
82 697
82 729
82 735
82 833
83 381
83 644
83 703
83 778
84 615
84 766
84 911
85 688
85 918
86 738
86 792
86 795
87 106
87 115
87 198
87 199
87 211
87 432
87 917
88 313
88 582
89 130
89 254
89 513
89 737
90 825
90 939
91 203
91 217
91 366
91 393
91 533
91 854
91 973
91 974
92 611
92 962
93 864
93 903
94 103
94 150
94 376
94 628
94 671
94 904
94 951
95 553
95 863
96 173
96 365
96 484
98 110
98 413
98 418
98 668
98 808
98 824
98 830
98 897
98 989
98 990
99 594
100 124
100 427
100 438
100 447
100 468
100 525
100 585
100 618
100 758
101 322
102 266
102 308
103 668
104 425
107 926
108 497
108 919
109 956
110 345
110 503
110 911
112 207
112 243
112 311
113 775
114 387
114 903
115 481
117 200
117 216
117 266
117 300
117 408
117 725
118 136
118 578
118 938
119 204
119 734
119 861
120 188
120 638
123 903
124 639
125 627
125 679
125 822
126 428
126 439
126 523
127 204
127 315
127 517
127 577
127 622
127 836
127 989
128 863
130 207
130 811
133 204
133 309
133 404
133 450
134 421
134 438
134 480
134 871
134 883
135 598
135 668
135 801
136 152
136 752
136 824
137 575
137 640
141 144
141 151
141 427
141 479
141 744
141 832
145 532
145 959
146 204
146 425
147 664
148 431
148 503
149 152
149 172
149 173
149 179
149 182
149 187
149 188
149 190
149 193
149 196
149 199
150 190
150 226
150 313
150 381
150 427
150 431
150 518
150 519
150 528
150 529
150 533
150 538
150 540
150 541
150 544
151 427
151 801
152 155
152 160
152 178
152 198
152 226
152 259
152 295
152 312
152 375
152 438
152 445
152 484
152 497
152 529
152 541
152 634
152 720
152 726
152 728
152 766
152 815
152 824
152 825
152 826
152 827
153 911
153 919
154 255
154 443
154 664
154 734
154 902
155 825
155 903
156 753
156 900
157 615
157 899
158 854
160 439
160 518
160 720
161 774
164 433
164 533
165 899
166 444
168 651
168 863
171 254
172 434
172 532
172 537
172 978
173 206
173 562
173 635
173 659
173 702
173 773
173 791
173 901
174 930
176 638
176 774
176 794
178 196
179 260
179 264
179 281
179 531
179 575
179 798
179 888
179 992
180 645
181 427
181 737
181 750
182 300
182 330
182 719
183 668
183 688
185 199
186 213
187 369
187 479
187 480
187 522
187 755
188 266
188 777
189 699
190 574
190 894
191 533
193 391
193 511
193 519
193 574
193 749
194 287
194 329
196 430
196 439
197 774
198 638
199 306
199 728
201 637
201 639
203 204
203 207
203 210
203 213
203 221
203 226
203 229
203 230
203 235
203 250
203 251
203 254
203 255
204 213
204 230
204 259
204 281
204 304
204 387
204 545
204 546
204 572
204 573
204 574
204 575
204 576
204 577
204 578
204 579
204 580
204 581
205 454
205 519
205 572
205 616
205 636
205 645
205 677
205 784
206 546
206 639
207 210
207 212
207 215
207 254
207 259
207 296
207 309
207 373
207 389
207 436
207 454
207 519
207 525
207 591
207 632
207 692
207 733
207 781
207 805
207 863
207 864
207 865
208 642
208 738
208 766
209 533
209 675
209 926
210 259
210 330
210 392
210 430
210 458
210 503
210 593
210 702
210 736
210 791
210 805
210 828
210 919
210 926
210 929
210 930
211 439
211 480
211 484
213 264
213 418
213 652
213 654
213 743
213 924
214 287
214 810
215 345
215 767
215 775
216 221
218 489
219 699
221 518
221 824
221 910
224 582
224 649
225 603
225 784
226 398
226 602
226 725
226 968
227 546
227 594
227 598
228 280
228 322
229 279
229 420
229 472
229 661
229 823
229 833
230 556
230 634
230 783
230 960
233 631
234 406
234 638
235 314
235 352
235 481
235 509
235 964
236 615
236 757
245 718
246 312
246 636
248 266
248 905
250 278
250 432
250 460
250 923
251 329
251 382
251 788
252 631
252 738
253 591
255 439
255 451
255 460
256 956
259 266
259 277
259 280
259 283
259 287
259 295
259 298
260 427
260 431
260 540
260 596
260 658
260 664
260 668
260 672
261 518
261 598
262 431
262 582
262 651
262 664
262 710
262 750
263 518
263 766
263 767
265 266
265 513
266 283
266 314
266 343
266 370
266 425
266 480
266 521
266 592
266 600
266 627
266 631
266 658
266 754
266 774
266 777
266 801
266 821
266 861
266 900
266 906
266 907
267 640
269 333
269 664
271 528
271 636
271 712
271 795
272 387
272 799
273 295
273 321
273 829
274 312
274 444
274 739
276 489
276 696
277 403
277 417
277 501
277 517
279 321
279 648
279 792
280 310
280 480
280 509
280 868
280 932
281 367
281 503
281 575
281 696
282 519
282 737
282 794
283 304
283 343
283 347
283 524
283 968
283 994
284 642
284 757
285 598
287 519
287 653
287 704
287 960
287 992
290 431
290 650
293 594
295 815
295 940
296 703
297 865
298 375
298 398
298 414
298 999
300 339
300 427
300 734
300 737
300 738
300 739
300 745
301 427
301 753
301 754
301 757
302 321
302 822
303 308
303 339
303 380
303 439
303 664
304 591
305 357
305 432
305 480
305 572
305 754
305 810
305 879
306 497
307 591
308 309
308 427
308 565
308 597
308 695
308 730
309 720
309 864
311 444
311 576
312 375
312 418
312 480
312 493
312 528
312 675
312 679
312 888
312 917
313 370
313 677
313 788
313 790
313 932
313 933
314 480
314 576
314 945
315 432
316 720
317 329
317 630
318 829
319 541
321 324
321 481
321 513
321 632
321 829
321 921
321 951
322 374
322 480
322 777
324 668
327 648
328 795
329 489
329 593
329 611
329 799
329 862
329 911
332 596
332 642
332 792
333 480
333 725
333 868
333 897
334 591
334 688
336 603
339 731
339 744
340 381
340 956
342 433
343 863
345 743
346 651
347 413
347 696
349 778
350 575
350 596
353 879
353 909
355 598
357 480
364 801
365 480
366 670
366 686
366 808
367 575
367 593
367 922
370 636
370 778
371 425
371 843
372 503
372 712
372 799
373 377
373 489
373 546
373 734
373 737
373 778
374 380
374 480
374 544
374 843
375 427
376 867
377 402
377 438
377 954
377 973
377 975
378 649
379 636
379 649
380 404
380 438
380 445
380 487
380 540
380 598
380 682
380 727
380 917
381 721
381 782
385 489
386 594
386 767
387 430
387 855
388 638
388 691
389 710
389 865
392 401
392 602
392 665
392 896
393 575
394 443
397 822
403 484
405 843
406 786
408 775
408 879
410 645
412 754
413 743
417 575
417 753
418 433
418 679
418 864
418 889
422 581
422 701
422 825
424 510
424 566
424 618
424 706
424 713
424 806
424 870
425 491
425 515
425 827
425 906
426 546
426 660
427 594
427 600
427 615
427 671
427 691
427 695
427 696
427 697
427 698
427 699
427 700
427 701
427 702
427 703
428 594
429 642
429 698
429 899
429 900
430 458
430 480
430 489
430 640
430 698
430 909
430 911
431 857
431 868
431 915
432 437
432 460
432 480
432 517
432 557
432 643
432 666
432 745
432 916
433 487
433 837
434 454
434 598
434 926
436 648
436 774
436 899
437 582
437 596
437 660
439 446
439 480
439 592
439 646
439 702
439 781
439 806
439 885
439 956
442 919
443 490
443 496
443 685
443 781
443 993
444 806
444 975
445 538
445 631
445 829
446 480
446 529
446 658
447 458
447 990
448 902
448 918
449 650
450 650
451 861
453 905
454 583
455 905
456 734
456 778
456 926
458 729
458 746
458 771
460 918
462 712
463 691
463 692
464 918
465 734
468 575
471 640
473 738
475 825
477 582
477 679
478 739
478 754
479 637
479 801
479 825
480 481
480 485
480 518
480 519
480 603
480 643
480 738
480 757
480 778
480 822
480 843
480 899
480 902
480 903
480 904
480 905
481 902
482 775
484 566
484 725
484 929
485 757
490 493
492 647
492 843
493 498
493 735
495 939
497 800
499 672
500 572
500 591
501 710
503 826
506 518
506 672
506 701
507 679
508 668
508 930
510 899
514 529
514 698
517 637
517 867
518 538
518 680
518 726
518 914
519 573
519 664
519 710
519 734
519 821
519 879
519 918
519 921
519 935
520 576
520 825
521 734
521 799
521 900
521 903
524 571
524 630
524 679
524 691
524 739
524 753
525 630
526 794
526 862
526 938
527 647
528 589
528 796
528 927
529 539
529 580
529 824
532 572
533 891
536 775
536 863
538 670
538 680
538 728
540 690
540 834
541 557
541 583
541 818
543 825
544 678
545 854
546 574
546 586
546 958
547 644
550 774
553 761
553 894
554 576
554 639
554 784
554 825
554 930
555 801
557 937
561 956
566 801
568 990
570 640
570 720
571 572
571 624
571 777
572 584
572 587
572 654
572 737
572 845
572 945
575 580
575 630
575 712
575 736
575 750
575 855
575 856
575 889
575 909
575 962
575 977
575 992
578 665
578 837
579 582
579 710
581 600
581 733
581 929
582 718
582 749
582 855
582 856
583 648
583 718
584 703
584 865
588 640
589 962
590 603
590 698
590 822
591 667
591 963
596 617
596 808
596 959
596 974
598 727
599 930
600 774
600 937
602 905
602 939
605 698
606 792
606 937
608 640
611 697
611 920
612 660
613 637
614 795
616 743
616 967
620 675
622 945
627 886
627 940
633 799
636 764
636 768
637 736
637 740
637 777
637 988
638 681
638 824
638 944
638 961
639 666
640 730
640 977
642 661
644 932
645 844
647 728
650 815
655 854
656 889
658 731
658 844
659 778
664 760
664 783
668 796
671 902
672 893
672 975
675 781
675 934
675 970
676 861
677 733
678 990
679 991
682 745
686 863
687 945
688 960
688 995
689 899
692 802
696 736
696 916
696 933
696 969
698 928
699 704
699 857
699 947
701 735
701 943
703 908
706 784
709 990
710 756
710 806
710 823
710 965
712 714
712 856
712 980
716 774
717 718
720 830
722 825
723 902
728 919
734 936
735 775
737 859
738 882
739 793
745 993
750 788
754 966
761 902
766 781
775 965
777 938
777 956
778 855
778 877
783 945
786 799
787 801
788 864
790 879
792 857
792 906
792 998
794 841
803 956
803 962
805 902
810 845
810 850
811 900
829 890
831 962
839 867
839 907
843 904
844 962
848 879
848 945
854 975
857 865
862 872
863 887
867 885
879 898
882 889
891 907
893 907
893 937
895 911
895 938
899 993
902 963
907 935
909 980
911 925
911 944
911 957
939 983
945 964
962 963
