0 5
0 8
0 12
0 14
0 15
0 16
0 24
0 31
0 34
0 36
0 40
0 42
0 44
0 52
0 53
0 65
1 5
1 14
1 15
1 80
1 150
1 185
1 217
1 301
1 307
1 308
1 309
1 313
1 320
1 322
1 323
1 324
1 332
1 333
1 336
1 338
1 339
1 344
1 346
1 348
1 350
1 357
1 367
2 5
2 16
2 162
2 216
2 281
2 301
2 323
2 346
2 371
2 381
2 383
2 391
2 394
2 395
2 396
2 399
2 403
2 406
2 409
2 410
2 411
3 371
3 417
3 419
3 420
4 16
4 150
4 159
4 218
4 238
4 244
4 348
4 394
4 420
4 431
4 432
4 439
4 442
4 448
4 455
4 462
4 464
4 470
4 472
5 8
5 14
5 16
5 24
5 31
5 34
5 36
5 52
5 70
5 71
5 78
5 80
5 96
5 99
5 106
5 115
5 124
5 127
5 144
5 150
5 175
5 202
5 206
5 230
5 231
5 258
5 259
5 261
5 265
5 280
5 291
5 300
5 307
5 311
5 315
5 320
5 371
5 372
5 405
5 459
5 462
5 472
5 477
5 478
5 479
5 480
5 481
5 482
5 483
5 484
5 485
5 486
5 487
5 488
5 489
5 490
5 491
5 492
5 493
5 494
5 495
5 496
5 497
5 498
5 499
5 500
5 501
5 502
5 503
5 504
5 505
5 506
5 507
5 508
5 509
5 510
5 511
5 512
5 513
5 514
5 515
5 516
6 150
6 218
6 230
6 309
6 371
6 383
6 417
6 432
6 478
6 546
6 548
6 552
6 553
6 564
6 569
6 570
6 571
7 14
7 80
7 184
7 196
7 301
7 308
7 357
7 383
7 409
7 417
7 419
7 431
7 464
7 478
7 480
7 500
7 523
7 582
8 13
8 18
8 22
8 71
8 72
8 73
8 79
8 111
8 152
8 153
8 157
8 203
8 216
8 262
8 263
8 272
8 298
8 303
8 304
8 324
8 335
8 339
8 354
8 392
8 394
8 395
8 418
8 420
8 427
8 435
8 442
8 455
8 477
8 488
8 492
8 512
8 522
8 530
8 535
8 543
8 564
8 569
8 584
8 594
8 609
8 675
8 676
8 677
8 678
8 679
8 680
8 681
8 682
8 683
8 684
8 685
8 686
8 687
8 688
8 689
8 690
8 691
8 692
8 693
8 694
9 159
9 714
9 718
10 406
10 564
10 675
10 722
11 524
11 799
12 18
12 35
12 38
12 42
12 76
12 83
12 90
12 150
12 154
12 156
12 158
12 184
12 205
12 262
12 275
12 310
12 335
12 344
12 362
12 365
12 399
12 409
12 426
12 428
12 489
12 493
12 520
12 546
12 582
12 639
12 727
12 735
12 745
12 747
12 805
12 806
12 807
12 808
12 809
12 810
12 811
12 812
12 813
12 814
13 16
13 150
13 322
13 338
13 513
13 675
13 683
14 211
14 224
14 259
14 314
14 484
14 857
15 150
15 166
15 220
15 222
15 261
15 427
15 430
15 433
15 518
15 562
15 876
15 877
16 19
16 95
16 188
16 257
16 291
16 316
16 325
16 352
16 392
16 412
16 447
16 448
16 481
16 491
16 553
16 556
16 558
16 609
16 714
16 769
16 777
16 818
16 828
16 844
16 847
16 854
16 891
16 892
16 893
16 894
16 895
16 896
16 897
16 898
17 111
17 808
18 52
18 431
18 810
18 893
18 914
19 381
19 417
19 692
19 758
20 482
20 674
20 696
21 323
21 772
21 885
22 339
22 480
22 688
23 546
24 82
24 145
24 311
24 406
24 443
24 477
24 544
24 786
24 868
24 896
24 970
25 283
25 323
25 685
27 53
27 419
27 524
29 722
29 885
30 323
30 494
30 542
30 582
31 54
31 203
31 262
31 316
31 649
31 793
31 863
32 313
33 80
33 220
33 480
34 203
34 325
34 374
34 502
34 602
34 779
34 817
34 843
34 898
34 978
35 344
36 263
36 311
36 771
36 825
37 106
37 395
37 480
38 99
38 480
38 514
39 479
39 569
39 801
40 87
40 181
40 264
40 274
40 309
41 217
42 70
42 325
42 556
42 708
42 940
42 991
44 75
44 311
44 480
44 585
44 700
44 744
44 935
48 324
48 540
49 685
51 455
52 149
52 665
52 802
53 99
53 572
53 587
53 621
53 624
57 805
60 357
60 664
61 722
62 805
64 470
64 539
65 131
65 150
65 380
65 869
67 411
69 323
70 80
70 93
70 94
70 96
70 99
70 106
70 111
70 115
70 123
70 124
70 127
70 133
70 134
70 143
70 144
71 94
71 190
71 313
71 332
71 480
71 553
71 582
71 637
71 646
72 93
72 150
72 411
72 505
73 313
73 406
73 506
73 539
73 548
74 80
74 93
74 332
74 511
74 521
74 676
74 681
74 769
75 150
75 448
75 462
75 521
75 684
75 769
76 479
76 494
76 676
77 298
77 332
77 381
77 480
77 526
78 94
78 150
78 307
78 664
78 828
79 115
79 150
79 184
79 308
79 483
79 486
79 747
80 83
80 90
80 164
80 165
80 183
80 215
80 256
80 309
80 380
80 403
80 434
80 551
80 552
80 572
80 592
80 652
80 761
80 857
80 860
80 861
80 862
81 828
82 336
82 525
83 381
83 496
83 516
83 569
83 683
83 772
83 778
83 885
84 216
84 396
84 399
84 482
85 688
86 738
86 811
87 106
87 115
87 432
88 313
88 582
89 395
89 483
89 507
89 513
89 569
89 807
90 548
91 217
91 533
91 854
91 974
92 510
93 150
93 269
93 274
93 656
93 788
93 837
93 864
93 903
94 103
94 150
94 376
94 628
94 671
94 904
94 951
95 553
95 812
96 173
96 232
96 365
96 430
96 435
96 484
96 556
96 655
96 666
96 727
96 859
96 878
96 925
96 958
97 548
97 686
97 885
97 974
98 808
99 169
99 227
99 260
99 314
99 316
99 352
99 537
99 594
99 674
99 991
100 124
100 525
100 758
101 322
101 682
101 765
102 308
103 509
103 526
105 536
105 674
106 215
106 428
106 459
106 845
106 997
107 974
108 497
109 111
109 525
109 812
110 498
111 447
111 859
111 982
113 514
115 481
116 281
116 506
117 200
117 216
118 893
120 184
120 188
120 808
123 150
123 343
123 426
123 641
123 849
123 882
123 903
124 639
124 847
125 822
126 439
126 523
127 204
127 315
127 517
127 577
127 622
127 836
127 989
128 693
129 536
130 811
131 391
132 348
132 676
133 204
133 309
133 404
133 450
134 421
134 438
134 480
134 871
134 883
135 218
135 801
137 516
139 527
139 996
141 144
141 479
143 436
143 478
143 561
143 736
144 261
144 949
145 532
147 664
148 431
149 150
149 154
149 159
149 162
149 165
149 175
149 184
149 185
149 188
149 190
149 196
149 200
149 202
150 153
150 156
150 158
150 159
150 162
150 166
150 190
150 203
150 217
150 226
150 244
150 260
150 269
150 281
150 285
150 301
150 304
150 306
150 311
150 313
150 317
150 336
150 348
150 350
150 370
150 381
150 391
150 396
150 397
150 411
150 417
150 419
150 423
150 427
150 429
150 430
150 431
150 477
150 481
150 492
150 495
150 502
150 517
150 518
150 519
150 520
150 521
150 522
150 523
150 524
150 525
150 526
150 527
150 528
150 529
150 530
150 531
150 532
150 533
150 534
150 535
150 536
150 537
150 538
150 539
150 540
150 541
150 542
150 543
150 544
151 479
151 801
152 226
152 497
152 541
154 241
154 255
154 259
154 261
154 303
154 316
154 443
154 470
154 550
154 554
154 606
154 664
154 726
154 734
154 883
154 902
154 921
155 324
155 486
156 741
156 828
157 238
157 487
157 521
158 410
158 854
159 192
159 370
160 439
160 442
161 479
161 527
162 261
162 304
162 756
163 309
163 403
163 420
164 258
164 526
164 533
164 689
165 265
165 428
165 824
165 899
165 934
166 344
166 505
166 511
166 878
169 996
172 532
173 702
173 773
175 259
175 303
175 520
175 606
175 610
175 947
175 957
176 758
178 196
179 281
179 531
179 992
180 448
180 464
180 920
183 688
184 716
184 873
185 195
185 199
185 205
185 306
185 478
185 819
185 955
186 455
186 527
186 914
187 479
187 480
188 266
188 777
190 574
190 894
191 533
193 391
193 511
193 749
194 992
195 487
196 430
196 439
197 524
197 676
200 402
200 521
200 779
201 637
202 389
202 551
202 852
203 216
203 217
203 218
203 220
203 226
203 230
203 231
203 238
203 241
203 244
203 250
203 256
203 258
204 230
204 281
204 546
204 579
205 479
205 531
206 307
206 338
206 399
206 546
206 564
207 309
207 525
207 692
207 805
208 483
208 505
208 738
209 417
209 498
209 533
209 536
209 675
210 702
210 805
210 828
211 241
211 324
211 439
211 480
211 892
214 479
214 810
216 221
216 302
216 667
217 319
217 957
217 981
218 278
218 417
218 489
218 587
218 614
218 917
219 496
219 516
220 240
220 304
220 779
220 857
222 324
222 496
224 582
224 984
226 398
226 602
226 725
226 968
227 546
228 322
229 420
229 472
230 556
230 634
230 783
230 960
231 303
231 397
231 824
232 878
234 406
235 509
238 260
238 524
238 898
239 455
239 542
240 747
241 375
241 379
244 310
244 474
244 895
244 921
245 320
245 718
246 486
248 348
248 509
249 920
250 278
250 432
250 460
250 923
252 531
252 738
252 765
255 439
256 604
256 890
256 956
257 685
258 934
258 943
259 275
259 281
259 283
259 285
259 298
259 299
260 307
260 431
260 442
260 479
260 527
260 540
260 552
260 664
260 674
261 275
261 320
261 455
261 482
261 714
262 431
262 486
262 498
262 582
262 664
262 683
262 747
262 749
263 275
263 344
263 714
263 765
264 482
265 513
266 283
266 480
266 521
266 801
267 399
267 524
267 805
268 309
268 478
269 333
269 664
271 528
272 504
272 579
272 681
272 799
272 984
275 300
276 523
276 696
277 403
277 417
277 501
278 442
278 506
279 420
279 494
280 480
280 509
281 367
281 503
281 575
281 696
281 798
281 852
281 949
281 992
281 996
282 285
283 304
283 343
283 347
283 524
283 968
283 994
285 585
285 598
287 992
290 431
291 682
291 769
293 394
294 348
298 375
298 398
298 414
298 999
299 310
299 325
299 371
299 556
300 320
300 339
300 371
300 409
300 478
300 499
300 687
300 738
300 741
301 359
301 402
301 427
301 490
301 545
301 606
301 752
301 753
301 754
301 755
301 756
301 757
301 758
302 813
302 822
303 308
303 339
303 439
303 664
304 511
305 357
305 432
305 480
305 810
305 878
306 478
306 497
307 467
307 591
307 844
307 882
308 309
308 427
308 565
308 597
308 695
308 730
309 570
309 720
309 859
309 864
309 890
312 480
312 528
312 675
313 370
313 677
313 788
313 790
313 932
313 933
314 480
314 523
314 542
314 552
314 758
315 432
315 470
316 525
316 674
317 524
319 541
320 358
320 368
320 735
320 840
320 855
321 324
321 513
322 374
322 480
322 777
323 457
323 661
323 676
323 888
324 359
324 668
324 979
325 687
327 464
327 486
327 516
328 411
328 876
329 799
331 455
332 479
332 596
332 642
332 792
333 480
333 725
333 868
333 897
334 688
335 526
336 584
336 603
336 726
338 488
338 521
338 558
338 763
338 804
339 731
339 744
340 381
342 487
346 354
346 373
346 390
346 531
346 651
346 744
346 748
346 947
346 960
347 696
348 378
348 465
348 667
348 913
349 778
350 437
350 508
350 575
350 596
352 741
354 391
357 480
360 702
362 684
364 801
365 480
366 686
366 808
367 575
367 593
367 922
370 778
371 373
371 405
371 425
371 492
371 643
371 837
371 843
372 478
372 799
372 920
373 383
373 483
373 546
373 684
373 693
373 778
374 480
374 525
375 501
375 813
376 876
378 773
380 487
380 540
380 682
381 721
381 782
382 914
383 435
383 448
383 461
383 608
384 523
385 811
388 689
388 983
389 579
389 686
389 805
389 813
390 411
391 550
391 735
391 815
391 995
394 414
394 443
394 445
394 559
394 662
394 708
394 835
395 435
396 481
396 551
396 768
396 798
397 822
400 875
401 765
403 484
406 786
409 874
409 972
410 521
410 645
410 697
412 499
416 689
417 465
417 548
417 575
417 587
417 653
417 753
417 859
418 504
419 429
419 933
421 501
421 676
421 983
422 875
422 983
423 482
424 510
425 515
426 521
426 546
427 696
427 702
428 564
428 747
429 504
429 684
430 480
430 494
430 876
431 857
431 868
431 915
432 437
432 460
432 480
432 517
432 557
432 643
432 666
432 745
432 916
433 487
434 892
435 523
436 521
436 805
437 499
437 548
437 582
439 446
439 480
439 592
439 646
439 702
439 781
439 806
439 885
439 956
441 483
441 681
442 620
442 762
442 886
442 919
443 496
443 685
445 538
446 480
446 548
447 893
447 984
448 461
448 464
448 608
448 902
448 914
448 918
448 999
452 682
455 680
455 905
455 924
455 958
456 778
457 813
460 505
462 712
462 730
463 692
463 773
464 918
465 773
470 481
470 806
472 602
472 711
473 521
473 738
477 478
477 507
477 582
477 682
478 626
478 634
478 739
478 741
478 754
478 771
478 772
478 773
479 558
479 562
479 584
479 637
479 746
479 801
479 825
479 875
480 481
480 485
480 518
480 519
480 603
480 643
480 738
480 757
480 778
480 822
480 843
480 899
480 902
480 903
480 904
480 905
481 687
481 807
481 893
482 775
483 761
483 834
483 870
483 922
483 935
486 534
486 666
486 733
487 522
488 646
491 682
491 892
493 498
495 509
495 523
496 629
496 633
496 777
496 999
497 800
499 654
499 672
499 735
500 572
500 591
500 721
501 706
501 710
501 989
504 725
506 518
506 672
506 701
506 836
506 871
506 925
507 679
507 841
510 588
510 852
510 899
510 995
514 529
514 698
515 707
515 906
515 947
517 637
518 538
518 914
519 664
521 626
521 734
521 752
521 765
521 799
521 814
521 900
521 903
522 527
522 892
522 920
523 573
523 951
524 571
524 630
524 679
524 691
524 694
524 730
524 739
524 746
524 753
524 927
524 988
525 554
525 595
525 630
525 791
526 585
526 726
526 794
526 860
526 862
526 938
527 647
527 726
528 589
528 796
528 927
529 539
531 652
531 700
531 722
531 725
531 896
531 920
531 973
531 974
531 984
532 560
532 572
532 574
532 678
532 751
533 891
536 731
536 775
536 780
536 863
538 670
538 680
538 728
539 574
539 584
539 756
539 994
540 690
540 834
541 557
541 583
541 818
542 549
543 687
543 722
545 854
546 574
546 586
546 958
548 841
548 848
548 933
549 686
550 741
552 727
553 761
553 894
555 801
563 681
564 952
566 801
570 640
570 720
570 763
570 884
571 572
571 624
571 777
573 772
575 992
577 682
579 582
579 710
582 718
582 749
582 855
582 856
583 718
584 676
590 822
593 812
595 676
596 808
596 974
599 747
602 685
602 769
605 811
611 920
613 637
613 676
620 675
621 996
623 749
633 799
637 736
637 740
637 777
637 988
638 681
646 654
646 770
646 846
653 811
655 854
657 876
659 689
659 778
664 760
664 783
669 749
669 772
670 920
672 893
674 975
675 781
675 934
675 970
676 861
676 924
676 983
680 920
681 882
681 955
682 745
682 881
683 755
683 806
683 820
684 721
686 863
687 818
687 891
687 945
688 960
688 995
689 899
692 802
693 931
693 932
693 944
696 736
696 916
696 933
696 969
712 714
714 894
714 969
717 718
717 885
722 725
722 825
723 807
725 875
733 747
733 878
735 807
736 878
738 882
740 885
741 856
747 809
747 817
747 946
748 996
749 923
756 828
772 977
778 855
778 877
780 828
781 875
786 799
787 801
805 833
805 901
805 902
807 877
810 845
810 850
811 900
812 976
815 983
844 876
854 975
867 885
869 878
893 907
893 937
893 980
896 920
920 973
939 983
961 974
978 984
983 985
984 998
