0 11
0 14
0 18
0 20
0 21
0 30
0 32
0 35
0 36
0 52
0 54
0 59
0 68
1 11
1 14
1 82
1 153
1 170
1 235
1 236
1 259
1 301
1 308
1 311
1 312
1 316
1 322
1 336
1 340
1 343
1 345
1 347
1 350
1 365
2 20
2 32
2 74
2 121
2 259
2 281
2 301
2 316
2 370
2 374
2 384
2 390
2 392
2 398
2 400
2 402
2 406
3 125
3 259
3 424
4 59
4 112
4 147
4 159
4 264
4 296
4 370
4 400
4 427
4 428
4 431
4 433
4 440
4 443
4 457
4 458
4 459
4 470
5 14
5 36
5 52
5 71
5 175
5 259
5 280
5 291
5 311
5 459
5 486
5 493
5 506
5 511
6 71
6 92
6 259
6 370
6 428
6 548
6 549
6 551
6 553
6 557
6 561
6 562
6 563
6 564
7 14
7 30
7 73
7 74
7 82
7 112
7 210
7 259
7 264
7 266
7 301
7 308
7 345
7 370
7 374
7 431
7 561
7 575
7 577
7 582
7 586
7 592
7 593
7 601
7 607
7 611
7 616
7 619
7 623
7 630
7 631
8 18
8 71
8 73
8 153
8 392
8 427
8 564
8 675
8 677
8 691
9 11
9 74
9 159
9 433
9 710
9 718
10 406
10 564
10 586
10 675
10 720
11 203
11 259
11 265
11 272
11 277
11 282
11 302
11 365
11 429
11 451
11 490
11 524
11 705
11 710
11 796
11 797
11 798
11 799
12 18
12 35
12 154
12 275
12 365
12 428
12 493
12 582
12 639
12 805
12 808
12 810
13 264
13 322
13 645
13 675
14 211
14 224
14 259
14 314
14 484
14 857
15 427
15 433
15 562
15 877
16 188
16 291
16 316
16 392
16 553
16 828
16 897
17 808
18 32
18 52
18 180
18 225
18 312
18 329
18 431
18 465
18 595
18 784
18 810
18 833
18 848
18 893
18 914
18 937
18 938
18 939
19 384
19 644
19 707
19 915
20 210
20 261
20 267
20 482
20 587
20 674
20 696
20 736
20 947
21 71
21 86
21 120
21 265
21 323
21 418
21 633
21 772
21 815
21 867
21 885
22 641
22 667
23 909
24 82
24 311
24 406
24 443
24 544
25 35
25 104
25 259
25 424
25 428
25 443
26 909
27 402
27 433
28 909
30 265
30 323
30 429
30 494
30 542
30 582
30 697
30 849
31 54
31 316
31 649
31 863
32 313
32 418
32 559
32 931
32 932
32 967
34 374
34 779
34 843
35 264
35 344
35 477
36 263
36 311
36 771
36 825
39 801
40 181
40 264
42 708
43 292
44 311
44 700
47 73
47 153
48 92
48 259
48 280
52 149
52 665
52 802
54 428
54 477
54 837
55 619
56 73
56 647
57 805
57 915
58 884
59 71
59 212
59 353
61 153
61 790
62 805
63 562
64 470
64 539
64 575
66 295
68 266
68 351
68 595
68 777
70 71
70 73
70 74
70 82
70 92
70 94
70 98
70 100
70 104
70 112
70 113
70 117
70 121
70 125
70 126
70 141
70 147
71 73
71 74
71 82
71 94
71 102
71 173
71 182
71 190
71 204
71 206
71 235
71 236
71 259
71 265
71 267
71 277
71 313
71 314
71 332
71 345
71 380
71 424
71 427
71 433
71 437
71 444
71 480
71 553
71 573
71 582
71 616
71 635
71 636
71 637
71 638
71 639
71 640
71 641
71 642
71 643
71 644
71 645
71 646
71 647
71 648
71 649
71 650
71 651
72 126
72 169
72 271
72 428
72 549
72 656
72 658
73 92
73 155
73 234
73 300
73 304
73 311
73 313
73 374
73 406
73 506
73 517
73 539
73 548
73 549
73 586
73 759
73 760
74 80
74 84
74 93
74 110
74 170
74 205
74 213
74 310
74 312
74 327
74 332
74 384
74 440
74 511
74 521
74 623
74 635
74 676
74 681
74 704
74 768
74 769
74 770
75 573
75 705
75 774
75 776
76 427
76 651
77 181
77 271
77 562
77 753
77 790
77 795
78 94
78 98
78 677
78 828
79 292
79 308
79 486
79 544
80 165
80 183
80 551
80 592
80 861
81 828
82 98
82 208
82 229
82 336
82 525
82 697
82 729
82 735
82 833
83 288
83 573
83 644
84 259
84 271
86 340
86 795
86 949
87 917
88 276
88 582
88 884
89 428
89 759
89 971
90 548
90 939
92 155
92 373
92 386
92 460
92 510
92 611
92 667
92 962
92 971
93 269
93 656
94 103
94 150
94 376
94 628
94 671
94 904
94 951
95 553
95 705
95 863
96 173
96 365
96 878
97 316
97 548
98 110
98 413
98 418
98 668
98 808
98 824
98 830
98 897
98 989
98 990
99 169
99 316
100 124
100 427
100 438
100 447
100 468
100 525
100 585
100 618
100 758
101 322
102 266
102 308
103 170
104 122
104 156
104 259
104 425
104 491
104 612
104 732
104 935
105 125
105 428
106 428
106 459
107 623
107 705
107 926
108 708
109 852
110 345
112 207
112 243
112 311
113 119
113 261
113 514
113 574
113 733
113 775
113 979
116 281
116 506
117 200
117 216
117 266
117 300
117 408
117 725
118 938
119 734
119 861
120 188
120 638
120 808
121 140
121 259
121 430
121 761
123 343
123 641
124 639
125 240
125 259
125 627
125 679
125 822
125 973
126 428
126 439
126 523
127 577
127 989
128 343
128 863
128 897
135 801
137 575
137 640
137 760
141 144
141 151
141 427
141 479
141 744
141 832
142 390
142 428
143 561
144 949
147 264
147 664
147 793
148 431
149 153
149 154
149 159
149 165
149 169
149 170
149 173
149 175
149 178
149 181
149 182
149 183
149 188
149 190
150 153
150 159
150 190
150 269
150 281
150 285
150 301
150 311
150 336
150 350
150 370
150 427
150 431
150 539
150 544
151 427
151 776
151 801
152 178
152 259
152 295
152 312
152 720
153 259
153 337
153 707
153 911
153 919
154 241
154 255
154 259
154 261
154 303
154 316
154 443
154 470
154 550
154 554
154 606
154 664
154 726
154 734
154 883
154 902
154 921
155 486
155 619
156 586
156 753
156 828
156 900
157 269
159 192
159 370
160 178
160 720
161 774
164 433
165 265
165 428
165 824
165 899
165 934
166 169
166 511
166 878
167 949
168 619
168 651
168 863
168 949
169 259
169 289
169 986
169 996
170 310
170 787
170 840
170 869
170 997
171 178
171 858
173 206
173 562
173 635
173 659
173 702
173 773
173 791
173 901
174 930
175 259
175 303
175 520
175 606
175 610
175 947
175 957
176 638
176 774
177 705
178 196
178 264
179 264
179 281
179 575
179 888
180 645
181 427
181 474
181 737
181 750
182 300
182 330
182 719
183 404
183 428
183 520
183 668
183 688
183 850
186 914
187 755
188 266
188 777
189 699
190 574
190 894
192 577
193 511
194 287
197 774
198 638
200 402
200 779
201 619
201 637
201 639
202 551
202 852
203 210
203 229
203 235
203 236
203 241
203 248
203 249
203 255
204 259
204 281
204 573
204 575
204 576
204 577
204 580
204 581
205 428
205 616
205 645
205 677
205 784
206 564
206 639
206 733
206 858
207 210
207 259
207 296
207 733
207 805
207 863
208 259
208 264
208 642
209 276
209 607
209 675
209 926
210 259
210 330
210 392
210 430
210 458
210 503
210 593
210 702
210 736
210 791
210 805
210 828
210 919
210 926
210 929
210 930
211 241
212 563
213 264
214 287
214 810
215 345
215 440
216 667
218 917
219 384
219 699
220 779
223 269
224 582
224 649
225 784
226 398
228 280
228 322
229 279
229 420
229 472
229 661
229 823
229 833
232 878
233 631
234 406
234 638
235 314
235 352
235 481
235 509
235 964
236 257
236 274
236 590
236 615
236 757
236 834
236 943
237 292
241 375
241 379
243 340
244 921
245 718
246 312
246 486
248 266
248 348
248 461
248 509
248 905
248 946
249 374
249 520
249 920
249 929
252 264
252 631
255 439
255 451
255 460
259 260
259 261
259 262
259 263
259 264
259 265
259 266
259 267
259 268
259 269
259 270
259 271
259 272
259 273
259 274
259 275
259 276
259 277
259 278
259 279
259 280
259 281
259 282
259 283
259 284
259 285
259 286
259 287
259 288
259 289
259 290
259 291
259 292
259 293
259 294
259 295
259 296
259 297
259 298
259 299
260 271
260 427
260 431
260 658
260 667
261 275
261 294
261 580
261 592
262 431
262 486
262 582
262 651
262 710
263 264
263 275
263 763
264 482
264 545
264 561
264 752
264 842
265 266
265 384
265 440
265 755
265 759
265 852
266 283
266 314
266 343
266 370
266 425
266 480
266 521
266 592
266 600
266 627
266 631
266 658
266 754
266 774
266 777
266 801
266 821
266 861
266 900
266 906
266 907
267 640
267 790
267 805
268 302
268 309
268 382
268 468
268 478
268 517
268 764
268 803
268 882
269 333
269 418
269 664
269 748
269 978
270 288
270 607
271 528
271 589
271 636
271 712
271 795
271 816
271 850
272 561
272 799
273 295
274 312
274 776
275 300
276 489
276 523
276 696
276 970
278 292
278 506
279 288
279 648
279 884
279 971
280 310
280 480
280 509
280 868
280 932
281 367
281 503
281 575
281 696
281 798
281 852
281 949
281 992
281 996
282 285
283 343
283 347
284 642
285 585
285 598
286 549
287 519
287 653
287 704
287 960
287 992
288 490
290 431
290 650
291 315
291 682
291 769
293 337
293 394
293 414
293 594
293 935
294 328
294 348
294 793
295 815
295 940
296 300
296 477
296 703
296 814
297 325
297 477
297 485
297 717
297 865
298 398
299 310
299 325
299 371
299 556
300 311
300 427
300 733
300 734
301 359
301 402
301 427
301 490
301 545
301 606
301 752
301 753
301 754
301 755
301 756
301 757
301 758
302 790
302 821
303 308
303 549
303 763
304 511
305 607
305 733
305 779
305 810
305 878
308 309
308 427
308 565
308 597
308 695
308 730
309 720
310 797
311 444
311 557
311 576
311 708
311 711
311 796
311 848
311 858
312 375
312 418
312 480
312 493
312 528
312 675
312 679
312 888
312 917
313 370
313 677
313 790
314 316
314 576
315 470
316 450
316 525
316 617
316 674
316 716
316 720
316 877
316 951
316 952
317 630
318 709
321 921
322 374
322 480
322 777
323 457
323 888
326 858
327 486
327 648
328 390
328 795
328 797
328 842
329 593
329 611
329 799
331 641
332 642
333 897
335 700
336 584
336 603
336 726
337 428
337 877
338 763
340 381
340 517
340 733
340 874
340 956
342 433
343 351
343 422
343 577
343 619
343 776
343 790
343 863
345 743
346 390
346 651
347 413
347 696
347 728
347 733
347 987
348 667
350 437
350 508
350 575
350 596
353 888
353 909
358 440
359 551
364 801
365 480
366 808
367 575
367 593
370 418
370 563
370 588
370 636
370 763
370 777
370 778
370 779
370 780
371 643
371 843
372 799
372 906
373 734
374 380
374 428
374 453
374 480
374 525
374 544
374 551
374 607
374 656
374 733
374 802
374 843
374 866
374 870
374 934
375 398
375 427
375 563
375 866
376 867
376 965
377 402
378 649
378 773
379 649
380 917
382 763
382 779
382 914
384 523
384 873
386 949
388 457
388 638
388 691
389 710
389 805
390 411
390 428
390 477
390 824
392 401
392 602
392 665
392 896
393 398
393 575
394 443
394 708
396 551
396 768
398 733
400 449
400 733
400 875
400 933
401 667
402 555
402 948
405 755
405 843
406 786
407 897
410 645
417 548
417 575
417 753
418 433
418 888
422 581
424 510
424 566
424 618
424 706
424 713
424 806
424 870
425 906
427 594
427 600
427 615
427 671
427 691
427 695
427 696
427 697
427 698
427 699
427 700
427 701
427 702
427 703
428 457
428 488
428 520
428 564
428 589
428 594
428 601
428 706
428 747
428 802
428 824
428 883
428 884
429 642
429 698
429 705
429 866
429 900
430 458
430 549
430 640
430 698
430 909
431 857
431 868
431 915
432 557
432 643
433 487
433 837
434 926
435 877
436 648
436 774
436 805
436 821
437 548
437 582
437 759
439 592
439 646
440 537
440 777
443 490
443 496
443 685
443 781
443 993
445 631
445 906
446 548
446 658
447 458
447 842
448 914
449 650
449 656
450 650
450 707
450 733
451 768
451 861
453 549
456 734
456 926
457 802
457 813
457 860
458 729
458 746
458 771
459 733
459 789
459 933
461 593
461 915
463 601
463 691
463 773
465 734
465 773
468 575
470 481
470 806
471 640
477 582
477 641
477 705
477 707
477 708
477 709
478 773
479 562
479 637
479 801
480 643
480 843
486 534
486 666
486 733
488 646
490 493
492 647
492 843
493 498
493 735
495 573
495 939
501 710
501 989
506 518
506 672
506 701
506 836
506 871
506 925
508 921
508 930
510 852
512 877
514 698
515 707
515 906
517 637
517 709
517 866
517 867
518 914
519 573
519 710
519 734
519 821
519 921
520 576
520 768
521 734
521 799
521 900
523 573
524 630
524 691
524 753
525 630
526 938
527 647
529 539
529 580
531 700
536 863
539 574
539 584
539 756
539 994
541 557
542 549
544 678
546 586
547 644
548 841
548 848
548 933
549 678
549 686
549 816
550 774
551 635
551 855
551 873
551 874
551 954
553 761
553 894
554 576
554 639
554 784
554 930
555 801
555 989
556 601
557 590
557 711
557 860
557 937
557 999
558 858
560 709
560 965
561 740
561 956
563 681
563 964
564 952
566 801
570 640
570 720
570 763
570 884
573 772
574 842
575 580
575 630
575 712
575 736
575 750
575 855
575 856
575 889
575 909
575 962
575 977
575 992
577 682
579 582
579 710
580 824
581 600
581 733
581 929
582 718
582 749
582 855
582 856
583 648
583 707
583 718
584 593
584 759
585 790
586 678
588 640
590 698
591 667
593 669
593 812
593 857
593 976
596 808
597 760
599 930
600 774
601 655
601 777
602 939
605 698
608 640
611 697
611 920
612 917
613 637
613 965
614 795
616 743
616 967
617 877
620 675
623 634
623 749
623 771
633 799
636 768
637 736
637 740
637 777
637 988
638 681
638 824
638 944
638 961
639 666
640 730
640 977
642 661
643 844
644 932
645 844
646 654
646 770
646 846
647 728
650 815
655 656
656 814
656 889
658 731
658 844
664 760
665 733
667 942
667 995
675 781
675 934
675 970
676 861
677 733
678 842
683 755
686 863
694 821
698 928
699 704
699 857
699 947
700 871
705 901
706 784
706 866
707 881
707 991
709 733
709 990
710 756
710 806
710 823
710 965
715 821
716 774
717 718
720 830
724 971
726 797
728 776
733 747
733 878
734 936
736 797
736 878
743 755
756 828
760 923
761 917
775 965
776 804
777 938
778 877
780 828
781 821
782 989
786 799
787 801
790 879
790 987
792 906
796 971
805 833
805 901
805 902
807 877
810 845
810 850
811 900
839 867
839 907
843 904
852 927
863 887
867 885
869 878
873 971
877 933
891 907
893 907
895 938
907 935
909 980
915 976
917 991
939 983
