0 1
0 15
0 19
0 23
0 31
0 36
0 43
0 46
0 50
0 51
0 52
1 2
1 3
1 4
1 5
1 6
1 7
1 9
1 11
1 14
1 15
1 19
1 22
1 23
1 26
1 39
1 70
1 77
1 80
1 82
1 105
1 132
1 149
1 150
1 153
1 161
1 170
1 185
1 203
1 204
1 208
1 211
1 217
1 221
1 228
1 235
1 236
1 259
1 260
1 261
1 267
1 300
1 301
1 302
1 303
1 304
1 305
1 306
1 307
1 308
1 309
1 310
1 311
1 312
1 313
1 314
1 315
1 316
1 317
1 318
1 319
1 320
1 321
1 322
1 323
1 324
1 325
1 326
1 327
1 328
1 329
1 330
1 331
1 332
1 333
1 334
1 335
1 336
1 337
1 338
1 339
1 340
1 341
1 342
1 343
1 344
1 345
1 346
1 347
1 348
1 349
1 350
1 351
1 352
1 353
1 354
1 355
1 356
1 357
1 358
1 359
1 360
1 361
1 362
1 363
1 364
1 365
1 366
1 367
1 368
1 369
2 70
2 95
2 121
2 203
2 257
2 317
2 318
2 323
2 328
2 341
2 346
2 383
2 384
2 395
2 399
2 411
2 414
2 415
3 43
3 70
3 125
3 223
4 145
4 147
4 157
4 203
4 233
4 247
4 321
4 348
4 351
4 435
4 442
4 444
4 468
4 474
5 31
5 36
5 52
5 70
5 106
5 115
5 124
5 127
5 230
5 231
5 258
5 280
5 311
5 496
5 498
5 513
6 46
6 92
6 203
6 230
6 306
6 310
6 331
6 337
6 383
6 547
6 553
6 557
6 562
6 569
7 23
7 70
7 90
7 120
7 161
7 225
7 254
7 260
7 267
7 289
7 308
7 327
7 345
7 349
7 357
7 360
7 383
7 547
7 583
7 585
7 607
7 615
7 630
7 632
8 111
8 157
8 203
8 339
8 395
8 435
8 442
8 569
8 683
8 692
8 694
9 203
9 585
9 715
10 70
10 203
10 234
11 203
11 365
11 705
12 83
12 90
12 158
12 310
12 344
12 362
12 365
12 399
12 805
12 812
13 286
13 322
13 334
13 338
13 513
13 683
14 224
14 314
15 150
15 166
15 220
15 222
15 261
15 427
15 430
15 433
15 518
15 562
15 876
15 877
16 19
16 95
16 257
16 325
16 352
16 553
17 83
17 111
17 318
18 52
18 225
18 312
19 29
19 105
19 108
19 304
19 381
19 384
19 389
19 417
19 535
19 547
19 644
19 692
19 707
19 742
19 758
19 908
19 915
19 942
20 267
20 674
21 120
21 323
22 203
22 339
22 672
23 207
23 232
23 546
23 818
23 909
24 145
24 311
25 104
25 323
25 368
25 578
26 330
27 355
29 247
30 323
30 542
31 54
31 203
31 262
31 316
31 649
31 793
31 863
32 313
32 931
33 966
34 203
34 325
35 344
36 263
36 311
36 771
36 825
37 70
37 106
37 395
38 742
39 364
39 569
42 70
42 325
42 708
43 260
43 263
43 292
43 560
43 597
44 311
44 585
45 46
45 251
46 69
46 203
46 205
46 976
48 92
48 280
48 540
49 327
50 89
50 203
50 373
50 522
50 889
51 83
51 87
51 425
51 455
52 149
52 665
52 802
56 203
56 325
57 805
57 915
59 353
60 357
62 369
62 669
62 805
63 562
63 830
65 131
67 411
68 351
69 323
70 71
70 72
70 73
70 74
70 75
70 76
70 77
70 78
70 79
70 80
70 81
70 82
70 83
70 84
70 85
70 86
70 87
70 88
70 89
70 90
70 91
70 92
70 93
70 94
70 95
70 96
70 97
70 98
70 99
70 100
70 101
70 102
70 103
70 104
70 105
70 106
70 107
70 108
70 109
70 110
70 111
70 112
70 113
70 114
70 115
70 116
70 117
70 118
70 119
70 120
70 121
70 122
70 123
70 124
70 125
70 126
70 127
70 128
70 129
70 130
70 131
70 132
70 133
70 134
70 135
70 136
70 137
70 138
70 139
70 140
70 141
70 142
70 143
70 144
70 145
70 146
70 147
70 148
71 94
71 267
71 313
71 314
71 332
71 345
71 444
71 553
71 573
71 635
71 640
72 93
72 119
72 126
72 130
72 260
72 271
72 284
72 317
72 326
72 411
72 415
72 658
73 92
73 234
73 311
73 313
74 93
74 213
74 310
74 312
74 327
74 332
74 384
74 635
74 704
75 116
75 157
75 209
75 361
75 573
75 705
76 83
76 203
77 83
77 271
77 321
77 332
77 526
77 562
78 94
78 98
78 138
78 284
78 326
78 331
78 363
78 830
79 115
79 308
79 353
79 703
80 83
80 90
80 256
81 149
81 164
81 207
81 261
81 517
81 828
82 98
82 229
82 336
83 88
83 219
83 288
83 315
83 381
83 436
83 468
83 496
83 516
83 535
83 569
83 573
83 574
83 622
83 629
83 635
83 644
83 683
83 694
83 703
83 704
83 711
83 730
83 772
83 778
83 824
83 846
83 885
84 97
84 139
84 271
84 289
84 399
84 615
84 635
84 666
85 223
85 260
85 583
85 665
86 209
86 340
87 106
87 115
87 917
88 90
88 276
88 313
89 130
89 131
89 203
89 254
89 342
89 358
89 369
89 395
89 513
89 569
89 953
89 971
90 379
90 548
90 555
90 719
90 825
90 939
91 203
91 366
91 533
92 155
92 373
92 386
92 460
92 510
92 611
92 667
92 962
92 971
93 150
93 269
93 274
93 656
93 788
93 837
93 864
93 903
94 103
94 150
94 376
94 628
94 671
94 904
94 951
95 102
95 109
95 553
95 695
95 705
95 761
95 812
95 824
95 838
95 848
95 863
95 987
96 365
96 435
96 666
97 164
97 316
97 548
97 686
97 885
97 974
98 110
98 413
98 418
98 668
98 808
98 824
98 830
98 897
98 989
98 990
99 227
99 260
99 314
99 352
99 674
100 124
100 468
100 585
101 203
101 322
102 308
103 526
104 122
104 156
104 259
104 425
104 491
104 612
104 732
104 935
105 125
105 674
106 215
106 428
106 459
106 845
106 997
107 349
107 705
107 926
108 234
108 708
109 111
109 142
109 812
110 203
110 224
110 345
110 498
111 447
111 859
111 982
112 311
113 119
114 205
114 387
114 481
114 891
114 903
115 481
116 151
116 166
116 281
116 506
116 986
117 200
117 216
117 266
117 300
117 408
117 725
118 136
118 260
118 578
119 204
119 734
119 770
119 861
120 184
120 188
120 212
120 237
120 638
120 786
120 808
120 994
121 140
121 259
121 430
121 761
122 203
123 150
123 343
123 426
123 641
123 849
123 882
123 903
124 639
124 847
125 240
125 259
125 627
125 679
125 822
125 973
126 428
126 439
126 523
127 204
127 315
127 517
127 577
127 622
127 836
127 989
128 139
129 166
129 536
129 726
129 922
130 207
130 811
131 160
131 391
131 550
132 348
133 204
133 309
133 404
133 450
134 421
134 438
134 480
134 871
134 883
135 218
135 598
135 668
135 801
136 152
136 752
136 824
137 361
137 640
138 452
138 723
138 959
139 265
139 527
139 996
141 144
141 151
141 427
141 479
141 744
141 832
142 242
142 390
142 428
143 436
143 478
143 561
143 736
145 532
145 959
146 204
146 300
146 425
146 802
147 264
147 664
147 793
148 149
148 239
148 431
148 503
149 157
149 158
149 161
149 179
150 158
150 203
150 226
150 260
150 285
150 306
150 311
150 313
150 317
150 336
150 348
150 350
150 411
150 518
150 526
150 533
150 540
150 542
151 260
151 356
152 226
152 312
153 337
154 241
154 255
154 921
155 245
155 260
155 318
155 330
156 158
157 238
157 269
157 328
157 487
157 521
157 615
157 736
157 748
157 887
157 899
158 203
158 410
158 680
158 854
160 442
160 518
161 191
161 265
161 479
161 527
161 774
164 258
164 526
164 533
164 585
165 899
166 326
166 344
166 444
166 931
168 314
168 325
168 887
169 289
170 310
171 225
171 254
173 562
173 635
177 705
179 260
179 264
179 281
179 531
179 575
179 798
179 888
179 992
180 245
181 474
182 330
185 306
186 213
187 369
191 533
194 260
194 317
199 306
201 669
203 204
203 205
203 206
203 207
203 208
203 209
203 210
203 211
203 212
203 213
203 214
203 215
203 216
203 217
203 218
203 219
203 220
203 221
203 222
203 223
203 224
203 225
203 226
203 227
203 228
203 229
203 230
203 231
203 232
203 233
203 234
203 235
203 236
203 237
203 238
203 239
203 240
203 241
203 242
203 243
203 244
203 245
203 246
203 247
203 248
203 249
203 250
203 251
203 252
203 253
203 254
203 255
203 256
203 257
203 258
204 213
204 230
204 573
204 578
205 214
206 318
206 337
206 338
206 399
207 254
207 632
207 692
207 805
209 242
209 262
209 263
209 274
209 276
209 414
209 417
209 498
209 533
209 536
209 585
209 607
209 675
209 873
209 926
209 927
209 928
210 330
210 805
210 926
211 241
211 331
213 264
213 418
213 652
213 654
213 743
213 924
214 287
214 300
214 479
214 777
214 796
214 809
214 810
214 891
215 345
215 944
218 917
219 384
219 496
221 518
222 496
223 269
223 423
223 590
224 272
224 582
224 649
224 823
224 904
224 984
225 603
225 761
225 784
225 793
226 398
226 602
226 725
226 968
227 546
227 594
227 598
228 280
228 322
228 953
229 279
229 420
229 472
229 661
229 823
229 833
230 556
230 634
230 783
230 960
231 303
231 397
231 824
232 260
233 389
233 631
233 706
233 782
234 406
234 638
235 314
235 352
236 257
236 615
237 887
238 260
239 542
241 375
241 379
243 340
243 435
244 310
244 474
244 921
245 320
245 671
245 690
245 718
246 312
247 263
247 319
248 348
248 946
249 374
249 520
249 920
249 929
250 278
250 432
250 460
250 923
251 329
251 382
251 788
252 264
252 473
252 531
252 631
252 738
252 765
253 393
253 591
253 834
253 957
255 439
255 451
255 460
256 604
256 890
256 956
257 685
258 934
258 943
259 260
259 267
259 271
259 276
259 280
259 284
259 285
259 286
259 288
259 289
259 297
260 263
260 271
260 278
260 284
260 307
260 427
260 431
260 442
260 477
260 479
260 508
260 527
260 540
260 552
260 583
260 596
260 597
260 612
260 658
260 664
260 665
260 666
260 667
260 668
260 669
260 670
260 671
260 672
260 673
260 674
261 317
261 325
261 518
262 341
262 498
262 632
262 683
263 344
263 518
264 842
265 384
265 513
265 846
266 314
266 658
267 274
267 399
267 524
267 534
267 545
267 640
267 735
267 746
267 790
267 805
267 931
268 468
269 333
270 288
270 415
270 607
270 838
271 528
271 589
271 636
271 712
271 795
271 816
271 850
273 321
273 585
274 312
274 444
276 489
276 523
276 696
276 970
278 442
279 288
279 321
279 846
279 931
279 971
280 310
280 480
280 509
280 868
280 932
281 367
282 285
282 838
283 347
284 642
284 728
284 757
284 881
284 968
285 585
285 598
286 372
286 435
286 549
287 704
288 490
289 310
293 337
293 414
294 328
294 348
296 703
297 325
297 477
297 485
297 717
297 865
298 414
299 310
299 325
300 306
300 311
300 326
300 330
300 334
300 339
300 742
300 746
301 359
302 321
302 585
302 715
303 308
303 339
303 838
304 364
304 742
305 310
305 357
305 547
305 583
305 607
305 704
306 423
306 478
306 497
306 673
306 690
306 783
308 309
308 427
308 565
308 597
308 695
308 730
310 335
310 376
310 726
310 797
310 882
310 908
311 444
311 557
311 576
311 708
311 711
311 796
311 848
311 858
312 375
312 418
312 480
312 493
312 528
312 675
312 679
312 888
312 917
313 370
313 677
313 788
313 790
313 932
313 933
314 316
314 435
314 474
314 480
314 522
314 523
314 542
314 552
314 576
314 758
314 761
314 771
314 944
314 945
314 946
315 358
316 674
317 319
317 329
317 471
317 524
317 535
317 612
317 630
317 959
318 475
318 574
318 709
318 717
318 829
318 890
319 966
320 358
320 368
321 324
321 481
321 513
321 632
321 829
321 921
321 951
322 374
322 480
322 777
323 457
323 661
323 676
323 888
324 359
325 445
325 490
325 556
325 588
325 687
325 966
326 732
326 858
327 437
327 464
327 486
327 516
327 534
327 648
328 390
328 411
328 415
328 430
328 449
328 726
328 793
328 795
328 797
328 806
328 842
328 876
330 449
331 375
331 455
331 641
331 732
332 479
332 596
332 642
332 792
333 480
333 725
333 868
333 897
334 591
334 688
334 761
334 972
335 526
336 584
336 603
336 726
337 428
337 670
337 800
337 877
338 488
338 521
338 558
338 763
338 804
339 731
339 744
340 381
340 517
340 733
340 874
340 956
341 386
341 477
342 433
342 487
342 584
342 942
342 985
343 351
345 743
346 354
346 373
346 390
346 531
346 651
346 744
346 748
346 947
346 960
347 413
347 696
347 728
347 733
347 987
348 378
348 465
348 667
348 913
349 373
349 778
350 437
350 508
350 575
350 596
351 422
351 728
351 817
352 741
353 449
353 590
353 879
353 888
353 909
355 598
355 609
355 735
355 831
355 851
356 438
356 520
356 728
357 480
358 440
359 389
359 551
360 680
360 702
360 933
360 994
361 430
361 545
362 568
362 684
362 736
362 868
363 806
363 809
363 927
364 736
364 787
364 801
365 480
366 670
366 686
366 808
367 575
367 593
367 922
368 421
368 550
369 771
373 383
373 415
373 665
374 607
378 944
378 946
379 435
379 635
380 540
380 917
383 435
383 448
383 461
383 608
384 523
384 873
389 805
390 411
392 665
393 953
394 414
394 708
395 435
418 585
418 632
418 887
421 635
422 585
423 928
427 615
427 703
429 705
429 899
430 435
430 640
431 915
432 557
432 666
434 926
435 523
435 584
435 629
435 715
435 877
435 953
436 805
436 899
442 620
442 762
442 886
442 919
443 496
444 806
444 975
445 966
446 658
447 842
450 583
454 583
456 669
456 926
458 746
461 704
461 915
461 928
463 692
468 575
471 640
474 476
474 589
475 838
477 704
477 705
477 708
479 562
479 746
480 518
480 899
486 666
490 585
493 498
495 573
496 629
496 633
496 777
496 999
499 672
506 518
506 672
508 921
510 899
517 547
517 704
517 838
518 538
518 680
518 726
518 914
519 573
519 921
520 583
520 715
523 573
524 630
524 694
524 746
525 630
526 585
526 726
526 794
526 860
526 862
526 938
533 891
540 690
540 834
541 557
541 583
542 549
547 604
547 644
547 652
547 819
551 635
553 761
553 894
557 590
557 711
557 860
557 937
557 999
570 640
572 945
573 772
574 842
574 966
575 630
578 665
578 837
583 648
583 707
583 718
583 853
584 703
585 680
585 790
585 886
585 934
587 966
588 640
593 669
593 812
604 742
605 635
608 640
610 715
612 917
613 953
622 694
622 945
624 838
635 711
635 967
635 978
638 944
639 666
640 730
640 977
646 846
658 731
658 844
665 733
665 762
665 820
665 835
665 844
669 670
669 735
669 749
669 772
669 967
672 893
672 975
674 975
678 842
683 755
683 806
683 820
687 945
689 899
692 802
693 931
693 944
694 821
698 928
699 704
703 908
704 840
704 881
704 943
705 901
715 821
720 830
724 971
728 846
747 946
754 966
761 917
777 846
783 945
796 971
805 833
805 901
805 902
812 976
826 946
830 968
838 847
838 880
838 964
846 847
848 945
856 928
863 887
873 971
899 993
911 944
915 976
917 991
944 957
945 964
