0 7
0 9
0 14
0 23
0 25
0 26
0 33
0 35
0 39
0 47
0 49
0 67
1 7
1 9
1 14
1 23
1 26
1 39
1 77
1 82
1 105
1 161
1 267
1 301
1 312
1 319
1 322
1 326
1 331
1 338
1 345
1 353
1 354
1 357
1 359
1 360
2 72
2 216
2 281
2 301
2 374
2 375
2 377
2 381
2 396
2 397
2 398
2 409
2 410
2 413
2 415
3 26
3 377
3 419
3 426
4 9
4 77
4 112
4 157
4 159
4 238
4 431
4 433
4 436
4 443
4 447
4 454
4 463
4 464
4 468
4 471
4 475
5 14
5 115
5 482
5 483
5 485
5 492
5 493
5 505
5 508
6 25
6 72
6 77
6 331
6 377
6 549
6 550
6 554
6 559
6 561
6 562
6 563
7 9
7 14
7 23
7 25
7 28
7 30
7 33
7 49
7 70
7 72
7 73
7 74
7 75
7 77
7 79
7 80
7 82
7 84
7 90
7 107
7 110
7 112
7 120
7 149
7 152
7 160
7 161
7 168
7 171
7 176
7 184
7 192
7 193
7 196
7 205
7 207
7 210
7 225
7 237
7 254
7 259
7 260
7 262
7 264
7 266
7 267
7 273
7 289
7 300
7 301
7 302
7 303
7 308
7 327
7 345
7 349
7 357
7 360
7 370
7 374
7 375
7 383
7 397
7 407
7 409
7 413
7 417
7 419
7 429
7 431
7 434
7 436
7 447
7 463
7 464
7 478
7 480
7 485
7 500
7 508
7 523
7 547
7 550
7 561
7 574
7 575
7 577
7 582
7 583
7 584
7 585
7 586
7 587
7 588
7 589
7 590
7 591
7 592
7 593
7 594
7 595
7 596
7 597
7 598
7 599
7 600
7 601
7 602
7 603
7 604
7 605
7 606
7 607
7 608
7 609
7 610
7 611
7 612
7 613
7 614
7 615
7 616
7 617
7 618
7 619
7 620
7 621
7 622
7 623
7 624
7 625
7 626
7 627
7 628
7 629
7 630
7 631
7 632
7 633
7 634
8 72
8 79
8 111
8 157
8 216
8 354
8 492
8 584
8 594
8 609
8 676
8 679
8 687
9 11
9 74
9 122
9 159
9 166
9 203
9 270
9 430
9 433
9 585
9 589
9 591
9 710
9 711
9 712
9 713
9 714
9 715
9 716
9 717
9 718
10 72
10 167
10 586
11 710
11 799
12 35
12 90
12 409
12 426
12 493
12 582
12 813
12 814
13 322
13 338
13 625
13 767
13 815
14 211
14 224
14 259
14 314
14 484
14 857
15 433
15 562
16 447
16 609
16 714
16 828
16 891
16 893
17 111
18 312
18 431
18 893
19 105
19 108
19 381
19 758
19 942
20 210
20 267
20 482
20 696
21 120
21 815
22 602
23 207
23 232
23 546
23 818
23 909
24 82
24 443
25 35
25 104
25 259
25 283
25 323
25 368
25 424
25 428
25 443
25 522
25 578
25 626
25 685
25 750
25 783
25 856
25 940
25 967
26 62
26 72
26 155
26 177
26 330
26 909
26 929
27 419
27 433
27 485
27 891
28 584
30 582
31 863
32 559
32 931
33 78
33 80
33 220
33 480
33 719
33 966
34 374
34 602
35 264
35 344
35 477
39 76
39 168
39 364
39 479
39 569
39 801
40 181
43 292
47 73
47 77
47 153
47 545
47 809
48 912
49 57
49 149
49 166
49 327
49 621
49 685
50 889
52 802
53 572
53 624
56 785
57 941
59 353
60 357
61 137
63 375
63 562
64 539
64 575
67 411
67 453
67 584
67 728
70 72
70 77
70 79
70 82
70 84
70 90
70 93
70 97
70 105
70 107
70 108
70 111
70 112
70 114
70 115
70 116
70 119
70 120
70 122
70 130
70 137
70 139
71 82
71 267
71 345
71 433
71 582
71 616
71 635
71 650
71 651
72 86
72 91
72 93
72 119
72 126
72 130
72 150
72 166
72 167
72 169
72 172
72 211
72 215
72 242
72 260
72 271
72 272
72 284
72 317
72 326
72 373
72 378
72 411
72 415
72 428
72 477
72 505
72 549
72 652
72 653
72 654
72 655
72 656
72 657
72 658
72 659
72 660
72 661
72 662
72 663
73 374
73 539
73 549
73 586
73 759
74 84
74 93
74 312
74 521
74 635
74 676
75 84
75 116
75 157
75 521
75 662
76 584
76 651
76 676
76 789
77 83
77 91
77 172
77 181
77 271
77 298
77 321
77 332
77 377
77 381
77 480
77 526
77 562
77 596
77 628
77 633
77 739
77 753
77 767
77 790
77 791
77 792
77 793
77 794
77 795
78 284
78 326
78 331
78 828
79 115
79 149
79 150
79 176
79 184
79 272
79 292
79 308
79 353
79 378
79 404
79 483
79 486
79 544
79 590
79 621
79 703
79 747
79 833
79 834
79 835
79 836
80 90
80 572
80 592
80 652
81 828
82 98
82 208
82 229
82 336
82 525
82 697
82 729
82 735
82 833
83 381
83 436
83 468
83 622
83 629
83 635
84 97
84 105
84 139
84 216
84 259
84 271
84 289
84 372
84 396
84 399
84 421
84 471
84 482
84 597
84 615
84 635
84 654
84 655
84 666
84 713
84 716
84 766
84 791
84 815
84 872
84 891
84 895
84 911
84 913
85 160
85 583
85 588
86 167
86 663
86 792
86 872
87 115
88 90
88 582
88 608
89 130
89 254
89 436
89 483
89 759
89 913
90 379
90 548
90 555
90 719
90 825
90 939
91 533
92 611
92 962
93 150
93 269
93 274
93 656
93 788
93 837
93 864
93 903
95 863
96 666
97 164
97 316
97 548
97 686
97 885
97 974
98 413
98 990
99 169
99 594
100 447
100 468
100 618
100 758
101 322
101 765
103 526
104 122
104 612
105 125
105 428
105 452
105 536
105 674
105 849
107 349
107 441
107 589
107 605
107 623
107 705
107 926
107 974
108 234
108 388
108 497
108 584
108 708
108 868
108 919
109 111
109 852
110 345
110 911
111 447
111 859
111 982
112 207
112 243
112 311
113 119
114 205
114 387
114 481
114 891
114 903
115 481
116 151
116 166
116 281
116 506
116 986
117 200
117 216
118 578
118 893
119 204
119 734
119 770
119 861
120 184
120 188
120 212
120 237
120 638
120 786
120 808
120 994
122 203
122 820
122 935
123 426
125 627
125 679
126 523
127 577
127 622
127 836
128 139
128 863
130 207
130 811
131 160
131 550
132 485
132 676
134 871
135 598
137 361
137 516
137 575
137 640
137 760
137 845
139 265
139 527
139 996
142 242
143 436
143 561
145 532
146 802
148 431
149 157
149 159
149 160
149 161
149 167
149 168
149 169
149 181
149 193
149 196
149 200
150 159
150 281
150 301
150 381
150 396
150 397
150 419
150 431
150 492
150 521
150 523
150 526
150 528
150 532
150 533
150 539
151 600
151 802
152 160
152 312
152 375
152 634
152 766
152 815
153 911
154 241
154 443
154 550
154 554
156 168
156 586
156 741
156 828
156 900
156 948
157 238
157 269
157 328
157 487
157 521
157 615
157 736
157 748
157 887
157 899
158 410
159 192
159 370
160 178
160 439
160 442
160 518
160 720
161 191
161 265
161 479
161 527
161 774
164 433
164 526
164 533
164 550
164 614
164 618
166 169
166 326
166 505
166 604
166 931
167 206
167 473
167 671
167 880
167 932
167 949
168 314
168 325
168 475
168 554
168 619
168 651
168 728
168 863
168 887
168 949
169 259
169 289
169 986
169 996
171 254
171 375
172 532
173 562
173 635
173 659
175 610
176 550
176 758
178 196
179 281
179 575
180 464
180 624
181 427
181 474
181 737
181 750
186 924
187 755
189 602
191 533
192 577
193 391
193 511
193 519
193 574
193 749
195 941
196 430
196 439
197 662
197 676
200 402
200 521
200 779
202 852
203 210
203 214
203 216
203 238
203 241
203 242
203 246
203 249
203 254
204 281
204 572
204 575
204 577
204 578
204 580
205 214
205 454
205 572
205 616
205 783
205 785
206 338
207 210
207 254
207 436
207 454
207 632
207 863
207 865
208 483
208 505
208 610
208 766
208 871
208 872
209 242
209 533
210 259
210 330
210 392
210 430
210 458
210 503
210 593
210 702
210 736
210 791
210 805
210 828
210 919
210 926
210 929
210 930
211 241
211 331
211 941
212 563
213 652
213 924
214 287
214 300
214 479
214 777
214 796
214 809
214 810
214 891
215 345
215 767
215 836
216 221
216 302
216 667
217 319
218 614
219 942
222 242
224 582
224 984
225 603
226 398
226 602
227 594
227 598
228 322
229 661
230 634
230 783
231 397
233 631
237 292
238 260
238 524
238 898
241 375
241 379
242 430
242 972
246 290
246 312
246 486
246 636
247 319
249 374
249 520
249 920
249 929
252 631
252 765
256 604
259 267
259 273
259 281
259 283
259 284
259 292
260 284
260 431
260 508
260 583
260 612
260 658
260 666
261 471
261 482
261 580
261 592
261 598
261 714
261 729
262 431
262 582
262 599
262 632
262 651
262 710
262 748
263 617
263 657
263 714
263 765
263 766
263 767
264 482
264 561
264 842
265 755
265 759
265 852
266 283
266 521
266 592
266 600
266 627
266 631
266 658
266 754
266 821
266 900
267 274
267 399
267 524
267 534
267 545
267 640
267 735
267 746
267 790
267 805
267 931
268 468
269 748
270 415
270 729
270 872
271 528
272 561
272 799
272 835
272 984
273 279
273 295
273 302
273 321
273 469
273 585
273 613
273 725
273 829
274 312
274 661
274 739
276 523
276 696
278 292
278 652
279 792
279 931
281 367
281 503
281 575
281 696
281 798
281 852
281 949
281 992
281 996
282 614
282 891
283 304
283 343
283 347
283 524
283 968
283 994
284 642
284 728
284 757
284 881
284 968
285 598
286 549
290 431
290 650
293 594
295 815
296 814
297 485
297 717
297 865
298 375
298 398
300 326
300 409
300 687
300 739
300 741
300 746
301 359
301 402
301 427
301 490
301 545
301 606
301 752
301 753
301 754
301 755
301 756
301 757
301 758
302 813
302 821
303 397
303 549
303 584
303 652
303 729
304 657
305 357
305 572
305 583
305 754
306 783
312 375
312 418
312 480
312 493
312 528
312 675
312 679
312 888
312 917
314 523
314 758
315 319
315 815
316 617
317 319
317 471
317 612
318 475
318 717
319 436
319 517
319 541
319 966
321 632
322 374
322 480
322 777
323 661
323 676
324 359
325 588
325 687
326 732
326 858
327 464
328 415
328 842
329 611
329 799
329 911
331 375
331 455
331 641
331 732
332 792
335 526
336 584
336 603
338 488
338 521
338 558
338 763
338 804
340 381
342 433
342 584
342 942
343 577
343 863
345 743
346 354
346 651
346 748
347 413
347 696
348 913
350 508
350 575
352 741
353 449
353 590
353 879
353 888
353 909
354 391
354 550
355 598
355 609
357 480
359 389
359 551
360 680
360 702
360 933
360 994
367 575
368 550
370 563
370 588
371 492
372 625
372 799
373 377
373 415
373 483
373 588
373 924
374 380
374 428
374 453
374 480
374 525
374 544
374 551
374 607
374 656
374 733
374 802
374 843
374 866
374 870
374 934
375 398
375 427
375 446
375 501
375 559
375 563
375 752
375 813
375 853
375 866
375 942
375 963
375 964
377 402
377 438
377 954
377 973
377 975
379 550
379 635
379 789
380 598
381 721
381 782
383 608
384 523
386 594
386 767
388 485
388 550
388 663
388 912
389 710
389 813
389 865
391 550
391 815
392 602
393 398
393 575
393 891
394 443
394 559
394 662
394 835
396 481
396 551
396 768
396 798
397 590
397 822
398 733
401 599
401 765
402 948
404 872
405 755
407 629
409 874
409 972
410 521
410 645
410 697
412 754
413 743
417 575
418 433
418 622
418 632
418 679
418 889
419 429
419 933
421 635
421 676
422 785
422 815
423 482
424 618
426 521
426 546
426 660
427 594
427 600
427 696
428 594
428 802
429 900
430 549
430 911
430 912
431 857
431 868
431 915
432 666
433 487
433 837
434 454
434 598
434 620
434 625
435 523
435 584
435 629
436 477
436 521
436 648
436 774
436 805
436 821
436 899
436 941
436 957
437 582
437 759
437 814
438 871
439 592
441 483
442 620
443 490
443 496
443 685
443 781
443 993
445 631
445 950
446 658
446 941
447 458
447 534
447 555
447 809
447 833
447 842
447 893
447 984
447 990
448 464
448 608
449 650
450 583
450 650
452 550
453 549
453 652
454 583
455 924
456 659
457 802
457 813
458 729
458 746
459 789
460 505
460 624
463 601
463 691
463 692
463 736
463 773
463 936
463 978
464 918
468 575
469 815
471 640
472 602
473 521
475 825
475 838
477 582
477 588
477 599
477 679
478 634
478 739
478 741
478 754
479 562
479 584
479 746
480 485
480 603
481 687
481 891
481 893
482 775
483 761
483 834
483 870
483 922
483 935
485 757
486 666
490 493
492 530
492 584
492 647
492 843
493 498
493 735
495 523
496 629
500 572
501 710
506 836
506 871
507 679
508 668
508 921
508 930
508 952
510 588
510 852
519 710
519 821
520 583
521 626
521 734
521 752
521 765
521 799
521 814
521 900
521 903
522 977
523 573
523 951
524 679
524 739
524 746
525 554
526 585
526 726
526 794
526 860
526 862
526 938
528 589
528 796
528 927
529 539
529 580
531 652
531 984
532 560
532 572
532 574
532 678
532 751
533 891
534 657
536 863
539 574
539 584
539 756
539 994
541 583
542 549
543 687
545 729
546 586
547 604
547 652
549 678
549 686
549 816
550 741
550 774
550 789
550 871
551 635
554 576
554 595
554 639
554 784
554 825
554 910
554 930
554 948
559 857
561 740
561 956
563 681
563 964
565 609
567 871
568 990
571 572
571 624
572 584
572 587
572 654
572 737
572 845
572 945
574 842
575 580
575 630
575 712
575 736
575 750
575 855
575 856
575 889
575 909
575 962
575 977
575 992
577 682
578 665
578 837
579 582
579 710
580 824
581 600
582 718
582 749
582 855
582 856
583 648
583 707
583 718
583 853
584 593
584 676
584 703
584 759
584 785
584 865
584 912
584 922
584 950
586 678
587 614
587 618
588 640
589 962
590 603
590 610
590 815
595 676
596 617
597 913
598 727
599 747
599 824
599 930
599 936
600 751
600 774
600 937
600 954
602 685
602 769
602 905
602 939
604 742
604 752
604 820
604 824
605 635
605 663
605 941
606 792
608 640
609 735
609 933
610 715
611 697
611 920
612 660
612 917
613 676
614 795
616 743
616 967
617 877
620 675
620 762
622 694
622 945
623 634
624 838
625 653
627 886
627 940
633 799
635 711
635 967
635 978
639 666
640 977
642 661
650 815
652 723
652 961
656 814
656 889
657 876
657 999
658 731
658 844
659 689
659 725
659 778
661 985
661 994
662 719
663 697
664 783
665 835
667 942
672 893
676 861
676 924
676 983
678 842
678 990
679 991
683 755
686 863
687 818
687 891
687 945
692 802
693 931
694 821
696 736
696 916
696 933
696 969
700 871
709 990
710 756
710 806
710 823
710 965
712 714
714 894
714 969
715 821
717 718
717 727
717 885
717 978
726 950
727 948
730 789
735 835
739 793
741 856
743 755
748 761
748 996
754 966
756 828
764 977
766 781
772 977
777 871
780 828
781 821
783 945
785 967
786 799
788 948
792 857
792 906
792 998
798 835
802 880
803 962
811 900
815 894
815 983
831 962
835 943
836 925
844 962
845 950
852 927
857 865
862 872
863 887
869 891
869 950
871 883
882 889
891 907
891 940
893 907
893 937
893 980
895 911
911 925
911 944
911 957
912 916
913 934
948 976
962 963
978 984
984 998
