0 21
0 24
0 27
0 30
0 35
0 36
0 37
0 38
0 39
0 52
0 54
0 55
0 60
0 62
0 64
0 66
1 39
1 170
1 185
1 221
1 236
1 260
1 302
1 307
1 330
1 334
1 340
1 341
1 352
1 355
1 356
2 74
2 121
2 257
2 341
2 372
2 377
2 378
2 384
2 390
2 392
2 397
2 406
3 27
3 223
3 377
3 419
3 421
3 425
4 62
4 145
4 147
4 238
4 247
4 263
4 296
4 431
4 433
4 436
4 438
4 443
4 450
4 451
4 452
4 460
4 466
4 469
4 474
5 24
5 36
5 52
5 99
5 115
5 307
5 372
5 477
5 478
5 479
5 502
6 290
6 377
6 378
6 451
6 478
6 552
6 553
6 555
6 556
6 558
6 562
7 30
7 74
7 79
7 160
7 171
7 176
7 184
7 193
7 254
7 260
7 273
7 302
7 397
7 419
7 431
7 436
7 478
7 582
7 586
7 588
7 589
7 590
7 593
7 596
7 597
7 599
7 601
7 603
7 610
7 618
7 621
7 625
7 626
7 634
8 79
8 263
8 392
8 477
8 530
8 679
8 681
8 682
8 690
9 74
9 433
9 589
9 714
9 718
10 406
10 586
11 302
11 451
11 705
11 799
12 35
12 38
12 156
12 158
12 184
12 275
12 582
12 745
12 808
12 813
13 286
13 334
13 625
13 767
13 820
15 433
15 518
15 562
16 257
16 352
16 392
16 553
16 556
16 558
16 714
16 769
16 828
17 808
18 52
18 431
18 833
18 914
18 938
19 384
19 908
19 915
21 71
21 86
21 120
21 265
21 323
21 418
21 633
21 772
21 815
21 867
21 885
22 641
22 667
22 672
23 232
24 82
24 145
24 311
24 406
24 443
24 477
24 544
24 786
24 868
24 896
24 970
25 35
25 104
25 443
25 626
25 783
25 856
25 967
26 62
26 155
26 330
26 929
27 53
27 262
27 355
27 402
27 419
27 433
27 477
27 485
27 524
27 556
27 731
27 752
27 839
27 862
27 891
28 922
29 247
29 856
29 885
30 265
30 323
30 429
30 494
30 542
30 582
30 697
30 849
31 54
31 649
32 932
32 967
34 502
35 264
35 344
35 477
36 263
36 311
36 771
36 825
37 70
37 106
37 278
37 395
37 480
38 99
38 480
38 481
38 514
38 742
38 898
39 76
39 168
39 364
39 479
39 569
39 801
42 556
42 708
43 260
43 263
43 597
49 621
51 425
52 149
52 665
52 802
53 99
53 621
54 428
54 477
54 837
55 155
55 279
55 437
55 619
55 751
55 844
57 915
57 941
58 589
58 923
60 88
60 174
60 357
60 664
60 919
61 790
62 369
62 669
62 805
63 66
63 562
64 156
64 470
64 539
64 575
66 263
66 295
66 824
70 74
70 79
70 86
70 99
70 100
70 104
70 115
70 118
70 121
70 128
70 136
70 141
70 145
70 146
70 147
70 148
71 74
71 236
71 433
71 553
71 573
71 582
71 637
71 641
71 648
71 649
72 86
72 169
72 260
72 271
72 284
72 378
72 477
72 657
72 658
72 663
73 155
73 406
73 586
74 80
74 84
74 93
74 110
74 170
74 205
74 213
74 310
74 312
74 327
74 332
74 384
74 440
74 511
74 521
74 623
74 635
74 676
74 681
74 704
74 768
74 769
74 770
75 466
75 573
75 705
75 769
76 187
76 479
77 271
77 377
77 562
77 596
77 739
77 753
77 767
77 790
77 792
78 156
78 284
78 307
78 664
78 828
78 829
79 115
79 149
79 150
79 176
79 184
79 272
79 292
79 308
79 353
79 378
79 404
79 483
79 486
79 544
79 590
79 621
79 703
79 747
79 833
79 834
79 835
79 836
80 552
80 761
80 860
81 828
82 833
83 436
83 573
83 704
83 885
84 271
84 372
84 421
84 597
84 666
84 766
84 872
85 160
85 223
85 260
85 588
85 665
86 88
86 167
86 209
86 262
86 340
86 385
86 477
86 530
86 663
86 680
86 738
86 792
86 795
86 811
86 826
86 831
86 872
86 934
86 949
87 115
87 917
88 582
88 856
89 254
89 436
89 477
89 967
90 555
92 155
92 460
92 667
92 962
93 903
94 671
95 553
95 705
95 761
96 232
96 556
96 666
97 885
98 668
98 808
99 169
99 227
99 260
99 314
99 316
99 352
99 537
99 594
99 674
99 991
100 124
100 427
100 438
100 447
100 468
100 525
100 585
100 618
100 758
101 438
101 682
101 765
103 170
103 668
104 122
104 156
104 259
104 425
104 491
104 612
104 732
104 935
105 452
107 589
107 705
108 708
110 826
111 982
114 903
115 481
118 136
118 189
118 260
118 481
118 578
118 706
118 726
118 849
118 893
118 938
118 959
119 734
119 770
120 184
120 808
121 140
121 259
121 430
121 761
122 820
123 641
123 903
125 679
127 836
128 139
128 156
128 343
128 418
128 693
128 863
128 897
129 922
131 160
133 450
134 421
134 438
134 871
135 668
136 152
136 752
136 824
138 452
139 527
141 144
141 151
141 427
141 479
141 744
141 832
142 390
143 436
143 478
144 949
145 532
145 959
146 204
146 300
146 425
146 802
147 264
147 664
147 793
148 149
148 239
148 431
148 503
149 155
149 156
149 158
149 160
149 169
149 170
149 171
149 176
149 179
149 184
149 185
149 187
149 189
149 193
149 194
150 156
150 158
150 260
150 397
150 419
150 431
150 477
150 502
150 518
150 519
150 527
150 530
150 537
150 538
151 260
151 263
151 356
151 479
151 537
152 155
152 160
152 438
152 634
152 766
152 826
154 443
154 664
154 734
154 921
155 245
155 260
155 300
155 318
155 324
155 330
155 486
155 619
155 796
155 816
155 825
155 903
155 922
155 923
156 158
156 168
156 215
156 421
156 477
156 491
156 586
156 741
156 753
156 828
156 860
156 900
156 948
157 238
157 748
157 899
158 203
158 410
158 680
158 854
160 178
160 439
160 442
160 518
160 720
161 479
161 527
164 433
164 618
165 899
165 934
166 169
167 671
167 932
167 949
168 949
169 259
169 289
169 986
169 996
170 310
170 787
170 840
170 869
170 997
171 178
171 225
171 254
171 261
171 375
171 477
171 858
171 908
171 959
172 537
173 562
175 610
175 957
176 550
176 638
176 758
176 774
176 794
176 886
176 916
177 705
179 260
179 264
179 281
179 531
179 575
179 798
179 888
179 992
180 826
180 920
181 474
182 330
183 668
184 716
184 873
185 195
185 199
185 205
185 306
185 478
185 819
185 955
186 213
186 527
186 914
187 369
187 479
187 480
187 522
187 755
189 416
189 602
189 655
189 699
193 391
193 511
193 519
193 574
193 749
194 260
194 287
194 317
194 329
194 992
195 941
201 637
201 669
203 213
203 214
203 221
203 223
203 227
203 232
203 236
203 238
203 247
203 254
203 257
204 213
204 573
204 579
205 214
205 479
205 519
205 783
206 307
207 254
207 296
207 436
207 519
208 610
208 738
208 761
208 766
208 855
208 871
208 872
209 263
210 330
210 392
210 593
210 828
210 929
211 941
213 264
213 418
213 652
213 654
213 743
213 924
214 287
214 300
214 479
214 777
214 796
214 809
214 810
214 891
215 378
215 767
215 836
215 839
216 221
216 302
216 667
217 957
218 278
218 917
219 384
219 626
219 982
221 518
221 824
221 910
223 269
223 423
223 590
224 582
224 649
224 823
225 603
225 761
227 546
227 594
227 598
229 823
229 833
230 556
230 634
230 783
231 397
232 260
232 878
232 951
234 406
235 352
236 257
236 274
236 590
236 615
236 757
236 834
236 943
238 260
238 524
238 898
243 340
244 474
244 921
245 671
245 690
245 718
246 290
247 263
247 319
249 920
249 929
250 278
250 460
250 923
252 738
252 765
253 957
255 451
255 460
257 685
258 934
259 260
259 263
259 271
259 273
259 275
259 278
259 284
259 286
259 290
259 296
259 297
259 299
260 263
260 271
260 278
260 284
260 307
260 427
260 431
260 442
260 477
260 479
260 508
260 527
260 540
260 552
260 583
260 596
260 597
260 612
260 658
260 664
260 665
260 666
260 667
260 668
260 669
260 670
260 671
260 672
260 673
260 674
261 275
261 518
261 714
262 263
262 290
262 302
262 341
262 372
262 431
262 477
262 582
262 599
262 664
262 748
263 264
263 275
263 302
263 305
263 344
263 438
263 451
263 518
263 590
263 617
263 657
263 714
263 761
263 762
263 763
263 764
263 765
263 766
263 767
265 384
266 425
266 658
266 754
266 900
267 746
267 790
268 302
268 478
268 764
269 664
269 748
270 589
270 872
271 528
271 589
271 636
271 712
271 795
271 816
271 850
272 579
272 590
272 681
272 799
273 279
273 295
273 302
273 321
273 469
273 585
273 613
273 725
273 829
274 739
275 300
278 292
278 442
278 506
278 574
278 652
278 713
279 648
279 792
280 932
281 949
282 519
282 764
284 642
284 728
284 757
284 881
284 968
286 372
286 435
286 549
287 519
287 704
290 418
290 431
290 650
291 682
291 769
296 300
296 477
296 703
296 814
297 325
297 477
297 485
297 717
297 865
299 310
299 325
299 371
299 556
300 330
300 334
300 478
300 734
300 738
300 739
300 743
300 745
300 746
301 753
301 754
302 321
302 555
302 585
302 715
302 790
302 813
302 821
302 822
302 823
303 397
303 664
303 763
303 839
304 657
305 597
305 704
305 754
305 855
306 478
306 690
306 783
307 467
307 591
307 844
307 882
308 597
310 908
311 708
312 679
312 917
313 790
313 932
314 474
314 552
314 761
316 450
318 709
318 829
319 436
320 855
321 829
321 921
324 668
325 556
325 588
327 648
328 390
329 593
329 799
330 449
331 641
332 479
332 596
332 792
334 591
334 688
334 761
334 972
336 603
338 558
338 763
340 381
340 517
340 733
340 874
340 956
341 386
341 477
342 433
343 790
345 743
346 390
346 748
348 378
348 667
350 596
352 741
353 590
355 598
355 609
355 735
355 831
355 851
356 438
356 520
356 728
366 808
367 593
367 922
368 421
370 588
370 763
371 425
372 478
372 503
372 625
372 712
372 728
372 799
372 906
372 920
373 377
373 588
373 665
373 734
374 934
375 813
377 402
377 438
377 954
377 973
377 975
378 649
378 773
378 944
378 946
378 970
379 452
379 649
380 438
380 682
380 917
382 763
382 860
382 914
384 523
384 873
385 477
386 589
386 767
386 833
386 949
387 855
388 663
389 579
389 813
390 411
390 428
390 477
390 824
392 401
392 602
392 665
392 896
394 443
394 708
397 590
397 822
400 875
401 599
401 667
401 765
402 555
402 948
404 872
405 761
405 764
406 786
412 754
413 743
417 753
418 433
418 679
418 833
419 429
419 933
421 501
421 635
421 676
421 983
422 875
424 618
425 491
425 515
425 827
425 906
427 671
427 698
428 589
428 601
429 502
429 698
429 705
429 839
429 899
429 900
430 698
431 857
431 868
431 915
432 460
432 666
432 745
433 487
433 837
434 625
436 477
436 521
436 648
436 774
436 805
436 821
436 899
436 941
436 957
437 460
437 582
437 596
438 466
438 871
439 885
440 537
441 681
441 929
443 490
443 496
443 685
443 781
443 993
445 538
445 829
446 658
446 941
447 555
447 833
448 914
449 590
450 477
450 583
450 650
450 707
450 733
450 853
451 491
451 567
451 768
451 851
451 861
452 550
452 682
456 669
456 734
457 813
457 860
458 746
460 505
460 624
460 761
460 918
461 593
461 704
461 915
463 601
465 734
466 869
466 916
469 782
469 815
469 933
473 738
474 476
474 589
477 478
477 507
477 517
477 582
477 588
477 599
477 641
477 673
477 679
477 682
477 690
477 704
477 705
477 706
477 707
477 708
477 709
478 626
478 634
478 739
478 741
478 754
478 771
478 772
478 773
479 558
479 562
479 584
479 637
479 746
479 801
479 825
479 875
480 518
480 519
480 603
480 738
480 899
480 903
481 855
481 908
483 761
483 922
484 929
486 666
491 682
492 530
495 573
499 672
502 589
503 826
506 518
506 672
506 836
506 871
507 679
508 668
508 921
510 588
510 899
514 698
517 637
517 704
517 709
518 538
518 680
518 726
518 914
519 573
519 664
519 710
519 734
519 821
519 879
519 918
519 921
519 935
520 555
521 626
521 734
521 765
521 799
521 900
521 903
522 527
522 920
522 967
523 573
524 679
524 739
524 746
524 753
526 860
526 938
527 647
527 726
528 589
530 777
531 920
534 657
538 670
538 680
538 728
540 690
546 586
550 871
551 855
552 727
553 761
553 894
554 948
555 713
555 801
555 989
556 601
556 655
556 932
557 590
557 860
558 560
558 595
558 858
560 590
560 709
560 982
563 681
565 967
567 871
570 763
573 772
574 982
575 855
575 856
575 962
577 682
578 665
579 582
579 710
581 929
582 718
582 749
582 855
582 856
583 648
583 718
584 593
584 922
585 790
585 934
586 678
587 618
588 640
589 962
590 603
590 610
590 698
590 815
590 822
590 834
590 929
590 982
591 667
593 669
593 812
593 857
593 976
596 617
596 808
596 959
596 974
597 760
597 913
597 927
599 747
599 824
599 930
599 936
601 655
601 777
602 769
604 820
605 663
605 698
605 941
606 792
610 715
611 920
612 917
613 637
616 743
616 967
621 744
621 988
621 996
623 634
625 653
633 799
635 967
636 764
637 736
637 740
637 777
637 988
638 681
639 666
644 932
646 770
654 770
657 876
657 999
658 731
658 844
663 697
664 760
664 783
665 733
665 762
665 820
665 835
665 844
667 942
667 995
668 796
669 670
669 735
669 749
669 772
669 967
670 920
671 673
671 890
671 902
672 893
672 975
675 934
679 991
680 920
681 882
681 955
682 745
682 881
683 820
689 899
693 932
695 923
698 928
699 704
700 871
703 908
704 840
704 881
704 943
705 901
709 733
709 990
710 823
712 714
712 856
714 894
714 969
717 718
717 885
725 875
725 922
727 823
727 948
728 923
734 936
735 923
738 882
739 793
740 885
741 856
743 755
743 886
745 993
748 761
748 996
749 923
752 923
754 966
756 828
760 923
761 831
761 868
761 902
761 917
764 977
766 781
770 824
777 871
777 938
778 855
780 828
781 875
783 945
785 967
786 799
788 948
790 879
790 987
792 857
792 906
792 998
803 962
805 833
811 900
826 946
829 890
831 962
836 925
839 867
839 907
839 933
841 922
844 962
850 934
856 928
856 940
862 872
867 885
871 883
895 938
896 920
899 993
911 957
913 934
915 976
917 991
920 973
922 986
929 955
944 957
948 976
954 967
962 963
